# ASCII file generated by KVIDZAGrid::WriteToAsciiFile
# ID Graph Name : CI_CSI_1101
# This file can be read using KVIDZAGrid::ReadFromAsciiFile
# 
++KVIDZAGrid
<VARX> GetEnergyCsI
<VARY> GetEnergyChIo
<PARAMETER> IDTelescopes=CI_CSI_1101,CI_CSI_1102,CI_CSI_1103,CI_CSI_1104,CI_CSI_1105,CI_CSI_1106,CI_CSI_1107,CI_CSI_1108,CI_CSI_1109,CI_CSI_1110,CI_CSI_1111,CI_CSI_1112,CI_CSI_1113,CI_CSI_1114,CI_CSI_1115,CI_CSI_1116,CI_CSI_1117,CI_CSI_1118,CI_CSI_1119,CI_CSI_1120,CI_CSI_1121,CI_CSI_1122,CI_CSI_1123,CI_CSI_1124
<PARAMETER> Runlist=2 4-68 82-274 276-295 297-321 330-352
OnlyZId
+KVIDZALine
ID:Z=2 A=4
2	4
6
5.65342   1.59672
23.6723   0.899595
42.1416   0.530531
57.5703   0.422887
72.7737   0.376754
85.4995   0.381879
+KVIDZALine
ID:Z=3 A=7
3	7
6
6.42288   3.6085
14.1517   2.35148
22.5467   1.83134
40.8026   1.22451
64.1222   1.09447
85.1764   0.899415
+KVIDZALine
ID:Z=4 A=9
4	9
6
5.7566   5.32064
15.7507   3.50013
26.0113   2.56821
40.8026   1.9397
55.5939   1.7013
85.0432   1.44123
+KVIDZALine
ID:Z=5 A=11
5	11
7
6.19421   6.8019
19.7483   4.45373
28.8097   3.73179
41.9164   2.91637
50.2501   2.49442
59.1469   2.29586
85.5762   1.9496
+KVIDZALine
ID:Z=6 A=13
6	13
7
6.28962   8.24645
19.3486   5.86246
26.6776   5.06057
33.7401   4.45373
45.2   3.73853
55.0608   3.26174
85.0432   2.80661
+KVIDZALine
ID:Z=7 A=15
7	15
7
5.87866   9.31996
15.5638   7.58255
26.4877   6.36637
38.3126   5.32392
48.1104   4.72824
56.6693   4.35594
85.1764   3.85252
+KVIDZALine
ID:Z=8 A=17
8	17
7
6.55436   10.4369
19.2802   8.27752
30.9925   7.06133
45.858   5.84514
52.9529   5.47284
57.4577   5.37356
85.3097   4.82374
+KVIDZALine
ID:Z=9 A=19
9	19
7
8.58149   12.0254
22.0956   9.61781
31.4429   8.32716
40.6776   7.43363
51.4889   6.71385
62.6381   6.36637
85.4429   5.86691
+KVIDZALine
ID:Z=10 A=21
10	21
7
10.154   13.3849
20.6811   11.3345
30.2755   9.82374
41.0691   8.81655
49.7307   7.98921
60.2578   7.41367
85.4429   6.83813
+KVIDZALine
ID:Z=11 A=24
11	24
8
8.58149   16.3065
15.3386   14.4132
20.6316   13.2377
27.5013   11.7268
38.8757   10.33
50.3627   9.01866
66.1292   8.13494
85.4429   7.80958
+KVIDZALine
ID:Z=12 A=26
12	26
8
9.82028   17.6449
20.4064   14.8702
27.6139   13.5318
36.8486   11.867
45.858   10.855
52.7277   10.1368
62.6381   9.4513
85.7094   8.92855
+KVIDZALine
ID:Z=13 A=28
13	28
8
8.6941   19.7341
18.0414   17.2205
27.9518   15.0008
36.1729   13.6624
45.2949   12.4545
54.417   11.5079
64.1021   10.6918
85.3097   10.1935
+KVIDZALine
ID:Z=14 A=30
14	30
9
8.55495   21.5292
19.0821   18.7561
27.0774   17.1019
33.7401   15.6424
41.6021   14.3288
51.7295   13.1612
62.5231   12.2368
71.7177   11.8963
85.3097   11.4584
+KVIDZALine
ID:Z=15 A=32
15	32
7
9.03196   23.3532
20.0685   20.3531
28.9653   18.5037
40.0019   16.4078
51.4889   14.8461
64.5526   13.5721
85.4429   12.9179
+KVIDZALine
ID:Z=16 A=34
16	34
8
8.24363   24.7505
20.9695   21.8737
28.2896   20.2298
37.6369   18.3804
47.3221   16.9009
57.9081   15.668
66.1292   14.8461
85.5762   14.0856
+KVIDZALine
ID:Z=17 A=36
17	36
7
9.36981   25.9012
20.519   23.5587
30.8798   21.4216
41.4659   19.449
54.7548   17.3941
64.44   16.5311
85.9759   15.2532
+KVIDZALine
ID:Z=18 A=39
18	39
8
9.59505   27.2574
20.1811   24.9971
30.6546   22.86
40.4524   21.0929
50.7006   19.3668
61.0614   18.175
72.1175   17.3938
85.8427   16.7127
+KVIDZALine
ID:Z=19 A=41
19	41
7
9.70766   29.0246
22.884   25.9012
37.0738   23.4354
50.4754   21.0929
61.5119   19.8188
73.5833   18.6588
85.8427   17.9777
+KVIDZALine
ID:Z=20 A=43
20	43
7
10.2708   30.3397
24.348   27.2985
34.8215   25.2848
48.1104   23.1066
60.3857   21.5449
71.3179   20.3616
85.3097   19.5345
+KVIDZALine
ID:Z=21 A=45
21	45
7
10.7212   31.9821
23.5597   29.2337
33.5827   27.3238
45.4075   25.3208
57.1198   23.5506
69.5078   22.2463
85.7094   20.7021
+KVIDZALine
ID:Z=36 A=78
36	78
6
4.7632   58.8415
25.5868   54.6295
40.4524   51.708
59.2596   48.3692
75.2913   45.8759
85.7172   44.3734
+KVIDZALine
ID:Z=22 A=47
22	47
7
4.7632   34.8338
19.6865   31.75
33.7922   28.9746
52.5997   25.6596
65.8876   23.8093
77.3356   22.6529
85.1039   22.1133
+KVIDZALine
ID:Z=23 A=49
23	49
6
4.96763   36.3756
28.6814   31.5958
46.4668   28.2808
61.5945   26.1221
75.2913   24.2719
86.3305   23.4239
+KVIDZALine
ID:Z=24 A=52
24	52
7
4.55877   38.1488
21.322   34.9109
33.5877   32.3668
48.5111   29.7456
65.6831   26.9702
82.4463   25.2741
85.7172   24.8886
+KVIDZALine
ID:Z=25 A=54
25	54
6
4.14991   39.9576
20.9131   36.7838
38.6985   32.9906
56.4838   30.049
76.5179   27.2622
86.1261   26.4881
+KVIDZALine
ID:Z=26 A=56
26	56
7
4.55877   41.6607
26.4327   37.1708
40.9472   34.384
55.2572   31.9843
70.1806   29.6619
84.4906   28.1911
85.7172   27.9589
+KVIDZALine
ID:Z=27 A=58
27	58
5
5.37649   43.4411
30.3169   38.0997
53.0085   34.0744
70.5894   31.2876
86.1261   29.5071
+KVIDZALine
ID:Z=28 A=60
28	60
6
4.14991   45.3124
29.0903   40.2414
45.4446   37.1424
67.1141   33.2921
80.402   31.6018
85.9216   30.7566
+KVIDZALine
ID:Z=29 A=63
29	63
6
4.7632   47.1956
18.6644   43.932
42.9915   39.2178
64.2521   35.4707
79.1755   33.174
85.7172   32.6905
+KVIDZALine
ID:Z=30 A=65
30	65
6
4.7632   48.6461
23.7751   44.901
42.5826   41.1518
66.2964   36.9212
79.9932   35.1081
86.3305   34.1411
+KVIDZALine
ID:Z=31 A=67
31	67
4
4.55877   50.4015
50.7598   41.2843
73.8603   37.5168
85.9216   35.9345
+KVIDZALine
ID:Z=32 A=69
32	69
5
3.74106   52.4359
28.0681   47.4629
46.8756   43.8462
67.3186   40.3801
85.9216   37.3661
+KVIDZALine
ID:Z=33 A=71
33	71
6
3.74106   54.395
23.7751   49.9494
38.6985   47.0862
58.7325   43.4694
76.109   40.6062
86.3305   39.0992
+KVIDZALine
ID:Z=34 A=74
34	74
5
4.14991   55.7768
23.3663   51.9094
42.5826   48.042
65.0698   43.9557
85.5128   40.891
+KVIDZALine
ID:Z=35 A=76
35	76
5
4.35434   57.601
26.4327   53.0769
51.5775   48.2609
75.4957   44.0287
86.7394   42.4234
+KVIDZALine
ID:Z=37 A=80
37	80
5
4.35434   61.1549
41.9693   53.6557
63.0256   49.7217
81.833   46.6482
85.3083   46.0335
+KVIDZALine
ID:Z=38 A=83
38	83
6
4.55877   62.876
28.8859   58.0814
44.0136   54.8851
63.4344   51.5657
76.109   49.107
86.5349   47.6317
!
