CSI_0201_R 19.427817 0.007603 0.323903 0.016948 0.000001 0
CSI_0201_L 41.352636 0.001588 0.433214 0.001632 5.900812 2
CSI_0203_R 22.378057 0.009548 0.281002 0.010979 0.000004 0
CSI_0203_L 43.746768 0.002220 0.586358 0.001130 1298.674416 1
CSI_0205_R 21.759540 0.002042 0.567672 0.001598 0.000000 0
CSI_0205_L 42.203411 0.002017 0.568421 0.001385 5.177627 3
CSI_0207_R 23.455551 0.001599 0.438869 0.003376 0.000002 0
CSI_0207_L 45.916231 0.002118 0.547047 0.000879 1927.937289 1
CSI_0209_R 20.707567 0.001771 0.497395 0.001450 0.000000 0
CSI_0209_L 39.547481 0.001826 0.440880 0.002219 2404.257305 1
CSI_0211_R 21.725423 0.001946 0.546116 0.001562 0.000000 0
CSI_0211_L 44.706359 0.002433 0.611764 0.001463 1373.631876 1
CSI_0213_R 16.484366 0.001244 0.305592 0.010411 0.114116 1
CSI_0213_L 38.904929 0.002562 0.602240 0.001015 5545.233493 3
CSI_0215_R 16.827917 0.002401 0.645062 0.002019 0.000000 0
CSI_0215_L 36.447566 0.001962 0.558813 0.001559 157.294233 1
CSI_0217_R 16.209850 0.002274 0.617667 0.001858 0.000000 0
CSI_0217_L 36.673955 0.002492 0.620184 0.001546 1497.034261 1
CSI_0219_R 14.643876 0.001934 0.546136 0.001774 0.000002 0
CSI_0219_L 37.003622 0.002630 0.561104 0.000916 6876.043850 2
CSI_0221_R 9.437900 0.001885 0.340435 0.004533 10.030247 1
CSI_0221_L 29.765655 0.002341 0.580520 0.000953 4911.040498 1
CSI_0223_R 8.884466 0.002905 0.739147 0.002869 0.000001 0
CSI_0223_L 31.531974 0.001378 0.349246 0.004867 12655.705595 6
CSI_0301_R 15.746913 0.001762 0.445903 0.001273 0.000001 0
CSI_0301_L 35.090535 0.002521 0.507394 0.000877 3499.554998 2
CSI_0302_R 21.295165 0.004691 0.309276 0.003489 0.000001 0
CSI_0302_L 39.822077 0.002013 0.547754 0.000983 891.543758 2
CSI_0303_R 23.515583 0.001068 0.387358 0.003734 0.000005 0
CSI_0303_L 41.667533 0.002180 0.591110 0.001913 0.000002 0
CSI_0304_R 24.289441 0.306818 0.475030 0.342497 0.000000 -1
CSI_0304_L 43.001047 0.002057 0.556361 0.001084 416.736735 3
CSI_0305_R 20.498237 0.001473 0.458134 0.002646 0.000000 0
CSI_0305_L 39.532729 0.001793 0.444853 0.002265 4166.758269 3
CSI_0306_R 22.045043 0.001856 0.470084 0.000970 0.000001 0
CSI_0306_L 40.119217 0.002046 0.568381 0.001292 51.475197 3
CSI_0307_R 24.335601 0.005648 0.301151 0.005131 0.939940 1
CSI_0307_L 41.507133 0.001082 0.380608 0.003179 3730.024447 2
CSI_0308_R 24.314180 0.022786 0.351299 0.021495 0.000000 0
CSI_0308_L 43.884314 0.002324 0.605318 0.001147 1484.489554 2
CSI_0309_R 20.242425 0.002216 0.371243 0.001455 0.000000 0
CSI_0309_L 41.658680 0.001959 0.550575 0.001590 46.421325 3
CSI_0310_R 22.371840 0.002401 0.349359 0.003085 0.000000 0
CSI_0310_L 43.185789 0.002147 0.537058 0.001102 922.846858 3
CSI_0311_R 21.928294 0.001917 0.516655 0.001156 0.000000 0
CSI_0311_L 43.798903 0.002167 0.574691 0.001034 1506.936535 2
CSI_0312_R 20.489078 0.002602 0.554140 0.037561 0.000000 -1
CSI_0312_L 40.923906 0.002315 0.542255 0.000796 5675.330171 2
CSI_0313_R 15.835385 0.002093 0.553002 0.000909 1904.297611 1
CSI_0313_L 36.613210 0.002557 0.566857 0.001654 2054.150550 5
CSI_0314_R 17.286693 0.001736 0.477650 0.001399 0.000000 0
CSI_0314_L 39.804849 0.002359 0.585318 0.000968 4200.362405 2
CSI_0315_R 16.385462 0.272102 0.525121 0.606277 0.000002 -1
CSI_0315_L 38.514835 0.001018 0.374903 0.004230 1.000000 1
CSI_0316_R 14.851744 0.002308 0.627972 0.001865 0.000000 0
CSI_0316_L 34.880304 0.002235 0.562911 0.000889 3318.867321 3
CSI_0317_R 16.727407 0.002057 0.571422 0.001678 0.000000 0
CSI_0317_L 34.385009 0.002239 0.636803 0.001645 39.360631 1
CSI_0318_R 45.471573 0.001632 0.467285 0.002810 0.000000 0
CSI_0318_L 63.740415 0.002390 0.570295 0.000965 8216.764956 3
CSI_0319_R 16.266029 0.001890 0.530673 0.001481 0.000000 0
CSI_0319_L 33.518839 0.002361 0.566831 0.001816 1753.090311 3
CSI_0320_R 16.655493 0.001999 0.557455 0.001570 70.379754 1
CSI_0320_L 34.572226 0.002162 0.434346 0.002356 6257.882683 2
CSI_0321_R 10.803090 0.003113 0.756146 0.003122 0.000000 0
CSI_0321_L 27.339241 0.002133 0.611533 0.001606 3.746415 2
CSI_0322_R 9.452329 0.004867 0.318024 0.016027 0.000003 0
CSI_0322_L 27.961181 0.002555 0.560855 0.000876 7422.357020 2
CSI_0323_R 10.674584 0.002436 0.600891 0.001104 3959.786633 1
CSI_0323_L 31.505805 0.001719 0.455036 0.002236 6007.518145 3
CSI_0324_R 10.899735 0.002901 0.740362 0.002874 0.000001 0
CSI_0324_L 28.541606 0.001427 0.367399 0.003625 7571.188611 2
CSI_0401_R 24.576222 0.001763 0.358554 0.003652 0.000004 0
CSI_0401_L 37.189643 0.002125 0.586558 0.001629 0.000000 0
CSI_0402_R 27.371559 0.187943 0.519284 0.375886 0.000002 -1
CSI_0402_L 40.539679 0.001601 0.421254 0.002369 3224.327848 1
CSI_0403_R 27.222944 0.020695 0.408119 0.015230 0.000001 -1
CSI_0403_L 38.317987 0.001644 0.435085 0.001515 302.678580 2
CSI_0404_R 30.247268 0.020324 0.441903 0.017745 0.000000 -1
CSI_0404_L 41.744326 0.002238 0.588203 0.001125 1432.809896 1
CSI_0405_R 26.262189 0.019898 0.455115 0.019009 0.000002 -1
CSI_0405_L 37.265845 0.001747 0.491514 0.001373 605.031313 1
CSI_0406_R 30.185288 0.001893 0.413641 0.001082 0.000000 0
CSI_0406_L 39.225401 0.001947 0.551578 0.001532 719.683344 1
CSI_0407_R 30.404355 0.002568 0.423798 0.004638 0.000000 0
CSI_0407_L 41.770962 0.002176 0.597127 0.001749 0.000002 0
CSI_0408_R 28.622693 0.002149 0.580989 0.001979 0.000000 0
CSI_0408_L 40.876105 0.002033 0.548013 0.000968 888.419672 2
CSI_0409_R 28.849874 0.001937 0.531882 0.001292 0.000003 0
CSI_0409_L 39.618822 0.002269 0.591301 0.001442 493.413585 2
CSI_0410_R 29.670072 0.001994 0.558032 0.001746 0.000000 0
CSI_0410_L 39.186795 0.002026 0.572580 0.001432 10.987870 1
CSI_0411_R 29.423552 0.002685 0.327450 0.005547 0.000000 0
CSI_0411_L 38.626942 0.003039 0.545321 0.001834 3501.079788 2
CSI_0412_R 30.341252 0.002372 0.397807 0.001935 575.186671 1
CSI_0412_L 39.485523 0.002237 0.587091 0.001750 1061.975594 2
CSI_0413_R 25.968007 0.002240 0.539720 0.000829 3291.549244 1
CSI_0413_L 34.854552 0.002231 0.556982 0.000850 4341.930243 1
CSI_0414_R 25.386610 0.002155 0.377319 0.002561 572.621730 1
CSI_0414_L 36.029739 0.002395 0.597102 0.001099 2317.956124 1
CSI_0415_R 24.372077 0.002433 0.387740 0.002408 2661.666958 1
CSI_0415_L 33.868251 0.002388 0.586181 0.000961 4251.763724 2
CSI_0416_R 26.569145 0.002198 0.578610 0.002140 0.000003 0
CSI_0416_L 35.850347 0.002333 0.582070 0.000962 3757.872413 2
CSI_0417_R 23.445501 0.001709 0.437939 0.003533 0.000001 0
CSI_0417_L 33.514342 0.001138 0.380210 0.003219 5244.168332 2
CSI_0418_R 23.026864 0.002384 0.647752 0.001959 0.000000 0
CSI_0418_L 34.469826 0.002205 0.573254 0.001806 1200.619804 2
CSI_0419_R 23.428688 0.002693 0.576778 0.002762 0.000000 0
CSI_0419_L 35.184649 0.002263 0.636086 0.001592 23.490686 1
CSI_0420_R 20.627078 0.002186 0.582386 0.001499 284.105164 1
CSI_0420_L 30.502773 0.002457 0.562835 0.002003 1948.908901 1
CSI_0421_R 16.227477 0.002126 0.586520 0.001682 0.000002 0
CSI_0421_L 25.465581 0.001633 0.470017 0.002069 4593.242967 1
CSI_0422_R 18.560463 0.004227 0.790627 0.003901 0.000000 0
CSI_0422_L 29.340159 0.002100 0.596196 0.001719 299.004170 1
CSI_0423_R 16.417438 0.001957 0.361735 0.003272 684.922678 1
CSI_0423_L 26.858702 0.002520 0.602784 0.001012 5297.433410 1
CSI_0424_R 17.470001 0.004327 0.754635 0.003714 0.000000 0
CSI_0424_L 27.195090 0.002241 0.625341 0.001502 114.274113 1
CSI_0501_R 21.518815 0.001206 0.356517 0.006062 0.000002 0
CSI_0501_L 46.334586 0.003902 0.414148 0.002660 2763.414200 1
CSI_0502_R 26.257293 0.023689 0.451024 0.021977 0.000000 -1
CSI_0502_L 46.516638 0.001524 0.405237 0.003062 1802.179729 4
CSI_0503_R 29.404682 0.005037 0.308130 0.008050 0.721361 1
CSI_0503_L 53.889673 0.002590 0.551500 0.001005 2187.284687 1
CSI_0504_R 29.195156 0.002131 0.464471 0.001349 0.000000 0
CSI_0504_L 54.047288 0.002785 0.586795 0.001269 1563.328384 2
CSI_0505_R 26.395436 0.011779 0.337013 0.018883 0.000002 0
CSI_0505_L 50.976043 0.002514 0.537689 0.001023 1302.332322 1
CSI_0506_R 30.372097 0.004436 0.319711 0.005444 0.000000 0
CSI_0506_L 55.739304 0.002804 0.631414 0.002398 0.881731 1
CSI_0507_R 29.268948 0.002261 0.398454 0.001690 0.000003 0
CSI_0507_L 54.266929 0.002183 0.512980 0.001535 15.837897 1
CSI_0508_R 29.604670 0.003568 0.689196 0.003247 0.000000 0
CSI_0508_L 53.703374 0.002674 0.590403 0.001373 1028.880575 1
CSI_0509_R 25.482756 0.002847 0.576086 0.002936 0.000000 0
CSI_0509_L 48.477911 0.002084 0.485697 0.002353 1373.491087 1
CSI_0510_R 26.686087 0.002756 0.618084 0.002403 0.000002 0
CSI_0510_L 49.528132 0.003114 0.620155 0.002925 0.000002 0
CSI_0511_R 28.407251 0.006780 0.353392 0.012693 0.000002 0
CSI_0511_L 51.530172 0.001577 0.339768 0.006326 3746.866586 1
CSI_0512_R 23.214522 0.002418 0.439788 0.001257 231.788344 1
CSI_0512_L 46.359839 0.001927 0.483081 0.001830 45.035780 2
CSI_0513_R 21.970949 0.002671 0.531927 0.000949 2497.823267 2
CSI_0513_L 45.746763 0.002824 0.616320 0.001519 820.789133 2
CSI_0514_R 21.342887 0.004023 0.567908 0.003931 0.000000 0
CSI_0514_L 45.395455 0.002531 0.568303 0.002284 1024.017935 2
CSI_0515_R 23.931602 0.003021 0.681742 0.002677 0.000000 0
CSI_0515_L 45.657047 0.002942 0.610354 0.001396 2142.035259 2
CSI_0516_R 22.310493 0.003116 0.418808 0.001988 699.907154 1
CSI_0516_L 45.731847 0.002777 0.591761 0.001242 2185.069555 2
CSI_0517_R 21.938129 0.003084 0.692252 0.002791 0.000000 0
CSI_0517_L 45.069385 0.002776 0.555591 0.001147 1902.536974 1
CSI_0518_R 20.080576 0.002965 0.527332 0.001069 2754.051069 1
CSI_0518_L 43.336512 0.002502 0.589364 0.002138 533.611209 2
CSI_0519_R 20.370762 0.003886 0.593454 0.003683 0.000001 0
CSI_0519_L 43.480335 0.001294 0.390190 0.003430 3596.020255 3
CSI_0520_R 19.297166 0.005283 0.639581 0.004298 0.000000 0
CSI_0520_L 43.384908 0.002681 0.590096 0.002369 1075.405036 2
CSI_0521_R 16.453558 0.015817 1.263840 0.017443 0.000000 0
CSI_0521_L 39.137149 0.003024 0.679806 0.001905 489.785766 2
CSI_0522_R 14.247503 0.015537 1.106883 0.012327 0.000000 0
CSI_0522_L 37.502870 0.001265 0.375159 0.004142 6954.835286 2
CSI_0523_R 14.457814 0.003327 0.305616 0.011768 256.418043 2
CSI_0523_L 37.359420 0.002464 0.580205 0.002130 523.687069 2
CSI_0524_R 16.175577 0.003997 0.798321 0.004283 0.000003 0
CSI_0524_L 39.704239 0.003329 0.628539 0.001338 6109.288470 3
CSI_0601_R 26.458053 0.003752 0.297413 0.013134 0.000000 0
CSI_0601_L 39.595224 0.002316 0.433050 0.002238 2972.160326 3
CSI_0602_R 28.304710 0.004153 0.316239 0.003301 0.000001 0
CSI_0602_L 39.689636 0.002131 0.584406 0.001826 0.000001 0
CSI_0603_R 34.338429 0.002497 0.351173 0.002562 0.000000 0
CSI_0603_L 46.711894 0.002130 0.574251 0.001176 812.450168 2
CSI_0604_R 34.028293 0.001931 0.521168 0.001159 0.000000 0
CSI_0604_L 46.519161 0.001071 0.347797 0.004758 4643.697067 4
CSI_0605_R 27.768130 0.002064 0.572646 0.001610 0.000000 0
CSI_0605_L 40.267354 0.001749 0.481787 0.001308 11.443831 2
CSI_0606_R 31.434594 0.002667 0.578068 0.002731 0.000000 0
CSI_0606_L 44.205281 0.002005 0.568406 0.001458 44.884437 1
CSI_0607_R 32.217275 0.001987 0.395665 0.001207 4.829393 1
CSI_0607_L 43.846310 0.002037 0.559855 0.001132 387.501401 3
CSI_0608_R 30.426556 0.002181 0.505992 0.002918 0.000000 0
CSI_0608_L 44.117835 0.002193 0.611093 0.001442 77.545840 2
CSI_0609_R 27.092652 0.001851 0.445487 0.000942 0.000001 0
CSI_0609_L 257.863631 0.309483 23.367741 0.129991 59748.026029 168
CSI_0610_R 29.346813 0.206153 0.507773 0.338622 0.000002 -1
CSI_0610_L 39.426364 0.001559 0.478496 0.001831 1059.416169 2
CSI_0611_R 29.706520 0.001842 0.521969 0.001468 9.820163 1
CSI_0611_L 39.836842 0.002419 0.649085 0.002043 2.414884 2
CSI_0612_R 30.068748 0.001869 0.457895 0.000878 81.855137 1
CSI_0612_L 42.405313 0.001745 0.450348 0.001751 300.236034 2
CSI_0613_R 25.275688 0.001745 0.475770 0.001363 0.989538 1
CSI_0613_L 35.541445 0.001417 0.371958 0.003436 6868.393399 4
CSI_0614_R 26.494024 0.001464 0.455094 0.002715 0.961459 1
CSI_0614_L 39.038528 0.002355 0.584379 0.001055 2301.555015 3
CSI_0615_R 25.380978 0.001670 0.392317 0.002254 0.999962 1
CSI_0615_L 36.532918 0.001857 0.453487 0.002204 3155.077480 3
CSI_0616_R 22.581956 0.001998 0.552493 0.002004 0.000004 0
CSI_0616_L 33.801249 0.002243 0.580029 0.000996 2469.868511 3
CSI_0617_R 24.945214 0.002407 0.652245 0.002002 0.000000 0
CSI_0617_L 38.706056 0.002336 0.604840 0.001263 1127.351909 3
CSI_0618_R 24.579671 0.002002 0.552484 0.001926 10.290294 1
CSI_0618_L 37.097608 0.002497 0.539563 0.000960 3503.248114 3
CSI_0619_R 23.459107 0.003019 0.300780 0.010887 7.431304 1
CSI_0619_L 37.203180 0.002204 0.586493 0.001284 644.050937 3
CSI_0620_R 23.235583 0.003581 0.469701 0.001497 2916.389197 2
CSI_0620_L 36.769867 0.002381 0.600362 0.001071 2945.272362 3
CSI_0621_R 19.442751 0.001836 0.336182 0.004958 250.177046 3
CSI_0621_L 29.527358 0.003306 0.584806 0.002461 3788.317280 4
CSI_0622_R 18.449207 0.001835 0.331051 0.005524 111.123468 1
CSI_0622_L 29.507197 0.001782 0.459188 0.002237 6128.540945 3
CSI_0623_R 18.735483 0.003496 0.786760 0.003564 0.000000 0
CSI_0623_L 31.230890 0.002170 0.590307 0.001347 389.185992 2
CSI_0624_R 18.030935 0.002870 0.534576 0.000898 8783.603920 2
CSI_0624_L 31.300737 0.002350 0.662134 0.001895 237.383248 6
CSI_0701_R 16.544707 0.002591 0.547466 0.002729 1.333393 2
CSI_0701_L 32.478832 0.001426 0.395055 0.003540 1696.871092 2
CSI_0702_R 21.581919 0.001899 0.449713 0.002641 0.000001 0
CSI_0702_L 37.875069 0.002962 0.584075 0.001276 1622.074109 2
CSI_0703_R 24.560532 0.001788 0.437535 0.002947 0.000000 0
CSI_0703_L 39.821794 0.003024 0.611409 0.001562 766.034786 4
CSI_0704_R 25.299593 0.387566 0.481555 0.457135 0.000000 -1
CSI_0704_L 39.376727 0.002285 0.522005 0.002129 245.710253 3
CSI_0705_R 21.349634 0.014106 0.363681 0.016933 0.000001 0
CSI_0705_L 35.570087 0.003323 0.621322 0.001983 498.707540 1
CSI_0706_R 26.122080 0.002560 0.546326 0.001719 0.000000 0
CSI_0706_L 42.395734 0.002988 0.598133 0.002593 859.929143 1
CSI_0707_R 24.279418 0.008126 0.777107 0.005926 0.000000 0
CSI_0707_L 38.748246 0.003207 0.629167 0.001694 842.771323 2
CSI_0708_R 24.279318 0.002667 0.421050 0.001720 153.610176 2
CSI_0708_L 39.280364 0.002880 0.609724 0.002537 723.079368 3
CSI_0709_R 22.359894 0.011101 0.369011 0.014448 0.000003 0
CSI_0709_L 39.329583 0.002472 0.543317 0.002249 929.454074 4
CSI_0710_R 22.815678 0.003103 0.594726 0.001297 2405.189003 1
CSI_0710_L 36.877060 0.002949 0.582986 0.001275 1560.725438 4
CSI_0711_R 23.297746 0.007726 0.445931 0.008003 0.000000 0
CSI_0711_L 39.015688 0.003004 0.639295 0.001986 79.973474 1
CSI_0712_R 18.470796 0.004072 0.657307 0.002120 1297.742096 1
CSI_0712_L 33.970485 0.003305 0.689018 0.002403 32.296214 2
CSI_0713_R 19.311065 0.002437 0.392812 0.002195 0.000000 0
CSI_0713_L 35.498717 0.001092 0.339785 0.007278 4640.274835 1
CSI_0714_R 16.933260 0.002927 0.560760 0.001147 1991.000989 1
CSI_0714_L 31.715059 0.003252 0.624717 0.001604 1315.831224 3
CSI_0715_R 17.455010 0.176604 1.839713 0.066932 0.000002 0
CSI_0715_L 34.980744 0.003039 0.632405 0.001794 319.870528 2
CSI_0716_R 17.564284 0.003908 0.647063 0.001730 4230.203828 1
CSI_0716_L 33.499262 0.001154 0.348450 0.006311 4862.250238 2
CSI_0717_R 16.900408 0.017798 0.821078 0.009107 0.000000 0
CSI_0717_L 32.830142 0.003226 0.638420 0.001713 816.411236 3
CSI_0718_R 19.112787 0.002583 0.551697 0.001744 0.000000 0
CSI_0718_L 34.320555 0.002412 0.531009 0.002212 1727.555920 1
CSI_0719_R 15.620883 0.004039 0.665608 0.001759 4332.895475 1
CSI_0719_L 29.755537 0.003536 0.656433 0.001740 1580.524439 2
CSI_0720_R 17.143103 0.009749 0.583279 0.006715 0.000000 0
CSI_0720_L 31.337305 0.002080 0.440830 0.002080 1816.735825 1
CSI_0721_R 10.239819 0.003999 0.467779 0.001753 1371.597776 2
CSI_0721_L 23.573392 0.004135 0.673872 0.001895 3145.177061 3
CSI_0722_R 13.583145 0.004183 0.665682 0.001787 5503.451299 2
CSI_0722_L 26.563234 0.004025 0.670636 0.001962 2002.722352 4
CSI_0723_R 11.310127 0.006279 0.735368 0.002668 6570.201328 1
CSI_0723_L 26.190487 0.002968 0.634522 0.002642 669.300636 4
CSI_0724_R 13.440800 0.005267 0.716147 0.002265 5930.824173 1
CSI_0724_L 27.303709 0.002319 0.511176 0.002056 2500.539946 3
CSI_0801_R 24.886439 0.001882 0.510740 0.001008 157.712923 1
CSI_0801_L 34.806412 0.002029 0.558109 0.001119 476.264667 3
CSI_0802_R 27.225561 0.020664 0.412637 0.015521 0.000000 -1
CSI_0802_L 37.437269 0.001265 0.392302 0.002552 160.399529 1
CSI_0803_R 30.678821 0.001796 0.512920 0.001562 1.045139 2
CSI_0803_L 41.862397 0.002232 0.578557 0.000993 2099.495637 4
CSI_0804_R 32.256661 0.001897 0.402883 0.001355 0.000000 0
CSI_0804_L 41.852417 0.002334 0.633321 0.001905 0.599159 1
CSI_0805_R 29.268117 0.004557 0.570547 0.003950 0.000003 0
CSI_0805_L 39.806273 0.002154 0.577359 0.001092 1034.976721 1
CSI_0806_R 28.362566 0.003014 0.479650 0.003896 0.000000 0
CSI_0806_L 38.541986 0.001412 0.382235 0.003053 4121.033449 2
CSI_0807_R 29.067335 0.001858 0.477297 0.001006 2.000000 1
CSI_0807_L 40.530584 0.001439 0.409027 0.002551 3828.860918 5
CSI_0808_R 31.836704 0.002033 0.547445 0.000940 1193.845545 1
CSI_0808_L 41.579740 0.002490 0.615103 0.001631 442.355368 1
CSI_0809_R 27.466965 0.002350 0.561194 0.002537 0.000000 0
CSI_0809_L 37.987171 0.002147 0.542473 0.000888 1791.055291 2
CSI_0810_R 29.144311 0.001843 0.439577 0.001004 0.000001 0
CSI_0810_L 38.356528 0.001656 0.493642 0.001594 397.041550 1
CSI_0811_R 28.520975 0.002016 0.542328 0.002242 0.000000 0
CSI_0811_L 37.978068 0.002311 0.525481 0.000780 4294.666306 2
CSI_0812_R 32.917804 0.001934 0.524950 0.001199 0.000000 0
CSI_0812_L 57.331384 0.001802 0.526478 0.001536 344.335149 2
CSI_0813_R 25.416533 0.002147 0.475794 0.003287 0.000000 0
CSI_0813_L 33.969052 0.002218 0.609960 0.001672 0.586236 1
CSI_0814_R 25.997545 0.002245 0.616525 0.001716 0.000000 0
CSI_0814_L 35.983475 0.002368 0.539974 0.000827 4776.430047 3
CSI_0815_R 23.353865 0.001706 0.402640 0.001916 0.000001 0
CSI_0815_L 33.542367 0.001512 0.397761 0.002766 6793.877513 2
CSI_0816_R 25.071718 0.002101 0.579425 0.001484 0.000003 0
CSI_0816_L 37.068451 0.002246 0.603370 0.001256 638.538941 2
CSI_0817_R 23.331940 0.001696 0.417665 0.001673 0.000000 0
CSI_0817_L 34.824549 0.002224 0.574426 0.000963 2563.374481 2
CSI_0818_R 24.731263 0.002521 0.654513 0.002217 0.000000 0
CSI_0818_L 34.827505 0.002230 0.574275 0.000956 2701.603901 3
CSI_0819_R 22.010344 0.002467 0.519821 0.000794 5509.881999 1
CSI_0819_L 31.533766 0.001490 0.336422 0.005731 7117.160322 2
CSI_0820_R 22.649575 0.002523 0.639969 0.002260 0.000000 0
CSI_0820_L 33.186946 0.002114 0.584984 0.001336 169.906645 2
CSI_0821_R 18.571720 0.004119 0.786168 0.003823 0.000000 0
CSI_0821_L 30.019994 0.002422 0.607025 0.001137 2251.439121 1
CSI_0822_R 16.194160 0.002132 0.588267 0.001645 0.000000 0
CSI_0822_L 25.892975 0.002532 0.621241 0.001128 3353.686171 3
CSI_0823_R 18.336859 0.005317 0.755152 0.004122 0.000000 0
CSI_0823_L 29.372115 0.001666 0.497931 0.001674 876.339509 2
CSI_0824_R 19.104017 0.002349 0.638333 0.001912 0.000000 0
CSI_0824_L 27.317935 0.002245 0.621056 0.001897 651.329423 1
CSI_0901_R 25.447671 0.002298 0.320091 0.006689 0.005229 1
CSI_0901_L 31.956584 0.002116 0.543421 0.000886 1671.422891 3
CSI_0902_R 27.434154 0.004037 0.345630 0.010297 1.000001 1
CSI_0902_L 35.715020 0.002218 0.594658 0.001392 387.088377 4
CSI_0903_R 30.222988 0.001992 0.394699 0.001232 6.140553 2
CSI_0903_L 37.844367 0.002029 0.560741 0.001213 203.445501 2
CSI_0904_R 31.330133 0.002590 0.348110 0.002519 3.288370 2
CSI_0904_L 37.990925 0.002162 0.550220 0.000922 1699.849748 5
CSI_0905_R 29.406409 0.007420 0.287006 0.011344 3.933119 2
CSI_0905_L 36.658788 0.002217 0.592277 0.001575 189.427889 5
CSI_0906_R 29.644414 0.002250 0.593852 0.001512 308.530762 2
CSI_0906_L 35.678941 0.002340 0.613422 0.001625 221.793424 5
CSI_0907_R 30.387639 0.004329 0.310207 0.005906 2.644796 1
CSI_0907_L 38.500536 0.001580 0.450831 0.002157 2848.667548 4
CSI_0908_R 22.246623 0.020341 0.441272 0.017690 0.000000 -1
CSI_0908_L 0.000000 197.374688 0.750000 1.021811 0.000000 -2
CSI_0909_R 30.298141 0.002532 0.352985 0.002084 1.000000 1
CSI_0909_L 37.470243 0.001394 0.444690 0.002095 1842.431449 2
CSI_0910_R 32.486654 0.002235 0.557486 0.002384 2.808963 2
CSI_0910_L 40.374928 0.001840 0.535138 0.001673 468.933607 3
CSI_0911_R 29.030115 0.001870 0.476632 0.000924 69.132410 1
CSI_0911_L 36.323302 0.001645 0.458053 0.001467 27.145428 4
CSI_0912_R 28.511819 0.001739 0.501769 0.002312 1.483233 2
CSI_0912_L 36.091251 0.002191 0.570952 0.001103 999.808639 4
CSI_0913_R 26.047854 0.001999 0.488451 0.000818 754.487636 1
CSI_0913_L 32.130141 0.002214 0.524850 0.000972 1489.592940 3
CSI_0914_R 26.399481 0.003776 0.387193 0.006844 0.000001 0
CSI_0914_L 35.520354 0.001100 0.340633 0.005319 4289.557587 3
CSI_0915_R 26.410474 0.002353 0.429087 0.004336 0.998022 1
CSI_0915_L 34.263870 0.001895 0.522881 0.001286 75.007953 4
CSI_0916_R 15.807809 0.002085 0.577235 0.001577 0.000000 0
CSI_0916_L 0.000000 231.321269 0.750000 1.021811 0.000000 -2
CSI_0917_R 24.415456 0.002944 0.388979 0.006143 0.999955 1
CSI_0917_L 32.004271 0.002223 0.541896 0.000873 2464.416888 2
CSI_0918_R 22.945255 0.002102 0.538515 0.000860 1791.029448 2
CSI_0918_L 29.519385 0.001079 0.340005 0.005366 3887.970319 6
CSI_0919_R 23.047561 0.002025 0.556516 0.001341 0.911281 1
CSI_0919_L 29.137156 0.002218 0.535477 0.001011 1445.571214 3
CSI_0920_R 22.504295 0.002147 0.553591 0.002327 1.148369 2
CSI_0920_L 29.971771 0.002333 0.550464 0.000861 4077.617469 4
CSI_0921_R 21.323587 0.001853 0.450363 0.001416 200.546233 1
CSI_0921_L 28.000724 0.002876 0.740489 0.001953 274.935986 2
CSI_0922_R 20.376915 0.001735 0.404829 0.001951 74.376785 1
CSI_0922_L 25.343430 0.001797 0.526005 0.001598 375.472758 3
CSI_0923_R 17.397567 0.001865 0.363688 0.002887 2.420746 2
CSI_0923_L 23.642667 0.002492 0.625417 0.001544 579.676896 2
CSI_0924_R 18.393885 0.002869 0.423895 0.004859 0.000000 0
CSI_0924_L 25.189364 0.002155 0.524551 0.001075 997.460938 3
CSI_1001_R 22.861156 0.001834 0.469706 0.001055 0.000000 0
CSI_1001_L 35.239329 0.003900 0.489772 0.001626 3850.958437 2
CSI_1002_R 31.568330 0.001918 0.346150 0.004431 0.999996 1
CSI_1002_L 43.512292 0.000951 0.323800 0.007265 1876.147987 2
CSI_1003_R 30.294631 0.002115 0.375039 0.001737 3.437542 2
CSI_1003_L 40.882251 0.002228 0.585757 0.001065 1450.926366 5
CSI_1004_R 31.397770 0.003423 0.319807 0.005244 0.297322 1
CSI_1004_L 40.921372 0.002271 0.601223 0.001170 1046.501774 5
CSI_1005_R 30.364621 0.002256 0.354943 0.002752 2.543572 3
CSI_1005_L 39.288214 0.001938 0.553353 0.001638 722.750344 4
CSI_1006_R 31.975060 0.001941 0.512977 0.000910 427.228492 3
CSI_1006_L 43.350166 0.001982 0.554585 0.001802 1238.119448 9
CSI_1007_R 30.697518 0.001980 0.555032 0.001520 45.823204 1
CSI_1007_L 39.035164 0.002113 0.588873 0.001403 11.782381 3
CSI_1008_R 29.900564 0.001948 0.532501 0.001051 235.243152 3
CSI_1008_L 40.526369 0.001178 0.357512 0.004083 4017.669654 6
CSI_1009_R 27.960546 0.001894 0.498462 0.000900 264.557259 2
CSI_1009_L 39.871516 0.002048 0.541715 0.000880 1572.978343 6
CSI_1010_R 29.355686 0.003738 0.320874 0.004077 1.577479 2
CSI_1010_L 39.834053 0.002155 0.557542 0.000888 2808.704730 2
CSI_1011_R 30.410411 0.006255 0.346380 0.011930 0.000000 0
CSI_1011_L 41.119938 0.002126 0.590734 0.001351 97.311963 3
CSI_1012_R 28.993009 0.001869 0.479734 0.000904 107.154722 1
CSI_1012_L 39.749214 0.002174 0.595776 0.001775 0.000000 0
CSI_1013_R 25.412407 0.003274 0.383630 0.006655 0.000004 0
CSI_1013_L 38.376210 0.001628 0.490605 0.001672 750.112351 3
CSI_1014_R 23.724838 0.002023 0.559973 0.001250 328.193740 2
CSI_1014_L 34.573338 0.002289 0.649481 0.001291 1677.534914 4
CSI_1015_R 26.688092 0.002040 0.563944 0.001377 218.744559 2
CSI_1015_L 37.818861 0.002091 0.576023 0.001289 228.633683 4
CSI_1016_R 22.257426 0.001959 0.434046 0.001213 195.640747 4
CSI_1016_L 35.431811 0.001879 0.521360 0.001871 1386.905082 6
CSI_1017_R 27.008866 0.002101 0.507943 0.000789 1759.070376 1
CSI_1017_L 37.086287 0.002135 0.560743 0.001079 800.361044 5
CSI_1018_R 24.428382 0.002778 0.376385 0.006666 0.999990 1
CSI_1018_L 34.029817 0.002283 0.554633 0.000934 2493.557323 3
CSI_1019_R 25.400091 0.002331 0.341992 0.003769 1.834530 1
CSI_1019_L 36.725978 0.002304 0.608802 0.001416 468.067977 3
CSI_1020_R 22.722854 0.002090 0.568930 0.001179 652.743825 1
CSI_1020_L 31.503952 0.000868 0.344932 0.004965 3046.346948 3
CSI_1021_R 19.966379 0.002668 0.703786 0.002326 12.338995 1
CSI_1021_L 32.420298 0.001402 0.444399 0.001943 2369.914684 2
CSI_1022_R 18.422957 0.003114 0.639179 0.001985 507.852519 2
CSI_1022_L 31.481248 0.001147 0.321084 0.007793 3271.013189 7
CSI_1023_R 17.393820 0.001785 0.369377 0.002697 2.014965 2
CSI_1023_L 28.187130 0.002227 0.623204 0.001502 77.324567 5
CSI_1024_R 19.385017 0.003343 0.644667 0.002176 381.823361 1
CSI_1024_L 30.700109 0.002327 0.599939 0.001202 1482.178031 7
CSI_1101_R 17.359124 0.013073 0.361281 0.016630 2.000002 1
CSI_1101_L 32.864413 0.002788 0.591484 0.001683 168.329700 3
CSI_1102_R 22.880450 0.002926 0.072355 0.001690 232.000000 1
CSI_1102_L 39.723331 0.002239 0.468382 0.001752 5.999998 4
CSI_1103_R 26.104082 0.002516 0.403705 0.001170 0.000000 0
CSI_1103_L 42.752394 0.002842 0.596736 0.001847 151.793624 3
CSI_1104_R 26.461699 0.002835 0.342752 0.011629 3.000000 2
CSI_1104_L 43.052071 0.002746 0.546597 0.001261 676.825918 4
CSI_1105_R 20.383024 0.013764 0.342949 0.020070 1.000000 1
CSI_1105_L 36.068840 0.002983 0.606757 0.001576 658.864635 3
CSI_1106_R 23.870082 0.002537 0.540982 0.001694 0.000000 0
CSI_1106_L 37.872450 0.003009 0.599694 0.001399 1223.753721 2
CSI_1107_R 23.545996 0.002122 0.493407 0.002709 0.683753 1
CSI_1107_L 39.473271 0.001382 0.383467 0.003881 1731.632338 5
CSI_1108_R 24.402423 0.006160 0.303805 0.009507 0.836353 1
CSI_1108_L 39.984418 0.002964 0.588204 0.001368 1112.007418 3
CSI_1109_R 20.433118 0.002907 0.389430 0.007175 1.000000 1
CSI_1109_L 35.347496 0.002344 0.525006 0.002202 890.508049 3
CSI_1110_R 23.422726 0.002675 0.431399 0.005219 1.000000 1
CSI_1110_L 38.429178 0.002158 0.488947 0.002473 1809.959698 5
CSI_1111_R 20.088076 0.002492 0.524707 0.001550 0.000000 0
CSI_1111_L 35.114768 0.002899 0.632862 0.002240 52.163732 3
CSI_1112_R 22.295804 0.435532 0.479165 0.499667 0.000000 -1
CSI_1112_L 37.143218 0.002985 0.650943 0.002428 149.008224 5
CSI_1113_R 17.420535 0.006570 0.786771 0.005427 0.000000 0
CSI_1113_L 31.881187 0.003246 0.671108 0.002830 0.000000 0
CSI_1114_R 17.623879 0.004403 0.738916 0.004106 0.000000 0
CSI_1114_L 32.390788 0.002987 0.345505 0.004462 63.506163 1
CSI_1115_R 16.748068 0.002962 0.589597 0.001361 1511.787587 1
CSI_1115_L 32.815152 0.002921 0.599966 0.001543 599.556590 9
CSI_1116_R 15.058868 0.002619 0.508864 0.001136 495.250268 1
CSI_1116_L 30.502728 0.001426 0.385488 0.003974 3471.852611 5
CSI_1117_R 14.999931 0.002790 0.523217 0.001050 1387.611831 3
CSI_1117_L 32.116218 0.002843 0.620443 0.002074 11.423902 5
CSI_1118_R 16.823151 0.003270 0.669211 0.002868 0.000000 0
CSI_1118_L 33.647424 0.003369 0.635910 0.001844 796.788462 1
CSI_1119_R 16.341965 0.003008 0.356490 0.003156 3.048334 3
CSI_1119_L 34.210947 0.002771 0.604421 0.002282 323.673480 3
CSI_1120_R 13.099078 0.002474 0.519676 0.001532 0.000000 0
CSI_1120_L 30.518140 0.003684 0.643751 0.002402 278.336053 2
CSI_1121_R 12.368841 0.005401 0.712885 0.002467 3221.074947 1
CSI_1121_L 30.707693 0.003371 0.611502 0.001385 4305.822066 5
CSI_1122_R 10.314817 0.005800 0.466144 0.006440 0.000000 0
CSI_1122_L 28.312960 0.002157 0.478531 0.001934 1154.845010 5
CSI_1123_R 9.277280 0.006005 0.517772 0.005684 0.000000 0
CSI_1123_L 25.552775 0.004049 0.671983 0.002006 1802.909399 3
CSI_1124_R 9.017328 0.016825 0.932375 0.009829 0.000000 0
CSI_1124_L 27.167013 0.002711 0.593250 0.001902 7.404386 5
CSI_1201_R 25.833492 0.001871 0.514221 0.001125 75.090901 2
CSI_1201_L 42.021753 0.002248 0.552607 0.000927 2281.478797 7
CSI_1202_R 31.410632 0.005162 0.355935 0.010058 1.999999 1
CSI_1202_L 50.599059 0.002000 0.554945 0.001944 21.656789 12
CSI_1203_R 31.874820 0.001936 0.527268 0.000959 486.622462 3
CSI_1203_L 46.447166 0.001865 0.529801 0.001750 599.693633 5
CSI_1204_R 33.783168 0.002173 0.577610 0.001065 1375.927993 5
CSI_1204_L 49.505672 0.001823 0.467700 0.002168 3967.659328 9
CSI_1205_R 27.401060 0.003080 0.325221 0.004932 666.631442 3
CSI_1205_L 42.003007 0.002078 0.574125 0.001268 113.261369 7
CSI_1206_R 35.284693 0.001994 0.387658 0.001560 7.199411 3
CSI_1206_L 51.948751 0.002089 0.571961 0.001182 303.582592 8
CSI_1207_R 31.280512 0.002122 0.375441 0.001644 9.602302 3
CSI_1207_L 45.753975 0.002171 0.587169 0.001289 477.511786 6
CSI_1208_R 29.906495 0.002011 0.539285 0.000937 831.878065 2
CSI_1208_L 45.261082 0.002031 0.574190 0.001693 712.413434 3
CSI_1209_R 28.287765 0.002184 0.371312 0.001729 1.464452 1
CSI_1209_L 41.454926 0.001167 0.385433 0.002855 2269.544007 4
CSI_1210_R 32.357084 0.002719 0.341045 0.003103 1.000008 2
CSI_1210_L 47.542755 0.001480 0.353558 0.004227 5637.562139 3
CSI_1211_R 32.267196 0.004585 0.588777 0.003858 0.283020 1
CSI_1211_L 49.333102 0.002522 0.607128 0.002387 3526.421458 6
CSI_1212_R 30.277193 0.004288 0.658518 0.002837 159.215131 1
CSI_1212_L 46.060864 0.002262 0.620492 0.001960 2809.293224 6
CSI_1213_R 23.926229 0.002075 0.541278 0.000883 1489.876439 4
CSI_1213_L 38.094650 0.002204 0.619449 0.001618 29.348165 8
CSI_1214_R 23.535348 0.002501 0.607219 0.001723 342.538932 1
CSI_1214_L 38.520014 0.001465 0.424023 0.002363 3075.136419 6
CSI_1215_R 27.498561 0.002949 0.648082 0.001880 536.929132 5
CSI_1215_L 42.785454 0.002274 0.605918 0.001315 623.431689 12
CSI_1216_R 25.596178 0.002567 0.623099 0.001451 1128.009048 1
CSI_1216_L 40.459883 0.002035 0.528140 0.001949 1650.980538 4
CSI_1217_R 25.290605 0.004432 0.682830 0.002896 168.836838 3
CSI_1217_L 40.366450 0.002234 0.625475 0.001808 409.513572 6
CSI_1218_R 27.616837 0.002759 0.662383 0.002501 4.791307 4
CSI_1218_L 39.347860 0.001821 0.529529 0.001657 691.303157 5
CSI_1219_R 24.271198 0.002135 0.449861 0.001244 540.340962 3
CSI_1219_L 38.097454 0.002204 0.597927 0.001274 466.846702 6
CSI_1220_R 26.316101 0.003707 0.538991 0.003706 1.546510 2
CSI_1220_L 43.198803 0.002070 0.587146 0.001515 47.080094 6
CSI_1221_R 21.193899 0.005560 0.748715 0.002797 1106.714293 2
CSI_1221_L 35.856143 0.002578 0.632588 0.001188 3105.345200 11
CSI_1222_R 20.305042 0.002251 0.453981 0.001402 776.791240 1
CSI_1222_L 34.436548 0.001322 0.430930 0.002035 2507.385022 3
CSI_1223_R 19.858111 0.002515 0.587748 0.000940 7022.070133 2
CSI_1223_L 34.789968 0.002521 0.632558 0.001263 1924.113699 7
CSI_1224_R 16.055998 0.002610 0.537376 0.000905 5306.949231 4
CSI_1224_L 29.852141 0.002637 0.660305 0.001415 1552.236771 11
CSI_1301_R 55.013346 0.002150 0.551096 0.000953 1398.884593 4
CSI_1301_L 194.801235 0.003685 0.832808 0.003066 7939.406934 13
CSI_1302_R 25.932175 0.002059 0.551696 0.000991 793.833382 4
CSI_1302_L 41.837713 0.002506 0.644102 0.001393 1068.728652 14
CSI_1303_R 21.488890 0.002803 0.625796 0.002367 37.780714 2
CSI_1303_L 36.468051 0.002556 0.586073 0.002117 2199.168431 10
CSI_1304_R 29.915834 0.001865 0.491295 0.001047 7.370540 2
CSI_1304_L 45.186381 0.002115 0.551418 0.001158 666.706367 8
CSI_1305_R 28.897893 0.002082 0.558170 0.000999 937.112869 2
CSI_1305_L 43.259089 0.002361 0.668943 0.001836 89.954795 10
CSI_1306_R 23.282958 0.002558 0.475425 0.001367 1488.684040 5
CSI_1306_L 38.056022 0.002783 0.565436 0.000863 16183.803985 8
CSI_1307_R 28.620273 0.001944 0.368456 0.002665 4.999827 2
CSI_1307_L 43.565905 0.001869 0.353928 0.003901 4342.385027 9
CSI_1308_R 26.476287 0.001346 0.348277 0.007472 0.000001 0
CSI_1308_L 41.451515 0.001968 0.559154 0.001669 360.643638 4
CSI_1309_R 23.111092 0.002709 0.524270 0.000969 4366.357518 4
CSI_1309_L 39.484217 0.002915 0.629159 0.002210 3239.878776 6
CSI_1310_R 29.433824 0.002067 0.400237 0.004960 9.999792 4
CSI_1310_L 43.923641 0.004520 0.539729 0.001338 16749.054279 12
CSI_1311_R 28.171127 0.002273 0.536245 0.001063 1565.603350 3
CSI_1311_L 43.211429 0.002263 0.586229 0.002008 10212.645001 11
CSI_1312_R 23.417767 0.001589 0.368623 0.003014 1876.795218 4
CSI_1312_L 38.819593 0.003910 0.849281 0.009437 6487.618268 11
CSI_1313_R 27.506271 0.001426 0.453275 0.002618 11.959914 5
CSI_1313_L 43.493804 0.002140 0.500657 0.002181 3784.883263 14
CSI_1314_R 25.520573 0.002243 0.571624 0.002160 23.154576 6
CSI_1314_L 40.879049 0.002537 0.647900 0.001365 1363.542593 12
CSI_1315_R 16.413522 0.003758 0.694570 0.001804 3764.877324 4
CSI_1315_L 33.394827 0.001624 0.484780 0.001810 3677.380345 11
CSI_1316_R 28.896407 0.001940 0.531934 0.001101 132.620281 3
CSI_1316_L 44.075587 0.002330 0.609676 0.001235 1151.406554 10
CSI_1317_R 23.854438 0.002490 0.593948 0.000972 5806.364419 4
CSI_1317_L 40.050627 0.002622 0.571066 0.000840 13087.996349 8
CSI_1318_R 17.406525 0.001394 0.411887 0.002090 336.749064 3
CSI_1318_L 32.485910 0.000997 0.360433 0.004180 11004.484456 14
CSI_1319_R 28.448547 0.001714 0.336104 0.005039 5.790569 3
CSI_1319_L 44.703128 0.004870 0.526662 0.002318 5404.795557 11
CSI_1320_R 24.530077 0.002143 0.561674 0.002193 8.610592 4
CSI_1320_L 39.590501 0.002801 0.630397 0.001724 3848.741319 15
CSI_1321_R 17.764630 0.002979 0.645598 0.001201 9228.710976 4
CSI_1321_L 33.297480 0.002397 0.652084 0.002081 916.642699 13
CSI_1322_R 0.000000 197.374688 0.750000 1.021811 0.000000 -2
CSI_1322_L 0.000000 197.374688 0.750000 1.021811 0.000000 -2
CSI_1323_R 23.384867 0.001660 0.403781 0.002009 53.715321 5
CSI_1323_L 37.526489 0.001674 0.431892 0.002424 9143.529412 15
CSI_1324_R 17.306637 0.004400 0.714827 0.002174 2303.194072 6
CSI_1324_L 32.436938 0.001838 0.496795 0.002064 7111.019696 12
CSI_1401_R 15.412335 0.001733 0.361516 0.003137 16.848757 3
CSI_1401_L 38.927478 0.002473 0.665147 0.001727 118.677555 10
CSI_1402_R 28.141336 0.002452 0.600294 0.000966 5890.959913 7
CSI_1402_L 84.601293 0.009948 1.685744 0.003769 23258.489488 21
CSI_1403_R 18.463311 0.002050 0.312832 0.008301 10.580477 2
CSI_1403_L 41.424755 0.001878 0.542058 0.001686 378.141090 9
CSI_1404_R 20.413181 0.001730 0.384042 0.002569 169.116253 4
CSI_1404_L 42.521640 0.002276 0.565497 0.001783 1278.381651 14
CSI_1405_R 19.130408 0.001864 0.460244 0.000973 57.293875 3
CSI_1405_L 43.020648 0.002253 0.579779 0.001058 1532.083901 5
CSI_1406_R 19.484603 0.001798 0.499591 0.002500 1.624576 2
CSI_1406_L 41.347967 0.002225 0.636101 0.001620 62.900059 6
CSI_1407_R 22.539961 0.001266 0.417935 0.002698 1.994997 1
CSI_1407_L 47.098441 0.002380 0.654097 0.002241 1544.638713 6
CSI_1408_R 20.673516 0.002367 0.611758 0.001439 590.057153 1
CSI_1408_L 43.749835 0.003907 0.713924 0.002196 8546.619287 6
CSI_1409_R 21.385199 0.001569 0.420696 0.001844 15.376665 1
CSI_1409_L 56.318535 0.003007 0.747844 0.001526 3637.408804 8
CSI_1410_R 15.488842 0.003029 0.651606 0.001698 1287.914318 3
CSI_1410_L 38.259212 0.002393 0.675905 0.001764 16.877265 7
CSI_1411_R 17.639993 0.001799 0.518948 0.001708 6.945088 2
CSI_1411_L 41.204693 0.002255 0.632623 0.001558 80.095740 7
CSI_1412_R 16.808059 0.002578 0.615781 0.001076 4943.940907 4
CSI_1412_L 38.950204 0.002562 0.639429 0.001255 2358.884304 9
CSI_1413_R 17.749117 0.002009 0.560718 0.001457 52.297664 6
CSI_1413_L 40.368829 0.002224 0.636537 0.001663 22.164926 9
CSI_1414_R 16.423084 0.001364 0.392342 0.002453 51.210356 5
CSI_1414_L 39.529226 0.004357 0.552208 0.003377 6309.276790 9
CSI_1415_R 17.789400 0.001950 0.542154 0.001423 0.000000 0
CSI_1415_L 40.561348 0.002206 0.455370 0.002251 3658.670136 1
CSI_1416_R 14.505063 0.002822 0.634916 0.002268 68.081148 1
CSI_1416_L 36.541538 0.003301 0.566256 0.002439 3778.927708 12
CSI_1501_R 17.802905 0.002575 0.594641 0.000963 9000.817261 3
CSI_1501_L 41.042827 0.002500 0.566962 0.000799 11799.082288 9
CSI_1502_R 28.665707 0.001655 0.432814 0.001624 3.925460 1
CSI_1502_L 44.477857 0.002062 0.589745 0.001619 173.372451 12
CSI_1503_R 16.589219 0.003103 0.668081 0.001442 4583.503040 3
CSI_1503_L 38.671975 0.003362 0.597448 0.001697 6797.859915 9
CSI_1504_R 32.527894 0.001442 0.329564 0.007332 4.000000 2
CSI_1504_L 49.179773 0.002275 0.606897 0.001328 709.973478 5
CSI_1505_R 16.138311 0.003527 0.522012 0.001190 6729.241812 3
CSI_1505_L 37.489798 0.001259 0.411443 0.002578 8234.061261 7
CSI_1506_R 35.653367 0.001701 0.407620 0.001825 8.989339 5
CSI_1506_L 52.319004 0.002118 0.592148 0.001466 194.196405 8
CSI_1507_R 15.734564 0.002575 0.595499 0.000989 10031.086119 3
CSI_1507_L 38.047494 0.002921 0.762001 0.001996 142.670486 9
CSI_1508_R 34.511811 0.000933 0.352341 0.005657 6.999997 4
CSI_1508_L 51.025292 0.002330 0.644903 0.001653 38.790137 9
CSI_1509_R 12.406906 0.001391 0.426645 0.001980 1481.676219 1
CSI_1509_L 34.356949 0.002532 0.690561 0.001954 1488.120077 4
CSI_1510_R 32.507988 0.000879 0.346627 0.006290 7.999999 3
CSI_1510_L 48.716095 0.002160 0.590440 0.001638 65.218354 8
CSI_1511_R 12.417463 0.001370 0.400524 0.002321 1775.932992 4
CSI_1511_L 36.376393 0.002418 0.609253 0.002132 1845.167962 10
CSI_1512_R 33.388132 0.001841 0.370614 0.002602 7.011530 2
CSI_1512_L 47.194588 0.002229 0.552759 0.001147 1209.360037 12
CSI_1513_R 11.321381 0.001887 0.542113 0.001442 5.246351 4
CSI_1513_L 33.117967 0.002603 0.566986 0.000810 21465.146931 13
CSI_1514_R 35.569218 0.001396 0.432694 0.002255 8.000000 5
CSI_1514_L 51.919228 0.002403 0.618957 0.001196 1667.056508 13
CSI_1515_R 10.293974 0.004581 0.725730 0.002276 2086.012168 3
CSI_1515_L 31.862271 0.005549 0.571346 0.001760 18765.352660 13
CSI_1516_R 35.922515 0.002099 0.550548 0.000922 1425.504194 2
CSI_1516_L 53.475764 0.002123 0.575384 0.001738 669.125654 7
CSI_1601_R 32.768853 0.001944 0.543499 0.001422 11.841449 3
CSI_1601_L 49.800244 0.002402 0.618113 0.001229 1496.747135 10
CSI_1602_R 36.266015 0.002722 0.482339 0.001344 1896.035758 6
CSI_1602_L 52.179905 0.002344 0.594104 0.001249 1408.923744 10
CSI_1603_R 35.800239 0.002121 0.574510 0.001130 750.034453 6
CSI_1603_L 52.272402 0.002234 0.619043 0.001491 281.252149 15
CSI_1604_R 35.454476 0.001758 0.328945 0.005817 14.624762 4
CSI_1604_L 49.883625 0.002554 0.645647 0.001319 1747.782079 12
CSI_1605_R 31.363338 0.002071 0.415379 0.001861 461.760947 3
CSI_1605_L 48.963171 0.002432 0.609221 0.001115 2517.542157 5
CSI_1606_R 32.513514 0.001997 0.537575 0.002276 14.590695 6
CSI_1606_L 50.291182 0.002359 0.661780 0.001662 113.418266 13
CSI_1607_R 31.734069 0.002561 0.620869 0.001146 3825.994060 2
CSI_1607_L 48.269615 0.002308 0.647564 0.001614 110.500846 10
CSI_1608_R 29.695079 0.002664 0.631587 0.001212 3950.133232 6
CSI_1608_L 46.879948 0.002640 0.653728 0.001328 2246.483714 15
CSI_1701_R 28.507807 0.002599 0.611036 0.002105 91.780333 3
CSI_1701_L 46.260375 0.002383 0.670428 0.001690 37.352762 8
CSI_1702_R 31.710020 0.002651 0.632958 0.001218 3639.020608 6
CSI_1702_L 48.409604 0.003117 0.744517 0.001458 3343.021273 9
CSI_1703_R 28.775120 0.002575 0.607802 0.001039 6028.409538 2
CSI_1703_L 46.905497 0.002852 0.712925 0.001780 792.046738 7
CSI_1704_R 28.548623 0.002860 0.643459 0.001473 2255.907136 3
CSI_1704_L 44.492553 0.001820 0.469621 0.002216 7153.452961 11
CSI_1705_R 22.324310 0.004023 0.684935 0.002298 750.400586 1
CSI_1705_L 40.067576 0.002767 0.698241 0.001608 1503.709056 5
CSI_1706_R 24.012724 0.003024 0.559848 0.000960 11385.356676 3
CSI_1706_L 42.278881 0.002382 0.673290 0.001876 210.687834 7
CSI_1707_R 23.581351 0.003047 0.634913 0.001262 12416.159685 1
CSI_1707_L 41.963411 0.002821 0.538709 0.000803 14853.997256 9
CSI_1708_R 20.197777 0.006874 0.760508 0.002739 31299.184914 1
CSI_1708_L 37.592945 0.002357 0.542923 0.002342 9638.371949 4

