# INDRA CSI detector calibration Z=1
RunList: 12-43
Signal:                                  Lumiere
CalibType:                               Light-Energy CsI Z=1
CSI_0603: 18.8748,0.04256,6,0.385
CSI_0604: 13.318,0.084849,6.00993,0.385
CSI_0605: 10.8619,0.246688,6.00424,0.385
CSI_0606: 13.802,0.170336,6.01,0.385
CSI_0607: 12.4021,0.188971,6.00995,0.385
CSI_0608: 11.081,0.189409,6.01,0.385
CSI_0609: 13.5817,2.37613,6.00999,0.385
CSI_0610: 13.385,0.078755,6.01,0.385
CSI_0611: 8.32919,0.165982,6.01,0.385
CSI_0612: 13.3817,0.206238,6.00999,0.385
CSI_0613: 10.4234,0.137322,6.00967,0.385
CSI_0614: 10.3081,0.126698,6.01,0.385
CSI_0615: 11.5027,0.144395,6.01,0.385
CSI_0616: 15.7113,0.010096,6.01,0.385
CSI_0617: 12.774,0.047092,6.01,0.385
CSI_0618: 12.1336,0.070128,6.01,0.385
CSI_0619: 16.399,0.0001,6.01,0.385
CSI_0620: 12.7537,0.111589,6.01,0.385
CSI_0621: 13.3435,0.086877,6.01,0.385
CSI_0623: 11.809,0.092631,6.00999,0.385
CSI_0624: 13.3916,0.03329,6.00999,0.385
CSI_0701: 20.6293,0.009317,6,0.385
CSI_0702: 14.0911,0.040295,6.00996,0.385
CSI_0703: 15.197,0.059044,6.01,0.385
CSI_0704: 13.8094,0.329959,6.00356,0.385
CSI_0706: 14.6436,0.296316,6.01,0.385
CSI_0707: 15.1142,0.256642,6.00977,0.385
CSI_0708: 11.0686,0.109672,6.00994,0.385
CSI_0709: 12.6002,0.151337,6.00811,0.385
CSI_0710: 11.9033,0.182862,6.01,0.385
CSI_0711: 13.203,0.085737,6.0074,0.385
CSI_0712: 16.0177,0.228112,6.00854,0.385
CSI_0713: 12.2585,0.076244,6.00885,0.385
CSI_0714: 18.8884,0.165103,6.00994,0.385
CSI_0715: 19.5515,0.045147,6.01,0.385
CSI_0716: 12.2278,0.077213,6.00943,0.385
CSI_0717: 13.5,0.108221,6.00986,0.385
CSI_0718: 14.1432,0.144639,6.0094,0.385
CSI_0719: 13.8812,0.031357,6.01,0.385
CSI_0720: 13.4053,0.079279,6.01,0.385
CSI_0721: 15.8263,0.091788,6.01,0.385
CSI_0722: 12.847,0.181613,6.00999,0.385
CSI_0723: 15.3417,0.056134,6,0.385
CSI_0724: 16.2902,0.045764,6.00895,0.385
CSI_0901: 34.3843,0.0001,6,0.385
CSI_0902: 32.5703,0.000771,6.00999,0.385
CSI_0903: 28.6688,0.051542,6.00392,0.385
CSI_0904: 35.5667,0.043361,6,0.385
CSI_0905: 30.0739,0.062898,6.00999,0.385
CSI_0906: 34.3203,0.091842,6.01,0.385
CSI_0907: 28.0658,0.079095,6.01,0.385
CSI_0909: 30.1762,0.034324,6.00105,0.385
CSI_0910: 33.1134,0.08053,6.00994,0.385
CSI_0911: 26.385,0.009706,6.00981,0.385
CSI_0912: 32.8729,0.000234,6.00998,0.385
CSI_0913: 28.7887,0.033382,6.00999,0.385
CSI_0914: 22.812,0.015946,6.00995,0.385
CSI_0915: 30.1008,0.016854,6.00971,0.385
CSI_0917: 28.2577,0.044924,6.00969,0.385
CSI_0918: 29.3431,0.076022,6.00999,0.385
CSI_0919: 25.4676,0.03156,6.01,0.385
CSI_0920: 29.997,0.011886,6.00999,0.385
CSI_0921: 30.6917,0.060816,6.00999,0.385
CSI_0922: 21.2674,0.015023,6.01,0.385
CSI_0923: 20.1304,0.009592,6.00999,0.385
CSI_0924: 19.3208,0.004969,6.01,0.385
CSI_1001: 24.6068,0.126678,6.01,0.385
CSI_1002: 38.6463,0.10494,6,0.385
CSI_1003: 32.2989,0.281316,6.01,0.385
CSI_1004: 24.7418,0.276294,6.01,0.385
CSI_1006: 39.0299,0.453286,6.00998,0.385
CSI_1007: 37.7863,0.400652,6.01,0.385
CSI_1008: 30.6583,0.297073,6.01,0.385
CSI_1009: 35.2083,0.247341,6.01,0.385
CSI_1010: 50.7039,0.169345,6.00999,0.385
CSI_1011: 35.6678,0.195444,6.01,0.385
CSI_1012: 17.642,0.14664,6.01,0.385
CSI_1013: 38.4765,0.301051,6.01,0.385
CSI_1014: 27.187,0.16909,6,0.385
CSI_1015: 41.8074,0.264118,6,0.385
CSI_1016: 39.7351,0.156956,6,0.385
CSI_1017: 38.1713,0.201663,6.01,0.385
CSI_1018: 36.9108,0.151709,6,0.385
CSI_1019: 41.2163,0.249711,6.01,0.385
CSI_1020: 40.3927,0.125729,6.00967,0.385
CSI_1021: 36.7247,0.209417,6,0.385
CSI_1023: 25.7213,0.229474,6,0.385
CSI_1024: 40.912,0.179553,6,0.385
CSI_1103: 61.5455,0.263795,6,0.385
CSI_1104: 58.7361,0.264939,6,0.385
CSI_1105: 108.942,0.225641,6,0.385
CSI_1106: 58.4318,0.26324,6.01,0.385
CSI_1107: 149.176,0.308952,6,0.385
CSI_1108: 50.9354,0.266931,6,0.385
CSI_1109: 64.7904,0.245337,6,0.385
CSI_1110: 63.2596,0.277057,6,0.385
CSI_1111: 71.8197,0.236614,6,0.385
CSI_1112: 64.5396,0.247649,6,0.385
CSI_1113: 70.7277,0.310099,6.01,0.385
CSI_1115: 40.4919,0.205545,6,0.385
CSI_1116: 45.3102,0.282786,6,0.385
CSI_1118: 58.9991,0.232929,6,0.385
CSI_1119: 49.2675,0.175495,6,0.385
CSI_1120: 45.1852,0.159342,6,0.385
CSI_1123: 53.0917,0.220236,6,0.385
CSI_1124: 43.0465,0.167834,6,0.385
CSI_1201: 81.7171,0.223595,6,0.385
CSI_1202: 87.4588,0.278126,6,0.385
CSI_1203: 70.0031,0.288789,6,0.385
CSI_1204: 75.5459,0.355959,6,0.385
CSI_1206: 81.3189,0.35776,6,0.385
CSI_1207: 77.3634,0.274444,6,0.385
CSI_1208: 53.4354,0.271776,6,0.385
CSI_1209: 88.0625,0.257353,6,0.385
CSI_1211: 69.5607,0.338883,6,0.385
CSI_1212: 91.3303,0.294224,6,0.385
CSI_1213: 78.5039,0.288434,6,0.385
CSI_1214: 65.3551,0.347313,6,0.385
CSI_1217: 101.161,0.398394,6,0.385
CSI_1218: 55.0854,0.191469,6,0.385
CSI_1219: 81.8231,0.284212,6,0.385
CSI_1220: 62.7164,0.310091,6,0.385
CSI_1221: 132.198,0.352004,6,0.385
CSI_1222: 75.6153,0.198291,6,0.385
