# INDRA CSI detector calibration Z>1
RunList: 12-43
Signal:                                  Lumiere
CalibType:                               Light-Energy CsI Z>1
CSI_0603: 21.2419,0.337552,6.01,0.385
CSI_0604: 15.4035,0.434404,6.01,0.385
CSI_0605: 12.4313,0.47471,6.01,0.385
CSI_0606: 15.5407,0.277784,6.01,0.385
CSI_0607: 13.7607,0.383114,6.01,0.385
CSI_0608: 12.576,0.326834,6.01,0.385
CSI_0609: 17.7565,1.23509,6.01,0.385
CSI_0610: 15.0966,0.289042,6.01,0.385
CSI_0611: 9.51652,0.470044,6.01,0.385
CSI_0612: 15.4213,0.459115,6.00972,0.385
CSI_0613: 11.9666,0.453778,6.00968,0.385
CSI_0614: 11.9714,0.542616,6.01,0.385
CSI_0615: 13.3243,0.483941,6.01,0.385
CSI_0616: 17.873,0.311821,6.01,0.385
CSI_0617: 14.2967,0.289132,6.01,0.385
CSI_0618: 13.8255,0.350352,6.00987,0.385
CSI_0619: 17.8033,0.448926,6.00999,0.385
CSI_0620: 14.5402,0.478397,6.01,0.385
CSI_0621: 15.3034,0.425273,6.01,0.385
CSI_0623: 13.2926,0.380293,6.01,0.385
CSI_0624: 14.965,0.23813,6.0093,0.385
CSI_0701: 22.8942,0.347654,6.01,0.385
CSI_0702: 15.3578,0.323315,6.00999,0.385
CSI_0703: 16.5011,0.246661,6.00966,0.385
CSI_0704: 17.2005,0.851677,6.01,0.385
CSI_0706: 16.3101,0.52251,6.01,0.385
CSI_0707: 16.9305,0.325717,6.00999,0.385
CSI_0708: 12.3361,0.277491,6.01,0.385
CSI_0709: 13.9809,0.303456,6.01,0.385
CSI_0710: 13.2714,0.3578,6.01,0.385
CSI_0711: 14.5652,0.273996,6.00999,0.385
CSI_0712: 17.7523,0.450758,6.01,0.385
CSI_0713: 14.6296,0.482846,6.01,0.385
CSI_0714: 21.1258,0.415158,6.01,0.385
CSI_0715: 22.0457,0.263771,6.00997,0.385
CSI_0716: 13.4794,0.240041,6.01,0.385
CSI_0717: 15.0108,0.407508,6.00992,0.385
CSI_0718: 15.6424,0.365303,6.01,0.385
CSI_0719: 15.2514,0.242501,6.01,0.385
CSI_0720: 14.7095,0.237701,6.01,0.385
CSI_0721: 17.4737,0.322346,6.01,0.385
CSI_0722: 14.3668,0.400746,6.01,0.385
CSI_0723: 17.1599,0.370891,6.00999,0.385
CSI_0724: 18.1286,0.240836,6.00996,0.385
CSI_0901: 37.9703,0.184992,6,0.385
CSI_0902: 38.6553,0.314341,6.01,0.385
CSI_0903: 31.048,0.315588,6.01,0.385
CSI_0904: 38.8868,0.304689,6,0.385
CSI_0905: 37.0861,0.439288,6.00998,0.385
CSI_0906: 41.3981,0.491016,6.01,0.385
CSI_0907: 34.5623,0.42538,6.01,0.385
CSI_0909: 36.7497,0.306953,6.01,0.385
CSI_0910: 41.7619,0.573888,6.01,0.385
CSI_0911: 32.4723,0.314611,6.01,0.385
CSI_0912: 38.7435,0.29304,6.01,0.385
CSI_0913: 35.6162,0.396264,6.01,0.385
CSI_0914: 27.6824,0.306493,6.01,0.385
CSI_0915: 35.4594,0.267506,6.01,0.385
CSI_0917: 36.1376,0.620313,6.01,0.385
CSI_0918: 35.5711,0.52375,6.01,0.385
CSI_0919: 27.6528,0.255274,6.01,0.385
CSI_0920: 35.2671,0.248753,6.00059,0.385
CSI_0921: 35.0631,0.35827,6.00998,0.385
CSI_0922: 26.1625,0.305196,6.01,0.385
CSI_0923: 23.2217,0.315412,6.01,0.385
CSI_0924: 23.1595,0.290833,6.01,0.385
CSI_1001: 26.529,0.201533,6.01,0.385
CSI_1002: 40.0421,0.173692,6,0.385
CSI_1003: 34.7149,0.321742,6.01,0.385
CSI_1004: 26.8946,0.293441,6.01,0.385
CSI_1006: 41.8063,0.436047,6,0.385
CSI_1007: 41.0929,0.372301,6.01,0.385
CSI_1008: 34.1043,0.439873,6.01,0.385
CSI_1009: 38.8046,0.366381,6.01,0.385
CSI_1010: 56.4879,0.271059,6.01,0.385
CSI_1011: 39.6607,0.310395,6.00832,0.385
CSI_1012: 19.5465,0.24833,6.01,0.385
CSI_1013: 41.8664,0.335953,6.00999,0.385
CSI_1014: 30.0104,0.282461,6,0.385
CSI_1015: 44.978,0.38106,6,0.385
CSI_1016: 40.5589,0.220111,6,0.385
CSI_1017: 41.5415,0.256179,6,0.385
CSI_1018: 40.8612,0.261617,6,0.385
CSI_1019: 44.9978,0.383688,6.01,0.385
CSI_1020: 44.7363,0.225502,6.01,0.385
CSI_1021: 39.5898,0.308283,6,0.385
CSI_1023: 27.3914,0.265762,6,0.385
CSI_1024: 44.0466,0.258424,6,0.385
CSI_1103: 61.5455,0.263795,6,0.385
CSI_1104: 58.7361,0.264939,6,0.385
CSI_1105: 108.942,0.225641,6,0.385
CSI_1106: 58.4318,0.26324,6.01,0.385
CSI_1107: 149.176,0.308952,6,0.385
CSI_1108: 50.9354,0.266931,6,0.385
CSI_1109: 64.7904,0.245337,6,0.385
CSI_1110: 63.2596,0.277057,6,0.385
CSI_1111: 71.8197,0.236614,6,0.385
CSI_1112: 64.5396,0.247649,6,0.385
CSI_1113: 70.7277,0.310099,6.01,0.385
CSI_1115: 40.4919,0.205545,6,0.385
CSI_1116: 45.3102,0.282786,6,0.385
CSI_1118: 58.9991,0.232929,6,0.385
CSI_1119: 49.2675,0.175495,6,0.385
CSI_1120: 45.1852,0.159342,6,0.385
CSI_1123: 53.0917,0.220236,6,0.385
CSI_1124: 43.0465,0.167834,6,0.385
CSI_1201: 81.7171,0.223595,6,0.385
CSI_1202: 87.4588,0.278126,6,0.385
CSI_1203: 70.0031,0.288789,6,0.385
CSI_1204: 75.5459,0.355959,6,0.385
CSI_1206: 81.3189,0.35776,6,0.385
CSI_1207: 77.3634,0.274444,6,0.385
CSI_1208: 53.4354,0.271776,6,0.385
CSI_1209: 88.0625,0.257353,6,0.385
CSI_1211: 69.5607,0.338883,6,0.385
CSI_1212: 91.3303,0.294224,6,0.385
CSI_1213: 78.5039,0.288434,6,0.385
CSI_1214: 65.3551,0.347313,6,0.385
CSI_1217: 101.161,0.398394,6,0.385
CSI_1218: 55.0854,0.191469,6,0.385
CSI_1219: 81.8231,0.284212,6,0.385
CSI_1220: 62.7164,0.310091,6,0.385
CSI_1221: 132.198,0.352004,6,0.385
CSI_1222: 75.6153,0.198291,6,0.385
