# ASCII file generated by KVIDGCsI::WriteToAsciiFile
# ID Graph Name : ID_CSI_133
# This file can be read using KVIDGCsI::ReadFromAsciiFile
# 
++KVIDGCsI
<VARX> 
<VARY> 
<PARAMETER> IDTelescopes=ID_CSI_133
<PARAMETER> Runlist=0-1000
+KVIDCsIRLLine
ID:Z=1 A=1
1	1
12
21.8978   31.123
55.9741   67.36
102.417   120.892
171.119   198.307
238.172   276.546
348.371   401.729
431.661   494.792
510.004   582.09
620.524   704.786
753.531   856.322
871.892   987.257
1012.82   1138.47
+KVIDCsIRLLine
ID:Z=2 A=3
2	3
13
258.096   378.373
319.593   452.77
377.401   520.863
445.663   605.348
516.385   691.095
591.308   780.156
688.524   891.352
766.244   975.499
860.335   1077.64
976.275   1206.6
1099.3   1340.75
1246.21   1503.13
1279.97   1538.43
+KVIDCsIRLLine
ID:Z=2 A=4
2	4
18
32.9526   71.5687
68.0657   124.186
108.463   183.483
152.982   246.898
192.829   300.43
223.882   342.432
265.476   399.809
317.133   466.641
389.965   558.692
479.752   672.18
589.217   803.322
717.046   951.54
866.75   1122.11
974.986   1244.43
1076.11   1358.26
1165.63   1458.79
1316.56   1628.11
1405.73   1726.46
+KVIDCsIRLLine
ID:Z=3 A=7
3	7
13
73.7576   162.305
125.039   258.155
194.323   373.174
321.98   564.874
437.09   732.611
528.742   868.397
689.132   1095.24
902.34   1385.94
1081.82   1631.96
1317.72   1939.45
1514.89   2187.84
1662.73   2377.95
1773.15   2519.3
+KVIDCutLine
OK:IMF_line
below
9
84.5547   204.734
146.012   326.853
247.55   527.048
467.326   925.437
637.67   1255.76
828.054   1588.08
1108.59   2102.45
1397.15   2641.91
1740.5   3255.45
!
# ASCII file generated by KVIDGCsI::WriteToAsciiFile
# ID Graph Name : ID_CSI_134
# This file can be read using KVIDGCsI::ReadFromAsciiFile
# 
++KVIDGCsI
<VARX> 
<VARY> 
<PARAMETER> IDTelescopes=ID_CSI_134
<PARAMETER> Runlist=0-1000
+KVIDCsIRLLine
ID:Z=1 A=1
1	1
10
18.6001   20.1146
49.9283   59.0794
90.8748   107.322
136.218   158.038
201.623   233.493
297.531   341.111
375.852   427.081
490.218   560.949
616.383   704.021
968.005   1109.69
+KVIDCsIRLLine
ID:Z=2 A=3
2	3
15
239.92   357.919
309.05   442.812
352.7   493.412
413.139   565.699
464.943   627.143
550.692   727.436
617.846   805.747
696.033   893.695
769.902   978.03
854.212   1072.3
928.561   1157.84
1019.22   1256.63
1118.22   1365.36
1209.06   1466.56
1280.05   1542.46
+KVIDCsIRLLine
ID:Z=2 A=4
2	4
23
21.4114   43.8386
40.8705   76.5889
67.098   119.281
92.4795   160.804
123.783   208.76
162.701   261.394
204.581   319.292
251.455   380.571
294.732   438.732
365.136   529.354
417.524   593.822
506.349   700.38
562.167   767.136
631.226   848.474
711.973   941.572
779.369   1021.07
866.107   1120.28
952.433   1219.58
1037.81   1315.96
1131.47   1419.17
1222.95   1522.07
1343.07   1658.78
1451.42   1778.47
+KVIDCsIRLLine
ID:Z=3 A=7
3	7
15
53.9455   120.951
91.615   190.677
139.625   274.515
222.287   405.001
300.632   531.947
418.371   709.058
528.863   870.18
633.729   1021.66
753.444   1189.58
914.829   1410.74
1131.34   1695.03
1304.18   1921.24
1437.91   2087.69
1657.88   2372.82
1778.51   2531.27
+KVIDCutLine
OK:IMF_line
below
10
59.9852   142.29
112.202   270.439
198.804   447.197
328.072   703.496
504.461   1042.28
784.288   1531.53
1060.44   2013.55
1351.04   2540.1
1689.91   3157.23
2004.68   3735.15
!
# ASCII file generated by KVIDGCsI::WriteToAsciiFile
# ID Graph Name : ID_CSI_143
# This file can be read using KVIDGCsI::ReadFromAsciiFile
# 
++KVIDGCsI
<VARX> 
<VARY> 
<PARAMETER> IDTelescopes=ID_CSI_143
<PARAMETER> Runlist=0-1000
+KVIDCsIRLLine
ID:Z=1 A=1
1	1
13
15.6841   18.845
39.4393   46.5306
81.4508   93.3324
132.701   152.659
201.547   229.783
249.057   279.88
324.942   366.892
409.579   459.897
484.043   544.66
582.102   655.174
655.03   735.99
742.406   835.453
884.497   995.208
+KVIDCsIRLLine
ID:Z=2 A=3
2	3
15
240.46   355.208
300   428.764
366.552   506.272
426.845   573.2
479.266   634.719
546.571   713.624
609.347   785.842
685.009   871.236
752.962   947.467
829.328   1033.06
899.222   1113.3
986.534   1210.16
1072.61   1303.78
1150.27   1384.02
1275.17   1521.77
+KVIDCsIRLLine
ID:Z=2 A=4
2	4
32
23.1944   44.4898
44.1361   79.9542
60.4629   107.436
79.184   135.818
104.502   176.408
129.965   213.615
168.519   267.475
200.998   311.368
237.511   360.663
277.262   414.009
324.662   473.638
369.676   528.504
405.382   571.721
458.821   636.413
509.51   695.884
546.401   741.195
583.292   784.618
616.803   821.433
679.74   895.063
745.487   969.892
790.826   1021.81
850.246   1090.72
899.245   1144.53
957.389   1211.12
1001.95   1262.15
1043.84   1307.4
1100.73   1369.7
1144.1   1417.85
1202.04   1481.65
1277.76   1563.23
1377.26   1674.84
1560.8   1877.25
+KVIDCsIRLLine
ID:Z=3 A=7
3	7
18
59.6356   126.776
88.4278   179.665
134.641   260.182
187.453   350.13
235.534   426.743
310.216   537.31
383.697   647.987
487.655   805.79
563.058   909.736
669.506   1053.41
792.088   1222.25
896.722   1363.5
1044.82   1560.36
1176.21   1735.81
1286.15   1880.59
1443.67   2074.27
1656.16   2340.53
1865.86   2603.77
+KVIDCutLine
OK:IMF_line
below
10
21.2035   69.5612
83.9837   208.445
196.914   431.182
351.078   729.913
492.613   970.993
680.937   1315.7
820.049   1558.09
1125.17   2119.79
1564.36   2907.39
2072.92   3809.46
!
# ASCII file generated by KVIDGCsI::WriteToAsciiFile
# ID Graph Name : ID_CSI_144
# This file can be read using KVIDGCsI::ReadFromAsciiFile
# 
++KVIDGCsI
<VARX> 
<VARY> 
<PARAMETER> IDTelescopes=ID_CSI_144
<PARAMETER> Runlist=0-1000
+KVIDCsIRLLine
ID:Z=1 A=1
1	1
13
14.4953   20.8284
38.451   50.5648
79.7   95.5941
113.295   131.278
154.685   176.732
196.076   222.611
241.049   270.386
307.566   342.611
344.236   382.942
430.1   472.459
512.918   562.686
624.567   686.304
695.778   766.276
+KVIDCsIRLLine
ID:Z=2 A=3
2	3
17
215.076   324.048
254.151   371.031
310.685   439.37
362.23   504.505
427.077   580.318
482.78   647.589
567.58   744.758
657.533   848.709
745.659   948.013
819.652   1030.23
901.958   1123.13
968.55   1196.12
1047.53   1284.74
1146.55   1392.78
1222.12   1474.81
1333.61   1598.86
1444.18   1721.66
+KVIDCsIRLLine
ID:Z=2 A=4
2	4
29
17.1133   36.3094
32.0325   62.0742
54.1781   99.6769
75.8575   133.798
92.4084   160.259
113.622   191.595
133.203   220.145
156.281   252.873
183.788   290.476
207.799   323.204
258.107   390.054
302.821   447.85
336.622   491.024
415.717   590.479
489.725   679.098
561.452   764.795
616.225   828.094
709.785   938.388
772.383   1011.43
844.761   1092.25
939.509   1200.63
1021.98   1294.6
1109   1389.94
1176.43   1466.21
1264.96   1564.86
1327.38   1635.68
1390.25   1706.5
1465.95   1788.22
1605.14   1942.72
+KVIDCsIRLLine
ID:Z=3 A=7
3	7
17
38.0433   83.2832
82.8361   168.553
123.188   238.97
168.753   315.988
230.729   416.662
286.71   509.731
362.394   625.809
482.276   804.233
594.375   964.972
748.402   1178.51
851.521   1318.58
985.906   1500.87
1111.98   1661.61
1242.59   1835.27
1347.6   1973.19
1648.05   2348.7
1988.63   2756.24
+KVIDCutLine
OK:IMF_line
below
10
13.6336   49.6151
52.3191   158.853
169.8   395.804
289.417   631.148
440.23   930.472
610.792   1248.52
825.456   1630.71
1062.32   2046.83
1433.14   2716.58
2116.32   3835.8
!
# ASCII file generated by KVIDGCsI::WriteToAsciiFile
# ID Graph Name : ID_CSI_141
# This file can be read using KVIDGCsI::ReadFromAsciiFile
# 
++KVIDGCsI
<VARX> 
<VARY> 
<PARAMETER> IDTelescopes=ID_CSI_141
<PARAMETER> Runlist=0-1000
+KVIDCsIRLLine
ID:Z=1 A=1
1	1
14
16.7901   19.7353
41.1482   48.7474
76.5923   81.9709
116.564   122.213
145.919   151.225
187.453   191
221.023   224.223
269.77   272.889
327.636   328.916
368.232   369.626
413.826   412.676
492.645   491.974
561.347   559.825
656.491   653.383
+KVIDCsIRLLine
ID:Z=2 A=3
2	3
26
158.955   221.921
188.459   255.69
222.527   295.182
256.989   334.074
296.471   376.584
338.294   422.711
372.422   459.794
413.242   503.208
448.902   541.586
488.049   583.191
538.572   636.554
601.14   702.58
648.606   750.393
698.125   801.042
752.663   856.214
805.416   908.98
861.722   965.58
924.166   1029.36
986.399   1091.76
1043.61   1148.75
1107.04   1212.06
1179.17   1284.8
1238.49   1342.18
1314.11   1418.15
1373.57   1479.26
1397.09   1503.17
+KVIDCsIRLLine
ID:Z=2 A=4
2	4
45
17.3663   31.6761
32.0164   53.3639
49.3142   80.8704
66.4354   104.145
88.1458   134.826
109.15   162.332
135.45   197.773
160.161   227.924
180.459   253.844
204.994   284.524
244.532   331.074
264.653   354.349
286.717   380.268
308.78   405.13
338.081   438.455
363.851   467.548
386.444   491.352
403.212   510.924
420.686   530.496
434.101   545.836
458.988   572.814
484.053   599.791
507.881   625.182
527.473   645.283
551.125   671.731
577.778   700.296
620.14   743.672
655.265   781.757
683.153   811.38
711.571   839.944
750.756   880.675
783.233   914.529
820.653   953.673
852.953   986.469
908.571   1042.37
955.328   1090.68
1000.43   1136
1037.05   1173.2
1078.88   1214.99
1142.6   1280.58
1199.79   1338.24
1245.86   1383.2
1330.41   1468.36
1395.18   1532.9
1486.09   1619.65
+KVIDCsIRLLine
ID:Z=3 A=7
3	7
21
37.8633   72.6235
66.6416   118.629
105.577   179.971
155.798   257.742
216.458   345.373
277.119   430.264
368.389   556.776
445.695   656.455
516.37   750.653
600.448   858
669.429   945.625
752.938   1049.96
839.273   1156.21
930.826   1264.92
1054.13   1411.86
1165.65   1540.47
1304.44   1698.33
1433.07   1849.45
1550.66   1979.14
1693.32   2138.07
1940.62   2417.62
+KVIDCutLine
OK:IMF_line
below
13
13.9038   37.5747
36.8389   84.9583
95.5753   197.564
175.569   338.043
240.458   450.091
373.643   671.424
566.819   972.547
754.997   1275.37
949.365   1583.27
1178.42   1948.14
1514.94   2474.51
1855.74   2994.36
2243.87   3606.45
!
# ASCII file generated by KVIDGCsI::WriteToAsciiFile
# ID Graph Name : ID_CSI_142
# This file can be read using KVIDGCsI::ReadFromAsciiFile
# 
++KVIDGCsI
<VARX> 
<VARY> 
<PARAMETER> IDTelescopes=ID_CSI_142
<PARAMETER> Runlist=0-1000
+KVIDCsIRLLine
ID:Z=1 A=1
1	1
13
17.4459   23.9834
48.3347   61.5404
82.2242   98.0394
125.469   146.705
169.242   192.725
215.134   241.92
264.91   295.875
350.283   388.006
422.651   466.293
506.339   558.98
584.232   643.882
670.531   738.465
755.328   827.062
+KVIDCsIRLLine
ID:Z=2 A=3
2	3
20
168.856   260.567
197.335   295.604
240.305   351.847
290.269   412.701
342.731   475.398
385.201   526.11
431.168   582.353
480.132   638.597
530.596   694.84
589.737   764.8
652.192   838.562
703.655   895.728
766.61   966.723
838.241   1045.5
897.199   1110.04
962.652   1181.96
1035.6   1264.02
1122.13   1357.55
1214.25   1457.93
1274.2   1523.4
+KVIDCsIRLLine
ID:Z=2 A=4
2	4
39
11.7123   27.6331
22.9555   45.9858
38.6277   72.4136
56.8553   102.879
80.7044   142.154
111.197   187.301
138.113   223.639
164.347   260.345
191.515   298.975
217.394   332.782
234.511   356.491
263.446   393.811
287.491   424.985
309.701   453.523
334.154   483.379
357.587   511.918
389.397   551.557
417.11   586.682
451.139   627.514
497.44   683.083
537.582   730.062
572.019   770.456
607.068   813.483
643.696   855.888
678.4   895.728
726.93   951.819
761.065   989.82
800.89   1035.79
836.163   1075.02
879.686   1124.05
922.639   1171.25
964.417   1219.67
1010.75   1270.08
1057.68   1322.8
1103.37   1374.6
1161.67   1439.06
1207.77   1491.66
1261.24   1549.28
1387.64   1689.23
+KVIDCsIRLLine
ID:Z=3 A=7
3	7
22
36.4378   78.2347
55.76   117.802
91.15   183.553
129.998   249.886
167.625   310.4
212.168   384.298
250.812   447.721
299.532   525.376
375.444   639.194
456.757   761.142
547.737   893.659
631.895   1011.03
714.914   1124.85
799.639   1240.29
900.429   1375.7
1016.43   1526.1
1122.48   1665.94
1216.73   1789.66
1301.88   1898.6
1390.91   2008.04
1530.14   2183.1
1901.39   2639.23
+KVIDCutLine
OK:IMF_line
below
10
19.468   62.0736
79.3768   203.411
222.776   475.745
371.273   756.123
468.147   923.89
725.365   1399.21
1043.08   1982.16
1435.74   2659.63
1819.23   3343.96
2151.75   3920.6
!
# ASCII file generated by KVIDGCsI::WriteToAsciiFile
# ID Graph Name : ID_CSI_131
# This file can be read using KVIDGCsI::ReadFromAsciiFile
# 
++KVIDGCsI
<VARX> 
<VARY> 
<PARAMETER> IDTelescopes=ID_CSI_131
<PARAMETER> Runlist=0-1000
+KVIDCsIRLLine
ID:Z=1 A=1
1	1
16
15.486   20.4012
31.1015   41.32
51.3224   63.5327
85.144   100.626
108.603   127.799
140.503   162.02
186.938   211.746
234.859   263.328
272.903   304.521
303.612   338.661
345.99   383.936
401.146   444.945
458.068   505.922
566.269   626.026
642.52   708.49
705.342   779.041
+KVIDCsIRLLine
ID:Z=2 A=3
2	3
22
151.328   240.308
189.669   289.339
229.38   339.112
263.955   379.971
303.324   429.744
342.692   477.289
386.168   530.034
421.77   571.636
478.306   638.014
526.232   693.73
576.897   751.676
622.428   805.164
686.152   875.778
739.556   936.695
806.653   1012.47
853.895   1065.96
918.595   1137.27
980.415   1203.04
1044.05   1274.78
1116.29   1353.8
1215.33   1462.97
1352.65   1613.72
+KVIDCsIRLLine
ID:Z=2 A=4
2	4
41
14.3413   28.0138
25.6957   50.9362
38.1754   72.3157
52.4963   95.2381
63.8507   113.973
78.8876   138.438
91.981   159.597
114.311   192.625
135.055   223.057
155.946   251.904
178.603   282.653
201.701   314.036
223.769   342.566
248.768   376.739
274.914   411.407
305.378   450.545
333.238   485.076
364.843   522.221
410.443   579.214
448.081   625.025
478.537   662.169
524.507   717.886
558.985   756.888
588.003   791.556
647.463   861.258
699.18   921.308
742.277   970.834
797.728   1035.22
846.572   1090.32
893.54   1143.27
937.5   1192.79
984.044   1243.55
1020.25   1285.03
1071.74   1341.7
1123.82   1398.36
1169.37   1450.79
1223.8   1512.46
1267.61   1560.27
1312.14   1610.41
1378.45   1685.76
1491.48   1811.13
+KVIDCsIRLLine
ID:Z=3 A=7
3	7
21
33.5157   73.7842
59.8077   124.321
95.6605   190.862
159.133   298.674
207.999   381.218
264.036   472.185
360.705   619.585
403.198   682.756
483.363   801.269
576.052   936.705
680.554   1079.61
784.557   1219.45
923.005   1408.55
1016.19   1532.55
1141.41   1694.81
1242.5   1828.04
1354.74   1969.65
1471.64   2113.44
1620.58   2299.45
1724.58   2430.05
2002.08   2779.67
+KVIDCutLine
OK:IMF_line
below
11
17.7546   60.9246
84.635   208.508
206.618   439.721
324.815   669.951
396.743   796.872
617.467   1206.85
870.198   1665.92
1113.69   2092
1450.29   2719.49
1820.9   3379.33
2150.46   3943.75
!
# ASCII file generated by KVIDGCsI::WriteToAsciiFile
# ID Graph Name : ID_CSI_132
# This file can be read using KVIDGCsI::ReadFromAsciiFile
# 
++KVIDGCsI
<VARX> 
<VARY> 
<PARAMETER> IDTelescopes=ID_CSI_132
<PARAMETER> Runlist=0-1000
+KVIDCsIRLLine
ID:Z=1 A=1
1	1
10
17.8437   23.4829
68.6431   78.9756
141.067   162.215
222.921   251.803
290.719   329.72
395.407   448.927
463.369   528.055
554.46   629.792
642.428   725.665
755.174   845.094
+KVIDCsIRLLine
ID:Z=2 A=3
2	3
16
222.395   330.256
290.311   414.091
369.09   508.639
445.901   598.84
544.778   712.824
609.517   788.247
680.636   868.977
762.753   960.575
836.226   1044.41
920.812   1137.56
985.873   1211.68
1053.67   1284.07
1137.76   1374.69
1222.96   1467.84
1306.26   1561
1340.05   1596.95
+KVIDCsIRLLine
ID:Z=2 A=4
2	4
22
25.4427   51.6115
59.5081   108.155
101.901   170.882
153.194   245.851
210.664   325.598
276.056   410.38
339.523   490.66
409.37   577.985
484.422   665.409
566.519   764.636
649.97   864.53
723.118   945.556
789.055   1021.03
867.869   1110.94
948.936   1204.61
1020.45   1284.65
1095.75   1365.56
1163.23   1439.92
1238.44   1524.28
1308.5   1603.08
1384.52   1686.55
1475.16   1781.99
+KVIDCsIRLLine
ID:Z=3 A=7
3	7
13
99.9197   208.015
201.759   372.962
313.615   545.837
422.131   705.194
566.542   911.427
730.153   1140.21
938.839   1427.62
1126.66   1670.04
1317.27   1917.46
1474.79   2119.23
1681.81   2379.14
1946.42   2699.04
2140.08   2931.46
+KVIDCutLine
OK:IMF_line
below
5
125.782   310.333
368.548   819
689.52   1430.33
1074.04   2083.67
2183.59   3957.97
!
# ASCII file generated by KVIDGCsI::WriteToAsciiFile
# ID Graph Name : ID_CSI_113
# This file can be read using KVIDGCsI::ReadFromAsciiFile
# 
++KVIDGCsI
<VARX> 
<VARY> 
<PARAMETER> IDTelescopes=ID_CSI_113
<PARAMETER> Runlist=0-1000
+KVIDCsIRLLine
ID:Z=1 A=1
1	1
14
18.7635   24.7777
44.4983   58.3958
76.3919   92.6732
118.843   140.134
163.274   186.936
206.166   232.419
262.474   293.723
309.105   343.161
359.354   398.473
433.744   481.383
533.032   588.245
658.6   723.735
746.822   815.857
841.807   914.428
+KVIDCsIRLLine
ID:Z=2 A=3
2	3
19
146.902   235.177
183.972   284.504
220.698   334.859
264.976   390.351
310.284   445.844
361.426   505.447
412.226   567.106
462.339   625.681
519.66   694.533
633.676   823.876
722.955   926.721
782.425   995.327
862.4   1082.68
947.523   1178.25
1025.02   1263.24
1108.08   1352.64
1199.04   1452.32
1306.61   1569.83
1481.61   1760.44
+KVIDCsIRLLine
ID:Z=2 A=4
2	4
26
16.124   32.5894
34.68   66.8909
53.9764   98.1865
82.9209   145.81
111.805   190.638
150.517   246.614
196.17   309.651
240.574   370.484
292.168   437.589
359.466   522.533
407.196   581.142
468.344   655.557
516.173   713.427
575.462   785.947
654.852   881.374
752.296   992.733
868.491   1125.26
962.402   1229.55
1099.25   1383.44
1197.56   1493.89
1280.98   1587.99
1344.33   1657.72
1436.93   1760.13
1547.29   1886.21
1648.8   1998.74
1725.42   2083.67
+KVIDCsIRLLine
ID:Z=3 A=7
3	7
21
41.7256   96.2064
70.8842   154.939
115.447   231.8
178.991   334.038
247.211   446.429
302.227   533.44
367.482   635.839
437.902   741.703
522.902   867.87
606.926   992.007
695.426   1114.8
777.89   1226.97
915.204   1413
1050.38   1590.06
1176.39   1753.37
1304.02   1920.49
1417.64   2066.76
1551.2   2233.88
1661.05   2378.73
1838.55   2598.27
2198.89   3052.61
+KVIDCutLine
OK:IMF_line
below
11
27.6335   83.5755
51.5061   158.849
121.134   323.81
263.375   584.865
523.983   1074.94
719.937   1415.09
1044.49   2002.49
1314.05   2483.57
1690.33   3159.06
2054.87   3804.42
2151   3977.54
!
# ASCII file generated by KVIDGCsI::WriteToAsciiFile
# ID Graph Name : ID_CSI_114
# This file can be read using KVIDGCsI::ReadFromAsciiFile
# 
++KVIDGCsI
<VARX> 
<VARY> 
<PARAMETER> IDTelescopes=ID_CSI_114
<PARAMETER> Runlist=0-1000
+KVIDCsIRLLine
ID:Z=1 A=1
1	1
13
15.0591   17.679
32.2319   40.6868
61.1227   73.6849
96.4785   112.738
142.691   164.202
186.51   210.48
228.589   255.337
269.772   300.194
333.208   367.561
387.62   427.825
467.748   518.595
598.127   656.644
658.467   721.923
+KVIDCsIRLLine
ID:Z=2 A=3
2	3
15
199.909   299.502
241.784   353.967
293.27   414.598
355.053   488.589
407.912   551.275
464.203   617.044
532.165   693.089
590.859   760.914
684.617   867.483
779.351   972.302
869.28   1074.04
958.179   1172.69
1042.75   1264.51
1113.11   1340.56
1266.25   1507.4
+KVIDCsIRLLine
ID:Z=2 A=4
2	4
21
57.3481   101.767
96.371   164.298
145.837   234.233
208.147   318
269.93   399.184
331.026   478.312
397.561   559.224
459.486   635.387
541.379   730.828
626.844   827.914
690.325   902.785
752.981   976.011
815.088   1045.95
896.799   1137.74
960.005   1210.14
1033.1   1291.6
1094.94   1361.53
1177.93   1452.86
1258.47   1541.87
1338.16   1630.73
1407.44   1707.25
+KVIDCsIRLLine
ID:Z=3 A=7
3	7
19
67.4327   140.923
105.767   206.963
152.964   285.331
194.622   350.931
245.18   433.535
298.03   514.238
380.575   643.028
444.313   736.667
539.557   873.177
627.994   998.234
723.552   1126.37
807.691   1239.76
883.114   1345.11
969.378   1460.02
1161.57   1708.04
1286.83   1868.34
1457.93   2076.44
1583.19   2228.3
1752.21   2443.22
+KVIDCutLine
OK:IMF_line
below
11
22.4474   75.5957
91.6993   239.486
185.409   418.2
304.951   643.857
474.424   967.93
703.137   1378.52
875.261   1697.27
1062.99   2040.97
1384.91   2627.53
1879.55   3471.01
2201.51   3977.54
!
# ASCII file generated by KVIDGCsI::WriteToAsciiFile
# ID Graph Name : ID_CSI_123
# This file can be read using KVIDGCsI::ReadFromAsciiFile
# 
++KVIDGCsI
<VARX> 
<VARY> 
<PARAMETER> IDTelescopes=ID_CSI_123
<PARAMETER> Runlist=0-1000
+KVIDCsIRLLine
ID:Z=1 A=1
1	1
12
15.8637   20.7943
51.8474   61.0335
96.1688   111.087
149.486   169.974
198.854   225.589
249.538   279.242
293.859   326.351
352.662   391.453
446.132   491.234
551.889   606.063
680.684   747.064
751.774   823.617
+KVIDCsIRLLine
ID:Z=2 A=3
2	3
17
182.328   280.964
223.491   336.428
269.799   393.124
327.255   465.842
388.571   538.561
452.458   611.28
517.204   687.696
579.377   760.415
650.554   844.226
716.046   918.743
806.518   1021.04
909.799   1136.23
989.925   1225.54
1097.98   1346.33
1206.46   1464.65
1364.14   1639
1520.64   1814.02
+KVIDCsIRLLine
ID:Z=2 A=4
2	4
25
28.1409   54.3122
52.8541   97.4732
94.0428   161.187
152.05   247.509
212.804   330.748
272.527   408.849
341.862   500.309
413.599   589.714
460.966   648.289
519.66   716.114
619.386   837.07
708.285   940.862
776.59   1019.99
865.489   1120.7
919.721   1183.39
1012.11   1286.2
1107.87   1396.16
1186.19   1483.7
1256.89   1563.55
1328.55   1642.7
1399.62   1721.93
1488.44   1818.88
1583.52   1926.79
1694   2052.37
1785.7   2152.99
+KVIDCsIRLLine
ID:Z=3 A=7
3	7
17
49.629   110.152
81.7819   169.846
130.579   256.008
193.344   359.779
252.76   455.364
322.803   560.872
439.652   738.441
567.003   921.573
680.167   1088.01
839.202   1308.97
1007.64   1538.07
1137.27   1707.41
1339.39   1962.76
1538.75   2217.23
1729.9   2456.28
1927.59   2706.52
2125.28   2956.76
+KVIDCutLine
OK:IMF_line
below
11
20.5535   70.3255
63.8848   178.49
151.082   352.161
266.097   566.966
412.675   830.521
582.255   1139.78
739.644   1431.86
965.395   1843.19
1166.91   2224.61
1624.74   3049.8
2146.12   3982.42
!
# ASCII file generated by KVIDGCsI::WriteToAsciiFile
# ID Graph Name : ID_CSI_124
# This file can be read using KVIDGCsI::ReadFromAsciiFile
# 
++KVIDGCsI
<VARX> 
<VARY> 
<PARAMETER> IDTelescopes=ID_CSI_124
<PARAMETER> Runlist=0-1000
+KVIDCsIRLLine
ID:Z=1 A=1
1	1
14
17.6224   20.8096
41.2744   49.903
72.1633   85.873
111.877   130.307
158.299   181.088
193.954   220.761
243.905   275.245
295.873   331.316
348.842   390.504
423.874   473.135
490.865   547.158
561.586   625.333
690.787   772.381
813.816   907.487
+KVIDCsIRLLine
ID:Z=2 A=3
2	3
16
240.357   357.364
299.498   430.01
363.328   503.709
410.208   561.616
473.316   637.421
530.655   704.803
600.975   784.819
678.148   873.258
752.956   958.591
840.947   1058.61
926.895   1154.47
1012.72   1250.28
1098.19   1345.04
1192.71   1449.51
1285.54   1549.63
1351.13   1621.77
+KVIDCsIRLLine
ID:Z=2 A=4
2	4
21
32.8902   63.9203
63.6687   114.109
106.814   179.107
155.812   252.079
210.691   326.382
271.424   407.836
346.997   505.745
413.226   587.198
502.333   695.293
581.478   790.733
671.34   894.402
770.317   1011.55
851.661   1104.52
922.012   1183.5
1017.99   1292.42
1094.39   1377.99
1173.03   1467.17
1255.97   1559.82
1326.37   1639.12
1430.52   1757.6
1574.08   1923.11
+KVIDCsIRLLine
ID:Z=3 A=7
3	7
19
57.3463   121.872
90.5629   181.221
135.997   257.823
189.449   350.297
257.628   461.838
312.495   548.325
392.816   673.398
473.369   791.532
561.547   919.899
675.376   1079.15
768.507   1206.83
930.098   1427.04
1091.64   1636.84
1264.32   1866.08
1414.82   2061.02
1564.9   2248.05
1730.45   2455.62
1917.27   2691.56
2092.53   2906.28
+KVIDCutLine
OK:IMF_line
below
11
20.6251   67.9906
50.0383   142.502
116.218   291.526
229.912   509.739
340.211   713.315
508.206   1018.01
623.623   1222.72
834.607   1601.93
1012.12   1936.52
1439   2683.59
2147.75   3948.24
!
# ASCII file generated by KVIDGCsI::WriteToAsciiFile
# ID Graph Name : ID_CSI_111
# This file can be read using KVIDGCsI::ReadFromAsciiFile
# 
++KVIDGCsI
<VARX> 
<VARY> 
<PARAMETER> IDTelescopes=ID_CSI_111
<PARAMETER> Runlist=0-1000
+KVIDCsIRLLine
ID:Z=1 A=1
1	1
17
14.4612   19.1292
33.2558   45.4671
64.2733   82.4251
96.6052   115.135
123.548   144.871
151.28   174.608
175.595   200.946
225.531   256.144
264.366   299.377
335.748   376.689
382.787   428.847
431.117   480.71
492.899   549.335
565.994   629.241
643.568   717.253
716.971   797.159
795.159   881.659
+KVIDCsIRLLine
ID:Z=2 A=3
2	3
19
201.502   306.946
252.444   371.69
300.77   431.189
349.763   490.197
394.211   543.77
449.848   609.589
510.47   681.863
568.123   748.952
622.887   812.191
687.075   885.217
751.008   958.243
814.941   1029.76
891.699   1117.93
964.037   1200.75
1045.8   1290.33
1128.78   1380.34
1219.21   1482.73
1343.65   1621.67
1443.44   1732.76
+KVIDCsIRLLine
ID:Z=2 A=4
2	4
32
22.9426   46.4187
51.097   95.1504
79.9111   141.248
117.963   198.541
158.435   256.492
200.887   316.419
250.597   381.614
295.028   439.565
340.262   498.5
386.74   554.801
431.391   610.776
486.6   676.63
522.893   722.069
577.662   787.264
630.662   850.142
674.213   899.533
720.624   953.533
767.254   1008.85
811.685   1058.9
863.002   1117.83
913.152   1176.44
958.243   1227.81
1019.46   1298.92
1068.51   1353.58
1128.34   1422.07
1174.75   1473.43
1225.92   1531.39
1282.08   1596.25
1354.44   1675.27
1429.11   1756.46
1500.09   1832.44
1578.37   1916.15
+KVIDCsIRLLine
ID:Z=3 A=7
3	7
22
30.7611   72.5304
50.5775   117.313
87.7568   183.17
142.488   272.736
191.934   356.154
252.138   451.866
305.887   537.781
355.074   615.849
436.013   733.31
500.242   829.299
572.601   935.393
648.635   1042.82
747.329   1184.63
844.961   1313.71
977.833   1493
1071.22   1616.63
1196.97   1780.25
1396.18   2031.6
1567.6   2245.37
1735.91   2465.43
1906.3   2685.49
2094.77   2924.41
+KVIDCutLine
OK:IMF_line
below
13
18.1752   55.3916
50.1432   141.889
99.3571   253.338
210.404   467.086
315.141   650.893
440.6   883.251
593.597   1160.22
745.648   1443.88
986.823   1871.96
1197.86   2249.25
1642.66   3065.48
1838.79   3408.21
2171.31   3971.54
!
# ASCII file generated by KVIDGCsI::WriteToAsciiFile
# ID Graph Name : ID_CSI_112
# This file can be read using KVIDGCsI::ReadFromAsciiFile
# 
++KVIDGCsI
<VARX> 
<VARY> 
<PARAMETER> IDTelescopes=ID_CSI_112
<PARAMETER> Runlist=0-1000
+KVIDCsIRLLine
ID:Z=1 A=1
1	1
15
17.6825   21.4141
45.4482   52.7878
86.8765   101.238
130.655   149.292
170.468   193.374
212.63   239.044
253.645   285.917
315.446   351.763
374.111   418.169
472.608   529.596
535.011   601.315
634.48   718.563
740.873   840.354
832.066   942.236
962.782   1088.81
+KVIDCsIRLLine
ID:Z=2 A=3
2	3
18
285.351   419.178
344.788   491.266
407.092   564.689
468.875   638.111
530.919   710.199
585.142   774.277
650.576   847.367
710.795   915.45
761.89   974.188
828.106   1049.95
886.761   1116.7
985.822   1226.16
1067.42   1315.6
1137.8   1392.7
1214.45   1475.47
1289.26   1556.9
1403.19   1683.72
1491.04   1778.5
+KVIDCsIRLLine
ID:Z=2 A=4
2	4
24
45.3028   84.1138
79.2835   136.524
113.951   190.989
159.258   255.73
206.625   324.582
273.557   412.959
336.027   494.143
413.256   590.741
490.141   688.367
583.767   798.02
662.712   893.59
730.674   969.636
810.017   1064.9
899.259   1165.61
963.788   1240.63
1023.85   1307.42
1116.87   1412.24
1177.63   1481.1
1246.46   1556.84
1317.51   1638.02
1400.92   1729.48
1485.36   1824.02
1569.45   1915.48
1675.51   2028.52
+KVIDCsIRLLine
ID:Z=3 A=7
3	7
21
77.7595   161.885
108.017   219.489
156.313   304.867
222.102   410.01
285.55   511.11
373.544   642.52
447.923   750.623
520.467   862.85
672.667   1082.2
766.604   1213.78
889.081   1381.56
1031.22   1570.72
1176.58   1768.52
1312.24   1942.42
1456.1   2125
1593.2   2294.85
1749.74   2490.48
1892.11   2670.9
2024.09   2832.67
2206.58   3064.25
2396.09   3294.62
+KVIDCutLine
OK:IMF_line
below
15
22.4057   63.6562
71.893   184.262
144.668   334.245
232.581   508.969
330.974   691.423
431.113   872.331
541.731   1073.34
638.959   1243.43
784.958   1513.61
977.085   1859.96
1206.24   2275.21
1438.42   2686.19
1663.33   3083.43
1782.78   3298.83
2181.96   3967.77
!
# ASCII file generated by KVIDGCsI::WriteToAsciiFile
# ID Graph Name : ID_CSI_121
# This file can be read using KVIDGCsI::ReadFromAsciiFile
# 
++KVIDGCsI
<VARX> 
<VARY> 
<PARAMETER> IDTelescopes=ID_CSI_121
<PARAMETER> Runlist=0-1000
+KVIDCsIRLLine
ID:Z=1 A=1
1	1
13
13.9284   20.8284
38.8762   49.7152
69.494   85.8236
103.797   121.507
142.637   163.138
176.798   200.521
213.653   240.028
254.212   283.358
290.062   322.904
343.981   380.529
388.781   428.055
464.129   508.397
532.519   584.439
+KVIDCsIRLLine
ID:Z=2 A=3
2	3
19
172.591   268.001
202.126   305.316
235.881   347.56
268.147   385.58
327.466   459.507
376.112   517.24
428.234   580.606
487.186   648.937
556.185   730.609
612.525   793.975
695.245   888.357
760.521   962.284
834.235   1041.14
896.533   1111.55
961.63   1182.69
1039.07   1268.59
1119.93   1357.16
1206.36   1452.3
1331.42   1587.13
+KVIDCsIRLLine
ID:Z=2 A=4
2	4
32
18.4643   37.3163
35.616   67.448
67.6513   119.224
97.8439   167.18
129.312   212.165
176.94   279.219
210.96   327.175
246.027   374.04
275.511   410.537
313.216   459.342
351.63   507.723
403.549   571.337
443.195   619.411
486.212   672.825
525.66   719.118
572.967   775.427
626.688   837.744
668.118   885.817
705.981   929.142
744.636   974.248
807.207   1045.39
857.954   1102.96
923.173   1177.15
981.849   1241.25
1031.93   1297.22
1085.85   1357.76
1132.63   1409.39
1181.99   1463.4
1237.03   1525.65
1316.32   1612.3
1413.46   1719.13
1483.94   1798.08
+KVIDCsIRLLine
ID:Z=3 A=7
3	7
26
52.1268   109.362
71.913   148.893
94.4183   191.129
129.348   253.486
169.495   319.418
211.699   384.591
257.721   460.055
298.44   521.798
351.119   603.503
410.041   697.521
461.364   770.927
523.974   862.904
590.78   954.833
654.874   1047.5
700.896   1110.61
759.877   1191.66
822.017   1280.85
882.248   1360.43
992.905   1507.48
1097.12   1644.36
1207.1   1783.74
1309.95   1914.28
1434.25   2071.99
1630.76   2314.35
1809.57   2537.71
1902.6   2650.01
+KVIDCutLine
OK:IMF_line
below
14
17.7757   54.1829
57.623   144.775
105.715   245.251
161.226   363.021
235.974   509.616
312.096   658.682
409.735   837.188
542.643   1083.97
672.227   1303.33
814.977   1565.43
973.019   1843.75
1144.1   2141.6
1360.79   2551.76
2154.26   3943.36
!
# ASCII file generated by KVIDGCsI::WriteToAsciiFile
# ID Graph Name : ID_CSI_122
# This file can be read using KVIDGCsI::ReadFromAsciiFile
# 
++KVIDGCsI
<VARX> 
<VARY> 
<PARAMETER> IDTelescopes=ID_CSI_122
<PARAMETER> Runlist=0-1000
+KVIDCsIRLLine
ID:Z=1 A=1
1	1
12
16.9164   21.3385
45.6871   53.6058
85.9309   100.155
130.764   147.763
171.537   195.37
214.075   241.92
263.674   295.875
319.102   358.103
392.834   435.979
474.013   523.598
563.885   621.985
713.817   787.744
+KVIDCsIRLLine
ID:Z=2 A=3
2	3
16
273.011   399.12
350.687   493.005
414.493   567.288
488.355   656.015
548.693   725.139
614.926   802.517
688.059   883.522
753.599   960.9
830.928   1047.56
910.685   1134.23
996.337   1230.18
1078.97   1319.93
1154.92   1403.5
1247.47   1505.31
1386.52   1659.03
1503.73   1783.87
+KVIDCsIRLLine
ID:Z=2 A=4
2	4
26
31.407   61.9346
64.573   114.837
104.372   177.019
152.226   245.917
194.079   303.522
245.21   372.296
296.735   440.481
340.964   498.174
398.017   568.71
482.564   672.522
548.891   752.315
621.523   838.62
685.103   910.452
742.545   979.496
811.71   1058.55
876.609   1131.7
931.566   1194.99
993.151   1262.39
1063.7   1343.26
1130.53   1418.88
1188.8   1484.64
1251.28   1552.77
1329   1638.67
1405.78   1721.68
1501.88   1828.54
1583.41   1919.27
+KVIDCsIRLLine
ID:Z=3 A=7
3	7
18
47.9575   102.635
86.8055   173.676
140.517   268.954
208.417   383.455
275.64   490.435
352.661   609.95
397.251   675.977
477.774   799.84
581.943   947.941
683.071   1090.19
781.365   1223.53
889.762   1374.09
1061.14   1600.75
1195.31   1779.13
1375.94   2010.69
1529.94   2202.98
1752.68   2487.74
2050.59   2870.43
+KVIDCutLine
OK:IMF_line
below
13
17.884   55.7731
46.506   135.216
141.479   336.786
314.078   641.514
423.795   850.199
512.842   1010.27
656.887   1282.45
741.13   1431.73
844.613   1620.04
1123.85   2135.09
1409.68   2649.53
1771.9   3284.79
2111.9   3914.06
!
