# ASCII file generated by KVIDZAGrid::WriteToAsciiFile
# ID Graph Name : ID_SI2_CSI_111
# This file can be read using KVIDZAGrid::ReadFromAsciiFile
# 
++KVIDZAGrid
<VARX> Q3Amplitude
<VARY> Q2Amplitude
<PARAMETER> IDTelescopes=ID_SI2_CSI_111
<PARAMETER> Runlist=12-43
+KVIDZALine
ID:Z=1 A=1
1	1
19
4.34463   26.9112
9.13999   24.1719
14.9979   21.4932
23.3992   18.8573
31.8006   16.5475
43.3135   14.2968
57.0046   12.1054
71.3179   10.2693
95.2773   8.34427
128.26   6.53779
159.687   5.3532
195.471   4.33386
250.235   3.50466
315.268   2.73468
408.828   2.28763
535.874   1.92589
786.159   1.42652
1462.43   1.03088
2019.69   0.777908
+KVIDZALine
ID:Z=1 A=2
1	2
16
4.34463   35.9661
16.1486   30.1071
31.6413   24.7046
50.8227   20.0629
87.3412   14.7365
127.989   11.2477
182.819   8.32598
230.963   6.82335
284.456   5.68245
366.033   4.59722
443.599   3.79026
521.164   3.31721
624.138   2.87199
744.498   2.53807
1229.95   1.87024
2025.66   1.3137
+KVIDZALine
ID:Z=1 A=3
1	3
15
5.45125   42.8144
15.7797   36.8031
27.3943   32.3207
44.183   27.2917
72.8829   22.075
99.6707   18.0879
147.181   13.9138
183.572   11.9532
248.772   9.42345
324.581   7.56315
407.471   6.04528
526.753   4.84363
693.679   3.90156
1005.25   3.02309
2065.52   1.75429
+KVIDZALine
ID:Z=2 A=3
2	3
22
-6.77309   104.371
3.18733   95.7242
20.12   84.8914
40.0409   75.5988
65.9466   65.6218
103.203   55.6538
137.877   48.4352
186.937   41.0542
271.04   32.8363
339.651   28.5752
420.529   24.5651
542.753   20.6308
628.78   18.2948
756.572   15.6744
894.682   13.729
1077.01   11.6307
1235.64   10.2764
1499.56   8.33594
1836.47   6.86113
2295.05   5.58038
2759.24   4.64892
3313.28   3.79509
+KVIDZALine
ID:Z=2 A=4
2	4
22
2.66058   112.645
16.0489   100.822
32.4021   89.9802
52.9387   80.7194
80.7012   70.9315
116.07   61.3695
155.622   54.2921
209.625   46.5758
280.743   38.7453
345.609   34.2864
433.46   29.6182
542.988   25.402
622.207   22.8717
762.541   19.4836
904.52   17.3295
1078.16   14.9489
1254.36   13.2649
1480.81   11.5647
1752.25   10.0048
2061.96   8.87927
2543   7.40448
3498.58   5.46395
+KVIDZALine
ID:Z=2 A=6
2	6
22
7.15535   130.954
18.6393   120.596
37.6318   107.63
61.483   96.5518
93.7263   84.8441
134.804   73.4067
180.739   64.9411
243.459   55.7112
326.054   46.345
401.391   41.0114
503.42   35.4277
630.627   30.3844
722.632   27.3577
885.615   23.305
1050.51   20.7286
1251.82   18.2964
1494.26   16.3259
1741.92   14.6586
2109.49   12.688
2445.78   11.2479
3016.68   9.88372
4111.2   7.3111
+KVIDZALine
ID:Z=3 A=6
3	6
22
11.5497   197.113
30.0845   181.449
61.5558   162.072
99.236   145.084
147.706   127.293
214.403   110.146
277.997   97.9679
382.508   82.982
517.429   69.048
636   61.3057
801.714   52.6218
1020.27   45.2806
1166.89   40.9439
1447.14   35.3454
1710.12   31.4695
2052.04   27.5301
2310.07   25.1764
2823.12   21.1189
3372.81   18.8042
3956.05   16.8593
4823.14   14.4123
6636.05   11.0047
+KVIDZALine
ID:Z=3 A=7
3	7
22
11.5426   210.525
37.5153   191.146
68.3581   170.115
106.506   152.386
161.698   133.795
238.857   114.822
311.041   102.141
418.179   87.4988
569.705   73.2775
692.152   64.4372
869.457   55.9884
1086.17   47.8775
1242.82   43.4991
1530.14   37.8286
1811.79   33.3067
2170.02   29.3436
2447.64   26.9774
3021.3   22.5966
3592.36   20.1218
4200.31   18.0113
5140.27   15.3535
7045.31   11.6299
+KVIDZALine
ID:Z=3 A=8
3	8
22
12.9225   222.648
37.2391   201.208
72.6719   179.529
120.286   159.652
172.023   140.793
251.714   121.726
328.343   107.654
440.547   91.9293
602.774   76.9148
743.81   67.9415
934.469   58.6523
1158.58   49.9063
1327.76   44.8422
1641.63   39.1997
1957.85   34.6672
2341.66   30.6214
2635.26   28.2847
3186.19   23.8433
3858.42   21.1189
4493.62   19.2582
5479.57   16.922
7554.54   12.2365
+KVIDZALine
ID:Z=4 A=7
4	7
14
63.0865   246.214
141.293   208.687
240.355   172.898
407.195   139.194
558.394   118.346
746.09   98.1933
1017.21   81.5152
1311.78   71.0913
1739.31   59.625
2143.38   50.9383
2521.38   46.0738
2925.44   41.5568
3540.67   36.1077
3889.99   32.4398
+KVIDZALine
ID:Z=4 A=9
4	9
18
34.4108   294.467
76.1209   267.76
143.9   238.088
242.961   203.468
381.126   173.403
511.47   151.801
602.711   136.423
701.773   123.974
821.689   110.82
988.53   99.9398
1189.26   89.7188
1507.3   78.5731
1788.84   70.2661
2091.24   63.3422
2469.24   56.4184
2888.95   51.5414
3308.65   47.5163
3869.13   41.8505
+KVIDZALine
ID:Z=5 A=10
5	10
16
29.1971   391.602
162.148   327.515
295.099   272.706
391.554   243.363
542.753   210.721
740.876   178.739
946.82   158.298
1199.69   137.196
1504.69   120.711
1794.06   109.831
2044.32   102.577
2367.57   93.3456
2758.6   84.7733
3087.07   79.1682
3467.67   73.5632
3858.71   69.2769
+KVIDZALine
ID:Z=6 A=12
6	12
15
99.5829   492.92
193.431   428.833
318.561   372.07
461.939   328.735
615.746   291.007
733.055   267.102
897.289   238.088
1165.8   206.435
1387.38   185.664
1653.28   167.199
2099.06   142.802
2563.09   126.976
2946.3   118.733
3337.33   113.128
3657.98   109.171
+KVIDZALine
ID:Z=7 A=15
7	15
10
394.161   493.53
600.104   403.809
819.082   353.76
1124.09   292.725
1455.16   254.883
1817.52   229.248
2179.87   206.055
2586.55   185.913
2860.27   174.316
3371.22   163.94
+KVIDCutLine
OK:PIEDESTAL
above
10
15.6527   7.35205
65.0526   5.44446
132.001   3.81809
206.062   2.4544
350.833   1.21912
508.764   0.86123
788.904   0.815052
1036.14   0.872775
1302.18   0.630338
1605.74   0.451082
!
# ASCII file generated by KVIDZAGrid::WriteToAsciiFile
# ID Graph Name : ID_SI2_CSI_112
# This file can be read using KVIDZAGrid::ReadFromAsciiFile
# 
++KVIDZAGrid
<VARX> Q3Amplitude
<VARY> Q2Amplitude
<PARAMETER> IDTelescopes=ID_SI2_CSI_112
<PARAMETER> Runlist=12-43
+KVIDZALine
ID:Z=1 A=1
1	1
19
7.21891   27.9239
10.0194   26.0319
14.9979   23.2741
23.3992   20.4198
31.8006   17.9186
43.3135   15.4814
57.0046   13.1084
71.3179   11.1201
95.2773   9.03565
128.26   7.07948
159.687   5.79675
195.471   4.69294
250.235   3.79504
315.268   2.96126
408.828   2.47718
535.874   2.08546
786.159   1.54471
1462.43   1.1163
2019.69   0.842363
+KVIDZALine
ID:Z=1 A=2
1	2
16
3.61677   37.7317
12.9781   33.3023
29.0261   27.0649
49.086   22.0329
82.5193   16.3681
127.989   12.1797
182.819   9.01584
230.963   7.38871
284.456   6.15328
366.033   4.97813
443.599   4.10431
521.164   3.59206
624.138   3.10995
744.498   2.74836
1229.95   2.0252
2025.66   1.42255
+KVIDZALine
ID:Z=1 A=3
1	3
15
7.17709   44.0729
13.2422   40.3405
27.3943   34.9986
41.5463   30.376
72.8829   23.904
99.6707   19.5867
147.181   15.0667
183.572   12.9436
248.772   10.2042
324.581   8.1898
407.471   6.54617
526.753   5.24496
693.679   4.22483
1005.25   3.27357
2065.52   1.89964
+KVIDZALine
ID:Z=2 A=3
2	3
22
-6.92702   113.414
3.12773   104.047
20.062   92.3016
39.6423   82.2656
67.6898   71.6348
103.146   61.4501
137.544   53.793
185.701   45.4668
266.139   36.9177
332.288   32.1598
421.723   27.402
534.704   23.3757
631.558   20.4885
758.564   17.7082
893.766   15.3588
1076.34   13.0542
1235.1   11.6418
1498.64   9.48589
1835.74   7.92473
2294.02   6.51226
2758.66   5.54582
3312.73   4.57939
+KVIDZALine
ID:Z=2 A=4
2	4
22
4.20046   120.542
12.9088   110.295
33.3988   98.1553
53.8889   87.7501
80.0138   77.8179
118.1   66.8977
157.389   59.1984
209.471   50.7507
284.395   42.5168
353.838   37.4909
441.554   32.465
538.407   28.2946
634.347   25.3005
773.231   21.7717
913.943   18.9914
1084.81   16.8527
1283.08   14.7141
1480.44   12.8962
1751.82   11.2922
2061.57   10.009
2542.18   8.40498
3497.92   6.26631
+KVIDZALine
ID:Z=2 A=6
2	6
22
7.15535   141.804
18.6393   130.589
37.6318   116.547
61.483   104.552
93.7263   91.874
134.804   79.489
180.739   70.3219
243.459   60.3273
326.054   50.185
401.391   44.4095
503.42   38.3631
630.627   32.902
722.632   29.6245
885.615   25.236
1050.51   22.4462
1251.82   19.8124
1494.26   17.6786
1741.92   15.8731
2109.49   13.7392
2445.78   12.1799
3016.68   10.7027
4111.2   7.91687
+KVIDZALine
ID:Z=3 A=6
3	6
22
11.0714   214.783
34.8696   197.054
66.9864   176.155
102.143   157.438
154.161   138.454
220.688   120.287
282.628   107.174
388.154   90.9188
532.68   75.8931
654.265   67.2875
819.437   58.1355
1025.9   50.0763
1172.72   45.2955
1455.19   39.0389
1732.49   34.5724
2041.78   30.2187
2332.18   27.4147
2814.13   23.5037
3378.84   20.4045
3959.67   18.2645
4829.45   16.6102
6641.75   12.922
+KVIDZALine
ID:Z=3 A=7
3	7
22
9.63501   228.198
40   207.559
75.3571   186.035
113.929   166.318
167.5   146.3
238.214   126.131
310.156   111.272
417.977   95.4264
569.385   79.991
719.571   69.6611
880.39   61.395
1087.9   53.1289
1269.29   48.0025
1549.54   42.0992
1819.61   37.0813
2168.1   32.5063
2474.48   29.6284
3036.54   25.1762
3590.66   22.3472
4198.58   20.1617
5139.14   17.2931
7043.21   13.1952
+KVIDZALine
ID:Z=3 A=8
3	8
22
16.4286   242.523
48.634   218.637
85   195.714
127.857   175.244
181.689   153.207
257.393   132.581
337.685   117.419
450.094   100.481
612.972   84.2255
755.203   74.3906
945.61   64.419
1168.13   54.9938
1359.45   49.6835
1664.25   43.5012
2008.38   37.9668
2352.51   33.9083
2634.04   31.226
3221.81   26.8621
3868.24   23.7132
4503.69   21.8008
5490.14   19.2055
7563.96   14.1514
+KVIDZALine
ID:Z=4 A=7
4	7
14
52.0847   281.306
151.821   229.552
269.03   187.507
435.871   151.118
572.932   128.554
774.765   106.701
1045.88   88.7628
1417   74.2905
1765.38   65.0164
2172.05   55.6204
2550.05   50.3244
2951.51   45.3701
3579.77   39.5617
3916.06   36.6574
+KVIDZALine
ID:Z=4 A=9
4	9
18
18.7695   363.525
107.404   290.522
175.182   258.404
281.11   219.829
409.802   188.361
526.758   165.252
631.387   148.556
733.055   135.06
850.365   120.709
1019.81   108.922
1220.54   97.988
1538.58   85.8586
1817.52   76.8042
2119.92   69.2874
2500.52   61.9414
2948.91   56.1329
3337.33   52.2036
3939.52   46.2243
+KVIDZALine
ID:Z=5 A=10
5	10
17
26.5902   470.337
115.224   399.536
203.858   342.773
295.099   295.302
391.554   263.527
542.753   228.18
740.876   193.549
946.82   171.414
1199.69   148.564
1504.69   130.713
1794.06   118.931
2044.32   111.077
2367.57   101.08
2758.6   91.7973
3087.07   85.7278
3467.67   79.6584
3858.71   75.017
+KVIDZALine
ID:Z=6 A=12
6	12
14
154.327   494.141
302.92   412.354
459.333   351.929
558.394   325.573
688.738   290.894
897.289   257.935
1165.8   223.755
1384.78   201.172
1650.68   181.641
2096.45   154.785
2563.09   137.695
2972.37   127.319
3324.3   121.216
3775.29   115.723
+KVIDZALine
ID:Z=7 A=15
7	15
12
448.905   492.92
660.063   420.288
821.689   378.174
1043.27   339.722
1176.23   320.19
1504.69   277.466
1924.4   239.624
2318.04   213.989
2703.86   195.679
2998.44   182.861
3459.85   168.213
3840.46   161.499
+KVIDCutLine
OK:PIEDESTAL
above
10
15.6527   7.96122
65.0526   5.89556
132.001   4.13444
206.062   2.65776
350.833   1.32013
508.764   0.932588
788.904   0.882584
1036.14   0.945091
1302.18   0.682566
1605.74   0.488457
!
# ASCII file generated by KVIDZAGrid::WriteToAsciiFile
# ID Graph Name : ID_SI2_CSI_113
# This file can be read using KVIDZAGrid::ReadFromAsciiFile
# 
++KVIDZAGrid
<VARX> Q3Amplitude
<VARY> Q2Amplitude
<PARAMETER> IDTelescopes=ID_SI2_CSI_113
<PARAMETER> Runlist=12-43
+KVIDZALine
ID:Z=1 A=1
1	1
19
7.21891   27.9239
10.0194   26.0319
14.9979   23.2741
23.3992   20.4198
31.8006   17.9186
43.3135   15.4814
57.0046   13.1084
71.3179   11.1201
95.2773   9.03565
128.26   7.07948
159.687   5.79675
195.471   4.69294
250.235   3.79504
315.268   2.96126
408.828   2.47718
535.874   2.08546
786.159   1.54471
1462.43   1.1163
2019.69   0.842363
+KVIDZALine
ID:Z=1 A=2
1	2
16
3.61677   37.7317
12.9781   33.3023
29.0261   27.0649
49.086   22.0329
82.5193   16.3681
127.989   12.1797
182.819   9.01584
230.963   7.38871
284.456   6.15328
366.033   4.97813
443.599   4.10431
521.164   3.59206
624.138   3.10995
744.498   2.74836
1229.95   2.0252
2025.66   1.42255
+KVIDZALine
ID:Z=1 A=3
1	3
15
7.17709   44.0729
13.2422   40.3405
27.3943   34.9986
41.5463   30.376
72.8829   23.904
99.6707   19.5867
147.181   15.0667
183.572   12.9436
248.772   10.2042
324.581   8.1898
407.471   6.54617
526.753   5.24496
693.679   4.22483
1005.25   3.27357
2065.52   1.89964
+KVIDZALine
ID:Z=2 A=3
2	3
22
-6.92702   113.414
3.12773   104.047
20.062   92.3016
39.3394   81.2486
65.927   71.0075
101.949   60.7664
134.54   53.2964
182.569   45.3445
260.617   36.3083
333.518   31.1275
424.431   26.5491
542.788   22.4527
646.566   19.6816
776.073   17.0309
893.766   15.3588
1076.34   13.0542
1235.1   11.6418
1498.64   9.48589
1835.74   7.92473
2294.02   6.51226
2758.66   5.54582
3312.73   4.57939
+KVIDZALine
ID:Z=2 A=4
2	4
22
4.20046   120.542
12.9088   110.295
27.2075   98.7305
48.7737   87.7547
76.219   77.5136
113.956   66.6701
155.124   58.3567
208.299   49.9229
282.916   41.8505
354.102   36.3083
446.73   31.248
559.084   27.0311
639.704   24.642
776.073   21.3131
913.943   18.9914
1084.81   16.8527
1283.08   14.7141
1480.44   12.8962
1751.82   11.2922
2061.57   10.009
2542.18   8.40498
3497.92   6.26631
+KVIDZALine
ID:Z=2 A=6
2	6
22
7.15535   141.804
18.6393   130.589
37.6318   116.547
61.483   104.552
93.7263   91.874
134.804   79.489
180.739   70.3219
243.459   60.3273
326.054   50.185
401.391   44.4095
509.791   38.6813
638.272   33.4685
731.311   29.9578
889.328   25.8088
1062.11   22.5109
1264.44   20.0641
1515.49   17.6172
1741.92   15.8731
2109.49   13.7392
2445.78   12.1799
3016.68   10.7027
4111.2   7.91687
+KVIDZALine
ID:Z=3 A=6
3	6
22
10.9825   214.103
34.0104   196.363
65.8952   175.433
101.323   156.799
152.693   137.783
220.005   119.533
282.003   106.643
386.514   90.3071
531.767   75.375
653.992   66.6966
818.73   57.5076
1024.21   49.4673
1171.23   44.7452
1454.65   38.4916
1730.99   34.0247
2052.01   30.4046
2344.47   27.754
2828.08   24.3804
3398.8   20.6454
3959.38   17.6888
4829.13   16.0296
6641.24   12.3285
+KVIDZALine
ID:Z=3 A=7
3	7
22
7.10583   231.568
38.8668   207.162
74.396   184.341
118.538   163.105
162.142   145.356
230.633   124.51
301.488   110.344
409.542   94.5187
561.881   79.0761
712.448   68.7386
871.871   60.443
1079.12   52.1474
1261.57   47.0424
1541.45   41.1717
1823.01   36.5492
2166.08   32.5733
2458.92   29.9227
3034.78   25.9467
3588.35   22.3322
4191.43   19.2203
5132.03   16.2849
7034.49   12.2009
+KVIDZALine
ID:Z=3 A=8
3	8
22
16.4286   242.523
48.634   218.637
85.951   191.016
130.782   169.775
183.341   148.901
254.452   129.126
332.519   114.111
453.098   97.998
603.821   82.9834
761.597   72.7295
964.711   62.1094
1168.13   54.9938
1359.45   49.6835
1664.25   43.5012
2008.38   37.9668
2352.51   33.9083
2634.04   31.226
3247.85   27.1515
3868.24   23.7132
4503.69   21.8008
5490.14   19.2055
7563.96   14.1514
+KVIDZALine
ID:Z=4 A=7
4	7
14
52.0847   281.306
151.821   229.552
248.175   186.621
386.34   152.197
561.001   126.929
774.765   106.701
1045.88   88.7628
1417   74.2905
1743.98   64.5989
2162.79   55.143
2543.32   49.9174
2951.51   45.3701
3579.77   39.5617
3916.06   36.6574
+KVIDZALine
ID:Z=4 A=9
4	9
18
13.5558   353.149
107.404   290.522
175.182   258.404
281.11   219.829
381.126   186.621
508.863   160.254
631.387   143.774
727.841   131.689
863.399   118.14
1030.24   106.787
1220.54   97.988
1538.58   85.8586
1817.52   76.8042
2119.92   69.2874
2500.52   61.9414
2948.91   56.1329
3337.33   52.2036
3939.52   46.2243
+KVIDZALine
ID:Z=5 A=10
5	10
17
23.9833   460.571
104.797   397.705
190.824   345.215
295.099   295.302
391.554   263.527
542.753   228.18
740.876   193.549
946.82   171.414
1199.69   148.564
1504.69   130.713
1794.06   118.931
2044.32   111.077
2367.57   101.08
2758.6   91.7973
3087.07   85.7278
3467.67   79.6584
3858.71   75.017
+KVIDZALine
ID:Z=6 A=12
6	12
14
136.079   495.361
253.389   439.209
368.092   386.719
532.325   328.125
704.38   287.231
876.434   254.272
1157.98   218.872
1403.02   197.51
1736.7   174.316
2099.06   154.633
2563.09   137.496
2972.37   127.295
3326.9   120.703
3777.89   115.576
+KVIDZALine
ID:Z=7 A=15
7	15
11
441.084   495.972
574.035   434.326
886.861   348.267
1275.29   287.231
1671.53   246.948
1960.9   228.638
2203.34   215.21
2581.33   201.782
3008.86   188.354
3642.34   170.654
3884.78   163.94
+KVIDCutLine
OK:PIEDESTAL
above
10
15.6527   7.96122
65.0526   5.89556
132.001   4.13444
206.062   2.65776
350.833   1.32013
508.764   0.932588
788.904   0.882584
1036.14   0.945091
1302.18   0.682566
1605.74   0.488457
!
# ASCII file generated by KVIDZAGrid::WriteToAsciiFile
# ID Graph Name : ID_SI2_CSI_114
# This file can be read using KVIDZAGrid::ReadFromAsciiFile
# 
++KVIDZAGrid
<VARX> Q3Amplitude
<VARY> Q2Amplitude
<PARAMETER> IDTelescopes=ID_SI2_CSI_114
<PARAMETER> Runlist=12-43
+KVIDZALine
ID:Z=1 A=1
1	1
19
6.74817   25.0875
9.32116   23.3508
14.4671   20.9193
23.0438   18.339
31.6204   16.106
42.7701   13.9227
56.4927   11.789
71.073   10.0026
95.0876   8.11696
127.679   6.42982
159.412   5.2389
195.434   4.24647
249.467   3.45253
314.65   2.7082
408.135   2.26161
535.069   1.91426
785.507   1.46766
1462.2   1.07069
2019.69   0.822583
+KVIDZALine
ID:Z=1 A=2
1	2
16
3.31751   34.863
12.7518   30.794
28.1898   25.0379
48.7737   20.3735
82.2226   15.1632
127.679   11.2927
182.569   8.36506
230.599   6.82679
283.774   5.6855
365.252   4.64344
443.299   3.79988
520.489   3.35328
623.409   2.90669
744.339   2.55934
1229.78   1.91426
2024.83   1.3188
+KVIDZALine
ID:Z=1 A=3
1	3
15
6.74817   39.9244
12.7518   36.5997
27.3321   31.7368
42.7701   27.4694
72.7883   21.7133
99.3759   17.7932
146.547   13.6746
186.858   11.2927
241.748   9.30787
317.223   7.37263
407.277   5.98323
526.493   4.84193
692.88   3.89912
1005.07   3.00593
2065.14   1.76539
+KVIDZALine
ID:Z=2 A=3
2	3
22
-7.2993   101.466
3.12823   92.9809
18.7695   82.5604
39.6246   73.4796
65.6934   63.9523
102.19   54.7227
136.079   48.0238
185.61   40.4317
266.423   32.8396
331.595   28.5225
420.229   24.0565
542.753   20.1861
628.78   17.9531
756.517   15.2735
894.682   13.4871
1074.56   11.403
1233.58   10.0633
1499.48   8.27688
1835.77   6.78823
2294.58   5.44845
2758.6   4.70413
3311.26   3.81094
+KVIDZALine
ID:Z=2 A=4
2	4
22
5.73511   106.379
13.5558   97.8935
31.8039   87.4729
52.659   78.3922
78.7278   68.8648
115.224   59.6352
154.327   52.9363
209.072   45.3442
279.458   37.7521
344.63   33.435
433.264   28.9691
542.753   24.8009
620.959   22.419
761.731   19.144
902.503   16.911
1077.16   14.6781
1251.82   13.0406
1478.62   11.403
1749.74   9.76553
2059.96   8.87234
2542.23   7.38369
3496.35   5.44845
+KVIDZALine
ID:Z=2 A=6
2	6
22
7.15535   130.98
18.6393   120.621
37.6318   107.651
61.483   96.5711
93.7263   84.8611
134.804   73.4214
180.739   64.9541
243.459   55.7224
326.054   46.3543
401.391   41.0196
503.42   35.4348
630.627   30.3905
722.632   27.3632
885.615   23.3097
1050.51   20.7328
1251.82   18.3001
1494.26   16.3292
1741.92   14.6615
2109.49   12.6905
2445.78   11.2502
3016.68   9.88572
4111.2   7.31256
+KVIDZALine
ID:Z=3 A=6
3	6
22
9.98537   189.426
29.0052   174.533
59.9124   155.796
97.952   139.461
145.502   122.405
212.071   105.83
276.263   94.2998
380.872   79.8867
525.898   66.6747
647.149   58.7475
811.195   50.8203
1018.04   43.6138
1165.44   39.5301
1445.98   34.005
1709.88   30.4018
2037.97   26.5583
2299.5   24.1561
2822.54   20.3126
3371.74   18.1506
3954.22   16.2289
4822   14.0669
6636.01   10.7039
+KVIDZALine
ID:Z=3 A=7
3	7
22
9.98537   204.49
36.1376   185.73
67.0448   165.22
105.084   147.962
159.766   129.953
231.091   112.445
309.547   99.1882
416.534   85.1813
568.692   71.4246
689.944   62.9205
868.254   54.6664
1084.6   46.6625
1241.52   42.4104
1529.19   36.9078
1809.74   32.4056
2180.92   28.3124
2439.77   26.1525
3019.87   22.1506
3590.47   19.6493
4199.1   17.6484
5138.2   15.1471
7044.94   11.3953
+KVIDZALine
ID:Z=3 A=8
3	8
22
12.3629   220.747
36.1376   199.487
71.7998   177.977
112.217   158.967
171.654   139.708
245.356   120.949
326.19   106.692
440.309   91.4344
601.977   76.4271
742.248   67.6728
932.446   58.1681
1158.31   49.664
1327.11   44.6615
1640.93   39.1589
1940.5   34.4065
2309.01   30.4046
2622.83   27.9034
3183.92   23.9014
3856.74   21.1501
4491.53   19.3992
5478.18   17.1481
7553.72   12.3958
+KVIDZALine
ID:Z=4 A=7
4	7
16
18.7695   272.583
73.514   235.962
141.293   208.729
240.355   172.933
407.195   139.222
558.394   118.37
746.09   98.2132
987.128   81.8848
1239.14   70.5322
1455.49   63.9404
1688.48   58.4473
2114.05   50.0244
2501.58   44.8975
2917.64   40.1367
3780.5   32.8767
3889.99   32.4463
+KVIDZALine
ID:Z=4 A=9
4	9
18
16.1626   306.152
76.1209   267.814
143.9   238.135
242.961   203.508
381.126   173.438
511.47   151.831
602.711   136.45
701.773   123.999
821.689   110.842
1001.39   97.2656
1215.37   86.6455
1486.4   77.124
1812.11   68.7012
2128.32   61.377
2508.71   54.7852
2908.13   49.6582
3340.83   45.6299
3908.24   41.9197
+KVIDZALine
ID:Z=5 A=10
5	10
17
18.7695   435.547
86.5485   384.888
167.362   331.787
295.099   272.761
391.554   243.411
542.753   210.763
740.876   178.775
946.82   158.33
1199.69   137.224
1504.31   119.101
1802.43   106.79
2050.44   99.4033
2381.13   90.2579
2781.97   82.8713
3120.17   77.5951
3467.67   73.5779
3858.71   69.2908
+KVIDZALine
ID:Z=6 A=12
6	12
14
99.5829   492.92
224.713   426.392
378.519   354.37
521.898   304.321
693.952   264.038
892.075   232.3
1129.3   203.003
1376.96   182.227
1655.89   162.085
2067.78   140.845
2526.59   125.83
2956.73   115.576
3324.3   109.351
3780.5   103.125
+KVIDZALine
ID:Z=7 A=15
7	15
10
378.519   496.582
467.153   446.533
696.559   354.37
996.35   290.283
1288.32   258.545
1687.17   224.976
2245.05   196.899
2815.95   174.316
3277.37   163.94
3835.25   152.344
+KVIDCutLine
OK:PIEDESTAL
above
10
15.6527   7.35352
65.0526   5.44554
132.001   3.81885
206.062   2.45489
350.833   1.21936
508.764   0.861402
788.904   0.815215
1036.14   0.87295
1302.18   0.630464
1605.74   0.451172
!
# ASCII file generated by KVIDZAGrid::WriteToAsciiFile
# ID Graph Name : ID_SI2_CSI_121
# This file can be read using KVIDZAGrid::ReadFromAsciiFile
# 
++KVIDZAGrid
<VARX> Q3Amplitude
<VARY> Q2Amplitude
<PARAMETER> IDTelescopes=ID_SI2_CSI_121
<PARAMETER> Runlist=12-43
+KVIDZALine
ID:Z=1 A=1
1	1
19
7.21891   26.3121
10.0194   24.5293
14.9979   21.9307
23.3992   19.2412
31.8006   16.8843
43.3135   14.5878
57.0046   12.3518
71.3179   10.4783
95.2773   8.51411
128.26   6.67086
159.687   5.46216
195.471   4.42207
250.235   3.57599
331.047   2.51309
417.581   2.16152
535.874   1.96509
786.159   1.45555
1462.43   1.05187
2019.69   0.793742
+KVIDZALine
ID:Z=1 A=2
1	2
16
4.23748   36.2801
14.7797   31.49
31.0323   25.9799
49.042   20.8822
82.5193   15.4233
127.989   11.4767
182.819   8.49545
230.963   6.96223
284.456   5.79812
366.033   4.69079
443.599   3.86741
521.164   3.38473
624.138   2.93044
744.498   2.58972
1229.95   1.9083
2025.66   1.34044
+KVIDZALine
ID:Z=1 A=3
1	3
15
7.17709   41.529
13.2422   38.012
27.3943   32.9785
41.5463   28.6227
72.8829   22.5243
99.6707   18.4562
147.181   14.197
183.572   12.1965
248.772   9.61526
324.581   7.71709
407.471   6.16833
526.753   4.94222
693.679   3.98097
1005.25   3.08462
2065.52   1.79
+KVIDZALine
ID:Z=2 A=3
2	3
22
-6.77309   106.496
3.18733   97.6727
20.12   86.6192
40.0409   77.1377
67.93   67.1492
103.788   57.4647
138.256   50.2239
186.474   42.3986
266.699   34.3193
332.877   29.8312
420.529   25.0651
542.753   21.0507
628.78   18.6672
756.572   15.9935
894.682   14.0085
1077.01   11.8675
1235.64   10.4856
1499.56   8.50561
1836.47   7.00078
2295.05   5.69396
2759.24   4.74355
3313.28   3.87234
+KVIDZALine
ID:Z=2 A=4
2	4
22
6.16097   111.709
16.0489   102.874
32.4021   91.8117
52.9387   82.3624
80.7012   72.3753
116.07   62.6187
155.622   55.3972
209.625   47.5238
280.743   39.534
345.609   34.9843
433.46   30.2211
542.988   25.9191
622.207   23.3373
762.541   19.8802
904.52   17.6823
1078.16   15.2532
1254.36   13.5348
1480.81   11.8001
1752.25   10.2084
2061.96   9.06001
2543   7.55519
3498.58   5.57516
+KVIDZALine
ID:Z=2 A=6
2	6
22
7.15535   133.619
18.6393   123.052
37.6318   109.82
61.483   98.5171
93.7263   86.5711
134.804   74.9009
180.739   66.263
243.459   56.8452
326.054   47.2884
401.391   41.8462
503.42   36.1488
630.627   31.0029
722.632   27.9146
885.615   23.7794
1050.51   21.1506
1251.82   18.6689
1494.26   16.6582
1741.92   14.9569
2109.49   12.9462
2445.78   11.4769
3016.68   10.0849
4111.2   7.45991
+KVIDZALine
ID:Z=3 A=6
3	6
22
11.5497   201.125
30.0845   185.142
61.5558   165.371
99.236   148.037
147.706   129.885
214.403   112.388
277.997   99.962
382.508   84.6711
526.284   70.6032
647.887   62.388
833.296   53.8011
1031.08   46.5787
1202.13   41.8271
1478.31   36.1252
1731.33   32.1339
2066.3   28.2376
2358.52   25.4817
2823.12   21.5487
3366.08   18.7634
3944.07   16.7156
4823.14   14.7057
6636.05   11.2287
+KVIDZALine
ID:Z=3 A=7
3	7
22
11.5426   214.811
37.5153   195.036
68.3581   173.578
106.506   155.487
161.698   136.519
232.312   117.99
311.041   104.221
418.179   89.2798
569.705   74.769
692.152   65.7488
884.046   56.7767
1091.66   49.2396
1319.73   43.2526
1531.76   38.9762
1881   33.7494
2187.47   30.6134
2486.81   27.7624
3036.1   23.3711
3592.36   20.5314
4200.31   18.3779
5140.27   15.6659
7045.31   11.8666
+KVIDZALine
ID:Z=3 A=8
3	8
22
12.9225   227.18
37.2391   205.303
72.6719   183.183
112.968   163.603
172.023   143.659
247.404   124.17
328.343   109.846
440.547   93.8005
602.774   78.4804
743.81   69.3244
934.469   59.8462
1158.58   50.9221
1376.75   45.6284
1654.71   40.4016
1986.12   35.65
2335.36   32.0388
2664.99   29.378
3194.28   25.035
3870.12   21.9632
4493.62   19.6501
5479.57   17.2665
7554.54   12.4856
+KVIDZALine
ID:Z=4 A=7
4	7
15
16.1626   273.804
70.9072   243.896
141.293   212.935
250.782   176.758
407.195   142.027
558.394   120.755
746.09   100.192
1017.21   83.1744
1311.78   72.5383
1739.31   60.8386
2143.38   51.9751
2521.38   47.0116
2925.44   42.4027
3780.5   33.5392
3889.99   33.1001
+KVIDZALine
ID:Z=4 A=9
4	9
18
8.34199   314.697
76.1209   273.211
143.9   242.934
253.389   206.665
381.126   176.933
490.615   155.396
602.711   139.2
701.773   126.498
821.689   113.076
988.53   101.974
1189.26   91.545
1507.3   80.1725
1788.84   71.6964
2091.24   64.6315
2469.24   57.5668
2909.8   51.8477
3308.65   48.4835
3908.24   42.7644
+KVIDZALine
ID:Z=5 A=10
5	10
17
10.9489   455.688
83.9416   388.55
177.789   328.735
295.099   278.257
391.554   248.316
542.753   215.01
740.876   182.377
946.82   161.52
1199.69   139.989
1504.69   123.168
1794.06   112.067
2044.32   104.665
2367.57   95.2456
2758.6   86.4988
3087.07   80.7796
3467.67   75.0605
3858.71   70.687
+KVIDZALine
ID:Z=6 A=12
6	12
15
143.9   494.141
245.568   432.495
342.023   380.615
461.939   328.735
602.711   294.556
746.09   262.817
923.358   235.352
1155.37   209.717
1387.38   189.443
1653.28   170.603
2099.06   145.708
2563.09   129.56
2946.3   121.15
3337.33   115.431
3657.98   111.393
+KVIDZALine
ID:Z=7 A=15
7	15
10
370.699   494.751
477.581   444.092
623.566   379.395
829.51   317.749
1160.58   268.311
1585.51   228.638
1997.39   200.562
2589.16   180.42
3136.6   166.992
3751.82   157.227
+KVIDCutLine
OK:PIEDESTAL
above
10
15.6527   7.5017
65.0526   5.55527
132.001   3.8958
206.062   2.50436
350.833   1.24393
508.764   0.87876
788.904   0.831642
1036.14   0.89054
1302.18   0.643168
1605.74   0.460263
!
# ASCII file generated by KVIDZAGrid::WriteToAsciiFile
# ID Graph Name : ID_SI2_CSI_123
# This file can be read using KVIDZAGrid::ReadFromAsciiFile
# 
++KVIDZAGrid
<VARX> Q3Amplitude
<VARY> Q2Amplitude
<PARAMETER> IDTelescopes=ID_SI2_CSI_123
<PARAMETER> Runlist=12-43
+KVIDZALine
ID:Z=1 A=1
1	1
19
7.21891   27.935
10.0194   26.0422
14.9979   23.2833
23.3992   20.4279
31.8006   17.9257
43.3135   15.4876
57.0046   13.1136
71.3179   11.1245
95.2773   9.03925
128.26   7.0823
159.687   5.79906
195.471   4.69481
250.235   3.79655
331.047   2.66809
417.581   2.29484
535.874   2.08629
786.159   1.54533
1462.43   1.11674
2019.69   0.842699
+KVIDZALine
ID:Z=1 A=2
1	2
16
4.14233   38.5655
14.6233   33.4761
30.9541   27.6083
49.7224   22.5787
84.3339   16.7109
127.964   12.2203
182.806   9.04687
230.824   7.43024
284.447   6.17285
365.858   5.03522
443.368   4.13708
521.122   3.59821
623.982   3.1192
744.391   2.75995
1229.93   2.04144
2025.51   1.44269
+KVIDZALine
ID:Z=1 A=3
1	3
15
7.17709   44.0904
13.2422   40.3565
27.3943   35.0125
41.5463   30.3881
72.8829   23.9136
99.6707   19.5945
147.181   15.0727
183.572   12.9488
248.772   10.2083
324.581   8.19307
407.471   6.54878
526.753   5.24705
693.679   4.22651
1005.25   3.27487
2065.52   1.9004
+KVIDZALine
ID:Z=2 A=3
2	3
22
-6.77309   113.064
3.18733   103.697
20.12   91.9617
40.0409   81.8953
66.4958   70.9132
97.9466   61.0401
134.889   52.5246
184.311   45.1198
256.199   36.9746
328.086   31.421
420.529   26.6111
542.753   22.3491
628.78   19.8186
756.572   16.98
911.438   14.5282
1077.01   12.5995
1235.64   11.1323
1499.56   9.03021
1836.47   7.43258
2295.05   6.04515
2759.24   5.03612
3313.28   4.11118
+KVIDZALine
ID:Z=2 A=4
2	4
22
6.16097   118.598
14.3569   109.156
32.3378   97.3096
52.9387   87.4423
78.1603   76.9393
116.07   66.4809
155.622   58.814
203.889   50.2123
280.743   41.9724
345.609   37.1421
433.46   32.0851
542.988   27.5177
622.207   24.7767
784.943   20.8849
904.52   18.7729
1078.16   16.194
1254.36   14.3696
1480.81   12.5279
1752.25   10.8381
2061.96   9.61881
2543   8.02118
3498.58   5.91903
+KVIDZALine
ID:Z=2 A=6
2	6
22
7.15535   141.861
18.6393   130.641
37.6318   116.594
61.483   104.593
93.7263   91.9106
134.804   79.5206
180.739   70.3499
243.459   60.3513
326.054   50.205
401.391   44.4271
503.42   38.3784
630.627   32.9151
733.525   29.7371
894.108   25.4788
1055.41   22.64
1251.82   19.8203
1494.26   17.6857
1741.92   15.8794
2109.49   13.7447
2445.78   12.1848
3016.68   10.7069
4111.2   7.92002
+KVIDZALine
ID:Z=3 A=6
3	6
22
8.80394   212.528
27.2854   195.535
59.208   174.468
97.8511   156.211
144.895   136.83
212.1   118.432
275.945   105.371
380.114   89.22
524.606   74.0523
645.575   65.3449
830.39   56.2162
1028.65   48.7727
1200.02   43.5764
1475.56   37.5374
1746.25   33.4646
2060   29.8131
2423   26.8638
2866.75   23.6336
3386.99   20.4035
3942   17.0329
4820.71   14.7858
6633.58   10.9939
+KVIDZALine
ID:Z=3 A=7
3	7
22
8.80394   228.257
35.6861   207.191
65.9286   184.018
104.572   164.778
160.016   144.273
230.582   124.752
307.868   109.865
415.397   93.8546
568.289   78.406
699.34   69.5581
895.916   59.1654
1104.25   51.0198
1329.39   44.8404
1547.81   40.2058
1889.38   35.1499
2196.85   31.7793
2563   28.83
3038.6   25.4594
3615.2   21.9483
4197.38   18.016
5138.26   15.0667
7043.53   10.9939
+KVIDZALine
ID:Z=3 A=8
3	8
22
12.1642   243.706
35.6861   220.674
70.969   196.518
111.292   175.311
171.777   153.823
245.703   132.897
328.03   117.449
438.919   100.174
601.892   83.4619
743.023   73.631
932.879   63.2383
1166.42   53.8286
1374.75   48.0705
1653.66   42.172
1984.64   37.2565
2349.74   33.4646
2739.25   30.6557
3211.65   27.566
3873.4   23.4932
4493.09   19.7013
5479.33   17.1733
7552.61   12.1174
+KVIDZALine
ID:Z=4 A=7
4	7
14
63.0865   266.72
141.293   226.068
242.961   188.87
391.699   151.686
550.573   127.015
746.09   106.372
1017.21   88.3044
1311.78   77.0123
1728.83   64.0254
2143.38   55.1809
2521.38   49.9112
2925.44   45.018
3548.44   39.3217
3904.59   36.2593
+KVIDZALine
ID:Z=4 A=9
4	9
18
16.1626   338.501
76.1209   290.062
143.9   257.917
258.603   219.357
362.878   189.163
480.188   164.831
579.249   148.121
673.097   134.93
821.689   120.05
988.53   108.263
1189.26   97.1913
1507.3   85.1174
1788.84   76.1185
2091.24   68.6179
2469.24   61.1174
2916.89   55.7192
3339.05   51.8022
3900.28   46.8757
+KVIDZALine
ID:Z=5 A=10
5	10
17
16.1626   458.13
91.7622   397.705
188.217   340.332
295.099   295.42
391.554   263.631
542.753   228.271
740.876   193.626
946.82   171.483
1199.69   148.623
1504.69   130.765
1794.06   118.979
2044.32   111.121
2367.57   101.12
2758.6   91.8338
3087.07   85.7619
3467.67   79.6901
3858.71   75.0469
+KVIDZALine
ID:Z=6 A=12
6	12
14
130.865   495.361
276.851   419.678
415.016   355.591
581.856   313.477
706.986   282.959
920.751   246.948
1155.37   220.703
1387.38   201.127
1653.28   181.125
2099.06   154.695
2563.09   137.551
2948.38   127.112
3321.8   119.353
3654.21   113.433
+KVIDZALine
ID:Z=7 A=15
7	15
9
3634.52   159.261
3295.62   166.823
3027.11   175.153
2568.3   193.848
2059.96   221.313
1572.47   259.155
1079.77   320.19
748.697   392.822
488.008   491.089
+KVIDCutLine
OK:PIEDESTAL
above
10
15.6527   7.96439
65.0526   5.89791
132.001   4.13609
206.062   2.65882
350.833   1.32065
508.764   0.93296
788.904   0.882936
1036.14   0.945467
1302.18   0.682837
1605.74   0.488651
!
# ASCII file generated by KVIDZAGrid::WriteToAsciiFile
# ID Graph Name : ID_SI2_CSI_124
# This file can be read using KVIDZAGrid::ReadFromAsciiFile
# 
++KVIDZAGrid
<VARX> Q3Amplitude
<VARY> Q2Amplitude
<PARAMETER> IDTelescopes=ID_SI2_CSI_124
<PARAMETER> Runlist=12-43
+KVIDZALine
ID:Z=1 A=1
1	1
19
6.05473   26.3114
8.70593   24.5228
14.0083   21.9366
23.2875   19.2538
31.2411   16.8851
43.1715   14.589
56.4275   12.3653
71.0091   10.4801
94.8699   8.52231
128.01   6.6854
158.499   5.4769
200.971   4.4376
249.965   3.59165
336.129   2.40732
432.898   2.02061
569.435   1.73057
785.507   1.4647
1461.56   1.05381
2019.64   0.812109
+KVIDZALine
ID:Z=1 A=2
1	2
16
4.23748   36.2801
14.7797   31.49
31.0323   25.9799
49.042   20.8822
82.5193   15.4233
127.989   11.4767
189.431   8.51613
240.891   7.01814
291.493   5.83455
366.033   4.69079
443.599   3.86741
521.164   3.38473
624.138   2.93044
744.498   2.58972
1229.95   1.9083
2025.66   1.34044
+KVIDZALine
ID:Z=1 A=3
1	3
16
7.46766   41.5278
14.1009   38.0117
28.3149   32.9711
41.5813   28.6217
73.7998   22.5242
100.333   18.4593
147.713   14.2114
183.722   12.1993
248.158   9.61805
323.967   7.72786
407.356   6.18318
525.806   4.94337
693.531   3.98811
1010.03   3.01252
1390.02   2.50441
2064.71   1.79304
+KVIDZALine
ID:Z=2 A=3
2	3
22
-6.77309   106.496
3.18733   97.6727
20.12   86.6192
40.0409   77.1377
67.93   67.1492
103.788   57.4647
138.256   50.2239
186.474   42.3986
266.699   34.3193
332.877   29.8312
420.529   25.0651
542.753   21.0507
628.78   18.6672
756.572   15.9935
894.682   14.0085
1077.01   11.8675
1235.64   10.4856
1499.56   8.50561
1836.47   7.00078
2295.05   5.69396
2759.24   4.74355
3313.28   3.87234
+KVIDZALine
ID:Z=2 A=4
2	4
22
5.71427   114.029
15.3571   104.998
31.4286   93.8602
52.8571   84.2274
79.6428   73.9926
115   64.0587
154.643   56.6836
209.286   48.7064
280   40.5787
345.357   35.7623
433.214   31.0964
542.5   26.5811
621.786   24.0223
762.143   20.41
903.571   18.1523
1077.14   15.7441
1253.93   13.938
1480   12.1318
1752.14   10.6267
2061.79   9.42261
2542.86   7.91748
3498.57   5.8103
+KVIDZALine
ID:Z=2 A=6
2	6
22
7.15535   133.619
18.6393   123.052
37.6318   109.82
61.483   98.5171
93.7263   86.5711
134.804   74.9009
180.739   66.263
243.459   56.8452
326.054   47.2884
401.391   41.8462
503.42   36.1488
630.627   31.0029
722.632   27.9146
885.615   23.7794
1050.51   21.1506
1251.82   18.6689
1494.26   16.6582
1741.92   14.9569
2109.49   12.9462
2445.78   11.4769
3016.68   10.0849
4111.2   7.45991
+KVIDZALine
ID:Z=3 A=6
3	6
22
11.5497   201.125
30.0845   185.142
61.5558   165.371
99.236   148.037
147.706   129.885
214.403   112.388
277.997   99.962
382.508   84.6711
526.284   70.6032
647.887   62.388
833.296   53.8011
1031.08   46.5787
1202.13   41.8271
1478.31   36.1252
1731.33   32.1339
2066.3   28.2376
2358.52   25.4817
2823.12   21.5487
3366.08   18.7634
3944.07   16.7156
4823.14   14.7057
6636.05   11.2287
+KVIDZALine
ID:Z=3 A=7
3	7
22
11.5426   214.811
37.5153   195.036
68.3581   173.578
106.506   155.487
161.698   136.519
232.312   117.99
311.041   104.221
418.179   89.2798
569.705   74.769
692.152   65.7488
884.046   56.7767
1091.66   49.2396
1319.73   43.2526
1531.76   38.9762
1881   33.7494
2187.47   30.6134
2486.81   27.7624
3036.1   23.3711
3592.36   20.5314
4200.31   18.3779
5140.27   15.6659
7045.31   11.8666
+KVIDZALine
ID:Z=3 A=8
3	8
22
12.9225   227.18
37.2391   205.303
72.6719   183.183
112.968   163.603
172.023   143.659
247.404   124.17
328.343   109.846
440.547   93.8005
602.774   78.4804
743.81   69.3244
934.469   59.8462
1158.58   50.9221
1376.75   45.6284
1654.71   40.4016
1986.12   35.65
2335.36   32.0388
2664.99   29.378
3194.28   25.035
3870.12   21.9632
4493.62   19.6501
5479.57   17.2665
7554.54   12.4856
+KVIDZALine
ID:Z=4 A=7
4	7
15
10.9489   278.687
76.1209   244.507
141.293   212.935
240.355   176.418
407.195   142.027
558.394   120.755
750.901   101.829
1026.65   84.262
1331.61   73.1136
1759.73   60.8892
2139.76   53.3141
2521.38   47.0116
2925.44   42.4027
3780.5   33.5392
3889.99   33.1001
+KVIDZALine
ID:Z=4 A=9
4	9
18
8.34199   325.073
85.5599   274.204
151.024   242.663
257.593   207.743
381.126   176.933
492.046   155.644
602.711   139.2
701.773   126.498
839.157   112.838
988.53   101.974
1189.26   91.545
1507.3   80.1725
1788.84   71.6964
2109.21   65.0374
2480.26   58.9052
2923.2   53.4944
3321.21   49.5265
3908.24   42.7644
+KVIDZALine
ID:Z=5 A=10
5	10
18
34.4108   450.195
91.7622   401.978
151.721   356.201
224.713   313.477
295.099   278.257
391.554   248.316
542.753   215.01
740.876   182.377
946.82   161.52
1199.69   139.989
1504.69   123.168
1794.06   112.067
2044.32   104.665
2401.77   96.1437
2755.35   88.1425
3114.32   82.3038
3489.44   77.1139
3862.19   72.5727
+KVIDZALine
ID:Z=6 A=12
6	12
15
159.541   496.582
261.21   444.092
362.878   390.381
464.546   343.384
602.711   297.607
733.055   272.538
897.289   242.934
1165.8   210.637
1387.38   189.443
1653.28   170.603
2124.14   146.085
2577.44   130.311
2961.12   121.877
3337.33   115.431
3657.98   111.393
+KVIDZALine
ID:Z=7 A=15
7	15
11
459.333   493.53
555.787   441.04
717.414   374.512
918.144   320.801
1217.94   279.297
1504.69   247.559
1900.94   217.651
2187.7   203.613
2638.69   185.913
3191.35   168.213
3710.11   157.227
+KVIDCutLine
OK:PIEDESTAL
above
10
15.6527   7.5017
65.0526   5.55527
132.001   3.8958
206.062   2.50436
350.833   1.24393
508.764   0.87876
788.904   0.831642
1036.14   0.89054
1302.18   0.643168
1605.74   0.460263
!
# ASCII file generated by KVIDZAGrid::WriteToAsciiFile
# ID Graph Name : ID_SI2_CSI_131
# This file can be read using KVIDZAGrid::ReadFromAsciiFile
# 
++KVIDZAGrid
<VARX> Q3Amplitude
<VARY> Q2Amplitude
<PARAMETER> IDTelescopes=ID_SI2_CSI_131
<PARAMETER> Runlist=12-43
+KVIDZALine
ID:Z=1 A=1
1	1
19
7.21891   25.7924
10.0194   24.0448
14.9979   21.4975
23.3992   18.8611
31.8006   16.5508
43.3135   14.2997
57.0046   12.1078
71.3179   10.2713
95.2773   8.34594
128.26   6.53909
159.687   5.35427
195.471   4.33472
250.235   3.50536
315.268   2.73522
408.828   2.28809
535.874   1.92627
786.159   1.4268
1462.43   1.03109
2019.69   0.778064
+KVIDZALine
ID:Z=1 A=2
1	2
16
3.61677   34.8516
12.9781   30.7603
29.0261   24.999
49.086   20.3511
82.5193   15.1187
127.989   11.25
182.819   8.32764
230.963   6.82471
284.456   5.68359
366.033   4.59814
443.599   3.79102
521.164   3.31787
624.138   2.87256
744.498   2.53857
1229.95   1.87061
2025.66   1.31396
+KVIDZALine
ID:Z=1 A=3
1	3
15
7.17709   40.7087
13.2422   37.2612
27.3943   32.3271
41.5463   28.0573
72.8829   22.0794
99.6707   18.0916
147.181   13.9166
183.572   11.9556
248.772   9.42533
324.581   7.56466
407.471   6.04649
526.753   4.8446
693.679   3.90234
1005.25   3.02369
2065.52   1.75464
+KVIDZALine
ID:Z=2 A=3
2	3
22
-6.77309   104.392
3.18733   95.7434
20.12   84.9083
40.0409   75.614
67.93   65.8228
103.788   56.3296
138.256   49.2319
186.474   41.5611
266.699   33.6414
332.877   29.242
420.529   24.57
542.753   20.6349
628.78   18.2985
756.572   15.6776
894.682   13.7318
1077.01   11.6331
1235.64   10.2785
1499.56   8.3376
1836.47   6.8625
2295.05   5.58149
2759.24   4.64985
3313.28   3.79585
+KVIDZALine
ID:Z=2 A=4
2	4
22
6.16097   109.502
16.0489   100.842
32.4021   89.9982
52.9387   80.7355
80.7012   70.9457
116.07   61.3818
155.622   54.303
209.625   46.5851
280.743   38.7531
345.609   34.2933
433.46   29.6242
542.988   25.4071
622.207   22.8763
762.541   19.4875
904.52   17.333
1078.16   14.9519
1254.36   13.2675
1480.81   11.567
1752.25   10.0068
2061.96   8.88105
2543   7.40596
3498.58   5.46504
+KVIDZALine
ID:Z=2 A=6
2	6
22
7.15535   130.98
18.6393   120.621
37.6318   107.651
61.483   96.5711
93.7263   84.8611
134.804   73.4214
180.739   64.9541
243.459   55.7224
326.054   46.3543
401.391   41.0196
503.42   35.4348
630.627   30.3905
722.632   27.3632
885.615   23.3097
1050.51   20.7328
1251.82   18.3001
1494.26   16.3292
1741.92   14.6615
2109.49   12.6905
2445.78   11.2502
3016.68   9.88572
4111.2   7.31256
+KVIDZALine
ID:Z=3 A=6
3	6
22
11.5497   197.152
30.0845   181.485
61.5558   162.105
99.236   145.113
147.706   127.319
214.403   110.168
277.997   97.9875
382.508   82.9986
526.284   69.2086
647.887   61.1557
812.577   52.7305
1020.27   45.2897
1166.89   40.9521
1447.14   35.3525
1710.12   31.4758
2038.52   27.4337
2301.21   24.9137
2823.12   21.1231
3372.81   18.808
3956.05   16.8627
4823.14   14.4152
6636.05   11.0069
+KVIDZALine
ID:Z=3 A=7
3	7
22
11.5426   210.568
37.5153   191.184
68.3581   170.149
106.506   152.416
161.698   133.822
232.312   115.659
311.041   102.162
418.179   87.5163
569.705   73.2921
692.152   64.4501
869.457   55.9996
1086.17   47.8871
1242.82   43.5078
1530.14   37.8362
1811.79   33.3134
2162.42   28.7904
2440.81   26.7085
3021.3   22.6011
3592.36   20.1259
4200.31   18.0149
5140.27   15.3565
7045.31   11.6322
+KVIDZALine
ID:Z=3 A=8
3	8
22
12.9225   222.693
37.2391   201.248
72.6719   179.565
112.968   160.371
172.023   140.821
247.404   121.717
328.343   107.676
440.547   91.9477
602.774   76.9302
743.81   67.9551
934.469   58.6641
1158.58   49.9163
1327.76   44.8512
1641.63   39.2075
1941.94   34.4693
2311.24   30.4489
2624.24   28.0007
3186.19   23.8481
3858.42   21.1231
4493.62   19.262
5479.57   16.9254
7554.54   12.239
+KVIDZALine
ID:Z=4 A=7
4	7
14
63.0865   246.263
141.293   208.729
240.355   172.933
407.195   139.222
558.394   118.37
746.09   98.2132
1017.21   81.5315
1311.78   71.1055
1739.31   59.6369
2143.38   50.9485
2521.38   46.083
2925.44   41.5651
3780.5   32.8767
3889.99   32.4463
+KVIDZALine
ID:Z=4 A=9
4	9
18
13.5558   309.814
76.1209   267.814
143.9   238.135
242.961   203.508
381.126   170.654
495.829   152.344
602.711   136.45
701.773   123.999
821.689   110.842
988.53   99.9597
1189.26   89.7368
1507.3   78.5889
1788.84   70.2802
2091.24   63.3549
2469.24   56.4297
2909.8   50.8236
3308.65   47.5258
3908.24   41.9197
+KVIDZALine
ID:Z=5 A=10
5	10
17
13.5558   438.599
102.19   365.967
196.038   314.697
295.099   272.761
391.554   243.411
542.753   210.763
740.876   178.775
946.82   158.33
1199.69   137.224
1504.69   120.735
1794.06   109.853
2044.32   102.598
2367.57   93.3643
2758.6   84.7902
3087.07   79.184
3467.67   73.5779
3858.71   69.2908
+KVIDZALine
ID:Z=6 A=12
6	12
15
96.976   495.972
188.217   447.754
313.347   393.433
467.153   334.839
620.959   290.894
733.055   267.155
897.289   238.135
1165.8   206.476
1387.38   185.701
1653.28   167.233
2099.06   142.83
2565.69   129.15
2964.55   120.605
3337.33   113.151
3657.98   109.193
+KVIDZALine
ID:Z=7 A=15
7	15
11
368.092   497.192
438.478   459.961
641.814   381.836
821.689   328.125
1090.2   279.297
1384.78   241.455
1663.71   221.924
2179.87   192.627
2677.79   174.927
3154.85   160.889
3824.82   145.63
+KVIDCutLine
OK:PIEDESTAL
above
10
15.6527   7.35352
65.0526   5.44554
132.001   3.81885
206.062   2.45489
350.833   1.21936
508.764   0.861402
788.904   0.815215
1036.14   0.87295
1302.18   0.630464
1605.74   0.451172
!
# ASCII file generated by KVIDZAGrid::WriteToAsciiFile
# ID Graph Name : ID_SI2_CSI_132
# This file can be read using KVIDZAGrid::ReadFromAsciiFile
# 
++KVIDZAGrid
<VARX> Q3Amplitude
<VARY> Q2Amplitude
<PARAMETER> IDTelescopes=ID_SI2_CSI_132
<PARAMETER> Runlist=12-43
+KVIDZALine
ID:Z=1 A=1
1	1
19
4.34463   26.9112
9.13999   24.1719
14.9979   21.4932
23.3992   18.8573
31.8006   16.5475
43.3135   14.2968
57.0046   12.1054
71.3179   10.2692
95.2773   8.34427
128.26   6.53778
159.687   5.3532
195.471   4.33385
249.686   3.53218
315.215   2.65547
400.804   2.1858
535.874   1.71614
786.159   1.42651
1462.43   1.03088
2019.69   0.777908
+KVIDZALine
ID:Z=1 A=2
1	2
16
4.34463   35.9661
16.1486   30.1071
31.6413   24.7045
50.8227   20.063
87.3412   14.7365
127.989   11.2478
182.819   8.32597
230.963   6.82335
284.456   5.68245
366.033   4.59722
443.599   3.79026
521.164   3.31721
624.138   2.87199
744.498   2.53806
1229.95   1.87024
2025.66   1.3137
+KVIDZALine
ID:Z=1 A=3
1	3
15
5.45125   42.8144
15.7797   36.8031
27.3943   32.3206
44.183   27.2917
72.8829   22.075
99.6707   18.088
147.181   13.9138
183.572   11.9532
248.772   9.42345
324.581   7.56315
407.471   6.04528
526.753   4.84363
693.679   3.90156
1005.25   3.02309
2065.52   1.75429
+KVIDZALine
ID:Z=2 A=3
2	3
22
-6.77309   104.371
3.18733   95.7243
20.12   84.8913
40.0409   75.5989
65.9466   65.6218
103.203   55.6538
137.877   48.4351
186.937   41.0542
271.04   32.8363
339.651   28.5752
420.529   24.5651
542.753   20.6308
628.78   18.2948
756.572   15.6745
894.682   13.7291
1077.01   11.6308
1235.64   10.2764
1509.45   8.38539
1836.47   6.86113
2295.05   5.58037
2759.24   4.64892
3313.28   3.79509
+KVIDZALine
ID:Z=2 A=4
2	4
22
2.66058   112.645
16.0489   100.822
32.4021   89.9802
52.9387   80.7194
80.7012   70.9315
116.07   61.3695
155.622   54.2921
209.625   46.5758
280.743   38.7453
345.609   34.2864
433.46   29.6183
542.988   25.402
622.207   22.8717
762.541   19.4836
904.52   17.3295
1078.16   14.9489
1254.36   13.2648
1480.81   11.5647
1752.25   10.0048
2061.96   8.87927
2543   7.40448
3498.58   5.46395
+KVIDZALine
ID:Z=2 A=6
2	6
22
7.15535   130.954
18.6393   120.597
37.6318   107.629
61.483   96.5518
93.7263   84.8441
134.804   73.4067
180.739   64.9411
243.459   55.7113
326.054   46.345
401.391   41.0114
503.42   35.4277
630.627   30.3844
722.632   27.3577
885.615   23.305
1050.51   20.7287
1251.82   18.2964
1494.26   16.3259
1741.92   14.6586
2109.49   12.688
2445.78   11.248
3016.68   9.88374
4111.2   7.3111
+KVIDZALine
ID:Z=3 A=6
3	6
22
11.5497   197.113
30.0845   181.449
61.5558   162.073
99.236   145.084
147.706   127.294
214.403   110.146
277.997   97.9679
382.508   82.982
517.429   69.0481
636   61.3058
801.714   52.6218
1020.27   45.2806
1166.89   40.9439
1447.14   35.3454
1710.12   31.4695
2052.04   27.5301
2310.07   25.1765
2831.6   21.4069
3381.65   18.436
3949.95   16.4158
4823.14   14.4123
6636.05   11.0047
+KVIDZALine
ID:Z=3 A=7
3	7
22
11.5426   210.526
37.5153   191.146
68.3581   170.115
106.506   152.386
161.698   133.795
238.857   114.821
311.041   102.142
418.179   87.4988
561.001   73.4302
692.152   64.4372
869.457   55.9884
1086.17   47.8775
1242.82   43.4991
1530.14   37.8286
1811.79   33.3067
2170.02   29.3436
2447.64   26.9774
3021.3   22.5966
3592.36   20.1219
4200.31   18.0113
5140.27   15.3534
7045.31   11.6299
+KVIDZALine
ID:Z=3 A=8
3	8
22
12.9225   222.648
37.2391   201.208
72.6719   179.529
120.286   159.653
172.023   140.793
251.714   121.727
328.343   107.654
440.547   91.9293
602.774   76.9148
743.81   67.9415
934.469   58.6524
1158.58   49.9063
1379.56   44.5328
1641.63   39.1997
1957.85   34.6672
2341.66   30.6213
2635.26   28.2847
3214.81   24.3778
3858.42   21.1189
4493.62   19.2581
5479.57   16.922
7554.54   12.2366
+KVIDZALine
ID:Z=4 A=7
4	7
15
5.73511   276.855
76.1209   237.287
141.293   208.687
240.355   172.898
407.195   139.194
558.394   118.346
746.09   98.1936
1017.21   81.5152
1311.78   71.0913
1702.82   60.032
2143.38   50.9383
2547.45   45.3207
2925.44   41.5568
3540.67   36.1077
3887.38   33.5429
+KVIDZALine
ID:Z=4 A=9
4	9
19
5.73511   328.125
39.6246   296.387
86.5485   268.279
159.541   239.353
261.21   203.602
381.126   173.403
469.76   157.775
587.07   137.624
701.773   123.974
821.689   110.82
988.53   99.9397
1189.26   89.7189
1507.3   78.5732
1788.84   70.2661
2091.24   63.3422
2469.24   56.4184
2888.95   51.5414
3308.65   47.5163
3869.13   41.8505
+KVIDZALine
ID:Z=5 A=10
5	10
17
16.1626   426.392
110.01   364.746
206.465   319.327
305.527   272.681
407.195   243.903
550.573   210.752
740.876   178.739
946.82   158.298
1199.69   137.197
1504.69   120.711
1788.84   109.525
2054.74   101.16
2367.57   93.3456
2758.6   84.7732
3087.07   79.1682
3467.67   73.5632
3858.71   69.2769
+KVIDZALine
ID:Z=6 A=12
6	12
14
94.3691   495.361
279.458   406.86
412.409   350.708
547.967   305.542
699.166   270.752
897.289   238.087
1165.8   206.435
1387.38   185.664
1653.28   167.2
2109.49   142.901
2565.69   128.54
2946.3   118.733
3326.9   111.616
3702.29   105.807
+KVIDZALine
ID:Z=7 A=15
7	15
11
383.733   495.972
461.939   455.688
633.994   380.005
821.689   324.463
1014.6   288.452
1309.18   253.052
1809.7   215.21
2312.83   190.186
2844.63   171.265
3423.36   156.616
3806.57   146.851
+KVIDCutLine
OK:PIEDESTAL
above
10
15.6527   7.35205
65.0526   5.44445
132.001   3.81809
206.062   2.4544
350.833   1.21912
508.764   0.86123
788.904   0.815052
1036.14   0.872775
1302.18   0.630338
1605.74   0.451082
!
# ASCII file generated by KVIDZAGrid::WriteToAsciiFile
# ID Graph Name : ID_SI2_CSI_133
# This file can be read using KVIDZAGrid::ReadFromAsciiFile
# 
++KVIDZAGrid
<VARX> Q3Amplitude
<VARY> Q2Amplitude
<PARAMETER> IDTelescopes=ID_SI2_CSI_133
<PARAMETER> Runlist=12-43
+KVIDZALine
ID:Z=1 A=1
1	1
19
3.40667   28.8363
9.13999   24.6627
14.9979   21.9296
23.3992   19.2402
31.8006   16.8835
43.3135   14.5871
57.0046   12.3512
71.3179   10.4778
95.2773   8.51369
128.26   6.67053
159.687   5.46189
195.471   4.42185
250.235   3.57582
315.268   2.7902
408.828   2.33408
535.874   1.96499
786.159   1.45548
1462.43   1.05181
2019.69   0.793703
+KVIDZALine
ID:Z=1 A=2
1	2
16
4.34463   36.6964
16.1486   30.7184
31.6413   25.2062
50.8227   20.4703
87.3412   15.0357
127.989   11.4761
182.819   8.49503
230.963   6.96189
284.456   5.79783
366.033   4.69056
443.599   3.86722
521.164   3.38456
624.138   2.9303
744.498   2.5896
1229.95   1.90821
2025.66   1.34037
+KVIDZALine
ID:Z=1 A=3
1	3
15
5.45125   43.6837
17.1449   37.3031
27.3943   32.9769
44.6215   28.0893
72.8829   22.5232
104.006   18.3773
148.323   14.5175
190.424   12.0895
252.025   9.72378
324.581   7.71671
407.471   6.16802
526.753   4.94198
693.679   3.98078
1005.25   3.08447
2065.52   1.78991
+KVIDZALine
ID:Z=2 A=3
2	3
22
-6.77309   106.49
3.18733   97.6678
20.12   86.615
40.0409   77.1338
65.9466   66.9542
103.203   56.7838
137.877   49.4186
190.455   42.0537
271.904   33.7607
346.503   29.2129
430.236   25.4676
543.656   21.4549
633.479   18.8689
765.168   16.1937
899.141   14.2319
1071.94   12.1809
1235.64   10.4851
1506.18   8.61885
1836.47   7.00044
2295.05   5.69368
2759.24   4.74331
3313.28   3.87215
+KVIDZALine
ID:Z=2 A=4
2	4
22
3.91656   114.818
16.8571   102.691
33.6037   91.6335
54.1564   82.1813
83.8436   72.3723
122.665   62.6525
160.726   55.162
210.204   47.5824
288.609   40.0027
351.789   35.3658
443.135   30.2829
548.943   26.0918
634.959   23.2383
781.112   20.1173
905.189   17.9771
1084.07   15.6587
1259.15   13.6969
1476.4   12.2546
1758.26   10.7575
2061.47   9.05991
2542.55   7.63315
3497.87   5.58219
+KVIDZALine
ID:Z=2 A=6
2	6
22
7.15535   133.613
18.6393   123.045
37.6318   109.815
61.483   98.5122
93.7263   86.5668
134.804   74.8972
180.739   66.2597
243.459   56.8424
326.054   47.286
401.391   41.8441
503.42   36.147
630.627   31.0013
722.632   27.9132
885.615   23.7782
1053.62   21.4549
1266.76   19.2256
1506.54   17.2638
1784.08   15.1418
2109.49   12.9456
2445.78   11.4763
3016.68   10.0844
4111.2   7.45954
+KVIDZALine
ID:Z=3 A=6
3	6
22
11.5497   201.115
30.0845   185.133
61.5558   165.363
99.236   148.03
147.706   129.878
214.403   112.382
277.997   99.957
382.508   84.6669
517.429   70.45
636   62.5505
801.714   53.6902
1020.27   46.2
1166.89   41.7752
1447.14   36.0631
1710.12   32.1085
2052.04   28.0891
2310.07   25.6876
2828.99   22.2833
3372.81   19.186
3956.05   17.2016
4823.14   14.7049
6636.05   11.2281
+KVIDZALine
ID:Z=3 A=7
3	7
23
11.5426   214.8
37.5153   195.027
68.3581   173.569
106.506   155.48
161.698   136.512
238.857   117.153
311.041   104.215
418.179   89.2754
558.394   75.2879
692.152   65.7455
869.457   57.1252
1086.17   48.8496
1306.57   42.7623
1530.14   38.5967
1825.34   34.3298
2179.87   30.3143
2443.17   28.1727
2737.75   25.5884
3032.33   23.6218
3605.84   20.9448
4200.31   18.377
5140.27   15.6652
7045.31   11.866
+KVIDZALine
ID:Z=3 A=8
3	8
22
12.9225   227.169
37.2391   205.293
72.6719   183.174
120.286   162.894
172.023   143.652
251.714   124.198
328.343   109.84
440.547   93.7958
602.774   78.4765
743.81   69.321
934.469   59.8432
1158.58   50.9196
1351.96   45.6604
1642.86   40.4869
1979.14   35.6683
2315.43   32.322
2664.75   29.2435
3165.28   25.4957
3861.31   22.1494
4493.62   19.6492
5479.57   17.2656
7554.54   12.485
+KVIDZALine
ID:Z=4 A=7
4	7
14
44.8383   253.772
136.079   214.087
248.175   176.147
407.195   142.02
558.394   120.749
746.09   100.187
1017.21   83.1703
1311.78   72.5347
1739.31   60.8356
2130.34   52.9746
2521.38   47.0093
2925.44   42.4006
3540.67   36.8408
3889.99   33.0985
+KVIDZALine
ID:Z=4 A=9
4	9
18
5.73511   317.749
76.1209   273.197
143.9   242.922
253.389   206.801
381.126   176.924
511.47   154.883
602.711   139.193
701.773   126.491
821.689   113.07
988.53   101.969
1189.26   91.5405
1507.3   80.1685
1788.84   71.6928
2091.24   64.6283
2469.24   57.5639
2888.95   52.5879
3308.65   48.4811
3869.13   42.7002
+KVIDZALine
ID:Z=5 A=10
5	10
17
10.9489   434.937
73.514   388.55
175.182   328.735
295.099   278.243
391.554   248.304
542.753   214.999
740.876   182.368
946.82   161.512
1199.69   139.982
1504.69   123.162
1794.06   112.061
2044.32   104.66
2367.57   95.2409
2758.6   86.4945
3087.07   80.7756
3467.67   75.0568
3858.71   70.6835
+KVIDZALine
ID:Z=6 A=12
6	12
14
128.259   495.361
255.996   432.495
430.657   360.474
566.215   314.087
733.055   272.525
897.289   242.922
1165.8   210.626
1387.38   189.434
1653.28   170.594
2099.06   145.701
2563.09   129.554
2946.3   121.144
3339.94   114.29
3678.83   109.64
+KVIDZALine
ID:Z=7 A=15
7	15
9
3626.69   151.894
3329.51   157.878
2758.6   173.706
2122.52   203.613
1635.04   239.624
1259.65   280.518
949.426   334.839
691.345   406.25
454.119   495.361
+KVIDCutLine
OK:PIEDESTAL
above
10
15.6527   7.50133
65.0526   5.555
132.001   3.89561
206.062   2.50423
350.833   1.24387
508.764   0.878716
788.904   0.831601
1036.14   0.890496
1302.18   0.643136
1605.74   0.460241
!
# ASCII file generated by KVIDZAGrid::WriteToAsciiFile
# ID Graph Name : ID_SI2_CSI_134
# This file can be read using KVIDZAGrid::ReadFromAsciiFile
# 
++KVIDZAGrid
<VARX> Q3Amplitude
<VARY> Q2Amplitude
<PARAMETER> IDTelescopes=ID_SI2_CSI_134
<PARAMETER> Runlist=12-43
+KVIDZALine
ID:Z=1 A=1
1	1
19
4.34463   28.0095
9.13999   25.1584
14.9979   22.3704
23.3992   19.6269
31.8006   17.2228
43.3135   14.8803
57.0046   12.5994
71.3179   10.6884
95.2773   8.68482
128.26   6.8046
159.687   5.57167
195.471   4.51073
250.235   3.64769
315.268   2.84628
408.828   2.381
535.874   2.00448
786.159   1.48473
1462.43   1.07296
2019.69   0.809657
+KVIDZALine
ID:Z=1 A=2
1	2
16
4.34463   37.434
16.1486   31.3358
31.6413   25.7128
50.8227   20.8818
87.3412   15.338
127.989   11.7068
182.819   8.66578
230.963   7.10182
284.456   5.91437
366.033   4.78484
443.599   3.94495
521.164   3.45259
624.138   2.9892
744.498   2.64165
1229.95   1.94656
2025.66   1.36731
+KVIDZALine
ID:Z=1 A=3
1	3
15
5.45125   44.5617
15.7797   38.3052
27.3943   33.6397
44.183   28.4055
72.8829   22.9759
99.6707   18.8262
147.181   14.4817
183.572   12.441
248.772   9.80804
324.581   7.87182
407.471   6.292
526.753   5.04131
693.679   4.06079
1005.25   3.14646
2065.52   1.82589
+KVIDZALine
ID:Z=2 A=3
2	3
22
2.77554   99.7383
19.9575   88.3564
39.7828   78.709
65.5558   68.3027
102.563   58.0049
137.588   50.417
186.49   42.8291
227.463   38.2764
270.418   34.2656
339.145   29.8213
420.429   25.5937
542.686   21.4746
628.595   19.0898
756.138   16.3799
894.255   14.3203
1076.65   12.1523
1235.25   10.7432
1498.93   8.68359
1835.96   7.16601
2294.58   5.86523
2759.16   4.88965
3312.95   4.02246
+KVIDZALine
ID:Z=2 A=4
2	4
22
2.66058   117.242
16.0489   104.937
32.4021   93.6525
52.9387   84.0137
80.7012   73.8264
116.07   63.8741
155.622   56.5079
209.625   48.4766
280.743   40.3266
345.609   35.6857
433.46   30.8271
542.988   26.4387
622.207   23.8052
762.541   20.2788
904.52   18.0368
1078.16   15.559
1254.36   13.8062
1480.81   12.0367
1752.25   10.4131
2061.96   9.24166
2543   7.70667
3498.58   5.68694
+KVIDZALine
ID:Z=2 A=6
2	6
22
7.15535   136.298
18.6393   125.519
37.6318   112.022
61.483   100.492
93.7263   88.3068
134.804   76.4026
180.739   67.5915
243.459   57.985
326.054   48.2365
401.391   42.6852
503.42   36.8736
630.627   31.6245
722.632   28.4743
885.615   24.2562
1050.51   21.5746
1251.82   19.0432
1494.26   16.9922
1741.92   15.2568
2109.49   13.2058
2445.78   11.707
3016.68   10.2871
4111.2   7.60948
+KVIDZALine
ID:Z=3 A=6
3	6
23
11.5497   205.157
30.0845   188.854
61.5558   168.687
99.236   151.005
147.706   132.489
214.403   114.641
277.997   101.966
382.508   86.3687
463.766   77.2485
546.186   69.8196
636   63.8078
807.708   54.8101
1029.61   46.623
1175.86   42.6844
1457.22   36.9888
1710.12   32.7538
2052.04   28.6537
2310.07   26.204
2834.61   22.0825
3368.13   19.3008
3956.05   17.5474
4823.14   15.0005
6636.05   11.4538
+KVIDZALine
ID:Z=3 A=7
3	7
23
11.5426   219.118
37.5153   198.947
68.3581   177.058
106.506   158.605
161.698   139.256
238.857   119.507
311.041   106.31
386.895   94.5322
480.409   83.9194
568.375   75.4292
692.152   67.067
869.457   58.2734
1086.17   49.8315
1254.4   45.4493
1530.14   39.3725
1819.42   35.0533
2170.02   30.5411
2447.64   28.0784
3021.3   23.5188
3592.36   20.9431
4200.31   18.7464
5140.27   15.98
7045.31   12.1045
+KVIDZALine
ID:Z=3 A=8
3	8
22
12.9225   231.735
37.2391   209.419
72.6719   186.856
120.286   166.168
172.023   146.539
251.714   126.694
328.343   112.048
440.547   95.6811
602.774   80.0539
743.81   70.7143
934.469   61.0461
1114.35   54.0087
1336.25   47.3965
1641.63   40.7995
1957.85   36.0821
2341.66   31.8711
2635.26   29.4391
3196.68   25.0961
3858.42   21.9808
4493.62   20.0441
5479.57   17.6126
7554.54   12.736
+KVIDZALine
ID:Z=4 A=7
4	7
16
16.1626   276.709
76.1209   248.196
141.293   217.204
240.355   179.955
375.912   149.268
521.898   125.83
746.09   102.201
1017.21   84.842
1311.78   73.9927
1549.06   66.7092
1822.99   59.5703
2143.38   53.0172
2521.38   47.9542
2925.44   43.2528
3540.67   37.5813
3889.99   33.7637
+KVIDZALine
ID:Z=4 A=9
4	9
18
10.9489   317.139
76.1209   278.688
164.755   244.849
255.996   212.112
381.126   180.48
511.47   157.996
602.711   141.99
701.773   129.034
832.117   116.309
988.53   104.018
1189.26   93.3805
1507.3   81.7799
1788.84   73.1339
2091.24   65.9274
2495.31   58.7353
2888.95   53.6449
3308.65   49.4555
3869.13   43.5585
+KVIDZALine
ID:Z=5 A=10
5	10
17
10.9489   418.457
76.1209   381.836
190.824   325.684
295.099   283.836
391.554   253.294
542.753   219.321
740.876   186.034
946.82   164.759
1199.69   142.796
1504.69   125.637
1794.06   114.313
2044.32   106.764
2367.57   97.1553
2758.6   88.233
3087.07   82.3992
3467.67   76.5655
3858.71   72.1043
+KVIDZALine
ID:Z=6 A=12
6	12
13
96.976   492.31
302.92   395.874
498.436   328.735
701.773   276.855
918.144   240.845
1168.4   212.769
1387.38   193.241
1653.28   174.023
2099.06   148.629
2563.09   132.158
2946.3   123.579
3337.33   117.745
3657.98   113.627
+KVIDZALine
ID:Z=7 A=15
7	15
10
375.912   495.361
519.291   430.664
806.048   337.891
1126.69   278.687
1556.83   237.183
1913.97   214.6
2224.19   198.12
2667.36   181.641
3186.13   168.823
3741.4   156.006
+KVIDCutLine
OK:PIEDESTAL
above
10
15.6527   7.6521
65.0526   5.66665
132.001   3.97391
206.062   2.55457
350.833   1.26887
508.764   0.896378
788.904   0.848316
1036.14   0.908395
1302.18   0.656063
1605.74   0.469491
!
# ASCII file generated by KVIDZAGrid::WriteToAsciiFile
# ID Graph Name : ID_SI2_CSI_141
# This file can be read using KVIDZAGrid::ReadFromAsciiFile
# 
++KVIDZAGrid
<VARX> Q3Amplitude
<VARY> Q2Amplitude
<PARAMETER> IDTelescopes=ID_SI2_CSI_141
<PARAMETER> Runlist=12-43
+KVIDZALine
ID:Z=1 A=1
1	1
19
2.35714   27.4741
9.85714   23.9621
16.6429   21.3532
23.7857   18.7945
31.8006   16.2182
43.3135   14.0123
57.0046   11.8645
71.3179   10.0649
92   8.05796
121.643   6.35215
154.143   5.14805
195.471   4.24761
250.235   3.43492
315.214   2.38865
409.143   2.03745
536.286   1.58591
786.159   1.39813
1462.43   1.01037
2019.69   0.762428
+KVIDZALine
ID:Z=1 A=2
1	2
16
4.14285   35.2506
15.9286   29.5311
31.2857   24.213
50.5714   19.6976
87   14.4798
127.714   11.0682
184.5   8.30881
237   6.65317
290.214   5.64976
365.929   4.546
443.429   3.74326
520.929   3.29172
623.786   2.84019
744.143   2.48899
1229.86   1.83677
2025.57   1.33506
+KVIDZALine
ID:Z=1 A=3
1	3
15
5.45125   41.9624
18.4129   35.776
30.7735   31.2295
44.183   26.7486
72.8829   21.6357
106.215   17.2403
147.181   13.6369
183.572   11.7153
248.772   9.23592
324.581   7.41264
407.471   5.92498
526.753   4.74724
693.679   3.82392
1005.25   2.96293
2065.52   1.71938
+KVIDZALine
ID:Z=2 A=3
2	3
22
-6.77309   102.294
3.18733   93.8193
20.12   83.202
40.0409   74.0945
65.9466   64.3159
103.203   54.5463
137.877   47.4713
183.362   40.5642
264.771   32.5395
339.651   28.0065
420.529   24.0762
542.753   20.2202
628.78   17.9308
756.572   15.3625
894.682   13.4558
1077.01   11.3993
1235.64   10.0719
1499.56   8.17005
1836.47   6.72459
2295.05   5.46932
2759.24   4.55641
3313.28   3.71957
+KVIDZALine
ID:Z=2 A=4
2	4
22
2.66058   110.403
16.0489   98.8155
34.6095   88.3185
55.0683   79.1555
80.7012   69.52
117.297   60.2001
155.622   53.2117
209.625   45.6489
280.743   37.9743
345.609   33.6041
433.46   29.0289
542.988   24.8965
622.207   22.4166
762.541   19.0959
904.52   16.9847
1078.16   14.6514
1254.36   13.0009
1480.81   11.3345
1752.25   9.8057
2061.96   8.70258
2543   7.25713
3498.58   5.35521
+KVIDZALine
ID:Z=2 A=6
2	6
22
7.15535   128.348
18.6393   118.197
37.6318   105.488
61.483   94.6304
93.7263   83.1557
134.804   71.9459
180.739   63.6488
243.459   54.6026
326.054   45.4228
401.391   40.1953
503.42   34.7227
630.627   29.7798
722.632   26.8133
885.615   22.8413
1050.51   20.3162
1251.82   17.9323
1494.26   16.001
1741.92   14.3669
2109.49   12.4355
2445.78   11.0241
3016.68   9.68706
4111.2   7.16561
+KVIDZALine
ID:Z=3 A=6
3	6
22
11.5497   193.19
30.0845   177.838
61.5558   158.847
99.236   142.197
147.706   124.76
214.403   107.954
277.997   96.0183
382.508   81.3307
521.905   67.3095
636   60.0858
812.414   51.4381
1020.27   44.3796
1166.89   40.1291
1447.14   34.6421
1710.12   30.8433
2052.04   26.9823
2310.07   24.6755
2823.12   20.6986
3372.81   18.43
3956.05   16.5238
4823.14   14.1255
6636.05   10.7857
+KVIDZALine
ID:Z=3 A=7
3	7
22
11.5426   206.336
37.5153   187.342
72.7967   166.569
113.892   148.427
161.698   131.133
238.857   112.536
311.041   100.109
408.894   86.5619
561.532   72.1226
692.152   63.1549
863.233   54.8197
1086.17   46.9248
1242.82   42.6335
1530.14   37.0758
1834.13   33.0272
2170.02   28.7596
2447.64   26.4405
3021.3   22.1469
3592.36   19.7214
4200.31   17.6529
5140.27   15.0479
7045.31   11.3984
+KVIDZALine
ID:Z=3 A=8
3	8
22
12.9225   218.218
46.3785   196.964
79.4012   176.601
120.286   156.476
172.023   137.991
251.714   119.304
328.343   105.512
440.547   90.0999
602.774   75.3842
743.81   66.5895
934.469   57.4852
1141.4   50.3109
1363.39   44.8627
1630.86   39.6025
1967.87   34.5301
2341.66   30.012
2635.26   27.7219
3186.19   23.3688
3858.42   20.6986
4493.62   18.8749
5479.57   16.5853
7554.54   11.993
+KVIDZALine
ID:Z=4 A=7
4	7
17
20.4119   266.484
72.3214   237.155
141.293   204.534
240.355   169.458
314.273   154.029
403.023   135.505
549.057   116.252
746.09   96.2395
1017.21   79.893
1331.62   68.373
1600.99   60.7463
1872.44   54.5863
2143.38   49.9246
2521.38   45.1569
2925.44   40.7298
3540.67   35.3891
3889.99   31.7943
+KVIDZALine
ID:Z=4 A=9
4	9
18
13.5558   304.932
79.36   262.54
143.9   233.349
250.046   198.707
381.126   169.953
496.396   149.87
602.711   133.708
711.073   121.888
825.45   111.784
999.655   98.8289
1198.49   88.7242
1507.3   77.0096
1788.84   68.8678
2091.24   62.0817
2477.99   56.053
2888.95   50.5157
3308.65   46.5707
3869.13   41.0176
+KVIDZALine
ID:Z=5 A=10
5	10
18
8.34199   468.506
63.0865   403.809
120.438   350.708
185.61   314.087
297.706   265.869
391.554   238.519
542.753   206.528
740.876   175.182
946.82   155.148
1199.69   134.466
1504.69   118.309
1794.06   107.645
2044.32   100.536
2367.57   91.4881
2758.6   83.0863
3087.07   77.5927
3467.67   72.0993
3858.71   67.8983
+KVIDZALine
ID:Z=6 A=12
6	12
14
146.507   494.751
248.175   419.067
412.409   337.28
540.146   302.49
733.055   261.786
897.289   233.349
1165.8   202.327
1387.38   181.969
1653.28   163.872
2099.06   139.96
2563.09   124.449
2946.3   116.37
3337.33   110.877
3657.98   106.999
+KVIDZALine
ID:Z=7 A=15
7	15
12
360.271   495.361
464.546   435.547
618.352   375.122
847.758   322.632
1069.34   284.79
1317   256.104
1556.83   235.962
1963.5   212.769
2289.36   195.068
2766.42   177.979
3259.12   164.551
3730.97   155.396
+KVIDCutLine
OK:PIEDESTAL
above
10
15.6527   7.20574
65.0526   5.33611
132.001   3.74211
206.062   2.40556
350.833   1.19486
508.764   0.844091
788.904   0.798832
1036.14   0.855407
1302.18   0.617794
1605.74   0.442105
!
# ASCII file generated by KVIDZAGrid::WriteToAsciiFile
# ID Graph Name : ID_SI2_CSI_142
# This file can be read using KVIDZAGrid::ReadFromAsciiFile
# 
++KVIDZAGrid
<VARX> Q3Amplitude
<VARY> Q2Amplitude
<PARAMETER> IDTelescopes=ID_SI2_CSI_142
<PARAMETER> Runlist=12-43
+KVIDZALine
ID:Z=1 A=1
1	1
19
3.40667   28.5873
11.3837   23.4823
18.4744   20.6808
23.3493   18.5019
33.5422   16.1361
43.292   14.0194
56.5871   11.9027
70.7685   9.9728
95.1429   8.22964
128.824   6.23745
161.175   5.05459
205.935   3.99624
249.809   3.43594
314.955   2.68887
408.464   2.25308
535.654   1.9418
786.045   1.44375
1462.32   1.07021
2019.39   0.821191
+KVIDZALine
ID:Z=1 A=2
1	2
17
4.34463   35.2504
19.3608   29.3966
33.9854   24.3539
52.5985   19.9337
68.9958   17.1322
87.3412   14.4433
127.989   11.0239
188.209   8.16738
230.963   6.68756
284.456   5.56937
366.033   4.50574
443.599   3.71484
521.164   3.25119
624.138   2.81483
744.498   2.48755
1229.95   1.83302
2025.66   1.28755
+KVIDZALine
ID:Z=1 A=3
1	3
15
5.17935   41.9723
18.4744   35.9335
32.6559   30.8908
50.3827   26.0971
72.5412   21.6769
99.5746   17.7548
146.994   13.6459
183.334   11.716
248.48   9.28799
324.262   7.42031
410.68   5.92617
523.245   4.80557
693.422   3.87173
1004.97   3.00015
2065.48   1.75503
+KVIDZALine
ID:Z=2 A=3
2	3
21
3.18733   93.8193
20.12   83.202
40.0409   74.0945
65.9466   64.3159
103.203   54.5463
137.877   47.4713
186.937   40.2372
271.04   32.1829
339.651   28.0065
420.529   24.0762
542.753   20.2202
628.78   17.9308
756.572   15.3625
894.682   13.4558
1077.01   11.3993
1235.64   10.0719
1499.56   8.17005
1836.47   6.72459
2295.05   5.46932
2759.24   4.55641
3313.28   3.71957
+KVIDZALine
ID:Z=2 A=4
2	4
22
1.78206   113.786
22.2273   98.15
36.5527   89.0698
57.243   79.3346
85.4077   69.5668
122.707   60.1145
155.622   53.2117
209.625   45.6489
280.743   37.9743
345.609   33.6041
433.46   29.0289
542.988   24.8965
622.207   22.4166
762.541   19.0959
904.52   16.9847
1078.16   14.6514
1254.36   13.0009
1480.81   11.3345
1752.25   9.8057
2061.96   8.70258
2543   7.25713
3498.58   5.35521
+KVIDZALine
ID:Z=2 A=6
2	6
22
7.15535   128.348
18.6393   118.197
37.6318   105.488
61.483   94.6304
93.7263   83.1557
134.804   71.9459
180.739   63.6488
243.459   54.6026
337.368   45.0444
401.391   40.1953
503.42   34.7227
630.627   29.7798
726.554   26.956
887.19   23.1646
1050.51   20.3162
1251.82   17.9323
1494.26   16.001
1741.92   14.3669
2109.49   12.4355
2445.78   11.0241
3016.68   9.68706
4111.2   7.16561
+KVIDZALine
ID:Z=3 A=6
3	6
24
11.5497   193.19
30.0845   177.838
61.5558   158.847
99.236   142.197
147.706   124.76
214.403   107.954
288.796   93.6651
382.508   81.3307
512.696   69.1518
636   60.0858
742.617   54.7896
878.182   48.9064
1020.27   44.3796
1166.89   40.1291
1313.74   36.8599
1485.16   33.7782
1714.98   30.5565
2052.04   26.9823
2310.07   24.6755
2823.12   20.6986
3372.81   18.43
3956.05   16.5238
4823.14   14.1255
6636.05   10.7857
+KVIDZALine
ID:Z=3 A=7
3	7
25
11.5426   206.336
37.5153   187.342
68.3581   166.73
106.506   149.353
161.698   131.133
238.857   112.536
311.041   100.109
418.179   85.7576
569.705   71.8192
692.152   63.1549
819.583   56.7506
942.903   51.848
1086.17   46.9248
1242.82   42.6335
1381.96   39.3812
1522.57   36.7198
1661.63   34.4786
1811.79   32.6439
2170.02   28.7596
2447.64   26.4405
3021.3   22.1469
3592.36   19.7214
4200.31   17.6529
5140.27   15.0479
7045.31   11.3984
+KVIDZALine
ID:Z=3 A=8
3	8
23
12.9225   218.218
37.2391   197.204
72.6719   175.956
120.286   156.476
172.023   137.991
251.714   119.304
328.343   105.512
440.547   90.0999
602.774   75.3842
743.81   66.5895
883.106   59.2453
1037.32   53.0481
1158.58   48.9132
1335.6   44.7041
1641.63   38.4196
1957.85   33.9773
2341.66   30.012
2635.26   27.7219
3186.19   23.3688
3858.42   20.6986
4493.62   18.8749
5479.57   16.5853
7554.54   11.993
+KVIDZALine
ID:Z=4 A=7
4	7
17
26.5902   261.328
76.1209   232.397
141.293   204.534
216.893   178.198
305.527   153.662
407.195   136.424
558.394   115.991
746.09   96.2395
1017.21   79.893
1311.78   69.6766
1541.81   62.7739
1766.58   57.1708
2143.38   49.9246
2521.38   45.1569
2925.44   40.7298
3540.67   35.3891
3889.99   31.7943
+KVIDZALine
ID:Z=4 A=9
4	9
18
10.9489   304.932
76.1209   262.432
164.755   229.248
274.244   195.044
381.126   169.953
477.581   150.54
602.711   133.708
701.773   121.507
839.937   108.367
988.53   97.9509
1189.26   87.9334
1507.3   77.0096
1788.84   68.8678
2091.24   62.0817
2477.58   55.527
2888.95   50.5157
3308.65   46.5707
3869.13   41.0176
+KVIDZALine
ID:Z=5 A=10
5	10
17
26.5902   439.209
89.1553   387.329
193.431   317.749
295.099   267.28
391.554   238.519
542.753   206.528
740.876   175.182
946.82   155.148
1199.69   134.466
1504.69   118.309
1794.06   107.645
2044.32   100.536
2367.57   91.4881
2758.6   83.0863
3087.07   77.5927
3467.67   72.0993
3858.71   67.8983
+KVIDZALine
ID:Z=6 A=12
6	12
14
117.831   494.141
263.816   408.081
401.981   348.877
511.47   313.477
693.952   264.038
894.682   228.027
1142.34   202.393
1387.38   181.969
1653.28   163.872
2117.31   140.747
2563.09   124.449
2946.3   116.37
3392.08   107.788
3744   103.516
+KVIDZALine
ID:Z=7 A=15
7	15
10
344.63   494.751
435.871   436.157
633.994   365.967
912.93   290.283
1311.78   248.779
1744.53   218.262
2174.66   196.289
2651.72   174.927
3225.23   156.616
3830.03   146.851
+KVIDCutLine
OK:PIEDESTAL
above
10
15.6527   7.20574
65.0526   5.33611
132.001   3.74211
206.062   2.40556
350.833   1.19486
508.764   0.844091
788.904   0.798832
1036.14   0.855407
1302.18   0.617794
1605.74   0.442105
!
# ASCII file generated by KVIDZAGrid::WriteToAsciiFile
# ID Graph Name : ID_SI2_CSI_143
# This file can be read using KVIDZAGrid::ReadFromAsciiFile
# 
++KVIDZAGrid
<VARX> Q3Amplitude
<VARY> Q2Amplitude
<PARAMETER> IDTelescopes=ID_SI2_CSI_143
<PARAMETER> Runlist=12-43
+KVIDZALine
ID:Z=1 A=1
1	1
19
4.34463   26.9112
9.13999   24.1719
14.9979   21.4932
23.3992   18.8573
31.8006   16.5475
43.3135   14.2968
57.0046   12.1054
71.3179   10.2692
95.2773   8.34427
128.26   6.53778
159.687   5.3532
195.471   4.33385
250.235   3.50466
320.273   2.5021
408.464   1.9418
540.972   1.81728
786.159   1.42651
1462.43   1.03088
2019.69   0.777908
+KVIDZALine
ID:Z=1 A=2
1	2
16
2.07716   38.486
19.3608   29.3344
31.6413   24.7045
50.8227   20.063
87.3412   14.7365
127.989   11.2478
182.819   8.32597
230.963   6.82335
284.456   5.68245
366.033   4.59722
443.599   3.79026
521.164   3.31721
624.138   2.87199
744.498   2.53806
1229.95   1.87024
2025.66   1.3137
+KVIDZALine
ID:Z=1 A=3
1	3
16
1.63399   46.9528
10.0542   41.5988
17.5881   36.9918
29.9969   32.0736
45.5078   27.6535
72.8829   22.075
99.6707   18.088
147.181   13.9138
183.572   11.9532
248.772   9.42345
324.581   7.56315
411.566   6.11294
526.753   4.84363
693.679   3.90156
1005.25   3.02309
2065.52   1.75429
+KVIDZALine
ID:Z=2 A=3
2	3
21
3.00469   97.8984
23.036   84.1644
40.0409   75.5989
65.9466   65.6218
103.203   55.6538
137.877   48.4351
186.937   41.0542
271.04   32.8363
339.651   28.5752
420.529   24.5651
542.753   20.6308
628.78   18.2948
756.572   15.6745
894.682   13.7291
1077.01   11.6308
1235.64   10.2764
1499.56   8.33593
1836.47   6.86113
2295.05   5.58037
2759.24   4.64892
3313.28   3.79509
+KVIDZALine
ID:Z=2 A=4
2	4
22
3.88842   116.041
18.6173   101.12
32.7445   91.7499
55.7372   80.7273
80.5547   72.0481
115.226   62.067
155.622   54.2921
209.625   46.5758
280.743   38.7453
345.609   34.2864
433.46   29.6183
542.988   25.402
622.207   22.8717
757.575   19.824
904.52   17.3295
1078.16   14.9489
1254.36   13.2648
1480.81   11.5647
1752.25   10.0048
2061.96   8.87927
2543   7.40448
3498.58   5.46395
+KVIDZALine
ID:Z=2 A=6
2	6
22
7.15535   130.954
18.6393   120.597
37.6318   107.629
61.483   96.5518
93.7263   84.8441
134.804   73.4067
180.739   64.9411
243.459   55.7113
326.054   46.345
401.391   41.0114
503.42   35.4277
630.627   30.3844
741.573   27.0093
885.168   23.817
1059.93   20.9024
1251.82   18.2964
1494.26   16.3259
1741.92   14.6586
2109.49   12.688
2445.78   11.248
3016.68   9.88374
4111.2   7.3111
+KVIDZALine
ID:Z=3 A=6
3	6
24
11.5497   197.113
30.0845   181.449
61.5558   162.073
99.236   145.084
147.706   127.294
214.403   110.146
277.997   97.9679
382.508   82.982
517.429   69.0481
636   61.3058
801.714   52.6218
904.609   48.959
1028.97   44.8626
1166.89   40.9439
1289.7   38.4906
1447.14   35.3454
1710.12   31.4695
2052.04   27.5301
2310.07   25.1765
2823.12   21.1189
3372.81   18.8042
3956.05   16.8593
4823.14   14.4123
6636.05   11.0047
+KVIDZALine
ID:Z=3 A=7
3	7
22
11.5426   210.526
37.5153   191.146
68.3581   170.115
106.506   152.386
161.698   133.795
238.857   114.821
311.041   102.142
418.179   87.4988
569.705   73.2774
692.152   64.4372
869.457   55.9884
1086.17   47.8775
1242.82   43.4991
1530.14   37.8286
1811.79   33.3067
2170.02   29.3436
2447.64   26.9774
3021.3   22.5966
3592.36   20.1219
4200.31   18.0113
5140.27   15.3534
7045.31   11.6299
+KVIDZALine
ID:Z=3 A=8
3	8
23
12.9225   222.648
37.2391   201.208
72.6719   179.529
120.286   159.653
172.023   140.793
251.714   121.727
328.343   107.654
440.547   91.9293
602.774   76.9148
743.81   67.9415
934.469   58.6524
1158.58   49.9063
1345.45   45.3445
1494.2   42.212
1652.49   39.5613
1957.85   34.6672
2341.66   30.6213
2635.26   28.2847
3186.19   23.8433
3858.42   21.1189
4493.62   19.2581
5479.57   16.922
7554.54   12.2366
+KVIDZALine
ID:Z=4 A=7
4	7
18
63.0865   246.214
141.293   208.687
263.816   170.302
407.195   139.194
558.394   118.346
746.09   98.1936
903.597   87.6594
1099.72   77.7964
1300.86   70.702
1480.85   65.4653
1726.14   59.2001
1932.8   54.4367
2143.38   50.9383
2318.78   48.681
2521.38   46.0738
2925.44   41.5568
3540.67   36.1077
3889.99   32.4398
+KVIDZALine
ID:Z=4 A=9
4	9
20
5.73511   312.256
76.1209   267.76
143.9   238.087
242.961   203.467
370.699   172.428
482.795   151.413
600.104   135.068
696.559   123.685
821.689   110.82
988.53   99.9397
1189.26   89.7189
1507.3   78.5732
1788.84   70.2661
1912.25   67.4404
2091.24   63.3422
2247.6   60.4782
2544.62   55.994
2888.95   51.5414
3308.65   47.5163
3869.13   41.8505
+KVIDZALine
ID:Z=5 A=10
5	10
17
8.34199   439.819
94.3691   380.005
198.644   319.58
295.099   272.706
391.554   243.362
542.753   210.721
740.876   178.739
946.82   158.298
1199.69   137.197
1504.69   120.711
1794.06   109.831
2044.32   102.577
2367.57   93.3456
2758.6   84.7732
3087.07   79.1682
3467.67   73.5632
3858.71   69.2769
+KVIDZALine
ID:Z=6 A=12
6	12
15
138.686   492.92
297.706   408.691
441.084   343.384
587.07   297.607
730.448   262.817
918.144   232.3
1152.76   206.665
1387.38   185.664
1601.15   169.407
1830.55   154.484
2099.06   142.801
2563.09   126.976
2946.3   118.733
3337.33   113.128
3657.98   109.171
+KVIDZALine
ID:Z=7 A=15
7	15
10
412.409   494.141
527.112   423.34
712.2   347.656
975.495   288.452
1345.67   246.338
1705.42   215.82
2169.45   188.354
2625.65   170.654
3233.06   151.733
3822.21   140.137
+KVIDCutLine
OK:PIEDESTAL
above
10
15.6527   7.35205
65.0526   5.44445
132.001   3.81809
206.062   2.4544
350.833   1.21912
508.764   0.86123
788.904   0.815052
1036.14   0.872775
1302.18   0.630338
1605.74   0.451082
!
# ASCII file generated by KVIDZAGrid::WriteToAsciiFile
# ID Graph Name : ID_SI2_CSI_144
# This file can be read using KVIDZAGrid::ReadFromAsciiFile
# 
++KVIDZAGrid
<VARX> Q3Amplitude
<VARY> Q2Amplitude
<PARAMETER> IDTelescopes=ID_SI2_CSI_144
<PARAMETER> Runlist=12-43
+KVIDZALine
ID:Z=1 A=1
1	1
19
4.34463   27.4576
9.13999   24.6627
14.9979   21.9296
23.3992   19.2402
31.8006   16.8835
43.3135   14.5871
57.0046   12.3512
71.3179   10.4778
95.2773   8.51369
128.26   6.67053
159.687   5.46189
195.471   4.42185
250.235   3.57582
315.268   2.7902
408.828   2.33408
535.874   1.96499
786.159   1.45548
1462.43   1.05181
2019.69   0.793703
+KVIDZALine
ID:Z=1 A=2
1	2
16
4.34463   36.6964
16.1486   30.7184
31.6413   25.2062
50.8227   20.4703
87.3412   15.0357
127.989   11.4761
182.819   8.49503
230.963   6.96189
284.456   5.79783
366.033   4.69056
443.599   3.86722
521.164   3.38456
624.138   2.9303
744.498   2.5896
1229.95   1.90821
2025.66   1.34037
+KVIDZALine
ID:Z=1 A=3
1	3
15
5.45125   43.6837
15.7797   37.5504
27.3943   32.9769
44.183   27.8458
72.8829   22.5232
99.6707   18.4552
147.181   14.1963
183.572   12.1959
248.772   9.61478
324.581   7.71671
407.471   6.16802
526.753   4.94198
693.679   3.98078
1005.25   3.08447
2065.52   1.78991
+KVIDZALine
ID:Z=2 A=3
2	3
21
3.18733   97.6678
20.12   86.615
40.0409   77.1338
65.9466   66.9542
103.203   56.7838
137.877   49.4186
186.937   41.8878
271.04   33.503
339.651   29.1554
420.529   25.0639
542.753   21.0497
628.78   18.6663
756.572   15.9927
894.682   14.0078
1077.01   11.8669
1235.64   10.4851
1499.56   8.50519
1836.47   7.00044
2295.05   5.69368
2759.24   4.74331
3313.28   3.87215
+KVIDZALine
ID:Z=2 A=4
2	4
22
2.18795   113.585
14.0949   102.58
31.75   91.6857
53.1004   81.8916
81.4307   71.6573
116.07   62.6156
156.157   54.9898
209.533   47.0664
284.67   39.6933
345.609   34.9826
433.46   30.2196
542.988   25.9178
622.207   23.3361
762.541   19.8792
904.52   17.6814
1078.16   15.2524
1254.36   13.5342
1480.81   11.7995
1752.25   10.2079
2061.96   9.05956
2543   7.55482
3498.58   5.57489
+KVIDZALine
ID:Z=2 A=6
2	6
22
7.15535   133.613
18.6393   123.045
37.6318   109.815
61.483   98.5122
93.7263   86.5668
134.804   74.8972
180.739   66.2597
243.459   56.8424
326.054   47.286
401.391   41.8441
503.42   36.147
630.627   31.0013
722.632   27.9132
885.615   23.7782
1050.51   21.1495
1251.82   18.6679
1494.26   16.6574
1741.92   14.9562
2109.49   12.9456
2445.78   11.4763
3016.68   10.0844
4111.2   7.45954
+KVIDZALine
ID:Z=3 A=6
3	6
22
11.5497   201.115
30.0845   185.133
61.5558   165.363
99.236   148.03
147.706   129.878
209.103   112.766
274.004   99.406
382.508   84.6669
517.429   70.45
636   62.5505
801.714   53.6902
1020.27   46.2
1166.89   41.7752
1447.14   36.0631
1710.12   32.1085
2052.04   28.0891
2310.07   25.6876
2823.12   21.5477
3372.81   19.186
3956.05   17.2016
4823.14   14.7049
6636.05   11.2281
+KVIDZALine
ID:Z=3 A=7
3	7
22
11.5426   214.8
37.5153   195.027
68.3581   173.569
106.506   155.48
161.698   136.512
235.469   117.401
303.412   104.314
414.96   88.5003
557.945   74.8681
692.152   65.7455
869.457   57.1252
1086.17   48.8496
1242.82   44.3823
1530.14   38.5967
1811.79   33.983
2170.02   29.9394
2447.64   27.5251
3021.3   23.0554
3592.36   20.5304
4200.31   18.377
5140.27   15.6652
7045.31   11.866
+KVIDZALine
ID:Z=3 A=8
3	8
22
12.9225   227.169
42.794   204.827
77.2727   183.288
120.286   162.894
172.023   143.652
251.714   124.198
328.343   109.84
440.547   93.7958
602.774   78.4765
743.81   69.321
934.469   59.8432
1158.58   50.9196
1358.05   45.9678
1641.63   39.9956
1957.85   35.3711
2341.66   31.2431
2635.26   28.859
3186.19   24.3274
3858.42   21.5477
4493.62   19.6492
5479.57   17.2656
7554.54   12.485
+KVIDZALine
ID:Z=4 A=7
4	7
16
31.6392   272.443
76.2586   246.542
141.293   212.924
240.355   176.409
386.566   143.482
546.79   121.126
746.09   100.187
886.774   89.9414
1017.21   83.1703
1329.66   70.959
1739.31   60.8356
2143.38   51.9726
2521.38   47.0093
2925.44   42.4006
3540.67   36.8408
3889.99   33.0985
+KVIDZALine
ID:Z=4 A=9
4	9
18
8.34199   332.397
78.7278   275.635
143.9   242.922
242.961   207.599
365.271   177.29
481.889   156.024
602.711   139.193
701.773   126.491
869.889   110.765
988.53   101.969
1189.26   91.5405
1507.3   80.1685
1788.84   71.6928
2091.24   64.6283
2469.24   57.5639
2888.95   52.5879
3308.65   48.4811
3869.13   42.7002
+KVIDZALine
ID:Z=5 A=10
5	10
17
16.1626   434.937
112.617   373.901
209.072   318.359
302.92   278.076
391.554   248.304
542.753   214.999
740.876   182.368
946.82   161.512
1199.69   139.982
1504.69   123.162
1794.06   112.061
2044.32   104.66
2367.57   95.2409
2758.6   86.4945
3087.07   80.7756
3467.67   75.0568
3858.71   70.6835
+KVIDZALine
ID:Z=6 A=12
6	12
14
123.045   494.751
266.423   420.898
383.733   362.305
545.36   306.763
709.593   270.142
899.896   235.962
1134.52   210.327
1387.38   189.434
1653.28   170.594
2118.31   145.972
2599.58   130.981
2972.37   121.216
3337.33   115.425
3657.98   111.388
+KVIDZALine
ID:Z=7 A=15
7	15
10
381.126   497.803
480.188   444.092
639.207   377.563
816.475   326.294
1058.92   278.687
1348.28   246.948
1835.77   210.327
2383.21   188.354
3016.68   170.044
3689.26   152.954
+KVIDCutLine
OK:PIEDESTAL
above
10
15.6527   7.50133
65.0526   5.555
132.001   3.89561
206.062   2.50423
350.833   1.24387
508.764   0.878716
788.904   0.831601
1036.14   0.890496
1302.18   0.643136
1605.74   0.460241
!
