# ASCII file generated by KVIDGCsI::WriteToAsciiFile
# ID Graph Name : ID_CSI_111
# This file can be read using KVIDGCsI::ReadFromAsciiFile
# 
++KVIDGCsI
<VARX> Q3SlowAmplitude
<VARY> Q3FastAmplitude
<PARAMETER> IDTelescopes=ID_CSI_111
<PARAMETER> Runlist=12-43
+KVIDCsIRLLine
ID:Z=1 A=1
1	1
19
13.306   12.5164
30.3175   31.6957
58.3695   58.9034
88.7303   86.2895
111.423   106.179
135.639   127.513
158.114   148.129
201.377   186.1
243.17   223.349
296.392   270.723
344.063   312.672
384.877   347.75
448.329   405.339
508.081   458.86
576.921   521.238
637.978   575.483
705.348   637.78
774.569   699.258
901.092   812.811
+KVIDCsIRLLine
ID:Z=1 A=2
1	2
15
41.2261   45.8247
65.3987   69.7749
86.2056   88.9351
126.735   125.643
184.808   179.515
221.526   212.047
270.748   256.608
326.47   305.388
377.456   350.373
463.409   426.161
531.948   488.49
630.854   576.293
728.439   664.321
848.312   771.636
953.698   866.168
+KVIDCsIRLLine
ID:Z=1 A=3
1	3
16
48.6954   58.7128
77.6709   86.3361
116.955   123.409
165.433   167.389
220.319   219.001
329.955   317.082
388.185   367.967
438.613   412.31
489.042   457.38
534.247   496.58
596.656   552.554
667.98   616.887
723.424   665.591
844.204   773.019
920.954   843.305
979.364   895.641
+KVIDCsIRLLine
ID:Z=2 A=3
2	3
20
160.71   202.924
189.969   233.94
231.134   277.578
274.467   321.391
318.294   364.759
358.059   404.135
407.737   452.431
461.451   503.451
515.487   553.984
569.886   605.662
629.372   661.739
681.031   710.119
739.735   765.097
803.918   823.373
875.145   888.246
939.438   946.115
1015.36   1016.49
1103.81   1098.95
1202.25   1192.06
1290.8   1273.11
+KVIDCsIRLLine
ID:Z=2 A=4
2	4
32
22.336   36.2584
49.0764   74.1053
75.6158   107.998
110.398   150.929
149.202   197.249
185.794   239.05
230.027   285.935
270.64   329.996
311.856   372.927
353.274   414.728
395.697   457.094
442.342   505.109
481.547   541.826
528.192   587.017
575.44   632.207
613.842   669.489
654.656   708.466
700.296   751.962
739.288   788.379
784.726   830.18
827.551   870.286
867.964   907.568
920.028   956.112
961.647   993.394
1016.94   1044.8
1059.96   1083.77
1104.58   1124.98
1158.87   1174.68
1215.97   1228.35
1287.55   1295
1359.4   1360.51
1434.2   1426.09
+KVIDCsIRLLine
ID:Z=2 A=6
2	6
12
315.056   394.167
374.46   460.882
455.279   545.101
525.347   620.997
624.553   722.021
733.262   828.765
850.289   937.414
1018.98   1097.53
1152.64   1221.43
1268.46   1333.89
1411.62   1463.51
1668.82   1699.87
+KVIDCsIRLLine
ID:Z=4 A=8
4	8
10
585.921   704.866
680.968   813.516
809.281   943.132
928.684   1057.5
1089.08   1211.9
1207.87   1322.45
1352.81   1457.79
1481.72   1579.78
1642.69   1728.46
1972.77   2032.68
+KVIDCsIRLLine
ID:Z=3 A=6
3	6
13
491.252   649.68
545.522   710.485
620.087   791.922
698.623   877.701
774.512   961.309
854.828   1047.58
978.81   1180.05
1091.35   1297.81
1192.83   1399.88
1303.13   1514.98
1382.99   1594.24
1536.11   1750.01
1893.2   2128.2
+KVIDCsIRLLine
ID:Z=3 A=7
3	7
22
30.3013   55.6171
51.7443   91.5518
84.5821   139.667
132.925   205.049
186.416   274.98
237.179   341.75
286.923   406.272
338.855   469.167
406.373   552.503
465.292   624.264
531.508   703.471
600.769   783.457
697.223   894.955
779.097   984.789
899.47   1117.81
983.886   1209.4
1097.33   1330.44
1276.43   1515.92
1430.35   1673.5
1582.28   1836.37
1735.87   1999.06
1905.4   2175.43
+KVIDCsIRLLine
ID:Z=3 A=8
3	8
12
785.167   1005.42
854.795   1085.89
929.692   1172.03
996.309   1244.57
1091.23   1345.98
1176.29   1438.92
1268.5   1535.26
1377.12   1649.13
1492.29   1774.94
1625   1920.02
1795.5   2110.58
1928.41   2253.29
+KVIDCsIRLLine
ID:Z=4 A=7
4	7
10
549.333   756.077
640.409   873.103
761.988   1019.5
892.424   1175.66
1044.7   1354.62
1169.17   1499.79
1289.23   1639.82
1433.92   1798.91
1622.21   2011.68
1888.79   2300.85
+KVIDCsIRLLine
ID:Z=4 A=9
4	9
12
377.774   552.379
463.386   666.651
603.001   846.827
763.324   1058.91
891.583   1214.69
1011.31   1358.45
1141.57   1510.47
1311.4   1707.54
1459.79   1879.46
1604.96   2042.74
1777.52   2239.81
1919.67   2402.35
+KVIDCsIRLLine
ID:Z=4 A=10
4	10
10
1031.97   1392.23
1117.01   1497.34
1212.11   1609.2
1325.8   1746.21
1396.03   1828.79
1500.17   1948.9
1597.18   2057.01
1686.51   2160.23
1790.17   2278.47
1939.26   2447.39
+KVIDCsIRLLine
ID:Z=5 A=10
5	10
11
955.063   1338.93
1028.15   1432.77
1119.87   1547.26
1217.84   1671.13
1295.23   1766.85
1396.98   1890.72
1490.21   2008.21
1578.59   2118.94
1660.27   2218.42
1824.13   2413.61
1945.95   2558.12
+KVIDCsIRLLine
ID:Z=5 A=11
5	11
11
661.78   956.188
956.018   1352.07
1061.11   1490.96
1164.34   1618.58
1249.85   1725.56
1346.82   1847.55
1440.93   1965.79
1553.71   2102.05
1643.04   2214.66
1735.24   2327.27
1947.86   2584.4
+KVIDCsIRLLine
ID:Z=6 A=12
6	12
10
926.914   1330.68
989.017   1418.89
1058.28   1512.73
1150.48   1630.97
1243.16   1747.33
1340.61   1876.83
1435.2   2002.58
1518.8   2115.19
1615.77   2244.69
1927.31   2644.46
+KVIDCutLine
OK:IMF_line
below
13
18.887   42.892
51.2497   109.589
99.3678   194.897
204.983   357.201
303.2   496.045
421.806   672.108
565.944   881.704
709.85   1096.73
936.392   1420.31
1134.84   1705.61
1554.75   2323.77
1738.55   2582.6
2048.79   3007.22
+KVIDCutLine
OK:gamma_line
above
14
15.2625   12.8145
40.4939   37.8633
81.7429   74.7773
125.112   114.088
168.77   152.613
259.194   231.674
291.654   260.971
346.221   309.217
383.076   343.348
462.077   413.054
553.967   496.063
687.909   617.523
826.831   742.389
920.935   824.967
!
# ASCII file generated by KVIDGCsI::WriteToAsciiFile
# ID Graph Name : ID_CSI_112
# This file can be read using KVIDGCsI::ReadFromAsciiFile
# 
++KVIDGCsI
<VARX> Q3SlowAmplitude
<VARY> Q3FastAmplitude
<PARAMETER> IDTelescopes=ID_CSI_112
<PARAMETER> Runlist=12-43
+KVIDCsIRLLine
ID:Z=1 A=1
1	1
19
13.2622   12.5627
30.2067   31.8014
58.1636   59.1068
88.4285   86.5987
111.052   106.568
135.193   127.986
157.596   148.68
200.726   186.802
242.389   224.196
295.445   271.755
342.969   313.871
383.66   349.092
446.911   406.901
506.476   460.631
575.098   523.249
635.966   577.707
703.118   640.239
772.123   701.957
898.249   815.951
+KVIDCsIRLLine
ID:Z=1 A=2
1	2
15
41.0659   45.9683
65.1548   70.0028
85.8946   89.2354
126.296   126.085
184.181   180.159
220.785   212.819
269.851   257.552
325.402   306.525
376.23   351.688
461.919   427.776
530.239   490.344
628.839   578.492
726.115   666.86
845.613   774.592
950.668   869.492
+KVIDCsIRLLine
ID:Z=1 A=3
1	3
16
48.4901   58.8824
77.369   86.6067
116.523   123.817
164.848   167.965
219.554   219.768
328.846   318.232
386.898   369.32
437.171   413.838
487.442   459.084
532.511   498.442
594.724   554.633
665.823   619.215
721.096   668.112
841.5   775.962
918.004   846.515
976.232   899.055
+KVIDCsIRLLine
ID:Z=2 A=3
2	3
20
160.001   203.484
189.151   234.602
230.164   278.383
273.343   322.347
317.019   365.868
356.646   405.382
406.155   453.852
459.691   505.059
513.55   555.78
567.768   607.648
627.058   663.932
678.548   712.492
737.06   767.674
801.039   826.174
872.039   891.295
936.13   949.388
1011.81   1020.03
1099.97   1102.8
1198.08   1196.25
1286.35   1277.61
+KVIDCsIRLLine
ID:Z=2 A=4
2	4
32
22.2093   36.3361
48.8174   74.2762
75.2384   108.261
109.87   151.313
148.513   197.769
184.958   239.697
229.027   286.736
269.486   330.939
310.552   374.013
351.824   415.959
394.099   458.472
440.576   506.65
479.653   543.504
526.14   588.857
573.23   634.212
611.501   671.628
652.179   710.747
697.667   754.402
736.532   790.955
781.823   832.914
824.508   873.169
864.791   910.592
916.685   959.318
958.174   996.745
1013.29   1048.34
1056.17   1087.46
1100.65   1128.83
1154.76   1178.72
1211.67   1232.59
1283.02   1299.49
1354.64   1365.25
1429.21   1431.09
+KVIDCsIRLLine
ID:Z=2 A=6
2	6
12
313.678   395.265
372.849   462.186
453.373   546.687
523.176   622.827
622.028   724.197
730.365   831.319
847.012   940.376
1015.14   1101.08
1148.37   1225.44
1263.79   1338.31
1406.51   1468.42
1662.88   1705.68
+KVIDCsIRLLine
ID:Z=4 A=8
4	8
10
583.457   706.907
678.124   815.888
805.984   945.951
924.987   1060.74
1084.84   1215.69
1203.24   1326.66
1347.72   1462.5
1476.2   1584.94
1636.64   1734.18
1965.66   2039.56
+KVIDCsIRLLine
ID:Z=3 A=6
3	6
13
488.982   651.391
543.039   712.385
617.319   794.081
695.555   880.134
771.152   964.007
851.166   1050.56
974.684   1183.46
1086.81   1301.61
1187.93   1404.03
1297.84   1519.52
1377.42   1599.06
1529.99   1755.36
1885.76   2134.8
+KVIDCsIRLLine
ID:Z=3 A=7
3	7
22
30.107   55.7225
51.4244   91.7319
84.0941   139.961
132.208   205.512
185.455   275.629
235.985   342.576
285.503   407.271
337.215   470.347
404.442   553.918
463.11   625.884
529.049   705.322
598.031   785.549
694.095   897.383
775.655   987.503
895.563   1120.94
979.658   1212.83
1092.68   1334.26
1271.13   1520.37
1424.5   1678.48
1575.86   1841.88
1728.88   2005.11
1897.79   2182.07
+KVIDCsIRLLine
ID:Z=3 A=8
3	8
12
781.652   1008.15
850.999   1088.87
925.595   1175.27
991.959   1248.04
1086.53   1349.78
1183.33   1453.26
1263.14   1539.68
1371.36   1653.93
1486.09   1780.14
1618.29   1925.68
1788.12   2116.83
1920.53   2260.01
+KVIDCsIRLLine
ID:Z=4 A=7
4	7
10
546.691   757.99
637.358   875.333
758.425   1022.15
888.315   1178.76
1039.96   1358.26
1163.93   1503.86
1283.5   1644.31
1427.63   1803.9
1615.18   2017.33
1880.74   2307.43
+KVIDCsIRLLine
ID:Z=4 A=9
4	9
12
375.843   553.694
461.056   668.265
600.041   848.927
759.623   1061.57
887.337   1217.79
1006.56   1361.97
1136.29   1514.45
1305.43   1712.11
1453.22   1884.54
1597.82   2048.33
1769.69   2246
1911.27   2409.03
+KVIDCsIRLLine
ID:Z=4 A=10
4	10
10
1027.11   1395.83
1111.77   1501.23
1206.48   1613.42
1319.7   1750.82
1389.63   1833.65
1493.36   1954.13
1589.99   2062.57
1678.96   2166.11
1782.21   2284.71
1930.7   2454.14
+KVIDCsIRLLine
ID:Z=5 A=10
5	10
11
952.213   1343.34
1024.21   1437.15
1116.03   1551.48
1218.19   1681.78
1297.21   1778.91
1392.53   1897.4
1498.46   2025.2
1581.6   2131.58
1666.53   2234.86
1819.28   2419.21
1940.32   2562.85
+KVIDCsIRLLine
ID:Z=5 A=11
5	11
11
659.016   959.309
953.257   1358
1057.6   1495.78
1159.85   1624.76
1245.41   1730.3
1343.49   1853.42
1451.13   1987.04
1549.04   2108.46
1648.42   2232.54
1738.97   2340.08
1942.4   2589.23
+KVIDCsIRLLine
ID:Z=6 A=12
6	12
10
926.106   1331.84
989.636   1418.73
1059.95   1516.21
1151.67   1632.41
1247.68   1758.29
1341.21   1882.16
1441.41   2011.66
1521.26   2117.87
1618.35   2247.2
1929.67   2644.54
+KVIDCutLine
OK:IMF_line
below
13
18.7372   42.9577
50.8669   109.767
98.6869   195.243
203.735   357.914
301.467   497.1
419.457   673.576
562.863   883.674
706.017   1099.2
931.428   1423.57
1128.88   1709.56
1546.63   2329.18
1729.52   2588.65
2038.28   3014.35
+KVIDCutLine
OK:gamma_line
above
14
15.2177   12.8677
40.3615   38.0044
81.4814   75.0622
124.713   114.524
168.237   153.201
258.383   232.577
290.741   261.987
345.14   310.423
381.875   344.683
460.632   414.664
552.232   497.994
685.75   619.921
824.235   745.271
918.05   828.176
!
# ASCII file generated by KVIDGCsI::WriteToAsciiFile
# ID Graph Name : ID_CSI_113
# This file can be read using KVIDGCsI::ReadFromAsciiFile
# 
++KVIDGCsI
<VARX> Q3SlowAmplitude
<VARY> Q3FastAmplitude
<PARAMETER> IDTelescopes=ID_CSI_113
<PARAMETER> Runlist=12-43
+KVIDCsIRLLine
ID:Z=1 A=1
1	1
19
13.2174   12.4765
30.1101   31.5891
57.9738   58.7087
88.1344   86.0099
110.678   105.839
134.736   127.108
157.062   147.659
200.042   185.515
241.56   222.648
294.432   269.876
341.79   311.698
382.338   346.671
445.372   404.08
504.73   457.436
573.116   519.62
633.772   573.698
700.695   635.799
769.461   697.088
895.151   810.29
+KVIDCsIRLLine
ID:Z=1 A=2
1	2
15
40.9393   45.666
64.9488   69.5378
85.6178   88.6377
125.88   125.231
183.568   178.934
220.045   211.366
268.941   255.789
324.299   304.42
374.95   349.267
460.34   424.824
528.426   486.959
626.683   574.492
723.624   662.247
842.708   769.23
947.4   863.47
+KVIDCsIRLLine
ID:Z=1 A=3
1	3
16
48.3487   58.5022
77.1305   86.037
116.153   122.992
164.311   166.835
218.832   218.282
327.746   316.061
385.594   366.792
435.692   410.999
485.789   455.93
530.7   495.012
592.697   550.812
663.552   614.946
718.632   663.502
838.618   770.6
914.86   840.666
972.886   892.84
+KVIDCsIRLLine
ID:Z=2 A=3
2	3
20
159.55   202.183
188.608   233.094
229.49   276.584
272.529   320.252
316.061   363.478
355.557   402.725
404.902   450.865
458.257   501.722
511.934   552.095
565.97   603.607
625.059   659.506
676.375   707.732
734.688   762.536
798.447   820.63
869.204   885.301
933.073   942.991
1008.49   1013.14
1096.35   1095.34
1194.14   1188.16
1282.1   1268.95
+KVIDCsIRLLine
ID:Z=2 A=4
2	4
32
22.1608   36.1149
48.701   73.818
75.0482   107.586
109.581   150.362
148.11   196.517
184.445   238.171
228.374   284.897
268.707   328.807
309.641   371.594
350.778   413.257
392.914   455.484
439.241   503.338
478.186   539.939
524.518   584.984
571.45   630.029
609.594   667.19
650.135   706.042
695.47   749.398
734.203   785.7
779.34   827.37
821.88   867.349
862.025   904.513
913.743   952.904
955.088   990.071
1010.01   1041.31
1052.75   1080.16
1097.07   1121.24
1151.01   1170.79
1207.72   1224.29
1278.83   1290.73
1350.2   1356.03
1424.51   1421.41
+KVIDCsIRLLine
ID:Z=2 A=6
2	6
12
312.788   392.733
371.778   459.216
452.044   543.152
521.628   618.788
620.159   719.477
728.138   825.872
844.387   934.179
1011.95   1093.78
1144.72   1217.29
1259.77   1329.39
1401.99   1458.6
1657.48   1694.22
+KVIDCsIRLLine
ID:Z=4 A=8
4	8
10
581.752   702.341
676.133   810.609
803.576   939.797
922.18   1053.8
1081.5   1207.7
1199.5   1317.9
1343.48   1452.81
1471.53   1574.41
1631.43   1722.62
1959.32   2025.89
+KVIDCsIRLLine
ID:Z=3 A=6
3	6
13
487.655   647.267
541.546   707.862
615.595   789.018
693.588   874.503
768.95   957.822
848.712   1043.8
971.84   1175.82
1083.61   1293.18
1184.4   1394.91
1293.95   1509.62
1373.27   1588.63
1525.35   1743.88
1879.99   2120.8
+KVIDCsIRLLine
ID:Z=3 A=7
3	7
22
30.0524   55.3902
51.3252   91.1815
83.9144   139.112
131.901   204.249
185.001   273.922
235.393   340.444
284.775   404.728
336.337   467.397
403.371   550.432
461.869   621.934
527.615   700.858
596.389   780.562
692.164   891.667
773.471   981.192
893.008   1113.75
976.84   1205.03
1089.5   1325.66
1267.38   1510.52
1420.25   1667.57
1571.14   1829.89
1723.67   1992.03
1892.04   2167.8
+KVIDCsIRLLine
ID:Z=3 A=8
3	8
12
779.474   1001.73
848.612   1081.92
922.984   1167.75
989.14   1240.04
1083.41   1341.11
1179.91   1443.9
1259.46   1529.74
1367.34   1643.23
1481.71   1768.61
1613.5   1913.19
1782.81   2103.09
1914.8   2245.32
+KVIDCsIRLLine
ID:Z=4 A=7
4	7
10
545.259   753.231
635.674   869.826
756.387   1015.69
885.897   1171.3
1037.1   1349.63
1160.69   1494.28
1279.9   1633.82
1423.59   1792.35
1610.56   2004.38
1875.3   2292.57
+KVIDCsIRLLine
ID:Z=4 A=9
4	9
12
374.916   550.259
459.899   664.105
598.499   843.618
757.648   1054.91
884.992   1210.13
1003.87   1353.38
1133.21   1504.86
1301.84   1701.24
1449.19   1872.55
1593.35   2035.26
1764.69   2231.64
1905.85   2393.6
+KVIDCsIRLLine
ID:Z=4 A=10
4	10
10
1024.37   1387.03
1108.79   1491.75
1203.22   1603.21
1316.11   1739.73
1385.83   1822.02
1489.24   1941.71
1585.58   2049.44
1674.28   2152.3
1777.22   2270.13
1925.26   2438.46
+KVIDCsIRLLine
ID:Z=5 A=10
5	10
11
949.76   1334.93
1021.56   1428.14
1113.11   1541.74
1214.98   1671.21
1293.77   1767.71
1388.83   1885.44
1494.44   2012.42
1577.35   2118.12
1662.04   2220.73
1814.34   2403.89
1935.02   2546.6
+KVIDCsIRLLine
ID:Z=5 A=11
5	11
11
657.37   953.343
950.823   1349.51
1054.88   1486.42
1156.84   1614.58
1242.15   1719.44
1339.96   1841.77
1447.29   1974.53
1544.92   2095.18
1644.01   2218.46
1734.29   2325.3
1937.14   2572.85
+KVIDCsIRLLine
ID:Z=6 A=12
6	12
10
922.055   1327.84
985.519   1414.49
1055.33   1510.42
1145.24   1626.46
1240.96   1751.79
1333.52   1874.02
1437.7   2008.63
1513.33   2109.2
1620.69   2250
1919.51   2633.72
+KVIDCutLine
OK:IMF_line
below
13
18.7176   42.7092
50.8018   109.127
98.5299   194.09
203.332   355.762
300.815   494.078
418.519   669.462
561.568   878.255
704.377   1092.45
929.219   1414.8
1126.17   1699.01
1542.9   2314.79
1725.33   2572.64
2033.27   2995.66
+KVIDCutLine
OK:gamma_line
above
14
15.1635   12.7765
40.2246   37.7433
81.2022   74.5434
124.285   113.732
167.657   152.139
257.488   230.959
289.735   260.165
343.944   308.264
380.554   342.287
459.037   411.78
550.321   494.532
683.379   615.614
821.386   740.093
914.874   822.419
!
# ASCII file generated by KVIDGCsI::WriteToAsciiFile
# ID Graph Name : ID_CSI_114
# This file can be read using KVIDGCsI::ReadFromAsciiFile
# 
++KVIDGCsI
<VARX> Q3SlowAmplitude
<VARY> Q3FastAmplitude
<PARAMETER> IDTelescopes=ID_CSI_114
<PARAMETER> Runlist=12-43
+KVIDCsIRLLine
ID:Z=1 A=1
1	1
19
13.3041   12.384
30.3299   31.3781
58.3823   58.3025
88.7327   85.3925
111.415   105.064
135.62   126.164
158.089   146.559
201.332   184.114
243.109   220.956
296.309   267.814
343.958   309.304
384.749   343.993
448.182   400.961
507.911   453.901
576.729   515.606
637.762   569.26
705.117   630.892
774.309   691.7
900.786   804.021
+KVIDCsIRLLine
ID:Z=1 A=2
1	2
15
41.2571   45.379
65.4327   69.0826
86.2345   88.0379
126.751   124.35
184.812   177.648
221.515   209.825
270.721   253.905
326.416   302.148
377.379   346.641
463.295   421.6
531.812   483.258
630.678   570.103
728.229   657.179
848.058   763.328
953.405   856.835
+KVIDCsIRLLine
ID:Z=1 A=3
1	3
16
48.7559   58.1633
77.7293   85.4964
117.009   122.178
165.472   165.683
220.35   216.749
329.944   313.766
388.146   364.091
438.551   407.947
488.96   452.527
534.142   491.295
596.528   546.661
667.828   610.299
723.246   658.469
843.977   764.727
920.707   834.258
979.095   886.027
+KVIDCsIRLLine
ID:Z=2 A=3
2	3
19
191.355   231.823
232.491   275.164
276.37   318.505
320.249   360.883
360.358   399.409
410.064   447.565
463.199   497.648
517.362   547.731
572.211   597.814
631.516   653.676
683.623   701.833
742.242   755.769
806.69   813.557
877.993   877.124
942.441   933.948
1018.89   1003.29
1107.67   1084.2
1206.06   1174.73
1294.84   1254.67
+KVIDCsIRLLine
ID:Z=2 A=4
2	4
32
23.0271   36.3135
49.7477   74.3042
81.3338   113.771
111.335   150.286
153.371   196.774
188.564   237.764
236.791   288.752
271.984   326.243
313.369   368.732
354.753   410.222
397.441   452.712
443.713   499.7
483.142   536.191
530.066   580.181
577.641   624.67
615.767   661.161
656.825   699.651
703.098   743.141
741.875   778.632
787.821   820.122
830.509   858.613
870.916   896.104
923.053   944.092
964.763   980.083
1020.49   1031.07
1063.17   1069.56
1108.47   1109.05
1162.56   1157.04
1219.91   1210.03
1291.6   1276.51
1363.94   1340.99
1438.89   1404.48
+KVIDCsIRLLine
ID:Z=2 A=6
2	6
12
317.072   390.461
376.886   455.985
457.826   538.469
527.792   614.015
627.39   714.228
736.591   819.067
853.748   926.219
1023.04   1084.25
1157.21   1204.5
1273.27   1315.51
1417.04   1442.7
1674.95   1676.28
+KVIDCsIRLLine
ID:Z=4 A=8
4	8
10
586.641   698.262
681.775   805.869
810.117   934.164
929.514   1047.33
1089.9   1200.12
1208.67   1309.5
1353.59   1443.39
1482.48   1564.1
1643.41   1711.19
1973.42   2012.16
+KVIDCsIRLLine
ID:Z=3 A=6
3	6
13
495.769   642.316
549.893   702.712
624.747   782.52
703.823   866.642
780.211   949.686
861.207   1033.81
985.578   1165.38
1098.82   1280.78
1200.93   1382.16
1311.86   1494.32
1392.09   1570.9
1546.02   1724.04
1905.32   2096.12
+KVIDCsIRLLine
ID:Z=3 A=7
3	7
22
30.9101   55.6168
52.7903   91.207
85.8025   138.661
134.553   203.37
188.678   273.472
239.732   338.182
290.018   401.812
342.607   464.365
410.551   547.409
469.666   617.511
535.69   695.162
605.554   774.97
702.671   883.898
785.202   973.413
906.502   1103.91
991.336   1194.5
1104.96   1313.14
1285.38   1495.4
1440.07   1649.63
1592.85   1809.24
1747.16   1969.94
1917.98   2143.58
+KVIDCsIRLLine
ID:Z=3 A=8
3	8
12
791.343   993.904
861.207   1072.63
936.828   1157.83
1003.62   1229.02
1099.59   1328.24
1197.09   1430.69
1277.7   1512.66
1387.1   1625.9
1502.64   1748.85
1636.23   1892.29
1807.81   2079.94
1941.78   2220.15
+KVIDCsIRLLine
ID:Z=4 A=7
4	7
10
551.123   750.313
642.416   866.49
764.856   1011.33
895.351   1163.72
1048.4   1341.76
1172.99   1485.09
1296.15   1621.8
1438.28   1779.31
1627.31   1989.03
1894.74   2274.19
+KVIDCsIRLLine
ID:Z=4 A=9
4	9
12
378.748   547.628
464.524   660.878
604.374   839.419
764.994   1049.6
893.418   1203.92
1013.29   1346.34
1143.69   1496.92
1313.68   1692.11
1462.22   1862.39
1607.52   2024.09
1780.23   2219.27
1922.51   2380.24
+KVIDCsIRLLine
ID:Z=4 A=10
4	10
10
1034.03   1379.84
1119.18   1483.97
1214.38   1594.77
1328.22   1730.5
1398.52   1812.3
1502.76   1931.27
1599.85   2038.32
1689.27   2140.56
1793.03   2257.67
1942.24   2424.96
+KVIDCsIRLLine
ID:Z=5 A=10
5	10
11
959.056   1328.27
1031.5   1420.98
1123.85   1533.93
1231.17   1667.06
1306.08   1758.64
1415.37   1890.36
1508.46   2001.94
1592.1   2107.06
1677.5   2209.07
1831.08   2391.16
1952.75   2533.03
+KVIDCsIRLLine
ID:Z=5 A=11
5	11
11
664.009   948.731
960.221   1342.84
1065.23   1479.02
1168.09   1606.47
1254.13   1710.73
1352.78   1832.37
1461.04   1964.38
1559.51   2084.34
1659.46   2206.93
1750.48   2313.13
1955.05   2559.26
+KVIDCsIRLLine
ID:Z=6 A=12
6	12
10
930.975   1321.55
994.881   1409.06
1065.77   1504.11
1156.52   1618.78
1252.65   1744.01
1346.09   1864.71
1456.18   2008.05
1527.6   2100.08
1636.08   2238.89
1937.35   2619.11
+KVIDCutLine
OK:IMF_line
below
13
19.0153   42.5775
51.5624   108.77
99.8825   193.397
205.811   354.333
304.257   491.966
423.182   666.524
567.686   874.313
711.987   1087.51
939.073   1408.28
1138.01   1691.1
1559.02   2303.96
1743.24   2560.53
2054.13   2981.39
+KVIDCutLine
OK:gamma_line
above
14
15.2524   12.6704
40.4871   37.4615
81.7206   73.9747
125.076   112.861
168.715   150.965
259.095   229.156
291.544   258.136
346.088   305.855
382.935   339.622
461.9   408.565
553.76   490.678
687.66   610.828
826.533   734.341
920.593   816.012
!
# ASCII file generated by KVIDGCsI::WriteToAsciiFile
# ID Graph Name : ID_CSI_121
# This file can be read using KVIDGCsI::ReadFromAsciiFile
# 
++KVIDGCsI
<VARX> Q3SlowAmplitude
<VARY> Q3FastAmplitude
<PARAMETER> IDTelescopes=ID_CSI_121
<PARAMETER> Runlist=12-43
+KVIDCsIRLLine
ID:Z=1 A=1
1	1
19
13.2391   12.4535
30.1652   31.5365
58.0762   58.6074
88.2844   85.856
110.863   105.646
134.957   126.872
157.32   147.385
200.365   185.165
241.949   222.226
294.903   269.362
342.334   311.101
382.943   346.003
446.076   403.302
505.528   456.555
574.022   518.619
634.773   572.591
701.804   634.576
770.677   695.744
896.564   808.727
+KVIDCsIRLLine
ID:Z=1 A=2
1	2
15
41.0189   45.5944
65.0701   69.4243
85.7724   88.4882
126.099   125.012
183.88   178.613
220.413   210.982
269.388   255.319
324.83   303.853
375.559   348.612
461.081   424.02
529.275   486.036
627.684   573.397
724.778   660.983
844.049   767.758
948.905   861.816
+KVIDCsIRLLine
ID:Z=1 A=3
1	3
16
48.4507   58.4177
77.2806   85.9022
116.367   122.789
164.602   166.548
219.212   217.9
328.297   315.489
386.234   366.118
436.409   410.238
486.584   455.081
531.563   494.085
593.658   549.777
664.624   613.787
719.789   662.246
839.962   769.135
916.326   839.068
974.443   891.141
+KVIDCsIRLLine
ID:Z=2 A=3
2	3
19
190.138   232.822
231.047   276.378
274.699   319.948
318.356   362.555
358.261   401.29
407.715   449.706
460.587   500.067
514.487   550.433
569.073   600.802
628.085   656.974
679.939   705.403
738.275   759.645
802.419   817.769
873.389   881.709
937.538   938.87
1013.62   1008.62
1101.98   1089.98
1199.89   1181.03
1288.26   1261.43
+KVIDCsIRLLine
ID:Z=2 A=4
2	4
32
22.8367   36.4335
49.3579   74.5637
80.737   114.196
110.547   150.867
152.339   197.575
187.317   238.748
235.276   289.988
270.272   327.662
311.434   370.368
352.6   412.074
395.065   454.787
441.09   502.017
480.328   538.714
527.021   582.948
574.363   627.686
612.297   664.376
653.153   703.081
699.197   746.812
737.788   782.506
783.516   824.236
826.002   862.949
866.212   900.651
918.097   948.912
959.618   985.121
1015.07   1036.4
1057.56   1075.11
1102.65   1114.84
1156.49   1163.11
1213.56   1216.4
1284.9   1283.26
1356.9   1348.12
1431.52   1411.99
+KVIDCsIRLLine
ID:Z=2 A=6
2	6
12
315.023   392.116
374.493   457.952
455.001   540.859
524.57   616.77
623.641   717.503
732.292   822.913
848.887   930.676
1017.35   1089.59
1150.88   1210.55
1266.36   1322.16
1409.47   1450.1
1666.15   1685.03
+KVIDCsIRLLine
ID:Z=4 A=8
4	8
10
572.099   696.833
678.833   808.059
807.758   937.822
927.172   1051.37
1086.74   1204.3
1205.1   1315.53
1349.88   1447.61
1478.8   1568.1
1639.43   1716.4
1969.14   2019.95
+KVIDCsIRLLine
ID:Z=3 A=6
3	6
13
486.619   636.846
549.205   708.829
622.71   791.821
696.623   873.479
772.777   956.059
853.606   1040.52
980.96   1176.07
1092.27   1292.94
1190.95   1393.36
1301.18   1505.97
1380   1582.92
1532.98   1736.82
1889.7   2110.31
+KVIDCsIRLLine
ID:Z=3 A=7
3	7
22
31.2817   58.9339
52.6581   94.5937
85.3908   141.515
133.488   207.204
187.597   276.646
238.366   342.335
287.799   406.148
339.904   468.083
407.373   552.541
466.158   621.983
537.024   704.595
608.849   789.281
701.677   893.445
781.063   981.519
903   1113.76
988.687   1206.07
1098.57   1321.73
1274.45   1505.97
1427.43   1661.75
1579.74   1823.16
1732.71   1984.56
1902.39   2159.11
+KVIDCsIRLLine
ID:Z=3 A=8
3	8
12
783.465   1001.1
852.938   1079.93
927.756   1166.26
993.889   1237.58
1089.42   1338.93
1186.28   1442.16
1266.44   1524.74
1374.66   1637.35
1489.56   1761.22
1622.49   1905.74
1792.83   2093.42
1925.77   2234.18
+KVIDCsIRLLine
ID:Z=4 A=7
4	7
10
547.186   753.189
637.87   869.842
759.55   1015.32
889.245   1168.39
1041.36   1347.23
1165.2   1491.22
1287.64   1628.56
1428.94   1786.81
1616.87   1997.52
1882.81   2284.08
+KVIDCsIRLLine
ID:Z=4 A=9
4	9
12
377.463   549.913
462.969   664.4
602.584   842.699
760.235   1054.78
888.494   1208.68
1008.07   1353.2
1137.66   1501.47
1307.34   1698.53
1454.97   1869.33
1599.93   2030.73
1771.61   2227.8
1913.89   2389.21
+KVIDCsIRLLine
ID:Z=4 A=10
4	10
10
1028.78   1386.98
1112.95   1488.33
1208.47   1600.94
1321.37   1736.07
1391.51   1818.65
1495.72   1938.77
1591.91   2045.75
1680.76   2148.97
1784.3   2265.34
1933.27   2434.25
+KVIDCsIRLLine
ID:Z=5 A=10
5	10
11
952.088   1333.27
1024.05   1426.36
1115.8   1539.79
1222.42   1673.49
1296.86   1765.45
1405.45   1897.75
1497.95   2009.81
1586.57   2118.94
1671.41   2220.29
1818.53   2400.72
1939.46   2543.22
+KVIDCsIRLLine
ID:Z=5 A=11
5	11
11
659.033   952.194
953.177   1347.85
1057.47   1484.58
1159.66   1612.56
1245.15   1717.27
1343.17   1839.43
1450.73   1972.01
1548.57   2092.48
1647.88   2215.59
1738.35   2322.27
1941.62   2569.46
+KVIDCsIRLLine
ID:Z=6 A=12
6	12
10
925.903   1326.92
989.364   1415.13
1059.51   1510.85
1150.36   1623.46
1245.88   1749.21
1338.74   1871.2
1448.96   2013.84
1519.77   2107.68
1627.32   2246.57
1927.25   2627.57
+KVIDCutLine
OK:IMF_line
below
13
18.7921   42.6765
50.9922   109.038
98.8685   193.918
203.953   355.406
301.676   493.552
419.686   668.731
563.1   877.274
706.283   1091.22
931.687   1413.17
1129.14   1697.04
1546.94   2312.09
1729.81   2569.62
2038.5   2992.11
+KVIDCutLine
OK:gamma_line
above
14
15.1858   12.7501
40.2904   37.673
81.3321   74.4016
124.483   113.515
167.922   151.846
257.891   230.51
290.189   259.659
344.481   307.663
381.151   341.622
459.755   410.978
551.184   493.57
684.453   614.42
822.677   738.659
916.308   820.821
!
# ASCII file generated by KVIDGCsI::WriteToAsciiFile
# ID Graph Name : ID_CSI_122
# This file can be read using KVIDGCsI::ReadFromAsciiFile
# 
++KVIDGCsI
<VARX> Q3SlowAmplitude
<VARY> Q3FastAmplitude
<PARAMETER> IDTelescopes=ID_CSI_122
<PARAMETER> Runlist=12-43
+KVIDCsIRLLine
ID:Z=1 A=1
1	1
19
13.2173   12.4766
30.1101   31.5891
57.9738   58.7087
88.1344   86.01
110.678   105.839
134.735   127.107
157.063   147.659
200.042   185.514
241.561   222.648
294.432   269.876
341.791   311.698
382.339   346.671
445.371   404.08
504.73   457.437
573.116   519.62
633.773   573.698
700.695   635.8
769.462   697.088
895.151   810.291
+KVIDCsIRLLine
ID:Z=1 A=2
1	2
15
40.9393   45.6659
64.9488   69.5378
85.6178   88.6378
125.881   125.232
183.568   178.934
220.044   211.366
268.942   255.789
324.299   304.419
374.95   349.267
460.34   424.824
528.426   486.959
626.682   574.492
723.623   662.247
842.708   769.23
947.399   863.471
+KVIDCsIRLLine
ID:Z=1 A=3
1	3
16
48.3487   58.5022
77.1306   86.0369
116.153   122.992
164.311   166.835
218.831   218.282
327.746   316.062
385.594   366.792
435.692   410.999
485.789   455.93
530.7   495.012
592.698   550.812
663.552   614.946
718.632   663.501
838.618   770.6
914.86   840.666
972.886   892.84
+KVIDCsIRLLine
ID:Z=2 A=3
2	3
19
189.731   233.153
230.564   276.781
274.14   320.427
317.723   363.11
357.56   401.915
406.929   450.417
459.714   500.87
513.526   551.33
568.024   601.794
626.937   658.069
678.707   706.589
736.948   760.932
800.991   819.168
871.849   883.232
935.898   940.505
1011.86   1010.39
1100.08   1091.9
1197.83   1183.12
1286.06   1263.68
+KVIDCsIRLLine
ID:Z=2 A=4
2	4
32
23.3968   37.1726
49.8833   74.9198
80.9763   114.824
110.918   151.493
152.759   197.868
187.306   239.929
235.289   290.618
270.221   328.365
310.527   371.505
351.6   413.566
394.209   455.627
439.889   503.081
479.043   539.75
525.874   583.968
573.089   629.264
612.243   668.09
651.781   704.759
697.845   748.977
736.231   784.567
781.911   826.628
824.136   865.454
864.441   903.201
916.263   950.655
957.72   987.323
1019.52   1046.64
1055.61   1077.92
1103.2   1122.13
1160.36   1174.39
1211.07   1219.2
1282.47   1283.91
1354.25   1348.62
1428.72   1413.33
+KVIDCsIRLLine
ID:Z=2 A=6
2	6
12
314.338   392.665
373.693   458.605
454.056   541.652
523.493   617.685
622.388   718.59
730.855   824.19
847.261   932.156
1015.45   1091.36
1148.77   1212.56
1264.05   1324.37
1406.94   1452.56
1663.21   1687.94
+KVIDCsIRLLine
ID:Z=4 A=8
4	8
10
570.882   697.83
677.422   809.243
806.12   939.23
925.336   1052.99
1084.64   1206.19
1202.8   1317.63
1347.35   1449.96
1476.06   1570.68
1636.43   1719.26
1965.61   2023.38
+KVIDCsIRLLine
ID:Z=3 A=6
3	6
13
485.507   637.694
547.967   709.786
621.327   792.907
695.097   874.694
771.107   957.406
851.789   1042.01
978.906   1177.78
1090.01   1294.84
1188.52   1395.44
1298.55   1508.24
1377.24   1585.33
1529.95   1739.49
1886.01   2113.6
+KVIDCsIRLLine
ID:Z=3 A=7
3	7
22
31.1788   58.9884
52.4929   94.6855
85.1437   141.664
133.126   207.437
187.114   276.973
237.768   342.751
287.09   406.65
339.087   468.676
406.408   553.251
465.072   622.796
535.793   705.531
607.471   790.342
700.117   894.668
779.349   982.881
901.055   1115.33
986.581   1207.79
1096.26   1323.65
1271.82   1508.19
1431.69   1673.61
1576.56   1825.91
1729.24   1987.58
1898.62   2162.43
+KVIDCsIRLLine
ID:Z=3 A=8
3	8
12
781.717   1002.47
851.052   1081.42
925.719   1167.88
991.728   1239.31
1087.08   1340.83
1188.6   1445.79
1268.61   1531.79
1371.8   1639.75
1486.48   1763.82
1619.16   1908.57
1789.17   2096.55
1921.87   2237.54
+KVIDCsIRLLine
ID:Z=4 A=7
4	7
10
545.871   754.143
636.351   870.954
757.777   1016.64
887.204   1169.94
1039.01   1349.05
1162.6   1493.25
1284.8   1630.8
1425.82   1789.3
1613.38   2000.34
1878.82   2287.36
+KVIDCsIRLLine
ID:Z=4 A=9
4	9
12
376.503   550.571
461.809   665.207
601.112   843.749
758.393   1056.11
886.383   1210.23
1005.71   1354.96
1135.04   1503.45
1304.37   1700.81
1451.71   1871.87
1596.38   2033.52
1767.72   2230.89
1909.72   2392.55
+KVIDCsIRLLine
ID:Z=4 A=10
4	10
10
1026.36   1388.77
1110.35   1490.27
1205.67   1603.05
1318.34   1738.37
1388.33   1821.08
1492.33   1941.38
1588.34   2048.53
1677.01   2151.9
1780.34   2268.45
1929.02   2437.62
+KVIDCsIRLLine
ID:Z=5 A=10
5	10
11
951.864   1333.8
1023.65   1426.55
1114.62   1539.79
1221.34   1673.53
1295.42   1766.28
1404.06   1898.93
1496.57   2011.09
1584.85   2120.02
1670.07   2221.4
1816.71   2399.35
1938.01   2541.71
+KVIDCsIRLLine
ID:Z=5 A=11
5	11
11
658.976   954.172
953.016   1348.9
1056.27   1485.87
1158.38   1614.21
1243.98   1718.82
1341.87   1841.77
1451.38   1975.84
1546.85   2094.14
1652.3   2222.78
1736.86   2324.93
1939.93   2568.67
+KVIDCsIRLLine
ID:Z=6 A=12
6	12
10
925.377   1329.49
988.715   1417.92
1058.19   1511.75
1151.63   1631.62
1243.98   1751.18
1337.26   1873.05
1447.05   2015.41
1534.55   2130.22
1632.05   2258.56
1925.34   2627.99
+KVIDCutLine
OK:IMF_line
below
13
18.7176   42.7092
50.8018   109.127
98.5299   194.09
203.332   355.761
300.814   494.078
418.518   669.462
561.568   878.255
704.377   1092.45
929.219   1414.79
1126.18   1699.01
1542.9   2314.79
1725.32   2572.64
2033.27   2995.66
+KVIDCutLine
OK:gamma_line
above
14
15.1635   12.7766
40.2246   37.7433
81.2021   74.5434
124.285   113.732
167.657   152.139
257.488   230.96
289.735   260.165
343.944   308.264
380.554   342.287
459.037   411.78
550.322   494.531
683.38   615.614
821.387   740.094
914.874   822.419
!
# ASCII file generated by KVIDGCsI::WriteToAsciiFile
# ID Graph Name : ID_CSI_123
# This file can be read using KVIDGCsI::ReadFromAsciiFile
# 
++KVIDGCsI
<VARX> Q3SlowAmplitude
<VARY> Q3FastAmplitude
<PARAMETER> IDTelescopes=ID_CSI_123
<PARAMETER> Runlist=12-43
+KVIDCsIRLLine
ID:Z=1 A=1
1	1
19
13.2108   12.4835
30.0936   31.6049
57.9431   58.739
88.0894   86.0561
110.623   105.897
134.669   127.178
156.985   147.742
199.944   185.619
241.444   222.774
294.291   270.03
341.627   311.877
382.157   346.871
445.16   404.313
504.491   457.701
572.844   519.92
633.472   574.03
700.362   636.167
769.096   697.491
894.727   810.759
+KVIDCsIRLLine
ID:Z=1 A=2
1	2
15
40.9153   45.6874
64.9124   69.5718
85.5714   88.6826
125.815   125.298
183.474   179.03
219.934   211.482
268.808   255.93
324.14   304.589
374.767   349.463
460.118   425.065
528.171   487.236
626.381   574.82
723.276   662.626
842.305   769.671
946.947   863.967
+KVIDCsIRLLine
ID:Z=1 A=3
1	3
16
48.318   58.5275
77.0855   86.0773
116.088   123.053
164.224   166.921
218.717   218.397
327.58   316.233
385.402   366.993
435.477   411.227
485.55   456.184
530.441   495.29
592.409   551.123
663.23   615.293
718.285   663.877
838.215   771.039
914.42   841.145
972.419   893.35
+KVIDCsIRLLine
ID:Z=2 A=3
2	3
19
189.609   233.253
230.419   276.902
273.972   320.57
317.533   363.276
357.35   402.102
406.694   450.63
459.451   501.111
513.237   551.599
567.708   602.092
626.593   658.397
678.337   706.944
736.55   761.318
800.561   819.588
871.386   883.688
935.405   940.995
1011.33   1010.92
1099.5   1092.48
1197.21   1183.75
1285.39   1264.35
+KVIDCsIRLLine
ID:Z=2 A=4
2	4
32
27.0391   41.5113
51.8045   76.3315
86.476   119.261
114.956   155.035
155.819   202.257
189.5   241.847
235.316   292.885
269.987   330.09
314.845   376.934
355.952   417.081
393.814   456.969
439.135   503.714
478.264   540.443
525.071   584.803
571.63   630.594
611.007   668.753
650.384   705.958
696.695   749.841
735.081   785.138
780.65   827.59
822.751   866.704
863.118   904.386
915.126   952.085
956.236   988.336
1018.15   1046.05
1058.76   1082.78
1100.37   1122.85
1158.57   1174.36
1209.09   1219.2
1283.88   1289.79
1354.22   1352.76
1431.73   1422.4
+KVIDCsIRLLine
ID:Z=2 A=6
2	6
12
314.133   392.83
373.453   458.801
453.773   541.89
523.169   617.959
622.011   718.916
730.423   824.572
846.773   932.6
1014.88   1091.9
1148.13   1213.16
1263.36   1325.03
1406.18   1453.29
1662.32   1688.81
+KVIDCsIRLLine
ID:Z=4 A=8
4	8
10
570.516   698.129
676.998   809.597
805.628   939.652
924.784   1053.47
1084   1206.76
1202.11   1318.26
1346.59   1450.67
1475.24   1571.45
1635.53   1720.12
1964.55   2024.41
+KVIDCsIRLLine
ID:Z=3 A=6
3	6
13
485.173   637.948
547.595   710.073
620.912   793.232
694.639   875.057
770.606   957.81
851.243   1042.45
978.289   1178.29
1089.33   1295.41
1187.79   1396.06
1297.76   1508.92
1376.4   1586.05
1529.04   1740.29
1884.91   2114.59
+KVIDCsIRLLine
ID:Z=3 A=7
3	7
22
31.1479   59.0047
52.4433   94.7129
85.0695   141.708
133.018   207.506
186.969   277.071
237.589   342.875
286.877   406.8
338.841   468.853
406.118   553.464
464.746   623.039
535.424   705.812
607.057   790.66
699.648   895.035
778.834   983.289
900.471   1115.81
985.948   1208.31
1095.57   1324.22
1271.03   1508.86
1430.81   1674.36
1575.6   1826.74
1728.2   1988.49
1897.49   2163.42
+KVIDCsIRLLine
ID:Z=3 A=8
3	8
12
781.192   1002.88
850.486   1081.86
925.107   1168.36
991.078   1239.83
1086.38   1341.4
1187.84   1446.41
1267.81   1532.45
1370.94   1640.46
1485.56   1764.6
1618.16   1909.42
1788.08   2097.48
1920.7   2238.54
+KVIDCsIRLLine
ID:Z=4 A=7
4	7
10
545.476   754.429
635.895   871.287
757.244   1017.04
886.592   1170.4
1038.3   1349.59
1161.81   1493.86
1283.94   1631.48
1424.88   1790.05
1612.33   2001.18
1877.62   2288.35
+KVIDCsIRLLine
ID:Z=4 A=9
4	9
12
376.214   550.768
461.46   665.449
600.67   844.064
757.84   1056.5
885.749   1210.69
1005   1355.48
1134.25   1504.05
1303.48   1701.49
1450.72   1872.63
1595.32   2034.35
1766.55   2231.81
1908.46   2393.55
+KVIDCsIRLLine
ID:Z=4 A=10
4	10
10
1025.63   1389.31
1109.57   1490.85
1204.83   1603.68
1317.43   1739.06
1387.38   1821.8
1491.32   1942.16
1587.26   2049.36
1675.88   2152.78
1779.16   2269.38
1927.74   2438.63
+KVIDCsIRLLine
ID:Z=5 A=10
5	10
11
951.165   1334.3
1022.9   1427.09
1113.82   1540.38
1220.46   1674.17
1294.5   1766.95
1403.06   1899.67
1495.51   2011.88
1583.74   2120.85
1668.91   2222.27
1815.45   2400.3
1936.68   2542.73
+KVIDCsIRLLine
ID:Z=5 A=11
5	11
11
658.476   954.517
952.309   1349.4
1055.5   1486.42
1157.54   1614.82
1243.08   1719.47
1340.9   1842.47
1450.35   1976.6
1545.76   2094.95
1651.13   2223.64
1735.65   2325.84
1938.58   2569.69
+KVIDCsIRLLine
ID:Z=6 A=12
6	12
10
924.681   1329.97
987.972   1418.44
1057.4   1512.31
1150.78   1632.22
1243.07   1751.83
1336.28   1873.75
1445.99   2016.16
1533.43   2131.02
1630.87   2259.41
1923.97   2629
+KVIDCutLine
OK:IMF_line
below
13
18.6952   42.719
50.7447   109.153
98.4283   194.142
203.146   355.868
300.555   494.235
418.168   669.682
561.108   878.549
703.805   1092.82
928.478   1415.28
1125.29   1699.6
1541.69   2315.59
1723.98   2573.54
2031.71   2996.73
+KVIDCutLine
OK:gamma_line
above
14
15.1568   12.7845
40.2048   37.7643
81.1631   74.5859
124.225   113.797
167.577   152.227
257.367   231.095
289.599   260.317
343.782   308.444
380.375   342.486
458.821   412.02
550.063   494.819
683.057   615.971
820.999   740.524
914.443   822.898
!
# ASCII file generated by KVIDGCsI::WriteToAsciiFile
# ID Graph Name : ID_CSI_124
# This file can be read using KVIDGCsI::ReadFromAsciiFile
# 
++KVIDGCsI
<VARX> Q3SlowAmplitude
<VARY> Q3FastAmplitude
<PARAMETER> IDTelescopes=ID_CSI_124
<PARAMETER> Runlist=12-43
+KVIDCsIRLLine
ID:Z=1 A=1
1	1
19
13.2108   12.4835
30.0936   31.6049
57.9431   58.739
88.0894   86.0561
110.623   105.897
134.669   127.178
156.985   147.742
199.944   185.619
241.444   222.774
294.291   270.03
341.627   311.877
382.157   346.871
445.16   404.313
504.491   457.701
572.844   519.92
633.472   574.03
700.362   636.167
769.096   697.491
894.727   810.759
+KVIDCsIRLLine
ID:Z=1 A=2
1	2
15
40.9153   45.6874
64.9124   69.5718
85.5714   88.6826
125.815   125.298
183.474   179.03
219.934   211.482
268.808   255.93
324.14   304.589
374.767   349.463
460.118   425.065
528.171   487.236
626.381   574.82
723.276   662.626
842.305   769.671
946.947   863.967
+KVIDCsIRLLine
ID:Z=1 A=3
1	3
16
48.318   58.5275
77.0855   86.0773
116.088   123.053
164.224   166.921
218.717   218.397
327.58   316.233
385.402   366.993
435.477   411.227
485.55   456.184
530.441   495.29
592.409   551.123
663.23   615.293
718.285   663.877
838.215   771.039
914.42   841.145
972.419   893.35
+KVIDCsIRLLine
ID:Z=2 A=3
2	3
19
189.609   233.253
230.419   276.902
273.972   320.57
317.533   363.276
357.35   402.102
406.694   450.63
459.451   501.111
513.237   551.599
567.708   602.092
626.593   658.397
678.337   706.944
736.55   761.318
800.561   819.588
871.386   883.688
935.405   940.995
1011.33   1010.92
1099.5   1092.48
1197.21   1183.75
1285.39   1264.35
+KVIDCsIRLLine
ID:Z=2 A=4
2	4
32
27.0391   41.5113
51.8045   76.3315
86.476   119.261
114.956   155.035
155.819   202.257
189.5   241.847
235.316   292.885
269.987   330.09
314.845   376.934
355.952   417.081
393.814   456.969
439.135   503.714
478.264   540.443
525.071   584.803
571.63   630.594
611.007   668.753
650.384   705.958
696.695   749.841
735.081   785.138
780.65   827.59
822.751   866.704
863.118   904.386
915.126   952.085
956.236   988.336
1018.15   1046.05
1058.76   1082.78
1100.37   1122.85
1158.57   1174.36
1209.09   1219.2
1283.88   1289.79
1354.22   1352.76
1431.73   1422.4
+KVIDCsIRLLine
ID:Z=2 A=6
2	6
12
314.133   392.83
373.453   458.801
453.773   541.89
523.169   617.959
622.011   718.916
730.423   824.572
846.773   932.6
1014.88   1091.9
1148.13   1213.16
1263.36   1325.03
1406.18   1453.29
1662.32   1688.81
+KVIDCsIRLLine
ID:Z=4 A=8
4	8
10
570.516   698.129
676.998   809.597
805.628   939.652
924.784   1053.47
1084   1206.76
1202.11   1318.26
1346.59   1450.67
1475.24   1571.45
1635.53   1720.12
1964.55   2024.41
+KVIDCsIRLLine
ID:Z=3 A=6
3	6
13
485.173   637.948
547.595   710.073
620.912   793.232
694.639   875.057
770.606   957.81
851.243   1042.45
978.289   1178.29
1089.33   1295.41
1187.79   1396.06
1297.76   1508.92
1376.4   1586.05
1529.04   1740.29
1884.91   2114.59
+KVIDCsIRLLine
ID:Z=3 A=7
3	7
22
31.1479   59.0047
52.4433   94.7129
85.0695   141.708
133.018   207.506
186.969   277.071
237.589   342.875
286.877   406.8
338.841   468.853
406.118   553.464
464.746   623.039
535.424   705.812
607.057   790.66
699.648   895.035
778.834   983.289
900.471   1115.81
985.948   1208.31
1095.57   1324.22
1271.03   1508.86
1430.81   1674.36
1575.6   1826.74
1728.2   1988.49
1897.49   2163.42
+KVIDCsIRLLine
ID:Z=3 A=8
3	8
12
781.192   1002.88
850.486   1081.86
925.107   1168.36
991.078   1239.83
1086.38   1341.4
1187.84   1446.41
1267.81   1532.45
1370.94   1640.46
1485.56   1764.6
1618.16   1909.42
1788.08   2097.48
1920.7   2238.54
+KVIDCsIRLLine
ID:Z=4 A=7
4	7
10
545.476   754.429
635.895   871.287
757.244   1017.04
886.592   1170.4
1038.3   1349.59
1161.81   1493.86
1283.94   1631.48
1424.88   1790.05
1612.33   2001.18
1877.62   2288.35
+KVIDCsIRLLine
ID:Z=4 A=9
4	9
12
376.214   550.768
461.46   665.449
600.67   844.064
757.84   1056.5
885.749   1210.69
1005   1355.48
1134.25   1504.05
1303.48   1701.49
1450.72   1872.63
1595.32   2034.35
1766.55   2231.81
1908.46   2393.55
+KVIDCsIRLLine
ID:Z=4 A=10
4	10
10
1025.63   1389.31
1109.57   1490.85
1204.83   1603.68
1317.43   1739.06
1387.38   1821.8
1491.32   1942.16
1587.26   2049.36
1675.88   2152.78
1779.16   2269.38
1927.74   2438.63
+KVIDCsIRLLine
ID:Z=5 A=10
5	10
11
951.165   1334.3
1022.9   1427.09
1113.82   1540.38
1220.46   1674.17
1294.5   1766.95
1403.06   1899.67
1495.51   2011.88
1583.74   2120.85
1668.91   2222.27
1815.45   2400.3
1936.68   2542.73
+KVIDCsIRLLine
ID:Z=5 A=11
5	11
11
658.476   954.517
952.309   1349.4
1055.5   1486.42
1157.54   1614.82
1243.08   1719.47
1340.9   1842.47
1450.35   1976.6
1545.76   2094.95
1651.13   2223.64
1735.65   2325.84
1938.58   2569.69
+KVIDCsIRLLine
ID:Z=6 A=12
6	12
10
924.681   1329.97
987.972   1418.44
1057.4   1512.31
1150.78   1632.22
1243.07   1751.83
1336.28   1873.75
1445.99   2016.16
1533.43   2131.02
1630.87   2259.41
1923.97   2629
+KVIDCutLine
OK:IMF_line
below
13
18.6952   42.719
50.7447   109.153
98.4283   194.142
203.146   355.868
300.555   494.235
418.168   669.682
561.108   878.549
703.805   1092.82
928.478   1415.28
1125.29   1699.6
1541.69   2315.59
1723.98   2573.54
2031.71   2996.73
+KVIDCutLine
OK:gamma_line
above
14
15.1568   12.7845
40.2048   37.7643
81.1631   74.5859
124.225   113.797
167.577   152.227
257.367   231.095
289.599   260.317
343.782   308.444
380.375   342.486
458.821   412.02
550.063   494.819
683.057   615.971
820.999   740.524
914.443   822.898
!
# ASCII file generated by KVIDGCsI::WriteToAsciiFile
# ID Graph Name : ID_CSI_131
# This file can be read using KVIDGCsI::ReadFromAsciiFile
# 
++KVIDGCsI
<VARX> Q3SlowAmplitude
<VARY> Q3FastAmplitude
<PARAMETER> IDTelescopes=ID_CSI_131
<PARAMETER> Runlist=12-43
+KVIDCsIRLLine
ID:Z=1 A=1
1	1
19
13.3839   12.8837
30.3929   31.9559
58.5179   58.5776
88.6518   85.994
111.286   105.861
135.527   126.92
157.893   147.184
201.152   184.931
242.804   221.884
295.839   268.373
343.518   310.093
384.232   344.662
447.58   401.481
507.313   454.327
575.884   516.312
636.955   569.555
704.188   631.143
773.295   692.333
899.589   804.78
+KVIDCsIRLLine
ID:Z=1 A=2
1	2
15
41.2411   45.4654
65.4821   68.9084
86.375   87.9807
126.687   124.536
184.545   177.779
221.241   210.361
270.259   254.068
325.839   302.544
376.866   347.046
462.714   422.143
531.018   483.73
629.857   569.953
727.223   657.367
846.955   763.457
952.223   857.229
+KVIDCsIRLLine
ID:Z=1 A=3
1	3
16
48.875   58.5776
77.6696   85.994
116.777   122.947
165.259   166.256
220.036   217.513
329.455   314.861
387.58   364.529
437.938   408.633
488.295   453.135
533.429   492.074
595.705   546.907
666.955   610.879
722.268   658.957
842.938   765.443
919.545   834.978
977.804   887.029
+KVIDCsIRLLine
ID:Z=2 A=3
2	3
19
190.219   232.756
231.143   276.297
274.811   319.852
318.483   362.444
358.401   401.165
407.872   449.564
460.762   499.906
514.679   550.253
569.283   600.603
628.314   656.755
680.185   705.166
738.54   759.387
802.704   817.489
873.697   881.404
937.866   938.543
1013.97   1008.27
1102.36   1089.6
1200.3   1180.61
1288.7   1260.98
+KVIDCsIRLLine
ID:Z=2 A=4
2	4
32
27.1786   42.7983
52.0893   76.5721
85.5714   120.677
118.25   159.219
156.688   202.926
190.705   242.262
236.509   292.724
271.732   330.074
316.732   375.371
357.848   414.708
396.018   454.441
441.554   501.327
480.527   537.485
527.67   581.59
574.411   627.284
613.92   665.826
653.429   701.984
699.634   746.485
738.339   781.054
783.741   823.172
826.196   862.906
866.509   899.858
918.741   946.744
959.991   984.094
1022.13   1040.52
1062.85   1077.87
1109.19   1121.18
1163.16   1168.86
1213.79   1213.36
1288.92   1283.29
1359.63   1346.86
1437.18   1415.21
+KVIDCsIRLLine
ID:Z=2 A=6
2	6
12
315.16   392.006
374.653   457.821
455.19   540.7
524.785   616.587
623.891   717.285
732.579   822.657
849.212   930.38
1017.73   1089.23
1151.3   1210.15
1266.82   1321.72
1409.98   1449.61
1666.74   1684.45
+KVIDCsIRLLine
ID:Z=4 A=8
4	8
10
572.342   696.633
679.115   807.822
808.085   937.54
927.539   1051.05
1087.16   1203.92
1205.56   1315.11
1350.39   1447.14
1479.35   1567.58
1640.03   1715.83
1969.84   2019.26
+KVIDCsIRLLine
ID:Z=3 A=6
3	6
13
486.841   636.676
549.452   708.637
622.986   791.604
696.928   873.236
773.111   955.789
853.969   1040.22
981.37   1175.73
1092.72   1292.56
1191.44   1392.94
1301.71   1505.52
1380.55   1582.44
1533.59   1736.28
1890.44   2109.65
+KVIDCsIRLLine
ID:Z=3 A=7
3	7
22
31.3023   58.923
52.6911   94.5753
85.4402   141.485
133.56   207.157
187.694   276.58
238.485   342.252
287.941   406.048
340.067   467.964
407.566   552.399
466.375   621.82
537.27   704.408
609.124   789.068
701.989   893.2
781.406   981.246
903.389   1113.44
989.108   1205.72
1099.03   1321.35
1274.98   1505.53
1435.19   1670.61
1580.38   1822.61
1733.4   1983.96
1903.14   2158.45
+KVIDCsIRLLine
ID:Z=3 A=8
3	8
12
783.814   1000.83
853.315   1079.63
928.163   1165.94
994.321   1237.23
1089.89   1338.55
1191.62   1443.29
1271.82   1529.13
1375.23   1636.87
1490.17   1760.7
1623.16   1905.17
1793.56   2092.79
1926.55   2233.51
+KVIDCsIRLLine
ID:Z=4 A=7
4	7
10
547.449   752.998
638.174   869.619
759.904   1015.05
889.653   1168.08
1041.83   1346.87
1165.72   1490.81
1288.21   1628.11
1429.56   1786.31
1617.57   1996.96
1883.61   2283.42
+KVIDCsIRLLine
ID:Z=4 A=9
4	9
12
377.655   549.781
463.201   664.238
602.878   842.489
760.603   1054.51
888.916   1208.37
1008.54   1352.85
1138.18   1501.07
1307.93   1698.07
1455.62   1868.82
1600.64   2030.17
1772.39   2227.18
1914.72   2388.54
+KVIDCsIRLLine
ID:Z=4 A=10
4	10
10
1029.26   1386.62
1113.47   1487.94
1209.03   1600.52
1321.98   1735.61
1392.14   1818.16
1496.4   1938.25
1592.62   2045.19
1681.51   2148.38
1785.09   2264.72
1934.12   2433.58
+KVIDCsIRLLine
ID:Z=5 A=10
5	10
11
954.655   1331.8
1026.63   1424.4
1117.84   1537.46
1224.84   1670.96
1299.12   1763.56
1408.03   1895.99
1500.77   2007.95
1589.29   2116.7
1674.72   2217.9
1821.73   2395.54
1943.33   2537.65
+KVIDCsIRLLine
ID:Z=5 A=11
5	11
11
660.973   952.79
955.839   1346.9
1059.38   1483.65
1161.76   1611.78
1247.58   1716.21
1345.72   1838.96
1455.52   1972.79
1551.23   2090.89
1656.95   2219.31
1741.73   2321.29
1945.3   2564.6
+KVIDCsIRLLine
ID:Z=6 A=12
6	12
10
928.16   1327.55
991.682   1415.85
1061.36   1509.53
1155.05   1629.21
1247.65   1748.57
1341.18   1870.24
1451.27   2012.37
1539.01   2127
1636.78   2255.13
1930.84   2623.95
+KVIDCutLine
OK:IMF_line
below
13
18.807   42.6699
51.0303   109.02
98.9362   193.883
204.077   355.335
301.848   493.447
419.919   668.584
563.406   877.077
706.664   1090.97
932.18   1412.84
1129.73   1696.65
1547.75   2311.55
1730.71   2569.02
2039.54   2991.4
+KVIDCutLine
OK:gamma_line
above
14
15.3929   12.8837
40.4375   37.916
81.6875   74.4712
124.946   113.808
168.607   151.555
258.607   229.831
291.018   258.836
345.393   306.914
382.223   340.688
460.973   409.825
552.714   492.074
686.509   611.673
825.125   735.246
919.009   817.098
!
# ASCII file generated by KVIDGCsI::WriteToAsciiFile
# ID Graph Name : ID_CSI_132
# This file can be read using KVIDGCsI::ReadFromAsciiFile
# 
++KVIDGCsI
<VARX> Q3SlowAmplitude
<VARY> Q3FastAmplitude
<PARAMETER> IDTelescopes=ID_CSI_132
<PARAMETER> Runlist=12-43
+KVIDCsIRLLine
ID:Z=1 A=1
1	1
19
13.3839   12.8837
30.3929   31.9559
58.5179   58.5776
88.6518   85.994
111.286   105.861
135.527   126.92
157.893   147.184
201.152   184.931
242.804   221.884
295.839   268.373
343.518   310.093
384.232   344.662
447.58   401.481
507.313   454.327
575.884   516.312
636.955   569.555
704.188   631.143
773.295   692.333
899.589   804.78
+KVIDCsIRLLine
ID:Z=1 A=2
1	2
15
41.2411   45.4654
65.4821   68.9084
86.375   87.9807
126.687   124.536
184.545   177.779
221.241   210.361
270.259   254.068
325.839   302.544
376.866   347.046
462.714   422.143
531.018   483.73
629.857   569.953
727.223   657.367
844.813   763.183
952.223   857.229
+KVIDCsIRLLine
ID:Z=1 A=3
1	3
16
48.8527   58.7098
77.4554   86.2059
116.509   122.996
166.564   169.469
219.919   217.877
324.979   311.983
391.432   368.953
441.755   413.282
489.984   455.396
539.869   498.932
593.499   546.566
664.456   609.691
720.837   659.648
839.313   764.732
919.31   834.021
977.616   885.914
+KVIDCsIRLLine
ID:Z=2 A=3
2	3
19
190.583   232.188
231.935   275.222
275.606   318.801
319.664   361.291
359.857   399.967
409.325   447.904
462.272   498.02
516.377   548.136
571.256   598.252
630.386   653.816
682.56   701.753
740.917   755.682
805.457   813.424
876.954   876.614
941.108   933.267
1017.63   1002.99
1106.13   1083.61
1204.68   1174.59
1293.18   1254.66
+KVIDCsIRLLine
ID:Z=2 A=4
2	4
32
27.1786   42.7983
52.0893   76.5721
85.5714   120.677
118.25   159.219
156.688   202.926
190.705   242.262
236.509   292.724
271.732   330.074
316.732   375.371
359.212   418.26
396.018   454.441
442.394   500.04
485.02   539.544
527.67   581.59
574.411   627.284
613.92   665.826
653.429   701.984
699.634   746.485
738.339   781.054
783.741   823.172
826.196   862.906
866.509   899.858
918.741   946.744
959.991   984.094
1022.13   1040.52
1062.85   1077.87
1109.19   1121.18
1163.16   1168.86
1213.79   1213.36
1288.92   1283.29
1359.63   1346.86
1437.18   1415.21
+KVIDCsIRLLine
ID:Z=2 A=6
2	6
12
315.16   392.006
374.653   457.821
455.19   540.7
524.785   616.587
623.891   717.285
732.579   822.657
849.212   930.38
1017.73   1089.23
1151.3   1210.15
1266.82   1321.72
1409.98   1449.61
1666.74   1684.45
+KVIDCsIRLLine
ID:Z=4 A=8
4	8
10
572.342   696.633
679.115   807.822
808.085   937.54
927.539   1051.05
1087.16   1203.92
1205.56   1315.11
1350.39   1447.14
1479.35   1567.58
1640.03   1715.83
1969.84   2019.26
+KVIDCsIRLLine
ID:Z=3 A=6
3	6
13
487.814   637.039
549.967   708.571
624.1   792.726
697.486   874.777
773.866   956.829
854.739   1040.98
982.789   1175.63
1094.36   1293.45
1193.21   1392.33
1303.29   1505.94
1382.66   1581.68
1536.17   1735.26
1893.36   2107.65
+KVIDCsIRLLine
ID:Z=3 A=7
3	7
22
31.7784   60.5749
53.4944   96.3409
86.4428   142.626
134.368   209.951
188.283   279.379
239.952   342.495
289.375   407.715
341.793   468.728
409.187   552.883
466.847   622.311
538.734   704.363
610.622   790.622
702.727   893.712
782.103   982.075
904.911   1112.52
990.277   1207.19
1100.35   1322.9
1276.33   1505.94
1437.33   1670.04
1582.6   1821.52
1736.11   1981.42
1906.09   2158.15
+KVIDCsIRLLine
ID:Z=3 A=8
3	8
12
784.349   1003.11
853.99   1080.96
929.622   1165.11
995.519   1238.75
1091.37   1337.63
1193.21   1442.83
1273.33   1529.08
1377.42   1636.38
1491.99   1760.51
1625.28   1903.58
1796.76   2092.92
1929.31   2231.78
+KVIDCsIRLLine
ID:Z=4 A=7
4	7
10
547.449   752.998
638.174   869.619
759.904   1015.05
889.653   1168.08
1041.83   1346.87
1165.72   1490.81
1288.21   1628.11
1429.56   1786.31
1617.57   1996.96
1883.61   2283.42
+KVIDCsIRLLine
ID:Z=4 A=9
4	9
12
377.655   549.781
463.201   664.238
602.878   842.489
760.603   1054.51
888.916   1208.37
1008.54   1352.85
1138.18   1501.07
1307.93   1698.07
1455.62   1868.82
1600.64   2030.17
1772.39   2227.18
1914.72   2388.54
+KVIDCsIRLLine
ID:Z=4 A=10
4	10
10
1029.26   1386.62
1113.47   1487.94
1209.03   1600.52
1321.98   1735.61
1392.14   1818.16
1496.4   1938.25
1592.62   2045.19
1681.51   2148.38
1785.09   2264.72
1934.12   2433.58
+KVIDCsIRLLine
ID:Z=5 A=10
5	10
11
954.655   1331.8
1026.63   1424.4
1117.84   1537.46
1224.84   1670.96
1299.12   1763.56
1408.03   1895.99
1500.77   2007.95
1589.29   2116.7
1674.72   2217.9
1821.73   2395.54
1943.33   2537.65
+KVIDCsIRLLine
ID:Z=5 A=11
5	11
11
660.973   952.79
955.839   1346.9
1059.38   1483.65
1161.76   1611.78
1247.58   1716.21
1345.72   1838.96
1455.52   1972.79
1551.23   2090.89
1656.95   2219.31
1741.73   2321.29
1945.3   2564.6
+KVIDCsIRLLine
ID:Z=6 A=12
6	12
10
928.16   1327.55
991.682   1415.85
1061.36   1509.53
1155.05   1629.21
1247.65   1748.57
1341.18   1870.24
1451.27   2012.37
1539.01   2127
1636.78   2255.13
1930.84   2623.95
+KVIDCutLine
OK:IMF_line
below
13
18.807   42.6699
51.0303   109.02
98.9362   193.883
204.077   355.335
301.848   493.447
419.919   668.584
563.406   877.077
706.664   1090.97
932.18   1412.84
1129.73   1696.65
1547.75   2311.55
1730.71   2569.02
2039.54   2991.4
+KVIDCutLine
OK:gamma_line
above
14
15.3929   12.8837
40.4375   37.916
81.6875   74.4712
124.946   113.808
168.607   151.555
258.607   229.831
291.018   258.836
345.393   306.914
382.223   340.688
460.973   409.825
552.714   492.074
686.509   611.673
825.125   735.246
919.009   817.098
!
# ASCII file generated by KVIDGCsI::WriteToAsciiFile
# ID Graph Name : ID_CSI_133
# This file can be read using KVIDGCsI::ReadFromAsciiFile
# 
++KVIDGCsI
<VARX> Q3SlowAmplitude
<VARY> Q3FastAmplitude
<PARAMETER> IDTelescopes=ID_CSI_133
<PARAMETER> Runlist=12-43
+KVIDCsIRLLine
ID:Z=1 A=1
1	1
19
13.306   12.5164
30.3175   31.6957
58.3695   58.9034
88.7303   86.2895
111.423   106.179
135.639   127.513
158.114   148.129
201.377   186.1
243.17   223.349
296.392   270.723
344.063   312.672
384.877   347.75
448.329   405.339
508.081   458.86
576.921   521.238
637.978   575.483
705.348   637.78
774.569   699.258
901.092   812.811
+KVIDCsIRLLine
ID:Z=1 A=2
1	2
15
41.2261   45.8247
65.3987   69.7749
86.2056   88.9351
126.735   125.643
184.808   179.515
221.526   212.047
270.748   256.608
326.47   305.388
377.456   350.373
463.409   426.161
531.948   488.49
630.854   576.293
728.439   664.321
848.312   771.636
953.698   866.168
+KVIDCsIRLLine
ID:Z=1 A=3
1	3
16
48.6293   58.9197
77.6635   86.4496
116.904   123.629
163.71   167.053
220.195   219.274
329.821   316.906
388.065   367.709
438.567   412.267
488.893   457.11
534.115   496.56
596.583   552.471
667.849   616.613
723.277   665.429
844.165   772.994
920.886   843.096
979.306   895.602
+KVIDCsIRLLine
ID:Z=2 A=3
2	3
20
160.71   202.924
189.969   233.94
231.134   277.578
274.467   321.391
318.294   364.759
358.059   404.135
407.737   452.431
461.451   503.451
515.487   553.984
569.886   605.662
629.372   661.739
681.031   710.119
739.735   765.097
803.918   823.373
875.145   888.246
939.438   946.115
1015.36   1016.49
1103.81   1098.95
1202.25   1192.06
1290.8   1273.11
+KVIDCsIRLLine
ID:Z=2 A=4
2	4
32
22.336   36.2584
49.0764   74.1053
75.6158   107.998
110.398   150.929
149.202   197.249
185.794   239.05
232.385   290.635
270.64   329.996
311.856   372.927
353.274   414.728
395.697   457.094
442.342   505.109
481.547   541.826
528.192   587.017
575.44   632.207
613.842   669.489
654.656   708.466
700.296   751.962
739.288   788.379
784.726   830.18
827.551   870.286
867.964   907.568
920.028   956.112
961.647   993.394
1016.94   1044.8
1059.96   1083.77
1104.58   1124.98
1158.87   1174.68
1215.97   1228.35
1287.55   1295
1359.4   1360.51
1434.2   1426.09
+KVIDCsIRLLine
ID:Z=2 A=6
2	6
12
315.056   394.167
374.46   460.882
455.279   545.101
525.347   620.997
624.553   722.021
733.262   828.765
850.289   937.414
1018.98   1097.53
1152.64   1221.43
1268.46   1333.89
1411.62   1463.51
1668.82   1699.87
+KVIDCsIRLLine
ID:Z=4 A=8
4	8
10
585.921   704.866
680.968   813.516
809.281   943.132
928.684   1057.5
1089.08   1211.9
1207.87   1322.45
1352.81   1457.79
1481.72   1579.78
1642.69   1728.46
1972.77   2032.68
+KVIDCsIRLLine
ID:Z=3 A=6
3	6
13
491.252   649.68
545.522   710.485
620.087   791.922
698.623   877.701
774.512   961.309
854.828   1047.58
978.81   1180.05
1091.35   1297.81
1192.83   1399.88
1303.13   1514.98
1382.99   1594.24
1536.11   1750.01
1893.2   2128.2
+KVIDCsIRLLine
ID:Z=3 A=7
3	7
22
30.3013   55.6171
51.7443   91.5518
84.5821   139.667
132.925   205.049
186.416   274.98
237.179   341.75
286.923   406.272
338.855   469.167
406.373   552.503
465.292   624.264
531.508   703.471
600.769   783.457
697.223   894.955
779.097   984.789
899.47   1117.81
983.886   1209.4
1097.33   1330.44
1276.43   1515.92
1430.35   1673.5
1582.28   1836.37
1735.87   1999.06
1905.4   2175.43
+KVIDCsIRLLine
ID:Z=3 A=8
3	8
12
785.167   1005.42
854.795   1085.89
929.692   1172.03
996.309   1244.57
1091.23   1345.98
1176.29   1438.92
1268.5   1535.26
1377.12   1649.13
1492.29   1774.94
1625   1920.02
1795.5   2110.58
1928.41   2253.29
+KVIDCsIRLLine
ID:Z=4 A=7
4	7
10
549.333   756.077
640.409   873.103
761.988   1019.5
892.424   1175.66
1044.7   1354.62
1169.17   1499.79
1289.23   1639.82
1433.92   1798.91
1622.21   2011.68
1888.79   2300.85
+KVIDCsIRLLine
ID:Z=4 A=9
4	9
12
377.774   552.379
463.386   666.651
603.001   846.827
763.324   1058.91
891.583   1214.69
1011.31   1358.45
1141.57   1510.47
1311.4   1707.54
1459.79   1879.46
1604.96   2042.74
1777.52   2239.81
1919.67   2402.35
+KVIDCsIRLLine
ID:Z=4 A=10
4	10
10
1031.97   1392.23
1117.01   1497.34
1212.11   1609.2
1325.8   1746.21
1396.03   1828.79
1500.17   1948.9
1597.18   2057.01
1686.51   2160.23
1790.17   2278.47
1939.26   2447.39
+KVIDCsIRLLine
ID:Z=5 A=10
5	10
11
955.063   1338.93
1028.15   1432.77
1119.87   1547.26
1217.84   1671.13
1295.23   1766.85
1396.98   1890.72
1490.21   2008.21
1578.59   2118.94
1660.27   2218.42
1824.13   2413.61
1945.95   2558.12
+KVIDCsIRLLine
ID:Z=5 A=11
5	11
11
661.78   956.188
956.018   1352.07
1061.11   1490.96
1164.34   1618.58
1249.85   1725.56
1346.82   1847.55
1440.93   1965.79
1553.71   2102.05
1643.04   2214.66
1735.24   2327.27
1947.86   2584.4
+KVIDCsIRLLine
ID:Z=6 A=12
6	12
10
926.914   1330.68
989.017   1418.89
1058.28   1512.73
1150.48   1630.97
1243.16   1747.33
1340.61   1876.83
1435.2   2002.58
1518.8   2115.19
1615.77   2244.69
1927.31   2644.46
+KVIDCutLine
OK:IMF_line
below
13
18.887   42.892
51.2497   109.589
99.3678   194.897
204.983   357.201
303.2   496.045
421.806   672.108
565.944   881.704
709.85   1096.73
936.392   1420.31
1134.84   1705.61
1554.75   2323.77
1738.55   2582.6
2048.79   3007.22
+KVIDCutLine
OK:gamma_line
above
14
15.2625   12.8145
40.4939   37.8633
81.7429   74.7773
125.112   114.088
168.77   152.613
259.194   231.674
291.654   260.971
346.221   309.217
383.076   343.348
462.077   413.054
553.967   496.063
687.909   617.523
826.831   742.389
920.935   824.967
!
# ASCII file generated by KVIDGCsI::WriteToAsciiFile
# ID Graph Name : ID_CSI_134
# This file can be read using KVIDGCsI::ReadFromAsciiFile
# 
++KVIDGCsI
<VARX> Q3SlowAmplitude
<VARY> Q3FastAmplitude
<PARAMETER> IDTelescopes=ID_CSI_134
<PARAMETER> Runlist=12-43
+KVIDCsIRLLine
ID:Z=1 A=1
1	1
19
13.306   12.5164
30.3175   31.6957
58.3695   58.9034
88.7303   86.2895
111.423   106.179
135.639   127.513
158.114   148.129
201.377   186.1
243.17   223.349
296.392   270.723
344.063   312.672
384.877   347.75
448.329   405.339
508.081   458.86
576.921   521.238
637.978   575.483
705.348   637.78
774.569   699.258
901.092   812.811
+KVIDCsIRLLine
ID:Z=1 A=2
1	2
15
41.2261   45.8247
65.3987   69.7749
86.2056   88.9351
126.735   125.643
184.808   179.515
221.526   212.047
270.748   256.608
326.47   305.388
377.456   350.373
463.409   426.161
531.948   488.49
630.854   576.293
728.439   664.321
848.312   771.636
953.698   866.168
+KVIDCsIRLLine
ID:Z=1 A=3
1	3
16
48.6293   58.9197
77.6635   86.4496
116.904   123.629
163.71   167.053
220.195   219.274
329.821   316.906
388.065   367.709
438.567   412.267
488.893   457.11
534.115   496.56
596.583   552.471
667.849   616.613
723.277   665.429
844.165   772.994
920.886   843.096
979.306   895.602
+KVIDCsIRLLine
ID:Z=2 A=3
2	3
20
160.71   202.924
189.969   233.94
231.134   277.578
274.467   321.391
318.294   364.759
358.059   404.135
407.737   452.431
461.451   503.451
515.487   553.984
569.886   605.662
629.372   661.739
681.031   710.119
739.735   765.097
803.918   823.373
875.145   888.246
939.438   946.115
1015.36   1016.49
1103.81   1098.95
1202.25   1192.06
1290.8   1273.11
+KVIDCsIRLLine
ID:Z=2 A=4
2	4
32
22.336   36.2584
49.0764   74.1053
75.6158   107.998
110.398   150.929
149.202   197.249
185.794   239.05
232.385   290.635
270.64   329.996
311.856   372.927
353.274   414.728
395.697   457.094
442.342   505.109
481.547   541.826
528.192   587.017
575.44   632.207
613.842   669.489
654.656   708.466
700.296   751.962
739.288   788.379
784.726   830.18
827.551   870.286
867.964   907.568
920.028   956.112
961.647   993.394
1016.94   1044.8
1059.96   1083.77
1104.58   1124.98
1158.87   1174.68
1215.97   1228.35
1287.55   1295
1359.4   1360.51
1434.2   1426.09
+KVIDCsIRLLine
ID:Z=2 A=6
2	6
12
315.056   394.167
374.46   460.882
455.279   545.101
525.347   620.997
624.553   722.021
733.262   828.765
850.289   937.414
1018.98   1097.53
1152.64   1221.43
1268.46   1333.89
1411.62   1463.51
1668.82   1699.87
+KVIDCsIRLLine
ID:Z=4 A=8
4	8
10
585.921   704.866
680.968   813.516
809.281   943.132
928.684   1057.5
1089.08   1211.9
1207.87   1322.45
1352.81   1457.79
1481.72   1579.78
1642.69   1728.46
1972.77   2032.68
+KVIDCsIRLLine
ID:Z=3 A=6
3	6
13
491.252   649.68
545.522   710.485
620.087   791.922
698.623   877.701
774.512   961.309
854.828   1047.58
978.81   1180.05
1091.35   1297.81
1192.83   1399.88
1303.13   1514.98
1382.99   1594.24
1536.11   1750.01
1893.2   2128.2
+KVIDCsIRLLine
ID:Z=3 A=7
3	7
22
30.3013   55.6171
51.7443   91.5518
84.5821   139.667
132.925   205.049
186.416   274.98
237.179   341.75
286.923   406.272
338.855   469.167
406.373   552.503
465.292   624.264
531.508   703.471
600.769   783.457
697.223   894.955
779.097   984.789
899.47   1117.81
983.886   1209.4
1097.33   1330.44
1276.43   1515.92
1430.35   1673.5
1582.28   1836.37
1735.87   1999.06
1905.4   2175.43
+KVIDCsIRLLine
ID:Z=3 A=8
3	8
12
785.167   1005.42
854.795   1085.89
929.692   1172.03
996.309   1244.57
1091.23   1345.98
1176.29   1438.92
1268.5   1535.26
1377.12   1649.13
1492.29   1774.94
1625   1920.02
1795.5   2110.58
1928.41   2253.29
+KVIDCsIRLLine
ID:Z=4 A=7
4	7
10
549.333   756.077
640.409   873.103
761.988   1019.5
892.424   1175.66
1044.7   1354.62
1169.17   1499.79
1289.23   1639.82
1433.92   1798.91
1622.21   2011.68
1888.79   2300.85
+KVIDCsIRLLine
ID:Z=4 A=9
4	9
12
377.774   552.379
463.386   666.651
603.001   846.827
763.324   1058.91
891.583   1214.69
1011.31   1358.45
1141.57   1510.47
1311.4   1707.54
1459.79   1879.46
1604.96   2042.74
1777.52   2239.81
1919.67   2402.35
+KVIDCsIRLLine
ID:Z=4 A=10
4	10
10
1031.97   1392.23
1117.01   1497.34
1212.11   1609.2
1325.8   1746.21
1396.03   1828.79
1500.17   1948.9
1597.18   2057.01
1686.51   2160.23
1790.17   2278.47
1939.26   2447.39
+KVIDCsIRLLine
ID:Z=5 A=10
5	10
11
955.063   1338.93
1028.15   1432.77
1119.87   1547.26
1217.84   1671.13
1295.23   1766.85
1396.98   1890.72
1490.21   2008.21
1578.59   2118.94
1660.27   2218.42
1824.13   2413.61
1945.95   2558.12
+KVIDCsIRLLine
ID:Z=5 A=11
5	11
11
661.78   956.188
956.018   1352.07
1061.11   1490.96
1164.34   1618.58
1249.85   1725.56
1346.82   1847.55
1440.93   1965.79
1553.71   2102.05
1643.04   2214.66
1735.24   2327.27
1947.86   2584.4
+KVIDCsIRLLine
ID:Z=6 A=12
6	12
10
926.914   1330.68
989.017   1418.89
1058.28   1512.73
1150.48   1630.97
1243.16   1747.33
1340.61   1876.83
1435.2   2002.58
1518.8   2115.19
1615.77   2244.69
1927.31   2644.46
+KVIDCutLine
OK:IMF_line
below
13
18.887   42.892
51.2497   109.589
99.3678   194.897
204.983   357.201
303.2   496.045
421.806   672.108
565.944   881.704
709.85   1096.73
936.392   1420.31
1134.84   1705.61
1554.75   2323.77
1738.55   2582.6
2048.79   3007.22
+KVIDCutLine
OK:gamma_line
above
14
15.2625   12.8145
40.4939   37.8633
81.7429   74.7773
125.112   114.088
168.77   152.613
259.194   231.674
291.654   260.971
346.221   309.217
383.076   343.348
462.077   413.054
553.967   496.063
687.909   617.523
826.831   742.389
920.935   824.967
!
# ASCII file generated by KVIDGCsI::WriteToAsciiFile
# ID Graph Name : ID_CSI_141
# This file can be read using KVIDGCsI::ReadFromAsciiFile
# 
++KVIDGCsI
<VARX> Q3SlowAmplitude
<VARY> Q3FastAmplitude
<PARAMETER> IDTelescopes=ID_CSI_141
<PARAMETER> Runlist=12-43
+KVIDCsIRLLine
ID:Z=1 A=1
1	1
19
14.2748   14.6992
30.9327   31.7737
59.3217   58.4101
90.2914   85.3879
113.284   104.853
137.685   126.025
159.739   146.173
203.613   183.738
246.079   220.277
300.041   266.72
348.138   308.041
389.431   342.531
453.717   399.56
514.249   452.15
583.931   513.277
645.636   566.208
713.91   627.335
783.826   688.121
912.163   799.789
+KVIDCsIRLLine
ID:Z=1 A=2
1	2
15
41.9598   45.7749
66.5949   69.3378
87.7106   88.1199
128.769   124.318
186.955   177.249
224.259   209.349
274.233   253.06
330.307   301.211
382.158   345.263
468.967   420.05
538.414   481.177
638.597   567.233
737.606   653.63
858.905   759.493
965.422   852.378
+KVIDCsIRLLine
ID:Z=1 A=3
1	3
16
49.9369   58.7516
79.2643   85.7294
119.619   122.269
168.42   167.004
223.086   216.521
333.826   312.48
392.95   362.679
443.863   406.39
495.01   450.443
540.761   489.373
603.873   544.694
676.136   606.504
732.445   654.655
854.681   760.517
932.34   829.498
991.465   881.405
+KVIDCsIRLLine
ID:Z=2 A=3
2	3
20
163.878   200.375
193.62   230.927
235.465   273.913
281.975   318.285
323.984   359.714
366.673   399.56
414.793   445.971
469.302   496.141
524.125   545.819
579.329   596.636
639.689   651.772
692.101   699.334
751.661   753.383
816.752   810.644
888.989   874.39
954.183   931.242
1031.2   1000.42
1120.94   1081.48
1220.83   1173.03
1310.64   1252.68
+KVIDCsIRLLine
ID:Z=2 A=4
2	4
32
22.9028   35.9031
51.7022   74.0208
77.3028   106.797
112.755   149.176
157.986   199.275
193.414   238.205
237.992   286.697
275.79   325.704
317.675   367.983
359.745   409.128
402.828   450.822
450.221   498.099
489.998   534.195
537.347   578.648
585.299   623.09
624.282   659.765
665.703   698.096
712.021   740.869
751.58   776.67
797.669   817.752
841.119   857.18
882.112   893.823
934.932   941.543
977.132   978.167
1033.23   1028.7
1076.85   1066.99
1122.11   1107.49
1177.18   1156.33
1235.11   1209.1
1307.73   1274.62
1380.6   1338.99
1456.42   1403.39
+KVIDCsIRLLine
ID:Z=2 A=6
2	6
12
321.208   389.17
381.653   454.943
463.785   537.883
535.036   612.669
635.817   712.122
746.189   817.145
864.908   923.943
1036.09   1081.39
1171.68   1203.17
1289.26   1313.8
1434.43   1441.16
1695.31   1673.45
+KVIDCsIRLLine
ID:Z=4 A=8
4	8
10
596.92   695.576
693.662   802.719
823.995   930.304
945.18   1042.78
1107.98   1194.64
1228.49   1303.31
1375.54   1436.36
1506.35   1556.31
1669.64   1702.44
2004.45   2001.44
+KVIDCsIRLLine
ID:Z=3 A=6
3	6
13
502.846   641.497
558.039   700.864
633.414   781.22
713.732   865.774
791.167   947.929
872.721   1033.08
998.346   1162.61
1113.67   1278.95
1221.74   1385.45
1329.09   1492.43
1410.23   1569.79
1566.34   1722.7
1930.04   2094.5
+KVIDCsIRLLine
ID:Z=3 A=7
3	7
22
31.6465   55.619
53.8884   90.9996
87.2513   138.374
136.678   203.138
191.871   272.1
243.357   338.064
305.013   413.097
347.152   463.395
416.349   545.55
476.485   616.311
544.034   694.868
614.879   773.424
712.084   883.164
796.109   971.316
918.44   1102.64
1004.52   1193.19
1119.85   1311.33
1302.32   1494.23
1458.84   1647.74
1613.71   1807.86
1770.22   1967.37
1942.8   2141.27
+KVIDCsIRLLine
ID:Z=3 A=8
3	8
12
802.288   992.304
873.132   1071.46
949.332   1156.61
1017.7   1227.97
1114.09   1326.92
1200.99   1418.67
1294.91   1513.42
1405.29   1623.76
1522.68   1747.89
1658.19   1891.21
1831.59   2078.31
1967.11   2218.63
+KVIDCsIRLLine
ID:Z=4 A=7
4	7
10
561.141   747.355
654.044   862.936
777.908   1007.41
910.78   1161.5
1065.85   1338.04
1192.58   1481.24
1314.83   1619.37
1462   1776.17
1653.61   1985.95
1924.7   2270.9
+KVIDCsIRLLine
ID:Z=4 A=9
4	9
12
386.404   546.377
473.8   659.29
616.228   837.251
779.862   1046.79
910.553   1200.54
1032.52   1342.4
1165.15   1492.35
1338.06   1686.73
1489.13   1856.3
1636.85   2017.28
1812.48   2211.61
1957.17   2371.9
+KVIDCsIRLLine
ID:Z=4 A=10
4	10
10
1053.71   1375.85
1140.39   1479.61
1237.24   1589.96
1353.06   1725.17
1424.58   1806.64
1530.6   1925.1
1629.29   2031.67
1720.23   2133.47
1825.74   2250.07
1977.46   2416.63
+KVIDCsIRLLine
ID:Z=5 A=10
5	10
11
975.976   1323.76
1050.53   1416.44
1144.04   1529.48
1243.94   1651.79
1322.82   1746.29
1426.51   1868.54
1521.57   1984.56
1611.68   2093.88
1694.91   2192.07
1861.82   2384.66
1985.89   2527.24
+KVIDCsIRLLine
ID:Z=5 A=11
5	11
11
676.718   945.675
977.137   1336.89
1084.4   1474.11
1189.62   1600.09
1276.8   1705.72
1375.67   1826.17
1471.63   1942.91
1586.54   2077.39
1677.62   2188.58
1771.58   2299.73
1988.21   2553.49
+KVIDCsIRLLine
ID:Z=6 A=12
6	12
10
947.701   1315.96
1011.18   1403.18
1081.91   1495.92
1175.96   1612.7
1275.46   1736.32
1369.92   1855.54
1466.48   1979.79
1551.84   2091.07
1650.83   2219.03
1968.61   2613.86
+KVIDCutLine
OK:IMF_line
below
13
19.5584   42.59
52.9647   108.77
102.417   193.312
210.568   353.937
310.954   491.221
432.311   665.4
579.723   872.706
726.989   1085.44
958.586   1405.43
1161.49   1687.57
1591.06   2299.06
1778.9   2554.97
2095.77   2974.67
+KVIDCutLine
OK:gamma_line
above
14
15.7858   13.5905
40.7337   37.3868
81.7041   73.5511
126.868   112.22
171.065   149.793
262.791   227.445
295.697   256.251
350.969   303.687
388.391   337.19
468.504   405.605
561.628   487.17
697.443   606.621
838.313   729.204
933.695   810.3
!
# ASCII file generated by KVIDGCsI::WriteToAsciiFile
# ID Graph Name : ID_CSI_142
# This file can be read using KVIDGCsI::ReadFromAsciiFile
# 
++KVIDGCsI
<VARX> Q3SlowAmplitude
<VARY> Q3FastAmplitude
<PARAMETER> IDTelescopes=ID_CSI_142
<PARAMETER> Runlist=12-43
+KVIDCsIRLLine
ID:Z=1 A=1
1	1
19
13.6038   12.8411
30.5813   32.1427
58.7947   59.1725
89.2032   86.2062
111.941   106.289
136.324   127.145
158.787   147.998
202.072   185.846
243.986   222.921
297.133   270.037
345.076   311.748
385.897   346.509
449.725   404.436
509.446   457.731
578.48   519.521
639.846   573.59
707.509   635.378
776.818   697.169
903.658   809.167
+KVIDCsIRLLine
ID:Z=1 A=2
1	2
15
41.5321   46.0375
65.9096   69.9772
86.7284   89.2854
127.273   125.587
185.621   178.88
222.331   211.32
271.64   256.117
327.528   304.78
378.483   349.58
464.779   425.276
533.539   487.066
632.711   574.348
730.509   662.398
850.775   768.218
956.519   862.45
+KVIDCsIRLLine
ID:Z=1 A=3
1	3
16
49.1917   59.1558
78.5026   86.1876
117.673   123.258
164.79   166.509
221.494   219.028
330.8   316.349
389.154   366.557
439.835   411.357
490.242   456.155
535.721   494.779
598.456   550.391
669.956   614.498
725.569   663.161
846.658   768.982
923.636   838.495
982.26   891.017
+KVIDCsIRLLine
ID:Z=2 A=3
2	3
20
161.77   202.08
191.191   232.942
232.584   276.364
276.146   319.949
324.32   365.74
366.931   406.94
417.355   456.164
464.081   501.028
518.381   551.277
573.049   602.67
632.828   658.435
684.74   706.543
743.731   761.213
808.218   819.152
879.784   883.652
944.379   941.183
1020.67   1011.16
1109.55   1093.16
1208.48   1185.75
1297.45   1266.33
+KVIDCsIRLLine
ID:Z=2 A=4
2	4
32
22.5255   36.141
49.4637   73.8473
76.1802   107.601
111.187   150.349
150.233   196.465
187.043   238.074
233.903   289.415
272.364   328.574
313.804   371.289
355.441   412.873
398.085   455.016
444.981   502.786
484.377   539.297
531.258   584.243
578.742   629.185
617.339   666.266
658.357   705.029
704.224   748.285
743.406   784.497
789.062   826.06
832.096   865.941
876.187   907.821
925.022   951.282
966.835   988.345
1022.4   1039.46
1065.62   1078.21
1110.46   1119.18
1165   1168.6
1222.38   1221.97
1294.31   1288.24
1366.5   1353.37
1441.65   1418.56
+KVIDCsIRLLine
ID:Z=2 A=6
2	6
12
317.116   392.512
376.868   458.915
458.127   542.71
528.591   618.238
628.325   718.741
737.591   824.914
855.186   932.949
1024.71   1092.18
1159.02   1215.38
1275.43   1327.23
1419.26   1456.1
1677.7   1691.11
+KVIDCsIRLLine
ID:Z=4 A=8
4	8
10
582.508   702.634
685.218   809.939
814.208   938.882
934.208   1052.62
1095.41   1206.18
1214.78   1316.11
1360.42   1450.69
1489.97   1572
1651.72   1719.84
1983.39   2022.32
+KVIDCsIRLLine
ID:Z=3 A=6
3	6
13
494.647   647.099
549.235   707.619
624.225   788.664
703.209   874.031
779.535   957.241
860.301   1043.09
984.975   1174.91
1098.13   1292.08
1200.14   1393.62
1311.04   1508.14
1391.32   1586.98
1545.25   1741.94
1904.32   2118.26
+KVIDCsIRLLine
ID:Z=3 A=7
3	7
22
30.5921   55.4577
52.223   91.2796
85.3122   139.222
133.997   204.35
187.853   274
238.965   340.503
289.046   404.764
341.307   467.386
409.26   550.368
468.554   621.819
535.184   700.678
604.863   780.301
701.899   891.292
784.243   980.696
905.31   1113.09
990.205   1204.23
1104.28   1324.68
1284.35   1509.22
1439.09   1665.99
1591.87   1828.06
1746.31   1989.94
1916.76   2165.42
+KVIDCsIRLLine
ID:Z=3 A=8
3	8
12
790.421   1001.3
860.469   1081.4
935.816   1167.15
1002.81   1239.34
1098.26   1340.25
1183.81   1432.74
1276.52   1528.6
1385.74   1641.9
1501.56   1767.1
1635.03   1911.49
1806.53   2101.15
1940.18   2243.16
+KVIDCsIRLLine
ID:Z=4 A=7
4	7
10
553.284   753.19
644.972   869.738
767.316   1015.5
903.391   1180.53
1051.78   1349.13
1177.01   1493.65
1297.8   1633.05
1443.32   1791.38
1632.72   2003.16
1900.81   2290.93
+KVIDCsIRLLine
ID:Z=4 A=9
4	9
12
380.661   550.393
466.87   664.216
607.427   843.658
768.858   1054.9
897.931   1210.01
1018.41   1353.14
1149.46   1504.47
1320.32   1700.65
1469.61   1871.79
1615.63   2034.31
1789.22   2230.47
1932.22   2392.27
+KVIDCsIRLLine
ID:Z=4 A=10
4	10
10
1039.25   1386.81
1124.83   1491.47
1220.52   1602.83
1334.92   1739.24
1405.59   1821.46
1510.35   1941.02
1607.93   2048.62
1697.8   2151.37
1802.08   2269.07
1952.05   2437.2
+KVIDCsIRLLine
ID:Z=5 A=10
5	10
11
962.06   1333.91
1035.64   1427.37
1127.96   1541.38
1226.57   1664.73
1304.46   1760.04
1406.86   1883.38
1500.7   2000.38
1589.66   2110.65
1671.86   2209.7
1836.74   2404.03
1959.32   2547.9
+KVIDCsIRLLine
ID:Z=5 A=11
5	11
11
666.777   952.71
963.084   1347.05
1068.9   1485.38
1172.8   1612.46
1258.87   1718.99
1356.48   1840.47
1451.2   1958.22
1564.69   2093.89
1654.61   2206.03
1747.4   2318.15
1961.37   2574.17
+KVIDCsIRLLine
ID:Z=6 A=12
6	12
10
933.869   1325.81
996.433   1413.69
1066.19   1507.17
1154.81   1627.25
1256.86   1759.19
1357.04   1890.18
1436.34   1991.57
1529.85   2107.21
1627.5   2236.2
1941.13   2634.33
+KVIDCutLine
OK:IMF_line
below
13
19.1113   42.7925
51.8228   109.319
100.387   194.374
206.85   356.123
305.793   494.451
425.319   669.89
570.553   878.729
715.583   1093
943.816   1415.39
1143.75   1699.64
1566.9   2315.6
1752.05   2573.46
2064.51   2996.45
+KVIDCutLine
OK:gamma_line
above
14
16.6219   12.8464
41.8199   38.3293
83.1871   74.6326
126.744   114.023
170.577   152.644
259.885   231.429
292.486   260.008
347.276   308.669
384.257   342.652
463.43   412.169
555.476   494.813
689.984   615.304
829.156   735.804
923.671   818.452
!
# ASCII file generated by KVIDGCsI::WriteToAsciiFile
# ID Graph Name : ID_CSI_143
# This file can be read using KVIDGCsI::ReadFromAsciiFile
# 
++KVIDGCsI
<VARX> Q3SlowAmplitude
<VARY> Q3FastAmplitude
<PARAMETER> IDTelescopes=ID_CSI_143
<PARAMETER> Runlist=12-43
+KVIDCsIRLLine
ID:Z=1 A=1
1	1
19
13.8435   13.2308
30.757   32.5815
58.8599   59.4127
89.147   86.6852
112.068   106.481
136.353   127.596
158.453   148.269
201.839   186.1
243.586   223.49
296.794   270.558
344.545   312.348
385.475   347.1
449.323   405.164
508.806   458.39
577.839   520.413
639.232   574.519
706.901   635.662
776.207   697.685
902.814   809.857
+KVIDCsIRLLine
ID:Z=1 A=2
1	2
15
41.668   46.2141
65.9502   70.4052
86.6867   89.7593
127.343   125.83
185.46   179.054
222.024   211.606
271.41   256.473
327.074   305.301
378.099   350.17
464.324   425.831
533.083   487.854
632.132   574.952
729.815   662.928
849.874   768.941
955.743   863.077
+KVIDCsIRLLine
ID:Z=1 A=3
1	3
16
49.3024   59.4044
78.4972   86.676
117.787   123.624
164.445   166.731
221.197   219.515
330.341   316.73
388.734   367.318
439.213   411.747
489.692   456.615
535.262   495.327
597.746   551.192
669.235   614.975
724.899   663.363
845.777   769.377
922.723   838.878
981.387   891.663
+KVIDCsIRLLine
ID:Z=2 A=3
2	3
20
161.77   202.08
191.191   232.942
232.584   276.364
276.146   319.949
324.32   365.74
366.931   406.94
417.355   456.164
464.081   501.028
518.381   551.277
573.049   602.67
632.828   658.435
684.74   706.543
743.731   761.213
808.218   819.152
879.784   883.652
944.379   941.183
1020.67   1011.16
1109.55   1093.16
1208.48   1185.75
1297.45   1266.33
+KVIDCsIRLLine
ID:Z=2 A=4
2	4
32
22.5255   36.141
51.4381   75.5391
78.199   108.937
112.879   151.564
152.474   198.146
187.043   238.074
233.903   289.415
272.364   328.574
313.804   371.289
355.441   412.873
398.085   455.016
444.981   502.786
484.377   539.297
531.258   584.243
578.742   629.185
617.339   666.266
658.357   705.029
704.224   748.285
743.406   784.497
789.062   826.06
837.61   869.057
879.625   908.212
924.781   949.815
970.722   989.786
1022.4   1039.46
1065.62   1078.21
1110.46   1119.18
1165   1168.6
1222.38   1221.97
1294.31   1288.24
1366.5   1353.37
1441.65   1418.56
+KVIDCsIRLLine
ID:Z=2 A=6
2	6
12
317.116   392.512
376.868   458.915
458.127   542.71
528.591   618.238
628.325   718.741
737.591   824.914
855.186   932.949
1024.71   1092.18
1159.02   1215.38
1275.43   1327.23
1419.26   1456.1
1677.7   1691.11
+KVIDCsIRLLine
ID:Z=4 A=8
4	8
10
582.508   702.634
685.218   809.939
814.208   938.882
934.208   1052.62
1095.41   1206.18
1214.78   1316.11
1360.42   1450.69
1489.97   1572
1651.72   1719.84
1983.39   2022.32
+KVIDCsIRLLine
ID:Z=3 A=6
3	6
13
493.891   642.863
553.283   710.127
633.008   796.974
703.209   874.031
779.535   957.241
860.301   1043.09
984.975   1174.91
1098.13   1292.08
1200.14   1393.62
1311.04   1508.14
1391.32   1586.98
1545.25   1741.94
1904.32   2118.26
+KVIDCsIRLLine
ID:Z=3 A=7
3	7
22
30.5921   55.4577
52.223   91.2796
85.3122   139.222
133.997   204.35
187.853   274
238.965   340.503
289.046   404.764
341.307   467.386
409.26   550.368
468.554   621.819
535.184   700.678
604.863   780.301
701.899   891.292
784.243   980.696
905.31   1113.09
990.205   1204.23
1104.28   1324.68
1284.35   1509.22
1439.09   1665.99
1591.87   1828.06
1746.31   1989.94
1916.76   2165.42
+KVIDCsIRLLine
ID:Z=3 A=8
3	8
12
790.421   1001.3
860.469   1081.4
935.816   1167.15
1002.81   1239.34
1098.26   1340.25
1183.81   1432.74
1276.52   1528.6
1385.74   1641.9
1501.56   1767.1
1635.03   1911.49
1806.53   2101.15
1940.18   2243.16
+KVIDCsIRLLine
ID:Z=4 A=7
4	7
10
553.284   753.19
644.972   869.738
767.316   1015.5
903.391   1180.53
1051.78   1349.13
1177.01   1493.65
1297.8   1633.05
1443.32   1791.38
1632.72   2003.16
1900.81   2290.93
+KVIDCsIRLLine
ID:Z=4 A=9
4	9
12
380.661   550.393
466.87   664.216
607.427   843.658
768.858   1054.9
897.931   1210.01
1018.41   1353.14
1149.46   1504.47
1320.32   1700.65
1469.61   1871.79
1615.63   2034.31
1789.22   2230.47
1932.22   2392.27
+KVIDCsIRLLine
ID:Z=4 A=10
4	10
10
1039.25   1386.81
1124.83   1491.47
1220.52   1602.83
1334.92   1739.24
1405.59   1821.46
1510.35   1941.02
1607.93   2048.62
1697.8   2151.37
1802.08   2269.07
1952.05   2437.2
+KVIDCsIRLLine
ID:Z=5 A=10
5	10
11
962.06   1333.91
1035.64   1427.37
1127.96   1541.38
1226.57   1664.73
1304.46   1760.04
1406.86   1883.38
1500.7   2000.38
1589.66   2110.65
1671.86   2209.7
1836.74   2404.03
1959.32   2547.9
+KVIDCsIRLLine
ID:Z=5 A=11
5	11
11
666.777   952.71
963.084   1347.05
1068.9   1485.38
1172.8   1612.46
1258.87   1718.99
1356.48   1840.47
1451.2   1958.22
1564.69   2093.89
1654.61   2206.03
1747.4   2318.15
1961.37   2574.17
+KVIDCsIRLLine
ID:Z=6 A=12
6	12
10
933.869   1325.81
996.433   1413.69
1066.19   1507.17
1154.81   1627.25
1256.86   1759.19
1357.04   1890.18
1436.34   1991.57
1529.85   2107.21
1627.5   2236.2
1941.13   2634.33
+KVIDCutLine
OK:IMF_line
below
13
19.1113   42.7925
51.8228   109.319
100.387   194.374
206.85   356.123
305.793   494.451
425.319   669.89
570.553   878.729
715.583   1093
943.816   1415.39
1143.75   1699.64
1566.9   2315.6
1752.05   2573.46
2064.51   2996.45
+KVIDCutLine
OK:gamma_line
above
14
16.6219   12.8464
41.8199   38.3293
83.1871   74.6326
126.744   114.023
170.577   152.644
259.885   231.429
292.486   260.008
347.276   308.669
384.257   342.652
463.43   412.169
555.476   494.813
689.984   615.304
829.156   735.804
923.671   818.452
!
# ASCII file generated by KVIDGCsI::WriteToAsciiFile
# ID Graph Name : ID_CSI_144
# This file can be read using KVIDGCsI::ReadFromAsciiFile
# 
++KVIDGCsI
<VARX> Q3SlowAmplitude
<VARY> Q3FastAmplitude
<PARAMETER> IDTelescopes=ID_CSI_144
<PARAMETER> Runlist=12-43
+KVIDCsIRLLine
ID:Z=1 A=1
1	1
19
13.8505   13.396
30.8739   32.7088
59.1648   59.4968
89.4354   86.7369
112.409   106.584
136.926   127.351
159.028   148.133
202.543   185.518
244.302   222.914
297.547   270.001
345.483   311.541
386.565   346.151
450.422   403.865
510.075   456.956
579.451   518.819
640.867   572.828
708.699   633.771
778.292   695.167
905.322   806.879
+KVIDCsIRLLine
ID:Z=1 A=2
1	2
15
41.9446   46.1232
66.2668   70.6121
87.038   89.5434
127.909   125.55
186.025   178.651
222.699   210.964
272.194   255.751
327.867   304.682
379.116   348.991
465.495   424.695
534.431   486.56
633.843   573.34
729.46   660.747
849.761   765.39
958.387   860.013
+KVIDCsIRLLine
ID:Z=1 A=3
1	3
16
49.5013   59.5609
78.8934   86.8068
118.23   123.289
165.078   166.232
222.093   218.875
331.235   315.822
389.772   366.129
440.362   410.443
490.955   455.222
539.399   497.462
598.113   549.234
671.005   613.092
723.647   660.502
843.948   766.863
925.28   835.582
984.052   888.214
+KVIDCsIRLLine
ID:Z=2 A=3
2	3
20
161.064   202.643
190.377   233.608
231.618   277.174
275.028   320.911
323.042   366.87
365.508   408.218
415.76   457.618
462.329   502.645
516.453   553.083
570.942   604.666
636.57   663.858
687.867   711.663
743.056   763.755
806.209   821.581
876.694   886.717
941.088   944.474
1017.13   1014.72
1105.73   1097.02
1204.33   1189.96
1293.02   1270.86
+KVIDCsIRLLine
ID:Z=2 A=4
2	4
32
22.3992   36.2194
51.1741   75.7182
77.8183   109.21
112.349   151.958
151.782   198.678
186.211   238.725
237.162   292.496
271.216   329.523
312.506   372.382
353.997   414.111
396.494   456.403
447.678   506.627
482.492   540.985
529.216   586.094
576.543   631.202
615.01   668.417
655.892   707.322
701.607   750.739
740.663   787.087
786.174   828.809
834.571   871.976
876.449   911.277
921.46   953.037
967.261   993.168
1018.76   1043.02
1061.85   1081.92
1106.54   1123.05
1160.92   1172.66
1218.11   1226.23
1289.81   1292.75
1361.77   1358.14
1436.69   1423.58
+KVIDCsIRLLine
ID:Z=2 A=6
2	6
12
315.743   393.617
375.264   460.228
456.23   544.306
526.43   620.079
625.812   720.93
734.707   827.484
851.924   935.929
1020.89   1095.75
1154.77   1219.42
1270.79   1331.67
1414.17   1461.04
1671.78   1696.95
+KVIDCsIRLLine
ID:Z=4 A=8
4	8
10
580.052   704.663
682.387   812.326
810.926   941.718
930.528   1055.88
1091.19   1210
1210.18   1320.34
1355.35   1455.43
1484.47   1577.19
1645.7   1725.59
1976.31   2029.23
+KVIDCsIRLLine
ID:Z=3 A=6
3	6
13
491.644   644.583
550.801   712.054
630.222   799.179
700.154   876.48
776.189   959.956
856.655   1046.09
980.868   1178.34
1093.61   1295.9
1195.27   1397.8
1305.77   1512.7
1385.77   1591.82
1539.16   1747.33
1896.91   2124.89
+KVIDCsIRLLine
ID:Z=3 A=7
3	7
22
30.3983   55.5641
51.904   91.4613
84.8257   139.519
133.283   204.817
186.896   274.654
237.775   341.336
287.632   405.771
339.673   468.575
409.019   551.551
466.381   623.451
532.735   702.542
602.135   782.407
698.784   893.737
780.815   983.428
901.42   1116.24
985.995   1207.68
1099.65   1328.52
1279.07   1513.69
1433.27   1671
1585.48   1833.61
1739.36   1996.03
1909.19   2172.1
+KVIDCsIRLLine
ID:Z=3 A=8
3	8
12
786.921   1004.05
856.689   1084.4
931.736   1170.41
998.48   1242.83
1093.58   1344.07
1178.8   1436.86
1271.18   1533.04
1380   1646.72
1495.39   1772.33
1628.35   1917.18
1799.18   2107.44
1932.34   2249.92
+KVIDCsIRLLine
ID:Z=4 A=7
4	7
10
550.652   755.117
641.932   871.984
763.766   1018.17
899.264   1183.67
1047.06   1352.79
1171.79   1497.75
1292.09   1637.57
1437.06   1796.4
1625.72   2008.85
1892.8   2297.55
+KVIDCsIRLLine
ID:Z=4 A=9
4	9
12
378.738   551.719
464.549   665.841
604.478   845.773
765.171   1057.58
893.702   1213.13
1013.68   1356.68
1144.2   1508.48
1314.38   1705.25
1463.07   1876.91
1608.52   2039.94
1781.43   2236.7
1923.86   2399
+KVIDCsIRLLine
ID:Z=4 A=10
4	10
10
1034.4   1390.43
1119.62   1495.39
1214.92   1607.08
1328.85   1743.89
1399.22   1826.35
1503.57   1946.28
1600.77   2054.22
1690.28   2157.28
1794.14   2275.34
1943.53   2444
+KVIDCsIRLLine
ID:Z=5 A=10
5	10
11
957.398   1337.26
1030.65   1430.97
1122.57   1545.3
1220.75   1669
1298.31   1764.59
1400.28   1888.28
1493.71   2005.61
1582.29   2116.18
1664.14   2215.52
1828.34   2410.42
1950.41   2554.72
+KVIDCsIRLLine
ID:Z=5 A=11
5	11
11
663.448   955.032
958.376   1350.4
1063.71   1489.11
1167.16   1616.55
1252.86   1723.38
1350.04   1845.2
1444.36   1963.27
1561.11   2110.32
1646.9   2211.79
1739.3   2324.24
1952.37   2581
+KVIDCsIRLLine
ID:Z=6 A=12
6	12
10
929.235   1329.06
991.492   1417.16
1060.92   1510.88
1149.12   1631.27
1250.71   1763.57
1350.44   1894.9
1429.38   1996.57
1522.49   2112.54
1619.69   2241.87
1931.92   2641.09
+KVIDCutLine
OK:IMF_line
below
13
18.9618   42.859
51.4409   109.499
99.7078   194.723
205.606   356.843
304.065   495.515
422.978   671.371
567.482   880.715
711.763   1095.49
938.869   1418.67
1137.82   1703.63
1558.8   2321.05
1743.05   2579.56
2054.04   3003.64
+KVIDCutLine
OK:gamma_line
above
14
16.6745   12.8884
41.2138   38.3401
82.9623   76.0598
127.154   113.963
170.017   151.997
260.58   230.692
293.299   259.257
348.007   307.78
385.188   341.471
464.436   410.685
556.856   493.357
691.769   613.383
831.25   732.951
926.007   815.073
!
