CI_0201_GG 24.170934 0.038889 9.898187 0.034383 1804.532306 103
CI_0201_PG 67.467353 0.004830 1.255422 0.002848 2291.366858 12
CI_0203_GG 26.481243 0.030558 8.019548 0.024359 649.377129 82
CI_0203_PG 68.016213 0.004718 1.169622 0.002238 5961.699202 11
CI_0205_GG 19.318502 0.023335 6.143977 0.016974 44.403040 43
CI_0205_PG 67.350526 0.004278 1.059248 0.002056 7274.381579 4
CI_0207_GG 32.265750 0.025274 6.676584 0.017730 55.167093 53
CI_0207_PG 65.839699 0.004245 1.032731 0.001600 10239.300580 5
CI_0209_GG 19.864745 0.023668 6.232796 0.017237 65.355307 45
CI_0209_PG 66.663269 0.004336 1.044406 0.001673 11695.061819 5
CI_0211_GG 19.559769 0.026764 6.993509 0.020027 146.196965 47
CI_0211_PG 67.765650 0.004357 1.073403 0.001847 8858.252058 5
CI_0213_GG 28.857113 0.025486 6.732040 0.018119 49.592167 53
CI_0213_PG 67.056479 0.004689 1.116767 0.002166 10850.772770 4
CI_0215_GG 16.844884 0.028388 7.177646 0.021199 350.915223 44
CI_0215_PG 67.850677 0.004564 1.110549 0.001866 10299.520126 5
CI_0217_GG 45.253646 0.005185 1.348480 0.003431 219.938347 8
CI_0217_PG 66.418675 0.004023 0.879728 0.001862 16596.572019 3
CI_0219_GG 44.348768 0.063754 15.136102 0.027796 11734.241548 89
CI_0219_PG 67.459095 0.005800 1.456891 0.002922 3225.848308 7
CI_0221_GG 40.149307 0.024462 6.461784 0.017215 45.280304 52
CI_0221_PG 66.894976 0.004591 1.105322 0.001857 11603.526704 5
CI_0223_GG 46.908446 0.030229 7.970264 0.023715 281.307929 66
CI_0223_PG 65.171425 0.004931 1.129882 0.002459 7677.153103 5
CI_0401_GG 39.262161 0.027622 7.294524 0.019681 68.444590 58
CI_0401_PG 67.191812 0.004444 1.082905 0.001750 6999.867392 6
CI_0403_GG 36.102988 0.027939 7.378037 0.019660 63.336403 59
CI_0403_PG 64.360751 0.004306 1.046733 0.001822 5218.763290 5
CI_0405_GG 37.602392 0.023009 6.077854 0.016113 45.205396 47
CI_0405_PG 64.626527 0.004322 1.042731 0.001648 10881.700934 6
CI_0407_GG 33.457552 0.024532 6.479718 0.017319 61.733758 50
CI_0407_PG 65.465275 0.004324 1.060664 0.001781 8043.660270 5
CI_0409_GG 58.347092 0.023946 6.326224 0.016893 52.455697 51
CI_0409_PG 68.067597 0.004329 1.044657 0.001921 9272.187856 4
CI_0411_GG 55.600695 0.023570 6.227634 0.016741 43.640650 52
CI_0411_PG 66.899941 0.004252 1.036878 0.001643 10204.346800 5
CI_0413_GG 55.439181 0.025934 6.849095 0.018194 68.601261 55
CI_0413_PG 66.525670 0.004269 1.055401 0.001796 6834.022828 7
CI_0415_GG 53.894318 0.025930 6.849953 0.018406 52.707775 56
CI_0415_PG 68.304801 0.004487 1.038818 0.001751 7786.745269 5
CI_0417_GG 55.480997 0.031372 8.279102 0.023919 230.770535 82
CI_0417_PG 66.505395 0.004471 1.144820 0.002186 4160.912996 7
CI_0419_GG 53.502634 0.067445 7.676859 0.086260 18.638744 17
CI_0419_PG 63.492568 0.005608 1.037918 0.005866 1625.634537 1
CI_0421_GG 53.762895 0.026199 6.902876 0.020541 425.430287 89
CI_0421_PG 64.738290 0.004533 1.093279 0.001855 8212.344116 8
CI_0423_GG 43.434088 0.024311 6.421726 0.017332 41.017755 50
CI_0423_PG 64.473591 0.004387 1.063200 0.001756 8756.721296 5
CI_0601_GG 48.344184 0.026811 7.081152 0.019168 43.380456 56
CI_0601_PG 65.398595 0.004316 1.083284 0.002146 5732.630033 4
CI_0603_GG 69.928037 0.022739 6.000971 0.016100 59.934104 46
CI_0603_PG 65.611193 0.003962 0.971016 0.001422 9616.690338 5
CI_0605_GG 60.663191 0.026539 7.008309 0.018297 85.382044 55
CI_0605_PG 64.938515 0.004261 1.065828 0.001823 7004.253426 5
CI_0607_GG 64.314582 0.027775 7.333565 0.019349 89.179363 57
CI_0607_PG 65.386774 0.004482 1.060080 0.001847 6658.522539 5
CI_0609_GG 61.648198 0.026042 6.879164 0.018212 55.499587 54
CI_0609_PG 67.231159 0.004394 1.092920 0.002148 6803.903875 5
CI_0611_GG 66.770633 0.025600 6.759491 0.018401 48.542327 51
CI_0611_PG 67.413859 0.004471 1.048003 0.001756 8107.374764 6
CI_0613_GG 54.847465 0.027920 7.373862 0.019835 60.269274 58
CI_0613_PG 65.002312 0.004665 1.149261 0.002001 7910.787750 6
CI_0615_GG 53.735068 0.025945 6.854256 0.018445 49.799974 56
CI_0615_PG 63.864564 0.004576 1.121116 0.001913 9513.476135 5
CI_0617_GG 105.925690 0.026108 6.894630 0.018618 37.658120 54
CI_0617_PG 94.960094 0.002792 0.737478 0.001894 18.345168 5
CI_0619_GG 105.965123 0.025847 6.826709 0.018153 74.553568 57
CI_0619_PG 93.708581 0.003221 0.845270 0.002032 213.364594 4
CI_0621_GG 100.593894 0.026963 7.120108 0.018928 67.057904 55
CI_0621_PG 93.875439 0.003232 0.850375 0.002016 200.590410 4
CI_0623_GG 105.714992 0.028999 7.656169 0.020275 51.055044 59
CI_0623_PG 96.409029 0.003322 0.875682 0.002148 97.707714 5
CI_0801_GG 106.012200 0.130350 33.881693 0.094035 329.429602 214
CI_0801_PG 95.656473 0.008938 2.274237 0.005272 619.437474 15
CI_0803_GG 110.089653 0.154776 40.241605 0.118409 365.767817 262
CI_0803_PG 95.597020 0.010583 2.697570 0.006255 535.951977 20
CI_0805_GG 121.212977 0.130354 34.243555 0.090984 257.375599 239
CI_0805_PG 95.787576 0.009049 2.388782 0.006215 31.001403 18
CI_0807_GG 112.700324 0.167074 43.226192 0.130120 401.729358 269
CI_0807_PG 93.366471 0.011166 2.841351 0.006833 614.457144 20
CI_0809_GG 115.294933 0.200816 48.555396 0.159382 1422.323869 275
CI_0809_PG 94.241542 0.016479 3.442443 0.018195 11.032036 9
CI_0811_GG 107.980849 0.510112 54.586825 1.040819 109.043465 98
CI_0811_PG 93.834227 0.018682 3.844645 0.021457 26.543903 10
CI_0813_GG 118.370292 0.170507 42.980328 0.131241 1338.901719 264
CI_0813_PG 93.120869 0.013850 2.990943 0.014649 5.742184 8
CI_0815_GG 104.306422 0.142231 36.696468 0.104856 432.327024 224
CI_0815_PG 95.403560 0.009690 2.501777 0.006345 440.836755 16
CI_0817_GG 99.025221 0.977206 80.364161 1.825301 147.472181 133
CI_0817_PG 93.043451 0.063575 5.191705 0.074460 9.313378 8
CI_0819_GG 99.379957 0.797442 76.830670 1.481795 123.809373 138
CI_0819_PG 92.394160 0.047424 5.471643 0.060367 25.786979 10
CI_0821_GG 106.293702 0.150408 38.794166 0.114677 501.041809 250
CI_0821_PG 93.015687 0.010114 2.616723 0.006747 349.703721 18
CI_0823_GG 106.722508 0.120334 31.601990 0.083243 249.251314 217
CI_0823_PG 92.317999 0.008640 2.274078 0.005791 74.371304 15
CI_1001_GG 120.715650 0.129354 34.049819 0.090128 255.959056 244
CI_1001_PG 94.749356 0.008949 2.363939 0.006223 20.982791 16
CI_1003_GG 123.667551 0.196575 30.701060 0.274222 95.275647 78
CI_1003_PG 93.960444 0.008017 1.947623 0.004165 1213.865874 15
CI_1005_GG 133.945168 0.125474 32.724122 0.089252 308.668806 215
CI_1005_PG 94.890708 0.008579 2.196578 0.005075 539.341184 15
CI_1007_GG 123.783741 0.129747 33.774818 0.093667 329.352742 216
CI_1007_PG 93.750180 0.008994 2.316925 0.005523 428.724015 15
CI_1009_GG 127.239030 0.157456 39.563727 0.117176 1200.424323 238
CI_1009_PG 93.204000 0.011718 2.783508 0.010585 16.346577 9
CI_1011_GG 124.668702 0.379998 45.599343 0.727284 105.376674 88
CI_1011_PG 91.694590 0.017991 3.183888 0.017721 15.388486 8
CI_1013_GG 126.753648 0.129634 33.614482 0.090112 559.061472 226
CI_1013_PG 93.953668 0.008963 2.275494 0.005097 624.616579 18
CI_1015_GG 130.581805 0.121778 31.080392 0.089309 694.479100 188
CI_1015_PG 92.380642 0.010782 2.269584 0.011823 7.103681 5
CI_1017_GG 143.373517 0.136638 32.818607 0.105908 885.193425 181
CI_1017_PG 96.679450 0.010461 2.328812 0.010425 10.324205 6
CI_1019_GG 118.858090 0.131916 32.873639 0.101283 437.758088 189
CI_1019_PG 94.067455 0.008613 2.171888 0.005485 940.399504 13
CI_1021_GG 125.751302 0.125739 32.443580 0.092360 499.131118 203
CI_1021_PG 91.796824 0.008594 2.218484 0.005542 404.558731 14
CI_1023_GG 124.963311 0.189053 32.552320 0.257249 87.256129 88
CI_1023_PG 95.353572 0.009391 2.262931 0.008359 22.509737 7
CI_1201_GG 128.507051 0.138421 22.769225 0.194748 61.036646 58
CI_1201_PG 96.186838 0.006761 1.594407 0.005863 153.514324 4
CI_1203_GG 129.644398 0.188393 33.202405 0.244199 104.854947 93
CI_1203_PG 92.601896 0.008426 2.093713 0.004925 1027.801049 13
CI_1205_GG 121.803304 0.122557 32.039979 0.088764 241.863454 212
CI_1205_PG 92.355206 0.008437 2.210843 0.005590 164.681066 15
CI_1207_GG 129.052529 0.140026 33.490639 0.108627 483.659849 182
CI_1207_PG 92.452300 0.011533 2.363930 0.013162 6.528548 5
CI_1209_GG 83.394184 0.303448 31.704525 0.437946 78.055999 78
CI_1209_PG 23.643619 0.014543 2.164060 0.015125 12.776680 5
CI_1211_GG 67.044784 1.374028 95.634722 2.993859 118.075678 138
CI_1211_PG 20.995372 0.108598 6.504568 0.153406 2.114184 8
CI_1213_GG 93.140985 0.133721 34.243387 0.091490 964.704080 218
CI_1213_PG 21.714922 0.010562 2.752180 0.007124 281.173976 17
CI_1215_GG 78.810636 0.111398 28.975278 0.081852 252.928252 185
CI_1215_PG 23.878486 0.009339 2.417925 0.005682 481.570134 15
CI_1217_GG 82.808254 0.133986 34.118417 0.100968 581.835895 204
CI_1217_PG 21.111982 0.010288 2.688214 0.006405 234.459112 18
CI_1219_GG 89.079803 0.137455 35.251870 0.103928 495.179631 214
CI_1219_PG 22.203897 0.010577 2.785459 0.006971 103.774342 20
CI_1221_GG 88.331388 0.121733 31.726528 0.088655 218.561020 203
CI_1221_PG 20.426672 0.009700 2.479563 0.005577 654.537123 17
CI_1223_GG 73.788724 0.132861 33.086457 0.103290 799.581397 193
CI_1223_PG 21.956951 0.009914 2.564066 0.006176 317.230477 18
SI75_10_GG 55.072439 0.026687 6.999923 0.018933 123.409674 55
SI75_10_PG 61.260161 0.005059 1.255884 0.002214 7474.492070 6
SILI_10_GG 53.622412 0.013186 3.452233 0.009594 190.798150 30
SILI_10_PG 61.986320 0.005609 1.178150 0.002037 18824.431814 5
SI75_11_GG 45.805680 0.024585 6.424194 0.017071 187.980002 52
SI75_11_PG 62.971823 0.005044 1.250383 0.002153 7925.880638 6
SILI_11_GG 47.024756 0.014156 3.704202 0.012345 1403.666990 42
SILI_11_PG 61.513717 0.005242 1.208827 0.002307 11889.574700 5
SI75_12_GG 50.424061 0.062046 8.559552 0.095339 16.627387 18
SI75_12_PG 60.497281 0.008633 1.298532 0.007132 1807.390060 2
SILI_12_GG 94.404273 70.035761 311.195186 431.682794 66.780456 145
SILI_12_PG 21.690792 0.009000 1.084143 0.011332 1246.389170 2
SI75_13_GG 31.933858 0.028239 7.457289 0.019727 44.773756 59
SI75_13_PG 60.447397 0.005113 1.255406 0.002033 6810.030160 7
SILI_13_GG 41.824074 0.015103 3.987235 0.010810 34.656145 32
SILI_13_PG 60.566141 0.005408 1.198517 0.002209 15428.074912 5
SI75_14_GG 35.326284 0.020854 5.508505 0.014914 51.686194 55
SI75_14_PG 59.482824 0.004938 1.203900 0.002120 9352.993079 9
SILI_14_GG 45.364950 0.011072 2.926305 0.007718 23.729017 25
SILI_14_PG 59.461333 0.005381 1.115311 0.002015 18387.876832 5
SI75_15_GG 35.525136 0.020321 5.369056 0.014310 44.716419 43
SI75_15_PG 59.336400 0.004754 1.167829 0.001973 9206.051547 6
SILI_15_GG 52.376291 0.012082 3.192974 0.008375 25.228617 25
SILI_15_PG 57.397454 0.005305 1.179951 0.002509 11025.181139 4
SI75_16_GG 6.510866 5.473695 81.976162 5.139374 87.700909 97
SI75_16_PG 54.232929 0.020603 1.913898 0.024320 612.614314 3
SILI_16_GG 43.506188 0.012349 3.257088 0.008850 53.913117 26
SILI_16_PG 58.126341 0.005066 1.197714 0.002467 11608.759474 4
SI75_17_GG 34.543522 0.023045 6.087954 0.016366 52.052774 48
SI75_17_PG 58.622997 0.004982 1.234112 0.002233 8081.443075 6
SILI_17_GG 60.729959 0.005900 1.550739 0.004231 75.132485 12
SILI_17_PG 59.107512 0.004969 1.143571 0.002199 15648.869190 4
SI_0201_GG 84.704867 0.155090 25.294660 0.215272 101.365522 68
SI_0201_PG 74.117480 0.011239 1.937314 0.013872 43.711064 3
SI_0203_GG 83.127019 0.104533 17.455919 0.135005 39.320142 48
SI_0203_PG 72.348677 0.005959 1.550518 0.005474 1801.710912 28
SI_0205_GG 85.418440 0.039208 10.355283 0.027678 69.259668 83
SI_0205_PG 73.762770 0.003674 0.969661 0.002546 22.580573 6
SI_0207_GG 85.431098 0.037798 9.975822 0.026347 93.439442 75
SI_0207_PG 71.407290 0.003608 0.947947 0.002452 72.112347 6
SI_0209_GG 97.025693 0.033542 8.860010 0.023698 67.177132 72
SI_0209_PG 70.729061 0.003442 0.907592 0.002399 30.669617 5
SI_0211_GG 92.753347 0.033790 8.925626 0.023870 57.205043 71
SI_0211_PG 70.714858 0.003419 0.900553 0.002330 48.996689 5
SI_0213_GG 106.651200 0.033368 5.448285 0.042647 31.336230 13
SI_0213_PG 70.364032 0.003123 0.822026 0.002262 60.735879 5
SI_0215_GG 55.308175 3.163660 116.519798 3.308315 193.192633 178
SI_0215_PG 62.033954 0.012587 1.345260 0.013084 2042.727345 2
SI_0217_GG 102.023141 0.031796 8.395281 0.022249 66.412648 64
SI_0217_PG 71.581783 0.003332 0.877751 0.002250 51.095471 5
SI_0219_GG 106.460177 0.029781 7.866301 0.021291 58.635797 63
SI_0219_PG 71.239025 0.003250 0.856988 0.002227 41.621823 5
SI_0221_GG 96.971539 0.022951 6.060215 0.015952 45.967663 46
SI_0221_PG 72.109942 0.003012 0.791781 0.002009 77.018601 4
SI_0223_GG 73.993910 0.607058 56.631438 1.274371 104.875285 98
SI_0223_PG 65.012638 0.021078 3.970830 0.024446 97.894263 10
SI_0301_GG 111.326020 0.388646 57.362701 0.597185 125.257600 138
SI_0301_PG 75.023352 0.023001 4.087008 0.026235 9.308689 10
SI_0302_GG 106.081484 0.192084 31.581127 0.259318 110.259641 88
SI_0302_PG 73.800852 0.011820 2.516110 0.012262 227.790322 7
SI_0303_GG 136.614587 0.104755 18.955119 0.125915 68.760227 58
SI_0303_PG 73.461989 0.006663 1.617122 0.006043 311.090746 5
SI_0304_GG 120.080806 0.090819 19.858057 0.091610 194.428673 78
SI_0304_PG 72.129801 0.006823 1.582867 0.006472 136.046183 4
SI_0305_GG 107.791908 0.026640 7.037381 0.018811 45.400301 56
SI_0305_PG 70.439481 0.003125 0.825627 0.002092 33.613713 5
SI_0306_GG 114.489519 0.027209 7.187875 0.018995 43.103448 56
SI_0306_PG 71.586786 0.003196 0.844186 0.002197 24.219367 5
SI_0307_GG 112.606787 0.026151 6.907739 0.018378 40.950979 56
SI_0307_PG 71.362486 0.003136 0.827890 0.002174 18.202949 4
SI_0308_GG 126.501086 0.026516 7.002163 0.018819 50.838137 57
SI_0308_PG 70.460552 0.003197 0.844879 0.002171 22.674026 5
SI_0309_GG 103.808753 0.025535 6.744589 0.018176 55.072544 54
SI_0309_PG 90.424057 0.002586 0.684209 0.001811 12.268729 3
SI_0310_GG 111.426638 0.025248 6.667984 0.017775 49.097375 52
SI_0310_PG 91.907082 0.003008 0.783591 0.001804 292.957534 4
SI_0311_GG 107.458972 0.025211 6.660768 0.017774 43.599334 55
SI_0311_PG 94.317994 0.003324 0.860710 0.001900 823.392621 5
SI_0312_GG 117.645309 0.025280 6.677634 0.017830 52.957305 52
SI_0312_PG 95.532881 0.003730 0.908298 0.003408 81.066306 1
SI_0313_GG 103.861189 0.057903 9.034642 0.079464 22.137891 22
SI_0313_PG 94.143329 0.004266 1.089663 0.003542 165.182155 3
SI_0314_GG 112.007966 0.047501 9.791993 0.051743 106.980485 33
SI_0314_PG 93.631046 0.004235 1.088533 0.003442 86.108622 3
SI_0315_GG 110.016994 0.024418 6.449807 0.017374 39.737162 50
SI_0315_PG 94.440421 0.003413 0.845322 0.002874 138.069494 1
SI_0316_GG 102.286605 0.025590 6.760126 0.018205 52.742512 54
SI_0316_PG 91.883867 0.003204 0.828441 0.001857 581.388974 4
SI_0317_GG 112.234408 0.029988 7.918789 0.021035 59.804397 63
SI_0317_PG 88.952462 0.003351 0.871751 0.002012 438.103402 4
SI_0318_GG 114.482114 0.024897 6.572306 0.017188 89.340156 52
SI_0318_PG 89.811493 0.003141 0.813267 0.001810 534.892586 4
SI_0319_GG 20.807775 12.591263 135.774505 8.842937 190.689541 158
SI_0319_PG 82.533063 0.037635 3.206414 0.060792 193.321907 4
SI_0320_GG 116.360246 0.026250 6.932679 0.019675 106.287141 60
SI_0320_PG 89.950878 0.003011 0.791784 0.002021 107.178922 4
SI_0321_GG 111.067687 0.021532 5.689361 0.015192 41.509521 47
SI_0321_PG 88.790610 0.002815 0.740260 0.001836 122.706940 4
SI_0322_GG 101.030163 0.259512 41.759680 0.352702 189.857999 118
SI_0322_PG 86.479359 0.019452 3.107212 0.026146 126.484167 6
SI_0323_GG 118.114446 0.023573 6.227551 0.016769 44.048451 50
SI_0323_PG 88.442876 0.003049 0.787048 0.001884 428.880468 3
SI_0324_GG 115.380534 0.022974 6.067837 0.016097 49.772451 49
SI_0324_PG 87.103871 0.003016 0.792389 0.001833 363.985103 4
SI_0401_GG 132.006936 0.022443 5.926294 0.015487 65.157781 49
SI_0401_PG 90.583090 0.003042 0.798803 0.001819 495.503757 4
SI_0402_GG 135.149991 0.021148 5.587200 0.014736 46.387069 44
SI_0402_PG 90.303859 0.002991 0.779062 0.001733 546.173418 3
SI_0403_GG 133.075029 0.019844 5.242567 0.013813 48.181030 43
SI_0403_PG 88.786254 0.002918 0.764268 0.001652 762.399471 3
SI_0404_GG 134.837856 0.019529 5.158268 0.013309 51.226531 39
SI_0404_PG 89.680429 0.002878 0.754840 0.001670 628.275995 3
SI_0405_GG 142.028924 0.023097 6.101671 0.016267 38.731143 47
SI_0405_PG 89.016944 0.002979 0.783770 0.001678 519.627008 4
SI_0406_GG 125.570467 0.021122 5.579309 0.015104 44.803437 45
SI_0406_PG 88.123681 0.002873 0.757438 0.001693 332.934212 4
SI_0407_GG 125.702467 0.023741 6.272595 0.017091 46.394184 52
SI_0407_PG 90.140413 0.003024 0.797425 0.001839 292.704214 4
SI_0408_GG 135.240683 0.022180 5.858813 0.015688 53.470571 47
SI_0408_PG 89.638179 0.003024 0.792210 0.001798 473.005379 3
SI_0409_GG 127.950676 0.019648 5.190721 0.013615 52.607776 42
SI_0409_PG 89.005521 0.002839 0.745244 0.001516 640.867737 4
SI_0410_GG 139.883687 0.020167 5.326533 0.014233 57.169759 42
SI_0410_PG 89.522965 0.002847 0.750298 0.001786 240.321258 3
SI_0411_GG 138.953827 0.020061 5.300316 0.013960 45.188595 43
SI_0411_PG 88.716678 0.002813 0.738983 0.001707 346.694617 3
SI_0412_GG 138.268651 0.019685 5.201229 0.014063 29.254979 41
SI_0412_PG 90.722149 0.002777 0.727587 0.001683 331.014239 3
SI_0413_GG 135.274875 0.068503 18.068520 0.052709 266.927143 162
SI_0413_PG 89.359520 0.005339 1.410563 0.003978 68.703370 11
SI_0414_GG 129.855807 0.021418 5.655403 0.014913 35.270401 44
SI_0414_PG 88.314735 0.002888 0.760846 0.001793 263.400808 3
SI_0415_GG 129.547801 0.021997 5.810588 0.015556 47.531798 47
SI_0415_PG 88.813359 0.002969 0.775609 0.001741 459.789964 4
SI_0416_GG 129.771037 0.021877 5.778102 0.015445 49.078625 45
SI_0416_PG 88.794991 0.002993 0.783336 0.001673 573.819915 4
SI_0417_GG 112.084181 0.020568 5.434491 0.014676 41.456163 44
SI_0417_PG 83.110624 0.004918 1.202127 0.002525 8284.522251 4
SI_0418_GG 82.601962 0.020543 5.424264 0.014472 40.907860 40
SI_0418_PG 84.577329 0.005765 1.366133 0.004401 3303.459440 3
SI_0419_GG 83.185920 0.253447 32.367416 0.390361 143.200779 78
SI_0419_PG 84.412813 0.018116 2.928851 0.019585 149.051452 7
SI_0420_GG 85.095994 0.039648 6.048719 0.044657 20.938408 18
SI_0420_PG 84.299893 0.005057 1.030407 0.004890 487.330003 2
SI_0421_GG 84.134825 0.020351 5.376597 0.014347 41.671169 43
SI_0421_PG 86.057369 0.004883 1.162006 0.001870 8688.956359 6
SI_0422_GG 81.517509 0.019846 5.242313 0.014115 34.366373 41
SI_0422_PG 86.999009 0.005036 1.228843 0.002280 7414.541957 5
SI_0423_GG 91.504990 0.020476 5.407584 0.014278 62.864367 43
SI_0423_PG 87.196841 0.004798 1.165745 0.001870 8278.990206 6
SI_0424_GG 80.409454 0.020478 5.409829 0.014505 36.320061 42
SI_0424_PG 81.631350 0.004853 1.214071 0.002278 6641.484161 5
SI_0501_GG 101.621620 0.024790 6.538390 0.017623 62.207547 53
SI_0501_PG 81.580437 0.004796 1.216870 0.002143 4786.466925 6
SI_0502_GG 97.633581 0.022070 5.829775 0.015321 56.037173 45
SI_0502_PG 81.630299 0.004824 1.213781 0.002306 5831.181183 5
SI_0503_GG 98.837360 0.019668 5.196390 0.013890 27.424411 40
SI_0503_PG 81.812043 0.004737 1.173190 0.001855 7462.375525 6
SI_0504_GG 105.326250 0.019802 5.231579 0.013759 38.565323 43
SI_0504_PG 83.546901 0.004790 1.207469 0.002273 5645.592146 5
SI_0505_GG 94.877542 0.027661 7.307067 0.019514 48.819808 60
SI_0505_PG 84.356261 0.004934 1.256593 0.002279 4624.791126 6
SI_0506_GG 96.935726 0.029018 7.664259 0.020610 52.840186 60
SI_0506_PG 83.773852 0.004937 1.255067 0.002193 4207.179364 7
SI_0507_GG 83.174325 0.022064 5.829063 0.015477 44.215402 46
SI_0507_PG 84.269537 0.005035 1.232210 0.002379 6091.448265 5
SI_0508_GG 85.118733 0.021747 5.743635 0.015297 45.609050 43
SI_0508_PG 81.265920 0.004904 1.221441 0.002057 7658.349133 6
SI_0509_GG 106.423114 0.020357 5.375328 0.014307 51.158195 43
SI_0509_PG 85.675402 0.004423 1.129549 0.002068 4234.136125 5
SI_0510_GG 112.046168 0.019969 5.274891 0.014200 57.156159 43
SI_0510_PG 87.061715 0.004911 1.183897 0.002083 7733.898941 5
SI_0511_GG 113.502510 0.019403 5.126505 0.013806 35.065933 41
SI_0511_PG 92.103726 0.003217 0.849007 0.002039 140.571503 4
SI_0512_GG 105.805540 0.020087 5.308160 0.014071 38.963719 44
SI_0512_PG 86.574766 0.004696 1.178047 0.002149 6392.354107 5
SI_0513_GG 112.505769 0.522484 54.684477 1.072603 87.498083 98
SI_0513_PG 84.001080 0.014916 3.940608 0.010652 31.561567 32
SI_0514_GG 110.486853 0.021744 5.743392 0.015059 45.535263 44
SI_0514_PG 86.243380 0.004586 1.147106 0.001761 7242.175547 6
SI_0515_GG 100.241507 0.021771 5.752352 0.015267 31.181069 47
SI_0515_PG 85.585897 0.004758 1.188533 0.002189 6778.085060 5
SI_0516_GG 105.015333 0.022086 5.834300 0.015627 33.005101 45
SI_0516_PG 84.005065 0.005133 1.235548 0.001962 11637.554037 6
SI_0517_GG 93.767366 0.020411 5.389328 0.014311 47.605054 41
SI_0517_PG 86.103237 0.004374 1.101694 0.001772 5365.996605 6
SI_0518_GG 99.727090 0.020772 5.487564 0.014416 57.853167 44
SI_0518_PG 85.790670 0.004840 1.209784 0.002293 5364.461015 5
SI_0519_GG 100.152185 0.037042 5.669818 0.039096 14.514837 18
SI_0519_PG 82.408801 0.004793 0.950966 0.005075 1588.772027 3
SI_0520_GG 125.213145 0.036510 5.623015 0.037912 14.418782 18
SI_0520_PG 83.665897 0.004754 0.950373 0.004761 1694.246985 3
SI_0521_GG 110.201297 0.020299 5.362276 0.014480 28.031622 43
SI_0521_PG 84.413498 0.004813 1.175478 0.002092 7021.458748 6
SI_0522_GG 97.659115 0.020689 5.467106 0.014629 32.464541 45
SI_0522_PG 86.043643 0.005255 1.210223 0.002104 13670.913575 5
SI_0523_GG 91.587931 0.019970 5.275240 0.014178 27.278255 40
SI_0523_PG 89.203187 0.004955 1.189197 0.002165 8162.834450 5
SI_0524_GG 99.185715 0.020766 5.483782 0.014383 58.239176 42
SI_0524_PG 85.191754 0.004735 1.152138 0.001736 9778.075005 6
SI_0601_GG 16.287862 0.016779 4.431257 0.011973 37.989119 33
SI_0601_PG 28.061733 0.002349 0.603861 0.001361 291.775324 2
SI_0602_GG 40.028026 0.015141 4.001109 0.010845 28.839591 33
SI_0602_PG 25.128556 0.002387 0.610808 0.001412 334.207647 2
SI_0603_GG 43.585835 0.017308 4.569364 0.012553 66.955286 40
SI_0603_PG 23.696276 0.002590 0.665907 0.001648 362.758402 4
SI_0604_GG 52.929712 0.015124 3.995716 0.010569 39.239936 32
SI_0604_PG 23.967657 0.002582 0.661425 0.001530 529.203602 3
SI_0605_GG 59.383776 0.016384 4.329831 0.011438 30.818073 36
SI_0605_PG 24.127618 0.002586 0.667849 0.001637 315.838390 3
SI_0606_GG 62.134090 0.021189 5.596056 0.015744 77.201630 45
SI_0606_PG 24.124159 0.002692 0.708652 0.001759 61.041709 4
SI_0607_GG 63.600600 0.014732 3.893155 0.010243 28.622522 32
SI_0607_PG 24.615641 0.002539 0.650860 0.001621 356.255293 3
SI_0608_GG 56.018392 0.014925 3.943454 0.010478 29.168354 30
SI_0608_PG 22.666478 0.002456 0.641189 0.001686 178.949623 4
SI_0609_GG 14.124573 0.014980 3.955446 0.010719 30.161903 28
SI_0609_PG 15.150657 0.002504 0.640139 0.001532 402.181023 3
SI_0610_GG 71.402853 0.015830 4.183465 0.011140 28.097054 34
SI_0610_PG 24.674757 0.002305 0.603184 0.001508 243.148571 3
SI_0611_GG 69.183412 0.014534 3.838663 0.010058 58.276888 32
SI_0611_PG 25.727218 0.002370 0.622876 0.001547 159.375820 3
SI_0612_GG 71.915145 0.014664 3.874387 0.010336 19.421592 32
SI_0612_PG 23.643511 0.002508 0.649089 0.001679 257.604157 4
SI_0613_GG 66.493578 0.015165 4.007574 0.010543 30.151731 35
SI_0613_PG 23.751268 0.002536 0.648876 0.001573 461.154984 3
SI_0614_GG 56.529204 0.015199 4.015115 0.010646 31.794510 30
SI_0614_PG 24.680864 0.002472 0.635414 0.001547 395.165688 3
SI_0615_GG 61.022066 0.020570 5.433823 0.014402 57.686192 44
SI_0615_PG 23.392037 0.002674 0.685287 0.001674 289.829864 3
SI_0616_GG 66.113818 0.022389 5.913306 0.016167 61.818863 49
SI_0616_PG 22.583109 0.002746 0.709998 0.001859 232.261639 3
SI_0617_GG 7.338647 0.018466 4.154226 0.014204 812.115878 22
SI_0617_PG 10.242686 0.002488 0.641928 0.001624 250.074216 2
SI_0618_GG 76.430510 0.014969 3.955615 0.010545 32.515180 32
SI_0618_PG 22.332586 0.002332 0.593200 0.001567 302.878936 2
SI_0619_GG 67.627269 0.015429 4.076506 0.010905 37.988282 33
SI_0619_PG 23.236401 0.002390 0.614983 0.001522 243.159647 2
SI_0620_GG 59.482841 0.015519 4.099867 0.010890 33.820091 33
SI_0620_PG 24.417897 0.002526 0.635111 0.001577 403.060286 4
SI_0621_GG 57.090226 0.015526 4.102341 0.011085 31.940910 33
SI_0621_PG 24.525019 0.002499 0.640170 0.001656 292.963876 3
SI_0622_GG 64.240885 0.015310 4.043099 0.010774 23.216395 31
SI_0622_PG 23.031372 0.002519 0.650522 0.001531 336.543555 2
SI_0623_GG 62.268520 0.014974 3.957488 0.010475 22.282191 32
SI_0623_PG 21.173234 0.002519 0.649033 0.001585 308.330256 2
SI_0624_GG 60.462353 0.011106 2.934492 0.007935 21.324129 23
SI_0624_PG 22.458441 0.002453 0.626610 0.001802 345.218572 2
SI_0701_GG 84.044629 0.015623 4.127992 0.010988 45.342589 33
SI_0701_PG 22.225568 0.002458 0.634816 0.001583 238.302696 2
SI_0702_GG 73.666888 0.015188 4.013500 0.010635 30.153615 34
SI_0702_PG 25.751625 0.002402 0.632301 0.001612 95.452435 3
SI_0703_GG 77.384704 0.015659 4.136745 0.011024 33.949772 34
SI_0703_PG 25.276364 0.002476 0.639946 0.001633 240.447110 2
SI_0704_GG 69.122086 0.016163 4.270518 0.011402 30.563344 33
SI_0704_PG 23.547246 0.002444 0.641658 0.001660 120.516967 3
SI_0705_GG 70.854651 0.014859 3.926284 0.010453 32.279367 32
SI_0705_PG 22.841083 0.002455 0.642854 0.001561 170.517146 3
SI_0706_GG 71.627841 0.015074 3.981776 0.010525 35.260593 29
SI_0706_PG 24.668898 0.002430 0.637928 0.001588 171.723195 3
SI_0707_GG 63.282333 0.014752 3.897721 0.010466 35.159187 30
SI_0707_PG 24.853925 0.002496 0.645988 0.001510 366.697248 3
SI_0708_GG 72.177358 0.015146 4.002079 0.010593 38.892546 32
SI_0708_PG 24.824643 0.002509 0.654219 0.001612 214.238334 3
SI_0709_GG 77.183603 0.014586 3.853908 0.010453 31.324274 32
SI_0709_PG 78.068460 0.003245 0.833943 0.001881 2560.808136 2
SI_0710_GG 79.079565 0.014754 3.897234 0.010379 42.302010 31
SI_0710_PG 76.733900 0.003265 0.842139 0.001716 1992.248777 3
SI_0711_GG 75.752800 0.014320 3.783687 0.009942 40.871437 30
SI_0711_PG 75.998164 0.003453 0.884414 0.001886 1646.988448 3
SI_0712_GG 71.621392 0.014680 3.878883 0.010307 23.657230 29
SI_0712_PG 76.729725 0.003388 0.879654 0.001892 1930.859398 3
SI_0713_GG 74.674183 0.015925 4.208129 0.011308 23.672963 33
SI_0713_PG 76.457127 0.003285 0.859306 0.001745 1356.297485 4
SI_0714_GG 80.710538 0.014928 3.943494 0.010577 30.573189 31
SI_0714_PG 77.761390 0.003326 0.858556 0.001773 2213.192286 3
SI_0715_GG 85.051763 0.014444 3.816411 0.010194 41.411795 31
SI_0715_PG 75.624156 0.003338 0.866380 0.001816 2077.447128 3
SI_0716_GG 92.836348 0.015165 4.006026 0.010927 35.901550 31
SI_0716_PG 76.105119 0.003391 0.870670 0.001574 2733.309657 4
SI_0717_GG 93.188726 0.014868 3.928921 0.010491 21.858538 31
SI_0717_PG 77.088542 0.003254 0.835606 0.001412 2902.187752 4
SI_0718_GG 104.881056 0.015192 4.014876 0.010726 25.482720 33
SI_0718_PG 79.141749 0.003280 0.851628 0.001647 1553.201891 4
SI_0719_GG 99.217585 0.014686 3.879262 0.010335 36.272128 30
SI_0719_PG 76.113558 0.003283 0.845953 0.001552 2097.390796 4
SI_0720_GG 71.112071 0.014756 3.898747 0.010320 47.606854 31
SI_0720_PG 71.908813 0.003294 0.851412 0.001484 2646.181558 4
SI_0721_GG 83.300653 0.015347 4.054798 0.010766 36.146966 32
SI_0721_PG 76.121322 0.003300 0.838334 0.001544 2299.073299 4
SI_0722_GG 81.146412 0.015407 4.071675 0.010840 25.193700 33
SI_0722_PG 77.242897 0.003243 0.841172 0.001447 2451.886361 4
SI_0723_GG 89.000437 0.014827 3.918356 0.010481 26.275427 32
SI_0723_PG 77.224428 0.003306 0.856470 0.001563 2316.457423 4
SI_0724_GG 85.556250 0.015326 4.048994 0.010707 49.285091 31
SI_0724_PG 75.548773 0.003324 0.864674 0.001827 1876.211414 3
SI_0801_GG 92.530083 0.022267 5.883089 0.015825 46.793430 49
SI_0801_PG 77.899674 0.003450 0.903468 0.001869 1028.244148 4
SI_0802_GG 96.480467 0.022273 5.883906 0.015684 44.917242 46
SI_0802_PG 76.954705 0.003365 0.884300 0.001897 767.438916 4
SI_0803_GG 98.641729 0.023385 6.176645 0.016522 46.670931 49
SI_0803_PG 77.286437 0.003468 0.910987 0.001867 885.975408 5
SI_0804_GG 96.240089 0.023181 6.122758 0.016562 57.837273 49
SI_0804_PG 76.297956 0.003484 0.913973 0.001958 801.018742 4
SI_0805_GG 95.918712 0.022490 5.941116 0.016168 47.907345 47
SI_0805_PG 76.300081 0.003450 0.905301 0.001864 950.495315 5
SI_0806_GG 99.537889 0.024748 6.535722 0.017575 40.478106 51
SI_0806_PG 77.551557 0.003483 0.915996 0.001962 623.988351 5
SI_0807_GG 94.263796 0.023282 6.146728 0.016202 49.830209 49
SI_0807_PG 76.113330 0.003564 0.931552 0.001880 1438.341465 4
SI_0808_GG 76.950554 0.022175 5.858997 0.015619 48.628925 49
SI_0808_PG 70.440724 0.003521 0.921535 0.002006 881.597781 4
SI_0809_GG 101.101296 0.022626 5.977324 0.016110 44.269114 49
SI_0809_PG 76.748663 0.003352 0.880288 0.001867 852.254014 5
SI_0810_GG 100.538270 0.022476 5.937284 0.015756 52.348009 48
SI_0810_PG 77.035090 0.003376 0.884300 0.001824 1055.059662 4
SI_0811_GG 101.454333 0.024500 6.468855 0.017140 49.633225 49
SI_0811_PG 76.644875 0.003502 0.916117 0.001876 840.682950 5
SI_0812_GG 105.524004 0.023989 6.337326 0.016859 48.244120 52
SI_0812_PG 76.622845 0.003456 0.908107 0.001914 740.168067 5
SI_0813_GG 100.820707 0.022795 6.021834 0.016079 32.232757 47
SI_0813_PG 77.921082 0.003423 0.897491 0.001873 984.984908 4
SI_0814_GG 102.126605 0.022732 6.003834 0.016144 47.418708 47
SI_0814_PG 77.633123 0.003469 0.907723 0.001842 1199.824145 4
SI_0815_GG 99.596567 0.022314 5.894971 0.015530 37.994215 48
SI_0815_PG 77.794918 0.003499 0.913881 0.001851 1473.505359 4
SI_0816_GG 111.800138 0.024296 6.418112 0.017304 47.493752 53
SI_0816_PG 77.346645 0.003555 0.930348 0.001846 1053.665486 6
SI_0817_GG 65.924162 0.027838 7.329735 0.017267 340.283438 55
SI_0817_PG 80.221814 0.002436 0.640314 0.001599 58.234622 3
SI_0818_GG 61.331197 0.027626 7.275879 0.017062 343.499671 53
SI_0818_PG 80.428737 0.002573 0.671708 0.001768 132.747337 3
SI_0819_GG 62.256044 0.027949 7.359513 0.017779 269.927453 55
SI_0819_PG 82.622461 0.002692 0.695884 0.001838 235.233164 3
SI_0820_GG 60.596278 0.032650 8.611748 0.021377 158.613839 64
SI_0820_PG 81.173067 0.002874 0.752742 0.001836 168.069114 4
SI_0821_GG 56.538710 0.027747 7.317313 0.017531 231.803639 55
SI_0821_PG 81.929013 0.002631 0.686651 0.001681 238.138656 4
SI_0822_GG 65.996621 0.027568 7.265620 0.017669 211.036386 54
SI_0822_PG 82.920985 0.002610 0.681630 0.001743 152.909391 3
SI_0823_GG 68.825113 0.027240 7.180939 0.017486 223.139592 54
SI_0823_PG 81.002123 0.002602 0.676235 0.001660 232.258885 4
SI_0824_GG 97.181800 0.027145 7.157411 0.017341 217.440949 52
SI_0824_PG 80.139766 0.002618 0.678160 0.001666 258.170418 3
SI_0901_GG 72.866181 0.028161 7.422322 0.017568 280.051844 55
SI_0901_PG 81.331675 0.002755 0.714748 0.001767 227.231987 3
SI_0902_GG 66.179873 0.029108 7.667034 0.018248 261.685652 57
SI_0902_PG 83.299979 0.002771 0.723369 0.001808 143.058467 3
SI_0903_GG 63.972396 0.033586 8.823251 0.020174 523.865400 66
SI_0903_PG 80.597614 0.002784 0.730437 0.001934 88.954211 3
SI_0904_GG 72.029041 0.028527 7.516853 0.017899 261.834389 57
SI_0904_PG 81.306647 0.002674 0.699854 0.001794 113.037467 3
SI_0905_GG 67.635474 0.027986 7.370337 0.017251 340.171039 53
SI_0905_PG 81.964228 0.002636 0.690313 0.001718 135.086651 4
SI_0906_GG 74.681073 0.029172 7.687280 0.018340 267.738822 56
SI_0906_PG 81.971453 0.002670 0.701481 0.001755 82.733650 4
SI_0907_GG 60.490346 0.029206 7.705236 0.019227 126.224629 57
SI_0907_PG 78.669172 0.002691 0.706994 0.001824 100.874855 4
SI_0908_GG 65.814905 0.028201 7.434545 0.018023 218.240422 54
SI_0908_PG 81.723383 0.002565 0.671938 0.001789 117.958410 3
SI_0909_GG 73.144769 0.030028 7.897397 0.019367 257.711620 56
SI_0909_PG 82.146987 0.002698 0.706417 0.001763 109.633480 4
SI_0910_GG 75.231211 0.028588 7.524244 0.017756 340.942357 53
SI_0910_PG 81.849580 0.002625 0.690950 0.001745 77.823964 4
SI_0911_GG 73.499231 0.028722 7.574712 0.018246 221.209206 58
SI_0911_PG 81.984318 0.002664 0.701048 0.001757 62.266909 4
SI_0912_GG 78.095763 0.029587 7.801018 0.018713 244.807010 58
SI_0912_PG 81.111876 0.002631 0.690626 0.001687 78.434484 4
SI_0913_GG 72.223798 0.028519 7.515276 0.018079 250.534594 57
SI_0913_PG 79.348995 0.002608 0.684150 0.001680 113.707094 3
SI_0914_GG 78.362033 0.028548 7.532879 0.018227 188.753678 60
SI_0914_PG 79.378941 0.002586 0.681849 0.001758 48.232166 3
SI_0915_GG 66.456176 0.029259 7.716943 0.019190 154.880889 56
SI_0915_PG 77.630215 0.002610 0.690158 0.001801 31.245838 3
SI_0916_GG 73.341962 0.027929 7.367742 0.017627 203.220435 56
SI_0916_PG 78.561986 0.002522 0.665399 0.001736 68.513129 3
SI_0917_GG 107.205702 0.029507 7.779912 0.019051 189.599526 56
SI_0917_PG 78.183421 0.002637 0.692998 0.001698 75.602737 4
SI_0918_GG 103.613987 0.029144 7.678394 0.018018 316.022650 60
SI_0918_PG 81.964481 0.002688 0.709455 0.001775 38.499373 4
SI_0919_GG 114.736454 0.028408 7.480267 0.017441 359.738074 56
SI_0919_PG 76.135120 0.002677 0.706819 0.001791 30.492340 5
SI_0920_GG 117.805151 0.029533 7.770745 0.018428 357.710141 57
SI_0920_PG 80.302433 0.002657 0.701460 0.001824 34.597823 4
SI_0921_GG 115.242098 0.028805 7.589392 0.017867 331.695505 57
SI_0921_PG 81.865769 0.002685 0.705020 0.001701 109.388885 3
SI_0922_GG 81.461735 0.028296 7.455212 0.017829 267.843484 57
SI_0922_PG 81.480349 0.002668 0.704554 0.001828 48.128884 3
SI_0923_GG 123.067729 0.027504 7.254338 0.017683 204.276098 56
SI_0923_PG 77.369552 0.002527 0.669138 0.001786 6.217558 4
SI_0924_GG 108.512493 0.027435 7.236056 0.017720 165.669266 55
SI_0924_PG 83.752007 0.002649 0.697912 0.001730 99.086410 4
