# Generated by P. 15/05/2012.
# Proton energies (ch) where found from Brho runs (624-627,628)
# 5th camp calibration was simply corrected for a gain change looking at p
# in the Brho runs. Only the a1 parameter was modified.
# We expect it to work reasonably at least for light charged particles
# Paola, 17/08/2012, added rings 10-12 calibration
4   1    11.1597   0.0001   6.00044   0.385  0.271992   27
4   2    11.4224   0.0001   6.00536   0.385  0.367762   23
4   3    11.0724   0.001868   6.00999   0.385  0.250053   16
4   4    6.83836   0.207322   6.00325   0.385  0.388698   27
4   5    6.69024   0.538671   6.00883   0.385  0.911382   22
4   6    5.39336   0.370181   6.00999   0.385  0.640824   26
4   7    9.1224   0.349643   6.00928   0.385  1.56151   20
4   8    9.89048   0.451808   6.01   0.385  1.16355   15
4   9    9.12176   0.268631   6.00736   0.385  0.738614   24
4   10    10.789   0.300283   6   0.385  0.693208   23
4   11    10.2238   0.538886   6.0016   0.385  0.675758   19
4   12    8.69333   0.103106   6.00954   0.385  0.697062   26
4   13    12.4243   0.157798   6.00675   0.385  0.494273   25
4   14    5.25255   0.135166   6.00985   0.385  0.989728   29
4   15    7.04988   0.171998   6.00565   0.385  0.486892   30
4   16    15.7008   0.109481   6.00995   0.385  0.567845   28
4   17    12.8687   0.054665   6.01   0.385  0.530264   31
4   18    9.06154   0.148956   6   0.385  0.343386   28
4   19    10.464   0.094101   6.00986   0.385  0.87651   29
4   20    8.09548   0.146392   6.00677   0.385  0.939702   28
4   21    11.9229   0.098025   6.00894   0.385  0.462011   29
4   22    6.07528   0.176004   6.00735   0.385  0.604099   28
4   23    12.3195   0.084994   6.00227   0.385  0.702151   28
4   24    12.3125   0.070382   6.00074   0.385  0.47939   28
5   1    16.9852   0.0001   6.00978   0.385  0.47178   26
5   2    19.0979   0.0001   6.01   0.385  0.271534   22
5   3    10.6614   0.149495   6.00531   0.385  0.578264   26
5   4    7.40796   0.560997   6.00965   0.385  0.624847   21
5   5    7.23263   0.515136   6.00979   0.385  0.750022   22
5   6    14.0747   0.671746   6.00996   0.385  1.09759   21
5   7    8.07479   0.542515   6.0015   0.385  0.663733   21
5   8    11.5531   0.060546   6.00064   0.385  0.451462   14
5   9    10.1384   0.296904   6   0.385  0.35467   21
5   10    12.283   0.225797   6.00024   0.385  0.469609   21
5   11    10.2115   0.328671   6   0.385  0.561669   20
5   12    9.85811   0.222211   6.00781   0.385  0.370225   20
5   13    9.21607   0.143446   6.01   0.385  0.416383   22
5   14    6.80816   0.26876   6.0067   0.385  0.365848   24
5   15    10.2017   0.123359   6.00736   0.385  0.209081   25
5   16    8.76598   0.069052   6.0009   0.385  0.297393   25
5   17    10.8568   0.301565   6.00833   0.385  0.392403   21
5   18    11.7688   0.085497   6.00767   0.385  0.264557   24
5   19    12.0771   0.074622   6.00696   0.385  0.282913   24
5   20    12.5219   0.073162   6.00866   0.385  0.287569   25
5   21    12.4142   0.00788   6.00511   0.385  0.173373   22
5   22    10.359   0.042407   6.00592   0.385  0.422848   23
5   23    13.5977   0.054908   6.00009   0.385  0.154146   24
5   24    14.2324   0.047476   6.00096   0.385  0.308744   23
6   1    24.6737   0.0001   6.01   0.385  0.269414   19
6   2    19.6448   0.000163   6.01   0.385  0.250282   19
6   3    38.7499   0.04256   6   0.385  0.311624   18
6   4    24.3445   0.084849   6.00993   0.385  0.371704   18
6   5    20.4087   0.246688   6.00424   0.385  0.201566   17
6   6    22.41   0.170336   6.01   0.385  0.378129   19
6   7    20.4418   0.188971   6.00995   0.385  0.431025   19
6   8    18.6672   0.189409   6.01   0.385  0.28677   20
6   9    25.3511   2.37613   6.00999   0.385  9.03097   10
6   10    22.3908   0.078755   6.01   0.385  0.381117   19
6   11    18.289   0.165982   6.01   0.385  0.348761   20
6   12    20.3711   0.206238   6.00999   0.385  0.254408   17
6   13    16.9537   0.137322   6.00967   0.385  0.173098   19
6   14    14.9351   0.126698   6.01   0.385  0.245421   19
6   15    14.6737   0.144395   6.01   0.385  0.54383   20
6   16    25.4239   0.010096   6.01   0.385  0.851978   22
6   17    24.388   0.047092   6.01   0.385  0.385343   22
6   18    17.9173   0.070128   6.01   0.385  0.514925   22
6   19    25.2583   0.0001   6.01   0.385  31.1891   19
6   20    22.293   0.111589   6.01   0.385  0.696485   21
6   21    21.8774   0.086877   6.01   0.385  0.607724   23
6   22    24.9683   0.04139   6.01   0.385  0.277449   20
6   23    18.2323   0.092631   6.00999   0.385  0.217278   21
6   24    21.4364   0.03329   6.00999   0.385  0.244853   19
7   1    9.93748   0.009317   6   0.385  0.345666   18
7   2    23.6913   0.040295   6.00996   0.385  0.165351   18
7   3    25.2484   0.059044   6.01   0.385  0.220148   18
7   4    10.671   0.329959   6.00356   0.385  0.222152   18
7   5    20.841   0.206112   6.00913   0.385  0.23444   18
7   6    14.6719   0.296316   6.01   0.385  0.343571   18
7   7    24.8183   0.256642   6.00977   0.385  0.100203   17
7   8    15.7162   0.109672   6.00994   0.385  0.168378   18
7   9    13.5907   0.151337   6.00811   0.385  0.136345   17
7   10    21.4357   0.182862   6.01   0.385  0.213342   18
7   11    26.0121   0.085737   6.0074   0.385  0.261978   18
7   12    18.7216   0.228112   6.00854   0.385  0.168121   18
7   13    17.3078   0.076244   6.00885   0.385  0.080792   18
7   14    28.8432   0.165103   6.00994   0.385  0.17059   10
7   15    30.2531   0.045147   6.01   0.385  0.346849   18
7   16    17.1966   0.077213   6.00943   0.385  0.079998   18
7   17    20.5548   0.108221   6.00986   0.385  0.127832   17
7   18    12.1826   0.144639   6.0094   0.385  0.173756   18
7   19    23.3762   0.031357   6.01   0.385  0.136733   18
7   20    14.7961   0.079279   6.01   0.385  0.13018   18
7   21    23.7855   0.091788   6.01   0.385  0.166606   18
7   22    24.6655   0.181613   6.00999   0.385  0.089995   17
7   23    28.1437   0.056134   6   0.385  0.261742   18
7   24    13.1263   0.045764   6.00895   0.385  0.280896   18
8   1    27.1298   0.0001   6.00997   0.385  0.374607   13
8   2    22.2431   0.0001   6.01   0.385  0.477198   15
8   3    26.0428   0.023144   6.00994   0.385  0.230958   13
8   4    10.781   0.054161   6.01   0.385  0.353981   13
8   5    33.2313   0.023881   6.00984   0.385  0.340321   13
8   6    11.693   0.038628   6.00526   0.385  0.199037   12
8   7    6.92962   0.133981   6.01   0.385  0.262993   13
8   8    19.7304   0.152325   6.01   0.385  0.254117   13
8   9    21.7866   0.119638   6.01   0.385  0.136243   13
8   10    20.5366   0.047482   6.01   0.385  0.197808   13
8   11    22.8797   0.050484   6.00994   0.385  0.181748   15
8   12    16.6536   0.018215   6.00892   0.385  0.735625   14
8   13    22.5509   0.0883   6.00999   0.385  0.128151   13
8   14    25.8355   0.027559   6.00999   0.385  0.137523   13
8   15    19.2212   0.100058   6.00998   0.385  0.134101   13
8   16    19.8137   0.036937   6.00996   0.385  0.167459   13
8   17    23.0899   0.035199   6.01   0.385  0.248798   14
8   18    12.9682   0.070739   6.01   0.385  0.17006   14
8   19    15.262   0.026453   6.01   0.385  0.129722   13
8   20    15.5164   0.034603   6.00998   0.385  0.213616   14
8   21    27.0188   0.040069   6.01   0.385  0.171016   13
8   22    33.7218   0.0001   6.01   0.385  0.152858   13
8   23    22.1176   0.0001   6.01   0.385  0.143884   15
8   24    19.9101   0.0001   6.00995   0.385  0.242031   14
9   1    54.5921   0.0001   6   0.385  0.686808   12
9   2    29.9605   0.000771   6.00999   0.385  0.13517   12
9   3    23.5426   0.051542   6.00392   0.385  0.136922   13
9   4    38.9498   0.043361   6   0.385  0.241182   12
9   5    30.5542   0.062898   6.00999   0.385  0.273246   13
9   6    37.1749   0.091842   6.01   0.385  0.254933   13
9   7    19.0793   0.079095   6.01   0.385  0.153162   12
9   8    32.1215   0.006912   6.00997   0.385  0.184554   13
9   9    34.751   0.034324   6.00105   0.385  0.102175   12
9   10    29.7927   0.08053   6.00994   0.385  0.205824   13
9   11    30.888   0.009706   6.00981   0.385  0.147759   13
9   12    31.0256   0.000234   6.00998   0.385  0.204607   12
9   13    30.9841   0.033382   6.00999   0.385  0.278048   13
9   14    25.7589   0.015946   6.00995   0.385  0.172723   12
9   15    17.37   0.016854   6.00971   0.385  0.12134   13
9   16    19.3843   0.105437   6.00998   0.385  0.127627   13
9   17    21.7359   0.044924   6.00969   0.385  0.188288   13
9   18    26.967   0.076022   6.00999   0.385  0.110535   12
9   19    26.8812   0.03156   6.01   0.385  0.209539   13
9   20    30.9535   0.011886   6.00999   0.385  0.18987   12
9   21    25.3891   0.060816   6.00999   0.385  0.082811   12
9   22    20.9042   0.015023   6.01   0.385  0.106606   12
9   23    33.1553   0.009592   6.00999   0.385  0.107877   13
9   24    26.0277   0.004969   6.01   0.385  0.116395   12
10   1    21.8492   0.126678   6.01   0.385  5.79536   29
10   2    29.6271   0.10494   6   0.385  3.40726   13
10   3    25.4809   0.281316   6.01   0.385  8.99788   26
10   4    18.7909   0.276294   6.01   0.385  2.3104   26
10   5    29.1119   0.540935   6.00989   0.385  0   2
10   6    21.0922   0.453286   6.00998   0.385  9.37501   26
10   7    22.6633   0.400652   6.01   0.385  2.56154   26
10   8    27.2027   0.297073   6.01   0.385  2.99733   24
10   9    24.4284   0.247341   6.01   0.385  1.18103   25
10   10    14.2338   0.169345   6.00999   0.385  5.61137   28
10   11    17.2303   0.195444   6.01   0.385  0.364234   27
10   12    19.3999   0.14664   6.01   0.385  7.43369   27
10   13    18.4334   0.301051   6.01   0.385  1.11806   28
10   14    25.9079   0.16909   6   0.385  8.14281   27
10   15    21.296   0.264118   6   0.385  1.37649   30
10   16    36.1454   0.156956   6   0.385  39.273   28
10   17    30.523   0.201663   6.01   0.385  2.33983   30
10   18    34.0007   0.151709   6   0.385  0.527985   25
10   19    25.982   0.249711   6.01   0.385  1.09469   29
10   20    25.5007   0.125729   6.00967   0.385  0.539807   31
10   21    38.2308   0.209417   6   0.385  1.63085   30
10   22    29.6841   0.250632   6   0.385  1.23038   29
10   23    25.988   0.229474   6   0.385  1.10171   26
10   24    37.4095   0.179553   6   0.385  0.40164   23
11   1    41.5531   0.135331   6   0.385  0.945492   20
11   2    79.8852   0.149503   6   0.385  0.680225   11
11   3    43.6683   0.263795   6   0.385  6.79071   23
11   4    38.2101   0.264939   6   0.385  3.65305   19
11   5    27.3041   0.225641   6   0.385  5.48447   21
11   6    22.7643   0.26324   6.01   0.385  1.71912   20
11   7    25.5218   0.308952   6   0.385  3.95263   19
11   8    23.8519   0.266931   6   0.385  7.02431   21
11   9    34.957   0.245337   6   0.385  2.10908   22
11   10    37.381   0.277057   6   0.385  0.524242   22
11   11    42.3745   0.236614   6   0.385  2.56223   22
11   12    58.8397   0.247649   6   0.385  0.771816   24
11   13    39.3556   0.310099   6.01   0.385  0.908542   24
11   14    68.5091   1.03699   6.0093   0.385  0   2
11   15    35.0957   0.205545   6   0.385  1.20388   26
11   16    34.1086   0.282786   6   0.385  0.317121   24
11   17    36.6227   0.277868   6   0.385  6.47339   24
11   18    33.7818   0.232929   6   0.385  0.244387   24
11   19    22.9784   0.175495   6   0.385  0.278537   25
11   20    38.8876   0.159342   6   0.385  0.375362   25
11   21    61.4408   0.312852   6   0.385  0.299553   23
11   22    49.8196   0.23264   6   0.385  1.5104   25
11   23    59.7617   0.220236   6   0.385  1.16612   24
11   24    56.0638   0.167834   6   0.385  0.327981   21
12   1    55.3925   0.223595   6   0.385  1.3553   10
12   2    114.853   0.278126   6   0.385  1.30535   7
12   3    117.654   0.288789   6   0.385  1.12574   9
12   4    101.383   0.355959   6   0.385  1.34396   11
12   5    53.487   0.256547   6   0.385  2.54658   13
12   6    81.8259   0.35776   6   0.385  1.39529   12
12   7    52.285   0.274444   6   0.385  2.59562   14
12   8    42.9468   0.271776   6   0.385  1.40763   13
12   9    53.211   0.257353   6   0.385  0.930946   10
12   10    47.7396   0.248057   6   0.385  1.57063   12
12   11    74.5858   0.338883   6   0.385  3.09899   11
12   12    72.7687   0.294224   6   0.385  1.87212   15
12   13    74.9627   0.288434   6   0.385  0.885865   13
12   14    44.3616   0.347313   6   0.385  0.581419   13
12   15    89.8028   0.235917   6   0.385  0.885872   11
12   16    53.6406   0.25076   6   0.385  0.484789   15
12   17    94.9127   0.398394   6   0.385  0.439734   12
12   18    38.6773   0.191469   6   0.385  1.32383   18
12   19    62.3826   0.284212   6   0.385  0.647889   13
12   20    67.908   0.310091   6   0.385  0.378103   12
12   21    35.2426   0.352004   6   0.385  0.263041   11
12   22    43.745   0.198291   6   0.385  1.10379   17
12   23    82.778   0.275809   6   0.385  1.1587   11
12   24    122.191   0.264935   6   0.385  3.8355   9

