# ASCII file generated by KVIDZAGrid::WriteToAsciiFile
# ID Graph Name : all of them
# This file can be read using KVIDZAGrid::ReadFromAsciiFile
#
# Systeme 40Ca+48Ca
# 
++KVIDZAGrid
<VARX> 	SI
<VARY>	CI
<PARAMETER> Runlist=455-509 580-606 
<PARAMETER> IDTelescopes=CI_01_SIE_18,CI_01_SIE_17,CI_01_SIE_02,CI_01_SIE_01,CI_02_SIE_17,CI_02_SIE_16,CI_02_SIE_03,CI_02_SIE_02,CI_03_SIE_16,CI_03_SIE_15,CI_03_SIE_04,CI_03_SIE_03,CI_04_SIE_15,CI_04_SIE_14,CI_04_SIE_13,CI_04_SIE_06,CI_04_SIE_05,CI_04_SIE_04,CI_05_SIE_13,CI_05_SIE_12,CI_05_SIE_07,CI_05_SIE_06,CI_06_SIE_12,CI_06_SIE_11,CI_06_SIE_08,CI_06_SIE_07,CI_07_SIE_11,CI_07_SIE_10,CI_07_SIE_09,CI_07_SIE_08
OnlyZId 0
+KVIDZALine
ID:Z=3 A=7
3	7
2
3.20813   1.54168
28.1603   0.555346
+KVIDZALine
ID:Z=4 A=9
4	9
4
3.20813   2.76387
18.0606   2.07772
44.795   1.56312
81.6291   1.0914
+KVIDZALine
ID:Z=5 A=11
5	11
5
2.61403   4.2648
25.7839   2.99973
51.3301   2.2707
84.5996   1.90619
120.84   1.58456
+KVIDZALine
ID:Z=6 A=12
6	12
6
2.61403   5.78718
28.1603   4.37201
57.2711   3.25703
99.452   2.37791
125.592   2.18493
156.485   1.94907
+KVIDZALine
ID:Z=7 A=14
7	14
7
5.58452   7.56686
30.5366   6.21602
50.736   5.03671
82.2232   4.05038
123.216   3.12838
158.268   2.65666
199.855   2.20638
+KVIDZALine
ID:Z=8 A=16
8	16
8
6.77272   9.58241
31.1307   7.86705
55.4888   6.60198
91.7288   5.31546
127.375   4.28625
172.526   3.47145
206.39   2.97829
236.095   2.50656
+KVIDZALine
ID:Z=9 A=18
9	18
6
9.74321   11.0758
52.5183   8.87801
102.423   6.58868
161.238   5.30666
216.489   4.20778
291.346   3.1089
+KVIDZALine
ID:Z=10 A=20
10	20
7
11.5255   12.7699
51.3301   10.5721
91.1347   9.15272
139.851   7.27548
193.32   5.99345
261.047   4.80301
343.032   3.61256
+KVIDZALine
ID:Z=11 A=22
11	22
9
10.3373   14.8303
48.9537   12.6325
102.423   10.2974
144.009   8.78643
185.596   7.77913
225.401   6.77183
281.246   5.81031
343.626   4.94037
397.689   4.20778
+KVIDZALine
ID:Z=12 A=24
12	24
9
9.74321   17.028
62.6179   13.7772
109.552   11.8541
160.644   10.0685
223.619   8.09963
280.652   7.09233
340.062   6.1766
396.501   5.39823
456.505   4.80301
+KVIDZALine
ID:Z=13 A=26
13	26
12
10.9314   19.2258
55.4888   16.3412
104.205   13.9145
146.386   12.312
192.131   10.8468
242.036   9.51902
290.158   8.32857
339.468   7.45862
395.907   6.68025
434.523   6.13081
473.14   5.71874
524.826   5.26087
+KVIDZALine
ID:Z=14 A=28
14	28
10
8.35654   21.1946
61.8907   18.539
98.4506   16.1123
144.15   14.3266
205.519   12.0373
277.333   10.2516
355.675   8.64907
423.572   7.64177
504.526   6.68025
588.092   5.81031
+KVIDZALine
ID:Z=15 A=30
15	30
13
10.968   24.3538
63.1964   20.5536
108.896   17.6232
150.679   15.7002
197.685   14.4182
234.244   12.953
291.696   11.671
341.313   10.5721
398.764   9.74795
458.827   8.64907
514.972   7.96228
576.341   7.36705
644.237   6.68025
+KVIDZALine
ID:Z=16 A=32
16	32
12
5.74512   27.1113
43.6107   24.0944
86.6992   21.329
128.482   18.7144
187.239   16.4517
321.727   12.5801
414.432   10.8705
507.138   9.61351
598.538   8.50733
658.6   7.85368
733.026   7.25031
827.037   6.64694
+KVIDZALine
ID:Z=17 A=34
17	34
10
40.9993   26.2565
94.5334   22.9882
154.596   19.9714
209.436   17.4573
290.39   15.0941
410.515   12.7309
526.724   10.9208
618.123   9.76435
736.943   8.35649
879.265   7.09947
+KVIDZALine
ID:Z=18 A=37
18	37
16
7.05083   32.2902
27.9422   30.1281
56.6678   28.1672
90.6163   26.1056
127.176   23.7927
166.347   21.7312
219.882   19.368
282.556   17.1556
341.313   15.4964
422.267   14.0885
529.335   12.4292
620.735   11.1722
743.471   9.76435
842.705   8.70845
957.608   7.8034
1013.75   7.25031
+KVIDZALine
ID:Z=19 A=39
19	39
17
5.39467   35.5411
40.9505   32.6745
74.0541   30.5577
98.5754   28.8818
134.131   26.8973
172.139   25.1332
213.825   23.1046
256.737   21.2523
305.78   19.6206
359.727   18.0771
411.221   16.5335
476.202   15.1223
596.357   13.4464
691.989   11.8588
801.109   10.7122
945.784   9.43323
1063.49   8.4189
+KVIDZALine
ID:Z=20 A=41
20	41
7
450.992   17.5
521.501   15.9082
689.937   13.661
827.037   11.7884
898.851   10.9457
1032.03   10.0094
1153.46   9.16667
+KVIDCutLine
OK:
above
26
43.0127   0.469579
52.5183   1.04851
82.2232   1.47735
121.434   1.77754
158.268   2.09917
198.072   2.4208
236.095   2.80675
290.752   3.36424
338.28   3.96462
410.165   4.69364
458.287   5.14392
526.609   5.65853
588.989   6.23746
656.716   6.96649
737.513   7.35244
763.133   7.46316
803.517   8.25835
852.97   8.50404
920.328   8.56547
939.968   8.64379
1003.36   9.34295
1042.21   9.15896
1105.59   10.1893
1159.78   10.8885
1203.26   10.8445
1271.92   11.6824
!
# ASCII file generated by KVIDZAGrid::WriteToAsciiFile
# ID Graph Name : all of them
# This file can be read using KVIDZAGrid::ReadFromAsciiFile
#
# Systeme 40Ca+40Ca
# 
++KVIDZAGrid
<VARX> SIE
<VARY> CI
<PARAMETER> Runlist=511-550
<PARAMETER> IDTelescopes=CI_01_SIE_18,CI_01_SIE_17,CI_01_SIE_02,CI_01_SIE_01,CI_02_SIE_17,CI_02_SIE_16,CI_02_SIE_03,CI_02_SIE_02,CI_03_SIE_16,CI_03_SIE_15,CI_03_SIE_04,CI_03_SIE_03,CI_04_SIE_15,CI_04_SIE_14,CI_04_SIE_13,CI_04_SIE_06,CI_04_SIE_05,CI_04_SIE_04,CI_05_SIE_13,CI_05_SIE_12,CI_05_SIE_07,CI_05_SIE_06,CI_06_SIE_12,CI_06_SIE_11,CI_06_SIE_08,CI_06_SIE_07,CI_07_SIE_11,CI_07_SIE_10,CI_07_SIE_09,CI_07_SIE_08
OnlyZId 0
+KVIDZALine
ID:Z=3 A=7
3	7
2
3.20813   1.54168
28.1603   0.555346
+KVIDZALine
ID:Z=4 A=9
4	9
4
3.20813   2.76387
18.0606   2.07772
44.795   1.56312
81.6291   1.0914
+KVIDZALine
ID:Z=5 A=11
5	11
5
2.61403   4.22607
25.7839   2.97249
51.3301   2.25008
84.5996   1.88888
120.84   1.57017
+KVIDZALine
ID:Z=6 A=12
6	12
6
2.61403   5.73463
28.1603   4.33231
57.2711   3.22746
99.452   2.35632
125.592   2.16509
156.485   1.93137
+KVIDZALine
ID:Z=7 A=14
7	14
7
5.58452   7.49815
30.5366   6.15958
50.736   4.99098
82.2232   4.0136
123.216   3.09997
158.268   2.63254
199.855   2.18635
+KVIDZALine
ID:Z=8 A=16
8	16
8
6.77272   9.4954
31.1307   7.79562
55.4888   6.54203
91.7288   5.26719
127.375   4.24733
172.526   3.43993
206.39   2.95125
236.095   2.4838
+KVIDZALine
ID:Z=9 A=18
9	18
6
9.74321   10.9752
52.5183   8.7974
102.423   6.52885
161.238   5.25847
216.489   4.16957
291.346   3.08067
+KVIDZALine
ID:Z=10 A=20
10	20
7
11.5255   12.4262
51.3301   10.2875
91.1347   8.90637
139.851   7.07966
193.32   5.83213
261.047   4.67374
343.032   3.51533
+KVIDZALine
ID:Z=11 A=22
11	22
9
10.3373   14.5634
48.9537   12.4051
102.423   10.1121
144.009   8.62829
185.596   7.63912
225.401   6.64995
281.246   5.70573
343.626   4.85145
397.689   4.13205
+KVIDZALine
ID:Z=12 A=24
12	24
9
9.74321   16.7215
62.6179   13.5292
109.552   11.6407
160.644   9.88728
223.619   7.95385
280.652   6.96468
340.062   6.06543
396.501   5.30107
456.505   4.71656
+KVIDZALine
ID:Z=13 A=26
13	26
12
10.9314   18.8798
55.4888   16.0471
104.205   13.6641
146.386   12.0904
192.131   10.6516
242.036   9.34769
290.158   8.17867
339.468   7.32438
395.907   6.56002
434.523   6.02046
473.14   5.61581
524.826   5.16618
+KVIDZALine
ID:Z=14 A=28
14	28
10
8.35654   20.8131
61.8907   18.2053
98.4506   15.8223
144.15   14.0687
205.519   11.8206
277.333   10.0671
355.675   8.4934
423.572   7.50423
504.526   6.56002
588.092   5.70573
+KVIDZALine
ID:Z=15 A=30
15	30
13
10.968   24.1346
63.1964   20.3686
108.896   17.4646
150.679   15.5589
197.685   14.2884
234.244   12.8364
291.696   11.566
341.313   10.477
398.764   9.66022
458.827   8.57123
514.972   7.89062
576.341   7.30075
644.237   6.62013
+KVIDZALine
ID:Z=16 A=32
16	32
12
5.74512   26.8673
43.6107   23.8776
86.6992   21.137
128.482   18.546
187.239   16.3036
321.727   12.4669
414.432   10.7727
507.138   9.52699
598.538   8.43076
658.6   7.783
733.026   7.18506
827.037   6.58712
+KVIDZALine
ID:Z=17 A=34
17	34
10
40.9993   26.0202
94.5334   22.7813
154.596   19.7917
209.436   17.3002
290.39   14.9583
410.515   12.6163
526.724   10.8225
618.123   9.67647
736.943   8.28128
879.265   7.03557
+KVIDZALine
ID:Z=18 A=37
18	37
16
7.05083   32.2797
27.9422   30.1183
56.6678   28.1581
90.6163   26.0971
127.176   23.785
166.347   21.7242
219.882   19.3617
282.556   17.15
341.313   15.4914
422.267   14.0839
529.335   12.4252
620.735   11.1686
743.471   9.76119
842.705   8.70563
957.608   7.80087
1013.75   7.24796
+KVIDZALine
ID:Z=19 A=39
19	39
17
5.39467   35.5296
40.9505   32.6639
74.0541   30.5478
98.5754   28.8724
134.131   26.8886
172.139   25.1251
213.825   23.0971
256.737   21.2454
305.78   19.6142
359.727   18.0712
411.221   16.5281
476.202   15.1174
596.357   13.442
691.989   11.855
801.109   10.7087
945.784   9.43017
1063.49   8.41617
+KVIDZALine
ID:Z=20 A=41
20	41
7
450.992   17.4943
521.501   15.903
689.937   13.6566
827.037   11.7846
898.851   10.9422
1032.03   10.0062
1153.46   9.1637
+KVIDCutLine
OK:
above
26
43.0127   0.469579
52.5183   1.04851
82.2232   1.47735
121.434   1.77754
158.268   2.09917
198.072   2.4208
236.095   2.80675
290.752   3.36424
338.28   3.96462
410.165   4.69364
458.287   5.14392
526.609   5.65853
588.989   6.23746
656.716   6.96649
737.513   7.35244
763.133   7.46316
803.517   8.25835
852.97   8.50404
920.328   8.56547
939.968   8.64379
1003.36   9.34295
1042.21   9.15896
1105.59   10.1893
1159.78   10.8885
1203.26   10.8445
1271.92   11.6824
!
# ASCII file generated by KVIDZAGrid::WriteToAsciiFile
# ID Graph Name : all of them
# This file can be read using KVIDZAGrid::ReadFromAsciiFile
#
# Systeme 48Ca+40Ca
# 
++KVIDZAGrid
<VARX> SIE
<VARY> CI
<PARAMETER> Runlist=327-360
<PARAMETER> IDTelescopes=CI_01_SIE_18,CI_01_SIE_17,CI_01_SIE_02,CI_01_SIE_01,CI_02_SIE_17,CI_02_SIE_16,CI_02_SIE_03,CI_02_SIE_02,CI_03_SIE_16,CI_03_SIE_15,CI_03_SIE_04,CI_03_SIE_03,CI_04_SIE_15,CI_04_SIE_14,CI_04_SIE_13,CI_04_SIE_06,CI_04_SIE_05,CI_04_SIE_04,CI_05_SIE_13,CI_05_SIE_12,CI_05_SIE_07,CI_05_SIE_06,CI_06_SIE_12,CI_06_SIE_11,CI_06_SIE_08,CI_06_SIE_07,CI_07_SIE_11,CI_07_SIE_10,CI_07_SIE_09,CI_07_SIE_08
OnlyZId 0
+KVIDZALine
ID:Z=3 A=7
3	7
2
3.20813   1.54661
28.1603   0.557121
+KVIDZALine
ID:Z=4 A=9
4	9
4
3.20813   2.77271
18.0606   2.08437
44.795   1.56812
81.6291   1.09489
+KVIDZALine
ID:Z=5 A=11
5	11
5
2.61403   4.27843
25.7839   3.00932
51.3301   2.27796
84.5996   1.91229
120.84   1.58962
+KVIDZALine
ID:Z=6 A=12
6	12
6
2.61403   5.80568
28.1603   4.38599
57.2711   3.26744
99.452   2.38551
125.592   2.19191
156.485   1.9553
+KVIDZALine
ID:Z=7 A=14
7	14
7
5.58452   7.59105
30.5366   6.23589
50.736   5.05281
82.2232   4.06333
123.216   3.13838
158.268   2.66515
199.855   2.21343
+KVIDZALine
ID:Z=8 A=16
8	16
8
6.77272   9.61305
31.1307   7.8922
55.4888   6.62309
91.7288   5.33246
127.375   4.29995
172.526   3.48254
206.39   2.98781
236.095   2.51458
+KVIDZALine
ID:Z=9 A=18
9	18
6
9.74321   11.1112
52.5183   8.9064
102.423   6.60974
161.238   5.32363
216.489   4.22123
291.346   3.11884
+KVIDZALine
ID:Z=10 A=20
10	20
7
11.5255   12.8107
51.3301   10.6059
91.1347   9.18198
139.851   7.29874
193.32   6.01261
261.047   4.81837
343.032   3.62411
+KVIDZALine
ID:Z=11 A=22
11	22
9
10.3373   14.8777
48.9537   12.6729
102.423   10.3303
144.009   8.81452
185.596   7.804
225.401   6.79348
281.246   5.82889
343.626   4.95616
397.689   4.22123
+KVIDZALine
ID:Z=12 A=24
12	24
9
9.74321   17.0824
62.6179   13.8213
109.552   11.892
160.644   10.1007
223.619   8.12552
280.652   7.115
340.062   6.19635
396.501   5.41549
456.505   4.81837
+KVIDZALine
ID:Z=13 A=26
13	26
12
10.9314   19.2872
55.4888   16.3935
104.205   13.959
146.386   12.3514
192.131   10.8815
242.036   9.54945
290.158   8.35519
339.468   7.48246
395.907   6.70161
434.523   6.15041
473.14   5.73702
524.826   5.27769
+KVIDZALine
ID:Z=14 A=28
14	28
10
8.35654   21.2623
61.8907   18.5983
98.4506   16.1638
144.15   14.3724
205.519   12.0758
277.333   10.2843
355.675   8.67672
423.572   7.6662
504.526   6.70161
588.092   5.82889
+KVIDZALine
ID:Z=15 A=30
15	30
13
10.968   24.4316
63.1964   20.6193
108.896   17.6795
150.679   15.7504
197.685   14.4643
234.244   12.9944
291.696   11.7083
341.313   10.6059
398.764   9.77912
458.827   8.67672
514.972   7.98773
576.341   7.39061
644.237   6.70161
+KVIDZALine
ID:Z=16 A=32
16	32
12
5.74512   27.198
43.6107   24.1715
86.6992   21.3972
128.482   18.7742
187.239   16.5043
321.727   12.6203
414.432   10.9053
507.138   9.64424
598.538   8.53452
658.6   7.87878
733.026   7.27349
827.037   6.66819
+KVIDZALine
ID:Z=17 A=34
17	34
10
40.9993   26.3404
94.5334   23.0617
154.596   20.0353
209.436   17.5131
290.39   15.1424
410.515   12.7716
526.724   10.9557
618.123   9.79557
736.943   8.3832
879.265   7.12216
+KVIDZALine
ID:Z=18 A=37
18	37
16
7.05083   32.3935
27.9422   30.2244
56.6678   28.2573
90.6163   26.1891
127.176   23.8687
166.347   21.8006
219.882   19.4299
282.556   17.2104
341.313   15.546
422.267   14.1336
529.335   12.469
620.735   11.2079
743.471   9.79557
842.705   8.73629
953.691   8.30374
1013.75   8.11197
+KVIDZALine
ID:Z=19 A=39
19	39
17
5.39467   35.6547
40.9505   32.7789
74.0541   30.6553
98.5754   28.9742
134.131   26.9833
172.139   25.2136
213.825   23.1784
256.737   21.3202
305.78   19.6833
359.727   18.1349
411.221   16.5863
476.202   15.1706
596.357   13.4894
691.989   11.8967
801.109   10.7464
945.784   9.46339
1063.49   8.44581
+KVIDZALine
ID:Z=20 A=41
20	41
7
450.992   17.556
521.501   15.959
689.937   13.7046
827.037   11.8261
898.851   10.9807
1030.73   9.79803
1140.41   8.84347
+KVIDZALine
ID:Z=21 A=43
21	43
7
1157.38   10.0133
1064.68   11.1021
935.411   12.284
842.705   13.1551
699.077   14.8037
624.652   16.1413
531.946   17.8833
+KVIDZALine
ID:Z=22 A=46
22	46
5
952.385   13.5283
1056.84   12.4707
1145.63   11.6931
1221.36   11.2264
1282.73   10.6976
+KVIDCutLine
OK:
above
26
43.0127   0.319579
52.5183   0.89851
82.2232   1.32735
121.434   1.62754
158.268   1.94917
198.072   2.2708
236.095   2.65675
290.752   3.21424
338.28   3.81462
410.165   4.54364
458.287   4.99392
526.609   5.50853
588.989   6.08746
656.716   6.81649
737.513   7.20244
763.133   7.31316
812.674   7.9975
857.068   8.1975
920.328   8.41547
939.968   8.49379
1003.36   9.19295
1042.21   9.00896
1122.13   9.7475
1180.88   10.4225
1203.26   10.6945
1271.92   11.5324
!
# ASCII file generated by KVIDZAGrid::WriteToAsciiFile
# ID Graph Name : all of them
# This file can be read using KVIDZAGrid::ReadFromAsciiFile
# 
# Systeme 48Ca+48Ca
#
++KVIDZAGrid
<VARX> SIE
<VARY> CI
<PARAMETER> Runlist=379-424
<PARAMETER> IDTelescopes=CI_01_SIE_18,CI_01_SIE_17,CI_01_SIE_02,CI_01_SIE_01,CI_02_SIE_17,CI_02_SIE_16,CI_02_SIE_03,CI_02_SIE_02,CI_03_SIE_16,CI_03_SIE_15,CI_03_SIE_04,CI_03_SIE_03,CI_04_SIE_15,CI_04_SIE_14,CI_04_SIE_13,CI_04_SIE_06,CI_04_SIE_05,CI_04_SIE_04,CI_05_SIE_13,CI_05_SIE_12,CI_05_SIE_07,CI_05_SIE_06,CI_06_SIE_12,CI_06_SIE_11,CI_06_SIE_08,CI_06_SIE_07,CI_07_SIE_11,CI_07_SIE_10,CI_07_SIE_09,CI_07_SIE_08
OnlyZId 0
+KVIDZALine
ID:Z=3 A=7
3	7
2
3.20813   1.57817
28.1603   0.56849
+KVIDZALine
ID:Z=4 A=9
4	9
4
3.20813   2.82929
18.0606   2.1269
44.795   1.60012
81.6291   1.11723
+KVIDZALine
ID:Z=5 A=11
5	11
5
2.61403   4.36574
25.7839   3.07073
51.3301   2.32444
84.5996   1.95131
120.84   1.62206
+KVIDZALine
ID:Z=6 A=12
6	12
6
2.61403   5.92415
28.1603   4.47549
57.2711   3.33412
99.452   2.43419
125.592   2.23664
156.485   1.9952
+KVIDZALine
ID:Z=7 A=14
7	14
7
5.58452   7.74595
30.5366   6.36314
50.736   5.15592
82.2232   4.14625
123.216   3.20242
158.268   2.71954
199.855   2.2586
+KVIDZALine
ID:Z=8 A=16
8	16
8
6.77272   9.80921
31.1307   8.05325
55.4888   6.75824
91.7288   5.44127
127.375   4.3877
172.526   3.55361
206.39   3.04878
236.095   2.56589
+KVIDZALine
ID:Z=9 A=18
9	18
6
9.74321   11.3379
52.5183   9.08814
102.423   6.74462
161.238   5.43226
216.489   4.30737
291.346   3.18248
+KVIDZALine
ID:Z=10 A=20
10	20
7
11.5255   13.0721
51.3301   10.8223
91.1347   9.36935
139.851   7.44768
193.32   6.1353
261.047   4.91669
343.032   3.69806
+KVIDZALine
ID:Z=11 A=22
11	22
9
10.3373   15.1813
48.9537   12.9315
102.423   10.5411
144.009   8.99439
185.596   7.96325
225.401   6.93211
281.246   5.94783
343.626   5.0573
397.689   4.30737
+KVIDZALine
ID:Z=12 A=24
12	24
9
9.74321   17.431
62.6179   14.1033
109.552   12.1347
160.644   10.3068
223.619   8.29133
280.652   7.26019
340.062   6.32279
396.501   5.526
456.505   4.91669
+KVIDZALine
ID:Z=13 A=26
13	26
12
10.9314   19.6808
55.4888   16.728
104.205   14.2438
146.386   12.6034
192.131   11.1035
242.036   9.74432
290.158   8.52569
339.468   7.63515
395.907   6.83836
434.523   6.27592
473.14   5.85409
524.826   5.38539
+KVIDZALine
ID:Z=14 A=28
14	28
10
8.35654   21.6962
61.8907   18.9778
98.4506   16.4936
144.15   14.6657
205.519   12.3222
277.333   10.4942
355.675   8.85378
423.572   7.82264
504.526   6.83836
588.092   5.94783
+KVIDZALine
ID:Z=15 A=30
15	30
13
10.968   24.9302
63.1964   21.0401
108.896   18.0403
150.679   16.0718
197.685   14.7595
234.244   13.2596
291.696   11.9472
341.313   10.8223
398.764   9.97867
458.827   8.85378
514.972   8.15073
576.341   7.54142
644.237   6.83836
+KVIDZALine
ID:Z=16 A=32
16	32
12
5.74512   27.753
43.6107   24.6647
86.6992   21.8338
128.482   19.1573
187.239   16.8411
321.727   12.8778
414.432   11.1278
507.138   9.84104
598.538   8.70868
658.6   8.03956
733.026   7.42191
827.037   6.80426
+KVIDZALine
ID:Z=17 A=34
17	34
10
40.9993   26.8779
94.5334   23.5323
154.596   20.4441
209.436   17.8705
290.39   15.4514
410.515   13.0322
526.724   11.1793
618.123   9.99546
736.943   8.55427
879.265   7.2675
+KVIDZALine
ID:Z=18 A=37
18	37
16
7.05083   33.0545
27.9422   30.8412
56.6678   28.8339
90.6163   26.7235
127.176   24.3558
166.347   22.2455
219.882   19.8264
282.556   17.5616
341.313   15.8632
422.267   14.422
529.335   12.7234
620.735   11.4366
743.471   9.99546
842.705   8.91456
953.691   8.47319
1013.75   8.2775
+KVIDZALine
ID:Z=19 A=39
19	39
17
5.39467   36.3823
40.9505   33.4478
74.0541   31.2809
98.5754   29.5654
134.131   27.5339
172.139   25.7281
213.825   23.6514
256.737   21.7553
305.78   20.085
359.727   18.505
411.221   16.9248
476.202   15.4802
596.357   13.7647
691.989   12.1395
801.109   10.9657
945.784   9.6565
1063.49   8.61816
+KVIDZALine
ID:Z=20 A=41
20	41
7
450.992   17.9142
521.501   16.2847
689.937   13.9843
827.037   12.0674
898.851   11.2048
1030.73   9.99797
1140.41   9.02393
+KVIDZALine
ID:Z=21 A=43
21	43
7
1157.38   10.2176
1064.68   11.3286
935.411   12.5347
842.705   13.4235
699.077   15.1058
624.652   16.4707
531.946   18.2482
+KVIDZALine
ID:Z=22 A=46
22	46
5
952.385   13.8044
1056.84   12.7252
1145.63   11.9317
1221.36   11.4555
1282.73   10.9159
+KVIDCutLine
OK:
above
26
43.0127   0.469579
52.5183   1.04851
82.2232   1.47735
121.434   1.77754
158.268   2.09917
198.072   2.4208
236.095   2.80675
290.752   3.36424
338.28   3.96462
410.165   4.69364
458.287   5.14392
526.609   5.65853
588.989   6.23746
656.716   6.96649
737.513   7.35244
763.133   7.46316
803.517   8.25835
852.97   8.50404
920.328   8.56547
939.968   8.64379
1003.36   9.34295
1042.21   9.15896
1105.59   10.1893
1159.78   10.8885
1203.26   10.8445
1271.92   11.6824
!

