#Run 572   2007 
#Total   0 ev.  Physical       0 ev.
#Paola: modified 22/11/2012 for runs > 600 (Brho runs)
#-------------------------------------------------------------
# c  m  t   n_phys ave_phys sig_phys  n_gene ave_gene sig_gene
#-------------------------------------------------------------
4   1    1  0  0.00  0.00  0  43.13  12.46
4   3    1  0  0.00  0.00  0  40.11  10.26
4   5    1  0  0.00  0.00  0  42.20  8.96
4   7    1  0  0.00  0.00  0  39.18  12.41
4   9    1  0  0.00  0.00  0  61.02  10.65
4   11   1  0  0.00  0.00  0   58.98  10.62
4   13   1  0  0.00  0.00  0   57.68  11.63
4   15   1  0  0.00  0.00  0   57.43  11.08
4   19   1  0  0.00  0.00  0   57.91  10.42
4   21   1  0  0.00  0.00  0   58.50  10.11
4   23   1  0  0.00  0.00  0   49.38  11.48
6   1    1  0  0.00  0.00  0  52.22  9.50
6   3    1  0  0.00  0.00  0  73.23  16.07
6   5    1  0  0.00  0.00  0  64.44  9.04
6   7    1  0  0.00  0.00  0  66.43  9.53
6   9    1  0  0.00  0.00  0  64.92  9.34
6   11   1  0  0.00  0.00  0   69.28  9.09
6   13   1  0  0.00  0.00  0   59.31  10.40
6   15   1  0  0.00  0.00  0   58.72  9.76
6   17   1  0  0.00  0.00  0   94.60  10.32
6   19   1  0  0.00  0.00  0   93.73  9.54
6   21   1  0  0.00  0.00  0   89.33  10.00
6   23   1  0  0.00  0.00  0   95.35  11.22
8   1    1  0  0.00  0.00  0  89.46  44.26
8   3    1  0  0.00  0.00  0  87.30  61.85
8   5    1  0  0.00  0.00  0  107.12  45.04
8   7    1  0  0.00  0.00  0  95.09  61.01
8   9    1  0  0.00  0.00  0  99.36  43.23
8   11   1  0  0.00  0.00  0   80.22  77.72
8   13   1  0  0.00  0.00  0   83.37  78.20
8   15   1  0  0.00  0.00  0   89.07  42.31
8   17   1  0  0.00  0.00  0   90.41  57.82
8   19   1  0  0.00  0.00  0   95.10  42.58
8   21   1  0  0.00  0.00  0   85.29  58.26
8   23   1  0  0.00  0.00  0   91.80  42.70
10   1   1  0  0.00  0.00  0   106.48  47.45
10   3   1  0  0.00  0.00  0   105.14  42.77
10   5   1  0  0.00  0.00  0   117.59  44.97
10   7   1  0  0.00  0.00  0   106.57  48.05
10   9   1  0  0.00  0.00  0   111.57  41.69
10   11  1  0  0.00  0.00  0    105.02  48.66
10   13  1  0  0.00  0.00  0    110.57  45.49
10   15  1  0  0.00  0.00  0    113.56  40.25
10   17  1  0  0.00  0.00  0    130.78  21.42
10   19  1  0  0.00  0.00  0    98.15  43.77
10   21  1  0  0.00  0.00  0    108.08  45.41
10   23  1  0  0.00  0.00  0    115.19  23.28
12   1   1  0  0.00  0.00  0   117.70  22.35
12   3   1  0  0.00  0.00  0   117.29  23.02
12   5   1  0  0.00  0.00  0   107.11  42.69
12   7   1  0  0.00  0.00  0   107.41  45.81
12   11  1  0  0.00  0.00  0    65.98  48.04
12   13  1  0  0.00  0.00  0    74.97  44.47
12   15  1  0  0.00  0.00  0    61.79  37.68
12   17  1  0  0.00  0.00  0    69.95  43.04
12   19  1  0  0.00  0.00  0    76.34  45.58
12   21  1  0  0.00  0.00  0    72.53  42.13
12   23  1  0  0.00  0.00  0    60.01  43.30
13   1   1  0  0.00  0.00  0   66.85  40.94
13   4   1  0  0.00  0.00  0   61.23  53.90
13   7   1  0  0.00  0.00  0   71.96  45.91
13   10  1  0  0.00  0.00  0    76.04  43.89
13   13  1  0  0.00  0.00  0    84.69  47.83
13   16  1  0  0.00  0.00  0    80.62  42.05
13   22  1  0  0.00  0.00  0    40.92  92.67
14   1   1  0  0.00  0.00  0   74.94  60.73
14   5   1  0  0.00  0.00  0   78.61  43.33
14   9   1  0  0.00  0.00  0   74.75  36.59
14   11  1  0  0.00  0.00  0    119.63  42.38
14   15  1  0  0.00  0.00  0    69.04  37.99
16   3   1  0  0.00  0.00  0   49.17  68.60
4   1    2  0  0.00  0.00  0  60.68    -1
4   3    2  0  0.00  0.00  0  57.51    -1
4   5    2  0  0.00  0.00  0  58.38    -1
4   7    2  0  0.00  0.00  0  59.38    -1
4   9    2  0  0.00  0.00  0  61.67    -1
4   11   2  0  0.00  0.00  0   60.79    -1
4   13   2  0  0.00  0.00  0   60.51    -1
4   15   2  0  0.00  0.00  0   62.25    -1
4   19   2  0  0.00  0.00  0   58.35    -1
4   21   2  0  0.00  0.00  0   58.93    -1
4   23   2  0  0.00  0.00  0   58.90    -1
6   1    2  0  0.00  0.00  0  59.28    -1
6   3    2  0  0.00  0.00  0  59.54    -1
6   5    2  0  0.00  0.00  0  58.48    -1
6   7    2  0  0.00  0.00  0  59.22    -1
6   9    2  0  0.00  0.00  0  60.83    -1
6   11   2  0  0.00  0.00  0   61.18    -1
6   13   2  0  0.00  0.00  0   58.61    -1
6   15   2  0  0.00  0.00  0   57.34    -1
6   17   2  0  0.00  0.00  0   89.91    -1
6   19   2  0  0.00  0.00  0   89.03    -1
6   21   2  0  0.00  0.00  0   89.46    -1
6   23   2  0  0.00  0.00  0   91.74    -1
8   1    2  0  0.00  0.00  0  90.85    -1
8   3    2  0  0.00  0.00  0  90.34  4.01
8   5    2  0  0.00  0.00  0  91.11    -1
8   7    2  0  0.00  0.00  0  88.18  4.13
8   9    2  0  0.00  0.00  0  89.69    -1
8   11   2  0  0.00  0.00  0   88.12  5.23
8   13   2  0  0.00  0.00  0   86.90  5.48
8   15   2  0  0.00  0.00  0   90.76    -1
8   17   2  0  0.00  0.00  0   88.28  4.02
8   19   2  0  0.00  0.00  0   88.67    -1
8   21   2  0  0.00  0.00  0   87.18  4.11
8   23   2  0  0.00  0.00  0   88.07    -1
10   1   2  0  0.00  0.00  0   90.33    -1
10   3   2  0  0.00  0.00  0   88.71  2.98
10   5   2  0  0.00  0.00  0   90.52    -1
10   7   2  0  0.00  0.00  0   88.96  3.35
10   9   2  0  0.00  0.00  0   88.65  2.91
10   11  2  0  0.00  0.00  0    86.55  3.49
10   13  2  0  0.00  0.00  0    89.81    -1
10   15  2  0  0.00  0.00  0    88.13  2.61
10   17  2  0  0.00  0.00  0    92.60    -1
10   19  2  0  0.00  0.00  0    89.16  3.06
10   21  2  0  0.00  0.00  0    87.33  3.03
10   23  2  0  0.00  0.00  0    91.22    -1
12   1   2  0  0.00  0.00  0   92.02    -1
12   3   2  0  0.00  0.00  0   87.42    -1
12   5   2  0  0.00  0.00  0   88.27    -1
12   7   2  0  0.00  0.00  0   87.40  3.19
12   9   2  0  0.00  0.00  0   113.40  -1
12   11  2  0  0.00  0.00  0    108.27  -1
12   13  2  0  0.00  0.00  0    108.02  -1
12   15  2  0  0.00  0.00  0    110.11  -1
12   17  2  0  0.00  0.00  0    107.97  -1
12   19  2  0  0.00  0.00  0    108.89  -1
12   21  2  0  0.00  0.00  0    107.12  -1
12   23  2  0  0.00  0.00  0    108.64  -1
13   1   2  0  0.00  0.00  0   108.64  -1
13   4   2  0  0.00  0.00  0   107.90  -1
13   7   2  0  0.00  0.00  0   107.39  -1
13   10  2  0  0.00  0.00  0    107.06  -1
13   13  2  0  0.00  0.00  0    108.6  -1
13   16  2  0  0.00  0.00  0    109.56  -1
13   19  2  0  0.00  0.00  0    109.56  -1
13   22  2  0  0.00  0.00  0    107.45  -1
14   1   2  0  0.00  0.00  0   107.06  -1
14   3   2  0  0.00  0.00  0   109.03    -1
14   5   2  0  0.00  0.00  0   106.65  -1
14   7   2  0  0.00  0.00  0   108.34    -1
14   9   2  0  0.00  0.00  0   108.53    -1
14   11  2  0  0.00  0.00  0    109.10  -1
14   13  2  0  0.00  0.00  0    109.10  -1
14   15  2  0  0.00  0.00  0    108.10    -1
16   1   2  0  0.00  0.00  0   109.90    -1
16   2   2  0  0.00  0.00  0   109.90    -1
16   3   2  0  0.00  0.00  0   109.90    -1
16   4   2  0  0.00  0.00  0   109.90    -1
16   5   2  0  0.00  0.00  0   109.90    -1
16   6   2  0  0.00  0.00  0   109.90    -1
16   7   2  0  0.00  0.00  0   109.90    -1
16   8   2  0  0.00  0.00  0   109.90    -1
4   1    4 0  0.00 0.00 0  123.36  3.98
4   2    4 0  0.00 0.00 0  126.40  3.94
4   3    4 0  0.00 0.00 0  125.29  3.68
4   4    4 0  0.00 0.00 0  126.96  3.85
4   5    4 0  0.00 0.00 0  133.35  4.20
4   6    4 0  0.00 0.00 0  117.25  4.07
4   7    4 0  0.00 0.00 0  117.01  4.02
4   8    4 0  0.00 0.00 0  128.68  3.97
4   9    4 0  0.00 0.00 0  120.46  3.88
4   10   4 0  0.00 0.00 0  120.70  57.50
4   11   4 0  0.00 0.00 0  129.62  3.62
4   12   4 0  0.00 0.00 0  129.90  3.67
4   13   4 0  0.00 0.00 0  127.10  7.35
4   14   4 0  0.00 0.00 0  121.64  3.86
4   15   4 0  0.00 0.00 0  121.17  3.94
4   16   4 0  0.00 0.00 0  121.74  3.97
4   19   4 0  0.00 0.00 0  83.93  3.78
4   20   4 0  0.00 0.00 0  78.99  3.82
4   21   4 0  0.00 0.00 0  65.00  -1
4   22   4 0  0.00 0.00 0  75.22  3.76
4   23   4 0  0.00 0.00 0  85.33  3.92
4   24   4 0  0.00 0.00 0  74.54  4.10
5   1    4 0  0.00 0.00 0  94.17  3.95
5   2    4 0  0.00 0.00 0  91.01  3.85
5   3    4 0  0.00 0.00 0  90.97  3.55
5   4    4 0  0.00 0.00 0  98.86  3.58
5   5    4 0  0.00 0.00 0  88.04  3.78
5   6    4 0  0.00 0.00 0  90.68  5.52
5   7    4 0  0.00 0.00 0  76.69  3.79
5   8    4 0  0.00 0.00 0  79.40  3.85
5   9    4 0  0.00 0.00 0  99.59  3.61
5   10   4 0  0.00 0.00 0  106.66  3.69
5   11   4 0  0.00 0.00 0  101.39  3.60
5   12   4 0  0.00 0.00 0  98.29  3.80
5   13   4 0  0.00 0.00 0  103.89  3.68
5   14   4 0  0.00 0.00 0  103.18  3.74
5   15   4 0  0.00 0.00 0  93.69  3.81
5   16   4 0  0.00 0.00 0  98.72  3.78
5   19   4 0  0.00 0.00 0  93.35  3.64
5   20   4 0  0.00 0.00 0  116.75  3.66
5   21   4 0  0.00 0.00 0  103.76  3.65
5   22   4 0  0.00 0.00 0  83.37  3.62
5   23   4 0  0.00 0.00 0  85.29  3.83
5   24   4 0  0.00 0.00 0  92.52  3.90
6   1    4 0  0.00 0.00 0  65.00  -1
6   2    4 0  0.00 0.00 0  87.66  4.72
6   3    4 0  0.00 0.00 0  91.85  4.41
6   4    4 0  0.00 0.00 0  106.84  4.21
6   5    4 0  0.00 0.00 0  80 -1
6   6    4 0  0.00 0.00 0  110.50  4.87
6   7    4 0  0.00 0.00 0  84 -1
6   8    4 0  0.00 0.00 0  105.46  3.89
6   9    4 0  0.00 0.00 0  65.  -1
6   10   4 0  0.00 0.00 0  120.28  3.88
6   11   4 0  0.00 0.00 0  114.64  3.82
6   12   4 0  0.00 0.00 0  120.59  3.79
6   13   4 0  0.00 0.00 0  16.47  3.97
6   14   4 0  0.00 0.00 0  5.22  4.13
6   15   4 0  0.00 0.00 0  97.00  -1
6   16   4 0  0.00 0.00 0  1.22  4.54
6   17   4 0  0.00 0.00 0  0  -1
6   18   4 0  0.00 0.00 0  4.77  4.01
6   19   4 0  0.00 0.00 0  115.72  4.11
6   20   4 0  0.00 0.00 0  107.93  4.15
6   21   4 0  0.00 0.00 0  106.13  4.01
6   22   4 0  0.00 0.00 0  113.02  3.98
6   23   4 0  0.00 0.00 0  51.81  3.99
6   24   4 0  0.00 0.00 0  110.93  5.71
7   1    4 0  0.00 0.00 0  133.71  4.17
7   2    4 0  0.00 0.00 0  121.18  3.99
7   3    4 0  0.00 0.00 0  126.16  4.58
7   4    4 0  0.00 0.00 0  118.17  5.12
7   5    4 0  0.00 0.00 0  119.80  3.91
7   6    4 0  0.00 0.00 0  120.47  3.97
7   7    4 0  0.00 0.00 0  112.47  3.85
7   8    4 0  0.00 0.00 0  124.01  3.97
7   9    4 0  0.00 0.00 0  56.87  3.86
7   10   4 0  0.00 0.00 0  58.72  3.94
7   11   4 0  0.00 0.00 0  55.96  3.77
7   12   4 0  0.00 0.00 0  52.39  3.87
7   13   4 0  0.00 0.00 0  55.85  4.06
7   14   4 0  0.00 0.00 0  62.13  3.90
7   15   4 0  0.00 0.00 0  67.09  3.77
7   16   4 0  0.00 0.00 0  74.59  4.01
7   17   4 0  0.00 0.00 0  73.08  4.02
7   18   4 0  0.00 0.00 0  84.61  4.07
7   19   4 0  0.00 0.00 0  80.67  3.94
7   20   4 0  0.00 0.00 0  50.95  3.96
7   21   4 0  0.00 0.00 0  63.65  4.02
7   22   4 0  0.00 0.00 0  64.85  3.99
7   23   4 0  0.00 0.00 0  70.55  3.91
7   24   4 0  0.00 0.00 0  66.79  3.99
8   1    4 0  0.00 0.00 0  74.13  5.87
8   2    4 0  0.00 0.00 0  76.90  5.89
8   3    4 0  0.00 0.00 0  79.35  6.14
8   4    4 0  0.00 0.00 0  76.93  6.17
8   5    4 0  0.00 0.00 0  76.11  5.96
8   6    4 0  0.00 0.00 0  80.62  6.61
8   7    4 0  0.00 0.00 0  76.25  6.03
8   8    4 0  0.00 0.00 0  60.01  5.81
8   9    4 0  0.00 0.00 0  82.02  5.97
8   10   4 0  0.00 0.00 0  81.41  5.87
8   11   4 0  0.00 0.00 0  82.35  6.29
8   12   4 0  0.00 0.00 0  85.76  5.86
8   13   4 0  0.00 0.00 0  82.71  5.97
8   14   4 0  0.00 0.00 0  82.72  5.96
8   15   4 0  0.00 0.00 0  81.02  5.82
8   16   4 0  0.00 0.00 0  94.67  6.07
8   17   4 0  0.00 0.00 0  48.96  5.95
8   18   4 0  0.00 0.00 0  43.97  5.98
8   19   4 0  0.00 0.00 0  45.24  6.09
8   20   4 0  0.00 0.00 0  44.61  7.50
8   21   4 0  0.00 0.00 0  2.63  -1
8   22   4 0  0.00 0.00 0  51.44  6.02
8   23   4 0  0.00 0.00 0  53.68  5.97
8   24   4 0  0.00 0.00 0  47.00  -1
9   1    4 0  0.00 0.00 0  55.71  6.01
9   2    4 0  0.00 0.00 0  49.22  6.35
9   3    4 0  0.00 0.00 0  45.78  7.30
9   4    4 0  0.00 0.00 0  55.74  6.31
9   5    4 0  0.00 0.00 0  51.93  6.09
9   6    4 0  0.00 0.00 0  59.45  6.55
9   7    4 0  0.00 0.00 0  45.85  6.55
9   8    4 0  0.00 0.00 0  50.83  6.10
9   9    4 0  0.00 0.00 0  55.60  6.51
9   10   4 0  0.00 0.00 0  58.44  6.13
9   11   4 0  0.00 0.00 0  55.83  6.12
9   12   4 0  0.00 0.00 0  62.01  6.42
9   13   4 0  0.00 0.00 0  56.78  6.22
9   14   4 0  0.00 0.00 0  62.66  6.47
9   15   4 0  0.00 0.00 0  52.29  6.68
9   16   4 0  0.00 0.00 0  59.32  6.29
9   17   4 0  0.00 0.00 0  90.62  6.75
9   18   4 0  0.00 0.00 0  85.57  6.24
9   19   4 0  0.00 0.00 0  98.99  5.88
9   20   4 0  0.00 0.00 0  100.16  6.23
9   21   4 0  0.00 0.00 0  97.22  6.16
9   22   4 0  0.00 0.00 0  65.94  6.17
9   23   4 0  0.00 0.00 0  104.74  30.32
9   24   4 0  0.00 0.00 0  94.93  6.19
4   1    5 0  0.00 0.00 0  84.33    -1
4   2    5 0  0.00 0.00 0  84.37    -1
4   3    5 0  0.00 0.00 0  82.65    -1
4   4    5 0  0.00 0.00 0  83.67    -1
4   5    5 0  0.00 0.00 0  82.73    -1
4   6    5 0  0.00 0.00 0  82.33    -1
4   7    5 0  0.00 0.00 0  84.50    -1
4   8    5 0  0.00 0.00 0  84.11    -1
4   9    5 0  0.00 0.00 0  82.98    -1
4   10   5 0  0.00 0.00 0  83.56    -1
4   11   5 0  0.00 0.00 0  82.50    -1
4   12   5 0  0.00 0.00 0  84.35    -1
4   13   5 0  0.00 0.00 0  83.31    -1
4   14   5 0  0.00 0.00 0  81.63    -1
4   15   5 0  0.00 0.00 0  82.32    -1
4   16   5 0  0.00 0.00 0  81.94    -1
4   19   5 0  0.00 0.00 0  65.11    -1
4   20   5 0  0.00 0.00 0  65.87    -1
4   21   5 0  0.00 0.00 0  66.08    -1
4   22   5 0  0.00 0.00 0  66.71    -1
4   23   5 0  0.00 0.00 0  67.19    -1
4   24   5 0  0.00 0.00 0  61.67    -1
5   1    5 0  0.00 0.00 0  61.17    -1
5   2    5 0  0.00 0.00 0  61.48    -1
5   3    5 0  0.00 0.00 0  61.62    -1
5   4    5 0  0.00 0.00 0  62.93    -1
5   5    5 0  0.00 0.00 0  64.26    -1
5   6    5 0  0.00 0.00 0  63.67    -1
5   7    5 0  0.00 0.00 0  64.35    -1
5   8    5 0  0.00 0.00 0  61.36    -1
5   9    5 0  0.00 0.00 0  65.24    -1
5   10   5 0  0.00 0.00 0  66.99    -1
5   11   5 0  0.00 0.00 0  67.04    -1
5   12   5 0  0.00 0.00 0  66.21    -1
5   13   5 0  0.00 0.00 0  64.04    -1
5   14   5 0  0.00 0.00 0  65.90    -1
5   15   5 0  0.00 0.00 0  65.60    -1
5   16   5 0  0.00 0.00 0  62.70    -1
5   19   5 0  0.00 0.00 0  63.69    -1
5   20   5 0  0.00 0.00 0  64.43    -1
5   21   5 0  0.00 0.00 0  64.72    -1
5   22   5 0  0.00 0.00 0  66.64    -1
5   23   5 0  0.00 0.00 0  69.44    -1
5   24   5 0  0.00 0.00 0  65.59    -1
6   1    5 0  0.00 0.00 0  87.16    -1
6   2    5 0  0.00 0.00 0  84.29    -1
6   3    5 0  0.00 0.00 0  82.79    -1
6   4    5 0  0.00 0.00 0  83.30    -1
6   5    5 0  0.00 0.00 0  83.81    -1
6   6    5 0  0.00 0.00 0  83.38    -1
6   7    5 0  0.00 0.00 0  83.98    -1
6   8    5 0  0.00 0.00 0  82.52    -1
6   9    5 0  0.00 0.00 0  75.60    -1
6   10   5 0  0.00 0.00 0  84.12    -1
6   11   5 0  0.00 0.00 0  85.50    -1
6   12   5 0  0.00 0.00 0  83.20    -1
6   13   5 0  0.00 0.00 0  83.20    -1
6   14   5 0  0.00 0.00 0  83.95    -1
6   15   5 0  0.00 0.00 0  83.06    -1
6   16   5 0  0.00 0.00 0  82.27    -1
6   17   5 0  0.00 0.00 0  70.51    -1
6   18   5 0  0.00 0.00 0  81.87    -1
6   19   5 0  0.00 0.00 0  82.84    -1
6   20   5 0  0.00 0.00 0  84.05    -1
6   21   5 0  0.00 0.00 0  84.15    -1
6   22   5 0  0.00 0.00 0  82.67    -1
6   23   5 0  0.00 0.00 0  81.12    -1
6   24   5 0  0.00 0.00 0  82.43    -1
7   1    5 0  0.00 0.00 0  21.99    -1
7   2    5 0  0.00 0.00 0  25.63    -1
7   3    5 0  0.00 0.00 0  24.99    -1
7   4    5 0  0.00 0.00 0  23.37    -1
7   5    5 0  0.00 0.00 0  22.72    -1
7   6    5 0  0.00 0.00 0  24.50    -1
7   7    5 0  0.00 0.00 0  24.80    -1
7   8    5 0  0.00 0.00 0  24.85    -1
7   9    5 0  0.00 0.00 0  62.77    -1
7   10   5 0  0.00 0.00 0  61.44    -1
7   11   5 0  0.00 0.00 0  60.84    -1
7   12   5 0  0.00 0.00 0  61.62    -1
7   13   5 0  0.00 0.00 0  61.30    -1
7   14   5 0  0.00 0.00 0  62.72    -1
7   15   5 0  0.00 0.00 0  60.70    -1
7   16   5 0  0.00 0.00 0  61.14    -1
7   17   5 0  0.00 0.00 0  65.89    -1
7   18   5 0  0.00 0.00 0  68.03    -1
7   19   5 0  0.00 0.00 0  61.09    -1
7   20   5 0  0.00 0.00 0  56.99    -1
7   21   5 0  0.00 0.00 0  61.26    -1
7   22   5 0  0.00 0.00 0  62.36    -1
7   23   5 0  0.00 0.00 0  62.56    -1
7   24   5 0  0.00 0.00 0  65.01    -1
8   1    5 0  0.00 0.00 0  62.97    -1
8   2    5 0  0.00 0.00 0  62.06    -1
8   3    5 0  0.00 0.00 0  62.49    -1
8   4    5 0  0.00 0.00 0  61.57    -1
8   5    5 0  0.00 0.00 0  61.46    -1
8   6    5 0  0.00 0.00 0  62.77    -1
8   7    5 0  0.00 0.00 0  61.87    -1
8   8    5 0  0.00 0.00 0  56.00    -1
8   9    5 0  0.00 0.00 0  62.12    -1
8   10   5 0  0.00 0.00 0  62.35    -1
8   11   5 0  0.00 0.00 0  62.11    -1
8   12   5 0  0.00 0.00 0  62.14    -1
8   13   5 0  0.00 0.00 0  63.25    -1
8   14   5 0  0.00 0.00 0  62.35    -1
8   15   5 0  0.00 0.00 0  63.39    -1
8   16   5 0  0.00 0.00 0  63.12    -1
8   17   5 0  0.00 0.00 0  75.01    -1
8   18   5 0  0.00 0.00 0  75.13    -1
8   19   5 0  0.00 0.00 0  77.43    -1
8   20   5 0  0.00 0.00 0  76.23    -1
8   21   5 0  0.00 0.00 0  76.78    -1
8   22   5 0  0.00 0.00 0  77.97    -1
8   23   5 0  0.00 0.00 0  76.11    -1
8   24   5 0  0.00 0.00 0  75.35    -1
9   1    5 0  0.00 0.00 0  76.05    -1
9   2    5 0  0.00 0.00 0  78.15    -1
9   3    5 0  0.00 0.00 0  75.44    -1
9   4    5 0  0.00 0.00 0  76.17    -1
9   5    5 0  0.00 0.00 0  77.10    -1
9   6    5 0  0.00 0.00 0  77.29    -1
9   7    5 0  0.00 0.00 0  74.11    -1
9   8    5 0  0.00 0.00 0  77.18    -1
9   9    5 0  0.00 0.00 0  77.21    -1
9   10   5 0  0.00 0.00 0  76.91    -1
9   11   5 0  0.00 0.00 0  77.16    -1
9   12   5 0  0.00 0.00 0  76.16    -1
9   13   5 0  0.00 0.00 0  74.71    -1
9   14   5 0  0.00 0.00 0  74.91    -1
9   15   5 0  0.00 0.00 0  73.31    -1
9   16   5 0  0.00 0.00 0  74.26    -1
9   17   5 0  0.00 0.00 0  73.52    -1
9   18   5 0  0.00 0.00 0  77.27    -1
9   19   5 0  0.00 0.00 0  71.38    -1
9   20   5 0  0.00 0.00 0  75.81    -1
9   21   5 0  0.00 0.00 0  77.34    -1
9   22   5 0  0.00 0.00 0  77.15    -1
9   23   5 0  0.00 0.00 0  73.05    -1
9   24   5 0  0.00 0.00 0  79.55    -1
10   2  10 0  0.00 0.00 0  170.79  6.59
11   2  10 0  0.00 0.00 0  173.93  6.18
13   4  10 0  0.00 0.00 0  165.87  6.53
14   3  10 0  0.00 0.00 0  163.44  5.36
15   3  10 0  0.00 0.00 0  163.61  5.00
17   2  10 0  0.00 0.00 0  163.77  5.99
10   2  11 0  0.00 0.00 0  170.02   -1
11   2  11 0  0.00 0.00 0  171.93   -1
13   4  11 0  0.00 0.00 0  170.97   -1
14   3  11 0  0.00 0.00 0  166.80   -1
15   3  11 0  0.00 0.00 0  168.35   -1
17   2  11 0  0.00 0.00 0  170.48   -1
10   2  13 0  0.00 0.00 0  179.25  3.14
11   2  13 0  0.00 0.00 0  178.40  3.55
13   4  13 0  0.00 0.00 0  161.70  3.60
14   3  13 0  0.00 0.00 0  165.39  3.14
15   3  13 0  0.00 0.00 0  170.22  11.81
16   2  13 0  0.00 0.00 0  172.79  3.23
17   2  13 0  0.00 0.00 0  181.63  1.39
10   2  14 0  0.00 0.00 0  168.93    -1
11   2  14 0  0.00 0.00 0  167.75    -1
12   2  14 0  0.00 0.00 0  125.90    -1
13   4  14 0  0.00 0.00 0  167.73    -1
14   3  14 0  0.00 0.00 0  167.25    -1
15   3  14 0  0.00 0.00 0  168.74    -1
16   2  14 0  0.00 0.00 0  167.48    -1
17   2  14 0  0.00 0.00 0  166.80    -1
