#####################################################################################
#Acceptance en phiL (rad), pour une fine tranche en thetaL (ici en degrés)
#et en delta (brho/brho0).
#On donne ici la moyenne et la rms de la distribution.
#L'étendue est calculée pour une distribution de 2 sigma.
#Ces statistiques sont calculées pour le système 48+48
#####################################################################################
#phiL acceptance (in rad), for a small range in thetaL (here in degres)
#and in delta (brho/brho0).
#Here, we're giving the mean and the rms of the distribution.
#The range is calculated based on a 2 sigma distribution
#Statistics calculated from the 48+48 system
#####################################################################################

#Delta(Brho)	ThetaL (deg)	Mean (rad)	RMS (rad)	Etendue (rad)	Stat	Facteur-correction
0.94	0.95	2.06265	2.29183	0.0592766	0.11299		0.451959	47	13.9021
0.94	0.95	2.29183	2.52101	-0.026		0.211134	0.844537	328	7.4398
0.94	0.95	2.52101	2.7502	-0.0149726	0.135639	0.542555	10426	11.5807
0.94	0.95	2.7502	2.97938	0.0111233	0.18643		0.74572		47512	8.42567
0.94	0.95	3.20856	3.43775	0.0737558	0.283456	1.13382		81413	5.54159
0.94	0.95	3.43775	3.66693	0.0752527	0.330397	1.32159		92842	4.75427
0.94	0.95	3.66693	3.89611	0.0746406	0.364735	1.45894		96959	4.30667
0.94	0.95	3.89611	4.1253	0.0479903	0.382692	1.53077		102596	4.1046
0.94	0.95	4.1253	4.35448	0.0166224	0.393852	1.57541		96027	3.98829
0.94	0.95	4.35448	4.58366	-0.0271324	0.408186	1.63274		91050	3.84824
0.94	0.95	4.58366	4.81285	-0.0729626	0.406735	1.62694		84953	3.86196
0.94	0.95	4.81285	5.04203	-0.101315	0.403923	1.61569		76173	3.88885
0.94	0.95	5.04203	5.27121	-0.132198	0.405814	1.62326		69394	3.87073
0.94	0.95	5.27121	5.50039	-0.149712	0.401049	1.6042		58244	3.91672
0.94	0.95	5.50039	5.72958	-0.131829	0.377183	1.50873		54901	4.16454
0.94	0.95	5.72958	5.95876	-0.107572	0.346973	1.38789		57992	4.52715
0.94	0.95	6.18794	6.41713	-0.0856291	0.309653	1.23861		40339	5.07277
0.94	0.95	6.41713	6.64631	-0.0569162	0.368696	1.47478		15626	4.26041
0.94	0.95	6.64631	6.87549	-0.0499952	0.562847	2.25139		3355	2.7908
0.94	0.95	6.87549	7.10468	0.0156735	0.586224	2.34489		196	2.67952

#Delta (Brho)	ThetaL (deg)	Mean (rad)	RMS (rad)	Etendue (rad)	Stat	Facteur-correction
0.95	0.96	2.06265	2.29183	-0.144862	0.205719	0.822878	109	7.63563
0.95	0.96	2.29183	2.52101	0.00357419	0.216759	0.867036	310	7.24674
0.95	0.96	2.52101	2.7502	0.00384549	0.140274	0.561094	21720	11.1981
0.95	0.96	2.7502	2.97938	0.0222178	0.212489	0.849955	67254	7.39237
0.95	0.96	3.20856	3.43775	0.0834719	0.324146	1.29658		92343	4.84595
0.95	0.96	3.43775	3.66693	0.0812646	0.361882	1.44753		99565	4.34063
0.95	0.96	3.66693	3.89611	0.0538297	0.388016	1.55206		104262	4.04828
0.95	0.96	3.89611	4.1253	0.0163864	0.395336	1.58134		103779	3.97332
0.95	0.96	4.1253	4.35448	-0.0469351	0.402707	1.61083		99369	3.90059
0.95	0.96	4.35448	4.58366	-0.100738	0.392895	1.57158		97366	3.99801
0.95	0.96	4.58366	4.81285	-0.156637	0.37709		1.50836		91855	4.16557
0.95	0.96	4.81285	5.04203	-0.197439	0.369965	1.47986		88298	4.2458
0.95	0.96	5.04203	5.27121	-0.20523	0.354374	1.41749		85426	4.4326
0.95	0.96	5.27121	5.50039	-0.213514	0.350787	1.40315		82384	4.47791
0.95	0.96	5.50039	5.72958	-0.206859	0.34785		1.3914		81436	4.51572
0.95	0.96	5.72958	5.95876	-0.20523	0.345807	1.38323		73012	4.54241
0.95	0.96	6.18794	6.41713	-0.152356	0.337059	1.34823		53932	4.66031
0.95	0.96	6.41713	6.64631	-0.251402	0.40606		1.62424		19579	3.86839
0.95	0.96	6.64631	6.87549	-0.217715	0.558539	2.23416		6003	2.81233
0.95	0.96	6.87549	7.10468	0.0230286	0.604442	2.41777		385	2.59876

#Delta (Brho)	ThetaL (deg)	Mean (rad)	RMS (rad)	Etendue (rad)	Stat	Facteur-correction
0.96	0.97	2.06265	2.29183	0.0452644	0.292376	1.1695		87	5.37253
0.96	0.97	2.29183	2.52101	0.0254595	0.226944	0.907776	222	6.92152
0.96	0.97	2.52101	2.7502	0.00645567	0.144017	0.576069	25334	10.907
0.96	0.97	2.7502	2.97938	0.0224333	0.223451	0.893804	72456	7.02971
0.96	0.97	3.20856	3.43775	0.0403827	0.357687	1.43075		100100	4.39154
0.96	0.97	3.43775	3.66693	0.0386362	0.400386	1.60154		98094	3.92321
0.96	0.97	3.66693	3.89611	-0.00371174	0.431115	1.72446		92404	3.64357
0.96	0.97	3.89611	4.1253	-0.0684092	0.443078	1.77231		85537	3.54519
0.96	0.97	4.1253	4.35448	-0.131956	0.438661	1.75464		80351	3.58089
0.96	0.97	4.35448	4.58366	-0.171037	0.434839	1.73936		75931	3.61236
0.96	0.97	4.58366	4.81285	-0.203163	0.420418	1.68167		73998	3.73627
0.96	0.97	4.81285	5.04203	-0.218485	0.402635	1.61054		74066	3.9013
0.96	0.97	5.04203	5.27121	-0.226659	0.395354	1.58142		73347	3.97314
0.96	0.97	5.27121	5.50039	-0.2263		0.380616	1.52246		73852	4.12699
0.96	0.97	5.50039	5.72958	-0.225886	0.364069	1.45628		69280	4.31455
0.96	0.97	5.72958	5.95876	-0.23924	0.339902	1.35961		63307	4.62132
0.96	0.97	6.18794	6.41713	-0.228444	0.341112	1.36445		46075	4.60493
0.96	0.97	6.41713	6.64631	-0.337446	0.393563	1.57425		16897	3.99122
0.96	0.97	6.64631	6.87549	-0.350532	0.509626	2.0385		6686	3.08225
0.96	0.97	6.87549	7.10468	-0.352203	0.591758	2.36703		365	2.65446

#Delta (Brho)	ThetaL (deg)	Mean (rad)	RMS (rad)	Etendue (rad)	Stat	Facteur-correction
0.97	0.98	2.06265	2.29183	-0.102667	0.126767	0.507067	36	12.3912
0.97	0.98	2.29183	2.52101	-0.00817414	0.204134	0.816535	379	7.69494
0.97	0.98	2.52101	2.7502	0.00234528	0.142426	0.569706	98298	11.0288
0.97	0.98	2.7502	2.97938	0.00751297	0.229271	0.917086	193157	6.85125
0.97	0.98	3.20856	3.43775	0.00539467	0.399607	1.59843		134775	3.93086
0.97	0.98	3.43775	3.66693	-0.0340861	0.443604	1.77441		115937	3.54099
0.97	0.98	3.66693	3.89611	-0.0616973	0.462793	1.85117		109676	3.39417
0.97	0.98	3.89611	4.1253	-0.079055	0.471473	1.88589		109444	3.33168
0.97	0.98	4.1253	4.35448	-0.106395	0.471836	1.88734		111872	3.32912
0.97	0.98	4.35448	4.58366	-0.119356	0.465543	1.86217		110929	3.37412
0.97	0.98	4.58366	4.81285	-0.156744	0.453055	1.81222		108033	3.46712
0.97	0.98	4.81285	5.04203	-0.178265	0.444807	1.77923		104631	3.53141
0.97	0.98	5.04203	5.27121	-0.180363	0.430039	1.72016		99290	3.65268
0.97	0.98	5.27121	5.50039	-0.190682	0.413095	1.65238		95123	3.80251
0.97	0.98	5.50039	5.72958	-0.18709	0.400578	1.60231		89428	3.92133
0.97	0.98	5.72958	5.95876	-0.199927	0.380187	1.52075		80681	4.13164
0.97	0.98	6.18794	6.41713	-0.234421	0.352461	1.40984		54588	4.45665
0.97	0.98	6.41713	6.64631	-0.387353	0.387115	1.54846		20221	4.0577
0.97	0.98	6.64631	6.87549	-0.4334		0.493178	1.97271		8463	3.18505
0.97	0.98	6.87549	7.10468	-0.472312	0.543646	2.17459		576	2.88937

#Delta (Brho)	ThetaL (deg)	Mean (rad)	RMS (rad)	Etendue (rad)	Stat	Facteur-correction
0.98	0.99	2.06265	2.29183	-0.0189412	0.153401	0.613603	68	10.2398
0.98	0.99	2.29183	2.52101	0.0325128	0.180209	0.720834	234	8.71655
0.98	0.99	2.52101	2.7502	0.010134	0.148355	0.593421	31781	10.5881
0.98	0.99	2.7502	2.97938	-0.00335553	0.23285		0.9314		71957	6.74596
0.98	0.99	3.20856	3.43775	-0.0546659	0.368106	1.47243		84504	4.26724
0.98	0.99	3.43775	3.66693	-0.0399826	0.412028	1.64811		95028	3.81235
0.98	0.99	3.66693	3.89611	-0.0337207	0.429896	1.71958		104978	3.6539
0.98	0.99	3.89611	4.1253	-0.0419279	0.448009	1.79204		111502	3.50617
0.98	0.99	4.1253	4.35448	-0.0694063	0.457961	1.83184		111977	3.42998
0.98	0.99	4.35448	4.58366	-0.104911	0.460655	1.84262		110212	3.40992
0.98	0.99	4.58366	4.81285	-0.130162	0.454123	1.81649		106197	3.45896
0.98	0.99	4.81285	5.04203	-0.160575	0.442274	1.7691		106718	3.55164
0.98	0.99	5.04203	5.27121	-0.171545	0.427512	1.71005		101322	3.67428
0.98	0.99	5.27121	5.50039	-0.173719	0.411165	1.64466		95652	3.82036
0.98	0.99	5.50039	5.72958	-0.164328	0.390985	1.56394		91585	4.01753
0.98	0.99	5.72958	5.95876	-0.17483	0.370901	1.4836		83626	4.23508
0.98	0.99	6.18794	6.41713	-0.181128	0.339575	1.3583		58648	4.62578
0.98	0.99	6.41713	6.64631	-0.353759	0.384883	1.53953		20071	4.08123
0.98	0.99	6.64631	6.87549	-0.359488	0.524488	2.09795		7950	2.99491
0.98	0.99	6.87549	7.10468	-0.383309	0.579056	2.31622		489	2.71269

#Delta(Brho)	ThetaL (deg)	Mean (rad)	RMS (rad)	Etendue (rad)	Stat	Facteur-correction
0.99	1.00	2.06265	2.29183	-0.0301967	0.136939	0.547755	61	11.4708
0.99	1.00	2.29183	2.52101	-0.00534082	0.19704		0.788162	267	7.97195
0.99	1.00	2.52101	2.7502	2.18332e-05	0.141768	0.567073	20336	11.08
0.99	1.00	2.7502	2.97938	-0.0433948	0.210278	0.84111		54916	7.47011
0.99	1.00	3.20856	3.43775	-0.0279609	0.352726	1.41091		85152	4.4533
0.99	1.00	3.43775	3.66693	0.0168329	0.39515		1.5806		106048	3.97519
0.99	1.00	3.66693	3.89611	0.0220972	0.415735	1.66294		121049	3.77836
0.99	1.00	3.89611	4.1253	0.00830397	0.434174	1.73669		129040	3.6179
0.99	1.00	4.1253	4.35448	-0.0231215	0.445329	1.78132		132233	3.52727
0.99	1.00	4.35448	4.58366	-0.067076	0.443167	1.77267		128918	3.54448
0.99	1.00	4.58366	4.81285	-0.120334	0.441502	1.76601		125676	3.55784
0.99	1.00	4.81285	5.04203	-0.165007	0.424868	1.69947		118234	3.69714
0.99	1.00	5.04203	5.27121	-0.179838	0.411552	1.64621		112425	3.81676
0.99	1.00	5.27121	5.50039	-0.180634	0.400654	1.60262		108754	3.92058
0.99	1.00	5.50039	5.72958	-0.189899	0.386833	1.54733		98762	4.06066
0.99	1.00	5.72958	5.95876	-0.205394	0.37501		1.50004		81877	4.18868
0.99	1.00	6.18794	6.41713	-0.186194	0.356122	1.42449		54314	4.41084
0.99	1.00	6.41713	6.64631	-0.332118	0.409843	1.63937		17766	3.83268
0.99	1.00	6.64631	6.87549	-0.345306	0.528956	2.11582		6481	2.96961
0.99	1.00	6.87549	7.10468	-0.281552	0.545596	2.18238		464	2.87905

#Delta (Brho)	ThetaL (deg)	Mean (rad)	RMS (rad)	Etendue (rad)	Stat	Facteur-correction
1.00	1.01	2.06265	2.29183	0.00945455	0.0771897	0.308759	22	20.3498
1.00	1.01	2.29183	2.52101	-0.00819883	0.17143		0.685722	171	9.16288
1.00	1.01	2.52101	2.7502	-0.0113173	0.132856	0.531423	21252	11.8233
1.00	1.01	2.7502	2.97938	-0.0297837	0.226846	0.907383	59982	6.92451
1.00	1.01	3.20856	3.43775	0.0498583	0.376507	1.50603		104480	4.17203
1.00	1.01	3.43775	3.66693	0.0536086	0.411219	1.64487		119139	3.81986
1.00	1.01	3.66693	3.89611	0.0597714	0.431329	1.72531		135005	3.64176
1.00	1.01	3.89611	4.1253	0.0237707	0.446756	1.78702		137897	3.516
1.00	1.01	4.1253	4.35448	-0.0285111	0.455594	1.82238		131731	3.4478
1.00	1.01	4.35448	4.58366	-0.0916501	0.455817	1.82327		122368	3.44611
1.00	1.01	4.58366	4.81285	-0.144549	0.448305	1.79322		112614	3.50386
1.00	1.01	4.81285	5.04203	-0.188982	0.431192	1.72477		107002	3.64292
1.00	1.01	5.04203	5.27121	-0.196216	0.404264	1.61706		100555	3.88557
1.00	1.01	5.27121	5.50039	-0.191299	0.385992	1.54397		97535	4.06951
1.00	1.01	5.50039	5.72958	-0.176878	0.360213	1.44085		92436	4.36074
1.00	1.01	5.72958	5.95876	-0.179402	0.335404	1.34162		85729	4.6833
1.00	1.01	6.18794	6.41713	-0.156287	0.318567	1.27427		62100	4.93082
1.00	1.01	6.41713	6.64631	-0.310222	0.361353	1.44541		19354	4.34698
1.00	1.01	6.64631	6.87549	-0.336694	0.508647	2.03459		6556	3.08819
1.00	1.01	6.87549	7.10468	-0.416275	0.504946	2.01978		320	3.11082

#Delta (Brho)	ThetaL (deg)	Mean (rad)	RMS (rad)	Etendue (rad)	Stat	Facteur-correction
#1.01	1.02	2.06265	2.29183	-0.082		4.95193e-10	1.98077e-09	1	3.17209e+09
1.01	1.02	2.29183	2.52101	-0.01875	0.19569		0.782759	112	8.02698
1.01	1.02	2.52101	2.7502	-0.0109303	0.140734	0.562937	19839	11.1614
1.01	1.02	2.7502	2.97938	0.00711786	0.24866		0.99464		58197	6.31704
1.01	1.02	3.20856	3.43775	0.0862328	0.383925	1.5357		105128	4.09141
1.01	1.02	3.43775	3.66693	0.0825511	0.411127	1.64451		121527	3.82071
1.01	1.02	3.66693	3.89611	0.0395063	0.421152	1.68461		135192	3.72976
1.01	1.02	3.89611	4.1253	-0.0211437	0.42097		1.68388		143497	3.73137
1.01	1.02	4.1253	4.35448	-0.0733107	0.423634	1.69454		140708	3.70791
1.01	1.02	4.35448	4.58366	-0.115098	0.42074		1.68296		136238	3.73341
1.01	1.02	4.58366	4.81285	-0.156074	0.407975	1.6319		130026	3.85023
1.01	1.02	4.81285	5.04203	-0.176116	0.385417	1.54167		122713	4.07557
1.01	1.02	5.04203	5.27121	-0.195216	0.368878	1.47551		108387	4.25831
1.01	1.02	5.27121	5.50039	-0.205833	0.353949	1.4158		95340	4.43791
1.01	1.02	5.50039	5.72958	-0.194658	0.342886	1.37154		82536	4.58111
1.01	1.02	5.72958	5.95876	-0.18086	0.328778	1.31511		74281	4.77768
1.01	1.02	6.18794	6.41713	-0.16813	0.309352	1.23741		51823	5.0777
1.01	1.02	6.41713	6.64631	-0.277349	0.369376	1.4775		17125	4.25257
1.01	1.02	6.64631	6.87549	-0.308751	0.526261	2.10505		5894	2.98482
1.01	1.02	6.87549	7.10468	-0.17857	0.591996	2.36798		449	2.65339

#Delta (Brho)	ThetaL (deg)	Mean (rad)	RMS (rad)	Etendue (rad)	Stat	Facteur-correction
#1.02	1.03	2.06265	2.29183	0		0		0		0	inf
1.02	1.03	2.29183	2.52101	0.0327925	0.134602	0.538409	212	11.6699
1.02	1.03	2.52101	2.7502	-0.00848422	0.152675	0.610701	30775	10.2885
1.02	1.03	2.7502	2.97938	0.0253714	0.254266	1.01706		87667	6.17777
1.02	1.03	3.20856	3.43775	0.0900036	0.39219		1.56876		134287	4.0052
1.02	1.03	3.43775	3.66693	0.0428645	0.427261	1.70904		133160	3.67644
1.02	1.03	3.66693	3.89611	-0.0247857	0.447251	1.789		128858	3.51212
1.02	1.03	3.89611	4.1253	-0.091786	0.449541	1.79816		125533	3.49422
1.02	1.03	4.1253	4.35448	-0.140509	0.440545	1.76218		120947	3.56557
1.02	1.03	4.35448	4.58366	-0.158118	0.429744	1.71898		115763	3.65519
1.02	1.03	4.58366	4.81285	-0.194661	0.40434		1.61736		108675	3.88484
1.02	1.03	4.81285	5.04203	-0.196829	0.376753	1.50701		109969	4.1693
1.02	1.03	5.04203	5.27121	-0.178071	0.343533	1.37413		107484	4.57248
1.02	1.03	5.27121	5.50039	-0.173191	0.323498	1.29399		101640	4.85567
1.02	1.03	5.50039	5.72958	-0.167526	0.308269	1.23308		95698	5.09554
1.02	1.03	5.72958	5.95876	-0.15563	0.292261	1.16905		87309	5.37463
1.02	1.03	6.18794	6.41713	-0.142304	0.27063		1.08252		63085	5.80422
1.02	1.03	6.41713	6.64631	-0.232598	0.318633	1.27453		23368	4.92981
1.02	1.03	6.64631	6.87549	-0.299008	0.469556	1.87822		6013	3.34528
1.02	1.03	6.87549	7.10468	-0.411377	0.481178	1.92471		366	3.26448

#Delta (Brho)	ThetaL (deg)	Mean (rad)	RMS (rad)	Etendue (rad)	Stat	Facteur-correction
#1.03	1.04	2.06265	2.29183	0		0		0		0	inf
1.03	1.04	2.29183	2.52101	-0.0425263	0.163439	0.653756	114	9.61091
1.03	1.04	2.52101	2.7502	0.00172456	0.151394	0.605577	18124	10.3755
1.03	1.04	2.7502	2.97938	0.059697	0.258529	1.03412		71444	6.07589
1.03	1.04	3.20856	3.43775	0.0615031	0.372463	1.48985		128115	4.21732
1.03	1.04	3.43775	3.66693	-0.0198386	0.399707	1.59883		130438	3.92987
1.03	1.04	3.66693	3.89611	-0.0876197	0.403859	1.61544		127696	3.88946
1.03	1.04	3.89611	4.1253	-0.135493	0.405784	1.62313		121269	3.87102
1.03	1.04	4.1253	4.35448	-0.172038	0.396576	1.5863		119609	3.96089
1.03	1.04	4.35448	4.58366	-0.202105	0.380649	1.5226		116100	4.12662
1.03	1.04	4.58366	4.81285	-0.215644	0.36327		1.45308		115143	4.32405
1.03	1.04	4.81285	5.04203	-0.221879	0.347763	1.39105		104545	4.51686
1.03	1.04	5.04203	5.27121	-0.213912	0.33109		1.32436		94282	4.74432
1.03	1.04	5.27121	5.50039	-0.190472	0.318705	1.27482		87346	4.92868
1.03	1.04	5.50039	5.72958	-0.163428	0.29489		1.17956		81994	5.32671
1.03	1.04	5.72958	5.95876	-0.144826	0.281636	1.12654		77088	5.57741
1.03	1.04	6.18794	6.41713	-0.143283	0.250178	1.00071		62426	6.2787
1.03	1.04	6.41713	6.64631	-0.195566	0.292087	1.16835		22767	5.37784
1.03	1.04	6.64631	6.87549	-0.273229	0.492398	1.96959		4913	3.1901
1.03	1.04	6.87549	7.10468	-0.196701	0.602754	2.41102		345	2.60603

#Delta (Brho)	ThetaL (deg)	Mean (rad)	RMS (rad)	Etendue (rad)	Stat	Facteur-correction
#1.04	1.05	2.06265	2.29183	0		0		0		0	inf
1.04	1.05	2.29183	2.52101	-0.0372157	0.134179	0.536717	51	11.7067
1.04	1.05	2.52101	2.7502	0.0281745	0.146815	0.587259	24486	10.6992
1.04	1.05	2.7502	2.97938	0.0931311	0.251735	1.00694		97485	6.23989
1.04	1.05	3.20856	3.43775	0.0285209	0.360892	1.44357		132993	4.35254
1.04	1.05	3.43775	3.66693	-0.0621327	0.3729		1.4916		140006	4.21238
1.04	1.05	3.66693	3.89611	-0.137823	0.372402	1.48961		139460	4.21801
1.04	1.05	3.89611	4.1253	-0.196283	0.370363	1.48145		129847	4.24124
1.04	1.05	4.1253	4.35448	-0.219979	0.373819	1.49528		114782	4.20203
1.04	1.05	4.35448	4.58366	-0.228457	0.370588	1.48235		104809	4.23866
1.04	1.05	4.58366	4.81285	-0.23158	0.361784	1.44714		100355	4.34181
1.04	1.05	4.81285	5.04203	-0.219488	0.340526	1.36211		97135	4.61285
1.04	1.05	5.04203	5.27121	-0.197925	0.319831	1.27932		94823	4.91133
1.04	1.05	5.27121	5.50039	-0.182466	0.300906	1.20363		93030	5.22022
1.04	1.05	5.50039	5.72958	-0.169418	0.280383	1.12153		86114	5.60233
1.04	1.05	5.72958	5.95876	-0.149337	0.261543	1.04617		80460	6.00588
1.04	1.05	6.18794	6.41713	-0.144985	0.254093	1.01637		52619	6.18197
1.04	1.05	6.41713	6.64631	-0.205606	0.320509	1.28204		15950	4.90094
1.04	1.05	6.64631	6.87549	-0.223188	0.512024	2.0481		4262	3.06782
1.04	1.05	6.87549	7.10468	-0.172462	0.508729	2.03492		182	3.08769

#Delta (Brho)	ThetaL (deg)	Mean (rad)	RMS (rad)	Etendue (rad)	Stat	Facteur-correction
#1.05	1.06	2.06265	2.29183	0		0		0		0	inf
1.05	1.06	2.29183	2.52101	0.0317886	0.0860829	0.344332	123	18.2475
1.05	1.06	2.52101	2.7502	0.0306853	0.156999	0.627997	24473	10.0051
1.05	1.06	2.7502	2.97938	0.0927281	0.26215		1.0486		84431	5.99198
1.05	1.06	3.20856	3.43775	-0.0432286	0.360229	1.44091		113543	4.36055
1.05	1.06	3.43775	3.66693	-0.126422	0.365354	1.46142		118758	4.29938
1.05	1.06	3.66693	3.89611	-0.168876	0.35355		1.4142		130918	4.44293
1.05	1.06	3.89611	4.1253	-0.195081	0.345782	1.38313		137929	4.54274
1.05	1.06	4.1253	4.35448	-0.222996	0.337104	1.34841		130943	4.65968
1.05	1.06	4.35448	4.58366	-0.229746	0.338443	1.35377		117793	4.64124
1.05	1.06	4.58366	4.81285	-0.237161	0.336324	1.34529		100314	4.67049
1.05	1.06	4.81285	5.04203	-0.231134	0.330605	1.32242		88345	4.75128
1.05	1.06	5.04203	5.27121	-0.217226	0.319653	1.27861		78386	4.91406
1.05	1.06	5.27121	5.50039	-0.188368	0.297526	1.1901		72839	5.27953
1.05	1.06	5.50039	5.72958	-0.158714	0.271221	1.08489		75814	5.79157
1.05	1.06	5.72958	5.95876	-0.143248	0.252448	1.00979		71993	6.22225
1.05	1.06	6.18794	6.41713	-0.135772	0.234271	0.937082	55563	6.70505
1.05	1.06	6.41713	6.64631	-0.18485	0.335551	1.3422		15061	4.68125
1.05	1.06	6.64631	6.87549	-0.187653	0.526576	2.1063		3530	2.98304
1.05	1.06	6.87549	7.10468	-0.241098	0.625838	2.50335		164	2.50991

#Delta (Brho)	ThetaL (deg)	Mean (rad)	RMS (rad)	Etendue (rad)	Stat	Facteur-correction
#1.06	1.07	2.06265	2.29183	0		0		0		0	inf
1.06	1.07	2.29183	2.52101	-0.0254111	0.0853578	0.341431	2384	18.4025
1.06	1.07	2.52101	2.7502	0.0232707	0.197845	0.79138		49472	7.93953
1.06	1.07	2.7502	2.97938	0.067435	0.295739	1.18295		102714	5.31143
1.06	1.07	3.20856	3.43775	-0.158893	0.376846	1.50738		143817	4.16827
1.06	1.07	3.43775	3.66693	-0.208471	0.367701	1.4708		145503	4.27194
1.06	1.07	3.66693	3.89611	-0.250625	0.357497	1.42999		143903	4.39387
1.06	1.07	3.89611	4.1253	-0.265572	0.35204		1.40816		134858	4.46198
1.06	1.07	4.1253	4.35448	-0.260584	0.350593	1.40237		123943	4.48039
1.06	1.07	4.35448	4.58366	-0.244517	0.345295	1.38118		118586	4.54914
1.06	1.07	4.58366	4.81285	-0.223969	0.338093	1.35237		104374	4.64605
1.06	1.07	4.81285	5.04203	-0.209599	0.327678	1.31071		92933	4.79372
1.06	1.07	5.04203	5.27121	-0.18471	0.30221		1.20884		84196	5.19769
1.06	1.07	5.27121	5.50039	-0.171259	0.28672		1.14688		78873	5.47851
1.06	1.07	5.50039	5.72958	-0.155601	0.272099	1.08839		66322	5.77289
1.06	1.07	5.72958	5.95876	-0.145696	0.264489	1.05796		58431	5.93898
1.06	1.07	6.18794	6.41713	-0.126965	0.234675	0.938699	47080	6.6935
1.06	1.07	6.41713	6.64631	-0.14704	0.337201	1.3488		12934	4.65834
1.06	1.07	6.64631	6.87549	-0.227373	0.524797	2.09919		3265	2.99315
1.06	1.07	6.87549	7.10468	-0.260597	0.640703	2.56281		268	2.45168

#Delta (Brho)	ThetaL (deg)	Mean (rad)	RMS (rad)	Etendue (rad)	Stat	Facteur-correction
#1.07	1.08	2.06265	2.29183	0		0		0		0	inf
#1.07	1.08	2.29183	2.52101	0		0		0		0	inf
1.07	1.08	2.52101	2.7502	0.0932511	0.179173	0.716694	23367	8.76691
1.07	1.08	2.7502	2.97938	0.142163	0.235696	0.942783	72590	6.66451
1.07	1.08	3.20856	3.43775	-0.104125	0.330556	1.32222		92184	4.75199
1.07	1.08	3.43775	3.66693	-0.194071	0.324996	1.29998		117988	4.83328
1.07	1.08	3.66693	3.89611	-0.207098	0.314879	1.25952		134451	4.98857
1.07	1.08	3.89611	4.1253	-0.214575	0.311991	1.24796		134013	5.03475
1.07	1.08	4.1253	4.35448	-0.223226	0.309879	1.23951		126349	5.06907
1.07	1.08	4.35448	4.58366	-0.21607	0.308708	1.23483		109670	5.08829
1.07	1.08	4.58366	4.81285	-0.205002	0.300944	1.20378		94996	5.21956
1.07	1.08	4.81285	5.04203	-0.188772	0.305398	1.22159		79143	5.14344
1.07	1.08	5.04203	5.27121	-0.161661	0.296431	1.18572		73048	5.29904
1.07	1.08	5.27121	5.50039	-0.140847	0.278054	1.11222		70982	5.64925
1.07	1.08	5.50039	5.72958	-0.129716	0.257636	1.03054		68292	6.09696
1.07	1.08	5.72958	5.95876	-0.114846	0.246498	0.98599		67027	6.37246
1.07	1.08	6.18794	6.41713	-0.119909	0.235348	0.941391	45739	6.67437
1.07	1.08	6.41713	6.64631	-0.124343	0.336797	1.34719		12270	4.66392
1.07	1.08	6.64631	6.87549	-0.130089	0.583509	2.33404		2817	2.69198
1.07	1.08	6.87549	7.10468	-0.0633214	0.617054	2.46822		112	2.54564

#Delta (Brho)	ThetaL (deg)	Mean (rad)	RMS (rad)	Etendue (rad)	Stat	Facteur-correction
#1.08	1.09	2.06265	2.29183	0		0		0		0	inf
#1.08	1.09	2.29183	2.52101	0		0		0		0	inf
#1.08	1.09	2.52101	2.7502	0		0		0		0	inf
1.08	1.09	2.7502	2.97938	0.0792542	0.0692746	0.277098	236	22.6749
1.08	1.09	3.20856	3.43775	0.0965681	0.193455	0.77382		30044	8.1197
1.08	1.09	3.43775	3.66693	0.0368421	0.226475	0.905898	47336	6.93586
1.08	1.09	3.66693	3.89611	-0.0739895	0.266178	1.06471		65803	5.90129
1.08	1.09	3.89611	4.1253	-0.15063	0.264855	1.05942		93722	5.93078
1.08	1.09	4.1253	4.35448	-0.176658	0.261781	1.04712		101180	6.00042
1.08	1.09	4.35448	4.58366	-0.169387	0.264208	1.05683		98922	5.94531
1.08	1.09	4.58366	4.81285	-0.158276	0.257624	1.0305		93553	6.09723
1.08	1.09	4.81285	5.04203	-0.148602	0.254849	1.0194		87867	6.16362
1.08	1.09	5.04203	5.27121	-0.14141	0.259906	1.03963		71969	6.0437
1.08	1.09	5.27121	5.50039	-0.119757	0.270566	1.08226		58972	5.80559
1.08	1.09	5.50039	5.72958	-0.107456	0.261969	1.04788		54183	5.99612
1.08	1.09	5.72958	5.95876	-0.102282	0.245758	0.98303		56366	6.39165
1.08	1.09	6.18794	6.41713	-0.095747	0.230116	0.920464	46947	6.82611
1.08	1.09	6.41713	6.64631	-0.0294143	0.354982	1.41993		13911	4.425
1.08	1.09	6.64631	6.87549	-0.0379779	0.560622	2.24249		3626	2.80188
1.08	1.09	6.87549	7.10468	0.0764		0.629416	2.51766		120	2.49564

#Delta (Brho)	ThetaL (deg)	Mean (rad)	RMS (rad)	Etendue (rad)	Stat	Facteur-correction
#1.09	1.10	2.06265	2.29183	0	0	0	0	inf
#1.09	1.10	2.29183	2.52101	0	0	0	0	inf
#1.09	1.10	2.52101	2.7502	0	0	0	0	inf
#1.09	1.10	2.7502	2.97938	0	0	0	0	inf
1.09	1.10	3.20856	3.43775	0	0	0	0	inf
1.09	1.10	3.43775	3.66693	0.0758734	0.0952809	0.381124	2133	16.486
1.09	1.10	3.66693	3.89611	0.0504215	0.143124	0.572497	15698	10.975
1.09	1.10	3.89611	4.1253	0.0130768	0.18231		0.72924		30788	8.61608
1.09	1.10	4.1253	4.35448	-0.094425	0.221591	0.886364	53641	7.08872
1.09	1.10	4.35448	4.58366	-0.149558	0.221855	0.88742		77184	7.08029
1.09	1.10	4.58366	4.81285	-0.149867	0.235916	0.943663	75897	6.65829
1.09	1.10	4.81285	5.04203	-0.126803	0.236212	0.944849	72213	6.64994
1.09	1.10	5.04203	5.27121	-0.121695	0.227581	0.910323	74247	6.90215
1.09	1.10	5.27121	5.50039	-0.116108	0.23317		0.932682	66950	6.73669
1.09	1.10	5.50039	5.72958	-0.103695	0.232552	0.930208	55690	6.7546
1.09	1.10	5.72958	5.95876	-0.0929433	0.246168	0.984674	47294	6.38098
1.09	1.10	6.18794	6.41713	-0.0673608	0.24412		0.976481	38627	6.43452
1.09	1.10	6.41713	6.64631	0.00418253	0.389038	1.55615		12239	4.03764
1.09	1.10	6.64631	6.87549	0.203057	0.531117	2.12447		4741	2.95753
1.09	1.10	6.87549	7.10468	0.21039		0.574148	2.29659		308	2.73587

#Delta (Brho)	ThetaL (deg)	Mean (rad)	RMS (rad)	Etendue (rad)	Stat	Facteur-correction
#1.10	1.11	3.20856	3.43775	0	0	0	0	inf
#1.10	1.11	3.43775	3.66693	0	0	0	0	inf
#1.10	1.11	3.66693	3.89611	0	0	0	0	inf
1.10	1.11	3.89611	4.1253	0.0599598	0.0834496	0.333798	1592	18.8233	
1.10	1.11	4.1253	4.35448	0.0382955	0.125545	0.50218		10273	12.5118
1.10	1.11	4.35448	4.58366	-0.0272147	0.159328	0.637312	23114	9.85888
1.10	1.11	4.58366	4.81285	-0.114877	0.174539	0.698157	47831	8.99967
1.10	1.11	4.81285	5.04203	-0.150848	0.17622		0.704879	65266	8.91385
1.10	1.11	5.04203	5.27121	-0.133889	0.196918	0.787672	56891	7.9769
1.10	1.11	5.27121	5.50039	-0.115246	0.200536	0.802142	57884	7.83301
1.10	1.11	5.50039	5.72958	-0.0988224	0.208548	0.834193	56320	7.53205
1.10	1.11	5.72958	5.95876	-0.0858044	0.211848	0.847392	47929	7.41473
1.10	1.11	6.18794	6.41713	-0.0694831	0.232226	0.928905	34752	6.76408
1.10	1.11	6.41713	6.64631	0.0427382	0.419396	1.67759		8952	3.74537
1.10	1.11	6.64631	6.87549	0.253271	0.564412	2.25765		3719	2.78307
1.10	1.11	6.87549	7.10468	0.339734	0.551517	2.20607		353	2.84814

#Delta (Brho)	ThetaL (deg)	Mean (rad)	RMS (rad)	Etendue (rad)	Stat	Facteur-correction
#1.11	1.12	3.20856	3.43775	0		0		0		0	inf
#1.11	1.12	3.43775	3.66693	0		0		0		0	inf
#1.11	1.12	3.66693	3.89611	0		0		0		0	inf
#1.11	1.12	3.89611	4.1253	0		0		0		0	inf
#1.11	1.12	4.1253	4.35448	0		0		0		0	inf
1.11	1.12	4.35448	4.58366	0.0488444	0.0791058	0.316423	1613	19.8569
1.11	1.12	4.58366	4.81285	0.0250886	0.113673	0.454691	9366	13.8186
1.11	1.12	4.81285	5.04203	-0.0537021	0.148396	0.593584	21992	10.5852
1.11	1.12	5.04203	5.27121	-0.119313	0.150411	0.601644	49398	10.4434
1.11	1.12	5.27121	5.50039	-0.139505	0.160159	0.640634	52644	9.80776
1.11	1.12	5.50039	5.72958	-0.119778	0.171424	0.685694	42342	9.16325
1.11	1.12	5.72958	5.95876	-0.0961702	0.169691	0.678763	41573	9.25682
1.11	1.12	6.18794	6.41713	-0.0791477	0.178544	0.714177	33699	8.7978
1.11	1.12	6.41713	6.64631	-0.020988	0.345784	1.38313		6775	4.54271
1.11	1.12	6.64631	6.87549	0.114288	0.583504	2.33402		2170	2.69201
1.11	1.12	6.87549	7.10468	0.362271	0.539731	2.15892		177	2.91033

#Delta (Brho)	ThetaL (deg)	Mean (rad)	RMS (rad)	Etendue (rad)	Stat	Facteur-correction
1.12	1.13	5.04203	5.27121	-0.0174902	0.117831	0.471324	11557	13.3309
1.12	1.13	5.27121	5.50039	-0.10055	0.137331	0.549325	31270	11.438
1.12	1.13	5.50039	5.72958	-0.123003	0.135975	0.5439		47226	11.5521
1.12	1.13	5.72958	5.95876	-0.117938	0.154421	0.617685	36903	10.1722
1.12	1.13	6.18794	6.41713	-0.0823932	0.149506	0.598024	28037	10.5066
1.12	1.13	6.41713	6.64631	-0.0457985	0.292833	1.17133		5101	5.36413
1.12	1.13	6.64631	6.87549	-0.0778136	0.502034	2.00814		1395	3.12886
1.12	1.13	6.87549	7.10468	-0.0356279	0.577318	2.30927		86	2.72085

#Delta (Brho)	ThetaL (deg)	Mean (rad)	RMS (rad)	Etendue (rad)	Stat	Facteur-correction
#1.13	1.14	4.81285	5.04203	0	0	0	0	inf
1.13	1.14	5.04203	5.27121	0.0281559	0.0629016	0.251606	1039	24.9723
1.13	1.14	5.27121	5.50039	0.000934148	0.102579	0.410318	7532	15.313
1.13	1.14	5.50039	5.72958	-0.0759241	0.125022	0.500089	20804	12.5641
1.13	1.14	5.72958	5.95876	-0.109852	0.124405	0.497622	40155	12.6264
1.13	1.14	5.95876	6.18794	-0.094694	0.13403		0.536121	33439	11.7197
1.13	1.14	6.18794	6.41713	-0.0755056	0.153898	0.615594	19200	10.2067
1.13	1.14	6.41713	6.64631	-0.0421559	0.293471	1.17389		3643	5.35247
1.13	1.14	6.64631	6.87549	-0.0968873	0.470307	1.88123		1251	3.33994
1.13	1.14	6.87549	7.10468	0.370629	0.372996	1.49199		70	4.21129

#Delta (Brho)	ThetaL (deg)	Mean (rad)	RMS (rad)	Etendue (rad)	Stat	Facteur-correction
#1.14	1.15	4.81285	5.04203	0	0	0	0	inf
#1.14	1.15	5.04203	5.27121	0	0	0	0	inf
1.14	1.15	5.27121	5.50039	0.0139443	0.055056	0.220224	431	28.5309
1.14	1.15	5.50039	5.72958	-0.00209332	0.089389	0.357556	5315	17.5726
1.14	1.15	5.72958	5.95876	-0.0675936	0.117033	0.468133	17041	13.4218
1.14	1.15	6.18794	6.41713	-0.0795913	0.132277	0.529109	19959	11.875
1.14	1.15	6.41713	6.64631	-0.112503	0.280331	1.12133		2253	5.60336
1.14	1.15	6.64631	6.87549	-0.154517	0.428392	1.71357		982	3.66672
1.14	1.15	6.87549	7.10468	-0.25288	0.397521	1.59008		25	3.95148

#Delta (Brho)	ThetaL (deg)	Mean (rad)	RMS (rad)	Etendue (rad)	Stat	Facteur-correction
#1.15	1.16	5.04203	5.27121	0	0	0	0	inf
#1.15	1.16	5.27121	5.50039	0	0	0	0	inf
1.15	1.16	5.50039	5.72958	0.0390439	0.0598702	0.239481	387	26.2367
1.15	1.16	5.72958	5.95876	0.0087041	0.0926662	0.370665	4488	16.9511
1.15	1.16	6.18794	6.41713	-0.0700543	0.113628	0.454513	15994	13.824
1.15	1.16	6.41713	6.64631	-0.0735651	0.285381	1.14153		1821	5.5042
1.15	1.16	6.64631	6.87549	-0.193679	0.416831	1.66732		648	3.76842
1.15	1.16	6.87549	7.10468	-0.384105	0.323517	1.29407		38	4.85537

#Delta (Brho)	ThetaL (deg)	Mean (rad)	RMS (rad)	Etendue (rad)	Stat	Facteur-correction
1.16	1.17	5.04203	5.27121	0	0	0	0	inf
1.16	1.17	5.27121	5.50039	0.012386	0.0652417	0.260967	57	24.0766
1.16	1.17	5.50039	5.72958	0.0165905	0.181199	0.724797	105	8.66888
1.16	1.17	5.72958	5.95876	0.0152524	0.151374	0.605496	527	10.3769
1.16	1.17	6.18794	6.41713	-0.0393238	0.112611	0.450443	6406	13.9489
1.16	1.17	6.41713	6.64631	-0.0149527	0.277502	1.11001		1331	5.66048
1.16	1.17	6.64631	6.87549	-0.122573	0.416992	1.66797		454	3.76697
1.16	1.17	6.87549	7.10468	-0.26		0.534494	2.13798		22	2.93885

#Delta (Brho)	ThetaL (deg)	Mean (rad)	RMS (rad)	Etendue (rad)	Stat	Facteur-correction
#1.17	1.18	5.04203	5.27121	0	0	0	0	inf
1.17	1.18	5.27121	5.50039	0.012637	0.151312	0.60525		135	10.3811
1.17	1.18	5.50039	5.72958	-0.0714505	0.264613	1.05845		91	5.9362
1.17	1.18	5.72958	5.95876	0.161758	0.221613	0.886451	99	7.08803
1.17	1.18	6.18794	6.41713	0.00712088	0.115829	0.463315	1456	13.5614
1.17	1.18	6.41713	6.64631	0.0480831	0.285925	1.1437		626	5.49374
1.17	1.18	6.64631	6.87549	-0.113306	0.416711	1.66684		196	3.76951
1.17	1.18	6.87549	7.10468	-0.341		0.205268	0.821072	16	7.65241


#Delta (Brho)	ThetaL (deg)	Mean (rad)	RMS (rad)	Etendue (rad)	Stat	Facteur-correction
#1.18	1.19	0		0		0		0		0
1.18	1.19	5.04203	5.27121	-0.00666667	0.0253421	0.101368	6	61.9837
1.18	1.19	5.27121	5.50039	0.0139506	0.251918	1.00767		81	6.23536
1.18	1.19	5.50039	5.72958	-0.0825373	0.324508	1.29803		67	4.84054
1.18	1.19	5.72958	5.95876	0.0280472	0.323433	1.29373		127	4.85664
1.18	1.19	6.18794	6.41713	0.0189458	0.297863	1.19145		461	5.27355
1.18	1.19	6.41713	6.64631	0.0271949	0.30292		1.21168		395	5.18551
1.18	1.19	6.64631	6.87549	-0.0141216	0.425031	1.70013		296	3.69572
1.18	1.19	6.87549	7.10468	-0.414364	0.00114992	0.00459968	11	1366.01

#Delta (Brho)	ThetaL (deg)	Mean (rad)	RMS (rad)	Etendue (rad)	Stat	Facteur-correction
1.19	1.20	5.04203	5.27121	-0.0654211	0.162454	0.649818	76	9.66915
1.19	1.20	5.27121	5.50039	0.0552903	0.249014	0.996055	93	6.30807
1.19	1.20	5.50039	5.72958	-0.0545		0.350752	1.40301		64	4.47837
1.19	1.20	5.72958	5.95876	-0.0162353	0.479386	1.91754		170	3.27668
1.19	1.20	6.18794	6.41713	0.117925	0.343605	1.37442		214	4.57151
1.19	1.20	6.41713	6.64631	0.110851	0.368564	1.47426		202	4.26193
1.19	1.20	6.64631	6.87549	-0.0140169	0.478907	1.91563		237	3.27996
1.19	1.2	6.87549	7.10468	-0.446364	0.0856284	0.342514	11	18.3443


