Optics 1013 X 10m Y 13m 10 mrad 0.001%                                          
  0.
  0.
  237.232394
  0.
 -10237.8841
  0.
 -2186.23968
  0.
  2711.71524
  0.
  12792.076
  0.
  0.
  14541.7948
  0.
  0.
 -10952.7585
  0.
 -108824.596
  0.
  50716.0572
  0.
  0.
  381202.834
  0.
  20667.8109
  0.
 -460944.886
 -37491.8302
  0.
 -7899469.01
  0.
  73804.7612
  0.
 -25158572.8
  0.
  65113.6616
  0.
  465254.565
  0.
  97596.2617
  0.
  0.
 -1545581.91
  0.
  844406.497
  0.
  1026141.47
 -96280.2248
  0.
 -65236721.3
  0.
  6689214.91
  0.
 -235246729.
  0.
 -1555634.86
  0.
  0.
 -1714910.71
  0.
 -427963.887
  0.
 -28325703.2
  0.
  0.
 -2586331.94
  0.
 -414672038.
  0.
  0.
  111864.101
  0.
  4453048.66
  0.
 -1125894.35
  0.
  0.
 -22909645.2
  0.
 -2429306.5
  0.
  31170531.1
  1553531.87
  0.
  368246410.
  0.
  71392378.4
  0.
  998097170.
  0.
 -3431124.24
  0.
  0.
  37983197.6
  0.
 -4224609.82
  0.
 -1.68916163E+09
  0.
  0.
 -58765058.2
  0.
 -9.51884381E+09
  0.
 -7741917.81
  0.
  19319413.7
  5886488.29
  0.
  695249868.
  0.
 -117261851.
  0.
  981160886.
 -1906239.62
  0.
  1.50178203E+09
  0.
  9.30910879E+09
  0.
 -10066011.9
  0.
  4.86362978E+09
  0.
  9.89218525E+10
  0.
 -215966.595
  0.
 -18754564.5
  0.
 -4616579.42
  0.
  0.
  82156010.1
  0.
 -24467412.2
  0.
 -297283470.
  15808814.3
  0.
  3.40518561E+09
  0.
 -215547376.
  0.
  1.32225633E+10
  0.
  51768712.2
  0.
  0.
  1.36740098E+09
  0.
 -31070908.8
  0.
 -4.58599764E+09
  0.
  0.
  267012100.
  0.
 -3.62117857E+10
  0.
 -10593159.8
  0.
 -310496709.
 -78217020.
  0.
  6.37746113E+09
  0.
 -1.81923894E+09
  0.
  3.77023584E+10
 -41465467.3
  0.
  1.45053057E+10
  0.
  8.87218365E+10
  0.
 -317947657.
  0.
  6.53784368E+09
  0.
  3.00408422E+11
  0.
  132341154.
  0.
  0.
 -456762905.
  0.
  140523948.
  0.
  2.56059443E+09
  0.
  0.
  1.39758621E+09
  0.
  2.70196409E+10
  0.
  100816869.
  0.
 -1.1018479E+10
  0.
 -1.3140412E+11
  0.
  0.
 -40497192.2
  0.
  3.1068545E+10
  0.
  1.08614474E+12
  0.
  0.
 -1881810.34
  0.
 -39248364.
  0.
  15197888.2
  0.
  0.
  399860698.
  0.
 -11093995.8
  0.
  728285191.
  1138693.63
  0.
 -1.20210303E+10
  0.
 -2.05757546E+09
  0.
  4.90281503E+09
  0.
  529038575.
  0.
  0.
 -6.83783582E+09
  0.
 -50334738.9
  0.
  1.05636493E+11
  0.
  0.
  4.21046893E+09
  0.
  3.52241802E+11
  0.
  397190014.
  0.
  2.1476347E+09
 -1.42318446E+09
  0.
 -3.79516452E+10
  0.
  1.11581295E+10
  0.
  1.64822387E+11
  81592594.2
  0.
 -7.12582758E+10
  0.
  5.75085103E+11
  0.
 -5.03479505E+09
  0.
 -7.81246876E+11
  0.
 -6.64303858E+12
  0.
  251073317.
  0.
  0.
 -3.25971237E+09
  0.
  732697192.
  0.
  1.12678576E+11
  0.
  0.
 -5.51468675E+09
  0.
  5.97809996E+11
  0.
  252877880.
  0.
  4.35579541E+10
  0.
  1.87143262E+12
  0.
  0.
 -131577052.
  0.
  1.25304175E+12
  0.
  1.22678365E+13
  0.
 -296247460.
  0.
 -146358895.
  331409953.
  0.
 -5.01810026E+10
  0.
  1.478702E+10
  0.
 -1.18488605E+11
  39647575.
  0.
 -1.86886415E+11
  0.
 -4.82699948E+11
  0.
  6.77023691E+09
  0.
  1.83934786E+10
  0.
 -4.12355185E+12
 -92645637.5
  0.
 -2.7813728E+10
  0.
  7.35697202E+11
  0.
  2.24728969E+13
  0.
  4.03166431E+09
  0.
 -5.98722608E+11
  0.
 -1.54250526E+13
  0.
 -1.63752158E+14
  0.
  533687.623
  0.
  136870721.
  0.
  12585581.8
  0.
  0.
 -894930504.
  0.
  305438122.
  0.
  3.9202053E+09
 -162787167.
  0.
 -2.11417726E+10
  0.
  2.93009043E+09
  0.
 -3.01031396E+11
  0.
 -1.07055285E+09
  0.
  0.
 -9.88581155E+09
  0.
  894298639.
  0.
 -9.14941865E+09
  0.
  0.
 -4.41596745E+09
  0.
  2.41589523E+12
  0.
  714045357.
  0.
  1.77484223E+10
  221587934.
  0.
  1.896386E+10
  0.
  5.42797734E+10
  0.
 -1.43361097E+12
 -945619625.
  0.
  2.55758623E+11
  0.
 -4.35360976E+12
  0.
  3.97307412E+09
  0.
 -3.90656329E+12
  0.
 -4.21933814E+12
  0.
 -3.53917066E+09
  0.
  0.
  1.9981218E+09
  0.
  7.19680613E+09
  0.
 -1.12580641E+11
  0.
  0.
 -2.56923224E+11
  0.
  6.43182658E+12
  0.
 -1.39962122E+09
  0.
  5.15349196E+11
  0.
  4.11282568E+13
  0.
  0.
 -1.72666169E+10
  0.
  8.21927476E+12
  0.
 -8.33822736E+13
  0.
  0.
  0.
  0.
  5.22107193E+09
  0.
 -3.38373284E+11
  0.
  1.78306441E+11
  0.
 -3.7386129E+12
 -1.0056822E+10
  0.
 -8.5738669E+11
  0.
 -1.02761646E+13
  0.
  1.88970915E+11
  0.
 -4.09941334E+12
  0.
 -8.77600944E+12
  6.80004274E+09
  0.
 -1.29837195E+12
  0.
  2.05437592E+13
  0.
 -2.13035116E+14
  0.
  3.87631191E+10
  0.
 -6.53964081E+12
  0.
 -1.04154969E+14
  0.
  4.3693315E+14
  0.
  9.71533463E+09
  0.
  0.
 -4.92653837E+10
  0.
 -2.23887452E+10
  0.
 -1.06698441E+11
  0.
  0.
 -8.19110718E+10
  0.
 -6.29049991E+12
  0.
 -1.50868381E+09
  0.
  1.14526201E+12
  0.
  1.85030775E+13
  0.
  0.
 -2.16151743E+10
  0.
 -8.50384476E+12
  0.
  4.06550675E+13
  0.
 -7.09860827E+09
  0.
  5.43319075E+11
  0.
  2.3916562E+13
  0.
  1.33727803E+14
  0.
  0.
 -2.17584757E+10
  0.
  1.58371347E+12
  0.
  2.15222485E+13
  0.
 -1.20983344E+15
  0.
  0.
  13654297.4
  0.
  342359208.
  0.
  7163083.78
  0.
  0.
 -3.70620641E+09
  0.
  840014932.
  0.
 -2.07718697E+10
 -533703388.
  0.
  1.76250321E+11
  0.
  1.73734396E+10
  0.
 -4.04365288E+11
  0.
 -1.01199368E+10
  0.
  0.
  2.0082316E+11
  0.
  2.37297697E+09
  0.
 -1.51146355E+12
  0.
  0.
 -3.46043551E+10
  0.
 -2.62581822E+12
  0.
 -1.35006295E+09
  0.
 -3.75025318E+10
  4.14087432E+10
  0.
  4.7109497E+11
  0.
 -4.71925507E+11
  0.
  6.08386219E+10
 -7.67820306E+09
  0.
  3.91484871E+12
  0.
 -2.79377636E+13
  0.
  6.4217475E+10
  0.
  1.97772144E+13
  0.
  1.14855325E+14
  0.
  9.11464617E+09
  0.
  0.
  2.2055909E+11
  0.
 -1.03098907E+11
  0.
 -3.53089837E+12
  0.
  0.
  3.93570472E+11
  0.
  1.11201729E+13
  0.
  7.51051712E+09
  0.
 -2.89133761E+12
  0.
  1.87520484E+13
  0.
  0.
 -1.26165025E+11
  0.
 -2.76810488E+13
  0.
 -5.0535413E+14
  0.
  2.27166992E+09
  0.
 -6.92848576E+10
 -4.03534045E+10
  0.
  7.16526192E+11
  0.
 -2.1109648E+11
  0.
 -4.74897581E+12
  1.29422171E+11
  0.
  1.1437732E+13
  0.
 -2.37426503E+13
  0.
 -7.19314811E+11
  0.
 -4.33236667E+13
  0.
  1.44871016E+14
  2.10409505E+10
  0.
 -5.88719224E+12
  0.
  4.49770841E+14
  0.
 -2.0439561E+15
  0.
  1.80711454E+11
  0.
  2.51180245E+13
  0.
 -2.98124769E+14
  0.
  7.43460265E+15
  0.
 -1.05961461E+10
  0.
  0.
  8.23155378E+11
  0.
 -3.56364802E+10
  0.
 -5.69683699E+12
  0.
  0.
  0.
  0.
 -4.11398434E+13
  0.
  3.77390076E+10
  0.
 -8.44535145E+11
  0.
 -3.08087998E+14
  0.
  0.
  2.17597872E+11
  0.
 -9.02984702E+13
  0.
  7.98417935E+14
  0.
 -6.01108553E+10
  0.
  5.68723738E+12
  0.
  3.84399277E+14
  0.
 -3.02932264E+15
  0.
  0.
 -1.13220089E+11
  0.
 -8.00467485E+12
  0.
 -9.87518885E+14
  0.
 -3.15298334E+15
  0.
  5.11636203E+10
  0.
  5.19086521E+11
 -1.65871446E+10
  0.
 -1.1409058E+12
  0.
 -3.68260017E+11
  0.
 -1.42731273E+13
  4.20969988E+10
  0.
  9.56276826E+11
  0.
  9.48009974E+13
  0.
 -1.29049418E+12
  0.
  3.18271638E+13
  0.
  2.2114138E+14
 -8.55329327E+10
  0.
  9.00037918E+12
  0.
 -2.70185143E+14
  0.
 -1.32485479E+15
  0.
  3.75180352E+10
  0.
  1.59854859E+13
  0.
  2.04496012E+15
  0.
  8.70570297E+15
  3.85667873E+10
  0.
  7.73184137E+10
  0.
 -3.80864081E+14
  0.
 -3.07646997E+15
  0.
 -5.60982074E+16
  0.
  2.88009277E+09
  0.
 -3.42892257E+12
  0.
  1.02945118E+15
  0.
  9.13537083E+15
  0.
  1.39121246E+17
  0.
 -15724336.1
  0.
 -919757037.
  0.
  59085133.
  0.
  0.
  8.41225145E+09
  0.
 -3.43215988E+09
  0.
  4.13057632E+10
  897084122.
  0.
 -4.68882705E+11
  0.
 -2.52475152E+10
  0.
  3.07275882E+12
  0.
  3.47144149E+10
  0.
  0.
 -5.73739978E+11
  0.
 -1.96191455E+09
  0.
  5.45783233E+12
  0.
  0.
  5.13081225E+10
  0.
 -3.11391478E+13
  0.
  330339388.
  0.
 -1.83513769E+11
 -1.00607209E+11
  0.
 -6.91971702E+11
  0.
  2.46393199E+12
  0.
  3.80575569E+12
 -1.62691979E+10
  0.
 -2.09040014E+13
  0.
  9.65709826E+13
  0.
 -3.54598678E+10
  0.
  1.24881396E+14
  0.
 -1.46390875E+14
  0.
  5.95475009E+10
  0.
  0.
  6.51179541E+11
  0.
 -7.09816638E+10
  0.
  7.42501881E+12
  0.
  0.
 -3.51644445E+12
  0.
 -6.90496895E+13
  0.
  5.01719349E+10
  0.
  3.91598475E+13
  0.
 -8.55412604E+14
  0.
  0.
 -4.62083935E+10
  0.
 -2.79725151E+14
  0.
  1.6024347E+15
  0.
  5.90199457E+10
  0.
 -7.4382426E+11
 -1.89418339E+11
  0.
 -5.64866491E+11
  0.
  6.5426331E+10
  0.
  3.37616211E+13
  6.56090769E+11
  0.
 -4.39487118E+13
  0.
  2.74388573E+14
  0.
 -2.55744705E+12
  0.
  4.83443937E+14
  0.
 -1.17943842E+15
 -3.28827735E+10
  0.
 -4.13101127E+13
  0.
  1.28609288E+15
  0.
  1.25069251E+16
  0.
  8.82104612E+10
  0.
  3.50772346E+14
  0.
 -2.73044619E+15
  0.
 -2.30832163E+16
  0.
 -1.61582878E+11
  0.
  0.
  3.66699084E+12
  0.
 -1.26337073E+11
  0.
 -7.4588546E+12
  0.
  0.
  6.88484284E+11
  0.
 -2.14690723E+14
  0.
 -7.02773131E+11
  0.
  7.86623909E+13
  0.
 -4.82157501E+14
  0.
  0.
  9.56544783E+12
  0.
 -1.06235626E+15
  0.
 -2.8647799E+15
  0.
 -7.45737628E+10
  0.
  7.1031356E+12
  0.
  2.9384043E+15
  0.
 -4.7158679E+16
  0.
  0.
  7.03382137E+10
  0.
 -1.7506566E+14
  0.
 -6.42378343E+15
  0.
  1.09727562E+17
  0.
 -8.19188349E+10
  0.
  2.9576842E+12
  2.84473477E+11
  0.
  3.03000998E+13
  0.
 -7.62475321E+12
  0.
 -4.46397874E+13
  2.72890852E+11
  0.
  4.28548733E+13
  0.
 -4.62928853E+14
  0.
 -1.12472633E+13
  0.
  7.01749546E+13
  0.
  2.89929193E+15
  3.5292946E+10
  0.
  6.45418444E+13
  0.
 -2.73481275E+15
  0.
  2.2239189E+16
  0.
 -5.10280984E+12
  0.
  1.64850736E+14
  0.
  2.60589948E+16
  0.
 -7.8134552E+16
  1.33408627E+11
  0.
  1.34034474E+13
  0.
 -3.1082325E+15
  0.
 -4.76105112E+16
  0.
  2.18010982E+17
  0.
 -1.83301018E+11
  0.
  1.89010819E+12
  0.
  9.45186394E+15
  0.
  6.79631317E+16
  0.
 -9.27986276E+17
  0.
 -6.24959037E+11
  0.
  0.
 -6.88823981E+12
  0.
 -4.27928032E+11
  0.
  8.00153311E+13
  0.
  0.
  1.48486215E+13
  0.
  4.34795426E+13
  0.
  6.84343202E+11
  0.
 -1.06356341E+14
  0.
 -3.01748538E+15
  0.
  0.
  1.53794822E+12
  0.
  3.64315159E+14
  0.
  1.34878083E+16
  0.
  3.55545395E+11
  0.
 -4.3362089E+13
  0.
  1.75409607E+15
  0.
 -2.07789926E+16
  0.
  0.
 -1.16223194E+12
  0.
  2.39341629E+14
  0.
 -2.72766573E+16
  0.
  1.26294637E+16
  0.
 -4.77846107E+10
  0.
 -1.50902504E+12
  0.
 -2.82139848E+14
  0.
  1.00730472E+17
  0.
 -4.40896734E+17
  0.
  0.
  6.37049746E+10
  0.
  1.34265107E+12
  0.
 -1.12742472E+15
  0.
 -1.44007205E+17
  0.
  7.14512201E+17
  0.
  0.
  0.
  0.
  0.
  0.
  0.
  0.
  0.
  0.
  0.
  0.
  0.
  0.
  0.
  0.
  0.
  0.
  0.
  0.
  0.
  0.
  0.
  0.
  0.
  0.
  0.
  0.
  0.
  0.
  0.
  0.
  0.
  0.
  0.
  0.
  0.
  0.
  0.
  0.
  0.
  0.
  0.
  0.
  0.
  0.
  0.
  0.
  0.
  0.
