22 |14 |0.0 | |0+ |29 MS 2
23 |14 |0 | |(5/2)+ |42.3 MS 4
24 |14 |0 | |0+ |140 MS 8
24 |14 |1879 |11 |2+ |10 FS 3
24 |14 |3441 |10 | |
25 |14 |0.0 | |5/2+ |220 MS 3
25 |14 |40 |5 | |
25 |14 |815 |15 | |
25 |14 |1963 |15 | |
25 |14 |2373 |10 | |
25 |14 |2606 |10 | |
25 |14 |3.08E3 |30 | |
25 |14 |3.29E3 |30 | |
25 |14 |3.40E3 |30 | |
25 |14 |3.82E3 |20 | |
25 |14 |4.99E3 |25 | |
25 |14 |5.42E3 |40 | |
25 |14 |5.73E3 |50 | |
26 |14 |0.0 | |0+ |2.2453 S 7
26 |14 |1797.3 |1 |2+ |430 FS 42
26 |14 |2786.58 |19 |2+ |146 FS 35
26 |14 |3336.4 |5 |0+ |1.39 PS 49
26 |14 |3757.03 |20 |3+ |485 FS LT
26 |14 |3842.2 |18 |(4+) |
26 |14 |4091.2 |21 |(1,2) |
26 |14 |4139.6 |6 |2+ |35 FS 3
26 |14 |4188.1 |3 |3+ |
26 |14 |4446.1 |3 |4+ |347 FS LT
26 |14 |4798.5 |5 |4+ |
26 |14 |4810.9 |6 |(2+) |69 FS LT
26 |14 |4831.6 |10 |(0+) |
26 |14 |5147.1 |8 |2+ |
26 |14 |5229 |12 |2+ |
26 |14 |5288.2 |4 |4+ |
26 |14 |5513.8 |5 |4+ |
26 |14 |5677.0 |17 |1+ |
26 |14 |5892 |4 | |
26 |14 |5913.8 |20 |3+ |
26 |14 |5945.9 |40 |0+ |
26 |14 |6101 | | |
26 |14 |6295.3 |24 |2+ |
26 |14 |6382.7 |29 |2+ |
26 |14 |6456.3 |28 |0+ |
26 |14 |6471 |4 |0+ |
26 |14 |6765 |5 | |
26 |14 |6787.3 |40 |3- |
26 |14 |6810 |8 | |
26 |14 |6880 |30 |(0+) |
26 |14 |7018.3 |6 |[3+] |
26 |14 |7153.7 |40 |2+ |7 KEV 4
26 |14 |7198.3 |6 |[5+] |
26 |14 |7418.5 |23 |0+ |6 KEV 4
26 |14 |7447 |2 | |
26 |14 |7496.5 |40 |2+ |46 KEV 11
26 |14 |7522 |12 |[5-] |
26 |14 |7606 |6 | |
26 |14 |7674.5 |4 |[2+] |
26 |14 |7701.1 |3 |3- |41 KEV 6
26 |14 |7874 |4 |1- |
26 |14 |7892.5 |4 |1- |
26 |14 |7921 |3 | |
26 |14 |7962 |5 | |
26 |14 |8015 |14 |3+ |15 KEV 5
26 |14 |8144 |21 |(1-,2+) |
26 |14 |8222 |5 |[1-] |
26 |14 |8254 |5 | |
26 |14 |8269 |4 |[2+] |
26 |14 |8282 |6 | |
26 |14 |8356 |12 |3+ |27 KEV 8
26 |14 |8431 |6 | |
26 |14 |8558 |17 |[2+] |
26 |14 |8689 |21 |(1-,2+) |
26 |14 |8806 |5 | |
26 |14 |8952 |7 | |
26 |14 |8989 |7 |[4+] |
26 |14 |9067 |5 | |
26 |14 |9124 |8 | |
26 |14 |9170 |30 |(1-,2+) |
26 |14 |9247 |8 | |
26 |14 |9316 |5 |[4+] |
26 |14 |9373.3 |7 | |
26 |14 |9433 |4 | |
26 |14 |9606.1 |9 |[2+] |
26 |14 |9725 |7 | |
26 |14 |9762 |4 |[5-] |
26 |14 |9802 |7 | |
26 |14 |9910.2 |20 |[0+] |
26 |14 |9952 |17 | |
26 |14 |10070 |8 | |
26 |14 |10296.9 |60 | |
26 |14 |10405 |5 | |
26 |14 |10688 |9 | |
26 |14 |10827 |8 | |
26 |14 |13015 |4 |(3+) |
27 |14 |0.0 | |5/2+ |4.15 S 4
27 |14 |780.9 |2 |1/2+ |35 PS 4
27 |14 |957.4 |2 |3/2+ |1.20 PS 8
27 |14 |2163.6 |2 |7/2+ |44 FS 5
27 |14 |2647.6 |3 |5/2+ |17 FS 2
27 |14 |2866.3 |3 |(3/2,5/2)+ |3 FS LT
27 |14 |2909.9 |2 |9/2+ |52 FS 6
27 |14 |3540.2 |11 |1/2+ |5 FS LT
27 |14 |3803.6 |11 |3/2+ |7 FS LT
27 |14 |4138.1 |14 |1/2-,(3/2-) |6 FS 3
27 |14 |4289.2 |9 |5/2+ |3.5 FS 14
27 |14 |4447.3 |5 |(11/2+) |390 FS 40
27 |14 |4474.8 |7 |7/2+,(9/2+) |7 FS LT
27 |14 |4703.8 |11 |5/2+ |5 FS LT
27 |14 |5062 |2 |5/2+ |21 FS 6
27 |14 |5208 |2 | |35 FS LT
27 |14 |5227 |5 |1/2-,3/2- |
27 |14 |5262.0 |5 |(3/2+to9/2+) |
27 |14 |5282.8 |4 |(7/2,11/2)+ |17 FS 4
27 |14 |5316.7 |5 | |31 FS LT
27 |14 |5391.7 |16 |(3/2,5/2)+ |31 FS LT
27 |14 |5497 |2 | |10 FS LT
27 |14 |5547 |4 | |
27 |14 |5580 |4 | |
27 |14 |5613 |4 | |
27 |14 |5783 |6 | |
27 |14 |5897 |3 | |
27 |14 |6028 |4 | |
27 |14 |6059 |4 | |
27 |14 |6323 |4 | |
27 |14 |6346 |4 | |
27 |14 |6457 |3 | |
27 |14 |6513 |4 | |
27 |14 |6572 |3 | |
27 |14 |6587 |6 | |
27 |14 |6626 |3 |1/2+ |
27 |14 |6715 |3 | |
27 |14 |6743 |3 | |
27 |14 |6780 |4 | |
27 |14 |7005 |8 | |
27 |14 |7059 |5 | |
27 |14 |7080 |3 | |
27 |14 |7134 |5 | |
27 |14 |7223 |4 | |
27 |14 |7239 |4 | |
27 |14 |7260 |4 | |
27 |14 |7276 |3 | |
27 |14 |7324 |4 | |
27 |14 |7341 |4 | |
27 |14 |7383 |4 | |
27 |14 |7428 |4 | |
27 |14 |7436 |3 | |
27 |14 |7469.3 |6 |(5/2+) |
27 |14 |7531.6 |5 |5/2+ |4.2 FS LT
27 |14 |7590.1 |1 |9/2+ |13.9 FS 21
27 |14 |7651.6 |1 |(11/2+) |8.3 FS 21
27 |14 |7694.3 |9 |(5/2+) |3.5 FS LT
27 |14 |7704.8 |1 |(7/2-) |0.7 FS LT
27 |14 |7738.8 |1 |(9/2+) |15 FS 3
27 |14 |7795.2 |19 |(7/2+) |
27 |14 |7831.5 |2 |(9/2-) |6 FS 4
27 |14 |7837.9 |2 |(1/2+) |0.7 FS LT
27 |14 |7899.7 |6 |(5/2+) |10 FS 7
27 |14 |7909.0 |7 |(3/2+) |
27 |14 |7966.6 |8 |(5/2+) |8 FS 6
27 |14 |8031.9 |9 |(5/2+) |
27 |14 |8070 |3 |(3/2-) |
27 |14 |8139.3 |6 |(1/2) |0.7 FS LT
27 |14 |8156 |2 | |0.5 KEV LT
27 |14 |8167.3 |12 |(11/2+) |0.5 KEV LT
27 |14 |8175 |3 |(1/2,3/2)+ |
27 |14 |8183.7 |4 |(3/2-) |2.8 FS 21
27 |14 |8200.1 |7 |(1/2,5/2) |9 FS 5
27 |14 |8208.1 |22 |(7/2-) |
27 |14 |8224 |2 |(7/2+) |0.5 KEV LT
27 |14 |8287 |3 |(7/2+to13/2+) |1.0 KEV LT
27 |14 |8299 |5 | |
27 |14 |8327 |2 |(1/2,3/2)+ |
27 |14 |8344.8 |7 |(7/2) |
27 |14 |8356 |2 |(3/2+to9/2+) |0.5 KEV LT
27 |14 |8375.8 |9 |(5/2+) |2.1 FS 14
27 |14 |8450 |2 |(1/2,3/2)+ |
27 |14 |8486 |3 | |
27 |14 |8523 |3 | |
27 |14 |8544 |3 | |4.8 KEV 7
27 |14 |8557 |3 | |
27 |14 |8586 |3 | |
27 |14 |8669 |3 | |5.4 KEV 6
27 |14 |8724 |4 | |
27 |14 |8776 |5 | |16 KEV 4
27 |14 |8822 |5 | |
27 |14 |8864 |3 | |
27 |14 |8872 |5 | |
27 |14 |8931 |4 | |
27 |14 |8984 |3 | |
27 |14 |9026 |3 | |
27 |14 |9066 |4 |(1/2,3/2)+ |
27 |14 |9074 |3 | |
27 |14 |9140 |2 | |
27 |14 |9164 |12 | |
27 |14 |9184 |3 | |
27 |14 |9215 |4 | |
27 |14 |9227 |4 | |
27 |14 |9237 |2 | |
27 |14 |9256 |4 | |
27 |14 |9274 |2 | |
27 |14 |9308 |3 | |
27 |14 |9339 |6 | |
27 |14 |9363 |4 | |
27 |14 |9386 |13 | |
27 |14 |9409 |3 | |
27 |14 |9428 |3 | |
27 |14 |9438 |18 | |
27 |14 |9477 |3 | |
27 |14 |9547 |4 | |
27 |14 |9576 |4 | |
27 |14 |9615 |6 | |
27 |14 |9655 |4 | |
27 |14 |9715 |2 | |
27 |14 |9764 |2 | |
27 |14 |9791 |2 | |
27 |14 |9834 |2 | |
27 |14 |9856 |3 | |
27 |14 |9895 |2 | |
27 |14 |9916 |2 | |
27 |14 |9934 |5 | |
28 |14 |0.0 | |0+ |STABLE
28 |14 |1779.030 |11 |2+ |475 FS 17
28 |14 |4617.86 |4 |4+ |37 FS 4
28 |14 |4979.92 |8 |0+ |35 FS 2
28 |14 |6276.20 |7 |3+ |0.78 PS 6
28 |14 |6690.74 |15 |0+ |147 FS 10
28 |14 |6878.79 |8 |3- |1.9 PS 2
28 |14 |6887.65 |10 |4+ |33 FS 2
28 |14 |7380.59 |9 |2+ |5 FS 2
28 |14 |7416.26 |9 |2+ |29 FS 3
28 |14 |7799.01 |9 |3+ |225 FS 10
28 |14 |7933.45 |10 |2+ |11 FS 2
28 |14 |8258.74 |10 |2(+) |10 FS 2
28 |14 |8328.38 |12 |1+ |347 FS 166
28 |14 |8413.33 |10 |4- |324 FS 55
28 |14 |8543.56 |20 |6+ |11.4 FS 10
28 |14 |8588.71 |10 |3+ |11 FS 2
28 |14 |8819 |9 | |
28 |14 |8904.8 |4 |1- |8 FS 2
28 |14 |8945.20 |13 |5+ |58 FS 6
28 |14 |8953.3 |4 |(0+,1,2) |
28 |14 |9164.68 |17 |(4+) |28 FS 3
28 |14 |9315.92 |10 |3+ |1.5 FS 6
28 |14 |9381.55 |12 |2+ |1.1 FS 3
28 |14 |9417.17 |14 |4+ |78 FS 12
28 |14 |9479.49 |11 |(2+) |6 FS 2
28 |14 |9496.04 |15 |(1+) |5 FS 2
28 |14 |9702.34 |12 |(5-) |4 PS 1
28 |14 |9764.52 |11 |(3-) |2 FS LT
28 |14 |9795.95 |14 |(2+) |
28 |14 |9929.2 |17 |1- |
28 |14 |10181.60 |12 |(3-) |7 FS 2
28 |14 |10189.59 |20 |(5-,3-) |21 FS LT
28 |14 |10209.01 |20 |(3+) |10 FS 3
28 |14 |10272.3 |8 |0+ |42 FS LT
28 |14 |10310.92 |13 |(4+) |11 FS 4
28 |14 |10376.24 |12 |(3+,4+) |
28 |14 |10418.25 |22 |(5+) |18 FS 4
28 |14 |10514.1 |3 |(2+) |
28 |14 |10541.0 |8 |(3-) |
28 |14 |10596.18 |15 |(1+) |388 AS 83
28 |14 |10668.05 |13 |(2,3)+ |15 FS 3
28 |14 |10668.34 |11 |4+ |18 FS 3
28 |14 |10724.7 |4 |(1+) |624 AS 110
28 |14 |10778 |2 |1+to5+ |
28 |14 |10805.5 |10 |(2+) |
28 |14 |10883.45 |14 |(2,3+) |
28 |14 |10900.42 |15 |(1+) |83 AS 7
28 |14 |10915.6 |7 |(3-) |
28 |14 |10944.0 |3 |(4+) |15 FS 10
28 |14 |10952.8 |3 |1to4 |
28 |14 |10994 |2 |(1,2+) |
28 |14 |11078.52 |14 |(3-) |
28 |14 |11100.0 |10 |(6+) |11.0 FS 10
28 |14 |11142 |1 |(2+) |
28 |14 |11195.22 |13 |(4+) |
28 |14 |11242 |6 | |
28 |14 |11265 |3 |(3-) |
28 |14 |11295.6 |2 |(1-) |150 EV LT
28 |14 |11331.9 |9 |(6+) |21 FS LT
28 |14 |11388 |3 | |
28 |14 |11432.63 |18 |(2+) |21 FS LT
28 |14 |11434.50 |22 |(4-) |14 FS 4
28 |14 |11446.00 |16 |(1+) |17.6 AS 8
28 |14 |11510.4 |10 |(6+) |9 FS 2
28 |14 |11515.5 |2 |(2+) |200 EV LT
28 |14 |11572.0 |7 |(4,5+) |
28 |14 |11576 |2 |(6-) |235 FS 70
28 |14 |11584.62 |19 |(3-) |200 EV LT
28 |14 |11656.9 |3 |(2+) |0.18 EV 7
28 |14 |11669.7 |2 |(1-) |0.46 EV 10
28 |14 |11778.7 |2 |(2+) |5 EV LT
28 |14 |11778.9 |10 |(5+) |
28 |14 |11780.7 |9 |(0+to4+) |
28 |14 |11799.8 |4 |(2,3)- |35 EV LT
28 |14 |11867.2 |4 |(4+) |59 EV 14
28 |14 |11899.9 |2 |4+ |40 EV LT
28 |14 |11933.5 |7 |5 |
28 |14 |11975.7 |3 |(3-,4+) |40 EV LT
28 |14 |11986 |2 |(1to3) |
28 |14 |12015.8 |5 |(2+,3) |
28 |14 |12022.7 |2 |(5-) |250 EV LT
28 |14 |12071.1 |1 |(2+) |1.4 EV
28 |14 |12073.3 |1 |(2-) |80 EV LT
28 |14 |12152.0 |10 |(6+) |7 FS LT
28 |14 |12174.6 |1 |(5+,3-,4) |9 FS 2
28 |14 |12182.0 |3 |(1-) |250 EV LT
28 |14 |12194.7 |1 |(3-) |6.7 EV 5
28 |14 |12204 |2 |(6-,4-) |21 FS LT
28 |14 |12216.3 |1 |(2-) |30 EV LT
28 |14 |12240.1 |1 |(3+) |80 EV LT
28 |14 |12240.9 |3 |(4+) |250 EV LT
28 |14 |12265.8 |23 |(0,1)+ |
28 |14 |12289.5 |3 |(2+) |13 EV 3
28 |14 |12295.2 |1 |(2,3)+ |60 EV LT
28 |14 |12301.4 |1 |(0+,1-,2+) |80 EV LT
28 |14 |12318.3 |1 |(2-) |40 EV LT
28 |14 |12324.8 |1 |(4+) |50 EV LT
28 |14 |12331.0 |1 |(1+) |80 EV LT
28 |14 |12441.1 |1 |(2+) |18 EV 3
28 |14 |12475.0 |1 |(4+) |80 EV LT
28 |14 |12488.8 |1 |(3-) |100 EV 20
28 |14 |12541.5 |1 |(3+) |70 EV 14
28 |14 |12551.2 |1 |(4+) |1.4 EV
28 |14 |12573.7 |1 |(2+) |110 EV 22
28 |14 |12635.8 |1 |(2,3)+ |60 EV LT
28 |14 |12643.1 |1 |(5-) |80 EV LT
28 |14 |12663.7 |1 |(4-) |700 EV 70
28 |14 |12715.0 |1 |(0+,1+) |100 EV LT
28 |14 |12726.2 |1 |(2+) |250 EV 5
28 |14 |12742.5 |5 |(3-) |5.4 KEV 5
28 |14 |12754.8 |1 |(1,2)+ |100 EV LT
28 |14 |12802.7 |1 |(3-) |100 EV 20
28 |14 |12805.3 |4 |(1-,2+) |350 EV LT
28 |14 |12815.4 |5 |(1-) |3.5 KEV 10
28 |14 |12816.7 |1 |(5+) |100 EV LT
28 |14 |12855.1 |1 |(4+) |30 EV 6
28 |14 |12859.1 |3 |(6+,4+) |350 EV LT
28 |14 |12866.5 |1 |(2+,3+) |35 EV 5
28 |14 |12900.4 |1 |(4+) |550 EV 60
28 |14 |12902.0 |2 |(2+) |200 EV LT
28 |14 |12917.3 |1 |(2,3)+ |780 EV 80
28 |14 |12923.8 |1 |(3+) |600 EV 60
28 |14 |12924.0 |3 |(2+) |200 EV 40
28 |14 |12974.2 |3 |(1-) |250 EV 50
28 |14 |12976 |2 |(0+) |5.2 KEV 16
28 |14 |12990.0 |2 |(3,4)- |2.3 KEV 2
28 |14 |12994 |3 |(5,6,7)+ |16 FS 3
28 |14 |13014 |3 | |
28 |14 |13033.5 |1 |(3+) |550 EV 60
28 |14 |13039.8 |5 |(0+) |3.2 KEV 10
28 |14 |13050.4 |2 |(2-) |3.7 KEV 4
28 |14 |13094.1 |1 |(4+) |20 EV 3
28 |14 |13103.9 |10 | |
28 |14 |13104.4 |10 | |2.4 KEV 3
28 |14 |13105.9 |4 | |130 EV 3
28 |14 |13114.9 |10 |(3,4+) |200 EV LT
28 |14 |13116.8 |10 | |
28 |14 |13121 |3 | |350 EV LT
28 |14 |13173.3 |1 |(3-) |340 EV 70
28 |14 |13188.6 |5 |(2+) |1.9 KEV 2
28 |14 |13190.0 |2 |(1+) |450 EV 50
28 |14 |13204.6 |1 |(2,3)+ |210 EV 40
28 |14 |13208.5 |2 |2 |200 EV LT
28 |14 |13229.7 |5 |(2+) |1.1 KEV 1
28 |14 |13230.7 |10 |(6+) |
28 |14 |13234 |2 |(0+) |3.0 KEV 9
28 |14 |13246.9 |6 |(5-) |200 EV 40
28 |14 |13247.7 |6 |(3-) |9.6 KEV 10
28 |14 |13271.6 |5 |(2-) |6.6 KEV 7
28 |14 |13318.2 |3 |(3,4)- |1.2 KEV 1
28 |14 |13320.5 |1 |(1+) |450 EV 60
28 |14 |13360.8 |5 |(4+) |550 EV 60
28 |14 |13415.3 |5 |(4+) |140 EV 30
28 |14 |13423.3 |5 |(1-) |20 KEV 1
28 |14 |13425.4 |4 |(5+) |80 EV 20
28 |14 |13467 |3 | |
28 |14 |13478.6 |5 |(2-) |4.0 KEV 4
28 |14 |13483.7 |5 |(2+) |1.5 KEV 2
28 |14 |13491.8 |6 |(3-) |31 KEV 3
28 |14 |13500 |2 | |
28 |14 |13510.0 |20 | |
28 |14 |13546.7 |6 |(2+) |8.5 KEV 9
28 |14 |13557.1 |1 |(5+,4+) |150 EV 30
28 |14 |13560.3 |9 |(3+) |1.8 KEV 2
28 |14 |13569.0 |7 |(5-,4+) |
28 |14 |13582.3 |5 |(6+) |28 FS LT
28 |14 |13604 |4 | |
28 |14 |13611.6 |8 |(4+,5-) |
28 |14 |13616.1 |8 |(2-) |11 KEV 1
28 |14 |13626.0 |15 | |
28 |14 |13636.3 |7 |(3+) |570 EV 60
28 |14 |13639.9 |10 |(2+) |5.7 KEV 6
28 |14 |13640.4 |10 |(1-,2+) |120 EV 20
28 |14 |13663.2 |7 |(3,4)- |450 EV 50
28 |14 |13668.1 |5 |(4+) |250 EV 50
28 |14 |13678.7 |7 |(2+) |1.3 KEV 2
28 |14 |13686.4 |5 |(2+to4+) |
28 |14 |13706.6 |5 |(2,3)+ |500 EV 50
28 |14 |13708.6 |10 |(4+) |190 EV 40
28 |14 |13710.2 |10 |(4+to7+) |
28 |14 |13711.8 |5 |(3-) |20 KEV 2
28 |14 |13734.7 |6 |(1-) |35 KEV 4
28 |14 |13744 |2 |(4-to7-) |21 FS LT
28 |14 |13789.4 |7 |(3-) |2.7 KEV 3
28 |14 |13798 |2 | |
28 |14 |13805.9 |8 |(4+) |150 EV 30
28 |14 |13812.9 |8 |(1-) |3.7 KEV 4
28 |14 |13814.4 |10 |(3+) |320 EV 30
28 |14 |13821 |2 | |
28 |14 |13830.4 |8 |(3,4) |2.2 KEV 2
28 |14 |13860.6 |15 |(3-) |3.9 KEV 4
28 |14 |13874.0 |12 |(3-) |7.1 KEV 7
28 |14 |13889.3 |8 |(3to6)- |35 EV 7
28 |14 |13901.7 |11 |(1-) |2.7 KEV 3
28 |14 |13941.0 |10 |(2+) |5.2 KEV 5
28 |14 |13968.2 |7 |(4+) |250 EV 50
28 |14 |13972.4 |7 |(2+) |2.5 KEV 3
28 |14 |13979.9 |7 |(4+) |2.6 KEV 3
28 |14 |13982.6 |7 |(6-) |300 EV 60
28 |14 |13984.1 |7 |(2+) |380 EV 60
28 |14 |14012.4 |10 |(4+) |100 EV 2
28 |14 |14024 |3 |(1-) |16 KEV 2
28 |14 |14037 |3 |(3-,2-) |45 KEV 5
28 |14 |14048 |3 |(5,4)+ |1.2 KEV 1
28 |14 |14049 |3 |(2+) |2.4 KEV 2
28 |14 |14065 |3 |(2+) |6.1 KEV 6
28 |14 |14075 |3 |(2-) |47 KEV 5
28 |14 |14089 |3 |(3-) |4.3 KEV 4
28 |14 |14094 |3 |(1+) |12 KEV 1
28 |14 |14095 |3 |(4+) |830 EV 80
28 |14 |14102.8 |10 |(5-) |240 EV 20
28 |14 |14159 |3 |(4,3)- |13 KEV 1
28 |14 |14163.7 |10 |(5+) |
28 |14 |14198.6 |10 |(3+) |1.1 KEV 1
28 |14 |14207.5 |10 |(4+) |1.0 KEV 1
28 |14 |14210 |3 |(2-) |20 KEV 2
28 |14 |14212.1 |10 |(5+) |600 EV 60
28 |14 |14227 |3 |(3+) |2.1 KEV 2
28 |14 |14245 |3 |(3-) |41 KEV 4
28 |14 |14245.4 |10 |(7+) |
28 |14 |14247 |3 |(2+) |26 KEV 3
28 |14 |14272 |3 | |
28 |14 |14287.6 |25 | |
28 |14 |14294 |3 |(2+) |2.0 KEV 2
28 |14 |14298 |3 |(4+) |1.4 KEV 1
28 |14 |14306 |3 |(1-) |74 KEV 7
28 |14 |14308 |5 |(2+) |
28 |14 |14318 |4 | |
28 |14 |14328 |3 |(4+) |620 EV 120
28 |14 |14331.7 |10 |(5+) |70 EV 15
28 |14 |14338 |5 | |
28 |14 |14346.2 |10 |(4-) |2.3 KEV 2
28 |14 |14356 |3 |(6-) |4.0 KEV 2
28 |14 |14358 |3 |(4+) |3.5 KEV 4
28 |14 |14358 |3 |(2-) |43 KEV 4
28 |14 |14375 |3 |(2+) |27 KEV 3
28 |14 |14391 |3 |(0+) |9.0 KEV 9
28 |14 |14392.9 |10 |(3+) |560 EV 60
28 |14 |14402.0 |10 |(4-) |430 EV 40
28 |14 |14417.3 |20 | |
28 |14 |14434 |3 |(3+) |19 KEV 2
28 |14 |14471.2 |10 |(6-) |180 EV 40
28 |14 |14478.0 |20 | |
28 |14 |14493 |3 |(2+) |23 KEV 2
28 |14 |14493 |3 |(3+) |5.9 KEV 6
28 |14 |14515 |3 |(3-) |950 EV 100
28 |14 |14523 |3 |(3-) |11 KEV 1
28 |14 |14535 |1 | |2 KEV LT
28 |14 |14542 |1 | |4 KEV 2
28 |14 |14550.5 |10 |(3+,4) |2 KEV LT
28 |14 |14554.5 |10 |(2+) |6 KEV 2
28 |14 |14561 |3 | |
28 |14 |14572.0 |10 |5 |2 KEV LT
28 |14 |14577.4 |10 |(2+) |2 KEV LT
28 |14 |14625 |4 | |
28 |14 |14633.3 |10 |(5+) |2 KEV LT
28 |14 |14643 |3 |(4+to8+) |
28 |14 |14650 |1 | |10 KEV 2
28 |14 |14687 |1 | |4 KEV 2
28 |14 |14709 |4 | |
28 |14 |14722.0 |10 |(4+,5) |2 KEV LT
28 |14 |14728 |1 | |13 KEV 2
28 |14 |14741.6 |10 |(3+to5+) |2 KEV LT
28 |14 |14762 |1 | |6 KEV 2
28 |14 |14766 |1 | |2 KEV LT
28 |14 |14785 |3 | |
28 |14 |14799 |1 | |2 KEV LT
28 |14 |14802.6 |10 |(4+) |2 KEV LT
28 |14 |14854 |1 | |5 KEV 2
28 |14 |14860 |1 | |4 KEV 2
28 |14 |14864 |1 | |4 KEV 2
28 |14 |14897 |1 | |2 KEV LT
28 |14 |14904 |1 | |2 KEV LT
28 |14 |14926 |1 | |10 KEV 2
28 |14 |14954.2 |10 |(3,4+) |10 KEV 2
28 |14 |15006 |1 | |3 KEV LT
28 |14 |15021 |1 | |2 KEV LT
28 |14 |15027.1 |10 |(5) |5 KEV LT
28 |14 |15034 |1 | |5 KEV 2
28 |14 |15051 |1 |(0to6)- |2 KEV LT
28 |14 |15076 |1 | |4 KEV 2
28 |14 |15085 |1 | |3 KEV LT
28 |14 |15113 |1 | |5 KEV 2
28 |14 |15127.0 |10 |(5-) |2 KEV LT
28 |14 |15153 |1 | |5 KEV 2
28 |14 |15182.7 |10 |6 |2 KEV LT
28 |14 |15227 |1 |(0+) |90 EV 15
28 |14 |15239.5 |10 |(4) |2 KEV LT
28 |14 |15243 |1 | |2 KEV LT
28 |14 |15250 |1 | |3 KEV LT
28 |14 |15264 |1 | |4 KEV 2
28 |14 |15267 |1 | |4 KEV 2
28 |14 |15272 |1 | |2 KEV LT
28 |14 |15292 |1 | |2 KEV LT
28 |14 |15357 |1 | |3 KEV LT
28 |14 |15386 |1 | |2 KEV LT
28 |14 |15402.5 |10 |(5) |2 KEV LT
28 |14 |15494 |10 |(0to6)- |
28 |14 |15914.8 |10 |(6+) |
29 |14 |0 | |1/2+ |STABLE
29 |14 |1273.387 |9 |3/2+ |291 FS 10
29 |14 |2028.16 |4 |5/2+ |306 FS 10
29 |14 |2425.97 |3 |3/2+ |18.1 FS 7
29 |14 |3067.13 |5 |5/2+ |33 FS 1
29 |14 |3623.49 |15 |7/2- |2.63 PS 9
29 |14 |4079.9 |3 |7/2+ |44 FS 12
29 |14 |4741.1 |3 |(9/2+) |36 FS 7
29 |14 |4840.38 |7 |1/2+ |3.5 FS LT
29 |14 |4895.2 |4 |5/2+ |12 FS 5
29 |14 |4934.438 |23 |3/2- |0.84 FS 12
29 |14 |5254.4 |4 |(9/2-) |82 FS 4
29 |14 |5284.7 |5 |7/2+ |6 FS 3
29 |14 |5652.2 |7 |9/2+ |51 FS 3
29 |14 |5811.7 |7 |7/2+ |32 FS 12
29 |14 |5947 |3 |3/2+ |10 FS LT
29 |14 |6107.1 |5 |5/2 |21 FS 3
29 |14 |6192.8 |7 |7/2- |17 FS 3
29 |14 |6380.610 |25 |1/2- |0.36 FS 11
29 |14 |6423 |1 |(7/2+) |14 FS LT
29 |14 |6496.23 |21 |1/2+to5/2+ |24 FS LT
29 |14 |6522 |1 |5/2+ |10 FS LT
29 |14 |6615 |1 |(9/2+) |14 FS LT
29 |14 |6695.93 |14 |1/2+ |
29 |14 |6710 |1 |(5/2+) |62 FS LT
29 |14 |6712.9 |5 |(3/2) |
29 |14 |6781.1 |7 |(11/2-) |15 FS 2
29 |14 |6908.52 |6 |(1/2+,3/2) |
29 |14 |6921 |1 |(7/2+) |14 FS LT
29 |14 |7014 |1 |(5/2-,7/2-) |32 FS 10
29 |14 |7058.00 |9 |1/2+ |15 FS LT
29 |14 |7072 |1 |(3/2+,5/2+) |10.4 FS LT
29 |14 |7139 |1 |(11/2+) |29 FS 10
29 |14 |7181.8 |2 |(3/2) |
29 |14 |7197 |1 |(3/2,5/2) |
29 |14 |7523.19 |13 |(1/2,3/2) |14 FS LT
29 |14 |7622.1 |8 |(5/2-,7/2-) |10.4 FS LT
29 |14 |7692.0 |4 |(1/2+,3/2+) |
29 |14 |7767 |1 |(3/2,5/2) |14 FS LT
29 |14 |7787 |1 |(7/2+) |15 FS 8
29 |14 |7892 |1 | |
29 |14 |7987 |1 |(9/2) |14 FS LT
29 |14 |7996.8 |9 |(3/2-) |
29 |14 |8138 |1 | |
29 |14 |8161 |1 | |14 FS LT
29 |14 |8173 |1 |(11/2+) |14 FS LT
29 |14 |8209 |1 |(3/2+) |14 FS LT
29 |14 |8270 |1 |(5/2-,7/2-) |
29 |14 |8290 |5 |5/2+ |
29 |14 |8331.0 |6 | |10.4 FS LT
29 |14 |8349 |1 | |
29 |14 |8371 |1 | |
29 |14 |8418 |1 |(3/2) |
29 |14 |8476 |1 | |10.4 FS LT
29 |14 |8507.5 |17 |(3/2+,5/2+) |
29 |14 |8529.2 |17 | |
29 |14 |8541.3 |10 | |
29 |14 |8557.8 |2 | |
29 |14 |8603 |2 | |
29 |14 |8609 |2 | |15 FS LT
29 |14 |8610 |2 | |15 FS LT
29 |14 |8622 |2 | |15 FS LT
29 |14 |8641 |2 | |14 FS LT
29 |14 |8655 | | |60 KEV 7
29 |14 |8670 |2 | |15 FS LT
29 |14 |8762 |2 | |19 FS 4
29 |14 |8854 |2 | |
29 |14 |8865 |2 | |29 FS 10
29 |14 |8909 |2 | |
29 |14 |8959 |2 | |
29 |14 |9019.0 |5 | |
29 |14 |9151 |2 | |
29 |14 |9157 |2 | |
29 |14 |9219 |1 | |
29 |14 |9252 |2 | |
29 |14 |9298 |2 | |
29 |14 |9326 |2 | |14 FS LT
29 |14 |9392 |2 | |
29 |14 |9413 |2 | |
29 |14 |9518 |2 | |
29 |14 |9630 |7 |1/2+ |
29 |14 |9667 |2 | |
29 |14 |9683 |2 | |
29 |14 |9765 |2 | |
29 |14 |9779 |2 | |
29 |14 |9850 |2 | |
29 |14 |9943 |2 | |
29 |14 |9952 |2 | |
29 |14 |9987 |2 | |
29 |14 |10006 |2 | |
29 |14 |10083 |2 | |
29 |14 |10131 |2 | |
29 |14 |10170 |2 | |
29 |14 |10213 |12 | |
29 |14 |10236 |2 | |
29 |14 |10252 |2 | |
29 |14 |11087 |7 |(3/2+,5/2+) |
29 |14 |11305 |9 |(3/2+,5/2+) |
29 |14 |11665 |10 |1/2+ |
30 |14 |0 | |0+ |STABLE
30 |14 |2235.322 |18 |2+ |215 FS 28
30 |14 |3498.49 |3 |2+ |58 FS 17
30 |14 |3769.48 |4 |1+ |36 FS 9
30 |14 |3787.72 |4 |0+ |8.3 PS 5
30 |14 |4810.31 |11 |2+ |104 FS 15
30 |14 |4830.85 |4 |3+ |83 FS 24
30 |14 |5231.38 |7 |3+ |43 FS 21
30 |14 |5279.37 |14 |4+ |83 FS 22
30 |14 |5372.2 |6 |0+ |59 FS 21
30 |14 |5487.50 |5 |3- |43 FS 12
30 |14 |5614.04 |13 |2+ |21 FS LT
30 |14 |5950.73 |15 |4+ |15 FS 8
30 |14 |6503.41 |8 |4- |139 FS 35
30 |14 |6537.5 |16 |2+ |17 FS LT
30 |14 |6641.21 |7 |2- |21 FS 9
30 |14 |6642 |3 |0+ |
30 |14 |6744.06 |4 |1- |14 FS LT
30 |14 |6865.2 |12 |3+ |23 FS 16
30 |14 |6914.79 |24 |(2+) |24 FS LT
30 |14 |6998.90 |15 |5+ |104 FS 35
30 |14 |7043.21 |14 |5- |0.83 PS 20
30 |14 |7079.4 |14 |(1+,2-,3+) |14 FS LT
30 |14 |7223.2 |4 |4+ |14 FS LT
30 |14 |7255.8 |16 |2+ |35 FS LT
30 |14 |7441 |4 |0+ |
30 |14 |7507.84 |5 |(2-) |24 FS LT
30 |14 |7612.4 |13 |(4-) |13 FS 6
30 |14 |7623.9 |23 |(2+) |17 FS LT
30 |14 |7634 |3 | |
30 |14 |7667.4 |6 |(1+,2+) |14 FS LT
30 |14 |7809.7 |13 |4+ |12 FS 8
30 |14 |7911.8 |20 |2+ |21 FS 15
30 |14 |8104.8 |3 |(2+,3-) |24 FS LT
30 |14 |8156.1 |7 |(1-to4+) |
30 |14 |8163.22 |7 |1- |
30 |14 |8190.6 |24 |(2+) |24 FS LT
30 |14 |8194.0 |4 |5- |35 FS 12
30 |14 |8289.5 |23 |(1to3) |
30 |14 |8332.7 |13 | |
30 |14 |8441.2 |23 |3- |
30 |14 |8536.4 |16 |(3+,4+) |31 FS 16
30 |14 |8554 |3 |3- |14 FS LT
30 |14 |8595.9 |17 |(4-) |24 FS LT
30 |14 |8639.4 |21 |(1+to4+) |24 FS LT
30 |14 |8672.2 |18 |(1-,2+) |
30 |14 |8683.7 |15 |2+ |24 FS LT
30 |14 |8734 |3 |(0+to3+) |
30 |14 |8799 |3 |(1,2+) |
30 |14 |8887 |4 |(0+to4+) |
30 |14 |8898.10 |11 |(1-) |
30 |14 |8939 |3 |(2+) |
30 |14 |8953.4 |5 |(1,2+) |
30 |14 |8959.4 |7 |(5-) |17 FS 10
30 |14 |8979 |3 |(1,2+) |
30 |14 |9034.8 |23 |(0+to3+) |
30 |14 |9044.8 |18 |(3,4) |24 FS LT
30 |14 |9103.73 |6 |(1-,2-) |24 FS LT
30 |14 |9106.76 |17 |6- |24 FS 6
30 |14 |9129.8 |20 |(4+,5+) |17 FS LT
30 |14 |9166.4 |16 |(1+to3+) |24 FS LT
30 |14 |9255.2 |20 |(2+,3+) |
30 |14 |9308.11 |22 |(1to3+) |24 FS LT
30 |14 |9349.3 |17 |(4-) |24 FS LT
30 |14 |9362 |4 |(1,2+) |
30 |14 |9367.2 |4 |6+ |17 FS LT
30 |14 |9405.7 |20 |(1+to4+) |24 FS LT
30 |14 |9439 |3 |(1-) |
30 |14 |9474.1 |24 |(2+to4+) |
30 |14 |9505.2 |17 |(5-) |17 FS LT
30 |14 |9575 |3 |(1+to3) |
30 |14 |9597.3 |3 |(0+to4+) |
30 |14 |9604.5 |20 |(2to4+) |
30 |14 |9619.74 |13 |(1-) |
30 |14 |9647.3 |20 |(3-,4) |35 FS LT
30 |14 |9688 |4 |(0to3-) |
30 |14 |9725 |3 |(0+to4+) |
30 |14 |9760.5 |20 |(2+to4+) |35 FS LT
30 |14 |9768 |3 |(1,2+) |
30 |14 |9773.7 |5 |6- |24 FS LT
30 |14 |9792.3 |3 |(1-) |
30 |14 |9816 |4 |(0+to4+) |
30 |14 |9881.8 |20 |(3,4) |
30 |14 |9896.6 |20 |(0+to4+) |
30 |14 |9953.9 |16 |(4,5) |14 FS LT
30 |14 |9958 |3 |(1,2+) |
30 |14 |10026.6 |23 |(2to4+) |
30 |14 |10056.4 |20 |4+ |
30 |14 |10078.7 |24 |(1+to4+) |
30 |14 |10115.8 |24 |(1-to4+) |
30 |14 |10183.8 |23 |(0+to3+) |
30 |14 |10186.7 |17 |(5-) |19 FS 14
30 |14 |10202.3 |5 |(1-) |
30 |14 |10219 |4 |(0+to4+) |
30 |14 |10275.5 |7 |(0+to4+) |
30 |14 |10286.7 |24 |(4+,5+) |28 FS LT
30 |14 |10304.4 |18 |(3-) |
30 |14 |10347.8 |20 |(3+,4) |24 FS LT
30 |14 |10354.9 |23 |(0+to4+) |
30 |14 |10396 |3 |(3,5+) |24 FS LT
30 |14 |10420 |4 |(2+to6+) |
30 |14 |10449 |3 |(0to3+) |
30 |14 |10464.1 |20 |(3+,4) |35 FS LT
30 |14 |10472 |3 |(1,2+) |
30 |14 |10507.9 |23 |(0+to3+) |
30 |14 |10554.6 |3 |(6-) |35 FS LT
30 |14 |10581 |4 |(0to3+) |
30 |14 |10622 |4 |(0to4+) |
30 |14 |10668.2 |21 |(3-,4-,5) |17 FS LT
30 |14 |10675.4 |12 |(6+) |12 FS 8
30 |14 |10719.33 |19 |(7-) |17 FS 9
30 |14 |10731.4 |18 |(3-,4-,5-) |28 FS LT
30 |14 |10794.5 |24 |(2to4) |
30 |14 |10805 |4 |(0+to4+) |
30 |14 |10821.6 |18 |(4,5+,6+) |24 FS LT
30 |14 |10835 |4 |(1+to5+) |
30 |14 |10865.1 |18 |(3-to5) |35 FS LT
30 |14 |10909 |10 | |
30 |14 |10975 |4 |(0+to4+) |
30 |14 |10990.0 |17 |(3to5) |
30 |14 |11015 |3 |(2+to4+) |
30 |14 |11037.5 |24 |(3-to6+) |52 FS LT
30 |14 |11073 |4 |(3to5) |35 FS LT
30 |14 |11082.7 |16 |(4-to6-) |24 FS 9
30 |14 |11090 |4 |(3to5) |35 FS LT
30 |14 |11205 |3 |(0+to4+) |
30 |14 |11209.5 |21 |(4,5+) |
30 |14 |11248.2 |13 | |24 FS LT
30 |14 |11268 |3 |(2+to5+) |
30 |14 |11321.8 |24 |(2+to5+) |
30 |14 |11348 |4 |(2+to6+) |
30 |14 |11382 |4 |(0+to4+) |
30 |14 |11416.3 |20 |(6+,4+) |35 FS LT
30 |14 |11473.6 |18 |(6-,5-) |
30 |14 |11492.0 |24 |(3+to6+) |
30 |14 |11510 |3 |(4to5+) |
30 |14 |11539.4 |8 |7- |
30 |14 |11563 |3 |(5,3+) |24 FS LT
30 |14 |11659.4 |24 |(4to6) |
30 |14 |11739.5 |20 |(3to5) |
30 |14 |11783.7 |24 |(4,5+) |35 FS LT
30 |14 |11842 |4 |(0+to4+) |
30 |14 |11879 |4 |(3-to7-) |
30 |14 |12014.1 |24 |(4to6+) |
30 |14 |12393.8 |24 | |
30 |14 |12510 |3 | |
30 |14 |12714.9 |15 | |
30 |14 |12832.02 |24 |(8-) |
30 |14 |13202.8 |5 |(8-) |
30 |14 |15191.4 |5 |(9-) |
30 |14 |15528.8 |14 |(9-) |
31 |14 |0 | |3/2+ |157.36 M 26
31 |14 |752.23 |3 |1/2+ |0.53 PS 12
31 |14 |1694.91 |4 |5/2+ |0.57 PS 15
31 |14 |2316.93 |10 |3/2+ |38 FS 15
31 |14 |2788.03 |7 |(5/2+) |14 FS 14
31 |14 |3133.5 |10 |7/2- |0.37 PS 8
31 |14 |3532.92 |3 |3/2- |6.9 FS LT
31 |14 |3873.6 |10 |(7/2+,9/2+) |
31 |14 |4261.6 |5 |3/2+,5/2+ |
31 |14 |4382.37 |4 |(3/2)- |
31 |14 |4690.5 |16 | |
31 |14 |4719.1 |3 |1/2+ |
31 |14 |4933 |10 | |
31 |14 |4966 |10 | |
31 |14 |4992 |10 | |
31 |14 |5281.37 |4 |(1/2)- |
31 |14 |5311 |10 | |
31 |14 |5441.9 |4 |5/2-,7/2- |
31 |14 |5594 |10 | |
31 |14 |5604 |3 | |
31 |14 |5655 |10 | |
31 |14 |5680 |4 | |
31 |14 |5730 |10 | |
31 |14 |5819 |8 |(1/2+) |
31 |14 |5873.15 |7 |1/2-,3/2- |
31 |14 |5957.92 |19 |(1/2-,3/2,5/2+) |
31 |14 |5985 |5 |(3/2+,5/2+) |
31 |14 |6071 |2 |3/2+,5/2+ |
31 |14 |6106 |1 |5/2-,7/2- |
31 |14 |6241 |5 |3/2+,5/2+ |
31 |14 |6285 |10 | |
31 |14 |6351 |4 | |
31 |14 |6417 |4 |(5/2-,7/2-) |
31 |14 |6450 |10 | |
31 |14 |6461 |1 |(3/2+,5/2+) |
31 |14 |6577.08 |4 |1/2+ |
31 |14 |6583 |1 |5/2-,7/2- |
31 |14 |6587.40 |4 |1/2+ |
31 |14 |6592.22 |3 |1/2- |1.90 EV 7
31 |14 |6602.06 |4 | |
31 |14 |6661 |8 | |
31 |14 |6765.1 |8 |1/2+ |11.0 KEV 3
31 |14 |6771.8 |4 |(3/2+) |
31 |14 |6791 |10 | |
31 |14 |6814.9 |5 |3/2+,5/2+ |
31 |14 |6880.6 |8 |3/2- |0.52 KEV 4
31 |14 |6915.2 |5 |3/2+,5/2+ |
31 |14 |6949 |10 |(1/2-,3/2+) |
31 |14 |6987.4 |4 |1/2- |1.30 KEV 25
31 |14 |7008 |10 |(1/2-,3/2-) |
31 |14 |7164 |10 |(3/2+,5/2+) |
31 |14 |7212.2 |6 |(3/2+,5/2+) |
31 |14 |7269.9 |7 |(3/2+,5/2+) |
31 |14 |7309.1 |7 |3/2- |
31 |14 |7359.1 |7 |(1/2-) |0.86 KEV 13
31 |14 |7369.3 |8 |(1/2-) |0.52 KEV 10
31 |14 |7372.6 |8 |(1/2-) |0.60 KEV 12
31 |14 |7405.2 |8 |3/2- |20.8 KEV 8
31 |14 |7432 |10 |3/2+,5/2+ |
31 |14 |7438.3 |4 |(5/2) |
31 |14 |7536.0 |10 |1/2- |6 KEV 1
31 |14 |7564 |10 |(3/2+,5/2,7/2-) |
31 |14 |7648 |10 |(3/2+,5/2,7/2-) |
31 |14 |7718 |10 | |
31 |14 |7732.3 |11 |1/2+ |7.5 KEV 5
31 |14 |7766.7 |12 |3/2+,5/2+ |5.0 KEV 5
31 |14 |7822.1 |12 |1/2- |7.9 KEV 13
31 |14 |7848.5 |13 |(3/2+,5/2+) |4.2 KEV 10
31 |14 |7856.7 |13 |(3/2-) |5.0 KEV 16
31 |14 |7883.1 |13 |1/2- |9 KEV 3
31 |14 |7900.6 |13 |3/2- |34 KEV 3
31 |14 |7904.6 |8 |5/2-,7/2- |
31 |14 |7927.3 |13 |1/2- |5.8 KEV 20
31 |14 |7944.2 |14 |(3/2+,5/2+) |
31 |14 |7954.9 |14 |(3/2-) |5.4 KEV 12
31 |14 |7991 |4 |5/2-,7/2- |
31 |14 |8017.5 |12 |5/2-,7/2- |
31 |14 |8034.9 |12 |5/2-,7/2- |
31 |14 |8071 |3 |5/2-,7/2- |
31 |14 |8115.9 |13 |5/2-,7/2- |
31 |14 |8140 |14 |5/2-,7/2- |
31 |14 |8164.8 |15 |5/2-,7/2- |
31 |14 |8220 |14 | |
31 |14 |8240 |14 |(5/2-,7/2-) |
31 |14 |8360 |14 |5/2-,7/2- |
31 |14 |8570 |14 |3/2+,5/2+ |
31 |14 |8620 |14 |3/2+,5/2+ |
31 |14 |8710 |14 |(5/2-,7/2-) |
31 |14 |8780 |14 |(3/2+,5/2+) |
31 |14 |8830 |14 |(1/2-,3/2-) |
31 |14 |8850 |14 | |
31 |14 |8920 |14 |(1/2-,3/2-) |
31 |14 |8970 |14 |(1/2-,3/2-) |
31 |14 |9230 |14 |(3/2+,5/2+) |
31 |14 |9380 |14 | |
31 |14 |9590 |10 | |
31 |14 |10760 |10 | |
32 |14 |0 | |0+ |153 Y 19
32 |14 |1941.4 |3 |2+ |0.63 PS 17
32 |14 |4230.8 |8 |2+ |0.26 PS 9
32 |14 |4983.9 |11 |0+ |0.30 PS LT
32 |14 |5220 |3 |(1to4) |80 FS LT
32 |14 |5288.8 |8 |3- |152 FS 35
32 |14 |5412.4 |9 |2+ |50 FS LT
32 |14 |5502 |4 |(4+,5-) |
32 |14 |5581 |4 |(5-) |27 NS 2
32 |14 |5773 |2 |(1,2,3) |139 FS LT
32 |14 |5785.7 |16 |(0,1,2)+ |0.8 PS GE
32 |14 |5893 |8 | |
32 |14 |5954 |2 |(2,3-) |55 FS LE
32 |14 |6170 |5 |(2+) |55 FS LE
32 |14 |6195 |4 |1(-) |38 FS LE
32 |14 |6242 |5 |0+ |55 FS LE
32 |14 |6388 |3 |2+ |42 FS LT
32 |14 |6477 |6 |3- |
32 |14 |6705 |6 |1- |
32 |14 |6860 |5 |3- |
32 |14 |7083 |5 |2+ |
32 |14 |7482 |9 | |
32 |14 |7743 |6 | |
32 |14 |7793 |9 |3-,4+ |
32 |14 |7887 |18 | |
32 |14 |7978 |14 |3- |
32 |14 |8066 |9 |2+ |
32 |14 |8321 |8 |5- |
32 |14 |8361 |10 |2+ |
32 |14 |8422 |10 | |
32 |14 |8567 |8 |3- |
32 |14 |8650 |15 |2+ |
32 |14 |8758 |9 |3-,4+ |
32 |14 |8842 |13 | |
32 |14 |8877 |8 | |
32 |14 |8971 |9 | |
32 |14 |9003 |7 | |
32 |14 |9192 |12 | |
32 |14 |9543 |6 | |
32 |14 |9701 |6 | |
32 |14 |9782 |12 | |
32 |14 |9934 |29 | |
32 |14 |9975 |25 | |
32 |14 |10052 |5 | |
32 |14 |10237 |5 | |
32 |14 |10279 |6 | |
32 |14 |10317 |5 | |
32 |14 |10461 |9 | |
32 |14 |10603 |15 | |
32 |14 |10664 |14 | |
32 |14 |10725 |9 | |
32 |14 |10778 |13 | |
32 |14 |10846 |13 | |
32 |14 |10888 |12 | |
32 |14 |10971 |9 | |
32 |14 |11398 |7 | |
32 |14 |11454 |8 | |
33 |14 |0 | |3/2+ |6.11 S 21
33 |14 |1010.2 |5 |1/2+ |
33 |14 |1434.9 |5 |7/2- |10.2 NS 3
33 |14 |1981.0 |15 |(3/2-) |
33 |14 |3159 |3 |(9/2-) |
33 |14 |4090 |3 |(11/2-) |
33 |14 |4341 |11 |3/2+,5/2+ |
33 |14 |4931 |4 |(11/2-) |
33 |14 |5480 | | |
34 |14 |0.0 | |0+ |2.77 S 20
34 |14 |3327.14 |20 |2+ |82 FS 32
34 |14 |3590 |25 | |
34 |14 |4256.1 |4 |(3-) |210 NS LT
34 |14 |4380.2 |4 |(3-) |
34 |14 |4520.2 |11 | |
34 |14 |4971.1 |5 |(3-,4-,5-) |
34 |14 |5042.2 |11 | |
34 |14 |5330.4 |10 |2+ |
34 |14 |6023.3 |11 | |
35 |14 |0 | |(7/2)- |0.78 S 12
35 |14 |909.95 |23 |(3/2)- |55 PS 14
35 |14 |973.88 |18 |(3/2+) |5.9 NS 6
35 |14 |1444 | |(1/2+) |
35 |14 |1689 |3 |1/2+ |
35 |14 |1970 |6 | |
35 |14 |2044 |5 |(1/2)- |
35 |14 |2168.2 |4 |5/2+ |
35 |14 |2194 | |(1/2-,3/2-) |
35 |14 |2275 |6 | |
35 |14 |2377 |7 | |
35 |14 |3140 | | |
35 |14 |3450 | | |
35 |14 |3611 |8 | |
35 |14 |3770 | | |
35 |14 |5190 | | |
35 |14 |5500 |AP |(5/2)- |
35 |14 |5760 | | |
35 |14 |6330 | | |
35 |14 |7360 | | |
35 |14 |7690 | | |
36 |14 |0 | |0+ |0.45 S 6
36 |14 |1408.0 |10 |2+ |2.7 PS +11-7
36 |14 |2850 |4 |(4+) |
36 |14 |3692 |4 |(6+) |
37 |14 |0 | |(5/2-) |90 MS 60
37 |14 |68.2 |14 |(7/2-) |
37 |14 |155.4 |12 |(3/2-) |3.0 NS 7
37 |14 |693 |3 |(3/2-) |
37 |14 |717 |3 |(3/2)+ |
37 |14 |1270.2 |10 |(5/2+) |
37 |14 |1438 |3 |(1/2-) |1.4 PS +30-9
38 |14 |0 | |0+ |1 US GT
38 |14 |1084 |20 |2+ |12 PS 5
39 |14 |0 | | |47.5 MS 20
39 |14 |0 | | |47.5 MS 20
39 |14 |0 | |(5/2-) |47.5 MS 20
39 |14 |0 | |(5/2-) |47.5 MS 20
39 |14 |0+X | |(3/2-) |
39 |14 |0+X | |(3/2-) |
39 |14 |171 |5 |(7/2-) |0.97 NS 7
39 |14 |171 |5 |(7/2-) |0.97 NS 7
39 |14 |399 |13 | |
39 |14 |399 |13 | |
39 |14 |702 |23 | |
39 |14 |702 |23 | |
39 |14 |828 |25 | |
39 |14 |828 |25 | |
39 |14 |879 |4 |(3/2+) |
39 |14 |879 |4 |(3/2+) |
39 |14 |1307 |18 | |
39 |14 |1307 |18 | |
39 |14 |1722 |28 | |
39 |14 |1722 |28 | |
40 |14 |0 | |0+ |33.0 MS 10
40 |14 |986 |5 |(2+) |
40 |14 |1624 |7 | |
40 |14 |1831 |8 | |
41 |14 |0 | | |200 NS GT
42 |14 |0 | |0+ |12.5 MS 35
42 |14 |770 |15 |(2+) |
43 |14 |0 | | |60 NS GT
44 |14 |0 | |0+ |360 NS GT
