25 |15 |0.0 | |(1/2+) |30 NS LT
26 |15 |0 | |(3)+ |43.7 MS 6
27 |15 |0.0 | |1/2+ |260 MS 80
27 |15 |1120 |8 |(3/2+) |
27 |15 |1625 |19 | |
27 |15 |3453 |22 | |
27 |15 |12752 |50 | |
28 |15 |0.0 | |3+ |270.3 MS 5
28 |15 |105.64 |10 |(2+) |
28 |15 |877 |2 | |
28 |15 |1134.0 |5 |(3+) |1.0 PS LT
28 |15 |1313 |2 |(1+) |
28 |15 |1516 |2 |(2+) |
28 |15 |1567 |3 |(1+) |
28 |15 |2104 |1 |(2+) |87 FS LT
28 |15 |2143 |5 |(1+) |
28 |15 |2216 |5 |(3,4)+ |
28 |15 |2406 |5 |(0,1,2)+ |
28 |15 |2483 |5 | |
28 |15 |2628 |5 |(3,4)+ |
28 |15 |2857 |5 | |
28 |15 |2896 |5 |(3,4)+ |
28 |15 |2973 |5 |(1+) |
28 |15 |3164 |5 |(3,4)+ |
28 |15 |3200 |5 | |
28 |15 |3250 |5 | |
28 |15 |3512 |5 |(1+) |
28 |15 |3558 |5 | |
28 |15 |3728 |5 | |
28 |15 |3806 |5 | |
28 |15 |3911 |5 |(2+) |
28 |15 |4150 |10 | |
28 |15 |4180 |10 | |
28 |15 |4290 |10 | |
28 |15 |4500 | | |
28 |15 |4630 |10 |1+ |
28 |15 |4940 |10 |6- |
28 |15 |4970 |10 | |
28 |15 |5190 |10 | |
28 |15 |5900 |21 |0+ |
29 |15 |0 | |1/2+ |4.142 S 15
29 |15 |1383.55 |7 |3/2+ |151 FS 12
29 |15 |1953.91 |17 |5/2+ |268 FS 21
29 |15 |2422.7 |3 |3/2+ |19 FS 3
29 |15 |3105.9 |3 |5/2+ |23 FS 10
29 |15 |3447.6 |4 |7/2- |9 FS 6
29 |15 |4080.5 |3 |7/2+ |11 FS 1
29 |15 |4343.0 |20 |3/2- |52 KEV 8
29 |15 |4642.0 |6 |(7/2+,9/2+) |35 FS 15
29 |15 |4759 |3 |1/2+ |15.6 KEV 6
29 |15 |4954.1 |5 |(5/2+) |2 KEV LT
29 |15 |5047 |3 |(7/2+,9/2+) |
29 |15 |5293.0 |5 |(7/2+) |2 KEV LT
29 |15 |5527 |20 |1/2- |400 KEV 20
29 |15 |5583 |4 | |
29 |15 |5716 |4 | |
29 |15 |5740 |3 |7/2- |12.5 KEV 7
29 |15 |5826 |4 | |
29 |15 |5968 |3 |3/2+ |9.5 KEV 15
29 |15 |6191 |5 |3/2- |95 KEV 6
29 |15 |6328 |5 |(1/2,3/2) |73 KEV 5
29 |15 |6505 |15 | |
29 |15 |6577 |5 |1/2+ |200 KEV 20
29 |15 |6828 |5 |(3/2+,5/2+) |4.9 KEV 4
29 |15 |6956 |10 |1/2+ |120 KEV 10
29 |15 |7021 |5 |(1/2-,3/2-) |100 KEV 8
29 |15 |7148 |10 | |
29 |15 |7272 |5 |(5/2+) |3 KEV LT
29 |15 |7361 |10 | |
29 |15 |7456 |5 |(7/2-,5/2-) |8.4 KEV 7
29 |15 |7523 |5 |(3/2+) |7 KEV 3
29 |15 |7641 |40 |1/2+ |165 KEV 25
29 |15 |7755 |5 |(5/2+) |2 KEV AP
29 |15 |7950 |15 |(1/2-,3/2-) |14 KEV 4
29 |15 |7998 |30 |(1/2-,3/2-) |125 KEV 25
29 |15 |8106 |11 |(5/2+) |36 KEV 10
29 |15 |8234 |9 |(3/2+) |20 KEV 4
29 |15 |8297 |15 |(1/2-,3/2-) |40 KEV AP
29 |15 |8379 |3 |(5/2+) |0.271 KEV 10
29 |15 |8432 |15 |(5/2+) |
29 |15 |8510 |10 |(1/2+) |36 KEV 10
29 |15 |8532 |10 |(3/2+,5/2+) |25 KEV 7
29 |15 |8645 |15 | |10 KEV AP
29 |15 |8693 |30 |(1/2+,3/2+) |120 KEV 30
29 |15 |8780 |15 |(1/2+) |14 KEV 3
29 |15 |8810 |30 | |
29 |15 |8865 |12 |(1/2+,3/2+) |9 KEV 3
29 |15 |8915 |15 |(3/2+,5/2+) |33 KEV 6
29 |15 |9002 |15 |(5/2+,3/2+) |50 KEV AP
29 |15 |9079 |15 |(1/2-,3/2-) |23 KEV 5
29 |15 |9118 |40 | |150 KEV AP
29 |15 |9301 |15 | |7 KEV 3
29 |15 |9369 |15 | |
29 |15 |9389 |12 |(3/2+) |13 KEV 5
29 |15 |9455 |15 |(1/2+) |20 KEV 5
29 |15 |9548 | |(1/2+) |50 KEV 10
29 |15 |9625 | |(1/2+) |40 KEV 10
29 |15 |9664 |2 |(1/2+) |3.07 KEV 5
29 |15 |9743 | |(1/2+) |6.5 KEV 3
29 |15 |9760 | |(3/2+,5/2+) |7.6 KEV 3
29 |15 |9773 | |(3/2+,5/2+) |7.6 KEV 3
29 |15 |9815 | |(3/2+,5/2+) |19.8 KEV 10
29 |15 |9855 |30 |(3/2+,5/2+) |11.7 KEV 5
29 |15 |10095 |30 | |
29 |15 |10490 |2 |(3/2+) |0.88 KEV 17
29 |15 |11360 |2 |(5/2+) |3.5 KEV 5
29 |15 |11480 |2 |(5/2+) |1.53 KEV 12
30 |15 |0 | |1+ |2.498 M 4
30 |15 |677.01 |3 |0+ |96 FS 10
30 |15 |708.70 |3 |1+ |45 PS 4
30 |15 |1454.23 |2 |2+ |4.5 PS 5
30 |15 |1973.27 |4 |3+ |1.9 PS 6
30 |15 |2538.95 |5 |(3+) |151 FS 14
30 |15 |2723.72 |7 |2+ |112 FS 10
30 |15 |2839.34 |4 |(3+) |573 FS 125
30 |15 |2937.46 |2 |2+ |48 FS 3
30 |15 |3019.2 |1 |1+ |2 FS 1
30 |15 |3304 |5 |(1+) |
30 |15 |3733.80 |7 |(1+) |26 FS 5
30 |15 |3835.80 |5 |2+ |32 FS 6
30 |15 |3928.61 |5 |3+ |79 FS 14
30 |15 |4143.63 |6 |2- |30 FS 3
30 |15 |4182.81 |6 |2+ |2.2 FS 6
30 |15 |4231.97 |9 |4- |1.3 PS 7
30 |15 |4298.6 |2 |4+ |100 FS 18
30 |15 |4343.8 |1 |5+ |123 FS 10
30 |15 |4422.8 |1 |2+ |40 FS 6
30 |15 |4468.33 |7 |0+ |1.9 FS 3
30 |15 |4502.21 |9 |1+ |4.4 FS 15
30 |15 |4625.92 |8 |3- |171 FS 14
30 |15 |4736.03 |8 |3+ |51 FS 7
30 |15 |4926.0 |2 |(3-,5-) |260 PS 35
30 |15 |4937.3 |2 |1 |4.6 FS 14
30 |15 |4941.2 |3 |(1+) |4.3 FS 11
30 |15 |4951 |5 | |
30 |15 |5027 |4 |5-,(4-,6-) |
30 |15 |5206.8 |1 |3+ |15 FS 4
30 |15 |5230.1 |3 | |
30 |15 |5411.1 |3 |(2-) |
30 |15 |5506.3 |2 |(1+) |3.8 FS 9
30 |15 |5508.55 |8 |(2,3) |10 FS 5
30 |15 |5576.3 |1 |2+ |6 FS 1
30 |15 |5597 |5 |4+ |
30 |15 |5701.3 |2 |1+ |11 FS 3
30 |15 |5715 |4 |(5,7)+ |
30 |15 |5788 |5 |(3to5)+ |
30 |15 |5808 |5 |(3,5)+ |
30 |15 |5896 |5 |(2-) |
30 |15 |5907.8 |8 |(2-,1-) |
30 |15 |5934.0 |1 |(3+) |
30 |15 |5993 |5 |(0,1,2)- |
30 |15 |5997.2 |8 |(1+) |
30 |15 |6006.0 |1 |(3+) |
30 |15 |6051 |5 |(3,4,5)+ |
30 |15 |6093.5 |1 |3- |4.4 FS 10
30 |15 |6178 |4 |(5,6,7)+ |
30 |15 |6229.0 |3 |(3,5)+ |
30 |15 |6268.7 |4 |(2-) |
30 |15 |6295 |5 | |
30 |15 |6299.3 |2 |3+ |
30 |15 |6354 |5 |(4,5,6)- |
30 |15 |6470 |5 |(5+,6-) |
30 |15 |6481.6 |5 |(1+) |
30 |15 |6520.8 |5 |(1+,2+) |
30 |15 |6597.7 |5 |(3,4+,5+) |
30 |15 |6648 |5 | |
30 |15 |6667.8 |5 |(2-,3+) |
30 |15 |6788 |4 | |
30 |15 |6853.9 |5 |1+ |25 EV
30 |15 |6873.4 |5 |3+ |3 EV
30 |15 |6877 |1 |(2-) |3.1 KEV
30 |15 |6921 |1 |1- |5.4 KEV
30 |15 |6978.3 |5 |(3+,4+) |
30 |15 |6981 |5 |(5to7)+ |
30 |15 |7014.9 |5 |2- |0.70 KEV
30 |15 |7045.0 |5 |(2,3,4)- |20 EV
30 |15 |7049.4 |5 |4- |45 EV
30 |15 |7119.1 |5 |(1+,2+,3+) |
30 |15 |7178 |3 |1- |15 KEV
30 |15 |7202.4 |15 |(6+,7+) |9.4 PS 12
30 |15 |7203.0 |5 |(2+) |30 EV
30 |15 |7207.5 |5 |(0+) |50 EV
30 |15 |7223.3 |5 |2- |4.5 KEV
30 |15 |7282.0 |5 |3+ |1 EV
30 |15 |7283.4 |5 |2+ |7 EV
30 |15 |7304.9 |5 |(2-) |60 EV
30 |15 |7306.3 |5 |(2-) |45 EV
30 |15 |7322 |3 |(1-) |16.5 KEV
30 |15 |7347 |5 |(5,6,7)+ |
30 |15 |7370 |5 | |
30 |15 |7383.4 |5 |(1to3+) |
30 |15 |7472 |10 | |
30 |15 |7493 |1 |(1+) |3.5 KEV
30 |15 |7560.5 |5 |(3+) |40 EV
30 |15 |7562.5 |5 |(2+) |25 EV
30 |15 |7579.9 |5 |(2-) |0.17 KEV
30 |15 |7605.0 |5 |(1+,2+) |0.26 KEV
30 |15 |7636.0 |5 |(3+) |3 EV LT
30 |15 |7644.3 |5 |(3+) |65 EV
30 |15 |7647 |10 |(4,5,6)- |
30 |15 |7688.2 |5 |(3+,4-) |3 EV LT
30 |15 |7742 |3 |(1-) |52 KEV
30 |15 |7749.3 |5 |(1+) |0.53 KEV
30 |15 |7752.7 |5 |(3+,4+) |3 EV LT
30 |15 |7759.0 |5 |(3+) |4 EV LT
30 |15 |7786.4 |5 |(2-,4-) |17 EV
30 |15 |7803 |3 |(2,3,4)- |10 EV
30 |15 |7826.3 |5 |(2-) |50 EV
30 |15 |7873.7 |5 |(4-) |20 EV
30 |15 |7883.8 |5 |(4+) |
30 |15 |7892 |3 |(2-) |70 KEV
30 |15 |7920.9 |5 |2+ |0.38 KEV
30 |15 |7921.8 |5 |(3+) |
30 |15 |7922 |1 |(4+) |
30 |15 |7932 |3 |(0+) |28 KEV
30 |15 |7996.7 |5 |(1+) |1.0 KEV
30 |15 |8001 |1 |(1-) |4.8 KEV
30 |15 |8007.4 |5 |(2+) |0.65 KEV
30 |15 |8014.3 |5 |(2+) |0.16 KEV
30 |15 |8032 |3 |(2-,1-) |50 EV
30 |15 |8053 |3 | |
30 |15 |8096 |3 |1+ |7.4 KEV
30 |15 |8107 |3 |2+ |0.28 KEV
30 |15 |8151 |3 | |
30 |15 |8166 |3 |1- |1.7 KEV
30 |15 |8181 |3 |1+ |18 KEV
30 |15 |8187 |3 |3- |0.70 KEV
30 |15 |8206 |3 |4- |40 EV
30 |15 |8207 |3 |0+ |13 KEV
30 |15 |8209 |3 |0- |30 KEV
30 |15 |8242 |10 |(4,5,6)- |
30 |15 |8271 |3 | |
30 |15 |8276 |3 |2- |60 EV
30 |15 |8278 |3 |2+ |1.3 KEV
30 |15 |8319 |3 |1+ |6.0 KEV
30 |15 |8350 |3 |4- |0.17 KEV
30 |15 |8351 |3 | |
30 |15 |8352 |3 |2- |2.4 KEV
30 |15 |8386 |3 |3+ |0.10 KEV
30 |15 |8398 |3 |2+ |0.24 KEV
30 |15 |8409 |3 |3- |65 EV
30 |15 |8426 |3 | |
30 |15 |8432 |3 |2+ |1.35 KEV
30 |15 |8451 |3 |1+ |2.3 KEV
30 |15 |8484 |3 |4- |0.13 KEV
30 |15 |8497 |3 |1- |37 KEV
30 |15 |8519 |3 |0- |200 KEV
30 |15 |8526 |3 |(3,4,5)+ |
30 |15 |8530 | | |
30 |15 |8557 |3 |1- |25 KEV
30 |15 |8570 |3 | |
30 |15 |8582 |3 |2+ |0.44 KEV
30 |15 |8619 |3 |2+ |0.50 KEV
30 |15 |8621 |3 |1+ |4.0 KEV
30 |15 |8632 |3 |4- |0.45 KEV
30 |15 |8642 |3 | |0.63 KEV
30 |15 |8647 |3 |3+ |70 EV
30 |15 |8662 |3 |2- |3.95 KEV
30 |15 |8669 |3 |2- |1.5 KEV
30 |15 |8708 |3 |1+ |28 KEV
30 |15 |8730 |3 |4- |0.30 KEV
30 |15 |8755 |3 |(1+) |3.0 KEV
30 |15 |8820 |10 | |
31 |15 |0.0 | |1/2+ |STABLE
31 |15 |1266.13 |12 |3/2+ |0.523 PS 18
31 |15 |2233.6 |1 |5/2+ |269 FS 18
31 |15 |3134.3 |4 |1/2+ |7.2 FS 6
31 |15 |3295.0 |2 |5/2+ |88 FS 10
31 |15 |3414.6 |3 |7/2+ |219 FS 17
31 |15 |3506.1 |6 |3/2+ |8.8 FS 13
31 |15 |4190.9 |10 |5/2+ |4.9 FS 21
31 |15 |4260.4 |10 |3/2+ |10.4 FS 35
31 |15 |4431.2 |4 |7/2- |415 FS 24
31 |15 |4592.5 |10 |3/2+ |12 FS 4
31 |15 |4634.2 |8 |7/2+ |68 FS 10
31 |15 |4783.4 |11 |5/2+ |6.9 FS 28
31 |15 |5014.9 |10 |(3/2+) |42 FS 8
31 |15 |5015.2 |8 |(1/2,3/2)- |7.6 FS 5
31 |15 |5116.0 |15 |5/2+ |10.4 FS 35
31 |15 |5256.8 |15 |1/2+ |10 FS LT
31 |15 |5342.9 |15 |9/2+ |36 FS 8
31 |15 |5530.0 |15 |(5/2,7/2)+ |11 FS 5
31 |15 |5558.9 |16 |(3/2)+ |17 FS LT
31 |15 |5672.1 |20 |(5/2) |25 FS 6
31 |15 |5773.5 |16 |(7/2+) |22 FS 7
31 |15 |5891.9 |20 |9/2+ |23 FS 6
31 |15 |5987.9 |14 |(3/2)+ |
31 |15 |6046.4 |26 |7/2+ |22 FS 10
31 |15 |6078.1 |18 |9/2+ |22 FS 10
31 |15 |6158 | |(1/2,3/2,5/2) |
31 |15 |6233.4 |15 |(3/2,5/2,7/2)+ |
31 |15 |6336.6 |15 |1/2+ |
31 |15 |6380.8 |20 |3/2+ |7 FS LT
31 |15 |6399.0 |10 |7/2(-) |27 FS 11
31 |15 |6452.7 |10 |11/2+ |23 FS 10
31 |15 |6460.8 |16 |5/2+ |
31 |15 |6496.1 |13 |3/2- |
31 |15 |6501.8 |20 |9/2- |38 FS 10
31 |15 |6594.3 |20 |5/2- |
31 |15 |6610.4 |12 |3/2- |
31 |15 |6668 | | |
31 |15 |6796.1 |4 |9/2- |139 FS 21
31 |15 |6824.2 |20 |11/2- |62 FS 21
31 |15 |6828 |3 | |83 FS 35
31 |15 |6841.9 |15 |(5/2)- |
31 |15 |6909.6 |16 |(3/2)- |
31 |15 |6931.4 |20 |5/2+ |28 FS LT
31 |15 |7073 |4 |5/2-,7/2- |
31 |15 |7073 |6 |1/2+,3/2+ |
31 |15 |7079.9 |19 |(3/2-,5/2+) |
31 |15 |7084.0 |17 |(3/2+,5/2,7/2+) |
31 |15 |7117.7 |10 |9/2+ |17 FS LE
31 |15 |7141.1 |18 |1/2+ |
31 |15 |7158 |5 | |
31 |15 |7214.3 |20 |1/2-,3/2- |
31 |15 |7313.7 |16 |1/2+,3/2+ |
31 |15 |7314 |4 |5/2-,7/2- |
31 |15 |7346 |6 |3/2-,5/2- |
31 |15 |7356 | | |
31 |15 |7441.4 |10 |(3/2:9/2) |12 FS 10
31 |15 |7442.3 |3 |11/2+ |10 FS LE
31 |15 |7466 |2 |5/2-,7/2-,9/2- |21 FS LE
31 |15 |7572 | | |
31 |15 |7687.2 |20 | |
31 |15 |7718 |4 | |
31 |15 |7736 |4 |5/2-,7/2- |
31 |15 |7779 |1 |3/2- |
31 |15 |7825 |9 | |
31 |15 |7852 |4 |(1/2,3/2,5/2+) |
31 |15 |7859.8 |4 |(11/2-) |
31 |15 |7896 |1 |1/2- |68 EV 9
31 |15 |7913 |4 |5/2-,7/2- |
31 |15 |7945 |1 |3/2+,5/2+ |
31 |15 |7980 |4 | |
31 |15 |7994 |6 |(5/2)- |
31 |15 |8031 |1 |(5/2+) |
31 |15 |8048 |1 |(3/2)- |
31 |15 |8077.0 |4 |(11/2-) |
31 |15 |8104 |1 |5/2+ |
31 |15 |8208 |1 |1/2+,3/2+ |2.6 EV 2
31 |15 |8224 |1 |(7/2-) |
31 |15 |8243 |1 |(5/2+) |
31 |15 |8248 |1 |(3/2-) |
31 |15 |8343.5 |5 |(11/2+) |
31 |15 |8345.6 |15 |(7/2-,9/2) |27 FS 7
31 |15 |8355.6 |6 |5/2- |
31 |15 |8414.3 |4 |(11/2-) |
31 |15 |8433.9 |7 |7/2- |
31 |15 |8461.0 |7 |3/2+,5/2+ |2 EV 1
31 |15 |8470.4 |7 |5/2+ |
31 |15 |8543.6 |8 |1/2- |54 EV 10
31 |15 |8552.2 |8 |1/2+ |0.31 KEV 4
31 |15 |8555.4 |8 |3/2- |210 EV 25
31 |15 |8575.6 |8 |5/2+ |7 EV 5
31 |15 |8584.2 |8 |5/2(+) |50 EV 10
31 |15 |8601.0 |8 |(5/2+) |
31 |15 |8641.2 |8 |5/2+ |5 EV 3
31 |15 |8649.5 |8 |3/2+ |
31 |15 |8706.4 |4 |(13/2-) |159 FS 28
31 |15 |8729.1 |9 |3/2 |
31 |15 |8730.5 |9 |3/2(+) |
31 |15 |8738.0 |9 |3/2+ |20 EV 5
31 |15 |8754.5 |10 |5/2+ |
31 |15 |8757.3 |9 |5/2+ |3 EV 2
31 |15 |8763.3 |9 |1/2+ |1.45 KEV 15
31 |15 |8840 |1 |5/2+ |1 EV 1
31 |15 |8903 |1 |1/2+ |90 EV 15
31 |15 |8910 |1 |5/2+ |1 EV 1
31 |15 |8936 |1 |3/2+ |3 EV 2
31 |15 |8986 |1 |(1/2:5/2) |
31 |15 |9009 |1 |5/2+ |65 EV 20
31 |15 |9046 |1 |3/2- |9.3 KEV 9
31 |15 |9053 |1 |(5/2+) |
31 |15 |9067 |1 |5/2+ |16 EV 5
31 |15 |9113.4 |6 |7/2- |1 EV 1
31 |15 |9115.5 |6 |5/2+ |22 EV 7
31 |15 |9128.5 |6 |5/2+ |3 EV 2
31 |15 |9130.9 |6 |(5/2+) |4 EV 2
31 |15 |9154.2 |6 |(5/2+,7/2+) |
31 |15 |9156.2 |6 |(3/2+,5/2+) |
31 |15 |9176.0 |5 |(13/2-) |83 FS 28
31 |15 |9176.2 |6 |3/2- |80 EV 15
31 |15 |9206.1 |6 |5/2+,7/2+ |
31 |15 |9226.3 |6 |1/2- |4.0 KEV 4
31 |15 |9240.7 |7 |3/2+ |150 EV 15
31 |15 |9252.9 |7 |7/2- |3 EV 1
31 |15 |9255.9 |7 |(7/2-,5/2+) |
31 |15 |9290.8 |8 |3/2- |9.8 KEV 10
31 |15 |9313.0 |4 |(9/2,13/2+) |
31 |15 |9319.5 |8 |3/2+ |
31 |15 |9358.1 |8 |(7/2,9/2+) |
31 |15 |9361.8 |8 |(7/2) |
31 |15 |9362 |3 |3/2- |10.0 KEV 10
31 |15 |9399.7 |8 |1/2+ |0.50 KEV 8
31 |15 |9412.4 |8 |(7/2)- |0.50 KEV 8
31 |15 |9440.8 |9 |3/2+ |180 EV 20
31 |15 |9448.9 |9 |5/2+ |0.45 KEV 5
31 |15 |9450.9 |5 |(13/2-) |35 FS 14
31 |15 |9476.9 |9 |5/2+ |
31 |15 |9515 |4 |1/2-,3/2- |
31 |15 |9524.6 |9 |3/2- |22.0 KEV 22
31 |15 |9536 |1 |5/2+ |15 EV 10
31 |15 |9570 |1 |3/2 |
31 |15 |9578 |1 |3/2+,5/2+ |22 EV 10
31 |15 |9579 |3 |3/2- |20.0 KEV 20
31 |15 |9585 |1 |(1/2+) |3.8 KEV 4
31 |15 |9594 |1 |3/2 |
31 |15 |9598 |1 |3/2(-) |
31 |15 |9599.7 |4 |(11/2+,13/2+) |
31 |15 |9612 |1 |(5/2+) |
31 |15 |9659 |6 |(1/2:7/2)+ |
31 |15 |9680 | | |
31 |15 |9719 |1 |5/2-,7/2- |30 EV 10
31 |15 |9720 |1 |(3/2-) |24.0 KEV 24
31 |15 |9756 |1 |5/2+ |3 EV 2
31 |15 |9760 |1 |5/2+ |20 EV 7
31 |15 |9765 |1 |3/2- |0.30 KEV 7
31 |15 |9765 |3 |3/2+ |0.20 KEV 5
31 |15 |9786 |3 |3/2- |50 KEV 5
31 |15 |9800 |4 |1/2-,3/2- |
31 |15 |9815 |2 |5/2-,7/2- |12 EV 5
31 |15 |9818 |2 |3/2- |150 EV 20
31 |15 |9819 |3 |3/2- |4.5 KEV 5
31 |15 |9830 |4 | |
31 |15 |9840 |2 |(7/2-) |66 EV 15
31 |15 |9843 |1 |3/2+ |50 EV 10
31 |15 |9852 |1 |(7/2) |
31 |15 |9865 |1 |7/2 |
31 |15 |9867 |1 |3/2- |0.35 KEV 4
31 |15 |9908 |1 |3/2- |0.35 KEV 4
31 |15 |9925 |1 |3/2 |
31 |15 |9928 |2 |5/2+ |170 EV 20
31 |15 |9941 |2 |(3/2-,5/2+) |
31 |15 |9946 |2 |(5/2)- |125 EV 15
31 |15 |9963 |2 |1/2+ |5.0 KEV 5
31 |15 |9975 |2 | |4.2 KEV 21
31 |15 |9988 |2 | |
31 |15 |9999 |2 |1/2+ |8.0 KEV 8
31 |15 |10017 |2 | |
31 |15 |10019 |1 |5/2- |1 EV 1
31 |15 |10037.0 |4 |(13/2+) |
31 |15 |10046 |1 |5/2- |0.22 KEV 3
31 |15 |10075 |2 |(1/2+:9/2+) |
31 |15 |10089 |2 |3/2+ |90 EV 15
31 |15 |10091.5 |30 |1/2+ |180 EV 20
31 |15 |10092.9 |30 |3/2- |0.27 KEV 3
31 |15 |10098 |1 |3/2- |1.00 KEV 10
31 |15 |10116 |2 |1/2- |3.4 KEV 3
31 |15 |10144 |2 |(3/2+:5/2+) |
31 |15 |10153 |2 |1/2+ |4.0 KEV 4
31 |15 |10192 |1 |3/2 |
31 |15 |10207 |2 | |
31 |15 |10210 |3 |3/2 |
31 |15 |10212 |3 |(3/2,5/2+) |
31 |15 |10217.0 |4 |(15/2-) |76 FS 21
31 |15 |10225 |1 |7/2 |
31 |15 |10232 |3 |(1/2+,3/2,5/2+) |
31 |15 |10267 |3 |1/2,3/2,5/2(+) |
31 |15 |10271 |3 |1/2,3/2,5/2(+) |
31 |15 |10287 |3 |3/2,5/2 |
31 |15 |10303 |3 |3/2 |
31 |15 |10334 |3 |3/2 |
31 |15 |10384 |3 |(3/2,5/2+) |
31 |15 |10400 |3 |(3/2,5/2+) |
31 |15 |10424 |3 |(1/2:5/2+) |
31 |15 |10454 |3 |(1/2:7/2+) |
31 |15 |10482 |3 |1/2,3/2,5/2 |
31 |15 |10484 |3 |3/2 |
31 |15 |10486 |3 |1/2,3/2 |
31 |15 |10502 |3 |(1/2:5/2+) |
31 |15 |10511 | | |
31 |15 |10520.1 |4 |(11/2,15/2+) |0.67 PS 7
31 |15 |10537 |3 |3/2 |
31 |15 |10564 |3 |3/2 |
31 |15 |10607 |3 |3/2 |
31 |15 |10620 |3 |(1/2:5/2+) |
31 |15 |10629 |3 |(1/2:5/2+) |
31 |15 |10645 |3 |3/2 |
31 |15 |10650 |3 |3/2 |
31 |15 |10659 |3 |3/2 |
31 |15 |10672 |3 |1/2,3/2,5/2 |
31 |15 |10698 |3 |1/2,3/2 |
31 |15 |10703 |3 |3/2 |
31 |15 |10706 |3 |3/2 |
31 |15 |10717 |3 |(1/2:5/2+) |
31 |15 |10758 |3 |(1/2:7/2) |
31 |15 |10759.3 |4 |(7/2-,15/2-) |
31 |15 |10774 |3 |1/2,3/2 |
31 |15 |10792 |3 |(1/2:9/2) |
31 |15 |10801 |3 |3/2 |
31 |15 |10818 |3 |3/2 |
31 |15 |10834 |3 |3/2 |
31 |15 |10846 |3 |(1/2:5/2) |
31 |15 |10857 |3 |(1/2:7/2) |
31 |15 |10882 |3 |3/2 |
31 |15 |10907 |3 |(1/2:5/2) |
31 |15 |10936 |3 |(1/2:5/2) |
31 |15 |10948 |3 |3/2 |
31 |15 |10980 |3 |(1/2:5/2) |
31 |15 |11075 |3 |3/2 |
31 |15 |11080 |3 |(1/2:5/2) |
31 |15 |11119 |3 |(1/2:5/2) |20 KEV LT
31 |15 |11135 |3 |3/2 |
31 |15 |11152 |3 |(1/2:5/2) |
31 |15 |11162 |4 | |20 KEV LT
31 |15 |11173 |3 | |20 KEV LT
31 |15 |11236 |4 | |20 KEV LT
31 |15 |11255 |4 | |6 KEV LT
31 |15 |11282 |4 |3/2 |8 KEV LT
31 |15 |11296.9 |4 |(13/2+) |1.32 PS 14
31 |15 |11307 |4 | |6 KEV LT
31 |15 |11317 |4 |(3/2,7/2-,9/2-) |6 KEV LT
31 |15 |11364 |4 | |8 KEV LT
31 |15 |11400 |4 | |8 KEV LT
31 |15 |11410 |4 | |8 KEV LT
31 |15 |11421 |4 | |5 KEV LT
31 |15 |11437 |4 | |8 KEV LT
31 |15 |11445 |4 | |8 KEV LT
31 |15 |11467 |4 | |8 KEV LT
31 |15 |11494 |4 | |5 KEV LT
31 |15 |11571 |4 | |8 KEV LT
31 |15 |11605 |4 |3/2 |10 KEV 5
31 |15 |11648 |4 | |5 KEV LT
31 |15 |11654 |4 |(7/2-,9/2+) |5 KEV LT
31 |15 |11665 |4 | |5 KEV LT
31 |15 |11689 |4 | |5 KEV LT
31 |15 |11718 |4 | |5 KEV LT
31 |15 |11723 |4 | |10 KEV LT
31 |15 |11733 |4 |3/2 |5 KEV LT
31 |15 |11733.9 |5 |(15/2+) |
31 |15 |11757 |4 | |5 KEV LT
31 |15 |11778 |4 | |15 KEV LT
31 |15 |11788 |4 | |5 KEV LT
31 |15 |11797 |4 | |5 KEV LT
31 |15 |11804 |4 | |5 KEV LT
31 |15 |11825 |4 | |5 KEV LT
31 |15 |11846 |4 | |5 KEV LT
31 |15 |11861 |4 | |8 KEV 4
31 |15 |11873 |2 |(3/2:11/2) |5 KEV LT
31 |15 |11877 |4 | |5 KEV LT
31 |15 |11902 |4 | |13 KEV 5
31 |15 |11917 |4 | |5 KEV LT
31 |15 |11929 |2 |(3/2+:9/2+) |5 KEV LT
31 |15 |11933 |4 | |5 KEV LT
31 |15 |11943 |4 | |5 KEV LT
31 |15 |11956 |4 | |10 KEV LT
31 |15 |11981 |4 | |8 KEV LT
31 |15 |12002 |4 |(3/2,7/2-) |6 KEV LT
31 |15 |12008 |4 | |5 KEV LT
31 |15 |12016 |4 | |5 KEV LT
31 |15 |12024 |4 | |10 KEV LT
31 |15 |12028 |4 |(3/2,7/2-) |8 KEV LT
31 |15 |12042 |2 | |4 KEV LT
31 |15 |12052 |2 |3/2 |4 KEV 2
31 |15 |12067 |4 | |5 KEV LT
31 |15 |12071 |2 | |6 KEV 3
31 |15 |12078 |2 |(5/2:11/2) |4 KEV LT
31 |15 |12092.2 |10 |7/2- |3 KEV LT
31 |15 |12104 |4 | |6 KEV LT
31 |15 |12114 |4 | |6 KEV 3
31 |15 |12126 |4 |9/2+ |5 KEV LT
31 |15 |12132 |2 | |20 KEV LT
31 |15 |12142 |4 | |5 KEV LT
31 |15 |12155 |2 |(7/2:11/2) |5 KEV LT
31 |15 |12159 |2 | |4 KEV LT
31 |15 |12168 |4 | |4 KEV 2
31 |15 |12171.0 |25 | |
31 |15 |12176 |2 | |4 KEV LT
31 |15 |12181 |3 | |6 KEV 3
31 |15 |12202 |2 |(11/2-) |3 KEV LT
31 |15 |12207 |2 | |5 KEV LT
31 |15 |12221.8 |10 |(5/2+,7/2,9/2+) |4 KEV 2
31 |15 |12236 |2 |(5/2+,7/2,9/2+) |4 KEV LT
31 |15 |12238 |2 | |10 KEV LT
31 |15 |12255 |2 | |8 KEV 4
31 |15 |12264 |2 | |7 KEV 4
31 |15 |12274 |2 | |10 KEV LT
31 |15 |12283 |2 | |10 KEV LT
31 |15 |12293 |4 | |6 KEV LT
31 |15 |12294 |4 | |5 KEV LT
31 |15 |12302 |2 | |8 KEV LT
31 |15 |12310 |2 |(5/2:13/2) |5 KEV LT
31 |15 |12313 |4 | |5 KEV LT
31 |15 |12330 |2 |5/2- |6 KEV 3
31 |15 |12355 |4 | |10 KEV LT
31 |15 |12365 |4 | |6 KEV LT
31 |15 |12380 |2 |(5/2:11/2) |5 KEV LT
31 |15 |12386 |2 |(3/2:11/2) |3 KEV LT
31 |15 |12393 |2 | |3 KEV LT
31 |15 |12404 |4 | |5 KEV LT
31 |15 |12419 |2 |(5/2+,7/2,9/2+) |5 KEV LT
31 |15 |12428 |2 | |4 KEV 2
31 |15 |12434 |2 | |4 KEV LT
31 |15 |12447 |2 |(3/2+:9/2+) |3 KEV LT
31 |15 |12458 |2 |(3/2-:9/2+) |5 KEV LT
31 |15 |12482 |2 |(7/2+,9/2,11/2+) |5 KEV LT
31 |15 |12496 |2 |(7/2+,9/2,11/2+) |13 KEV 2
31 |15 |12509 |2 | |6 KEV 3
31 |15 |12529 |2 | |5 KEV LT
31 |15 |12542 |4 | |9 KEV 4
31 |15 |12549 |2 |(5/2:13/2) |5 KEV LT
31 |15 |12563 |2 | |8 KEV LT
31 |15 |12577 |2 | |8 KEV LT
31 |15 |12589 |2 | |6 KEV LT
31 |15 |12629 |2 |(3/2,5/2-,7/2) |6 KEV LT
31 |15 |12643 |2 |5/2- |4 KEV 2
31 |15 |12660 |2 | |14 KEV LT
31 |15 |12683 |2 | |10 KEV 3
31 |15 |12743 |2 | |8 KEV 2
31 |15 |12757 |2 | |6 KEV LT
31 |15 |12765 |2 | |8 KEV LT
31 |15 |12786 |2 | |10 KEV LT
31 |15 |12794 |2 | |6 KEV LT
31 |15 |12806 |2 |(3/2+,7/2-) |6 KEV 3
31 |15 |12830 |2 |3/2 |3 KEV LT
31 |15 |12858 |2 | |12 KEV 5
31 |15 |12881 |2 | |17 KEV 5
31 |15 |12887 |2 | |5 KEV 3
31 |15 |12914 |2 | |8 KEV LT
31 |15 |12937 |2 | |6 KEV LT
31 |15 |12948 |2 | |4 KEV 2
31 |15 |12964 |2 | |8 KEV LT
31 |15 |12979 |2 | |6 KEV LT
31 |15 |12989 |2 | |10 KEV LT
31 |15 |12995 |2 | |6 KEV LT
31 |15 |13012 |2 | |8 KEV LT
31 |15 |13036 |2 | |8 KEV LT
31 |15 |13060 |2 | |4 KEV LT
31 |15 |13067 |2 | |8 KEV 2
31 |15 |13076 |2 | |5 KEV LT
31 |15 |13099 |1 |(5/2-,7/2-) |5 KEV 2
31 |15 |13107 |2 |(3/2+,7/2-) |6 KEV LT
31 |15 |13121 |2 | |6 KEV 3
31 |15 |13146 |2 | |8 KEV 4
31 |15 |13159 |2 | |10 KEV LT
31 |15 |13171 |2 | |3 KEV LT
31 |15 |13183 |6 | |
31 |15 |13194 |6 | |
31 |15 |13225 |6 | |
31 |15 |13246 |6 | |
31 |15 |13298 |6 | |
31 |15 |13319 |6 | |
31 |15 |13340 |6 | |
31 |15 |13366 |6 | |
31 |15 |13486 |6 | |
31 |15 |13497 |6 | |
31 |15 |13502 |6 | |
31 |15 |13518 |6 | |
31 |15 |13523 |6 | |
31 |15 |13528 |6 | |
31 |15 |13539 |6 | |
31 |15 |13549 |6 | |
31 |15 |13591 |6 | |
31 |15 |13601 |6 | |
31 |15 |13607 |6 | |
31 |15 |13622 |6 | |
31 |15 |13638 |6 | |
31 |15 |13643 |6 | |
31 |15 |13654 |6 | |
31 |15 |13669 |6 | |
31 |15 |13675 |6 | |
31 |15 |13706 |6 | |
31 |15 |13711 |6 | |
31 |15 |13716 |6 | |
31 |15 |13727 |6 | |
31 |15 |13732 |6 | |
31 |15 |13742 |6 | |
31 |15 |13753 |6 | |
31 |15 |13769 |6 | |
31 |15 |13779 |6 | |
31 |15 |13800 |6 | |
31 |15 |13805 |6 | |
31 |15 |13816 |6 | |
31 |15 |13836 |6 | |
31 |15 |13842 |6 | |
31 |15 |13852 |6 | |
31 |15 |13857 |6 | |
31 |15 |13863 |6 | |
31 |15 |13873 |6 | |
31 |15 |13878 |6 | |
31 |15 |13879.1 |10 | |
31 |15 |13889 |6 | |
31 |15 |13899 |6 | |
31 |15 |13910 |6 | |
31 |15 |13920 |6 | |
31 |15 |13925 |6 | |
31 |15 |13931 |6 | |
31 |15 |13936 |6 | |
31 |15 |13951 |6 | |
31 |15 |14004 |6 | |
31 |15 |14014 |6 | |
31 |15 |14051 |6 | |
31 |15 |14056 |6 | |
31 |15 |14082 |6 | |
31 |15 |14103 |6 | |
31 |15 |14145 |6 | |
31 |15 |14176 |6 | |
31 |15 |14187 |6 | |
31 |15 |14197 |6 | |
31 |15 |14207 |6 | |
31 |15 |14213 |6 | |
31 |15 |14218 |6 | |
31 |15 |14223 |6 | |
31 |15 |14244 |6 | |
31 |15 |14254 |6 | |
31 |15 |14275 |6 | |
31 |15 |14281 |6 | |
31 |15 |14291 |6 | |
31 |15 |14296 |6 | |
31 |15 |14317 |6 | |
31 |15 |14338 |6 | |
31 |15 |14349 |6 | |
31 |15 |14354 |6 | |
31 |15 |14396 |6 | |
31 |15 |14401 |6 | |
31 |15 |14427 |6 | |
31 |15 |14432 |6 | |
31 |15 |14443 |6 | |
31 |15 |14453 |6 | |
31 |15 |14458 |6 | |
31 |15 |14505 |6 | |
31 |15 |14547 |6 | |
31 |15 |14578 |6 | |
31 |15 |14594 |6 | |
31 |15 |14620 |6 | |
31 |15 |14646 |6 | |
31 |15 |14693 |6 | |
31 |15 |14704 |6 | |
31 |15 |14714 |6 | |
31 |15 |14725 |6 | |
31 |15 |14740 |6 | |
31 |15 |14824 |6 | |
31 |15 |14845 |6 | |
31 |15 |14855 |6 | |
31 |15 |14866 |6 | |
31 |15 |14871 |6 | |
31 |15 |14876 |6 | |
31 |15 |14881 |6 | |
31 |15 |14887 |6 | |
31 |15 |14897 |6 | |
31 |15 |14902 |6 | |
31 |15 |14923 |6 | |
31 |15 |14939 |6 | |
31 |15 |14955 |6 | |
31 |15 |15012 |6 | |
31 |15 |15017 |6 | |
31 |15 |15023 |6 | |
31 |15 |15028 |6 | |
31 |15 |15033 |6 | |
31 |15 |15049 |6 | |
31 |15 |15054 |6 | |
31 |15 |15059 |6 | |
31 |15 |15075 |6 | |
31 |15 |15080 |6 | |
31 |15 |15085 |6 | |
31 |15 |15090 |6 | |
31 |15 |15122 |6 | |
31 |15 |15127 |6 | |
31 |15 |15148 |6 | |
31 |15 |15153 |6 | |
31 |15 |15164 |6 | |
31 |15 |15169 |6 | |
31 |15 |15174 |6 | |
31 |15 |15179 |6 | |
31 |15 |15185 |6 | |
31 |15 |15200 |6 | |
31 |15 |15211 |6 | |
31 |15 |15216 |6 | |
31 |15 |15221 |6 | |
32 |15 |0 | |1+ |14.268 D 5
32 |15 |78.06 |2 |2+ |278 PS 9
32 |15 |512.70 |3 |0+ |1.83 PS 8
32 |15 |1149.39 |3 |1+ |183 FS 12
32 |15 |1322.84 |2 |2+ |338 FS 17
32 |15 |1510 | | |
32 |15 |1755.00 |10 |3+ |430 FS 28
32 |15 |2177.2 |2 |3+ |53 FS 10
32 |15 |2217.79 |11 |2+ |166 FS 17
32 |15 |2229.70 |6 |1+ |35 FS LT
32 |15 |2313.46 |10 | |
32 |15 |2579.12 |15 | |
32 |15 |2657.53 |9 |2+ |8.3 FS 28
32 |15 |2740.36 |6 |1+ |14 FS 5
32 |15 |3004.6 |8 |3+ |60 FS 3
32 |15 |3073.9 |2 | |
32 |15 |3149.3 |3 |4+ |345 FS 25
32 |15 |3263.99 |5 |2- |90 FS 20
32 |15 |3319.1 |6 |3- |250 FS 10
32 |15 |3444.35 |4 |(1,2+) |26 FS 10
32 |15 |3445.2 |4 |4- |268 FS 31
32 |15 |3792 | |(1+) |4.0 FS 14
32 |15 |3797.3 |4 |(3+) |49 FS 26
32 |15 |3875 |2 |2+ |
32 |15 |3881.0 |5 |2+ |14 FS LT
32 |15 |3988.7 |5 |(3)+ |10 FS LT
32 |15 |4008.93 |6 |2- |130 FS 28
32 |15 |4034.6 |4 |4+ |24 FS 17
32 |15 |4035.58 |4 |1- |1.5 FS 6
32 |15 |4148.8 |4 |3- |19 FS 7
32 |15 |4204.3 |6 |1+ |2.9 FS 8
32 |15 |4275.2 |4 |5- |0.54 PS 8
32 |15 |4312.5 |7 |3+ |
32 |15 |4409.8 |12 |0- |13.2 FS 21
32 |15 |4548.2 |6 |1+ |
32 |15 |4554.7 |6 |2+ |
32 |15 |4613.1 |18 |(3)+ |
32 |15 |4620 | |(0+) |
32 |15 |4661.45 |4 |2- |2.8 FS 5
32 |15 |4697.0 |7 |(3,5)+ |
32 |15 |4710.55 |11 |1+ |
32 |15 |4743.3 |4 |5+ |
32 |15 |4849.9 |7 |(3+,4-,5+) |
32 |15 |4877.37 |5 |1- |4.0 FS 8
32 |15 |4940.7 |25 |1-,2+,3- |
32 |15 |5012 |3 |2+ |
32 |15 |5072.44 |6 |0+ |104 FS 34
32 |15 |5080.5 |13 |2+ |
32 |15 |5129.4 |15 | |
32 |15 |5233.5 |14 |(2-) |
32 |15 |5252.9 |12 | |59 FS LT
32 |15 |5307.58 |16 |(1,2)+ |
32 |15 |5326.0 |2 | |
32 |15 |5349.62 |6 |2- |5.3 FS 6
32 |15 |5396.4 |12 | |
32 |15 |5498 |2 | |
32 |15 |5509.32 |5 |1- |7.1 FS 10
32 |15 |5554.4 |12 | |
32 |15 |5588 |2 | |
32 |15 |5663.4 |15 | |
32 |15 |5673.5 |15 |1+ |
32 |15 |5701.47 |8 |(1,2)- |
32 |15 |5724.8 |9 |(4-) |
32 |15 |5778.77 |5 |1- |1.0 FS 5
32 |15 |5815.2 |16 |(3,4)- |
32 |15 |5830.1 |9 | |
32 |15 |5860.2 |11 |(2-) |
32 |15 |5890 | |2+ |
32 |15 |5968.7 |22 | |
32 |15 |5971.8 |21 | |
32 |15 |5989 |8 | |
32 |15 |6026.2 |10 |(2,3,4)- |
32 |15 |6062.22 |5 |1- |1.0 FS 4
32 |15 |6104.8 |8 |(3)+ |
32 |15 |6147.2 |22 |(1,2,3)+ |
32 |15 |6160 |8 | |
32 |15 |6196.32 |6 |1- |3.5 FS LT
32 |15 |6278.7 |23 | |
32 |15 |6298.1 |14 | |
32 |15 |6310.7 |19 | |
32 |15 |6332.6 |3 |(0,1)+ |3.5 FS LT
32 |15 |6378.0 |15 | |
32 |15 |6396 |3 | |
32 |15 |6413.0 |6 | |
32 |15 |6434 |3 |5+ |
32 |15 |6477 |3 |(4-) |
32 |15 |6510.6 |2 |(1+,2+) |
32 |15 |6530.7 |22 | |
32 |15 |6557.97 |19 |(0+to3+) |
32 |15 |6581.93 |6 |(0+to3+) |
32 |15 |6682 |3 | |
32 |15 |6685.0 |20 | |
32 |15 |6705.3 |12 | |
32 |15 |6707.8 |15 | |
32 |15 |6733.8 |10 | |
32 |15 |6738.1 |11 | |
32 |15 |6783.7 |2 |(0+,1,2,3+) |
32 |15 |6858.0 |12 | |
32 |15 |6997 |3 | |
32 |15 |7010 |25 |1+ |
32 |15 |7067 |3 | |
32 |15 |7190 | |(4+) |
32 |15 |7339.8 |20 | |
32 |15 |7343.1 |18 | |
32 |15 |7392.7 |23 | |
32 |15 |7655 |3 | |
32 |15 |7679.0 |14 | |
32 |15 |7767.2 |25 | |
32 |15 |7807 |3 |(2,3,4)- |
32 |15 |7810 |3 |(4-) |
32 |15 |7852 |2 |(2,3,4)- |
32 |15 |7875 |4 |(3,4,5)- |
32 |15 |7925.5 |20 | |
32 |15 |7935.65 |4 |0+,1+ |
32 |15 |7939.6 |20 | |
32 |15 |7958 |3 |5+ |
32 |15 |7961.56 |4 | |0.003 KEV LT
32 |15 |7991 |3 | |
32 |15 |8017.0 |1 |(0-) |0.03 KEV LT
32 |15 |8025.47 |11 | |0.03 KEV LT
32 |15 |8037.45 |11 |(1,2)+ |0.04 KEV LT
32 |15 |8039.8 |1 | |0.04 KEV LT
32 |15 |8045.5 |1 | |0.04 KEV LT
32 |15 |8078.6 |1 |(0-) |0.06 KEV LT
32 |15 |8082.6 |18 | |
32 |15 |8086.8 |1 |(1-) |0.06 KEV LT
32 |15 |8087.6 |1 |1+ |2.03 KEV 14
32 |15 |8090 | |5+ |
32 |15 |8092.1 |2 |(0+) |1.7 KEV 6
32 |15 |8098.7 |21 | |
32 |15 |8113.4 |2 |(1+) |1.3 KEV 2
32 |15 |8148.5 |2 |(1+) |0.91 KEV 7
32 |15 |8153.4 |2 |(1-) |0.1 KEV LT
32 |15 |8156.7 |2 |(1-) |0.65 KEV 7
32 |15 |8158 |3 |(2,3,4)- |
32 |15 |8166.3 |2 |(1+) |0.41 KEV 3
32 |15 |8182.4 |2 |(1+) |0.21 KEV 2
32 |15 |8196.5 |2 |(1-) |0.31 KEV 3
32 |15 |8201.6 |2 |(1-) |0.13 KEV LT
32 |15 |8203 |3 |(2,3,4)- |
32 |15 |8241.3 |3 |(0-) |0.15 KEV LT
32 |15 |8247 |3 | |
32 |15 |8279.1 |3 |(1-) |0.18 KEV LT
32 |15 |8284.8 |3 |(0+) |1.2 KEV 3
32 |15 |8291.1 |3 |(1+) |25 KEV
32 |15 |8292.0 |3 |(1-) |0.46 KEV 8
32 |15 |8300.0 |3 |(2-) |0.64 KEV 10
32 |15 |8329.8 |3 |(2-) |0.2 KEV LT
32 |15 |8336.8 |3 |(1)+ |1.2 KEV 2
32 |15 |8353.8 |4 |(2-) |0.58 KEV 7
32 |15 |8356.8 |4 |(1-) |0.2 KEV LT
32 |15 |8357.9 | |(1+) |20 KEV LT
32 |15 |8383.1 |5 |(1-) |1.3 KEV 3
32 |15 |8406.0 |5 |(1-) |1.3 KEV 3
32 |15 |8414.2 |5 |(2-) |0.3 KEV LT
32 |15 |8540 | |5+ |
32 |15 |8815 | | |8.3 KEV 7
32 |15 |9226 | | |9.8 KEV 6
32 |15 |10.20E3 | | |13.1 KEV 6
32 |15 |11.04E3 | | |13.6 KEV 12
32 |15 |12.05E3 | | |21.8 KEV 16
32 |15 |13.70E3 | | |21.8 KEV 23
32 |15 |16.64E3 | | |74 KEV 14
33 |15 |0.0 | |1/2+ |25.35 D 11
33 |15 |1431.6 |2 |3/2+ |0.43 PS 7
33 |15 |1847.6 |2 |5/2+ |0.77 PS 11
33 |15 |2538.3 |5 |3/2+ |35 FS 7
33 |15 |3275.3 |10 |3/2+ |0.14 PS 3
33 |15 |3490.8 |7 |5/2+ |58 FS 12
33 |15 |3628.5 |9 |7/2+ |0.14 PS 3
33 |15 |3990.2 |10 | |
33 |15 |4048 |1 |5/2+ |62 FS 21
33 |15 |4193.5 |25 |5/2+ |104 FS 35
33 |15 |4226.0 |3 |7/2- |0.32 PS 7
33 |15 |4856.1 |12 |(3/2,5/2) |76 FS LT
33 |15 |5049 |3 |5/2+ |62 FS LT
33 |15 |5191 |3 |(3/2+,5/2) |125 FS LT
33 |15 |5207.0 |11 | |
33 |15 |5221.0 |13 | |
33 |15 |5235.3 |13 | |
33 |15 |5411 |1 |(3/2,5/2,7/2+) |76 FS LT
33 |15 |5452.8 |4 |9/2- |24 PS 5
33 |15 |5497.8 |25 |(3/2-:9/2+) |62 FS LT
33 |15 |5549 |3 |(1/2+:9/2+) |330 FS 120
33 |15 |5558 |3 |3/2 |56 FS LT
33 |15 |5638.3 |4 |11/2- |9.7 PS 14
33 |15 |5674 |3 |1/2+ |49 FS LT
33 |15 |5731 |5 |3/2 |
33 |15 |5785 |3 |(1/2,3/2,5/2+) |35 FS LT
33 |15 |5816 |2 |(3/2+,5/2,7/2+) |75 FS 40
33 |15 |5931 |5 | |
33 |15 |5970 |4 |(1/2,3/2,5/2+) |56 FS LT
33 |15 |6115 |3 |(1/2+:9/2+) |0.14 PS LT
33 |15 |6124 |5 | |55 FS 40
33 |15 |6182 |4 | |60 FS LT
33 |15 |6327 |5 | |
33 |15 |6432 |4 |5/2+ |
33 |15 |6509 |4 | |
33 |15 |6559 |4 | |
33 |15 |6820 |60 |5/2+ |
33 |15 |6938.3 |15 |15/2(-) |
33 |15 |6951.7 |15 | |
33 |15 |7146 |12 |5/2+ |
33 |15 |7.31E3 |15 |(9/2,11/2,13/2+) |
33 |15 |7564 |34 | |
33 |15 |7966.6 |18 |(17/2+) |
33 |15 |8.08E3 |15 |(9/2,11/2) |
33 |15 |8510 |24 | |
33 |15 |8.85E3 |15 |(3/2+,5/2,7/2) |
33 |15 |9.94E3 |15 |(1/2:11/2) |
33 |15 |10.12E3 |15 |(1/2:13/2) |
34 |15 |0 | |1+ |12.43 S 10
34 |15 |429.09 |11 |2+ |1.3 PS +6-3
34 |15 |1607.77 |20 |1+ |0.52 PS +45-14
34 |15 |2228.6 |4 |2(-) |2 PS GT
34 |15 |2305.1 |4 |4(-) |2.0 NS 1
34 |15 |2320.6 |4 |3(-) |7 PS GT
34 |15 |2372 |20 | |
34 |15 |2628 |12 | |
34 |15 |2675.5 |8 |(1+,2-,3+) |
34 |15 |3086 |15 | |
34 |15 |3201 |16 | |
34 |15 |3291 |23 | |
34 |15 |3352.5 |5 |5(-) |0.36 PS +12-8
34 |15 |3482 |8 | |
34 |15 |3546 |12 | |
34 |15 |3752.4 |6 |(3-,4-) |0.26 PS 6
34 |15 |3911.6 |11 |(3-,4-) |0.14 PS 7
34 |15 |3942.8 |11 | |
34 |15 |3951.3 |5 |(5-) |0.111 PS 35
34 |15 |4305.9 |11 |(1+,2-,3+) |
34 |15 |4438 |13 | |
34 |15 |4446.6 |21 |(4-) |0.10 PS LT
34 |15 |4630.1 |5 |6(-) |0.30 PS 5
34 |15 |4723 | | |
34 |15 |4744.4 |10 |(1+,2-,3+,4-) |
34 |15 |5012.7 |21 |(2-) |0.07 PS LT
34 |15 |5280.7 |21 |(3-) |0.07 PS LT
34 |15 |5394.2 |6 |(6-) |0.11 PS +8-5
34 |15 |5726.4 |13 |(3-,4,5,6-) |
34 |15 |6180.7 |21 |(6-) |0.07 PS LT
34 |15 |6193.8 |10 | |
34 |15 |6237.2 |5 |7(+) |6.9 PS GT
34 |15 |6357.2 |8 |(7-) |0.035 PS LT
34 |15 |7426.2 |21 | |0.07 PS LT
34 |15 |7920.1 |10 | |0.35 PS GT
35 |15 |0 | |1/2+ |47.3 S 8
35 |15 |2386.6 |5 |3/2+ |
35 |15 |3859.9 |5 |5/2+ |
35 |15 |4101.5 |5 |(7/2-) |
35 |15 |4250 |10 | |
35 |15 |4381.8 |7 | |
35 |15 |4493.6 |6 |(7/2-) |
35 |15 |4664 |3 |5/2+ |
35 |15 |4765.9 |9 | |
35 |15 |4869.3 |6 | |
35 |15 |4959.3 |8 | |
35 |15 |5022 |20 | |
35 |15 |5087.5 |9 | |
35 |15 |5198 |10 |5/2+ |
35 |15 |5487.5 |9 | |
35 |15 |5560.7 |8 | |
35 |15 |5859 |50 | |
35 |15 |6220.5 |9 | |
35 |15 |6440 |60 | |
35 |15 |7050 |60 | |
35 |15 |7440 |60 | |
35 |15 |7520 |30 | |
35 |15 |7590 |20 | |
35 |15 |7920 |60 | |
35 |15 |8390 |40 | |
35 |15 |8.60E+3 |10 | |
35 |15 |9290 |50 | |
36 |15 |0 | |4- |5.6 S 3
36 |15 |249.9 |2 | |
36 |15 |424.9 |2 |(1+) |
36 |15 |1303.1 |2 |1+ |
36 |15 |1346.3 |3 | |
36 |15 |2000 |20 | |
36 |15 |2281.0 |3 |1+ |
36 |15 |2640 |30 | |
36 |15 |3060 |30 | |
36 |15 |3630 |30 | |
37 |15 |0 | |(1/2+) |2.31 S 13
37 |15 |861 |1 |(3/2+) |
37 |15 |1300 |1 |(5/2+) |
37 |15 |2481 |1 |(9/2+) |
37 |15 |2570 |30 |(7/2+) |
37 |15 |3350 |2 |(13/2+) |
37 |15 |3560 |30 |(11/2+) |
37 |15 |4395 |2 | |
37 |15 |6052 |2 | |
37 |15 |7897 |2 | |
38 |15 |0 | |(0-:4-) |0.64 S 14
39 |15 |0 | |(1/2+) |0.28 S 4
39 |15 |352 |5 |(3/2+) |
39 |15 |966 |5 |(5/2+) |12.6 PS AP
39 |15 |2167 |11 | |
40 |15 |0 | |(2-,3-) |150 MS 8
41 |15 |0 | |(1/2+) |100 MS 5
41 |15 |173 |12 |(3/2+) |
41 |15 |1140 |19 |(5/2+) |
41 |15 |1560 |30 |(3/2+) |
42 |15 |0 | | |110 MS 30
43 |15 |0 | |1/2+ |36.5 MS 15
43 |15 |184 |1 |3/2+ |
43 |15 |845 |3 |(5/2+) |
43 |15 |1009 |5 |(5/2+) |
43 |15 |1095 |6 |(5/2+) |
43 |15 |1774 |8 |(5/2+) |
43 |15 |2035 |11 |(5/2+) |
44 |15 |0 | | |18.5 MS 25
45 |15 |0.0 | | |200 NS GT
46 |15 |0.0 | | |
