27 |16 |0.0 | |(5/2+) |15.5 MS 15
28 |16 |0.0 | |0+ |125 MS 10
28 |16 |1507 |7 |2+ |2.0 PS 3
29 |16 |0 | |(5/2+) |188 MS 4
29 |16 |1222 |20 |(1/2+) |
29 |16 |1727 |37 |(7/2+) |
29 |16 |2887 |40 |(5/2+) |
29 |16 |7.4E3 |4 | |
29 |16 |10.0E3 |4 | |
30 |16 |0 | |0+ |1.178 S 5
30 |16 |2210.6 |5 |2+ |156 FS 9
30 |16 |3402.6 |5 |2+ |109 FS 12
30 |16 |3667.5 |10 | |1 PS GT
30 |16 |3676 |3 |(1+) |97 FS 55
30 |16 |4704 |5 |(3+) |
30 |16 |4814 |3 |(2+) |
30 |16 |5136 |2 |(3+) |38 FS 14
30 |16 |5168 |6 |(4+) |
30 |16 |5217.4 |7 |(0+) |
30 |16 |5318 |4 |(3-) |
30 |16 |5389 |2 |(2+) |
30 |16 |5843 |5 |(1-) |
30 |16 |5945 |3 | |
30 |16 |6071 |11 | |
30 |16 |6202 |3 | |
30 |16 |6280.1 |12 | |
30 |16 |6341 |5 | |
30 |16 |6532 |13 | |
30 |16 |6643 |3 | |
30 |16 |6766 |10 |2+ |
30 |16 |6855 |4 | |
30 |16 |6927 |4 | |
30 |16 |7074 |9 | |
30 |16 |7123 |10 | |
30 |16 |7295 |14 | |
30 |16 |7352 |8 | |
30 |16 |7485 |4 | |
30 |16 |7598 |4 | |
30 |16 |7693 |4 | |
30 |16 |7924 |5 | |
31 |16 |0.0 | |1/2+ |2.5534 S 18
31 |16 |1248.87 |9 |3/2+ |0.50 PS 12
31 |16 |2234.29 |14 |5/2+ |222 FS 55
31 |16 |3077.26 |20 |1/2+ |
31 |16 |3284.67 |16 |(5/2)+ |
31 |16 |3351.30 |19 |(7/2)+ |
31 |16 |3435.7 |3 |3/2+ |
31 |16 |4080 |10 |3/2+,5/2+ |
31 |16 |4209.15 |18 |(1/2,3/2,5/2)+ |
31 |16 |4450.65 |25 |(7/2)- |0.71 PS 15
31 |16 |4520.5 |3 |3/2+ |
31 |16 |4583.98 |24 |(7/2)+ |
31 |16 |4602 |18 | |
31 |16 |4707 |3 |3/2+,5/2+ |
31 |16 |4720.2 |4 |(1/2,3/2,5/2)+ |
31 |16 |4867.5 |4 |(1/2-,3/2-) |
31 |16 |4971 |3 |(3/2)- |
31 |16 |4988 |8 | |
31 |16 |5022 |3 | |
31 |16 |5157.5 |3 |1/2+ |
31 |16 |5300.7 |3 |(9/2+) |
31 |16 |5331 |5 | |
31 |16 |5408.2 |9 | |
31 |16 |5439 |3 | |
31 |16 |5518 |3 |3/2+,5/2+ |
31 |16 |5678 |3 | |
31 |16 |5775 |3 |3/2+,5/2+ |
31 |16 |5786.2 |8 |(1/2+,3/2+,5/2+) |
31 |16 |5824 |3 | |
31 |16 |5896 |3 |3/2+,5/2+ |
31 |16 |5959 |10 |3/2+,5/2+ |
31 |16 |5977.9 |7 |(9/2+) |
31 |16 |6138.6 |6 |(7/2+) |
31 |16 |6160.0 |6 |(5/2-,7/2+) |
31 |16 |6255.3 |5 |1/2+ |
31 |16 |6280.60 |16 |3/2+ |
31 |16 |6327.0 |5 |(3/2) |
31 |16 |6357.32 |22 |(5/2-) |
31 |16 |6376.7 |3 |(9/2-) |
31 |16 |6392.43 |22 |(5/2+) |
31 |16 |6394.36 |22 |(11/2+) |
31 |16 |6401 |3 | |
31 |16 |6420.7 |6 |(1/2+,3/2+,5/2+) |
31 |16 |6541.9 |4 |(3/2-) |
31 |16 |6582.9 |20 |(7/2) |
31 |16 |6636.3 |3 |(9/2-) |
31 |16 |6720 |2 |(5/2) |
31 |16 |6749 |2 |3/2+ |
31 |16 |6796 |25 | |
31 |16 |6833.2 |3 |(11/2-) |
31 |16 |6836 |2 | |
31 |16 |6848 |9 | |
31 |16 |6872 |2 |(11/2) |
31 |16 |6937 |2 |(1/2+,3/2+,5/2+) |
31 |16 |6961 |3 | |
31 |16 |6975 |3 |1/2+ |
31 |16 |7010 |10 | |
31 |16 |7037 |2 |3/2+,5/2+ |
31 |16 |7052 |2 | |
31 |16 |7140 |10 | |
31 |16 |7156 |2 |3/2+,5/2+ |
31 |16 |7196 |2 | |
31 |16 |7280.0 |10 | |
31 |16 |7304.0 |5 |(11/2+) |
31 |16 |7355 |3 |(1/2+,3/2+,5/2+) |
31 |16 |7416.8 |10 | |
31 |16 |7469 |3 | |
31 |16 |7501 |3 | |
31 |16 |7517 |3 |1/2+&amp;3/2+,5/2+ |
31 |16 |7585 |3 | |
31 |16 |7631.8 |7 |(1/2+,3/2+,5/2+) |
31 |16 |7644.5 |8 |(1/2+,3/2+,5/2+) |
31 |16 |7699 |3 |(1/2+,3/2+,5/2+) |
31 |16 |7724 |3 |(1/2-,3/2,5/2) |
31 |16 |7744 |3 | |
31 |16 |7774 |3 |(1/2+,3/2+,5/2+) |
31 |16 |7824 |3 | |
31 |16 |7859 |3 | |
31 |16 |7894 |3 |(1/2+,3/2+,5/2+) |
31 |16 |7907 |3 |1/2+ |
31 |16 |7932 |3 | |
31 |16 |7945 |3 | |
31 |16 |7973 |3 | |
31 |16 |8015 |3 | |
31 |16 |8022 |3 |(1/2+,3/2+,5/2+) |
31 |16 |8030 |3 | |
31 |16 |8045 |3 |1/2+&amp;3/2+,5/2+ |
31 |16 |8060 |3 | |
31 |16 |8071 |3 | |
31 |16 |8109 |10 |(1/2+,3/2+,5/2+) |
31 |16 |8131 |3 | |
31 |16 |8178 |3 | |
31 |16 |8209 |3 | |
31 |16 |8229 |3 | |
31 |16 |8268 |10 |(1/2+,3/2+,5/2+) |
31 |16 |8330 |8 | |
31 |16 |8382 |10 | |
31 |16 |8426 |4 |(1/2+,3/2+,5/2+) |
31 |16 |8461.4 |5 |(13/2-) |
31 |16 |8498 |3 |1/2+ |
31 |16 |8562 |8 | |
31 |16 |8702 |17 |(1/2+,3/2+,5/2+) |
31 |16 |8789 |6 |3/2+,5/2+ |
31 |16 |8813 |15 | |
31 |16 |8878 |22 |(1/2+,3/2+,5/2+) |
31 |16 |8969 |20 | |
31 |16 |9004 |20 | |
31 |16 |9050 |23 |(1/2+,3/2+,5/2+) |
31 |16 |9155.2 |12 |(13/2+) |
31 |16 |9207 |5 | |
31 |16 |9226 |25 | |
31 |16 |9332 |30 | |
31 |16 |9423 |7 |3/2+,5/2+ |
31 |16 |9606 |14 | |
31 |16 |9853 |12 | |
31 |16 |10146.2 |11 |(13/2-) |
31 |16 |10577 |13 | |
31 |16 |13.30E3 |10 | |
32 |16 |0 | |0+ |STABLE
32 |16 |2230.57 |15 |2+ |169 FS 11
32 |16 |3778.4 |10 |0+ |0.89 PS 9
32 |16 |4281.8 |3 |2+ |42 FS 4
32 |16 |4459.1 |8 |4+ |124 FS 27
32 |16 |4695.3 |4 |1+ |286 FS 74
32 |16 |5006.2 |3 |3- |0.52 PS 3
32 |16 |5412.6 |10 |3+ |148 FS 19
32 |16 |5548.5 |10 |2+ |57 FS 8
32 |16 |5796.8 |3 |1- |5.6 FS 9
32 |16 |6222.9 |8 |2- |66 FS 12
32 |16 |6411 |2 |4+ |24.3 FS 35
32 |16 |6582 |5 |(2+,3-) |
32 |16 |6621.7 |3 |4- |0.36 PS 6
32 |16 |6666.1 |10 |2+ |40 FS 10
32 |16 |6761.6 |10 |5- |260 FS 35
32 |16 |6851.5 |15 |4+ |66 FS 17
32 |16 |7001.4 |4 |1+ |1.5 FS 5
32 |16 |7115.3 |10 |2+ |1.73 FS 35
32 |16 |7190.1 |15 |1+ |8.0 FS 21
32 |16 |7350.0 |6 |3(+) |
32 |16 |7367 | | |
32 |16 |7434 |3 |1- |7.7 FS 10
32 |16 |7484.0 |4 |2+ |4.9 FS 12
32 |16 |7535.7 |10 |0+ |2.6 FS 7
32 |16 |7566.8 |9 |5+ |150 FS 32
32 |16 |7637.0 |10 |1 |
32 |16 |7648 |5 | |
32 |16 |7701.44 |36 |3- |66 FS 19
32 |16 |7882.9 |8 |4- |
32 |16 |7921.0 |10 |1+ |
32 |16 |7950.1 |4 |4- |146 FS 35
32 |16 |7974.9 |7 |4- |21 FS LT
32 |16 |8125.40 |20 |1+ |0.144 FS 21
32 |16 |8191.1 |6 |4 |
32 |16 |8270.3 |14 |3-,5- |60 FS LT
32 |16 |8296.1 |10 |3- |
32 |16 |8336 |8 |2+ |
32 |16 |8346.4 |14 |4+,6+ |28 FS LT
32 |16 |8380 |5 | |
32 |16 |8407.0 |14 |2 |
32 |16 |8499.3 |5 |1- |1.30 FS 24
32 |16 |8671.7 | | |
32 |16 |8684.0 | | |
32 |16 |8687.6 | | |
32 |16 |8729.3 |6 |3+ |
32 |16 |8736.7 | | |
32 |16 |8741.8 | | |
32 |16 |8745.6 |8 |3 |
32 |16 |8751.0 | | |
32 |16 |8782.9 | | |
32 |16 |8797.5 | | |
32 |16 |8809.7 | | |
32 |16 |8838.7 | | |
32 |16 |8861 |2 |2+ |
32 |16 |8895.3 | | |
32 |16 |8906.0 | | |
32 |16 |8921.8 | | |
32 |16 |8941.9 | | |
32 |16 |8945.1 | | |
32 |16 |8953.6 | | |
32 |16 |8977.5 | | |
32 |16 |8984.7 | | |
32 |16 |9007.3 | | |
32 |16 |9009.2 | | |
32 |16 |9012.7 | | |
32 |16 |9023.8 |21 |4- |0.27 PS 6
32 |16 |9031.1 | | |
32 |16 |9042.0 | | |
32 |16 |9055.1 | | |
32 |16 |9059 |2 |1- |
32 |16 |9065 |2 | |14 FS LT
32 |16 |9087.9 | | |
32 |16 |9090.9 | | |
32 |16 |9139.9 | | |
32 |16 |9159.0 | | |
32 |16 |9170 |3 |3+ |
32 |16 |9196 |8 |2+ |
32 |16 |9200.8 | | |
32 |16 |9207.55 |71 |1+ |4.2 FS 14
32 |16 |9210.6 | | |
32 |16 |9211.2 | | |
32 |16 |9235.2 |24 |1- |60 FS LT
32 |16 |9253 |1 |2+ |
32 |16 |9268.0 | | |
32 |16 |9271.7 | | |
32 |16 |9280 | |1 |
32 |16 |9287.9 | | |
32 |16 |9289.0 |1 |1+ |
32 |16 |9297.0 | | |
32 |16 |9309.2 | | |
32 |16 |9317.1 | | |
32 |16 |9344.9 | | |
32 |16 |9357.6 | | |
32 |16 |9360.5 | | |
32 |16 |9388 |1 |2+ |
32 |16 |9395.0 | | |
32 |16 |9397.2 | | |
32 |16 |9402.1 | | |
32 |16 |9436.0 | | |
32 |16 |9450.6 | | |
32 |16 |9463.4 |10 |5-,7- |70 FS LT
32 |16 |9466.0 |15 |2+ |49 FS LT
32 |16 |9481.5 | | |
32 |16 |9485.7 |10 |1- |8.2 EV 25
32 |16 |9500 | | |
32 |16 |9515.9 | | |
32 |16 |9524.3 | | |
32 |16 |9534.0 | | |
32 |16 |9534.9 | | |
32 |16 |9560.6 | | |
32 |16 |9562 |10 |1-,2- |
32 |16 |9597.1 | | |
32 |16 |9619.4 | | |
32 |16 |9634.6 |18 |4-,6+ |0.09 PS 6
32 |16 |9650 |30 |6- |
32 |16 |9650.2 |5 |2+ |
32 |16 |9655.2 | | |
32 |16 |9656.7 | | |
32 |16 |9660.1 |11 |1+ |2.4 EV 7
32 |16 |9665.4 | | |
32 |16 |9671.7 | | |
32 |16 |9674.6 | | |
32 |16 |9693.4 | | |
32 |16 |9704 |8 | |2.2 KEV
32 |16 |9711.9 |14 |2+ |3.6 EV
32 |16 |9724 |1 |2,3,4 |
32 |16 |9727.9 |5 | |
32 |16 |9731 |1 |1-,2- |
32 |16 |9783 |20 |6 |0.14 FS +13-11
32 |16 |9809 | | |1.0 KEV
32 |16 |9816.8 |10 |3-,4- |
32 |16 |9827 |3 | |
32 |16 |9848 |1 |1- |0.100 KEV 10
32 |16 |9883.3 |5 | |
32 |16 |9887.3 |6 |2+,3+ |0.010 KEV 5
32 |16 |9919.3 |5 |2+ |0.010 KEV 5
32 |16 |9935 |6 |1 |1.0 KEV
32 |16 |9946.6 |5 |1- |0.150 KEV 15
32 |16 |9977.9 |5 |4 |
32 |16 |9978.3 |1 |3 |
32 |16 |9982.7 |6 |2,0+ |0.100 KEV 10
32 |16 |9988 |10 |3-,4- |4 KEV AP
32 |16 |9997 |6 | |4.7 KEV
32 |16 |10021 |10 |3-,4- |6.6 KEV
32 |16 |10073.4 |6 |2- |1.50 KEV 15
32 |16 |10079 |2 |(1) |1.7 KEV 4
32 |16 |10090 |10 |2- |
32 |16 |10102.3 |10 |4(+) |
32 |16 |10113 |6 | |
32 |16 |10133 | | |5.0 KEV
32 |16 |10182 | | |6.3 KEV
32 |16 |10218.8 |6 |3+ |0.010 KEV 5
32 |16 |10221.2 |6 |3- |0.056 KEV 10
32 |16 |10225.0 |16 | |0.18 KEV 2
32 |16 |10230.3 |6 |1+ |0.025 KEV 3
32 |16 |10256.1 |7 |4- |0.035 KEV 4
32 |16 |10276 |8 |4+ |
32 |16 |10286.3 |7 |3- |0.16 KEV 2
32 |16 |10290.2 |6 |2 |0.125 KEV 13
32 |16 |10292.0 |15 |3 |0.07 KEV 1
32 |16 |10310 | | |1 KEV
32 |16 |10331.1 |15 |1- |6.1 KEV 7
32 |16 |10337 |3 | |9 KEV 2
32 |16 |10369 | |(0+) |5.8 KEV
32 |16 |10370.6 |6 |2+ |0.025 KEV 3
32 |16 |10396.7 |6 |4- |0.012 KEV 2
32 |16 |10405 |3 | |11 KEV 4
32 |16 |10417 | | |6.3 KEV
32 |16 |10428 |10 |2+,3+,3-,4- |
32 |16 |10456 |6 |1+ |2.9 KEV
32 |16 |10493 | | |4.0 KEV
32 |16 |10500 | |(0+) |1.7 KEV
32 |16 |10507.9 |10 | |0.010 KEV 5
32 |16 |10534 |4 |3-,4- |1.8 KEV
32 |16 |10556.1 |10 | |
32 |16 |10570 | |(0+) |1.2 KEV
32 |16 |10574.4 |10 |5+ |0.015 KEV 2
32 |16 |10603.8 |10 | |0.15 KEV 2
32 |16 |10624 |6 |3-,4- |3.1 KEV
32 |16 |10636.4 |10 | |14.9 KEV
32 |16 |10658 | |(1-) |2.3 KEV
32 |16 |10678 | | |7.6 KEV
32 |16 |10696.1 |10 | |0.18 KEV 2
32 |16 |10700.5 |10 |1- |21 KEV 4
32 |16 |10705.3 |10 |1-,2- |20 KEV 3
32 |16 |10745 | |(0+) |8.9 KEV
32 |16 |10756.7 |10 |3(+) |0.05 KEV 1
32 |16 |10778.8 |10 |2+ |0.62 KEV 7
32 |16 |10783.8 |10 | |0.75 KEV 8
32 |16 |10784.5 |10 | |0.60 KEV 6
32 |16 |10791.3 |10 |1 |0.17 KEV 2
32 |16 |10806 | |2 |
32 |16 |10816 | |(3-,5-) |4.7 KEV
32 |16 |10825.4 |10 |2- |22 KEV 4
32 |16 |10827.0 |10 | |0.32 KEV 3
32 |16 |10830 |3 | |4 KEV AP
32 |16 |10832 |3 |2,(3) |2.5 KEV AP
32 |16 |10841 |10 |2 |0.4 KEV AP
32 |16 |10851 | |1 |
32 |16 |10868 | |(2+) |7.7 KEV
32 |16 |10880 |40 |6- |
32 |16 |10907 |10 |1+ |2.1 KEV
32 |16 |10915 |2 | |
32 |16 |10933.7 |10 |3 |
32 |16 |10941 | |1 |9.3 KEV
32 |16 |10956 | |(0+) |2.9 KEV
32 |16 |10977 |10 |(1-,2-) |
32 |16 |10980 |40 |6- |
32 |16 |10988 | | |4.0 KEV
32 |16 |10998 | |(4) |
32 |16 |11009.9 |10 |4+ |5.1 KEV
32 |16 |11020 | |(1-,2-) |
32 |16 |11052 | |(4) |
32 |16 |11064 | |2+ |
32 |16 |11078 | |2 |3.0 KEV
32 |16 |11092.3 |10 |3- |
32 |16 |11107 | |(2+) |67.4 KEV
32 |16 |11114 |2 | |
32 |16 |11123 |1 | |
32 |16 |11130 | |(0+) |1.8 KEV
32 |16 |11131 |2 |1 |
32 |16 |11139.8 |10 |1+ |
32 |16 |11170 |50 |6- |
32 |16 |11175 | | |8.0 KEV
32 |16 |11198 |10 |3-,4- |
32 |16 |11235.5 |10 |3 |9 KEV
32 |16 |11253.9 |10 |(3-) |1.1 KEV
32 |16 |11332.8 |10 | |
32 |16 |11366 |10 | |
32 |16 |11410 | |(3-) |1.9 KEV
32 |16 |11425 |10 |1 |4 KEV AP
32 |16 |11438 |10 | |
32 |16 |11474.6 |10 |3 |
32 |16 |11485.8 |10 |1+ |
32 |16 |11554 |10 |(0,1) |6.1 KEV
32 |16 |11589.7 |10 |1- |10.7 KEV
32 |16 |11602.4 |10 | |
32 |16 |11620 |7 |1+ |
32 |16 |11629 | |(1,2+,3-) |5.7 KEV
32 |16 |11637.1 |10 | |
32 |16 |11648 |10 |1 |6.6 KEV
32 |16 |11660 |10 | |
32 |16 |11669.6 |10 |5+ |
32 |16 |11690 |10 |(3-) |1.2 KEV
32 |16 |11696.7 |10 |5+ |
32 |16 |11720 |10 | |
32 |16 |11750 |10 |1 |
32 |16 |11758.8 |10 | |
32 |16 |11783 |10 |1 |30 KEV
32 |16 |11806 |10 |1,2 |
32 |16 |11823 |10 |1-,2- |
32 |16 |11848 | |(3-) |10.4 KEV
32 |16 |11861 |10 | |
32 |16 |11876 |10 | |
32 |16 |11883 |10 |1 |7.6 KEV
32 |16 |11900 |10 | |
32 |16 |11936 |10 |3- |7.3 KEV
32 |16 |11940 |20 |6- |86 KEV 24
32 |16 |11940.1 |10 |3 |
32 |16 |11955 |10 |(2+,3-) |3.2 KEV
32 |16 |12002 |10 |2 |11.8 KEV
32 |16 |12030 |10 | |
32 |16 |12043.9 |10 | |
32 |16 |12044.19 |28 |2,3,4 |
32 |16 |12047.96 |28 |0+ |
32 |16 |12050 | |(2+,3-) |
32 |16 |12124 | |2 |6.9 KEV
32 |16 |12160 |10 |(3+,2+) |22 KEV
32 |16 |12196 |10 |1- |
32 |16 |12198 | |(3-) |6.4 KEV
32 |16 |12235 |10 |(2+,3+) |
32 |16 |12260 | |[3-] |
32 |16 |12270 | |0 |21 KEV
32 |16 |12308 |10 | |
32 |16 |12340 |10 | |
32 |16 |12362 |10 |3,(2) |4.8 KEV
32 |16 |12393 |10 |3 |7.7 KEV
32 |16 |12426 |10 |3,2 |13.9 KEV
32 |16 |12465 |10 |2 |7.8 KEV
32 |16 |12491 |10 |(2,1) |18.6 KEV
32 |16 |12510 | |[3-] |
32 |16 |12553 | |2 |8.4 KEV
32 |16 |12560 | |1 |
32 |16 |12568 | |2 |3.0 KEV
32 |16 |12600 | |3,2 |7.9 KEV
32 |16 |12630 |30 |6- |
32 |16 |12650 |10 |1+ |0.10 MEV LT
32 |16 |12710 | |(5-,3-) |5 KEV
32 |16 |12740 |40 |6- |
32 |16 |12760 |20 |6+ |84 KEV 24
32 |16 |12770 | |(2+) |10 KEV
32 |16 |12830 | |(3-) |1 KEV
32 |16 |12860 | |(3-) |38 KEV
32 |16 |12910 | |(3-) |8 KEV
32 |16 |12930 | |(3-) |29 KEV 5
32 |16 |12980 |10 |1+ |
32 |16 |13040 |20 |(4+) |47 KEV LT
32 |16 |13086 | |(3-) |26 KEV 7
32 |16 |13220 | |[3-] |0.06 MEV LT
32 |16 |13230 | |1 |
32 |16 |13260 |50 |6- |
32 |16 |13268 | |(3-) |49 KEV 3
32 |16 |13339 | |(3-) |28.8 KEV 13
32 |16 |13410 |10 |1+,(2-) |
32 |16 |13430 | |3-,4- |
32 |16 |13490 | |(3-) |54 KEV 5
32 |16 |13540 |50 |5- |
32 |16 |13588 | |(3-) |18 KEV 4
32 |16 |13655 | |(3-) |74 KEV 2
32 |16 |13696 | |(4+,3-) |23.6 KEV 9
32 |16 |13760 |20 |6+ |50 KEV 24
32 |16 |13780 |10 |1+ |
32 |16 |13807 | |(3-) |47.4 KEV 8
32 |16 |13870 | |(5-,3-) |22.0 KEV 11
32 |16 |13896 | |(4+) |22.4 KEV 1
32 |16 |13900 | |1 |
32 |16 |13970 |10 |1+,(2-) |
32 |16 |14000 |20 |(7-) |50 KEV 24
32 |16 |14070 | |(3-) |29.6 KEV 7
32 |16 |14131 | |(5-) |15.2 KEV 6
32 |16 |14177 | |(4+) |42.0 KEV 11
32 |16 |14234 | |(3-) |89 KEV 2
32 |16 |14290 |50 |6- |
32 |16 |14429 | |(3-) |40 KEV 2
32 |16 |14450 |10 |1+ |
32 |16 |14542 | |(4+,5-) |84.5 KEV 11
32 |16 |14633 | |(5-) |7.0 KEV 9
32 |16 |14730 | |[4+] |
32 |16 |14770 |10 |2- |0.08 MEV LT
32 |16 |14810 |20 |(8+) |91 KEV 24
32 |16 |14832 | |(4+) |37.5 KEV 5
32 |16 |14878 | |(4+) |25.5 KEV 7
32 |16 |14880 | |1 |
32 |16 |15025 | |(4+) |30.5 KEV 11
32 |16 |15040 | |1 |
32 |16 |15116 | |(5-) |36 KEV 2
32 |16 |15.2E3 |1 |6+ |119 KEV 24
32 |16 |15230 | |(4+,5-) |18 KEV 2
32 |16 |15344 | |(5-) |45.9 KEV 1
32 |16 |15385 | |(5-) |24.5 KEV 6
32 |16 |15441 | |(5-) |34.3 KEV 3
32 |16 |15527 | |(5-) |46.8 KEV 3
32 |16 |15580 | |1 |
32 |16 |15600 | | |
32 |16 |15631 | |(5-) |29.9 KEV 3
32 |16 |15686 | |(5-,6+) |35.9 KEV 1
32 |16 |15700 | |1 |
32 |16 |15758 | |(6+,5-) |41.0 KEV 9
32 |16 |15840 | |1 |
32 |16 |15847 | |(4+,5-) |47 KEV 2
32 |16 |15894 | |(5-,4+) |28.0 KEV 8
32 |16 |15955 | |(6+) |21.6 KEV 5
32 |16 |16052 | |(5-) |54 KEV 2
32 |16 |16243 | |(6+) |41.3 KEV 8
32 |16 |16250 | |[5-] |
32 |16 |16310 |70 |6- |
32 |16 |16341 | |(5-) |86 KEV 2
32 |16 |16370 | |[5-] |
32 |16 |16430 |70 |6- |
32 |16 |16495 | |(5-) |64 KEV 3
32 |16 |16615 | |(6+) |60 KEV 2
32 |16 |16650 |70 |6- |
32 |16 |16691 | |(5-,6+) |23 KEV 2
32 |16 |16747 | |(6+) |45 KEV 2
32 |16 |16795 | |(6+) |76 KEV 6
32 |16 |16866 | |(6+) |38.1 KEV 6
32 |16 |16920 | |(6+) |35.0 KEV 8
32 |16 |16978 | |(6+) |47 KEV 3
32 |16 |17080 | |(6+) |58.0 KEV 14
32 |16 |17120 |70 |6- |
32 |16 |17180 |80 |6- |
32 |16 |17250 | |(5-) |92 KEV 14
32 |16 |17393 | |(7-) |35 KEV 6
32 |16 |17420 | |[7-] |
32 |16 |17570 | |[7-] |
32 |16 |17656 | |(7-) |36 KEV 2
32 |16 |17688 | |(7-) |26 KEV 2
32 |16 |17868 | |(6+,7-) |82 KEV 7
32 |16 |17880 | |[7-] |
32 |16 |17934 | |(7-) |48 KEV 4
32 |16 |18042 | |(7-) |44 KEV 2
32 |16 |18213 | |(7-) |76 KEV 7
32 |16 |18400 | |[9-] |
32 |16 |18458 | |(7-) |66 KEV 5
32 |16 |18554 | |(7-) |73.6 KEV 14
32 |16 |18660 | |(7-) |74 KEV 5
32 |16 |18736 | |(7-) |75 KEV 6
32 |16 |18803 | |(8+,7-) |46 KEV 3
32 |16 |18810 | |[7-] |
32 |16 |18986 | |(8+,7-) |34 KEV 2
32 |16 |19119 | |(8+,7-) |84 KEV 7
32 |16 |19190 | |[7-] |
32 |16 |19248 | |(8+) |54 KEV 10
32 |16 |19250 | |[7-] |
32 |16 |19442 | |(7-,8+) |72 KEV 2
32 |16 |19450 | |[7-] |
32 |16 |19551 | |(8+) |75 KEV 18
32 |16 |19653 | |(8+) |54 KEV 2
32 |16 |19747 | |(8+,7-) |79 KEV 9
32 |16 |20200 | |[8+] |
32 |16 |20270 | |[8+] |
32 |16 |20275 | |(7-,8+) |44 KEV 4
32 |16 |20381 | |(8+) |72 KEV 17
32 |16 |20485 | |(8+) |84 KEV 4
32 |16 |20610 | |[8+] |
32 |16 |20680 | |[8+] |
32 |16 |20703 | |(8+) |37 KEV 4
32 |16 |20800 | |[8+] |
32 |16 |20835 | |(8+) |59 KEV 2
32 |16 |20950 | |[8+] |
32 |16 |21050 | |[9-] |
32 |16 |21212 | |(9-) |69 KEV 3
32 |16 |21395 | |(9-) |70 KEV 5
32 |16 |21457 | |(9-) |45 KEV 4
32 |16 |21532 | |(9-) |39 KEV 10
32 |16 |21720 | |[9-] |
32 |16 |21783 | |(8+,9-) |53 KEV 2
32 |16 |22000 | |[9-] |
32 |16 |22135 | |(9-) |74 KEV 4
32 |16 |22205 | |(9-) |54 KEV 9
32 |16 |22308 | |(9-) |47 KEV 14
32 |16 |22355 | |(8+) |24 KEV 5
32 |16 |22590 | |[9-] |
32 |16 |22710 | |[9-] |
32 |16 |22846 | |(9-) |51 KEV 5
32 |16 |22964 | |(10+,9-) |58 KEV 3
32 |16 |23226 | |(9-) |74 KEV 16
32 |16 |23296 | |(9-) |52 KEV 7
32 |16 |23430 | |[9-] |
32 |16 |23493 | |(10+) |93 KEV 12
32 |16 |23.86E3 | |7- |0.1 MEV AP
32 |16 |24.93E3 | |8+ |0.1 MEV AP
32 |16 |26.90E3 | |11- |0.2 MEV AP
32 |16 |27.25E3 | |9- |0.08 MEV
32 |16 |27.44E3 | |8+ |0.04 MEV
32 |16 |27.69E3 | |9- |0.15 MEV
32 |16 |27.82E3 | |9- |0.11 MEV
32 |16 |28.04E3 | |10+ |0.04 MEV
32 |16 |28.17E3 | |10+ |0.07 MEV
32 |16 |28.30E3 | |8+ |0.08 MEV
32 |16 |28.48E3 | |10+ |0.17 MEV
32 |16 |28.67E3 | |10+ |0.22 MEV
32 |16 |28.97E3 | |10+ |0.19 MEV
32 |16 |29.25E3 | |9- |0.13 MEV
32 |16 |29.66E3 | |10+ |0.16 MEV
32 |16 |29.88E3 | |10+ |0.20 MEV
32 |16 |29.91E3 | |10+ |0.16 MEV
32 |16 |30.26E3 | |9- |0.17 MEV
32 |16 |30.37E3 | |10+ |0.13 MEV
32 |16 |30.61E3 | |11- |0.25 MEV
32 |16 |30.89E3 | |12+ |0.14 MEV
32 |16 |31.19E3 | |12+ |0.20 MEV
32 |16 |31.71E3 | |9- |0.22 MEV
32 |16 |31.98E3 | |12+ |0.22 MEV
32 |16 |32.7E3 | | |0.3 MEV AP
32 |16 |33.5E3 | | |0.2 MEV AP
33 |16 |0.0 | |3/2+ |STABLE
33 |16 |840.982 |12 |1/2+ |1.15 PS 12
33 |16 |1967.19 |3 |5/2+ |94 FS 14
33 |16 |2313.399 |14 |3/2+ |109 FS 17
33 |16 |2867.626 |20 |5/2+ |10.8 FS 35
33 |16 |2934.74 |9 |7/2- |28.2 PS 14
33 |16 |2969.18 |8 |7/2+ |59 FS 8
33 |16 |3220.692 |15 |3/2- |27 FS 5
33 |16 |3537.2 |10 | |
33 |16 |3779.9 |10 |(9/2+) |
33 |16 |3831.6 |3 |5/2+ |30 FS 8
33 |16 |3934.73 |6 |3/2+ |24 FS 7
33 |16 |4048.56 |8 |9/2+ |211 FS 53
33 |16 |4055.35 |11 |1/2+ |12 FS 8
33 |16 |4095.09 |17 |7/2+ |31 FS 8
33 |16 |4144.32 |6 |5/2 |24 FS 7
33 |16 |4210.848 |20 |3/2- |32 FS 8
33 |16 |4375.4 |3 |1/2+ |24 FS 10
33 |16 |4423.73 |5 |(1/2+,3/2) |19 FS 10
33 |16 |4730.10 |11 |9/2- |57 FS 15
33 |16 |4747.3 |7 |1/2+,3/2+,5/2+ |7 FS LT
33 |16 |4795.2 |15 |(11/2-) |
33 |16 |4866.70 |22 |11/2- |250 FS 63
33 |16 |4917.87 |4 |1/2- |90 FS 30
33 |16 |4941.8 |10 |5/2-,7/2- |27 FS 11
33 |16 |5178 |4 |(5/2-,7/2-) |
33 |16 |5209.4 |20 |(1/2:9/2-) |14 FS LT
33 |16 |5273 |4 | |
33 |16 |5282.5 |20 |(1/2:9/2-) |21 FS 8
33 |16 |5286.28 |5 |(3/2,5/2)(+) |
33 |16 |5342 |4 |3/2+,5/2+ |
33 |16 |5351 |6 | |
33 |16 |5395 |2 | |
33 |16 |5479.79 |13 |1/2+ |
33 |16 |5597 |6 |(1/2+) |
33 |16 |5612.83 |4 |(1/2+) |
33 |16 |5621.07 |7 |1/2+ |
33 |16 |5710.875 |22 |1/2- |
33 |16 |5719.4 |8 |1/2-,3/2-,5/2- |
33 |16 |5804 |24 |(5/2+) |
33 |16 |5864 |6 | |
33 |16 |5883.4 |10 | |
33 |16 |5888.45 |3 |3/2- |
33 |16 |5915 |4 |1/2+ |
33 |16 |5982 |6 |(1/2-,3/2-) |
33 |16 |5990.3 |22 | |
33 |16 |6063 |6 | |
33 |16 |6079.6 |10 | |
33 |16 |6101 |6 | |
33 |16 |6131 |6 | |
33 |16 |6236 |6 | |
33 |16 |6263 |6 | |
33 |16 |6310 |6 | |
33 |16 |6326 |6 | |
33 |16 |6363 |4 |5/2+ |
33 |16 |6373.7 |10 |(1/2:7/2)(+) |
33 |16 |6416 |6 |(1/2-,3/2-) |
33 |16 |6424.97 |4 |1/2-,3/2- |
33 |16 |6487 |6 |(1/2+) |
33 |16 |6513 |6 | |
33 |16 |6526 |6 | |
33 |16 |6559 |6 | |
33 |16 |6616 |6 |(1/2+) |
33 |16 |6676.732 |20 |(1/2+,3/2) |
33 |16 |6688 |6 |5/2-,7/2- |
33 |16 |6710 |6 | |
33 |16 |6720 |6 | |
33 |16 |6788 |6 | |
33 |16 |6890.8 |10 | |
33 |16 |6904 |4 |3/2+ |
33 |16 |6967 |4 |(1/2:7/2)+ |
33 |16 |6999 |6 | |
33 |16 |7017 |6 | |
33 |16 |7037 |5 | |
33 |16 |7133 |6 | |
33 |16 |7164 |6 |(1/2:7/2)(+) |
33 |16 |7183 |6 | |
33 |16 |7187.732 |21 |3/2- |
33 |16 |7254 |6 | |
33 |16 |7330 |6 | |
33 |16 |7338 |5 |5/2+ |
33 |16 |7353 |6 |5/2-,7/2- |
33 |16 |7359 |6 | |
33 |16 |7369 |6 | |
33 |16 |7401 |6 | |
33 |16 |7415.879 |21 |1/2 |
33 |16 |7452 |6 |1/2-,3/2- |
33 |16 |7460 |6 | |
33 |16 |7475 |6 | |
33 |16 |7488.23 |16 |(1/2:9/2-) |
33 |16 |7506.310 |22 |(1/2:7/2-) |
33 |16 |7562 |6 | |
33 |16 |7615 |6 |5/2-,7/2- |
33 |16 |7615.75 |3 |1/2,3/2,5/2+ |
33 |16 |7629 |6 | |
33 |16 |7658 |6 | |
33 |16 |7693 |6 | |
33 |16 |7711 |6 | |
33 |16 |7749 |6 | |
33 |16 |7766 |6 | |
33 |16 |7779 |6 | |
33 |16 |7797 |6 | |
33 |16 |7828 |6 | |
33 |16 |7840 |6 | |
33 |16 |7862 |6 | |
33 |16 |7892 |6 | |
33 |16 |7905 |6 |(1/2+,3/2+) |
33 |16 |7919.8 |10 | |
33 |16 |7983 |6 | |
33 |16 |7991 |6 | |
33 |16 |8014 |6 | |
33 |16 |8107 |10 | |
33 |16 |8234 |24 |5/2+ |
33 |16 |8329.8 |7 | |
33 |16 |8368.09 |3 |(1/2:7/2-) |
33 |16 |8584 |10 |5/2-,7/2- |
33 |16 |8641.646 |14 |1/2+ |
33 |16 |8644 |10 |3/2+,5/2+ |
33 |16 |8671.7 |4 |1/2- |64.7 EV 11
33 |16 |8684.1 |4 |(1/2,3/2,5/2-) |
33 |16 |8686.997 |15 |3/2+,5/2+ |
33 |16 |8729 |10 |5/2-,7/2- |
33 |16 |8736.16 |1 |3/2- |117 EV 2
33 |16 |8741.21 |2 |1/2+ |15.0 KEV 1
33 |16 |8746.3 |5 |1/2+ |20 KEV 3
33 |16 |8750.39 |2 |3/2- |558 EV 5
33 |16 |8754.4 |6 | |
33 |16 |8782.34 |7 | |
33 |16 |8796.94 |2 |5/2+ |4.3 EV 2
33 |16 |8809.06 |7 | |
33 |16 |8838.89 |4 |1/2- |3.120 KEV 12
33 |16 |8848.2 |4 | |
33 |16 |8873 |10 |5/2-,7/2- |
33 |16 |8894.93 |4 |5/2+ |4.6 EV 4
33 |16 |8905.69 |4 |1/2- |1.63 KEV 1
33 |16 |8921.47 |5 |3/2- |1.142 KEV 4
33 |16 |8939 |10 |5/2-,7/2- |
33 |16 |8941.56 |5 |5/2+ |8.7 EV 7
33 |16 |8944.43 |5 | |
33 |16 |8953.14 |5 | |
33 |16 |8975 |10 |5/2-,7/2- |
33 |16 |8977.09 |6 |3/2- |22.7 EV 5
33 |16 |8984.39 |6 |5/2+ |8.7 EV 3
33 |16 |9007.10 |6 |1/2+ |7.971 KEV 14
33 |16 |9009.8 |12 | |
33 |16 |9011.1 |8 | |
33 |16 |9030.75 |7 |3/2+,5/2+ |
33 |16 |9041.70 |7 |3/2- |75.0 EV 14
33 |16 |9054.42 |5 | |
33 |16 |9087.5900 |8 |3/2+ |55.2 EV 13
33 |16 |9090.59 |8 |5/2+ |84 EV 1
33 |16 |9115 |10 | |
33 |16 |9139.66 |9 |3/2+,5/2+ |
33 |16 |9158.72 |10 | |
33 |16 |9175 |10 | |
33 |16 |9200.5 |11 | |
33 |16 |9210.24 |11 |3/2- |163 EV 6
33 |16 |9211.3 |10 |5/2+ |1.286 KEV 6
33 |16 |9245 |10 |5/2-,7/2- |
33 |16 |9268.07 |13 | |
33 |16 |9271.53 |13 |5/2+ |504 EV 4
33 |16 |9280 |10 |5/2-,7/2- |
33 |16 |9287.77 |13 |3/2+ |32.0 EV 16
33 |16 |9296.89 |14 |3/2+ |416 EV 8
33 |16 |9308.40 |10 | |
33 |16 |9316.43 |14 |1/2+ |11.28 KEV 9
33 |16 |9345.4 |8 |1/2- |3.78 KEV 5
33 |16 |9346 |3 |5/2-,7/2- |
33 |16 |9357.9 |7 | |
33 |16 |9360.54 |16 |3/2- |1.257 KEV 16
33 |16 |9394.68 |17 |5/2-,7/2- |
33 |16 |9397.22 |17 |3/2- |1.48 KEV 3
33 |16 |9402.03 |17 |3/2+ |149 EV 12
33 |16 |9409.37 |17 |3/2+ |24 EV 2
33 |16 |9435.93 |18 |5/2+ |588 EV 5
33 |16 |9450.45 |15 |5/2-,7/2- |
33 |16 |9460 |10 |1/2-,3/2- |
33 |16 |9481.62 |19 | |
33 |16 |9484.51 |19 | |
33 |16 |9499.81 |20 |(7/2)- |
33 |16 |9515.91 |20 | |
33 |16 |9524.3 |5 | |4.9 KEV 4
33 |16 |9534.02 |21 |5/2+ |715 EV 25
33 |16 |9535.14 |21 |3/2- |3.011 KEV 55
33 |16 |9560.53 |22 |5/2+ |1.091 KEV 12
33 |16 |9598.04 |23 |1/2- |6.95 KEV 18
33 |16 |9605 |5 |1/2+ |10 KEV 4
33 |16 |9619.59 |24 |(3/2)- |1.60 KEV 6
33 |16 |9655.26 |25 |5/2-,7/2- |
33 |16 |9657.10 |25 |1/2+ |1.56 KEV 8
33 |16 |9659.23 |25 |1/2- |2.99 KEV 11
33 |16 |9664 |5 |1/2-,3/2- |11 KEV 4
33 |16 |9665.54 |26 |5/2+ |1.558 KEV 10
33 |16 |9671.16 |30 | |
33 |16 |9674.94 |26 |1/2+ |279 EV 21
33 |16 |9676.97 |26 | |
33 |16 |9693.65 |27 |5/2-,7/2- |
33 |16 |9696.36 |27 | |
33 |16 |9700.63 |27 |3/2- |439 EV 14
33 |16 |9715.46 |27 | |
33 |16 |9722.93 |28 |3/2- |810 EV 30
33 |16 |9747.45 |28 |1/2- |1.54 KEV 7
33 |16 |9757.34 |29 |3/2+,5/2+ |
33 |16 |9767.52 |29 |1/2+ |1.23 KEV 11
33 |16 |9771.78 |29 |3/2+ |0.43 KEV 4
33 |16 |9780.22 |30 |5/2-,7/2- |
33 |16 |9808.82 |30 |3/2- |342 EV 12
33 |16 |9823.36 |31 |3/2+ |1.278 KEV 25
33 |16 |9845.65 |32 |(7/2-) |
33 |16 |9847.59 |32 |(3/2-) |
33 |16 |9858.93 |33 |(5/2-) |
33 |16 |9878.42 |33 |3/2- |3.17 KEV 9
33 |16 |9892.19 |34 |1/2+ |11.0 KEV 7
33 |16 |9909.05 |35 |3/2+ |197 EV 25
33 |16 |9925.82 |35 |5/2+ |0.37 KEV 3
33 |16 |9940.85 |36 |5/2+ |1.59 KEV 3
33 |16 |9952.48 |36 | |
33 |16 |9960.72 |37 |7/2- |1.27 KEV 3
33 |16 |9977.98 |37 |5/2+ |0.11 KEV 4
33 |16 |9984.28 |38 |3/2- |2.76 KEV 4
33 |16 |9997.08 |38 |1/2- |0.68 KEV 6
33 |16 |9999.89 |38 |5/2+ |372 EV 17
33 |16 |10017.63 |39 |1/2+ |0.87 KEV 13
33 |16 |10024.12 |39 |3/2- |3.06 KEV 6
33 |16 |10052.4 |5 |1/2+ |
33 |16 |10053.21 |40 |5/2-,7/2- |
33 |16 |10070.66 |41 | |
33 |16 |10076.34 |41 |(5/2) |
33 |16 |10083.45 |42 |(5/2) |
33 |16 |10120.87 |43 |3/2+ |4.07 KEV 9
33 |16 |10129.21 |44 | |
33 |16 |10132.41 |44 |5/2 |1.24 KEV 4
33 |16 |10142 | | |
33 |16 |10157.71 |45 |5/2-,7/2- |
33 |16 |10164.69 |45 |(5/2+) |
33 |16 |10180.39 |46 |3/2 |4.6 KEV 4
33 |16 |10198.13 |47 |1/2+ |0.60 KEV 25
33 |16 |10217.13 |47 |5/2+ |7.4 KEV 3
33 |16 |10250.29 |49 |1/2+ |2.8 KEV 3
33 |16 |10309 |11 |7/2+ |
33 |16 |10333 | | |
33 |16 |10342 |10 |3/2 |
33 |16 |10355 |30 |5/2+ |
33 |16 |10378 | | |
33 |16 |10389 | | |
33 |16 |10405 | | |
33 |16 |10413 |10 |3/2 |
33 |16 |10422 |10 |(1/2-,5/2-) |
33 |16 |10441.8 |5 |3/2(+) |
33 |16 |10457 |12 |3/2 |
33 |16 |10491.5 |4 |(3/2,5/2-) |
33 |16 |10504 |10 |3/2 |
33 |16 |10518 |10 |(1/2,5/2)+ |
33 |16 |10536 | | |
33 |16 |10579 | |(1/2-,5/2+) |
33 |16 |10590 | | |
33 |16 |10600 | | |
33 |16 |10614 |10 |7/2- |
33 |16 |10641 |10 |3/2 |
33 |16 |10653 | | |
33 |16 |10665 | | |
33 |16 |10679 |15 |(3/2) |
33 |16 |10689 |10 |(1/2+,5/2-) |
33 |16 |10699 | | |
33 |16 |10706.2 |4 |(1/2-,5/2+) |
33 |16 |10723 | | |
33 |16 |10746 |10 |1/2 |
33 |16 |10761.4 |5 |5/2(-) |
33 |16 |10779.3 |5 |3/2(+) |
33 |16 |10801 | | |
33 |16 |10822 | | |
33 |16 |10832 | | |
33 |16 |10842 |10 |(1/2-,5/2+) |
33 |16 |10864 | | |
33 |16 |10879 | | |
33 |16 |10891 |10 |5/2 |
33 |16 |10913 |10 |(1/2-,5/2+) |21.1 KEV 12
33 |16 |10938 |15 |3/2 |
33 |16 |10952 |10 |3/2 |
33 |16 |10960 | | |
33 |16 |10979 |10 |7/2- |
33 |16 |10986 |18 |(3/2,5/2) |
33 |16 |11001 |10 |3/2 |
33 |16 |11014 |10 |(1/2-,5/2+) |
33 |16 |11026 | | |
33 |16 |11045 | | |
33 |16 |11064 |10 |(5/2+,9/2+) |
33 |16 |11084 |10 |(3/2+,9/2+) |
33 |16 |11100 | | |
33 |16 |11114 | | |
33 |16 |11115 |10 |(1/2+,3/2-) |
33 |16 |11150 |10 |(7/2-,9/2+) |
33 |16 |11159 |10 |(1/2-,9/2+) |
33 |16 |11173 |20 |3/2 |
33 |16 |11185 |10 |3/2- |
33 |16 |11212 | | |
33 |16 |11224 |10 |(1/2-,3/2+) |
33 |16 |11250 | | |
33 |16 |11264 |10 |1/2 |
33 |16 |11282 |10 |(1/2+,7/2-) |
33 |16 |11295 | | |
33 |16 |11308 |10 |(5/2+,9/2+) |
33 |16 |11369 |10 |(3/2-,5/2+) |
33 |16 |11378 |10 |(1/2+,7/2-) |
33 |16 |11400 |10 |(1/2-,5/2+) |
33 |16 |11435 |10 |5/2 |
33 |16 |11479 |10 |(3/2-,5/2+) |
33 |16 |11593 |10 |(1/2-,7/2+) |
33 |16 |11619 |10 |(1/2+,5/2+) |
33 |16 |11663 |10 |(5/2+,7/2-) |
33 |16 |11712 |10 |5/2+ |
33 |16 |11756 |10 |(1/2-,3/2+) |9.9 KEV 7
33 |16 |11799 |10 |(3/2-,5/2+) |
33 |16 |11826 |10 |(3/2+,5/2+) |
33 |16 |11865 |10 |(1/2+,9/2+) |
33 |16 |11940 |10 |(1/2-,5/2+) |
33 |16 |12760 | | |25.5 KEV 15
33 |16 |14410 | | |25.7 KEV 20
33 |16 |17360 | | |58 KEV 13
34 |16 |0.0 | |0+ |STABLE
34 |16 |2127.564 |13 |2+ |318 FS 8
34 |16 |3304.212 |13 |2+ |136 FS 7
34 |16 |3916.408 |21 |0+ |1.12 PS 9
34 |16 |4074.667 |14 |1+ |17 FS LT
34 |16 |4114.813 |23 |2+ |73 FS 6
34 |16 |4624.404 |16 |3- |84 FS 5
34 |16 |4688.98 |5 |4+ |88 FS 4
34 |16 |4876.839 |24 |3+ |40 FS 15
34 |16 |4882 |14 |4+ |
34 |16 |4889.756 |22 |2+ |29 FS 10
34 |16 |5228.175 |23 |0+ |
34 |16 |5322.51 |3 |2(-) |17 FS 6
34 |16 |5380.99 |4 |1+ |49 FS LT
34 |16 |5679.927 |17 |3- |
34 |16 |5690.7 |6 |5- |36.9 PS 15
34 |16 |5755.875 |21 |1- |
34 |16 |5847.53 |3 |0+ |
34 |16 |5998.10 |8 |2+ |
34 |16 |6121.49 |12 |2+ |
34 |16 |6168.86 |3 |3- |
34 |16 |6251.22 |19 |4+ |0.42 PS +49-21
34 |16 |6251.68 |9 |4- |
34 |16 |6342.50 |10 |1- |
34 |16 |6421.42 |12 |4- |
34 |16 |6428.12 |8 |(2+) |
34 |16 |6478.770 |22 |1- |
34 |16 |6535 |15 | |
34 |16 |6639 |1 |4(-) |42 FS 10
34 |16 |6685.33 |3 |(0:3)- |
34 |16 |6731 | |2(+),4(+) |
34 |16 |6828.85 |19 |2+ |
34 |16 |6847.90 |7 |(1,2+) |
34 |16 |6864 |1 |5- |27 FS 7
34 |16 |6890 |1 |(3,4)+ |14 FS LT
34 |16 |6954.22 |3 |(2)- |
34 |16 |7110.45 |4 |3- |
34 |16 |7112 | |2+ |
34 |16 |7164.47 |18 |(0:3)+ |
34 |16 |7219.28 |7 |(2+) |
34 |16 |7248 |2 |(4) |14 FS 7
34 |16 |7248.05 |11 |(2+,3-) |
34 |16 |7264 |18 | |
34 |16 |7367.42 |10 |(1+,2+) |
34 |16 |7388 |15 |3- |
34 |16 |7392 |1 |5,(4) |159 FS 35
34 |16 |7467.72 |10 |(0+,1,2) |
34 |16 |7552.69 |8 |(1,2,3-) |
34 |16 |7629.907 |21 |3- |14 FS 7
34 |16 |7655 |9 |(-) |
34 |16 |7730.79 |15 |(1-,2-,3-) |
34 |16 |7750 |8 |2+ |
34 |16 |7781.22 |6 |(1)- |
34 |16 |7790.7 |7 |6- |97 FS 20
34 |16 |7805 |5 |2+ |
34 |16 |7974.72 |16 |(1,2+) |
34 |16 |8025 |16 |0+ |
34 |16 |8036.30 |14 |(1-,2+) |
34 |16 |8083 |1 |5 |44 FS 7
34 |16 |8138.10 |8 |(1)- |
34 |16 |8175.1 |5 |(1,2+) |
34 |16 |8185.46 |13 |(1)+ |
34 |16 |8205.40 |8 |(1-:4+) |
34 |16 |8255 |16 |2+ |
34 |16 |8293 |2 |4 |28 FS LT
34 |16 |8294.39 |9 |(0+:3-) |
34 |16 |8371.1 |7 |7- |83 FS 13
34 |16 |8385.40 |6 |1- |
34 |16 |8423 |5 |4+ |
34 |16 |8503.8 |7 |6+ |28 FS 7
34 |16 |8506.77 |4 |1- |
34 |16 |8580 |5 | |
34 |16 |8615.74 |4 |(2-,3+) |
34 |16 |8656 |4 |(1)+ |
34 |16 |8671 |5 | |
34 |16 |8702.35 |13 |(1-,2) |
34 |16 |8718 |5 | |
34 |16 |8727.63 |8 |(1-,2+) |
34 |16 |8734.9 |8 |6(-) |
34 |16 |8792 |5 | |
34 |16 |8805.66 |25 |(1,2+) |
34 |16 |8874.02 |8 |(1-,2,3+) |
34 |16 |8953 |5 | |
34 |16 |8970.7 |7 |6(-) |
34 |16 |8987 |5 | |
34 |16 |9026.31 |6 |(1,2+) |
34 |16 |9120 |5 | |
34 |16 |9158.71 |3 |(1,2+) |
34 |16 |9171 |5 | |
34 |16 |9208.04 |6 |(1,2+) |
34 |16 |9226 |6 | |
34 |16 |9347 |10 | |
34 |16 |9413.9 |7 |6(-) |
34 |16 |9429 |5 | |
34 |16 |9445 |5 | |
34 |16 |9479 |3 |(1)+ |
34 |16 |9546.09 |7 |(1,2+) |
34 |16 |9566 |10 | |
34 |16 |9598.41 |8 | |
34 |16 |9640 |4 |(1,2+) |
34 |16 |9665.74 |4 | |
34 |16 |9706 |4 |(1,2+) |
34 |16 |9801.89 |10 |(1,2+) |
34 |16 |9836.70 |6 | |
34 |16 |9868 |4 |(1)+ |
34 |16 |9912.8 |7 |7(+) |184 FS 38
34 |16 |9933.35 |13 |1- |
34 |16 |9981 |4 |1- |
34 |16 |10000 |10 |1+ |
34 |16 |10092.23 |16 | |
34 |16 |10097 |4 | |
34 |16 |10140 |4 | |
34 |16 |10169 |4 |1- |
34 |16 |10170 |5 |(1)+ |
34 |16 |10179.59 |6 |(1,2,3) |
34 |16 |10180 |10 |1+ |
34 |16 |10201 |4 | |
34 |16 |10212.15 |5 | |
34 |16 |10236 |4 | |
34 |16 |10248 |4 |1- |
34 |16 |10311.53 |3 |2+ |
34 |16 |10385 |4 | |
34 |16 |10399.8 |7 |8(-) |
34 |16 |10407 |4 |2+ |
34 |16 |10430 |10 |1+ |
34 |16 |10447 |4 | |
34 |16 |10493 |4 |1- |
34 |16 |10528 |4 | |
34 |16 |10586 |4 |1- |
34 |16 |10616 |4 | |
34 |16 |10625 |4 |1- |
34 |16 |10650.11 |20 | |
34 |16 |10651.6 |8 |8+ |35 FS 17
34 |16 |10660 |10 |1+,(2-) |
34 |16 |10662 |4 | |
34 |16 |10670 |4 |1- |
34 |16 |10700 | |(6+) |
34 |16 |10704 |4 | |
34 |16 |10767 |4 |2+ |
34 |16 |10791 |4 |1- |
34 |16 |10800 |10 |1+ |
34 |16 |10803 |6 |(1,2+) |
34 |16 |10840.64 |15 |3- |
34 |16 |10868 |4 | |
34 |16 |10895 |4 | |
34 |16 |10916 |4 | |
34 |16 |10930 |4 |1- |
34 |16 |10994 |4 |2+ |
34 |16 |11014 |4 |2+ |
34 |16 |11020 |10 |1+ |
34 |16 |11024.94 |11 |1- |
34 |16 |11047 |4 | |
34 |16 |11087 |4 |2+ |
34 |16 |11107 |4 |3- |
34 |16 |11141 |4 |1- |
34 |16 |11165 |4 |1- |
34 |16 |11179 |4 | |
34 |16 |11193 |4 | |
34 |16 |11220 |4 |(2+) |
34 |16 |11233 |4 |1- |
34 |16 |11272 |4 |2+ |
34 |16 |11288 |4 | |
34 |16 |11314 |4 |2+ |
34 |16 |11323 |4 |1- |
34 |16 |11350 |10 |1+ |
34 |16 |11357 |4 |1- |
34 |16 |11371 |4 |3- |
34 |16 |11374.2 |8 |8(+) |
34 |16 |11380 |4 |2+ |
34 |16 |11398 |4 | |
34 |16 |11405 |4 | |
34 |16 |11411.31 | |2+ |
34 |16 |11417.223 |16 |1+,2+ |
34 |16 |11419 |4 |1- |
34 |16 |11430.17 | |2+ |0.116 KEV 20
34 |16 |11434.23 | |2- |0.049 KEV 10
34 |16 |11440.36 | |3- |0.0198 KEV 10
34 |16 |11447.97 | | |0.015 KEV LT
34 |16 |11457 |4 |3- |
34 |16 |11467.68 | |2+ |0.368 KEV 8
34 |16 |11469.11 | |3- |0.152 KEV 15
34 |16 |11473 |4 |1- |
34 |16 |11474.51 | |2- |0.45 KEV 6
34 |16 |11485.90 |4 |1- |
34 |16 |11492.64 | |2- |0.51 KEV 10
34 |16 |11496.06 | |2+ |0.71 KEV 3
34 |16 |11499.48 | |1- |
34 |16 |11500 |10 |1+ |
34 |16 |11502.15 | |1- |0.292 KEV 25
34 |16 |11502.82 | |(1-) |0.26 KEV 5
34 |16 |11515.21 | |2- |1.262 KEV 25
34 |16 |11541.09 | |1- |0.63 KEV 7
34 |16 |11543.84 | |1- |0.20 KEV 4
34 |16 |11546.27 | | |0.23 KEV 4
34 |16 |11551.22 | | |0.15 KEV 3
34 |16 |11564.19 | | 1 |
34 |16 |11574.64 | |(0-) |
34 |16 |11580.67 | |2- |3.42 KEV 8
34 |16 |11590.12 | |2- |0.76 KEV 4
34 |16 |11607.88 | |3- |0.62 KEV 3
34 |16 |11610.31 | | |0.70 KEV 14
34 |16 |11614.26 | |3- |2.1 KEV 8
34 |16 |11621.66 | | |0.31 KEV 6
34 |16 |11626.32 | | |0.12 KEV LT
34 |16 |11631.75 | |2+ |0.75 KEV 7
34 |16 |11633.67 | |0+ |5.3 KEV 10
34 |16 |11638.93 | |3- |0.96 KEV 6
34 |16 |11642 |4 |1- |
34 |16 |11648.64 | |3- |0.61 KEV 12
34 |16 |11668.93 | |2- |0.40 KEV 8
34 |16 |11670.29 | |1+ |0.55 KEV 11
34 |16 |11703.75 | | |0.61 KEV 12
34 |16 |11706.47 | |1- |0.79 KEV 16
34 |16 |11716.66 | | |0.67 KEV 14
34 |16 |11743.05 | | |0.28 KEV 6
34 |16 |11751 |4 | |
34 |16 |11773.61 | | |0.40 KEV 8
34 |16 |11783.80 | | |1.40 KEV 25
34 |16 |11789 |4 | |
34 |16 |11796.80 | | |1.30 KEV 25
34 |16 |11807.4 |8 |8(+) |
34 |16 |11829.80 | | |1.7 KEV 3
34 |16 |11849 |4 | |
34 |16 |11858 |4 | |
34 |16 |11868.71 | | |3.3 KEV 5
34 |16 |11878 |4 | |
34 |16 |11908 |4 | |
34 |16 |11921 |4 |(3-) |
34 |16 |11931 |4 |1- |
34 |16 |11949.24 | | |2.3 KEV 4
34 |16 |11956 |4 |3- |
34 |16 |11978 |4 | |
34 |16 |12033 |4 |1- |
34 |16 |12062 |4 | |
34 |16 |12076 |4 | |
34 |16 |12099 |4 |1- |
34 |16 |12120 |10 |1+ |
34 |16 |12136 |4 | |
34 |16 |12141.3 |7 |9(+) |173 FS 35
34 |16 |12150 |4 | |
34 |16 |12164 |4 | |
34 |16 |12172 |4 | |
34 |16 |12180 |10 |2- |
34 |16 |12193 |4 |1- |
34 |16 |12223 |4 | |
34 |16 |12242 |4 | |
34 |16 |12255 |4 | |
34 |16 |12270 |4 | |
34 |16 |12280 |4 | |
34 |16 |12460 |10 |1+,(2-) |
34 |16 |12660 |10 |1+ |
34 |16 |12930 |10 |2-,(1+) |
34 |16 |12985.5 |8 |(9+) |
34 |16 |13320.2 |11 |(9-) |
34 |16 |13341.6 |8 |10(+) |180 FS 28
34 |16 |13590 |10 |2- |
34 |16 |13790 |10 |2- |
34 |16 |13960.5 |11 |(10+) |
34 |16 |13990 |10 |1+ |
34 |16 |14200 |10 |1+,(2-) |
34 |16 |14320 |10 |2-,(1+) |
34 |16 |14430 |10 |1+,(2-) |
34 |16 |14576.4 |12 |(10+) |
34 |16 |14800 |10 |2- |
34 |16 |15244.4 |10 |(10,11,12+) |
34 |16 |15281.0 |18 |(10) |
34 |16 |16649.1 |14 |(10,11,12+) |
35 |16 |0 | |3/2+ |87.37 D 4
35 |16 |1572.378 |19 |1/2+ |2.3 PS 4
35 |16 |1991.28 |5 |7/2- |1.02 NS 5
35 |16 |2347.789 |18 |3/2- |0.81 PS 14
35 |16 |2717.00 |3 |5/2+ |69 FS 24
35 |16 |2938.64 |5 |3/2+ |
35 |16 |3421.1 |3 |5/2+ |70 FS LT
35 |16 |3558.09 |3 |(3/2-,5/2+) |
35 |16 |3594.8 |4 |(1/2:7/2)+ |
35 |16 |3675 |10 |(1/2-,3/2-) |
35 |16 |3801.958 |23 |3/2- |25 FS 18
35 |16 |3818.1 |4 |(3/2:9/2)- |
35 |16 |3866 |10 | |
35 |16 |3885.3 |4 |(3/2-,5/2) |
35 |16 |3890.5 |6 |(3/2-,5/2) |
35 |16 |4022.3 |10 |(3/2-:11/2-) |
35 |16 |4025.9 |4 |(1/2:5/2)+ |
35 |16 |4106.4 |4 |(1/2,3/2,5/2)+ |55 FS LT
35 |16 |4180 |3 |(1/2,3/2,5/2+) |
35 |16 |4189.280 |21 |1/2- |35 FS LT
35 |16 |4302.6 |7 |(1/2:5/2,7/2-) |
35 |16 |4477.64 |7 |(1/2,3/2,5/2)+ |62 FS LT
35 |16 |4576 |8 |(1/2:5/2)+ |
35 |16 |4617 |10 | |
35 |16 |4839 |8 |(1/2:9/2)+ |
35 |16 |4903.32 |8 |1/2- |
35 |16 |4963.09 |3 |3/2- |
35 |16 |4990 |10 |(1/2:5/2)+ |
35 |16 |5058 |8 |7/2- |
35 |16 |5127 |10 |(1/2:9/2)+ |
35 |16 |5344 |4 |(1/2:11/2)- |
35 |16 |5475 |10 | |
35 |16 |5550 |10 |(1/2:11/2)(-) |
35 |16 |5752.5 |8 |(1/2:9/2-) |
35 |16 |5771 |10 |(1/2:9/2)+ |
35 |16 |5841.3 |10 |(1/2:7/2-) |
35 |16 |5915 |10 | |
35 |16 |5980 |10 | |
35 |16 |6018.8 |6 |(1/2:9/2-) |
35 |16 |6078.48 |4 |1/2-,3/2- |
35 |16 |6129 |10 |(1/2,3/2,5/2)+ |
35 |16 |6293.93 |6 |(1/2:9/2-) |
35 |16 |6334 |8 | |
35 |16 |6354.89 |23 |(1/2:9/2-) |
35 |16 |6419.9 |11 |(1/2:9/2-) |
35 |16 |6446 |8 | |
35 |16 |6496 |8 | |
35 |16 |6537.7 |14 | |
35 |16 |6545.1 |13 | |
35 |16 |6584 |10 | |
35 |16 |6629.43 |10 |(1/2:9/2-) |
35 |16 |6635.2 |13 | |
35 |16 |6654 |10 | |
35 |16 |6684 |9 |(1/2:9/2)+ |
35 |16 |6761.0 |12 |(1/2:9/2-) |
35 |16 |6891.3 |14 | |
35 |16 |6986.10 |3 |1/2+ |
35 |16 |7018.95 |4 | |
35 |16 |7072.73 |5 | |
35 |16 |7074.39 |6 | |
35 |16 |7097.8 |3 | |
35 |16 |7099.91 |20 | |
35 |16 |7100.79 |4 |3/2 |
35 |16 |7143.33 |11 | |
35 |16 |7210.49 |5 | |
35 |16 |7218.1 |4 | |
35 |16 |7234.0 |5 | |
35 |16 |7239.9 |6 | |
35 |16 |7253.2 |6 | |
35 |16 |7275.99 |5 |1/2+ |
35 |16 |7279 | | |
35 |16 |7289.9 |8 | |
35 |16 |7294.26 |7 |3/2- |
35 |16 |7331.06 |5 |1/2+ |
35 |16 |7338.24 |20 | |
35 |16 |7343.97 |20 | |
35 |16 |7347.3 |5 | |
35 |16 |7348.0 |5 | |
35 |16 |7353.9 |5 | |
35 |16 |7357.6 |5 | |
35 |16 |7370.63 |6 |1/2- |
35 |16 |7375 |10 | |
35 |16 |7396.0 |6 | |
35 |16 |7404.7 |6 | |
35 |16 |7408.76 |11 |3/2- |
35 |16 |7411.62 |7 | |
35 |16 |7416.57 |4 | |
35 |16 |7429.1 |6 | |
35 |16 |7433.63 |5 | |
35 |16 |7436.4 |4 | |
35 |16 |7442.21 |5 |1/2+ |
35 |16 |7462.3 |6 | |
35 |16 |7481.22 |7 |1/2- |
35 |16 |7494.7 |6 | |
35 |16 |7542.4 |6 | |
35 |16 |7604.1 |6 | |
35 |16 |7609.33 |5 |3/2- |
35 |16 |7649.0 |6 | |
35 |16 |7655.7 |6 | |
35 |16 |7663.98 |11 | |
35 |16 |7678.4 |7 | |
35 |16 |7712 |10 |(3/2:13/2)+ |
35 |16 |7731.1 |7 | |
35 |16 |7749.8 |4 | |
35 |16 |7761.53 |7 |3/2- |
35 |16 |7776.25 |11 |1/2- |
35 |16 |7798.07 |9 |1/2+ |
35 |16 |7812.32 |7 |3/2+ |
35 |16 |7853.33 |7 |3/2- |
35 |16 |7861.9 |12 | |
35 |16 |7880.8 |12 | |
35 |16 |7889.1 |12 | |
35 |16 |7894.71 |7 |3/2- |
35 |16 |7899.8 |3 | |
35 |16 |7934.2 |15 | |
35 |16 |7939.6 |15 | |
35 |16 |7955.05 |11 |3/2- |
35 |16 |7974.27 |11 |3/2- |
35 |16 |8019.63 |20 | |
35 |16 |8041.29 |20 | |
35 |16 |8076.54 |20 | |
35 |16 |8078.0 |3 | |
35 |16 |8093.0 |5 |1/2- |
35 |16 |8143.75 |20 | |
35 |16 |8160 |10 |(1/2:7/2)(-) |
35 |16 |8187.2 |3 |1/2- |
35 |16 |8211.3 |3 | |
35 |16 |8224.3 |4 |1/2- |
35 |16 |8228.5 |4 | |
35 |16 |8244.1 |3 | |
35 |16 |8256.41 |20 |3/2- |
35 |16 |8262.5 |4 |5/2+ |
35 |16 |8273.4 |4 |1/2 |
35 |16 |8298.3 |3 | |
35 |16 |8333.9 |4 |3/2- |
35 |16 |8336.0 |4 | |
35 |16 |8391.4 |4 |3/2- |
35 |16 |8393.8 |3 | |
35 |16 |8406.6 |3 | |
35 |16 |8418.9 |5 |(1/2:9/2)+ |
35 |16 |9155 |10 |(1/2:9/2)+ |
36 |16 |0 | |0+ |STABLE
36 |16 |3290.9 |3 |2+ |83 FS 7
36 |16 |3346 |4 |0+ |8.8 NS 2
36 |16 |4192.7 |5 |3- |0.62 PS 7
36 |16 |4523.0 |6 |1+ |0.017 PS 8
36 |16 |4575.2 |7 |2+ |55 FS 10
36 |16 |5021.5 |3 |4- |
36 |16 |5206.1 |3 |5- |
36 |16 |5251.2 |10 |3- |70 FS 30
36 |16 |5338 |3 | |
36 |16 |5391.4 |9 |2+ |0.2 PS GT
36 |16 |5462 |3 |3+ |
36 |16 |5509.1 |5 |(2,4) |0.19 PS 4
36 |16 |5573.1 |7 |1- |0.14 PS LT
36 |16 |5781.1 |10 | |
36 |16 |5830.9 |7 |3- |
36 |16 |6186.9 |8 |3- |55 FS 20
36 |16 |6225.2 |10 |2+ |20 FS LT
36 |16 |6350 |3 | |
36 |16 |6472 |3 |1- |
36 |16 |6514.4 |4 |4+ |0.2 PS LT
36 |16 |6553 |3 | |
36 |16 |6690 | |(6+) |
36 |16 |7120 |14 |(1,2)+ |0.2 PS LT
36 |16 |7271.9 |3 |(3-,4-,5-) |
36 |16 |7710 |25 | |
37 |16 |0 | |7/2- |5.05 M 2
37 |16 |646.177 |14 |3/2- |
37 |16 |1397.51 |18 |(3/2)+ |
37 |16 |1991.93 |5 |3/2- |
37 |16 |2022.88 |10 |(7/2)- |
37 |16 |2200 |50 | |
37 |16 |2514.8 |3 |(5/2)- |
37 |16 |2637.87 |4 |1/2- |
37 |16 |2776.3 |7 | |
37 |16 |2978 |15 | |
37 |16 |3120 |2 |(9/2)+ |
37 |16 |3261.91 |5 |3/2- |
37 |16 |3355.4 |4 |(3/2)+ |
37 |16 |3442.1 |4 |(7/2)- |
37 |16 |3492.72 |8 |3/2- |
37 |16 |3555 |2 |(3/2) |
37 |16 |3605 |2 |(1/2-,3/2+) |
37 |16 |3666 |2 |(3/2+) |
37 |16 |3918 |2 |(1/2-) |
37 |16 |3967 |2 |(3/2-) |
37 |16 |4004.8 |13 |1/2- |
37 |16 |4072 |2 |(3/2-) |
37 |16 |4147 |2 | |
37 |16 |4303.61 |4 |1/2+ |
37 |16 |4368 |2 |(5/2-) |
37 |16 |4411 |2 |(5/2-,9/2+) |
37 |16 |4471 |2 |(3/2-) |
37 |16 |4492 |2 |(3/2-) |
37 |16 |4548 |2 |(3/2-) |
37 |16 |4675 |2 |(7/2-,9/2+) |
37 |16 |4754 |2 |(7/2-,9/2+) |
37 |16 |4858 |2 |5/2- |
37 |16 |4881.7 |17 |(5/2-) |
37 |16 |4893 |2 |(5/2-) |
37 |16 |5054 |2 |(9/2)+ |
37 |16 |5090 |2 |(9/2)+ |
37 |16 |5122 |2 |(9/2)+ |
37 |16 |5505 |2 |5/2- |
37 |16 |5666 |2 |5/2- |
37 |16 |5720 |2 |5/2- |
38 |16 |0 | |0+ |170.3 M 7
38 |16 |1292.0 |2 |2+ |3.4 PS 4
38 |16 |2805 |2 |(2+) |0.08 PS +9-5
38 |16 |2825.2 |10 |4+ |0.14 PS GT
38 |16 |3375 |17 |(2+) |
38 |16 |3516.2 |8 |(1,2,3-) |
38 |16 |3674.2 |10 |(6+) |
38 |16 |3725 |2 |(2+:6+) |
38 |16 |4336 |20 |(4+) |
38 |16 |4454 |24 |(3-,4+) |
38 |16 |4990.0 |11 |(2+) |
38 |16 |5064 |27 |(3-) |
38 |16 |5278 |28 |(2+) |
38 |16 |6005.3 |10 |(3-) |
38 |16 |6605 |60 | |
39 |16 |0 | |(7/2)- |11.5 S 5
39 |16 |1469 |25 | |
40 |16 |0 | |0+ |8.8 S 22
40 |16 |903.69 |7 |2+ |15.9 PS 21
40 |16 |1916.84 |21 |(4+) |
40 |16 |2254.79 |12 |(2+) |
40 |16 |3236.1 |3 | |
40 |16 |3489.46 |18 |(1,2+) |
40 |16 |3947.0 |3 | |
40 |16 |4138.30 |20 |(1-,2-,3-) |
40 |16 |4724.61 |23 | |
40 |16 |5009.4 |4 |(1-,2-,3-) |
41 |16 |0.0 | |(7/2-) |1.99 S 5
41 |16 |449 |8 | |
41 |16 |904 |16 | |
42 |16 |0 | |0+ |1.013 S 15
42 |16 |890 |15 |2+ |12.8 PS 23
43 |16 |0 | |(3/2-) |265 MS 15
43 |16 |320.7 |5 |(7/2-) |415 NS 5
43 |16 |970 |5 |(5/2-,7/2-) |
43 |16 |1153 |5 |(5/2-,7/2-) |
43 |16 |2616 |9 |(7/2-) |
44 |16 |0 | |0+ |100 MS 1
44 |16 |1329.0 |5 |2+ |2.4 PS 7
44 |16 |1365.0 |8 |0+ |2.619 US 26
44 |16 |1617 |7 | |
44 |16 |2150 |11 |(2+) |
44 |16 |2278 |5 |(2+) |
44 |16 |2457 |6 |(4+) |
44 |16 |2632 |11 |(2+) |
44 |16 |3257 |6 |(2+) |
45 |16 |0 | | |68 MS 2
46 |16 |0.0 | |0+ |50 MS 8
46 |16 |952 |8 |(2+) |
48 |16 |0.0 | | |200 NS GT
