29 |17 |0.0 | |(3/2+) |20 NS LT
30 |17 |0.0 | |(3+) |30 NS LT
31 |17 |0 | |3/2+ |190 MS 1
31 |17 |750 |AP |(1/2+) |
31 |17 |1746 |5 |(3/2,5/2,7/2)+ |
31 |17 |2436 |5 |(3/2,5/2,7/2)+ |
31 |17 |2611 |5 |(3/2,5/2,7/2) |
31 |17 |2687 |6 |(3/2,5/2,7/2)+ |
31 |17 |3641 |6 |(3/2,5/2,7/2) |
31 |17 |4044 |5 |(3/2,5/2,7/2)+ |
31 |17 |5382 |5 |(3/2,5/2,7/2)+ |
31 |17 |5617 |5 |(3/2,5/2,7/2)+ |
31 |17 |5756 |5 |(3/2,5/2,7/2)+ |
31 |17 |6526 |5 |(3/2,5/2,7/2)+ |
31 |17 |6660 |5 |(3/2,5/2,7/2)+ |
31 |17 |6833 |14 |(3/2,5/2,7/2) |
31 |17 |7378 |6 |(3/2,5/2,7/2)+ |
31 |17 |7488 |6 |(3/2,5/2,7/2)+ |
31 |17 |7594 |10 |(3/2,5/2,7/2) |
31 |17 |9447 |6 |(3/2,5/2,7/2)+ |
31 |17 |12314 |5 |5/2+ |
31 |17 |12539 |30 |(3/2,5/2,7/2)+ |
32 |17 |0 | |1+ |298 MS 1
32 |17 |89.9 |1 |(2)+ |
32 |17 |461.1 |1 |(0)+ |
32 |17 |1168.55 |13 |1+ |
32 |17 |1331.2 |5 |(2)+ |
32 |17 |1736.7 |6 |(3+) |
32 |17 |2131.1 |4 |(3)+ |
32 |17 |2209.5 |5 |(1+) |
32 |17 |2283.5 |5 |(2)+ |
32 |17 |2611 |5 |(1+) |
32 |17 |2675 |5 |(2+) |
32 |17 |2859 |4 |1+,2+,3+ |
32 |17 |2936 |5 |(3+) |
32 |17 |3055 |5 |2-,3-,4- |
32 |17 |3165 |4 |2-,3-,4- |
32 |17 |3283 |5 |1+,2+,3+ |
32 |17 |3694 |4 |(2,3) |
32 |17 |3772 |5 |1+ |
32 |17 |3.8E3 | |(6-) |
32 |17 |3878 |4 |(4,5) |
32 |17 |4001 |4 | |
32 |17 |4079 |4 |1+ |
32 |17 |4167 |20 |1+ |
32 |17 |4352 |5 |0+,1+ |
32 |17 |4439 |20 |1+ |
32 |17 |4581 |6 | |
32 |17 |4.7E3 | |(6-) |
32 |17 |4757 |9 |3+,4+,5+ |
32 |17 |4796 |10 |(1+) |
32 |17 |5018 |6 | |
32 |17 |5046.3 |3 |0+ |20 EV 5
32 |17 |5166 |5 |(5+,6+,7+) |
32 |17 |5302 |5 |1+ |
32 |17 |5427 |5 |1+ |
32 |17 |5578 |8 |(5+,6+,7+) |
32 |17 |5.6E3 | |(6-) |
32 |17 |5695 |5 |1+ |
32 |17 |5794 |5 |1+ |
32 |17 |5905 |7 | |
32 |17 |5990 |7 | |
32 |17 |6063 |5 |1+ |
32 |17 |6076 |8 |(5+,6+,7+) |
32 |17 |6178 |8 | |
32 |17 |6259 |8 |1+ |
32 |17 |6.3E3 | |(6-) |
32 |17 |6360 |15 |(5+,6+,7+) |
32 |17 |6528 |5 |1+ |
32 |17 |6599 |5 |1+ |
32 |17 |6680 |15 | |
32 |17 |6738 |5 |1+ |
32 |17 |6.8E3 | |(6-) |
32 |17 |6820 |15 | |
32 |17 |7330 |5 |1+ |
32 |17 |7.4E3 | |(6-) |
32 |17 |7467 |10 |1+ |
32 |17 |7507 |5 | |
32 |17 |7608 |5 |1+ |
32 |17 |7861 |8 |1+ |
32 |17 |8186 |10 |1+ |
32 |17 |830E1 |10 | |
32 |17 |8.4E3 | |(6-) |
32 |17 |860E1 |10 | |
32 |17 |9.2E3 | |(6-) |
32 |17 |9.8E3 | |(6-) |
32 |17 |1000E1 |10 | |
32 |17 |1030E1 |10 | |
33 |17 |0 | |3/2+ |2.511 S 4
33 |17 |810.55 |16 |1/2+ |1.2 PS 2
33 |17 |1986.3 |3 |5/2+ |55 FS 11
33 |17 |2352.0 |3 |3/2+ |70 FS 20
33 |17 |2685.4 |4 |(5/2)- |
33 |17 |2839.0 |3 |5/2+ |3 FS 1
33 |17 |2846.3 |3 |3/2- |0.7 FS LT
33 |17 |2975.4 |3 |7/2+ |60 FS 14
33 |17 |3816.3 |3 |5/2+ |
33 |17 |3971.2 |2 |3/2+ |5 KEV 3
33 |17 |3979.30 |19 |5/2- |
33 |17 |4099.4 |5 |(1/2+,3/2,5/2+) |
33 |17 |4112.27 |20 |3/2+ |3 KEV LT
33 |17 |4117.5 |6 |3/2- |9.8 KEV 15
33 |17 |4220 |80 | |
33 |17 |4439.0 |2 |1/2+ |2 KEV 1
33 |17 |4464.2 |4 |3/2+ |2 KEV LT
33 |17 |4517 |4 |1/2- |55 KEV 5
33 |17 |4746.2 |4 |5/2+ |
33 |17 |4775.4 |10 |7/2- |0.25 KEV 5
33 |17 |4835 |2 |3/2+ |
33 |17 |5001.9 |5 |3/2- |6 KEV 2
33 |17 |5084 |30 |1/2- |360 KEV 60
33 |17 |5090.1 |8 |7/2- |0.5 KEV LE
33 |17 |5105.5 |20 |3/2+ |1.5 KEV 5
33 |17 |5117 |15 |1/2- |283 KEV 30
33 |17 |5277.0 |6 |5/2- |0.34 KEV 6
33 |17 |5300 |2 |(3/2)+ |10 KEV LT
33 |17 |5374 |2 |5/2+ |0.44 KEV 8
33 |17 |5448 |1 |1/2+ |31 KEV 2
33 |17 |5548.4 |4 |1/2+ |105 EV 9
33 |17 |5551 |1 |7/2- |0.7 KEV 1
33 |17 |5650 |10 |3/2- |100 KEV 10
33 |17 |5694 |9 | |
33 |17 |5734 |3 |1/2+ |38 KEV 5
33 |17 |5869 |3 |1/2+,3/2+ |1.4 KEV 5
33 |17 |5879 |2 |5/2- |1.5 KEV 3
33 |17 |6149 |3 |5/2+ |0.4 KEV 1
33 |17 |6193 |3 |3/2- |1.0 KEV 2
33 |17 |6203 |3 |3/2+ |5 KEV 1
33 |17 |6247 |5 |(3/2-) |6.5 KEV 15
33 |17 |6255 |2 |1/2+ |6 KEV 3
33 |17 |6290 |3 |7/2- |3.0 KEV 5
33 |17 |6314 |2 |1/2,3/2 |
33 |17 |6392 |5 |3/2- |60 KEV 20
33 |17 |6593 |5 |1/2,3/2 |
33 |17 |6625 |3 |5/2+ |5 KEV 2
33 |17 |6629 |5 |5/2,7/2- |25 KEV
33 |17 |6697 |3 |5/2+ |4.0 KEV 10
33 |17 |6850 |2 |3/2+ |0.36 KEV 15
33 |17 |6854 |3 |3/2+,5/2+ |30 KEV 10
33 |17 |6920 |3 |5/2- |20 KEV
33 |17 |6949 |2 |1/2+,3/2+ |
33 |17 |6983 |3 |3/2+ |10 KEV
33 |17 |6993 |3 |5/2- |7 KEV
33 |17 |7094 |3 |5/2+ |18 KEV
33 |17 |7142 |5 |1/2,3/2 |
33 |17 |7177 |8 |3/2- |13 KEV
33 |17 |7210 |4 |5/2+ |2.6 KEV 5
33 |17 |7230 |40 |5/2-,7/2- |
33 |17 |7264 |6 |3/2+ |
33 |17 |7275 |4 |3/2- |20 KEV
33 |17 |7289 |4 |(3/2)+ |10 KEV 5
33 |17 |7301 |3 |9/2+ |4 KEV
33 |17 |7323 |5 |7/2- |3 KEV
33 |17 |7390 |2 |5/2+ |108 EV 7
33 |17 |7399 |3 |5/2+ |11 KEV
33 |17 |7404 |10 |1/2,3/2 |
33 |17 |7449 |4 |3/2- |35 KEV
33 |17 |7463 | | |
33 |17 |7471 |3 |7/2+ |1.5 KEV
33 |17 |7482 |2 |1/2+ |4 KEV 3
33 |17 |7540 |4 |1/2+,3/2+ |4 KEV LT
33 |17 |7551 |2 |1/2+,3/2+ |10 KEV LT
33 |17 |7667 |4 |1/2+,3/2+ |8 KEV 4
33 |17 |7765 |3 |(1/2)+ |10 KEV 6
33 |17 |8077 |3 |1/2+,3/2+ |34 KEV 6
33 |17 |8130 |3 |1/2+,3/2+ |
33 |17 |8183 |3 |(1/2)+ |22 KEV 6
33 |17 |8316 |6 |1/2+,3/2+ |
33 |17 |8490 |6 |(1/2)+ |
33 |17 |8558 |5 |(3/2)+ |
33 |17 |8710 |50 |5/2-,7/2- |
33 |17 |8813 |8 |1/2,3/2 |
33 |17 |8849 |5 |1/2+,3/2+ |
33 |17 |8864 |10 |1/2,3/2 |
33 |17 |8964 |8 |(1/2)+ |
33 |17 |9117 |5 |(3/2)+ |
33 |17 |9154 |6 |(3/2)+ |
33 |17 |9193 |9 |1/2+,3/2+ |
33 |17 |9583 |6 |1/2+,3/2+ |
34 |17 |0.0 | |0+ |1.5266 S 4
34 |17 |146.36 |3 |3+ |31.99 M 3
34 |17 |461.00 |4 |1+ |5.2 PS 4
34 |17 |665.56 |4 |1+ |9.2 PS 4
34 |17 |1230.26 |4 |2+ |13.6 PS 9
34 |17 |1887.14 |5 |2+ |1.2 PS 5
34 |17 |1923.3 |17 |+ |
34 |17 |2158.05 |5 |2+ |33.1 FS 22
34 |17 |2181.10 |8 |3+ |349 FS 51
34 |17 |2376.5 |4 |4+ |150 FS 17
34 |17 |2580.4 |2 |1+ |33 FS 8
34 |17 |2611.05 |11 |3+ |160 FS 38
34 |17 |2718 |10 |0:4+ |
34 |17 |2721.1 |2 |2- |1.4 PS GT
34 |17 |3129.13 |12 |1+ |2.8 FS LT
34 |17 |3334.0 |2 |1+,2+,3+ |47 FS 19
34 |17 |3383.3 |2 |1+,2+ |5.4 FS 11
34 |17 |3545.07 |15 |3- |101 FS 15
34 |17 |3600.27 |11 |4- |16 PS 4
34 |17 |3631.8 |3 |5- |194 PS 42
34 |17 |3646.3 |2 |(3,4,5+) |152 FS 62
34 |17 |3660.0 |3 |(1,2,3) |3.5 FS LT
34 |17 |3773.84 |15 |(1)- |65 FS 13
34 |17 |3791.7 |2 |(0+,1+) |
34 |17 |3847 |10 | |
34 |17 |3940.1 |3 |0+ |4 FS LT
34 |17 |3964.1 |3 |(2,3,4)+ |90 FS 32
34 |17 |3983.1 |4 |3- |131 FS 23
34 |17 |4075 |10 |1+,2+ |
34 |17 |4076.3 |2 |4- |0.9 PS +12-4
34 |17 |4136.6 |12 |1+,2+ |
34 |17 |4139.8 |2 |2- |90 FS 23
34 |17 |4147.8 |2 |(1+,2+) |
34 |17 |4211 |4 |1+,2+ |
34 |17 |4325.91 |15 |1+,2+ |5.1 FS 20
34 |17 |4354.3 |2 |1- |32 FS 4
34 |17 |4417.4 |2 |2- |24 FS 8
34 |17 |4446.6 |2 |4- |116 FS 19
34 |17 |4461.4 |3 |(2,3,4)- |145 FS 40
34 |17 |4515.8 |2 |2- |10 FS 3
34 |17 |4605.8 |10 |(1-,2-,3-) |0.24 PS 17
34 |17 |4609.7 |15 |2- |
34 |17 |4611 |4 |0+,1+ |
34 |17 |4638.9 |4 |2- |31 FS 10
34 |17 |4670 |40 |(3-) |
34 |17 |4680 |10 | |
34 |17 |4695.7 |2 |0+,1,2,3,4+ |6 FS 3
34 |17 |4717.4 |6 |1+,2 |9 FS LT
34 |17 |4743.15 |11 |6- |4.9 PS 21
34 |17 |4788 |7 |3:7+ |
34 |17 |4824.2 |1 |5+ |0.32 PS 10
34 |17 |4927 |4 |0:4+ |
34 |17 |4941.9 |4 |1+ |6 FS LT
34 |17 |4957.3 |11 |1+,2+ |12 FS LT
34 |17 |4970 |40 |(0)+ |
34 |17 |4971 |11 |1+,2+ |
34 |17 |4995.6 |3 |1+,2+ |5 FS 3
34 |17 |5010 |13 |(0:4)+ |
34 |17 |5020 | | |
34 |17 |5061 |4 | |
34 |17 |5093 |4 | |
34 |17 |5154 |4 | |
34 |17 |5171.6 |3 |4 |50 FS 16
34 |17 |5233 |4 | |
34 |17 |5263 |4 | |
34 |17 |5278 |7 |5+,6+,7+ |
34 |17 |5292 | | |
34 |17 |5314.93 |17 |7+ |65 PS 8
34 |17 |5326 |4 | |
34 |17 |5357 |4 | |
34 |17 |5386.8 |15 |(3-,4,5,6-) |
34 |17 |5424 |4 | |
34 |17 |5444 |4 | |
34 |17 |5485 |4 | |
34 |17 |5540.8 |11 |3- |0.7 PS GT
34 |17 |5576.9 |10 |(2-,3) |
34 |17 |5606 |4 | |
34 |17 |5635.7 |2 |(1,2+) |
34 |17 |5672.9 |10 |(1,2+) |
34 |17 |5705 |5 | |
34 |17 |5763.2 |10 |(1+,2+) |
34 |17 |5785.5 |10 |(2,3,4+) |
34 |17 |5805.9 |10 |(2+) |
34 |17 |5852.8 |3 |(3-) |
34 |17 |5868.0 |10 | |
34 |17 |5897.1 |10 |(2) |
34 |17 |5917 |4 | |
34 |17 |5940.8 |10 |(2-) |
34 |17 |5980 |4 | |
34 |17 |6030.0 |19 |(1+,2+) |
34 |17 |6088.91 |8 |(1,2+) |
34 |17 |6136.2 |11 |1(+) |
34 |17 |6141.7 |11 | |
34 |17 |6169.1 |11 |3(-) |25 EV 4
34 |17 |6181.1 |2 |(2-) |
34 |17 |6207.1 |12 |4(-) |2 FS LT
34 |17 |6219.2 |12 |(2-,3+) |
34 |17 |6228.5 |3 |2 |
34 |17 |6266.5 |13 |(1+,2,3+) |
34 |17 |6273.1 |13 |(3-,4) |
34 |17 |6322.3 |10 |2- |1.6 KEV 2
34 |17 |6361.3 |13 |(1+,2,3+) |
34 |17 |6369.8 |2 |2- |1.6 KEV 2
34 |17 |6382.4 |14 |(2-,3,4-) |
34 |17 |6399.7 |14 |(3) |
34 |17 |6441.5 |14 |(2-,3+) |
34 |17 |6450.4 |2 |(4-) |
34 |17 |6479.2 |14 |(0,1,2) |
34 |17 |6488.3 |14 |(1,2+) |
34 |17 |6527.5 |15 |(2-,3+) |
34 |17 |6547.8 |11 |2- |2.0 KEV 2
34 |17 |6576.1 |15 |(2+,3,4+) |
34 |17 |6583.4 |15 |(1-,2+) |
34 |17 |6608.3 |20 | |
34 |17 |6626.2 |15 |(3-) |
34 |17 |6633 |2 | |
34 |17 |6640.91 |6 |4 |40 EV 6
34 |17 |6695.0 |16 |(3+,4,5+) |
34 |17 |6702.8 |16 |(3,4) |
34 |17 |6719.8 |11 |3- |3.0 KEV 3
34 |17 |6724.2 |3 |(4+) |
34 |17 |6737.9 | |2- |2.0 KEV 1
34 |17 |6748.9 |15 |2- |0.8 KEV 1
34 |17 |6778 |2 | |
34 |17 |6790.8 |16 |(1+,2+) |
34 |17 |6798.4 |16 |(3-,4+) |
34 |17 |6807.5 |11 |1- |1.0 KEV 1
34 |17 |6829.8 |14 |(2,3+) |
34 |17 |6842.7 |11 |2- |2.0 KEV 2
34 |17 |6852.4 |10 |2+ |0.80 KEV 1
34 |17 |6871.0 |3 |5(-) |26 EV 7
34 |17 |6887.9 |3 |3 |
34 |17 |6890.7 |15 |1- |0.85 KEV 15
34 |17 |6901.7 |3 |(1+,2+) |
34 |17 |6917.9 |17 |4 |
34 |17 |6931.5 |17 |(2-) |
34 |17 |6934.8 |15 |1- |5.0 KEV 10
34 |17 |6977.4 |17 |(2-,3,4+) |
34 |17 |6984.8 |10 | |
34 |17 |6986.8 |15 |(1-) |0.6 KEV 1
34 |17 |6991.9 |8 |1+ |0.22 KEV 2
34 |17 |7018.8 |10 | |
34 |17 |7037.7 |15 |2- |8.0 KEV 10
34 |17 |7051.5 |18 |(1-,2,3+) |
34 |17 |7059.0 |3 |(2-,3+) |
34 |17 |7061.5 |10 | |
34 |17 |7078.92 |9 |3- |0.80 KEV 6
34 |17 |7111.6 |15 |2- |1.2 KEV 1
34 |17 |7115.9 |10 | |
34 |17 |7123.2 |8 |2- |4.0 KEV 8
34 |17 |7126.5 |10 | |
34 |17 |7130.4 |15 |2- |15.0 KEV 3
34 |17 |7145.0 |10 | |
34 |17 |7165.4 |10 | |
34 |17 |7175.1 |10 | |
34 |17 |7183.8 |10 | |
34 |17 |7196.1 |15 |2- |1.6 KEV 2
34 |17 |7203.2 |10 | |
34 |17 |7213.7 |15 |1- |2.0 KEV 2
34 |17 |7218.7 |10 | |
34 |17 |7238.1 |10 | |
34 |17 |7241.1 |15 |1+ |0.55 KEV 6
34 |17 |7250.5 |5 | |0.14 PS 5
34 |17 |7271.7 |10 | |
34 |17 |7284.7 |10 | |
34 |17 |7295.4 |10 | |
34 |17 |7317.0 |15 |2- |3.5 KEV 7
34 |17 |7321.7 |9 | |
34 |17 |7336 |2 | |
34 |17 |7346.8 |10 | |
34 |17 |7358.4 |15 |2- |20.0 KEV 4
34 |17 |7368.3 | |(1:3)- |
34 |17 |7375.9 |10 | |
34 |17 |7382.7 |10 | |
34 |17 |7386.6 |15 |2- |0.70 KEV
34 |17 |7406.4 |9 | |
34 |17 |7411.9 |15 |(1,2)- |
34 |17 |7424.4 |10 | |
34 |17 |7440.9 |10 | |
34 |17 |7450.2 |9 | |
34 |17 |7457.5 |15 |1- |4.0 KEV
34 |17 |7462.3 |10 | |
34 |17 |7470.2 |9 | |
34 |17 |7475.3 |15 |2+ |0.17 KEV 2
34 |17 |7486.5 |10 | |
34 |17 |7491.3 |15 |2- |0.1 KEV 1
34 |17 |7495.5 |11 |2- |1.4 KEV 2
34 |17 |7505.9 |10 | |
34 |17 |7511.3 |8 |1+ |0.30 KEV 3
34 |17 |7517.6 |10 | |
34 |17 |7525.6 |15 |(1,2)+ |
34 |17 |7527.2 |8 |1+ |3.0 KEV 3
34 |17 |7531.1 |15 |3- |40.0 KEV 8
34 |17 |7533.9 |15 |(1:5)- |
34 |17 |7536.3 |15 |2- |3.6 KEV 7
34 |17 |7539.9 |10 | |
34 |17 |7544.5 |10 |1+ |0.15 KEV 2
34 |17 |7553.3 | |2+ |2.5 KEV 3
34 |17 |7562.2 |10 | |
34 |17 |7577.8 |10 | |
34 |17 |7582.6 |10 | |
34 |17 |7585.8 |15 |1+ |1.4 KEV 2
34 |17 |7588.4 |10 | |
34 |17 |7595.4 |15 |2+ |0.70 KEV 7
34 |17 |7609.8 |10 | |
34 |17 |7613.6 | |2+ |0.30 KEV 3
34 |17 |7618.0 | |(1)- |0.50 KEV 5
34 |17 |7624.3 |10 | |
34 |17 |7630.2 |10 | |
34 |17 |7643.7 |10 | |
34 |17 |7649.3 |8 |1- |32 KEV 6
34 |17 |7652.1 |15 |2- |0.70 KEV 7
34 |17 |7666.1 |10 | |
34 |17 |7673.5 |15 |1- |2.0 KEV 2
34 |17 |7674.3 | |(1:4)+ |
34 |17 |7675.1 |10 |(2)+ |
34 |17 |7677.9 |15 |3- |2.0 KEV 2
34 |17 |7684.7 |15 |(2,3)+ |
34 |17 |7690.4 |8 |1+ |0.30 KEV
34 |17 |7696.8 |15 |1- |1.3 KEV 1
34 |17 |7704.5 |15 |(1:5)- |
34 |17 |7708.7 |10 | |
34 |17 |7720.0 |8 |1- |6.0 KEV 12
34 |17 |7730.1 |10 | |
34 |17 |7753.4 |10 | |
34 |17 |7761.5 |15 |(0:2)+ |
34 |17 |7768.4 |15 |(1:3)- |
34 |17 |7784.4 |10 | |
34 |17 |7787.5 |15 |(1,2)+ |
34 |17 |7799.8 |15 |(3,4)+ |
34 |17 |7803.2 |7 | |0.07 PS 5
34 |17 |7809.7 |10 | |
34 |17 |7825.3 |15 |3+ |0.04 KEV 1
34 |17 |7827.2 |15 |2- |10 KEV 2
34 |17 |7831.0 |10 | |
34 |17 |7848.8 |8 |(3,4)+ |
34 |17 |7853.3 |10 | |
34 |17 |7859 |3 | |
34 |17 |7878.6 |10 | |
34 |17 |7886.0 |9 | |
34 |17 |7898.7 |9 | |
34 |17 |7904.8 |10 | |
34 |17 |7909.4 |15 | |
34 |17 |7909.5 |8 |2- |8.0 KEV 16
34 |17 |7929.1 |15 |2+ |1.4 KEV 2
34 |17 |7934.6 |8 |3+ |0.50 KEV 5
34 |17 |7943.1 |8 |(1:4)+ |
34 |17 |7953 |3 | |
34 |17 |7967.2 |8 |1+ |0.20 KEV 2
34 |17 |7975.1 |15 |2+ |3.0 KEV 3
34 |17 |7977.4 |15 |1+ |2.7 KEV 3
34 |17 |7979.7 |8 |3+ |0.30 KEV 3
34 |17 |7985.3 |15 |2- |19.0 KEV 20
34 |17 |7990.1 |10 | |
34 |17 |7996.9 |10 | |
34 |17 |8002.5 |15 |(1,2)+ |
34 |17 |8012.4 |15 |(1:4)+ |
34 |17 |8020.8 |15 |2- |0.60 KEV 6
34 |17 |8027.6 |15 |1- |8.0 KEV 8
34 |17 |8030.9 |10 | |
34 |17 |8035.8 |10 | |
34 |17 |8043.1 |15 |2- |4.5 KEV 5
34 |17 |8048.3 |8 |2+ |0.20 KEV 2
34 |17 |8052.4 |15 |1- |0.30 KEV 3
34 |17 |8059.2 |15 |3+ |1.2 KEV 1
34 |17 |8070.5 |8 |(1:5)- |
34 |17 |8084.5 |15 |2+ |0.70 KEV 7
34 |17 |8087.4 |15 |1- |0.50 KEV 5
34 |17 |8106.4 |15 |(2)- |5.0 KEV 5
34 |17 |8118.6 |15 |2+ |1.1 KEV 1
34 |17 |8127.3 |15 |0+ |1.0 KEV 1
34 |17 |8132.8 |10 | |
34 |17 |8141.5 |10 | |
34 |17 |8149.2 |15 |2- |26 KEV 5
34 |17 |8154.6 |8 |1- |1.2 KEV 1
34 |17 |8159.0 |15 |1+ |0.90 KEV 9
34 |17 |8164.6 |15 |(1,2)- |
34 |17 |8186.3 |15 |(3,4)+ |
34 |17 |8191.5 |8 |2+ |0.50 KEV
34 |17 |8195.9 |10 | |
34 |17 |8203.7 |15 |1- |15.0 KEV 15
34 |17 |8210.5 |15 |(3)+ |0.20 KEV 2
34 |17 |8214.5 |8 |3- |0.30 KEV 3
34 |17 |8231.9 |15 |2- |10 KEV 2
34 |17 |8235.8 |8 |2+ |0.95 KEV 10
34 |17 |8248.3 |10 | |
34 |17 |8251.3 |15 |(2+) |0.10 KEV 1
34 |17 |8254.2 |15 |(2,3)- |0.70 KEV 7
34 |17 |8259.3 |8 |4+ |0.80 KEV
34 |17 |8265.5 |15 |(2,3)+ |
34 |17 |8271.5 |15 |0- |0.30 KEV 3
34 |17 |8276.7 |15 |2- |2.2 KEV 2
34 |17 |8280.3 |10 | |
34 |17 |8305.5 |10 |(2,3,4) |
34 |17 |8316.5 |15 |4+ |2.0 KEV 2
34 |17 |8318.6 |8 |(1,2)+ |
34 |17 |8322.8 |15 |(1:5)- |
34 |17 |8330.1 |15 |(1:5)- |
34 |17 |8337.5 |10 | |
34 |17 |8358.4 |15 |2+ |1.5 KEV 2
34 |17 |8361.8 |10 | |
34 |17 |8372.5 |10 | |
34 |17 |8376.1 | |2+ |0.80 KEV 8
34 |17 |8381.3 | |(2)- |0.30 KEV 3
34 |17 |8386.4 | |(3,4)+ |
34 |17 |8389.9 |10 | |
34 |17 |8460.3 |15 |1+ |0.8 KEV 1
34 |17 |8468.1 |15 |2- |2.8 KEV 3
34 |17 |8477.1 |15 |(2)+ |1.90 KEV 20
34 |17 |8485.9 |15 |1- |1.40 KEV 14
34 |17 |8494.1 |15 |2+ |1.50 KEV 15
34 |17 |8494.6 |15 |2- |0.45 KEV 5
34 |17 |8509.2 |15 |2+ |25.0 KEV 25
34 |17 |8537.5 |15 |3- |2.0 KEV 2
34 |17 |8543.3 |15 |3- |2.0 KEV 2
34 |17 |8548.1 |15 |1+ |25.0 KEV 25
34 |17 |8549.1 |15 |2- |3.0 KEV 3
34 |17 |8563.3 |15 |4+ |1.5 KEV 15
34 |17 |8579.3 |15 |1+ |3.1 KEV 3
34 |17 |8587.1 |15 |4- |0.40 KEV 4
34 |17 |8597.8 |15 |1+ |3.0 KEV 3
34 |17 |8601.7 |15 |2+ |3.0 KEV 3
34 |17 |8603.2 |15 |3- |0.20 KEV 2
34 |17 |8610.5 |15 |3- |6.0 KEV 12
34 |17 |8613.4 |15 |(4,5)- |
34 |17 |8643.5 |15 |1- |0.60 KEV 6
34 |17 |8647.4 |15 |2+ |10.0 KEV 20
34 |17 |8651.8 |15 |(1)+ |1.0 KEV 1
34 |17 |8655.7 |15 |(1)+ |1.80 KEV 18
34 |17 |8665.0 |15 |(4,5)- |
34 |17 |8693.2 |15 |1+ |0.50 KEV 5
34 |17 |8697.1 |15 |2+ |1.50 KEV 15
34 |17 |8700.0 |15 |1- |1.5 KEV 2
34 |17 |8706.3 |15 |1+ |0.80 KEV 8
34 |17 |8714.6 |15 |3+ |4.0 KEV 8
34 |17 |8733.1 |15 |3- |35.0 KEV 7
34 |17 |8754.6 |15 |1- |0.70 KEV 7
34 |17 |8756.5 |15 |1- |4.0 KEV 4
34 |17 |8761.3 |15 |3+ |1.60 KEV 16
34 |17 |8779.3 |15 |3+ |0.80 KEV 8
34 |17 |8790.6 |15 |2- |6.0 KEV 6
34 |17 |8793.9 |15 |1- |0.20 KEV 2
35 |17 |0 | |3/2+ |
35 |17 |1219.29 |11 |1/2+ |126 FS 14
35 |17 |1763.04 |7 |5/2+ |0.39 PS 4
35 |17 |2645.74 |8 |7/2+ |159 FS 21
35 |17 |2693.75 |8 |3/2+ |33 FS 6
35 |17 |3002.30 |13 |5/2+ |21 FS 4
35 |17 |3162.80 |8 |7/2- |30.8 PS 6
35 |17 |3918.49 |17 |3/2+ |4.9 FS 14
35 |17 |3943.82 |25 |9/2+ |205 FS 35
35 |17 |3967.50 |23 |1/2+ |10 FS 3
35 |17 |3979.0 |3 |(3/2+,5/2+) |14 FS 3
35 |17 |4059.12 |15 |3/2- |14 FS 2
35 |17 |4111.98 |24 |7/2+ |49 FS 11
35 |17 |4173.44 |17 |5/2- |34 FS 6
35 |17 |4177.88 |15 |3/2- |25 FS 3
35 |17 |4347.82 |15 |9/2- |0.8 PS 3
35 |17 |4624.35 |23 |(3/2,5/2+) |40 FS 17
35 |17 |4768.82 |18 |7/2 |77 FS 20
35 |17 |4839.08 |20 |(1/2+,3/2) |10 FS 3
35 |17 |4854.4 |4 |(1/2,3/2) |4.9 FS 14
35 |17 |4881.07 |21 |7/2 |5.4 FS 14
35 |17 |5010.09 |20 |(1/2,3/2) |7.6 FS 21
35 |17 |5157 |11 |3/2+,5/2+ |
35 |17 |5163.21 |23 |7/2- |
35 |17 |5215.79 |18 |(3/2+,5/2) |5 FS LT
35 |17 |5403.5 |3 |1/2-,3/2- |12 FS 3
35 |17 |5407.2 |4 |11/2- |0.28 PS 7
35 |17 |5520.0 |11 | |
35 |17 |5586.0 |3 |5/2+ |
35 |17 |5599.69 |23 |3/2+,5/2+ |2.1 FS 7
35 |17 |5633 |3 | |
35 |17 |5645.0 |3 |(5/2,7/2,9/2+) |2.8 FS 7
35 |17 |5654.48 |22 |3/2+ |14 FS 3
35 |17 |5682.9 |6 |1/2-,3/2- |
35 |17 |5723.6 |4 |5/2+ |
35 |17 |5758.0 |4 |(1/2+,3/2) |
35 |17 |5805.5 |4 |(1/2+,3/2,5/2) |3.5 FS 7
35 |17 |5823.0 |10 |(5/2,9/2) |
35 |17 |5926.9 |3 |11/2- |0.28 PS LT
35 |17 |6087.4 |4 |13/2- |6.1 PS 6
35 |17 |6106.2 |4 |(3/2,5/2+) |8.3 FS 21
35 |17 |6139 |4 |5/2+ |
35 |17 |6181.0 |6 |(1/2:7/2,9/2-) |
35 |17 |6200 |10 |(7/2:17/2)+ |
35 |17 |6225 |4 | |
35 |17 |6380.8 |8 | |
35 |17 |6402 |4 | |
35 |17 |6492.0 |6 |(1/2,3/2,5/2+) |
35 |17 |6656 |3 | |
35 |17 |6681 |3 | |
35 |17 |6746 |12 |3/2+,5/2+ |
35 |17 |6783 |3 | |
35 |17 |6802 |4 | |
35 |17 |6866.7 |6 | |
35 |17 |6894 |3 | |
35 |17 |6947 |4 |5/2+ |
35 |17 |6986 |4 | |
35 |17 |7066.2 |3 |5/2+ |
35 |17 |7103.3 |3 |3/2 |
35 |17 |7121 |4 | |
35 |17 |7170 |10 |(7/2:17/2)+ |
35 |17 |7178.6 |3 |1/2+ |
35 |17 |7185.0 |3 |5/2+ |
35 |17 |7194.5 |3 |1/2- |0.027 KEV 8
35 |17 |7210 |4 | |
35 |17 |7225.5 |3 |5/2 |
35 |17 |7234.0 |3 |5/2+ |
35 |17 |7269.2 |1 | |
35 |17 |7272.6 |3 |1/2- |0.014 KEV 4
35 |17 |7348 |5 | |
35 |17 |7362.0 |3 |3/2 |
35 |17 |7396.0 |3 |7/2(-) |
35 |17 |7418 |5 | |
35 |17 |7451.0 |5 |3/2 |
35 |17 |7501.1 |5 | |
35 |17 |7502.9 |3 | |
35 |17 |7518.7 |4 |7/2(-) |
35 |17 |7548.2 |3 |7/2- |0.7 FS LT
35 |17 |7561.1 |4 |(1/2,3/2) |
35 |17 |7568 |4 | |
35 |17 |7587 |4 | |
35 |17 |7600.8 |3 |5/2+ |14 FS LT
35 |17 |7618.7 |4 |(3/2-,5/2) |
35 |17 |7650 |4 | |
35 |17 |7656.5 |4 |(1/2,3/2,5/2+) |
35 |17 |7670 |10 |(7/2:17/2)+ |
35 |17 |7671.9 |3 |(5/2-,7/2) |
35 |17 |7684.7 |3 |3/2- |
35 |17 |7693.8 |5 |(1/2:7/2,9/2-) |
35 |17 |7706.4 |3 |5/2+ |
35 |17 |7744.8 |4 |7/2- |
35 |17 |7750 |10 |(7/2:17/2)+ |
35 |17 |7777.0 |3 |5/2+ |
35 |17 |7781.6 |3 |5/2- |
35 |17 |7796.6 |4 |1/2- |0.031 KEV 10
35 |17 |7837.1 |3 |3/2- |3.5 FS LT
35 |17 |7839.7 |5 |(1/2:5/2,7/2-) |
35 |17 |7868.6 |5 |(3/2,5/2+) |
35 |17 |7873.2 |4 |13/2+ |
35 |17 |7880.6 |3 |3/2+,5/2+ |0.008 KEV 4
35 |17 |7889.0 |15 | |
35 |17 |7899.1 |3 |(3/2-,5/2) |
35 |17 |7923.3 |3 |(3/2+,5/2+) |
35 |17 |7949 | | |
35 |17 |7970.2 |3 |(5/2-,7/2-) |
35 |17 |7979 |4 | |
35 |17 |7987.8 |4 |3/2 |
35 |17 |7995.6 |3 |5/2 |
35 |17 |8000.4 |3 |7/2+ |
35 |17 |8004.5 |3 |5/2+ |0.011 KEV 5
35 |17 |8010 |10 |(7/2:17/2)+ |
35 |17 |8019 |4 | |
35 |17 |8035.0 |4 |(1/2-,3/2-) |0.026 KEV 7
35 |17 |8038.5 |3 |1/2+ |0.30 KEV 2
35 |17 |8075.9 |3 |(3/2,5/2) |
35 |17 |8096.5 |3 |5/2 |
35 |17 |8100 |10 |(7/2:17/2)+ |
35 |17 |8106.4 |3 |3/2 |
35 |17 |8113.3 |3 |(3/2,5/2+) |
35 |17 |8147.6 |4 |1/2- |2.66 KEV 27
35 |17 |8149.5 |5 |3/2- |0.56 KEV 6
35 |17 |8156.8 |3 |(5/2+,7/2-) |
35 |17 |8172 |4 | |
35 |17 |8179.4 |5 |(3/2-,5/2,7/2+) |
35 |17 |8209.1 |4 |5/2+ |0.033 KEV 10
35 |17 |8210.6 |5 |1/2+ |0.094 KEV 15
35 |17 |8216.3 |4 |5/2+ |0.014 KEV 3
35 |17 |8242.9 |6 |3/2- |0.140 KEV 15
35 |17 |8251.0 |5 | |
35 |17 |8269.6 |4 |5/2+ |0.005 KEV 3
35 |17 |8277.2 |3 |5/2+ |0.006 KEV 3
35 |17 |8282.0 |3 |(3/2-,5/2) |
35 |17 |8284.3 |13 | |
35 |17 |8287.8 |4 |1/2- |0.04 KEV 1
35 |17 |8294 |2 | |
35 |17 |8297.3 |5 |3/2- |0.073 KEV 15
35 |17 |8299.9 |3 |3/2- |0.073 KEV 15
35 |17 |8318.1 |3 | |
35 |17 |8319.8 |5 |15/2- |0.07 PS LT
35 |17 |8323.2 |5 | |
35 |17 |8346 |5 | |
35 |17 |8381.4 |4 |5/2+ |0.023 KEV 7
35 |17 |8387.8 |5 | |
35 |17 |8390.8 |5 | |
35 |17 |8403.4 |4 |5/2- |0.002 KEV 1
35 |17 |8405.0 |5 |(3/2+,5/2,7/2+) |0.001 KEV 1
35 |17 |8408.4 |7 |1/2- |0.125 KEV 15
35 |17 |8411.2 |14 | |
35 |17 |8417.1 |4 |1/2+ |0.026 KEV 7
35 |17 |8430.3 |5 | |
35 |17 |8434.7 |5 |(3/2)+ |0.090 KEV 15
35 |17 |8464.3 |3 |(3/2,5/2+) |
35 |17 |8485.3 |4 |3/2+ |0.012 KEV 5
35 |17 |8486.9 |4 |3/2- |0.150 KEV 15
35 |17 |8487.4 |6 |15/2- |
35 |17 |8506.5 |5 | |
35 |17 |8514.8 |4 |1/2- |0.150 KEV 15
35 |17 |8533.9 |5 | |
35 |17 |8572.6 |3 |(5/2)+ |0.08 KEV 1
35 |17 |8581.2 |4 |1/2+ |0.75 KEV 8
35 |17 |8585.8 |5 | |
35 |17 |8591.8 |4 |5/2+ |0.003 KEV 2
35 |17 |8612.0 |6 |(3/2+,5/2+) |
35 |17 |8614.7 |4 |5/2+ |0.175 KEV 20
35 |17 |8619.1 |4 |(3/2+,5/2+) |0.002 KEV 1
35 |17 |8631.3 |3 |7/2- |0.001 KEV 1
35 |17 |8635 |5 |5/2 |
35 |17 |8642.7 |4 |(3/2+,5/2+) |0.003 KEV 2
35 |17 |8654 |4 | |
35 |17 |8686.7 |4 |5/2- |0.001 KEV 1
35 |17 |8688.8 |5 |1/2+ |0.20 KEV 2
35 |17 |8690.6 |5 |1/2- |6.44 KEV 65
35 |17 |8697.4 |6 |3/2- |0.8 KEV 1
35 |17 |8700 |10 |(7/2:17/2)+ |
35 |17 |8706.3 |5 | |
35 |17 |8717.7 |5 | |
35 |17 |8750.3 |4 |3/2- |0.30 KEV 3
35 |17 |8767.0 |5 | |
35 |17 |8773.8 |6 |1/2- |0.571 KEV 60
35 |17 |8780.3 |4 |3/2- |0.214 KEV 25
35 |17 |8787.7 |4 |(3/2-,5/2,7/2-) |0.001 KEV 1
35 |17 |8788.7 |6 |15/2+ |0.28 PS LT
35 |17 |8798.7 |5 |(1/2+,3/2,5/2+) |0.001 KEV 1
35 |17 |8820.9 |5 | |
35 |17 |8824.5 |5 |1/2+ |1.70 KEV 17
35 |17 |8829.0 |4 |1/2- |12.2 KEV 12
35 |17 |8829.8 |5 |1/2+ |0.080 KEV 15
35 |17 |8833.0 |3 |5/2 |
35 |17 |8838.8 |4 |7/2- |0.001 KEV 1
35 |17 |8844.6 |4 |17/2+ |5.9 PS 11
35 |17 |8856.8 |4 |5/2+ |0.010 KEV 5
35 |17 |8869.2 |5 |3/2+,5/2+ |0.027 KEV 10
35 |17 |8884.1 |5 | |
35 |17 |8886.1 |3 | |
35 |17 |8893.2 |4 |(5/2,7/2)+ |
35 |17 |8904.8 |4 |(1/2,3/2,5/2+) |
35 |17 |8907.4 |4 |5/2+ |0.002 KEV 1
35 |17 |8919.8 |5 |5/2+ |
35 |17 |8933.3 |5 | |
35 |17 |8955.0 |7 |3/2+ |0.075 KEV 15
35 |17 |8958.6 |5 |(1/2-,3/2-) |0.04 KEV 1
35 |17 |8982.6 |7 |5/2-,7/2- |0.003 KEV 2
35 |17 |8984.5 |3 |3/2+,5/2+ |0.025 KEV 10
35 |17 |8988.4 |5 | |
35 |17 |8992.4 |5 | |
35 |17 |8997.3 |5 |5/2-,7/2- |0.002 KEV 1
35 |17 |9001.0 |5 | |
35 |17 |9019.3 |5 |3/2- |3.50 KEV 35
35 |17 |9024.4 |5 | |
35 |17 |9030.6 |7 |(5/2)+ |0.04 KEV 1
35 |17 |9033.1 |5 | |
35 |17 |9039.0 |5 |1/2- |0.292 KEV 30
35 |17 |9048.2 |5 |5/2-,7/2- |0.001 KEV 1
35 |17 |9050.1 |5 |(5/2)+ |0.095 KEV 15
35 |17 |9081.4 |3 |5/2+ |0.057 KEV 10
35 |17 |9088.4 |5 | |
35 |17 |9099.2 |5 | |
35 |17 |9100.6 |5 |3/2- |0.20 KEV 2
35 |17 |9107.4 |5 | |
35 |17 |9110.1 |5 | |
35 |17 |9120 |4 | |
35 |17 |9124.1 |5 |5/2 |
35 |17 |9135.1 |5 | |
35 |17 |9138.3 |5 | |
35 |17 |9147 |4 | |
35 |17 |9150 |10 |(7/2:17/2)+ |
35 |17 |9155.7 |5 | |
35 |17 |9157.1 |4 |5/2+ |
35 |17 |9163.2 |5 | |
35 |17 |9184.2 |5 | |
35 |17 |9188.8 |5 | |
35 |17 |9194.1 |5 | |
35 |17 |9207 |4 |9/2+ |
35 |17 |9222 |4 |5/2+ |
35 |17 |9227 |4 |5/2- |
35 |17 |9241 |4 |7/2+ |
35 |17 |9256 |4 |1/2 |
35 |17 |9271 |4 | |
35 |17 |9276 |4 | |
35 |17 |9284 |4 |5/2- |
35 |17 |9294 |4 | |
35 |17 |9299 |4 | |
35 |17 |9316 |4 | |
35 |17 |9325 |4 |5/2+ |
35 |17 |9335 |4 |7/2+ |
35 |17 |9345 |4 | |
35 |17 |9349 |4 | |
35 |17 |9355 |4 | |
35 |17 |9376 |4 | |
35 |17 |9400 |9 |1/2 |
35 |17 |9450 |10 |(7/2:17/2)+ |
35 |17 |9456 |4 |3/2 |
35 |17 |9480 |2 |3/2 |
35 |17 |9508 |4 | |
35 |17 |9514 |20 |(1/2-,5/2+) |
35 |17 |9551 |6 |5/2 |
35 |17 |9673 |6 |1/2 |
35 |17 |9713 |3 |1/2 |
35 |17 |9740 |4 | |
35 |17 |9751 |3 |7/2 |
35 |17 |9799 |5 | |
35 |17 |9814 |3 |5/2+ |
35 |17 |9836 |5 | |
35 |17 |9870 |3 |1/2 |
35 |17 |9901 |3 |(1/2,3/2) |
35 |17 |9923 |4 |3/2- |
35 |17 |9951 |5 |3/2 |
35 |17 |9969 |5 |(1/2,3/2) |
35 |17 |10031 |5 |(1/2+,3/2-) |
35 |17 |10058 | |3/2 |
35 |17 |10075 |5 |(1/2) |
35 |17 |10089 |5 |5/2+ |
35 |17 |10133 |5 |3/2- |
35 |17 |10166 |5 |(3/2-,5/2-) |
35 |17 |10181.1 |5 |19/2- |0.14 PS LT
35 |17 |10218 |5 |3/2 |
35 |17 |10222.4 |11 |17/2- |0.28 PS LT
35 |17 |10235 |5 |3/2- |
35 |17 |10278 | |1/2 |
35 |17 |10295 | | |
35 |17 |10319 |5 |5/2+ |
35 |17 |10340 | |(3/2,5/2) |
35 |17 |10359 |5 |3/2 |
35 |17 |10385 | | |
35 |17 |10397 |5 |3/2+ |
35 |17 |10431 |5 |5/2+ |
35 |17 |10464 |5 |5/2+ |
35 |17 |10485 |5 |5/2+ |
35 |17 |10517 |6 | |
35 |17 |10536 |5 |1/2+ |
35 |17 |10548 |6 | |
35 |17 |10585 |5 |3/2+ |
35 |17 |10642 |5 |5/2+ |
35 |17 |10677 |5 |3/2+ |
35 |17 |10698 |5 |7/2- |
35 |17 |10734 |5 |3/2+ |
35 |17 |10761 |5 |(3/2+,7/2-) |
35 |17 |10801 |5 |5/2+ |
35 |17 |10817 |5 |3/2- |
35 |17 |10844 |5 |3/2- |
35 |17 |10859.0 |8 |19/2+ |0.28 PS LT
35 |17 |10870 | |(5/2,7/2) |
35 |17 |10886 | | |
35 |17 |10910 |5 |(3/2+,5/2-) |
35 |17 |10928 | |7/2 |
35 |17 |10942 | | |
35 |17 |10963 |5 |5/2+ |
35 |17 |10973 | | |
35 |17 |10998 |5 |(3/2+,7/2-) |
35 |17 |11034 |5 |3/2+ |
35 |17 |11063 |5 |(1/2+,9/2+) |
35 |17 |11083 |5 |(5/2+,9/2+) |
35 |17 |11105 | | |
35 |17 |11123 |5 |3/2 |
35 |17 |11142 |5 |5/2+ |
35 |17 |11154 | | |
35 |17 |11169 | | |
35 |17 |11178 |5 |(3/2-,5/2+) |
35 |17 |11185 | | |
35 |17 |11195 |5 |3/2 |
35 |17 |11230 | | |
35 |17 |11244 |5 |3/2 |
35 |17 |11262 |5 |3/2- |
35 |17 |11287 | | |
35 |17 |11307 | | |
35 |17 |11313 |5 |(1/2-,5/2+) |
35 |17 |11328 |5 |(1/2-,5/2+) |
35 |17 |11357 | | |
35 |17 |11374 | | |
35 |17 |11390 | | |
35 |17 |11410 | | |
35 |17 |11421 |5 |3/2- |
35 |17 |11434 | | |
35 |17 |11459.0 |6 |21/2+ |
35 |17 |11470 |5 |(1/2-,5/2-) |
35 |17 |11492 | | |
35 |17 |11504 |5 |(3/2-,5/2-) |
35 |17 |11525 | | |
35 |17 |11540 | | |
35 |17 |11550 |5 |(3/2-,5/2+) |
35 |17 |11565 | | |
35 |17 |11589 | | |
35 |17 |11607 |5 |(5/2+,7/2-) |
35 |17 |11629 |5 |(1/2+,5/2+) |
35 |17 |11637 | | |
35 |17 |11651 | | |
35 |17 |11684 |5 |(1/2+,5/2+) |
35 |17 |11773 |5 |(3/2-,7/2-) |
35 |17 |11783 |5 |3/2- |
35 |17 |12572.2 |6 |23/2- |
35 |17 |12900 | | |
35 |17 |13900 | | |
36 |17 |0.0 | |2+ |3.013E+5 Y 15
36 |17 |788.4328 |4 |3+ |14.7 PS 10
36 |17 |1164.8799 |9 |1+ |6.9 PS 4
36 |17 |1601.1034 |14 |1+ |0.64 PS 4
36 |17 |1951.1853 |7 |2- |1.87 PS 21
36 |17 |1959.3940 |13 |2+ |43.6 FS 14
36 |17 |2468.2590 |8 |3- |0.97 PS 10
36 |17 |2492.3035 |22 |2+ |40 FS 9
36 |17 |2518.396 |3 |5- |1.61 NS 8
36 |17 |2676.440 |7 |1+,(2+) |21 FS 3
36 |17 |2810.5731 |21 |4- |2.36 PS 21
36 |17 |2863.9305 |22 |(3)+ |14.6 FS 7
36 |17 |2896.3213 |15 |(2,3)- |596 FS 55
36 |17 |2994.674 |3 |(1,2,3)- |62 FS 8
36 |17 |3100.7000 |13 |(4)- |149 FS +49-28
36 |17 |3.12E3 |10 |0+ |
36 |17 |3207.35 |15 |(0:3)- |97 FS 14
36 |17 |3332.2902 |15 |(2)- |73 FS 7
36 |17 |3470.016 |9 |1+,(2)+ |24 FS LT
36 |17 |3566 |4 |+ |
36 |17 |3599.5240 |19 |(3)- |40.9 FS 21
36 |17 |3634.992 |5 |(1)- |21 FS 10
36 |17 |3660.335 |14 |(1-,2) |55 FS LT
36 |17 |3660.6 |15 | |
36 |17 |3723.4 |4 |4- |49 FS 10
36 |17 |3772 |4 |- |
36 |17 |3825.88 |20 | |
36 |17 |3941.324 |16 |(1+,2,3+,4+) |
36 |17 |3962.900 |7 |(2)- |21 FS LT
36 |17 |3992.06 |8 |(1,2,3)- |21 FS 7
36 |17 |4031.901 |16 |(0,1,2)- |
36 |17 |4061.478 |8 |(1,2,3)- |
36 |17 |4138.978 |7 |(2)- |
36 |17 |4205.648 |24 |(0:3)+ |
36 |17 |4262.0 |18 | |
36 |17 |4294.52 |10 |6- |5.2 PS 48
36 |17 |4299.667 |14 |(0)+ |
36 |17 |4315.61 |4 |(1,2)- |
36 |17 |4410.064 |12 |(1+,2,3+) |
36 |17 |4496.752 |17 |(2)- |
36 |17 |4525.179 |8 |(-) |
36 |17 |4551.43 |4 |(0:3)+ |
36 |17 |4598.426 |18 |3- |
36 |17 |4724.1 |15 |- |
36 |17 |4738 |5 | |
36 |17 |4754.35 |4 |(1,2)- |
36 |17 |4757.983 |7 |3- |
36 |17 |4823.7 |15 | |
36 |17 |4829.54 |3 |(2-,3-) |
36 |17 |4846.7 |15 |- |
36 |17 |4876.7 |15 | |
36 |17 |4884.0 |7 |(1,2,3)+ |
36 |17 |4916 |20 | |
36 |17 |4956.5 |3 |- |
36 |17 |4997.195 |21 |(3)+ |
36 |17 |4997.6 |7 |(3)- |
36 |17 |5018.078 |12 | |
36 |17 |5079.161 |24 |(1,2,3)- |
36 |17 |5150.629 |10 |(1,2)- |
36 |17 |5204.606 |20 |(2)- |
36 |17 |5246.587 |16 |(1+,2+,3+) |
36 |17 |5263.09 |5 |(1,2)- |
36 |17 |5308.12 |11 |- |
36 |17 |5313.55 |13 |7+ |19.7 PS 15
36 |17 |5329.160 |21 |(2-,3+) |
36 |17 |5369.8 |15 | |
36 |17 |5463.530 |9 |(2)- |
36 |17 |5473.712 |18 |(3) |
36 |17 |5517.650 |6 |(2)- |
36 |17 |5545.0 |15 | |
36 |17 |5563.550 |8 |(2-,3-) |
36 |17 |5578.46 |4 |(1,2)- |
36 |17 |5578.498 |17 |(2-) |
36 |17 |5604.295 |12 |(2,3+) |
36 |17 |5604.32 |7 | |
36 |17 |5605 |5 |+ |
36 |17 |5619.23 |9 |- |
36 |17 |5660 |30 | |
36 |17 |5694.42 |21 |- |
36 |17 |5703.059 |13 |(1,2,3)- |
36 |17 |5734.041 |6 |(2)- |
36 |17 |5766 |8 |- |
36 |17 |5778.455 |18 |(2-,3) |
36 |17 |5778.58 |9 |(2,3,4) |
36 |17 |5780.12 |20 |(8) |
36 |17 |5831.9 |4 |- |
36 |17 |5866.6 |15 | |
36 |17 |5898.48 |10 |- |
36 |17 |5912.01 |11 | |
36 |17 |5947.6 |15 |- |
36 |17 |5956.677 |11 |(0:4)+ |
36 |17 |5959.5 |25 |(1+,2,3+) |
36 |17 |5986 |5 |(-) |
36 |17 |6027 |8 | |
36 |17 |6042.316 |11 |(2-,3-) |
36 |17 |6051.1 |3 |- |
36 |17 |6084.84 |8 |- |
36 |17 |6089.872 |16 |(1+,2) |
36 |17 |6095.6 |10 |+ |
36 |17 |6146.6 |10 |+ |
36 |17 |6154 |7 |- |
36 |17 |6184.96 |4 |+ |
36 |17 |6236.4 |5 |- |
36 |17 |6253.551 |18 |(1,2)- |
36 |17 |6268.184 |9 |(2-,3+) |
36 |17 |6339.90 |3 |(1,2,3)- |
36 |17 |6344.417 |25 |(1-,2,3-) |
36 |17 |6354.882 |19 |(2,3)+ |
36 |17 |6379.480 |10 |(4)+ |
36 |17 |6423.382 |9 |(2,3)- |
36 |17 |6441 |7 |- |
36 |17 |6469 |8 | |
36 |17 |6487.746 |24 |(1,2,3)- |
36 |17 |6487.82 |15 |(1+,2,3,4-) |
36 |17 |6504.6 |5 |- |
36 |17 |6528.4 |5 | |
36 |17 |6538.202 |14 |(2,3+) |
36 |17 |6544.966 |8 |(1,2,3)+ |
36 |17 |6576.7 |5 |- |
36 |17 |6595.2 |8 |(-) |
36 |17 |6604.325 |16 |(2) |
36 |17 |6618 |5 |+ |
36 |17 |6642.649 |12 |(1-,2+) |
36 |17 |6673.13 |15 |- |
36 |17 |6750 |6 |+ |
36 |17 |6771.0 |10 | |
36 |17 |6773.22 |4 |+ |
36 |17 |6774 |6 |+ |
36 |17 |6826 |6 |+ |
36 |17 |6836.490 |17 | |
36 |17 |6894 |6 |+ |
36 |17 |6950.0 |7 | |
36 |17 |6952.625 |22 |(1,2,3) |
36 |17 |6997.14 |21 |- |
36 |17 |7082.649 |20 |(2) |
36 |17 |7085.0 |10 |+ |
36 |17 |7165 |6 | |
36 |17 |7339 |15 | |
36 |17 |7512 |6 |+ |
36 |17 |7559.167 |24 |(1,2,3)+ |
36 |17 |7564.7 |6 |(0+,1,2,3+) |
36 |17 |7663 |6 |+ |
36 |17 |7755 |6 |(-) |
36 |17 |7870 |6 |+ |
36 |17 |8184 |6 |(+) |
36 |17 |8579.795 |5 |2+ |
36 |17 |8580.18 |1 |2- |
36 |17 |8583.92 |1 |1- |
36 |17 |8585.13 |1 |(1-) |
36 |17 |8594.18 |1 |2+ |
36 |17 |8595.69 |1 |(3-) |
36 |17 |8596.44 |1 |3- |
36 |17 |8601.56 |1 |(0-) |
36 |17 |8605.66 |1 |2+ |
36 |17 |8606.37 |1 |(2-) |
36 |17 |8616.50 |1 |(1-) |
36 |17 |8618.93 |1 |(3-) |
36 |17 |8622.72 |1 |(1-) |
36 |17 |8629.95 |1 |(3-) |
36 |17 |8631.28 |1 |(2-) |
36 |17 |8633.18 |1 |1+ |
36 |17 |8635.98 |1 |(2-) |
36 |17 |8640.81 |1 |1- |
36 |17 |8646.11 |1 |1+ |
36 |17 |8653.17 |1 |(2+) |
36 |17 |8667.67 |1 |(2-) |
36 |17 |8667.78 |1 |(2-) |
36 |17 |8672.33 |1 |(3-) |
36 |17 |8673.69 |1 |(0-) |
36 |17 |8676.44 |1 |(3-) |
36 |17 |8680.41 |2 |1- |
36 |17 |8688.70 |2 |(3-) |
36 |17 |8690.01 |2 |(2-) |
36 |17 |8690.21 |2 |(2-) |
36 |17 |8691.66 |2 |(1+) |
36 |17 |8706.57 |2 |(2+) |
36 |17 |8710.02 |2 |(1-) |
36 |17 |8711.12 |2 |1(-) |
36 |17 |8715.95 |2 |(3-) |
36 |17 |8716.67 |2 |(2-) |
36 |17 |8717.46 |2 |(3-) |
36 |17 |8718.80 |2 |(2-) |
36 |17 |8725.42 |2 |(2-) |
36 |17 |8728.42 |4 |(3-) |
36 |17 |8737.79 |4 |(1-) |
36 |17 |8740.63 |2 |(1-) |
36 |17 |8757.19 |4 |1+ |
36 |17 |8758.18 |2 |(3-) |
36 |17 |8759.88 |3 |(3-) |
36 |17 |8762.67 |2 |3(-) |
36 |17 |8764.64 |2 |(3-) |
36 |17 |8767.07 |3 |(2-) |
36 |17 |8767.32 |3 |(3-) |
36 |17 |8773.38 |5 |(3-) |
36 |17 |8775.24 |2 |(2-) |
36 |17 |8779.99 |5 |(2-) |
36 |17 |8780.62 |6 |(2-) |
36 |17 |8785 |15 | |
36 |17 |8788.32 |4 |(2-) |
36 |17 |8788.68 |2 |2+ |
36 |17 |8789.10 |5 |(2-) |
36 |17 |8790.80 |2 |2(-) |
36 |17 |8793.61 |8 |(1-) |
36 |17 |8794.97 |3 |(2-) |
36 |17 |8797.62 |2 |1(-) |
36 |17 |8798.62 |2 |(1-) |
36 |17 |8802.26 |8 |(1-) |
36 |17 |8803.41 |4 |(0-) |
36 |17 |8812.81 |2 |(1+) |
36 |17 |8815.59 |2 |2+ |
36 |17 |8816.19 |5 |(0-) |
36 |17 |8818.39 |9 |(0-) |
36 |17 |8818.75 |6 |(2-) |
36 |17 |8822.98 |2 |2(-) |
36 |17 |8834.01 |3 |1(-) |
36 |17 |8851.07 |3 |1(-) |
36 |17 |8855.58 |2 |(2-) |
36 |17 |8856.31 |9 |(1-) |
36 |17 |8856.47 |3 |(2+) |
36 |17 |8857.39 |3 |(2-) |
36 |17 |8858.75 |9 |(2-) |
36 |17 |8861.74 |2 |(2-) |
36 |17 |8864.94 |6 |(3-) |
36 |17 |8866.47 |2 |(2-) |
36 |17 |8872.79 |10 |(2-) |
36 |17 |8874 |11 | |
36 |17 |8875.11 |2 |2- |
36 |17 |8877.24 |12 |(1-) |
36 |17 |8878.58 |3 |1(-) |
36 |17 |8884.74 |3 |2+ |
36 |17 |8901.58 |9 |(2+) |
36 |17 |8905.52 |16 |(1+) |
36 |17 |8907.11 |3 |(3-) |
36 |17 |8909.27 |3 |2+ |
36 |17 |8910.94 |19 |1- |
36 |17 |8911.6 |7 |(0-) |
36 |17 |8915.65 |8 |(2-) |
36 |17 |8924.23 |14 |(2-) |
36 |17 |8942.24 |5 |1(-) |
36 |17 |8949.39 |6 |(2)+ |
36 |17 |8950 |16 | |
36 |17 |8951.05 |13 |(1-) |
36 |17 |8953.48 |10 |(2-) |
36 |17 |8955.38 |4 |2+ |
36 |17 |8956.81 |12 |(1-) |
36 |17 |8967.75 |6 |(1)+ |
36 |17 |8970.44 |6 |(1-) |
36 |17 |8972.92 |6 |(1-) |
36 |17 |8976.18 |5 |2(-) |
36 |17 |8983.81 |21 |(1+) |
36 |17 |8990.06 |7 |(1-) |
36 |17 |9006.14 |4 |2(-) |
36 |17 |9011.81 |10 |(2-) |
36 |17 |9017.79 |10 |(1+) |
36 |17 |9018.52 |14 |(2-) |
36 |17 |9019.73 |12 |(1-) |
36 |17 |9024.84 |15 |(2-) |
36 |17 |9026.27 |17 |(2+) |
36 |17 |9032.08 |15 |(1-) |
36 |17 |9032.24 |10 |2(-) |
36 |17 |9035.74 |14 |(2-) |
36 |17 |9041.76 |6 |3(-) |
36 |17 |9043.61 |17 |(2-) |
36 |17 |9047.6 |4 |(0-) |
36 |17 |9049.92 |21 |(1-) |
36 |17 |9051.64 |10 |(2-) |
36 |17 |9054.72 |8 |(2+) |
36 |17 |9065.6 |3 |(1+) |
36 |17 |9070.50 |15 |(0-) |
36 |17 |9075.26 |6 |(3-) |
36 |17 |9079.77 |11 |2+ |
36 |17 |9092.93 |8 |(2)+ |
36 |17 |9094.83 |6 |(3-) |
36 |17 |9100.03 |7 |(3-) |
36 |17 |9106.81 |8 |(1+) |
36 |17 |9108.32 |7 |(2-) |
36 |17 |9112.28 |16 |(0-) |
36 |17 |9116.93 |14 |(1-) |
36 |17 |9123.15 |13 |(2)+ |
36 |17 |9123.36 |22 |(1-) |
36 |17 |9128.54 |7 |(2-) |
36 |17 |9137.58 |8 |(2-) |
36 |17 |9144.68 |19 |(1-) |
36 |17 |9153.60 |12 |(2-) |
36 |17 |9154.04 |13 |(2)+ |
36 |17 |9154.6 |3 |(1-) |
36 |17 |9163.78 |8 |(1-) |
36 |17 |9170.80 |7 |(3-) |
36 |17 |9176.83 |10 |(1-) |
36 |17 |9180.56 |7 |(2-) |
36 |17 |9184.04 |14 |(2+) |
36 |17 |9191.7 |3 |(1-) |
36 |17 |9193.14 |11 |2+ |
36 |17 |9195.14 |23 |(2-) |
36 |17 |9202.63 |7 |2+ |
36 |17 |9204.51 |10 |(2-) |
36 |17 |9215.66 |12 |(1+) |
36 |17 |9219.16 |25 |(2+) |
36 |17 |9220.7 |3 |(1-) |
36 |17 |9226.43 |25 |(1+) |
36 |17 |9226.92 |15 |(3-) |
36 |17 |9233.30 |16 |(1+) |
36 |17 |9234.9 |3 |(3-) |
36 |17 |9238.8 |3 |(1+) |
36 |17 |9241.76 |12 |(2)+ |
36 |17 |9242.3 |3 |(3-) |
36 |17 |9245.60 |24 |(3-) |
36 |17 |9250.71 |10 |(2)+ |
36 |17 |9255.25 |8 |(1)+ |
36 |17 |9261.14 |10 |(3-) |
36 |17 |9263.68 |15 |(2-) |
36 |17 |9272.34 |9 |2(-) |
36 |17 |9278.03 |17 |(1-) |
36 |17 |9281.54 |15 |(1-) |
36 |17 |9284.6 |3 |(1+) |
36 |17 |9288.92 |14 |(2-) |
36 |17 |9292.13 |23 |(1-) |
36 |17 |9294.19 |18 |(2-) |
36 |17 |9298.86 |10 |2(-) |
36 |17 |9307.29 |19 |(1-) |
36 |17 |9313.32 |19 |(1)+ |
36 |17 |9316.01 |12 |3(-) |
36 |17 |9319.56 |13 |3(-) |
36 |17 |9323.74 |25 |(1-) |
36 |17 |9328.48 |10 |(2-) |
36 |17 |9333.03 |19 |(3-) |
36 |17 |9337.89 |21 |(2)+ |
36 |17 |9339.34 |23 |(1+) |
36 |17 |9350.34 |17 |(1-) |
36 |17 |9355.96 |18 |(2-) |
36 |17 |9358.65 |21 |(2-) |
36 |17 |9364.05 |12 |(3-) |
36 |17 |9367.4 |3 |(1-) |
36 |17 |9381.61 |13 |2+ |
36 |17 |9384.0 |3 |(2-) |
36 |17 |9388.1 |5 |(1+) |
36 |17 |9388.7 |3 |(2-) |
36 |17 |9392.2 |3 |(2-) |
36 |17 |9395.22 |23 |(3-) |
36 |17 |9401.2 |3 |(1-) |
36 |17 |9404.41 |14 |(2-) |
36 |17 |9408.38 |11 |(2-) |
36 |17 |9416.61 |17 |2+ |
36 |17 |9418.22 |14 |(3-) |
36 |17 |9426.92 |13 |(1-) |
36 |17 |9432.19 |14 |(2-) |
36 |17 |9438.01 |15 |(1)+ |
36 |17 |9441.51 |14 |(3-) |
36 |17 |9449.77 |17 |(2-) |
36 |17 |9460.25 |24 |(3-) |
36 |17 |9465.15 |16 |(3-) |
36 |17 |9469.77 |24 |(2-) |
36 |17 |9476.45 |14 |(2-) |
36 |17 |9486.77 |13 |(2-) |
36 |17 |9490.19 |15 |(1-) |
36 |17 |9497.28 |15 |(1-) |
36 |17 |9499.37 |14 |(2-) |
36 |17 |9503.61 |12 |(3-) |
36 |17 |9506.41 |13 |(2-) |
36 |17 |9527.2 |4 |(1-) |
36 |17 |9533.3 |3 |(2-) |
36 |17 |9536.7 |5 |(1-) |
36 |17 |9543.53 |18 |(2-) |
36 |17 |9551.60 |12 |(2-) |
36 |17 |9558.1 |3 |(2-) |
36 |17 |9561.9 |4 |(3-) |
36 |17 |9567.8 |3 |(2-) |
36 |17 |9579.5 |3 |(2-) |
36 |17 |9584.5 |2 |(3)- |
36 |17 |9600.9 |2 |(2-) |
36 |17 |9603.7 |4 |2+ |
36 |17 |9605.7 |4 |(2-) |
36 |17 |9612.1 |4 |(3-) |
36 |17 |9621.0 |3 |(3-) |
36 |17 |9623.7 |4 |(2-) |
36 |17 |9629.7 |4 |(2-) |
36 |17 |9634.8 |7 |(3-) |
36 |17 |9638.0 |3 |(2-) |
36 |17 |9641.2 |5 |(1-) |
36 |17 |9652.5 |2 |(3-) |
36 |17 |9657.9 |4 |(1+) |
36 |17 |9664.2 |3 |(2-) |
36 |17 |9664.5 |9 |(2-) |
36 |17 |9669.3 |5 |(3-) |
36 |17 |9675.1 |4 |(3-) |
36 |17 |9680.1 |3 |(2-) |
36 |17 |9685.8 |3 |(2+) |
36 |17 |9686.6 |6 |(1-) |
36 |17 |9692.6 |3 |(3-) |
36 |17 |9702.7 |2 |(3-) |
36 |17 |9712.4 |2 |(2-) |
36 |17 |9719.0 |3 |(2-) |
36 |17 |9723.8 |4 |(1-) |
36 |17 |9736.1 |2 |(3-) |
36 |17 |9744.7 |2 |(2-) |
36 |17 |9751.7 | |(1+) |
36 |17 |9754.9 | |(3-) |
36 |17 |9763.7 | |(2-) |
36 |17 |9770.7 | |(1-) |
36 |17 |9782.3 | |(3-) |
36 |17 |9788.4 | |(2-) |
36 |17 |9802.2 | |(2+) |
36 |17 |9812.8 | |(3-) |
36 |17 |9821.7 | |(3-) |
36 |17 |9827.6 | |(2-) |
36 |17 |9854.8 | |(2-) |
36 |17 |9858.0 | |(3-) |
36 |17 |9879.4 | |(2-) |
36 |17 |9895.4 | |(1-) |
36 |17 |9895.9 | |(2-) |
36 |17 |9907.6 | |(2-) |
36 |17 |9931.5 | |(3-) |
36 |17 |9944.3 | |(2-) |
36 |17 |9965.2 | |(3-) |
36 |17 |9973.9 | |(2-) |
36 |17 |9975.0 | |(1-) |
36 |17 |9980.8 | |(2-) |
36 |17 |10023.3 | |(3-) |
36 |17 |10099.1 | |(2+) |
36 |17 |11240 |25 | |
36 |17 |11440 |25 | |
36 |17 |12230 |25 | |
37 |17 |0 | |3/2+ |STABLE
37 |17 |1726.58 |4 |1/2+ |0.13 PS 2
37 |17 |3086.12 |7 |5/2+ |37 FS 8
37 |17 |3103.52 |2 |7/2- |14.7 PS 12
37 |17 |3287.2 |11 | |
37 |17 |3626.82 |6 |3/2+ |31 FS 14
37 |17 |3707.79 |9 |3/2+ |44 FS 14
37 |17 |3741.19 |10 |5/2- |21 FS 7
37 |17 |4009.99 |5 |9/2- |22.8 PS 14
37 |17 |4016.27 |9 |3/2+ |0.11 PS 4
37 |17 |4176.64 |9 |3/2- |0.8 PS +14-4
37 |17 |4262 |12 |5/2+ |
37 |17 |4268.87 |9 |1/2 |42 FS 14
37 |17 |4272.58 |10 |7/2- |76 FS 28
37 |17 |4396.32 |14 |5/2 |13 FS 5
37 |17 |4459.97 |15 |7/2- |55 FS 20
37 |17 |4546.08 |6 |11/2- |2.0 PS 6
37 |17 |4801.21 |11 |5/2+ |7 FS LT
37 |17 |4810.9 |3 |7/2 |0.35 PS GT
37 |17 |4837.61 |10 |5/2 |4 FS 2
37 |17 |4853.96 |13 |3/2 |3.5 FS LT
37 |17 |4903.91 |15 |7/2+ |24 FS 10
37 |17 |4920.87 |15 |9/2- |55 FS 31
37 |17 |4923 |4 |(5/2-,7/2) |0.14 PS LT
37 |17 |4960.8 |5 |3/2 |14 FS 6
37 |17 |4974 |3 | |
37 |17 |5009.3 |8 |(1/2:7/2+) |5 FS 3
37 |17 |5055.2 |5 |(1/2:5/2+) |
37 |17 |5059.1 |7 |(3/2-:7/2+) |
37 |17 |5143 |5 | |
37 |17 |5228.7 |7 |(1/2:7/2+) |7 FS LT
37 |17 |5270.95 |8 |13/2- |2.0 PS 3
37 |17 |5283 |3 |(1/2:5/2+) |
37 |17 |5307.4 |5 |(1/2+:5/2+) |
37 |17 |5317.1 |7 |(3/2:7/2+) |
37 |17 |5350 |20 | |
37 |17 |5372.5 |6 |(1/2-:5/2+) |
37 |17 |5379 |4 |(3/2-,5/2,9/2) |104 FS 38
37 |17 |5407 |20 |(1/2,3/2) |
37 |17 |5490.68 |11 |5/2+ |15 FS 6
37 |17 |5528.4 |6 |9/2 |0.21 PS 7
37 |17 |5547.17 |9 |11/2- |0.14 PS 5
37 |17 |5570.1 |3 |(3/2-:7/2) |12 FS 6
37 |17 |5595.05 |10 |9/2+ |
37 |17 |5617.9 |9 |(1/2-:9/2-) |
37 |17 |5645.3 |3 |3/2+,5/2+ |8 FS LT
37 |17 |5700.9 |5 |9/2- |0.2 PS LT
37 |17 |5705.33 |7 |11/2- |0.16 PS 5
37 |17 |5726.3 |3 |7/2- |15 FS 6
37 |17 |5909.3 |6 |(3/2-:9/2+) |
37 |17 |5915.0 |5 |(1/2-:7/2-) |
37 |17 |5931 |4 |(3/2-:9/2) |
37 |17 |5944 |2 |(1/2:9/2-) |
37 |17 |5978 |2 |5/2+ |
37 |17 |5985.9 |8 |(1/2+:5/2) |
37 |17 |6000.5 |9 |13/2 |
37 |17 |6015.3 |5 |(3/2,5/2) |6 FS 5
37 |17 |6042.2 |5 |(1/2:5/2) |14 FS 8
37 |17 |6046.17 |8 |11/2+ |1.4 PS GT
37 |17 |6196.42 |24 |11/2- |0.22 PS 6
37 |17 |6305.1 |8 |(1/2:7/2-) |
37 |17 |6323.8 |4 |(3/2:7/2) |
37 |17 |6358 |3 |(1/2+:7/2+) |
37 |17 |6372 |2 |5/2+ |
37 |17 |6415 |2 |(1/2:5/2+) |
37 |17 |6488.3 |8 |(3/2:9/2-) |
37 |17 |6601 |5 |(7/2-:13/2-) |
37 |17 |6668.9 |8 |3/2+,5/2+ |
37 |17 |6701.8 |4 |5/2+ |3.5 FS LT
37 |17 |6732 |5 |(1/2:9/2-) |
37 |17 |6799.55 |9 |13/2+ |0.41 PS 7
37 |17 |7020.49 |9 |15/2+ |2.1 PS 10
37 |17 |7079.4 |12 |5/2+ |
37 |17 |7150 |2 |(1/2:9/2-) |
37 |17 |7200 |4 |(7/2-:15/2-) |
37 |17 |7224.4 |5 |(5/2,3/2+) |7 FS LT
37 |17 |7254.5 |18 |(1/2:9/2-) |
37 |17 |7269.2 |4 |13/2+ |
37 |17 |7300 |2 |5/2+ |
37 |17 |7452.97 |8 |15/2- |0.13 PS 4
37 |17 |7561.47 |18 |13/2+ |
37 |17 |7686.8 |5 |(1/2:9/2-) |13 FS 5
37 |17 |7735 |10 |(7/2-:15/2-) |
37 |17 |7857.88 |15 |15/2+ |0.85 PS 15
37 |17 |7924 |20 |1/2- |
37 |17 |7987 |20 |(7/2-:15/2-) |
37 |17 |8071.0 |3 |15/2- |
37 |17 |8177.5 |14 |5/2+ |
37 |17 |8530.10 |13 |15/2+ |
37 |17 |8670.7 |11 |15/2- |
37 |17 |8702.18 |20 |17/2+ |
37 |17 |8715.4 |15 |15/2- |
37 |17 |8812.18 |18 |17/2+ |0.38 PS 11
37 |17 |8884.5 |5 |(1/2:7/2-) |
37 |17 |8911.09 |13 |19/2- |0.68 PS 8
37 |17 |8928.8 |5 |(1/2:9/2-) |
37 |17 |8938.2 |5 |(1/2:9/2-) |
37 |17 |8948.94 |28 | |
37 |17 |8987.85 |28 |(1/2:9/2-) |
37 |17 |9027.15 |28 |(3/2,5/2+) |
37 |17 |9034.83 |28 | |
37 |17 |9046.31 |28 |3/2 |
37 |17 |9066.06 |28 |3/2 |
37 |17 |9090.7 |4 | |
37 |17 |9100.39 |28 |(1/2,3/2,5/2+) |
37 |17 |9112.26 |28 |(1/2,3/2,5/2+) |
37 |17 |9133.86 |28 |3/2 |
37 |17 |9137.65 |28 |3/2 |
37 |17 |9147.18 |28 |(1/2:9/2-) |
37 |17 |9169.4 |7 |17/2+ |
37 |17 |9170.92 |28 |(1/2:7/2-) |
37 |17 |9187.55 |28 |(1/2+,3/2,5/2+) |
37 |17 |9194 |3 | |
37 |17 |9203.31 |28 |3/2+,5/2+ |
37 |17 |9208.76 |28 |3/2+,5/2+ |
37 |17 |9215.37 |28 |3/2 |
37 |17 |9220.92 |28 |1/2 |
37 |17 |9234.63 |28 |(1/2+,3/2,5/2+) |
37 |17 |9260.51 |28 |5/2+ |
37 |17 |9285.21 |28 |1/2 |
37 |17 |9293.58 |28 |(3/2-,5/2,7/2+) |
37 |17 |9297.57 |28 |(3/2-,5/2+) |
37 |17 |9300.19 |28 |3/2 |
37 |17 |9309.83 |28 |(1/2+,3/2,5/2+) |
37 |17 |9326.95 |28 |(1/2+,3/2,5/2+) |
37 |17 |9329.18 |28 |(3/2,5/2) |
37 |17 |9341.15 |28 |(1/2,3/2) |
37 |17 |9355.45 |28 |(3/2-,5/2,7/2+) |
37 |17 |9360.60 |28 | |
37 |17 |9373.25 |28 |5/2 |
37 |17 |9377.63 |28 |(1/2:5/2+) |
37 |17 |9385.41 |28 | |
37 |17 |9386.77 |28 | |
37 |17 |9393.38 |28 |(1/2+,3/2,5/2+) |
37 |17 |9402.82 |28 | |
37 |17 |9411.87 |28 | |
37 |17 |9428.71 |21 |17/2- |
37 |17 |9434.92 |28 |5/2 |
37 |17 |9435.79 |28 |5/2 |
37 |17 |9436.48 |28 | |
37 |17 |9448.25 |28 |(1/2+,3/2,5/2+) |
37 |17 |9452.53 |28 |(1/2+,3/2,5/2+) |
37 |17 |9461.96 |28 |5/2 |
37 |17 |9473.54 |28 |(1/2,3/2,5/2+) |
37 |17 |9475.97 |28 |3/2 |
37 |17 |9494.65 |28 |(3/2,5/2+) |
37 |17 |9500.09 |28 |5/2+ |
37 |17 |9501.16 |28 |(3/2-,5/2,7/2+) |
37 |17 |9509 |3 | |
37 |17 |9518.09 |28 |(1/2,3/2,5/2+) |
37 |17 |9522.08 |28 | |
37 |17 |9546.69 |28 |(5/2,7/2+) |0.41 EV 7
37 |17 |9548.44 |28 | |
37 |17 |9549.12 |28 | |
37 |17 |9563 |2 | |
37 |17 |9568 |2 | |
37 |17 |9572.37 |28 |1/2 |
37 |17 |9581.9 |3 | |
37 |17 |9587.7 |3 | |
37 |17 |9592.4 |3 | |
37 |17 |9613.3 |3 | |
37 |17 |9614.1 |3 | |
37 |17 |9616.5 |3 | |
37 |17 |9620 |2 | |
37 |17 |9622.0 |3 | |
37 |17 |9634.4 |3 | |
37 |17 |9642.5 |3 | |
37 |17 |9643.3 |3 | |
37 |17 |9647.3 |3 | |
37 |17 |9657.6 |4 | |
37 |17 |9659.1 |4 | |
37 |17 |9670.9 |4 | |
37 |17 |9671.3 |4 | |
37 |17 |9698.4 |4 | |
37 |17 |9700.2 |4 | |
37 |17 |9707.4 |4 | |
37 |17 |9712.1 |4 | |
37 |17 |9712.9 |4 | |
37 |17 |9718.8 |4 | |
37 |17 |9722.4 |4 | |
37 |17 |9726.5 |4 | |
37 |17 |9727.8 |4 | |
37 |17 |9734.8 |4 | |
37 |17 |9744.4 |4 | |
37 |17 |9751.1 |4 | |
37 |17 |9758.2 |4 | |
37 |17 |9764.4 |4 | |
37 |17 |9768.6 |4 |7/2 |
37 |17 |9772 |2 | |
37 |17 |9776.0 |4 | |
37 |17 |9777.9 |4 | |
37 |17 |9781.3 |4 | |
37 |17 |9784 |2 | |
37 |17 |9795.3 |5 |19/2+ |
37 |17 |9803.7 |4 | |
37 |17 |9807.5 |4 | |
37 |17 |9809.9 |4 | |
37 |17 |9812.7 |4 | |
37 |17 |9815.4 |4 |(1/2:5/2) |
37 |17 |9818 |3 | |
37 |17 |9822.3 |4 | |
37 |17 |9827.9 |4 | |
37 |17 |9833.5 |4 | |
37 |17 |9838.2 |4 | |
37 |17 |9841.2 |3 | |
37 |17 |9845.6 |4 |(3/2,5/2) |
37 |17 |9858.6 |4 | |
37 |17 |9859.7 |4 | |
37 |17 |9864 |2 | |
37 |17 |9868.5 |4 | |
37 |17 |9872 |2 | |
37 |17 |9875.3 |4 | |
37 |17 |9887.6 |4 | |
37 |17 |9893.4 |4 | |
37 |17 |9898.2 |4 | |
37 |17 |9904.7 |4 | |
37 |17 |9911.7 |4 | |
37 |17 |9912.4 |4 | |
37 |17 |9928.5 |4 | |
37 |17 |9932.7 |4 | |
37 |17 |9940.6 |4 | |
37 |17 |9944.7 |4 | |
37 |17 |9949.4 |3 | |
37 |17 |9953.7 |4 | |
37 |17 |9960.3 |3 | |
37 |17 |9974.4 |3 | |
37 |17 |9983.8 |3 | |
37 |17 |9986.3 |3 | |
37 |17 |9987.2 |3 | |
37 |17 |9992.1 |3 | |
37 |17 |9995.6 |3 | |
37 |17 |10001.8 |3 | |
37 |17 |10010.6 |3 | |
37 |17 |10018.2 |3 | |
37 |17 |10025.7 |3 | |
37 |17 |10029.4 |3 | |
37 |17 |10041.0 |3 | |
37 |17 |10042.8 |3 | |
37 |17 |10049.0 |3 | |
37 |17 |10050.3 |3 | |
37 |17 |10058.8 |3 | |
37 |17 |10060.1 |3 | |
37 |17 |10068.1 |3 | |
37 |17 |10071.4 |3 | |
37 |17 |10080.7 |3 |(3/2,5/2) |
37 |17 |10084.8 |3 | |
37 |17 |10086.2 |3 | |
37 |17 |10091.9 |3 | |
37 |17 |10096.4 |3 | |
37 |17 |10103.0 |4 |17/2+ |
37 |17 |10105.4 |3 | |
37 |17 |10109.0 |3 | |
37 |17 |10116 |3 | |
37 |17 |10123 |3 | |
37 |17 |10137.1 |3 | |
37 |17 |10139.9 |4 | |
37 |17 |10142.5 |4 | |
37 |17 |10144.0 |4 | |
37 |17 |10151.4 |4 | |
37 |17 |10169.3 |4 | |
37 |17 |10174.9 |4 |(1/2:5/2+) |
37 |17 |10179.6 |4 | |
37 |17 |10183.2 |4 |7/2 |
37 |17 |10184.5 |4 |(1/2+,3/2,5/2+) |
37 |17 |10190.9 |4 |(3/2,5/2+) |
37 |17 |10197.3 |4 | |
37 |17 |10200.7 |4 | |
37 |17 |10201.3 |4 | |
37 |17 |10207.8 |4 |3/2 |
37 |17 |10212.4 |4 | |
37 |17 |10217.7 |4 | |
37 |17 |10220.6 |4 |(3/2-,5/2+) |
37 |17 |10221.9 |4 |7/2- |
37 |17 |10225.8 |4 |(3/2-,5/2,7/2+) |
37 |17 |10227.6 |4 |(3/2-,5/2+) |
37 |17 |10233.6 |4 |(1/2+,3/2,5/2+) |
37 |17 |10236.1 |4 |7/2 |
37 |17 |10247.5 |4 | |
37 |17 |10251.3 |4 | |
37 |17 |10255.3 |4 |(3/2,5/2) |
37 |17 |10258.2 |4 |(3/2-,5/2,7/2+) |
37 |17 |10262.7 |4 |(3/2-,5/2,7/2+) |
37 |17 |10268.5 |4 |1/2 |
37 |17 |10273.2 |4 |3/2 |
37 |17 |10275.3 |4 |7/2- |
37 |17 |10285.8 |4 |(1/2+,3/2,5/2+) |
37 |17 |10289.8 |4 | |
37 |17 |10292.7 |4 | |
37 |17 |10294.5 |4 |3/2 |
37 |17 |10296.9 |4 |(5/2-,7/2+) |
37 |17 |10305.2 |4 |(1/2,3/2,5/2+) |
37 |17 |10308.1 |4 |19/2- |
37 |17 |10312.3 |4 |3/2+,5/2+ |
37 |17 |10314.5 |4 |(1/2+,3/2,5/2+) |
37 |17 |10318.3 |4 | |
37 |17 |10322 |3 | |
37 |17 |10346 |3 |(3/2,5/2) |
37 |17 |10361 |3 | |
37 |17 |10369 |3 | |
37 |17 |10392 |3 | |
37 |17 |10413 |3 |(3/2,5/2) |
37 |17 |10424 |3 | |
37 |17 |10454 |3 | |
37 |17 |10459 |3 | |
37 |17 |10489 |3 | |
37 |17 |10494 |3 | |
37 |17 |10497 |3 | |
37 |17 |10514 |3 | |
37 |17 |10522 |3 | |
37 |17 |10528 |3 | |
37 |17 |10532 |3 | |
37 |17 |10539 |3 | |
37 |17 |10556 |3 | |
37 |17 |10559 |3 | |
37 |17 |10564 |3 | |
37 |17 |10567 |3 | |
37 |17 |10571.3 |5 |19/2+ |
37 |17 |10575 |3 | |
37 |17 |10587 |3 | |
37 |17 |10593 |3 | |
37 |17 |10598 |3 | |
37 |17 |10713 | | |
37 |17 |10748 | | |
37 |17 |10778 | | |
37 |17 |10962.81 |21 |21/2- |
37 |17 |11398.9 |4 |23/2- |
37 |17 |11432.6 |5 |21/2+ |
37 |17 |11974.1 |14 |(21/2+) |
37 |17 |12476.2 |7 |23/2- |
37 |17 |13841.1 |8 |25/2- |
37 |17 |13843.1 |9 |(25/2+) |
37 |17 |15448 |3 |(27/2-) |
37 |17 |17008.9 |13 |(29/2+) |
38 |17 |0 | |2- |37.24 M 5
38 |17 |671.365 |8 |5- |715 MS 3
38 |17 |755.431 |11 |3- |0.218 PS 26
38 |17 |1309.051 |14 |4- |0.37 PS 5
38 |17 |1617.414 |15 |3- |1.52 PS 14
38 |17 |1692.463 |18 |(1,2)- |0.90 PS 21
38 |17 |1745.81 |4 |0-,1- |0.51 PS 21
38 |17 |1784.97 |13 |2-,3-,4- |67 FS 14
38 |17 |1820 | |(1+) |
38 |17 |1941.998 |14 |1+ |
38 |17 |1981.193 |16 |2-,3- |0.39 PS 6
38 |17 |2452.5 |16 |(0:4)+ |
38 |17 |2743.12 |11 |3- |28 FS 14
38 |17 |2751.09 |7 |1+ |
38 |17 |2895.2 |5 |(0:3)- |
38 |17 |2952.6 |16 |(1+,2+) |
38 |17 |3254.1 |4 |(0:3)- |
38 |17 |3293.5 |3 |(0:3)- |
38 |17 |3403.6 |3 |(0:3)- |
38 |17 |3538.4 |6 |(0:3)- |
38 |17 |3565.8 |6 |(0:3)- |
38 |17 |3685.2 |5 |(0:3)- |
38 |17 |3756.8 |7 |(0:3)- |
38 |17 |3822.6 |4 |(1,2,3)- |
38 |17 |3862.6 |5 |(1,2,3)- |
38 |17 |3893.56 |15 |(1,2,3)- |
38 |17 |3936.3 |6 |(0:3)- |
38 |17 |3974.7 |6 |(0:3)- |
38 |17 |4011.29 |20 |(0:3)- |
38 |17 |4063.0 |4 |(0:3)- |
38 |17 |4073.5 |6 |(0:4) |
38 |17 |4289.2 |6 |(0:3)- |
38 |17 |4349.0 |16 |(0:3)- |
38 |17 |4405.4 |10 |(0:4) |
38 |17 |4412.0 |6 |(0:3)- |
38 |17 |4506.0 |16 |(0:3)- |
38 |17 |4812.5 |16 |(0:3)- |
38 |17 |4836.0 |20 |(0:3)- |
38 |17 |4973 |15 |(1:5)(-) |
38 |17 |5068 |15 |(1:5)(-) |
38 |17 |5098 |15 |(0:4)(+) |
38 |17 |5498 |15 |(0:4)(+) |
38 |17 |6115.96 |8 |2+ |
38 |17 |6132.74 |8 |1+ |
38 |17 |6134.98 |8 | |
38 |17 |6139.22 |8 | |
38 |17 |6149.14 |8 | |
38 |17 |6153.15 |9 |2+ |
38 |17 |6158.07 |8 | |
38 |17 |6161.56 |9 | |
38 |17 |6161.82 |9 | |
38 |17 |6172.83 |8 | |
38 |17 |6172.96 |10 | |
38 |17 |6191.85 |11 | |
38 |17 |6198.57 |11 |(2+) |
38 |17 |6203.20 |10 | |
38 |17 |6219.60 |10 | |
38 |17 |6229.84 |10 | |
38 |17 |6230.09 |10 | |
38 |17 |6232.3 |6 | |
38 |17 |6232.7 |7 | |
38 |17 |6239.7 |8 | |
38 |17 |6240.6 |8 | |
38 |17 |6247.82 |12 | |
38 |17 |6248.42 |12 | |
38 |17 |6254.01 |13 | |
38 |17 |6254.61 |14 | |
38 |17 |6261.29 |13 | |
38 |17 |6268.49 |13 | |
38 |17 |6269.97 |13 | |
38 |17 |6270.78 |13 | |
38 |17 |6272.39 |13 | |
38 |17 |6279.95 |13 | |
38 |17 |6280.82 |13 | |
38 |17 |6283.00 |14 | |
38 |17 |6283.06 |14 | |
38 |17 |6289.96 |14 | |
38 |17 |6293.56 |14 | |
38 |17 |6293.98 |14 | |
38 |17 |6310.78 |15 | |
38 |17 |6315.50 |15 | |
38 |17 |6316.40 |15 | |
38 |17 |6319.83 |15 | |
38 |17 |6320.79 |15 | |
38 |17 |6321.78 |15 | |
38 |17 |6323.21 |15 | |
38 |17 |8216 |25 |0+ |
39 |17 |0 | |3/2+ |56.2 M 6
39 |17 |396.42 |7 |1/2+ |1.4 PS GT
39 |17 |1301.22 |12 |(5/2+) |2.1 PS GT
39 |17 |1697.36 |19 |5/2- |0.8 PS +10-3
39 |17 |1722.5 |4 |5/2+ |0.30 PS 6
39 |17 |1744.98 |10 |(7/2+) |0.90 PS 28
39 |17 |1785.89 |16 |(7/2-) |1.4 PS GT
39 |17 |2060.4 |10 |5/2+ |35 FS LT
39 |17 |2237.9 |7 |1/2+ |55 FS 28
39 |17 |2423.74 |24 |(9/2+) |1.2 PS GT
39 |17 |2489.4 |4 |5/2+ |70 FS 35
39 |17 |2571.7 |3 |(5/2,7/2,9/2)- |
39 |17 |2586.0 |20 | |0.21 PS LT
39 |17 |2834.4 |3 |(11/2+) |1.2 PS GT
39 |17 |3115.6 |5 | |0.15 PS 4
39 |17 |3171 |10 |5/2+,1/2+ |
39 |17 |3340 | | |
39 |17 |3475 |44 |5/2+ |
39 |17 |3519.4 |11 |(15/2+) |
39 |17 |3533.8 |6 |(5/2+,7/2,9/2+) |0.14 PS LT
39 |17 |3907.2 |6 | |
39 |17 |4013 |14 |5/2+ |
39 |17 |4050.4 |7 | |
39 |17 |4.35E3 |10 |(5/2+) |
39 |17 |4354.4 |19 | |
39 |17 |4.63E+3 |18 |(5/2+) |
39 |17 |5.18E3 |18 |(5/2+) |
39 |17 |5.45E3 |10 |(5/2+) |
39 |17 |5.70E3 |15 |(5/2+) |
39 |17 |5.98E3 |13 |(5/2+) |
39 |17 |7.6E3 |15 |(5/2+) |
40 |17 |0 | |2- |1.35 M 2
40 |17 |211.62 |13 |(1-) |
40 |17 |244.03 |8 |(3-) |10 NS LT
40 |17 |367.1 |4 |(2) |
40 |17 |431.8 |3 |(0-:3+) |
40 |17 |601.28 |14 |(4-) |7 NS LT
40 |17 |680.95 |17 |(4-) |
40 |17 |839.16 |15 |(5-) |
40 |17 |889.5 |4 |1+ |
40 |17 |1160 |40 | |
40 |17 |1293.3 |5 |(0-,1,2) |
40 |17 |1580 |40 | |
40 |17 |1740 |40 | |
40 |17 |2014.7 |4 |(6-) |3.5 PS LE
40 |17 |2194.2 |3 |(5) |
40 |17 |2307.2 |7 |1+ |
40 |17 |2413.7 |4 |(6) |
40 |17 |2620.4 |5 |(7-) |3.5 PS LE
40 |17 |4087.1 |8 |(8-) |
41 |17 |0 | |(1/2+) |38.4 S 8
41 |17 |130.2 |7 |(3/2+) |
41 |17 |891.2 |10 |(5/2+) |
41 |17 |1444.8 |12 |(7/2+) |
41 |17 |2451 | |(9/2+) |
42 |17 |0 | | |6.8 S 3
42 |17 |118.4 |3 | |
42 |17 |589.3 |3 | |
42 |17 |842.2 |4 | |
42 |17 |1268.0 |4 |(1+) |
42 |17 |1550.5 |5 | |
42 |17 |1577.7 |5 | |
42 |17 |1711.3 |4 | |
42 |17 |1836.1 |7 | |
42 |17 |2123.8 |4 |(1+) |
42 |17 |2241.7 |12 | |
42 |17 |3030.4 |4 |(1+) |
43 |17 |0 | |(1/2+) |3.13 S 9
43 |17 |328 |2 |(3/2+) |
43 |17 |884 |4 |(1/2,3/2) |
43 |17 |943 |5 |(5/2+) |
43 |17 |1668 |6 |(7/2+) |
43 |17 |1924 |7 | |
44 |17 |0 | |(2-) |0.56 S 11
44 |17 |475 | |(4-) |1.0 NS +35-7
45 |17 |0.0 | |(1/2+) |413 MS 25
45 |17 |127 |6 |(3/2+) |
45 |17 |928 |6 |(5/2+) |
45 |17 |1616 |8 | |
46 |17 |0.0 | |(2-) |232 MS 2
46 |17 |118 |3 | |
46 |17 |151 |3 | |
46 |17 |402 |4 | |
46 |17 |1024 |5 | |
47 |17 |0.0 | | |101 MS 6
48 |17 |0.0 | | |200 NS GE
49 |17 |0.0 | | |170 NS GE
50 |17 |0 | | |620 NS GT
51 |17 |0.0 | |(3/2+) |200 NS GT
