31 |18 |0 | |5/2+ |14.4 MS 6
32 |18 |0 | |0+ |98 MS 2
32 |18 |1867 |8 |2+ |0.46 PS 12
32 |18 |24.7E3 |3 |(0+,2+) |4.0 MEV 15
32 |18 |28.7E3 |4 |(0+,2+) |3.6 MEV 15
33 |18 |0 | |1/2+ |173.0 MS 20
33 |18 |1359 |2 |(3/2+) |
33 |18 |1798 |2 |(5/2+) |
33 |18 |2439 |3 |(3/2+) |
33 |18 |3154 |9 |(3/2+) |
33 |18 |3361 |5 |(5/2+) |
33 |18 |3456 |6 |(7/2+) |
33 |18 |3819 |3 |(5/2+) |
34 |18 |0 | |0+ |843.8 MS 4
34 |18 |2091.1 |3 |2+ |319 FS 42
34 |18 |3287.7 |5 |2+ |194 FS 35
34 |18 |3873 |3 |0+ |187 FS GT
34 |18 |4050 |14 | |
34 |18 |4127.8 |10 | |208 FS LT
34 |18 |4513.2 |8 |3- |201 FS 38
34 |18 |4631 |4 | |
34 |18 |4865 |4 | |
34 |18 |4967 |4 |0+ |
34 |18 |5255 |4 | |
34 |18 |5307 |13 |(5-) |
34 |18 |5542 |4 | |
34 |18 |5620 |30 |2+ |
34 |18 |5909 |12 |0+ |
34 |18 |6074 |11 |2+ |
34 |18 |6525 |9 |2+ |
34 |18 |6794 |11 | |
34 |18 |6990 |50 | |
34 |18 |7322 |6 |2+ |
34 |18 |7499 |4 |(2+) |
34 |18 |7925 |5 | |
35 |18 |0 | |3/2+ |1.7756 S 10
35 |18 |1184.03 |25 |1/2+ |
35 |18 |1750.7 |3 |(5/2)+ |
35 |18 |2603.1 |5 |7/2+ |
35 |18 |2638.0 |3 |3/2+,5/2+ |
35 |18 |2982.79 |12 |3/2+,5/2+ |
35 |18 |3196.9 |4 |7/2- |
35 |18 |3884 |10 |1/2+ |
35 |18 |4012 |10 |1/2-,3/2- |
35 |18 |4065.0 |4 |1/2+,3/2+,5/2+ |
35 |18 |4110 |10 | |
35 |18 |4142 |10 |1/2-,3/2- |
35 |18 |4358.8 |8 |9/2- |
35 |18 |4528.2 |4 |1/2+,3/2+,5/2+ |
35 |18 |4725.9 |6 |1/2+ |
35 |18 |4785.7 |11 |1/2+ |
35 |18 |5048 |10 | |
35 |18 |5113 |10 |3/2+,5/2+ |
35 |18 |5205 |10 | |
35 |18 |5384.2 |6 |11/2- |
35 |18 |5484 |10 |3/2+,5/2+ |
35 |18 |5572.66 |15 |3/2+ |
35 |18 |5592 |10 |3/2+,5/2+ |
35 |18 |5613.2 |11 |(11/2-) |
35 |18 |5765.8 |6 |13/2- |
35 |18 |5911 |10 | |
35 |18 |6032 |10 |3/2+,5/2+ |
35 |18 |6153 |10 | |
35 |18 |6258 |10 | |
35 |18 |6630 |10 |1/2+ |
35 |18 |6700 |20 |5/2-,7/2- |
35 |18 |6826 |10 |3/2+,5/2+ |
35 |18 |6959 |10 | |
35 |18 |7050 |10 |3/2+,5/2+ |
35 |18 |7117 |10 | |
35 |18 |7293 |10 | |
35 |18 |7423 |10 | |
35 |18 |7504 |10 |1/2+,3/2+,5/2+ |
35 |18 |7840 |20 | |
35 |18 |8019 |10 | |
35 |18 |8109.2 |14 |15/2- |
35 |18 |8212.1 |10 |15/2- |
35 |18 |8395 |20 |1/2+,3/2+,5/2+ |
35 |18 |9905.5 |21 |19/2- |
35 |18 |12276.4 |33 |23/2- |
36 |18 |0.0 | |0+ |STABLE
36 |18 |1970.38 |5 |2+ |328 FS 20
36 |18 |4178.32 |11 |3- |2.3 PS 3
36 |18 |4329.1 |7 |(0,1,2)+ |485 FS GT
36 |18 |4414.40 |16 |4+ |76 FS 10
36 |18 |4440.11 |19 |2+ |76 FS 14
36 |18 |4951.4 |4 |2+ |35 FS LT
36 |18 |4974.05 |18 |2- |10 PS 3
36 |18 |5171.13 |16 |5- |88 PS 3
36 |18 |5194.4 |8 |(0+,1+,2+,3-) |69 FS 21
36 |18 |5836.0 |4 |1- |6.2 FS 21
36 |18 |5856.65 |19 |3- |0.31 PS 10
36 |18 |5878 |9 |(2+) |
36 |18 |5895.92 |19 |4- |0.35 PS 14
36 |18 |6136.5 |15 |4+ |
36 |18 |6217.3 |3 |5- |201 FS 35
36 |18 |6356.0 |6 |4+ |0.31 PS 10
36 |18 |6611.0 |3 |2+ |15 FS 6
36 |18 |6645.6 |15 |(2+,3+,4+) |
36 |18 |6724 |2 |NOT (2)+ |
36 |18 |6731.0 |5 |1+,2+ |
36 |18 |6835.16 |19 |4- |0.56 PS 17
36 |18 |6836.50 |18 |3- |166 FS 42
36 |18 |6866.9 |7 |(1+,2+) |
36 |18 |7136.5 |9 |(1-,2+) |9 FS 3
36 |18 |7139.6 |4 |3+ |69 FS 35
36 |18 |7178.9 |4 |(1,2)+ |
36 |18 |7247.4 |6 |(1,2,3)- |21 FS LT
36 |18 |7258.6 |8 |3- |14 FS LT
36 |18 |7336.6 |6 |3+ |10 FS 5
36 |18 |7353.9 |3 |6- |125 FS 28
36 |18 |7432.3 |7 |1+ |1.5 FS 3
36 |18 |7488 |16 |(2-) |
36 |18 |7573.1 |3 |4- |159 FS 49
36 |18 |7672.1 |6 |(3)- |
36 |18 |7706 |10 |- |
36 |18 |7710.3 |5 |1+ |
36 |18 |7749.7 |5 |2- |
36 |18 |7767.0 |4 |6+ |76 FS 11
36 |18 |7879 |2 |(1,2)- |
36 |18 |7971.4 |7 |1+,2+ |
36 |18 |8015.9 |10 |(3,4)- |
36 |18 |8131.9 |6 |1+ |1.6 FS 4
36 |18 |8231 |16 | |
36 |18 |8288 |4 | |
36 |18 |8303 |3 |2- |
36 |18 |8332.5 |15 |(3)- |
36 |18 |8353 |3 |(1-,2+,3-) |
36 |18 |8365 |3 |2- |
36 |18 |8398 |3 | |
36 |18 |8449 |3 |(-) |
36 |18 |8472.0 |10 |(3-,4-,5-) |30 FS 7
36 |18 |8504 |3 |1+ |30 FS 7
36 |18 |8556.3 |10 |2+ |
36 |18 |8593 |4 | |
36 |18 |8672 |3 |(-) |
36 |18 |8739 |4 | |
36 |18 |8806.4 |18 |(0-,1,2,3-) |
36 |18 |8850 |3 | |
36 |18 |8887 |4 |( 5-) |
36 |18 |8909.1 |9 |2+ |
36 |18 |8921.6 |23 | |
36 |18 |8938.8 |5 |(2+,3,4-) |
36 |18 |9014.9 |10 |(3-,4,5-) |
36 |18 |9024.8 |8 |2 |
36 |18 |9066.4 |6 |3- |
36 |18 |9117.0 |10 |1- |
36 |18 |9132.5 |7 |3- |
36 |18 |9144.9 |7 |(2+,3-) |
36 |18 |9186 |4 |(6+) |
36 |18 |9192.1 |11 |(3-,4+) |
36 |18 |9220.2 |11 |1+ |
36 |18 |9240.5 |11 |2- |
36 |18 |9248.4 |11 |(1-,2-,3-) |
36 |18 |9258.3 |12 |3- |
36 |18 |9270 |40 |(1+) |
36 |18 |9300.1 |4 |4- |
36 |18 |9342.5 |4 |3- |
36 |18 |9356.0 |8 |2+ |
36 |18 |9365.9 |8 |1- |
36 |18 |9374.1 |13 |(1-,2-,3-) |
36 |18 |9379.9 |13 |(2+,3+,4+) |
36 |18 |9393.4 |10 |(2+,3+,4+) |
36 |18 |9413.9 |29 | |
36 |18 |9439.2 |14 |(2+,3+,4+) |
36 |18 |9448.1 |9 |1-,2+,3- |
36 |18 |9465.9 |5 |1-,2+ |
36 |18 |9474.0 |8 |(1,2) |
36 |18 |9494.3 |12 | |
36 |18 |9502.8 |5 |(2,3) |
36 |18 |9509.6 |6 |(2+,3+,4+) |
36 |18 |9542.0 |11 |(1,2,3)- |
36 |18 |9550.3 |5 |(0+:4+) |
36 |18 |9574.3 |4 |4- |
36 |18 |9595.4 |7 |2+ |
36 |18 |9606.8 |5 |(0,1,2)- |
36 |18 |9667.1 |10 |3- |
36 |18 |9681.9 |5 |4+,6+ |
36 |18 |9700 |30 |0+ |
36 |18 |9703.2 |14 |(1-,2+) |
36 |18 |9734.3 |5 |1-,3-,4+ |
36 |18 |9737.5 |8 |3- |
36 |18 |9764.5 |5 |(3-,4-,5-) |
36 |18 |9812.2 |5 |(1,2,3-) |
36 |18 |9862.6 |5 |3+ |
36 |18 |9878.6 |5 |2+,3+ |
36 |18 |9889.3 |5 | |
36 |18 |9902.1 |5 |4+ |
36 |18 |9927.0 |5 |8+ |27.4 FS 43
36 |18 |9927.4 |5 |5- |
36 |18 |9942.5 |5 |(2,3-) |
36 |18 |9956.9 |5 |(1,2+) |
36 |18 |9982.6 |16 |(1,3)- |
36 |18 |9983.2 |5 |1+,(2+) |
36 |18 |9991.9 |16 |1-,2+ |
36 |18 |9992.9 |9 | |
36 |18 |10002.4 |10 |(1-,2,3) |
36 |18 |10044.4 |12 |1- |
36 |18 |10050 |60 |1+ |
36 |18 |10050.6 |15 |2+ |
36 |18 |10076.7 |5 |(1-,2,3) |
36 |18 |10092.3 |29 | |
36 |18 |10094.9 |15 |2+ |
36 |18 |10099.4 |6 |1- |
36 |18 |10139.5 |9 |(2+,3-) |
36 |18 |10143.0 |6 |(1-,2) |
36 |18 |10149.6 |5 |(3-,4) |
36 |18 |10167.4 |5 |3- |
36 |18 |10173.4 |5 |(1-,2+) |
36 |18 |10186 | |1- |
36 |18 |10193.6 |10 |(3-,4,5,6+) |
36 |18 |10201.3 |18 | |
36 |18 |10217 |4 |2+ |
36 |18 |10220.3 |5 |4(-) |
36 |18 |10256.0 |10 |(3-,4) |
36 |18 |10257.5 |10 |(3-,4+) |
36 |18 |10260.5 |19 | |
36 |18 |10267.3 |5 |1- |
36 |18 |10271.7 |6 |(3-,4-,5-) |
36 |18 |10281.1 |10 |3- |
36 |18 |10301.5 |9 |4+ |
36 |18 |10308.7 |8 |(2,3)- |
36 |18 |10319.5 |15 |2+ |
36 |18 |10328 |11 |2+ |
36 |18 |10329.0 |15 |(3-,4-,5-) |
36 |18 |10377.1 |19 | |
36 |18 |10420.8 |10 |3- |
36 |18 |10435.0 |14 |(1,2,3-) |
36 |18 |10439.4 |19 |2+ |
36 |18 |10449 |3 | |
36 |18 |10462.2 |9 |2- |
36 |18 |10475.3 |21 | |
36 |18 |10488.1 |20 |3- |
36 |18 |10500.2 |5 |(1,2,3)- |
36 |18 |10524 |3 | |
36 |18 |10539.6 |12 |3- |
36 |18 |10558.5 |20 |2+ |
36 |18 |10562.1 |9 |3- |
36 |18 |10568.3 |21 | |
36 |18 |10582.9 |6 |5- |
36 |18 |10593.3 |21 |2+ |
36 |18 |10596 |11 |3- |
36 |18 |10614 |10 |1+,2+,3+ |
36 |18 |10615.6 |7 |4- |
36 |18 |10617.9 |21 |3- |
36 |18 |10635.7 |5 |1- |
36 |18 |10646.7 |10 | |
36 |18 |10650.6 |11 |1- |
36 |18 |10664.1 |21 |(0+,1-,2+) |
36 |18 |10674.3 |22 |(3-,4+) |
36 |18 |10675.9 |10 |5 |
36 |18 |10683.9 |10 |1- |
36 |18 |10700.4 |15 |2+ |
36 |18 |10701.7 |12 |(0+,1-,2+) |
36 |18 |10738.7 |97 | |
36 |18 |10751.6 |15 | |
36 |18 |10759.1 |19 |4+ |
36 |18 |10760.9 |15 |(2,3)- |
36 |18 |10763.8 |22 |4+ |
36 |18 |10780.0 |22 |4+ |
36 |18 |10790.1 |15 |2+ |
36 |18 |10808.9 |12 |(1-,2,3-) |
36 |18 |10816.0 |29 | |
36 |18 |10823.4 |15 | |
36 |18 |10832.3 |15 |(1-,3-,4+) |
36 |18 |10845.7 |15 | |
36 |18 |10852.0 |15 |2+ |
36 |18 |10853.8 |15 |0+ |4 FS LT
36 |18 |10854 |11 |3- |
36 |18 |10865 |7 |(1-,3-,4+) |
36 |18 |10898.6 |15 | |
36 |18 |10902 |3 |1- |
36 |18 |10906.0 |10 |(2+:5-) |
36 |18 |10917 |3 | |
36 |18 |10934 |3 | |
36 |18 |10939 |3 | |
36 |18 |10955.7 |12 |(2+:5-) |
36 |18 |10960.3 |24 |2+ |
36 |18 |10968.1 |15 |1,2 |
36 |18 |10976.2 |24 |4+ |
36 |18 |10986.0 |15 | |
36 |18 |10993.5 |24 |0+,1-,2+ |
36 |18 |11000 | |5- |
36 |18 |11014.3 |15 | |
36 |18 |11027.7 |15 |(1-:5-) |
36 |18 |11040 |11 |2+ |
36 |18 |11043.4 |15 |4+ |
36 |18 |11050 |3 |0+,1-,2+ |
36 |18 |11056 |3 |1+,2+,3+ |
36 |18 |11059.7 |15 |1-,3- |
36 |18 |11086.1 |15 | |
36 |18 |11091 |3 |4+,(5-) |
36 |18 |11110 |3 |0+,1-,2+,3- |
36 |18 |11118.8 |15 | |
36 |18 |11123.2 |25 |3- |
36 |18 |11131.4 |15 |1-,3- |
36 |18 |11149.4 |15 |(1,2,3-) |
36 |18 |11155.9 |15 |2+ |
36 |18 |11167.8 |15 | |
36 |18 |11182.3 |15 |(3+:6-) |
36 |18 |11206.7 |15 | |
36 |18 |11210 |3 | |
36 |18 |11215.7 |15 | |
36 |18 |11224 |3 |1-,2- |
36 |18 |11237.6 |15 |1+,2+,3+ |
36 |18 |11243 |3 |(1-) |
36 |18 |11248 |3 |(1+) |
36 |18 |11269.7 |15 | |
36 |18 |11278 |3 |3- |
36 |18 |11303 |3 | |
36 |18 |11312 |3 |4+,5- |
36 |18 |11321.9 |19 | |
36 |18 |11336.4 |19 |2+ |
36 |18 |11344 |3 |1- |
36 |18 |11358.8 |19 | |
36 |18 |11419.1 |19 | |
36 |18 |11515 |15 | |
36 |18 |11580 |60 |(2-) |
36 |18 |11594 |15 | |
36 |18 |11640 |20 |1+,2+,3+ |
36 |18 |11745 |15 | |
36 |18 |11902.1 |9 |10+ |0.43 PS 7
36 |18 |11946 |15 | |
36 |18 |12066 |15 | |
36 |18 |12090 |70 |(1+) |
36 |18 |12748.5 |7 |10+ |10.1 FS 23
36 |18 |12801 |15 | |
36 |18 |13201 |15 | |
36 |18 |13481 |15 | |
36 |18 |13740 |15 | |
36 |18 |13800 |15 | |
36 |18 |15350.8 |8 |12+ |14.1 FS 28
36 |18 |15400 | |6+ |
36 |18 |16800 | |7- |
36 |18 |18298.6 |9 |14+ |11.0 FS 25
36 |18 |19500 | |8+ |
36 |18 |22365.3 |15 |16+ |6.0 FS LT
36 |18 |25300 | |10+ |
36 |18 |27148 | |2+ |
36 |18 |27718 | |4+ |
36 |18 |29508 | |6+ |
36 |18 |30510 | |8+ |
36 |18 |31694 | |7- |
36 |18 |32478 | |8+ |
36 |18 |34770 | |13- |
36 |18 |37100 | |15- |
36 |18 |39500 | |16+ |
36 |18 |X | |(10+) |
36 |18 |2200+X | |(12+) |0.83 MEV 16
36 |18 |4900+X | |(15-) |
36 |18 |5600+X | |(15-) |
36 |18 |7200+X | |(17-) |
36 |18 |8300+X | |(17-) |0.41 MEV 7
36 |18 |11500+X | |(19-) |2.5 MEV 3
37 |18 |0.0 | |3/2+ |35.011 D 19
37 |18 |1409.84 |7 |1/2+ |0.59 PS 10
37 |18 |1611.28 |5 |7/2- |4.38 NS 10
37 |18 |2217.00 |23 |7/2+ |283 FS 22
37 |18 |2490.17 |13 |3/2- |462 FS 111
37 |18 |2796.15 |8 |5/2+ |14 FS 4
37 |18 |3170.0 |5 |5/2+ |56 FS 5
37 |18 |3184.74 |19 |9/2- |195 FS 7
37 |18 |3273.58 |14 |5/2- |25 FS 2
37 |18 |3518.1 |7 |3/2- |41 FS 24
37 |18 |3526.76 |14 |7/2- |409 FS 53
37 |18 |3601.8 |4 |3/2+ |23 FS 5
37 |18 |3706.19 |23 |11/2- |256 FS 14
37 |18 |3751 |16 | |
37 |18 |3900 |16 | |
37 |18 |3937.1 |4 |3/2+ |17 FS 10
37 |18 |3981.2 |7 |1/2,3/2,5/2 |28 FS 28
37 |18 |4021.6 |3 |9/2- |28 FS 10
37 |18 |4193 |9 | |
37 |18 |4283.87 |25 |7/2+ |28 FS 14
37 |18 |4320 |16 | |
37 |18 |4396.7 |9 |(5/2)- |6.9 FS LT
37 |18 |4444.5 |9 |1/2- |14 FS LT
37 |18 |4573.4 |10 |5/2 |14 FS LT
37 |18 |4624.4 |5 |7/2+ |6.9 FS LT
37 |18 |4634.8 |6 |3/2- |21 FS 14
37 |18 |4729 |5 | |
37 |18 |4743.4 |10 |7/2+ |6.9 FS LT
37 |18 |4755 |10 |3/2- |
37 |18 |4798.8 |10 |5/2 |6.9 FS LT
37 |18 |4830 |10 | |
37 |18 |4886.5 |3 | |
37 |18 |4981.0 |6 |7/2-,11/2- |35 FS 10
37 |18 |4995 |5 |3/2+,5/2+ |
37 |18 |5048.4 |6 |5/2 |21 FS LT
37 |18 |5089.53 |25 |3/2 |10 FS LT
37 |18 |5102.1 |12 |1/2- |6.9 FS LT
37 |18 |5130.2 |12 |5/2 |17 FS 7
37 |18 |5213.15 |20 |11/2+ |2.54 PS 25
37 |18 |5229 |10 |(3/2)- |
37 |18 |5267 |20 | |
37 |18 |5349 |8 |3/2- |
37 |18 |5408.3 |12 | |3.5 FS 35
37 |18 |5435.8 |7 |5/2+,9/2+ |87 FS 17
37 |18 |5437 |9 |3/2- |
37 |18 |5461 |8 | |
37 |18 |5533 |16 | |
37 |18 |5573 |5 |3/2- |
37 |18 |5669 |9 |3/2+,5/2+ |
37 |18 |5761 |6 | |
37 |18 |5793.3 |3 |13/2- |35 FS 10
37 |18 |5845 |6 | |
37 |18 |5873 |8 |(1/2-) |
37 |18 |5961 |9 |(7/2-) |
37 |18 |6066 |6 | |
37 |18 |6102 |9 |3/2+,5/2+ |
37 |18 |6150.45 |24 |13/2+ |3.1 PS 3
37 |18 |6158 |12 |1/2- |
37 |18 |6227 |12 |1/2- |
37 |18 |6290 |20 |3/2+,5/2+ |
37 |18 |6315 |7 |5/2- |
37 |18 |6416 |10 |7/2:17/2+ |
37 |18 |6461 |9 |7/2:13/2+ |
37 |18 |6473.28 |24 |15/2+ |4.9 PS 7
37 |18 |6540 |10 | |
37 |18 |6579.9 |22 | |
37 |18 |6604 |10 | |
37 |18 |6673 |8 |1/2+,3/2+ |
37 |18 |6752 |10 | |
37 |18 |6790 |10 |7/2:13/2+ |
37 |18 |6821.4 |18 | |
37 |18 |6852 |10 | |
37 |18 |6875 |10 | |
37 |18 |6946 |12 |(1/2,3/2)- |
37 |18 |7018 |12 | |
37 |18 |7071.1 |4 |13/2+,17/2+ |375 FS 80
37 |18 |7107 |15 | |
37 |18 |7151 |15 |(7/2-) |
37 |18 |7252 |12 |(1/2-) |
37 |18 |7263 |15 | |
37 |18 |7285 |12 |(7/2-) |
37 |18 |7290 |10 |7/2:13/2+ |
37 |18 |7329 |17 | |
37 |18 |7440 |15 | |
37 |18 |7478 |15 | |
37 |18 |7571 |12 |1/2- |
37 |18 |7612 |15 | |
37 |18 |7650 | |1/2+,3/2+,5/2+ |
37 |18 |7710 |10 |3/2:13/2+ |
37 |18 |7770 |10 |3/2:13/2+ |
37 |18 |7804 |12 | |
37 |18 |7888 |9 |3/2:13/2+ |
37 |18 |7902 |12 |1/2- |
37 |18 |7976 |20 | |
37 |18 |8045 |10 | |
37 |18 |8101 |17 |(7/2-) |
37 |18 |8130 |10 |7/2:13/2+ |
37 |18 |8247 |15 | |
37 |18 |8300 |10 |7/2:13/2+ |
37 |18 |8310 |12 |7/2- |
37 |18 |8421 |16 |(7/2-) |
37 |18 |8598 |15 | |
37 |18 |8721 |15 | |
37 |18 |8776 |12 |(1/2)- |
37 |18 |8791.2 |4 |1/2+ |
37 |18 |8865 |15 | |
37 |18 |8897 |12 |(1/2-) |
37 |18 |9024 |12 |(1/2-) |
37 |18 |9650 | |1/2+,3/2+,5/2+ |
37 |18 |11500 | |1/2+,3/2+,5/2+ |
38 |18 |0.0 | |0+ |STABLE
38 |18 |2167.64 |5 |2+ |0.465 PS 21
38 |18 |3377.8 |3 |0+ |22.9 PS 15
38 |18 |3810.16 |6 |3- |62 FS 19
38 |18 |3936.4 |4 |2+ |36 FS 4
38 |18 |4479.96 |10 |4- |1.0 PS 2
38 |18 |4565.4 |2 |2+ |35.9 FS 28
38 |18 |4585.86 |9 |5- |132 PS 4
38 |18 |4709.7 |6 |0+ |1.7 PS +14-7
38 |18 |4877.04 |25 |3- |35 FS 8
38 |18 |5084.4 |4 |(2)- |39 FS 10
38 |18 |5157.3 |2 |2+ |28 FS 6
38 |18 |5349.4 |4 |4+ |0.14 PS 4
38 |18 |5513.3 |4 |3- |0.19 PS 6
38 |18 |5552.21 |18 |1+,2+ |13 FS 6
38 |18 |5594.7 |3 |2+ |49 FS 18
38 |18 |5658.7 |2 |5- |28 FS 4
38 |18 |5733.9 |5 |1- |4 FS LT
38 |18 |5824.9 |2 |3- |125 FS LT
38 |18 |5857.5 |2 |(2)- |15.2 FS 35
38 |18 |5974.8 |2 |(0+:4+) |1.7 PS GT
38 |18 |6041.8 |3 |(3-,4,5-) |57 FS 12
38 |18 |6053.3 |4 |(4+) |72 FS 14
38 |18 |6211.00 |18 |4- |95 FS 30
38 |18 |6213.8 |3 |(1-,2+) |5.0 FS 31
38 |18 |6249.9 |3 |2+ |111 FS GT
38 |18 |6276.1 |4 |4+ |81 FS 35
38 |18 |6338.6 |5 |1-,2-,3- |13 FS LT
38 |18 |6354.5 |4 |1- |3.5 FS 14
38 |18 |6408.5 |2 |6+ |1.0 PS 3
38 |18 |6476.6 |19 |(0+:3-) |0.17 PS GT
38 |18 |6485.4 |7 |(1-:4+) |29 FS 22
38 |18 |6495.8 |3 |(2-,3,4+) |11 FS 4
38 |18 |6520 | |2+ |
38 |18 |6574.3 |5 |1- |3.5 FS LT
38 |18 |6601.17 |19 |4- |12.5 FS 21
38 |18 |6621.6 |4 |(1-,2,3-,4+) |36 FS 12
38 |18 |6674.2 |5 |(5)- |14.0 FS 35
38 |18 |6681.6 |5 |(0,1,2) |53 FS 19
38 |18 |6772.7 |5 |1- |2.8 FS LT
38 |18 |6824.0 |15 |(1-:4+) |17 FS 6
38 |18 |6824.1 |15 |(0+:4+) |
38 |18 |6846 |2 |(0-:4-) |
38 |18 |6852 |1 |(1,2+) |
38 |18 |6869.9 |5 |(1-:4+) |
38 |18 |6903.8 |9 |2-,3- |6.2 FS 21
38 |18 |6947.9 |9 |(2+) |
38 |18 |7046 |1 |(3-,4+) |
38 |18 |7060 |15 |0+ |
38 |18 |7070.3 |3 |(6)- |51 FS 14
38 |18 |7100.8 |5 |(1-:4+) |12 FS 5
38 |18 |7128 |2 |(1-:4+) |
38 |18 |7181 |2 |(1,2+) |
38 |18 |7192.2 |5 |(2-:5-) |
38 |18 |7233.0 |17 |(0+:4+) |
38 |18 |7236 |2 |(2+) |
38 |18 |7288.5 |3 |6+ |27 FS 13
38 |18 |7289.6 |8 |(3-,4+) |55 FS GT
38 |18 |7332 |3 |(1-:4+) |
38 |18 |7350 |1 |(3-,4+) |
38 |18 |7370 |1 |(1+) |
38 |18 |7376 |1 |(2+,3,4+) |
38 |18 |7431.0 |3 |(1-:4+) |13 FS 8
38 |18 |7451 |1 |(1-:4+) |
38 |18 |7485 |3 |(3-,4+) |
38 |18 |7491.4 |5 |(6+) |
38 |18 |7497 |1 |(3,4,5-) |
38 |18 |7508.3 |3 |7- |42 FS GE
38 |18 |7528 |2 |(3-:7-) |
38 |18 |7538 |1 |(3,4,5) |43 FS 24
38 |18 |7629 | |(1,2,3-) |
38 |18 |7648 | |(1,2,3-) |
38 |18 |7663 |2 |(2+:6+) |
38 |18 |7667 |1 |(3-:7-) |
38 |18 |7681 |2 |(3-,4+) |10 FS 6
38 |18 |7702 |1 |(1+) |
38 |18 |7786 |1 |(2-:6-) |
38 |18 |7828 |2 |(1-:5-) |
38 |18 |7857 |2 |(1-,2+) |
38 |18 |7858.7 |7 |(6) |
38 |18 |7893.4 |13 |(1+,2+) |3.5 FS LT
38 |18 |7899 |2 |(3-:7-) |
38 |18 |7911 |1 |(3-,4+) |
38 |18 |7992 |2 |(0+,1,2,3-) |4 FS LT
38 |18 |8068 |1 |(3-,4+) |
38 |18 |8077.4 |3 |7+ |110 FS 30
38 |18 |8106 |2 |(0+:4+) |
38 |18 |8124 |1 |(3-:6+) |
38 |18 |8125.2 |4 |(6-) |
38 |18 |8181 |2 |(3-,4+) |
38 |18 |8215 |2 |(3-:7-) |
38 |18 |8233 |2 |(1-) |
38 |18 |8261 |2 |(3-:6-) |
38 |18 |8311 |2 |(1+) |
38 |18 |8353 |3 |(1,2+) |
38 |18 |8391 |2 |(2+) |
38 |18 |8417 |2 |(3-:7-) |
38 |18 |8481 |2 |(3-:7-) |
38 |18 |8490 |2 | |
38 |18 |8491.2 |4 |(6-) |
38 |18 |8517 |2 |(1,2+) |
38 |18 |8520 |3 |(3-:6-) |
38 |18 |8569.77 |25 |8+ |0.8 PS LT
38 |18 |8592 |3 |(3-:7-) |
38 |18 |8650 |2 |(3-:6+) |
38 |18 |8668 |4 |2+ |
38 |18 |8783 |2 |(3-:7-) |
38 |18 |8789 |3 |(4-:7-) |
38 |18 |8800 |2 | |3.5 FS LT
38 |18 |8809 |2 |(4+:8+) |
38 |18 |8828 |2 |(3-:7-) |
38 |18 |8875 |4 |(3-:6-) |
38 |18 |8944 |2 |(4+:7-) |
38 |18 |8956 |2 |(4-:7-) |
38 |18 |8973.0 |3 |7- |28 FS LT
38 |18 |8998 |2 |(4+,5,6-) |
38 |18 |9072 |2 |(4-,5,6+) |
38 |18 |9077 |2 |(1-:5-) |
38 |18 |9087 |2 |(3-:7-) |
38 |18 |9100 |2 |(1,2+) |
38 |18 |9158 |2 |(0+:4+) |
38 |18 |9170 |2 |(3-:6-) |
38 |18 |9199 |3 |(4-:8-) |
38 |18 |9204 |4 |(0+:4+) |
38 |18 |9260 |4 |(0+:4+) |
38 |18 |9293 |2 |(3-:7-) |
38 |18 |9300 |4 |(0+:4+) |
38 |18 |9330 |2 |(4+:8+) |
38 |18 |9339.4 |4 |8+ |73 FS 17
38 |18 |9349.8 |11 |(7-) |
38 |18 |9374 |2 |(3-:7-) |
38 |18 |9431 | |(1+) |
38 |18 |9437 |2 |(3-:7-) |
38 |18 |9460 |2 |(3-:7-) |
38 |18 |9535 |3 |2+ |
38 |18 |9537.2 |4 |(8+) |
38 |18 |9597 |5 |1- |
38 |18 |9644 |2 |(5-:9-) |
38 |18 |9645 | |(1-) |
38 |18 |9647 |2 |(2-:6-) |
38 |18 |9655 |2 |(3-:7-) |
38 |18 |9669 |2 |(3-:7-) |
38 |18 |9689 |5 |1- |
38 |18 |9720 |20 |2+ |
38 |18 |9797 |5 |3- |
38 |18 |9811 |5 |1- |
38 |18 |9829 |2 |(4-:8-) |
38 |18 |9894 |5 |2+ |
38 |18 |9917 |5 |1- |12 FS 10
38 |18 |9923 |20 |(3-,4+) |
38 |18 |9929 |2 |(6+:10+) |
38 |18 |9934.3 |8 |(9+) |
38 |18 |9951 |5 |2+ |
38 |18 |9993 |5 |1- |
38 |18 |10025.1 |5 |(8-) |
38 |18 |10035 |5 |1- |
38 |18 |10047 |5 |(1-) |
38 |18 |10061 |6 |3- |
38 |18 |10101 |2 |(3-:7-) |
38 |18 |10112 |2 |(4+:8+) |
38 |18 |10118 | |(1-) |
38 |18 |10120 |2 |(6,7,8) |
38 |18 |10135 |2 |(5-:9-) |
38 |18 |10147 |5 |2+ |
38 |18 |10170 |5 |3- |
38 |18 |10174.7 |3 |9- |2.8 PS 5
38 |18 |10181 |2 |(5-:9-) |
38 |18 |10188 |5 |1- |19 FS 10
38 |18 |10.2E+3 |1 |(2+) |
38 |18 |10207 | |(1+) |
38 |18 |10217 |9 |(0+:4+) |
38 |18 |10245 |2 |(5-:9-) |
38 |18 |10245 |5 |(0+:4+) |
38 |18 |10253 |5 |1- |
38 |18 |10274 |2 |(4+:8+) |
38 |18 |10316 |2 |(3-:7-) |
38 |18 |10334 |5 |1- |
38 |18 |10382 |5 |(1-:4+) |
38 |18 |10397 |5 |1- |12 FS 11
38 |18 |10431 |5 |1- |26 FS 12
38 |18 |10443 |2 |(4+:8+) |
38 |18 |10455 |2 |(5-:8+) |
38 |18 |10494 |5 |1- |
38 |18 |10495 | |(1+) |
38 |18 |10507 |5 |(1,2+) |
38 |18 |10516 |5 |(0+) |
38 |18 |10547 |5 |(0+) |
38 |18 |10557 |2 |(5-:9-) |
38 |18 |10587 |5 |1- |18 FS 11
38 |18 |10589 |2 |(4+:7-) |
38 |18 |10611 |5 |(1-:4+) |
38 |18 |10630.9 |9 |(2-) |
38 |18 |10634 |2 |(6+:10+) |
38 |18 |10657.7 |6 | |300 EV LT
38 |18 |10667 |5 |(2+,3-,4+) |
38 |18 |10673 | |(2-) |
38 |18 |10676 |2 |(4+:8+) |
38 |18 |10685 |5 |1- |
38 |18 |10726 |5 |(1-:4+) |
38 |18 |10732.3 |7 | |300 EV LT
38 |18 |10769 |5 |2+ |
38 |18 |10776 |5 |1- |
38 |18 |10804 |5 |(1,2)+ |
38 |18 |10807 | |2+ |
38 |18 |10815.4 |9 |(0:3-) |
38 |18 |10816.0 |9 |(0:3-) |
38 |18 |10826.8 |7 |(1+,2,3-) |
38 |18 |10848 |10 |1- |
38 |18 |10850.0 |8 |(2,3-) |
38 |18 |10873.6 |7 |(0:4+) |
38 |18 |10890 | |(5-:8-) |
38 |18 |10914.6 |7 |(1-,2,3-) |0.2 KEV LT
38 |18 |10933 |10 |1- |
38 |18 |10944.9 |7 |(1-,2+) |0.2 KEV LT
38 |18 |10947.1 |7 |(2-,3,4+) |0.2 KEV LT
38 |18 |10947.7 |7 |(9-) |
38 |18 |10962.1 |7 | |0.2 KEV LT
38 |18 |10963.2 |7 |2(+) |
38 |18 |10967.4 |7 | |
38 |18 |10979.8 |7 | |
38 |18 |10988.0 |7 |(2,3-) |0.2 KEV LT
38 |18 |11000.1 |7 |1- |
38 |18 |11005.8 |7 | |
38 |18 |11014.5 |7 | |
38 |18 |11023.1 |7 |1- |
38 |18 |11032 |5 |1- |
38 |18 |11044.1 |7 | |0.2 KEV LT
38 |18 |11045.1 |7 |(3-) |0.2 KEV LT
38 |18 |11051.4 |7 | |0.2 KEV LT
38 |18 |11053.6 |7 |(2,3-) |0.2 KEV LT
38 |18 |11059.1 |7 |(1,2+) |0.2 KEV LT
38 |18 |11066.1 |7 |(1+,2,3-) |0.2 KEV LT
38 |18 |11068 |10 |1- |
38 |18 |11068 |2 | |
38 |18 |11078 |2 |(0:3-) |
38 |18 |11083.6 |7 |(4+:8+) |
38 |18 |11095.4 |7 | |
38 |18 |11096.9 |7 |(1-,2+,3-) |0.2 KEV LT
38 |18 |11098.8 |7 | |
38 |18 |11106.8 |7 | |
38 |18 |11107.0 |7 |(6,7,8-) |
38 |18 |11112.9 |7 | |0.2 KEV LT
38 |18 |11116.8 |7 |3- |0.2 KEV LT
38 |18 |11123.0 |7 |3- |
38 |18 |11124.8 |7 | |0.2 KEV LT
38 |18 |11134.9 |7 | |
38 |18 |11136.3 |7 | |
38 |18 |11144.4 |7 | |0.2 KEV LT
38 |18 |11146.1 |7 | |0.6 KEV LT
38 |18 |11146.8 |7 |(2,3-) |
38 |18 |11157.8 |8 | |0.6 KEV LT
38 |18 |11160.9 |7 |(2-,3,4+) |0.2 KEV LT
38 |18 |11163 |2 |(6,7,8) |
38 |18 |11167.5 |7 |(3-) |0.2 KEV LT
38 |18 |11173.0 |7 |3- |0.2 KEV LT
38 |18 |11174 |2 |1- |
38 |18 |11175 |2 |(5-:9-) |
38 |18 |11182.7 |7 | |0.6 KEV LT
38 |18 |11184.7 |7 |(2+,3-) |0.2 KEV LT
38 |18 |11188.6 |7 | |0.6 KEV LT
38 |18 |11197.5 |7 |(1-,2,3-) |0.2 KEV LT
38 |18 |11199 |2 |(8,9,10+) |
38 |18 |11200.4 |7 | |
38 |18 |11202.0 |7 |1- |0.2 KEV LT
38 |18 |11204.3 |8 | |
38 |18 |11210.3 |8 |(1-,2,3-) |0.2 KEV LT
38 |18 |11214.7 |7 |(1-,2+) |0.2 KEV LT
38 |18 |11216.5 |9 | |
38 |18 |11217.6 |7 | |0.2 KEV LT
38 |18 |11225.9 |7 | |
38 |18 |11227.3 |4 |(1-,2+,3-) |0.2 KEV LT
38 |18 |11233.6 |7 |(2+,3-) |0.2 KEV LT
38 |18 |11244.7 |7 |(2:5-) |0.2 KEV LT
38 |18 |11250 |10 |1- |
38 |18 |11259.8 |7 | |0.6 KEV LT
38 |18 |11262.3 |7 | |
38 |18 |11264.9 |7 |(1+:4+) |0.2 KEV LT
38 |18 |11268.1 |7 |3- |0.2 KEV LT
38 |18 |11270.1 |7 |(1-,3-) |0.6 KEV LT
38 |18 |11272.1 |7 |(2+,3-,4+,5-) |0.2 KEV LT
38 |18 |11275.6 |7 |(1-,2+) |
38 |18 |11275.7 |7 |(1,2,3-) |0.2 KEV LT
38 |18 |11283.9 |7 | |
38 |18 |11285.3 |7 |(1-:4) |0.2 KEV LT
38 |18 |11287.2 |7 | |
38 |18 |11289.3 |7 |(2,3,4+) |0.2 KEV LT
38 |18 |11290 |2 | |
38 |18 |11291.5 |7 |(1-,2+) |0.6 KEV LT
38 |18 |11291.9 |7 | |
38 |18 |11298.7 |7 |(10+) |
38 |18 |11302.3 |6 |5- |0.2 KEV LT
38 |18 |11306.3 |7 |(1-,2+) |0.6 KEV LT
38 |18 |11307.5 |6 |5- |0.2 KEV LT
38 |18 |11315 |10 |1- |
38 |18 |11316.8 |7 |(3-) |0.2 KEV LT
38 |18 |11318.6 |7 |(2+) |0.2 KEV LT
38 |18 |11326.2 |7 | |0.2 KEV LT
38 |18 |11327.3 |7 |(2+) |
38 |18 |11328.2 |7 |(2+,3-,4+,5-) |0.2 KEV LT
38 |18 |11330.0 |7 | |
38 |18 |11330.5 |7 |(0+:5-) |0.2 KEV LT
38 |18 |11338.6 |7 |(2,3-) |0.2 KEV LT
38 |18 |11348.8 |7 |(1+:5-) |0.2 KEV LT
38 |18 |11350.6 |7 |3- |0.2 KEV LT
38 |18 |11354.7 |7 |3- |0.2 KEV LT
38 |18 |11359.4 |7 | |
38 |18 |11361.8 |7 | |0.2 KEV LT
38 |18 |11367.5 |8 |3- |0.2 KEV LT
38 |18 |11369.0 |8 | |
38 |18 |11373.6 |8 |(0-:4+) |0.2 KEV LT
38 |18 |11374 |10 |1- |
38 |18 |11375.5 |8 |4+ |0.2 KEV LT
38 |18 |11375.9 |8 | |
38 |18 |11379.0 |8 |(1-,2+) |0.2 KEV LT
38 |18 |11379 |2 |(4+:8+) |
38 |18 |11383.1 |8 | |
38 |18 |11383.3 |8 |(1-,2+) |0.2 KEV LT
38 |18 |11384.9 |8 |3- |
38 |18 |11389.9 |8 | |0.2 KEV LT
38 |18 |11393.0 |8 |3- |0.2 KEV LT
38 |18 |11399.4 |8 |(3-) |0.2 KEV LT
38 |18 |11401.5 |8 |(0-,1,2,3-) |0.2 KEV LT
38 |18 |11409.3 |8 |(2,3-) |0.2 KEV LT
38 |18 |11422.7 |8 | |
38 |18 |11423.7 |8 |(2+,3-,4+) |0.2 KEV LT
38 |18 |11428 |2 |(4+:8+) |
38 |18 |11428.8 |8 |(2:5-) |0.2 KEV LT
38 |18 |11431.8 |8 |1- |0.2 KEV LT
38 |18 |11435.8 |8 |(3-) |0.2 KEV LT
38 |18 |11442.8 |8 |3- |
38 |18 |11443.6 |8 |(2-,3) |0.2 KEV LT
38 |18 |11452.7 |8 | |0.2 KEV LT
38 |18 |11454.7 |8 | |
38 |18 |11455.5 |8 | |
38 |18 |11455.7 |8 | |
38 |18 |11461.3 |8 |(1,2,3-) |0.2 KEV LT
38 |18 |11463.3 |8 | |0.2 KEV LT
38 |18 |11465.9 |9 | |0.6 KEV LT
38 |18 |11470.9 |8 |(1-,2+) |0.2 KEV LT
38 |18 |11478.4 |8 | |0.2 KEV LT
38 |18 |11478.6 |8 |(3-) |0.6 KEV LT
38 |18 |11482.2 |8 | |
38 |18 |11483.4 |8 | |
38 |18 |11484 |2 |(7-:11-) |
38 |18 |11487.0 |8 |(1-,3-) |0.6 KEV LT
38 |18 |11493.4 |9 | |0.6 KEV LT
38 |18 |11501.2 |8 |(1-,2+) |0.2 KEV LT
38 |18 |11508.1 |8 |(1-,2+) |0.6 KEV LT
38 |18 |11511.1 |8 | |
38 |18 |11511.7 |8 |(2,3-) |
38 |18 |11514.3 |8 |1- |0.2 KEV LT
38 |18 |11518.5 |8 | |
38 |18 |11519.7 |8 |(1-,2+,3-) |0.2 KEV LT
38 |18 |11525.8 |8 | |0.2 KEV LT
38 |18 |11527.6 |8 |(1,2,3-) |0.2 KEV LT
38 |18 |11530.0 |8 |(1-,2+,3-) |0.2 KEV LT
38 |18 |11531.8 |8 | |0.2 KEV LT
38 |18 |11534.0 |8 | |
38 |18 |11538.3 |8 | |0.33 KEV 11
38 |18 |11540.0 |8 |1- |
38 |18 |11544.3 |8 | |
38 |18 |11545.3 |8 |(1-,2+,3-) |
38 |18 |11547 |2 |(7-:11-) |
38 |18 |11549.4 |5 |(10-) |
38 |18 |11552.5 |8 |(1-,2+) |0.2 KEV LT
38 |18 |11557.9 |8 | |
38 |18 |11558.4 |8 |(1+) |0.2 KEV LT
38 |18 |11561.9 |8 | |0.2 KEV LT
38 |18 |11569.2 |8 |(0-:4+) |0.2 KEV LT
38 |18 |11574.0 |8 | |
38 |18 |11577.9 |9 |(1-,2+) |
38 |18 |11579.4 |8 |(1-,2+) |0.2 KEV LT
38 |18 |11581.2 |8 | |
38 |18 |11582.1 |8 | |
38 |18 |11592.7 |8 | |
38 |18 |11593.7 |8 | |0.2 KEV LT
38 |18 |11597.8 |8 |(2+,3-,4+,5-) |0.2 KEV LT
38 |18 |11599.6 |8 |4+ |0.2 KEV LT
38 |18 |11605.8 |8 |(1,2,3-) |0.2 KEV LT
38 |18 |11607.3 |9 | |
38 |18 |11608.2 |9 |(1-,2+) |
38 |18 |11609.2 |8 | |
38 |18 |11612.6 |8 | |
38 |18 |11613.1 |8 | |
38 |18 |11615.0 |4 |11- |4.9 PS 21
38 |18 |11615.6 |8 |1- |0.42 KEV 16
38 |18 |11618.1 |8 | |0.2 KEV LT
38 |18 |11620 |2 | |
38 |18 |11622.7 |8 | |0.2 KEV LT
38 |18 |11623.6 |8 | |
38 |18 |11624.5 |8 |(1-,2+) |0.6 KEV LT
38 |18 |11630 |2 | |
38 |18 |11641.1 |8 | |0.2 KEV LT
38 |18 |11643.3 |8 |(1-,2+) |0.6 KEV LT
38 |18 |11643.4 |8 |(1-,2+) |
38 |18 |11645.3 |8 | |
38 |18 |11647.0 |8 | |0.2 KEV LT
38 |18 |11650.9 |23 |(9-) |
38 |18 |11651.2 |8 | |
38 |18 |11652.1 |8 |(2:5-) |0.2 KEV LT
38 |18 |11653.6 |9 | |
38 |18 |11656.5 |8 | |
38 |18 |11659.9 |8 | |0.2 KEV LT
38 |18 |11661.4 |8 | |
38 |18 |11665.3 |8 | |
38 |18 |11666.6 |8 | |0.2 KEV LT
38 |18 |11667.9 |8 | |0.2 KEV LT
38 |18 |11670.5 |8 | |
38 |18 |11672.3 |8 |2,3- |0.2 KEV LT
38 |18 |11679.6 |8 | |
38 |18 |11682.5 |8 |(4+,5-) |0.2 KEV LT
38 |18 |11685.5 |8 | |0.2 KEV LT
38 |18 |11685.9 |8 |2+ |0.2 KEV LT
38 |18 |11686.9 |8 | |
38 |18 |11695.7 |8 | |0.2 KEV LT
38 |18 |11701.7 |8 | |0.6 KEV LT
38 |18 |11703.5 |8 |(2+:5-) |0.2 KEV LT
38 |18 |11706.5 |8 | |0.2 KEV LT
38 |18 |11709.2 |9 | |
38 |18 |11710.0 |9 | |
38 |18 |11712.2 |9 |4+ |0.6 KEV LT
38 |18 |11716 | |(1+) |
38 |18 |11719.4 |9 |(2+,3-) |0.6 KEV LT
38 |18 |11722.7 |9 | |
38 |18 |11723.5 |9 | |0.2 KEV LT
38 |18 |11724.1 |9 | |
38 |18 |11726.0 |9 | |
38 |18 |11727.8 |9 |2+ |
38 |18 |11728.2 |9 | |
38 |18 |11731.0 |9 |(2+,3-,4+,5-) |0.6 KEV LT
38 |18 |11736.5 |9 | |
38 |18 |11737.2 |9 | |
38 |18 |11738.9 |9 | |
38 |18 |11739.0 |9 | |
38 |18 |11742.9 |9 | |
38 |18 |11743.6 |9 |(1-,2+) |0.7 KEV 6
38 |18 |11748.6 |9 | |0.2 KEV LT
38 |18 |11751.9 |9 | |
38 |18 |11755.4 |9 |(2+,3-,4+,5-) |0.2 KEV LT
38 |18 |11758.4 |9 | |
38 |18 |11765.1 |9 | |
38 |18 |11765.9 |9 | |
38 |18 |11766.5 |9 | |
38 |18 |11767.8 |9 | |0.2 KEV LT
38 |18 |11769.7 |9 | |
38 |18 |11772.7 |9 | |
38 |18 |11774.8 |9 |(3-,4+,5-) |0.2 KEV LT
38 |18 |11780.7 |9 |(0-:4+) |0.2 KEV LT
38 |18 |11784.1 |9 |(1-,3-) |0.2 KEV LT
38 |18 |11784.2 |9 | |0.2 KEV LT
38 |18 |11787.7 |9 |2+ |
38 |18 |11790.5 |9 |(2,3-) |0.2 KEV LT
38 |18 |11790.8 |9 |1- |0.6 KEV LT
38 |18 |11794.4 |9 |(1-,2+,3-,4+,5-) |0.2 KEV LT
38 |18 |11797.9 |9 |(0-:5-) |0.2 KEV LT
38 |18 |11800.2 |9 |(1,2,3-) |0.2 KEV LT
38 |18 |11802.1 |9 | |0.2 KEV LT
38 |18 |11805.7 |9 |3- |0.2 KEV LT
38 |18 |11810.4 |9 | |
38 |18 |11812.3 |9 |(1,2,3-) |0.2 KEV LT
38 |18 |11814.8 |9 |(1-) |0.2 KEV LT
38 |18 |11819.0 |9 | |
38 |18 |11823.2 |9 |(2+:5-) |0.2 KEV LT
38 |18 |11828.8 |9 | |
38 |18 |11831.8 |9 |3- |0.2 KEV LT
38 |18 |11835.0 |9 | |
38 |18 |11836.7 |9 | |
38 |18 |11840.2 |9 |2+ |0.302 KEV
38 |18 |11841.4 |9 |2+ |0.267 KEV
38 |18 |11842.3 |9 | |
38 |18 |11842.5 |9 | |
38 |18 |11844.2 |9 | |
38 |18 |11845.7 |9 | |
38 |18 |11849.7 |9 | |0.2 KEV LT
38 |18 |11851.4 |9 | |
38 |18 |11852.0 |9 | |
38 |18 |11855.8 |9 |(1+) |
38 |18 |11859.1 |5 | |
38 |18 |11861.1 |9 |(1-,2+) |
38 |18 |11861.7 |9 | |
38 |18 |11864.5 |9 |(1-,3-) |0.2 KEV LT
38 |18 |11865.6 |9 | |
38 |18 |11873.9 |9 |(2:5-) |0.2 KEV LT
38 |18 |11877.8 |9 | |0.19 KEV 12
38 |18 |11880.7 |9 |(1-,3-) |0.3 KEV LT
38 |18 |11882.4 |9 | |
38 |18 |11887.9 |9 |(0:4) |0.50 KEV 13
38 |18 |11890.0 |10 | |
38 |18 |11891.6 |9 | |
38 |18 |11894.7 |9 | |0.2 KEV LT
38 |18 |11898.4 |9 | |0.3 KEV LT
38 |18 |11901.4 |10 | |
38 |18 |11902.4 |9 | |0.2 KEV LT
38 |18 |11904.4 |10 | |
38 |18 |11905.8 |9 |(2+:6+) |
38 |18 |11915.6 |7 |(10+) |
38 |18 |11916.1 |9 | |
38 |18 |11917.1 |9 | |1.73 KEV 14
38 |18 |11918.5 |9 | |
38 |18 |11922.9 |9 | |
38 |18 |11928.0 |9 |4- |0.3 KEV LT
38 |18 |11928.5 |9 |1-,2+ |0.2 KEV LT
38 |18 |11935.0 |9 |4+ |0.2 KEV LT
38 |18 |11940.3 |9 | |0.51 KEV 18
38 |18 |11943.4 |9 | |
38 |18 |11945.9 |9 | |0.45 KEV 16
38 |18 |11949.0 |9 | |0.07 KEV LT
38 |18 |11957.5 |9 | |0.2 KEV LT
38 |18 |11966.3 |9 | |0.2 KEV LT
38 |18 |11967.9 |9 | |
38 |18 |11972.1 |9 | |
38 |18 |11972.9 |9 |(1-,3-) |0.6 KEV LT
38 |18 |11977.9 |9 | |0.2 KEV LT
38 |18 |11982.2 |19 | |0.6 KEV LT
38 |18 |11995 | | |
38 |18 |11997.7 |12 | |
38 |18 |11998.8 |19 | |0.6 KEV LT
38 |18 |12000 | |(1+) |
38 |18 |12006.0 |19 |(1-,3-) |1.0 KEV 6
38 |18 |12017.2 |19 | |
38 |18 |12024.2 |19 |2+ |1.2 KEV 6
38 |18 |12029 | | |
38 |18 |12036 | | |
38 |18 |12038.7 |19 |1- |
38 |18 |12042.1 |19 |(1-,2+) |1.5 KEV 6
38 |18 |12044 | | |
38 |18 |12053.6 |19 |2+ |0.6 KEV LT
38 |18 |12058 | | |
38 |18 |12063.5 |19 | |
38 |18 |12067.6 |19 | |
38 |18 |12071.2 |19 | |
38 |18 |12074 | | |
38 |18 |12081.6 |19 | |
38 |18 |12085.7 |19 |1- |2.1 KEV 6
38 |18 |12097.6 |19 |2+ |3.0 KEV 6
38 |18 |12103 | | |
38 |18 |12106 | | |
38 |18 |12106.9 |21 |(10+) |
38 |18 |12110.7 |19 | |2.6 KEV 6
38 |18 |12117.4 |19 |1- |1.1 KEV 6
38 |18 |12122.8 |20 |(1-,3-) |
38 |18 |12127.6 |20 |(1-,2+) |1.4 KEV 6
38 |18 |12134 | |(1+) |
38 |18 |12136.2 |20 |1- |2.3 KEV 6
38 |18 |12143.2 |20 | |1.1 KEV 6
38 |18 |12146 | | |
38 |18 |12153.2 |20 | |
38 |18 |12155 | | |
38 |18 |12164 | | |
38 |18 |12171 | | |
38 |18 |12183 | | |
38 |18 |12186 | | |
38 |18 |12197 | | |
38 |18 |12.2E+3 |1 |(3-) |
38 |18 |12204 | | |
38 |18 |12211 | | |
38 |18 |12216 | | |
38 |18 |12224 | | |
38 |18 |12229 | | |
38 |18 |12236 | | |
38 |18 |12369 | |(1+) |
38 |18 |12396 | |(2+:6+) |
38 |18 |12407 | |(2+:6+) |
38 |18 |12422 | | |
38 |18 |12435 | | |
38 |18 |12441 | | |
38 |18 |12472 | | |
38 |18 |12489 | | |
38 |18 |12498 | | |
38 |18 |12501 | | |
38 |18 |12516 | | |
38 |18 |12527 | | |
38 |18 |12541 | | |
38 |18 |12551 | | |
38 |18 |12569 | | |
38 |18 |12579 | | |
38 |18 |12598 | | |
38 |18 |12611 | | |
38 |18 |12623 | | |
38 |18 |12634 | | |
38 |18 |12652 | | |
38 |18 |12662 | | |
38 |18 |12681 | | |
38 |18 |12696 | | |
38 |18 |12.7E+3 |1 |(3-) |
38 |18 |12708 | | |
38 |18 |12723 | | |
38 |18 |12736 | | |
38 |18 |12746 | | |
38 |18 |12766 | | |
38 |18 |12796 | | |
38 |18 |12801 | | |
38 |18 |12813 | | |
38 |18 |12827 | | |
38 |18 |12840 | | |
38 |18 |12843 | | |
38 |18 |12859 | | |
38 |18 |12874 | | |
38 |18 |12890 | | |
38 |18 |12902 | | |
38 |18 |12929 | | |
38 |18 |12937 | | |
38 |18 |12946 | | |
38 |18 |12951 | | |
38 |18 |12959 | | |
38 |18 |12976 | | |
38 |18 |12994 | | |
38 |18 |13008 | | |
38 |18 |13018 | | |
38 |18 |13040 | | |
38 |18 |13070 | | |
38 |18 |13320 | | |
38 |18 |13680 | | |
38 |18 |13684.0 |6 |(12-) |
38 |18 |13891 | |(1+) |
38 |18 |13967 | |(1+) |
38 |18 |14066 | |(1+) |
38 |18 |14119.7 |18 | |
38 |18 |14206 | |(1+) |
38 |18 |14.3E+3 |1 |(3-) |
38 |18 |14391.4 |10 |(12+) |
38 |18 |14877.7 |22 |(12+) |
38 |18 |14924 | |(1-) |
38 |18 |15.0E+3 |1 |(4+,5-) |
38 |18 |15394.2 |21 |(13-) |
38 |18 |17002.5 |14 |(14+) |
38 |18 |17781.3 |21 | |
38 |18 |18070 |4 |(14+) |
38 |18 |18784 |30 |0+ |
38 |18 |19770 | |(8+) |
38 |18 |19913 | |(8+) |
38 |18 |21662 |5 |(16+) |
39 |18 |0 | |7/2- |269 Y 3
39 |18 |1267.208 |8 |3/2- |0.5 NS LT
39 |18 |1517.542 |8 |3/2+ |0.95 NS 5
39 |18 |2092.749 |19 |5/2- |35 FS LT
39 |18 |2342.2 |2 |(5/2-,7/2,9/2-) |118 FS 35
39 |18 |2358.285 |11 |1/2+ |0.42 PS GT
39 |18 |2433.48 |3 |3/2- |0.69 PS 28
39 |18 |2481.49 |13 |7/2- |0.35 PS 15
39 |18 |2503.419 |11 |(3/2,5/2)+ |1.0 PS 4
39 |18 |2523.74 |17 |(5/2-,7/2,9/2-) |0.23 PS 9
39 |18 |2631.56 |15 |3/2- |0.7 PS +10-4
39 |18 |2651.12 |25 |(11/2)- |0.69 PS 21
39 |18 |2755.5 |3 |5/2- |0.12 PS 5
39 |18 |2829.935 |17 |1/2+ |0.69 PS GT
39 |18 |2949.95 |10 |(3/2+,5/2) |0.30 PS +28-14
39 |18 |3061.9 |2 |5/2-,7/2- |0.10 PS 4
39 |18 |3090 |20 |(3/2-,5/2) |
39 |18 |3159.9 |3 |5/2-,7/2- |1.4 PS +14-6
39 |18 |3210 |20 | |
39 |18 |3265.6 |3 |3/2- |48 FS LT
39 |18 |3287.0 |4 |1/2+ |0.25 PS +28-12
39 |18 |3360.7 |3 |5/2+ |0.08 PS 6
39 |18 |3378 |6 |3/2+,5/2+ |
39 |18 |3449 |6 |(11/2:17/2)+ |
39 |18 |3524 |8 | |
39 |18 |3562.6 |4 |3/2- |45 FS LT
39 |18 |3626 |8 |1/2-,3/2- |
39 |18 |3681 |8 | |
39 |18 |3740 |8 | |
39 |18 |3837 |8 | |
39 |18 |3893 |8 |(5/2)+ |
39 |18 |3957 |20 | |
39 |18 |3992.1 |3 |(13/2)+ |0.83 PS 21
39 |18 |4040 |30 | |
39 |18 |4113 |15 | |
39 |18 |4180 |8 |1/2-,3/2- |
39 |18 |4255 |4 |7/2- |
39 |18 |4342 |10 | |
39 |18 |4375 |10 |1/2-,3/2- |
39 |18 |4408 |15 | |
39 |18 |4477 |5 |3/2+,5/2+ |
39 |18 |4495 |15 | |
39 |18 |4528 |10 |(3/2)+ |
39 |18 |4543.1 |3 |(15/2)+ |1.11 PS 21
39 |18 |4572 |8 | |
39 |18 |4638 |8 | |
39 |18 |4710 |8 | |
39 |18 |4816 |8 |(3/2)+ |
39 |18 |4915 |8 |(1/2-,3/2,5/2+) |
39 |18 |4927 |10 |(11/2,13/2)+ |
39 |18 |4998 |10 | |
39 |18 |5002 |8 |1/2-,3/2- |
39 |18 |5160 |8 |5/2-,7/2- |
39 |18 |5200 |8 | |
39 |18 |5256 |15 |(11/2,13/2)+ |
39 |18 |5322 |8 |1/2-,3/2- |
39 |18 |5385 |8 | |
39 |18 |5421 |8 |1/2+ |
39 |18 |5532 |8 |5/2-,7/2- |
39 |18 |5535.5 |5 |(17/2)+ |0.69 PS LT
39 |18 |5602 |8 | |
39 |18 |5670 |10 |1/2-,3/2- |
39 |18 |5742 |10 | |
39 |18 |5811 |10 |(11/2:17/2)+ |
39 |18 |5826 |10 |1/2-,3/2- |
39 |18 |5921 |10 |1/2-,3/2- |
39 |18 |5946 |10 | |
39 |18 |6060 |15 |5/2-,7/2- |
39 |18 |6125 |10 |1/2-,3/2- |
39 |18 |6230 |10 |(11/2,13/2)+ |
39 |18 |6267 |10 |5/2-,7/2- |
39 |18 |6317 |10 | |
39 |18 |6391 |20 |5/2-,7/2- |
39 |18 |6491 |10 |5/2-,7/2- |
39 |18 |6590 |10 | |
39 |18 |6637 |15 | |
39 |18 |6694 |20 | |
39 |18 |6759 |20 | |
39 |18 |6789 |20 |(1/2,5/2)- |
39 |18 |6820 |20 | |
39 |18 |6873 |10 | |
39 |18 |6996 |20 |(1/2,5/2)- |
39 |18 |7073 |10 |(1/2,5/2)- |
39 |18 |7137 |20 |(1/2,5/2)- |
39 |18 |7222 |20 |(5/2)- |
39 |18 |7288 |10 | |
39 |18 |7356 |10 |(5/2)- |
39 |18 |7401 |20 |(5/2)- |
39 |18 |7465 |15 |(5/2)- |
39 |18 |7561 |10 |(5/2)- |
39 |18 |7639 |15 |(5/2)- |
39 |18 |7729 |10 |(5/2)- |
39 |18 |7741 |15 | |
39 |18 |7806 |10 | |
39 |18 |7925 |10 | |
39 |18 |8042 |10 | |
39 |18 |8147 |10 | |
39 |18 |8174 |10 | |
39 |18 |8276 |15 | |
39 |18 |8300 |20 | |
39 |18 |8395 |15 | |
39 |18 |8532 |20 | |
39 |18 |8638 |10 | |
39 |18 |8820 |15 | |
39 |18 |8902 |15 | |
39 |18 |9002 |10 | |
39 |18 |9076 |10 |3/2+,5/2+ |
39 |18 |9239 |10 | |
39 |18 |9463 |10 |1/2+ |
39 |18 |9858 |15 | |
39 |18 |10455 | | |
39 |18 |10755 |10 | |
39 |18 |10857 |10 | |
39 |18 |10947 |10 | |
39 |18 |11148 |10 | |
39 |18 |11312 |10 |1/2+ |
40 |18 |0 | |0+ |STABLE
40 |18 |1460.851 |6 |2+ |1.12 PS 4
40 |18 |2120.8 |3 |0+ |90 PS 28
40 |18 |2524.1 |2 |2+ |0.220 PS 20
40 |18 |2892.60 |11 |4+ |2.4 PS 5
40 |18 |3208.0 |6 |2+ |38 FS 10
40 |18 |3464.48 |13 |6+ |0.680 NS 20
40 |18 |3511.3 |5 |2+ |58 FS 9
40 |18 |3515 |1 |4+ |0.14 PS 3
40 |18 |3680.8 |2 |3- |0.124 PS 24
40 |18 |3918.8 |2 |2+ |0.28 PS 3
40 |18 |3941.7 |3 | |
40 |18 |4041 |1 |NATURAL |21 NS LT
40 |18 |4082.5 |2 |3- |40 FS 14
40 |18 |4178.9 |3 | |
40 |18 |4226 |1 |4- |2.8 PS GT
40 |18 |4229 |1 |(1+,2-,3+) |0.17 PS 3
40 |18 |4300.8 |3 |(1,3)- |58 FS 14
40 |18 |4324.5 |3 |2+ |17 FS 5
40 |18 |4358.0 |3 |NATURAL |
40 |18 |4420 |1 |(0+:4+) |21 NS LT
40 |18 |4427 |1 |(4+) |0.125 PS 20
40 |18 |4473 |1 |1 |0.070 EV 13
40 |18 |4481.0 |3 |1- |0.07 PS LT
40 |18 |4494 |1 |5- |0.50 PS 7
40 |18 |4562.3 |2 |(1,3)- |
40 |18 |4578 |1 |(2+,3-) |37 FS 14
40 |18 |4602 |1 |(0+:4+) |50 FS 20
40 |18 |4674 |1 |(1+,2-,3+) |66 FS 17
40 |18 |4737.8 |4 | |
40 |18 |4769.0 |3 |1- |0.82 EV 6
40 |18 |4794 |1 |4+ |52 FS 14
40 |18 |4858 |1 |5- |37 FS 10
40 |18 |4875 |9 |3- |
40 |18 |4901 |3 | |
40 |18 |4929 |1 |(1-:4+) |
40 |18 |4942.6 |4 | |
40 |18 |4959 |1 |(6)+ |0.10 PS 4
40 |18 |4972 |1 |(2+,3,4+) |
40 |18 |4991 |1 |4- |2.1 PS 7
40 |18 |5110 |3 | |
40 |18 |5115 |2 | |
40 |18 |5143 |2 |(5) |10 FS LT
40 |18 |5165.8 |8 |(2,3,4)+ |
40 |18 |5191 | | |
40 |18 |5245 |2 |(0+:4+) |
40 |18 |5270.1 |4 |(1-,2+,3-,4+) |
40 |18 |5293 |2 | |
40 |18 |5310 |2 |NATURAL |
40 |18 |5350 |2 | |
40 |18 |5378 |2 |(4+,5,6+) |
40 |18 |5400.5 |8 |1- |0.030 EV 7
40 |18 |5454 |15 |3-,4+ |
40 |18 |5508 |2 |NATURAL |
40 |18 |5544 |2 |(0+:4+) |
40 |18 |5559 |2 |(4+,5-,6+) |
40 |18 |5608.7 |10 |(1,2,3) |
40 |18 |5611 |2 | |
40 |18 |5630 |1 | |
40 |18 |5654 |2 | |
40 |18 |5662 |2 | |
40 |18 |5675 |2 |(3-,4+) |
40 |18 |5717.8 |10 | |
40 |18 |5766 |2 | |
40 |18 |5818 |2 | |
40 |18 |5880.4 |8 |1- |0.117 EV 13
40 |18 |5885 |2 |3- |
40 |18 |5905.9 |7 |(1-) |
40 |18 |5912 |3 |1 |0.050 EV 17
40 |18 |5913 |2 |(1-:4+) |
40 |18 |5931 |2 |(2+,3,4+) |
40 |18 |5950.5 |10 |(1,2) |
40 |18 |5973 |2 | |
40 |18 |6013 |2 |(4+:7-) |
40 |18 |6053.6 |8 |1 |0.41 EV 6
40 |18 |6054 | |4+ |
40 |18 |6100 |2 |(1,2+) |
40 |18 |6104 |2 | |
40 |18 |6138 |2 | |
40 |18 |6158 |2 |(4+,5,6+) |
40 |18 |6185 |2 | |
40 |18 |6203 |2 | |
40 |18 |6208.5 |8 |(1,2) |
40 |18 |6270 |2 | |
40 |18 |6276.0 |9 |(1-,2-,3-) |
40 |18 |6305 |2 |(4+,5,6+) |
40 |18 |6338.7 |11 |1(-) |0.29 EV 3
40 |18 |6356 |2 |(4+:7-) |
40 |18 |6450 |3 | |
40 |18 |6476.0 |8 |1(-) |0.43 EV 5
40 |18 |6651.7 |8 | |
40 |18 |6703 |3 |1 |
40 |18 |6760 |15 |3-,4+ |
40 |18 |6806 |2 |(8+) |
40 |18 |6835 |15 |3-,4+ |
40 |18 |6979 |2 |(8-) |
40 |18 |7070 |15 | |
40 |18 |7168 |3 |1 |
40 |18 |7246 |3 |1 |
40 |18 |7281 |3 |1 |
40 |18 |7519 |3 |1 |
40 |18 |7626 |3 |1 |
40 |18 |7640 |15 |2+ |
40 |18 |7708 |3 |1 |
40 |18 |7730 |3 | |
40 |18 |7918 |2 |1 |
40 |18 |7993 |3 |1 |
40 |18 |8032 |3 |1,2+ |
40 |18 |8162 |3 |1- |
40 |18 |8191 |3 |1 |
40 |18 |8303 |3 |1 |
40 |18 |8552 |3 |1 |
40 |18 |8585 |3 |1 |
40 |18 |8644 |3 |1 |
40 |18 |8676 |3 |1,2+ |
40 |18 |8883 |3 |1 |
40 |18 |8918 |3 |1- |0.34 EV 14
40 |18 |9127 |3 |1- |0.71 EV 14
40 |18 |9138 |6 |(1-,2+) |
40 |18 |9147 |5 |1- |
40 |18 |9178 |3 |1- |
40 |18 |9197 |6 |(1-,2+) |
40 |18 |9216 |4 |1- |
40 |18 |9234 |4 |1- |
40 |18 |9240 |6 |1- |
40 |18 |9264 |4 |(1-,2+) |
40 |18 |9273 |6 |1- |
40 |18 |9287 |4 | |
40 |18 |9296 |5 |(1-,2+) |
40 |18 |9314 |4 |(1-,2+) |
40 |18 |9330 |4 |1- |
40 |18 |9337 |3 |1- |
40 |18 |9355 |3 |1- |1.0 EV 3
40 |18 |9373 |4 | |
40 |18 |9412 |4 |1- |3.4 EV 18
40 |18 |9425 |5 |(1-,2+) |
40 |18 |9433 |5 |(1-,2+) |
40 |18 |9449 |3 |1- |
40 |18 |9472 |4 |(1-,2+) |
40 |18 |9485 |5 |1- |
40 |18 |9491 | | |
40 |18 |9503 |2 |1- |7.9 EV 13
40 |18 |9527 |4 | |
40 |18 |9565 |4 |1- |
40 |18 |9583 |3 |1- |7.3 EV 21
40 |18 |9596 |4 | |
40 |18 |9608 |5 | |
40 |18 |9617 |3 |1- |
40 |18 |9656 |4 |1- |
40 |18 |9669 |4 |1- |
40 |18 |9690 |5 |(1-,2+) |
40 |18 |9735 |3 |1- |
40 |18 |9757 |3 |1(-) |0.56 EV 22
40 |18 |9769 |4 |(1-,2+) |
40 |18 |9787 |4 |1- |
40 |18 |9813 |3 |1- |
40 |18 |9824 |3 |1- |
40 |18 |9840 |3 |1 |
40 |18 |9851 |2 |1- |21 EV 4
40 |18 |9866 |4 | |
40 |18 |9881 |4 |1- |
40 |18 |9893 |4 |1- |
40 |18 |9912 |5 |(1-,2+) |
40 |18 |9943 |3 |1- |
40 |18 |9952 |3 |1(-) |10 EV 3
40 |18 |10090 |3 |1 |
40 |18 |10151 |3 |1 |
40 |18 |10180 |2 |1 |
40 |18 |10362 |3 |1,2+ |
40 |18 |10745 |3 |1 |
40 |18 |10857 |3 |1 |
40 |18 |17.7E3 |2 |2 |
41 |18 |0 | |7/2- |109.61 M 4
41 |18 |167.3 |2 |5/2- |0.410 NS 30
41 |18 |516.0 |3 |3/2- |0.340 NS 20
41 |18 |1034.7 |6 |3/2+ |5 PS +27-3
41 |18 |1354.0 |4 |3/2- |0.40 PS 6
41 |18 |1636 |2 |3/2- |
41 |18 |1870 |1 |1/2+ |
41 |18 |1988 |3 | |
41 |18 |2321 |10 | |
41 |18 |2398.3 |6 |1/2- |0.12 PS 3
41 |18 |2568 |1 | |
41 |18 |2701 |3 |1/2-,3/2- |
41 |18 |2733.4 |7 |3/2- |31 FS LT
41 |18 |2891 |1 |(9/2)+ |
41 |18 |2948.5 |7 |3/2- |62 FS LT
41 |18 |3009.7 |8 |3/2- |110 FS LT
41 |18 |3122 |10 | |
41 |18 |3293 |5 |1/2-,3/2- |
41 |18 |3326.7 |8 |1/2- |17 FS LT
41 |18 |3388 |1 |(1/2)- |
41 |18 |3433 |1 |1/2- |
41 |18 |3485 |10 | |
41 |18 |3565 |1 | |
41 |18 |3590 |1 |3/2- |
41 |18 |3698 |1 | |
41 |18 |3734 |10 | |
41 |18 |3775 |10 | |
41 |18 |3799 |1 |(1/2)- |
41 |18 |3847 |5 | |
41 |18 |3900 |5 | |
41 |18 |3968.2 |7 |1/2- |21 FS 12
41 |18 |4108 |6 | |
41 |18 |4123 |1 |3/2- |
41 |18 |4154 |1 |3/2- |
41 |18 |4251 |10 | |
41 |18 |4271 |1 |3/2- |
41 |18 |4295 |1 |1/2-,3/2- |
41 |18 |4370 |10 | |
41 |18 |4395 |6 | |
41 |18 |4404 |1 |3/2- |
41 |18 |4447 |6 |1/2+ |
41 |18 |4473 |1 |(1/2-,3/2+) |
41 |18 |4513 |1 |(1/2)- |
41 |18 |4573 |1 |5/2+ |
41 |18 |4613 |7 |1/2+ |
41 |18 |4644 |10 | |
41 |18 |4670 |1 |5/2+ |
41 |18 |4722 |10 | |
41 |18 |4754 |10 | |
41 |18 |4816 |8 | |
41 |18 |4831 |1 |(5/2-,9/2+) |
41 |18 |4900 |10 | |
41 |18 |4935 |1 |1/2- |
41 |18 |4970 |1 |(5/2-,9/2+) |
41 |18 |5016 |1 |1/2-,3/2- |
41 |18 |5066 |1 |5/2- |
41 |18 |5115 |10 | |
41 |18 |5134 |10 | |
41 |18 |5153 |1 |(9/2)+ |
41 |18 |5219 |10 | |
41 |18 |5244 |10 | |
41 |18 |5280 |10 | |
41 |18 |5296 |1 | |
41 |18 |5321 |1 |(5/2)- |
41 |18 |5406 |1 |3/2-,7/2- |
41 |18 |5438 |1 |5/2- |
41 |18 |5486 |1 |7/2- |
41 |18 |5529 |10 | |
41 |18 |5573 |10 | |
41 |18 |5618 |1 |(5/2)- |
41 |18 |5675 |10 | |
41 |18 |5711 |1 |(5/2-) |
41 |18 |5753 |1 |(7/2-,9/2+) |
41 |18 |5789 |1 |5/2- |
41 |18 |5821 |1 |5/2-,7/2- |
41 |18 |5870 |10 | |
41 |18 |5920 |1 |(7/2)- |
41 |18 |5986 |1 |(5/2)- |
41 |18 |6036 |1 |5/2- |
41 |18 |6088 |10 | |
41 |18 |6132 |1 |5/2- |
41 |18 |6197 |1 |5/2- |
41 |18 |6280 |1 |5/2- |
41 |18 |6310 |1 |5/2- |
41 |18 |6345 |1 |(5/2)- |
41 |18 |6375 |10 | |
41 |18 |6419 |10 | |
41 |18 |6453 |10 | |
41 |18 |6475 |1 |5/2- |
41 |18 |6512 |1 |5/2- |
41 |18 |6564 |1 |(5/2-,7/2-) |
41 |18 |6614 |1 |(9/2+) |
41 |18 |6672 |10 | |
41 |18 |6726 |10 | |
41 |18 |6762 |10 | |
41 |18 |6797 |10 | |
41 |18 |6846 |10 | |
41 |18 |6903 |10 | |
41 |18 |6959 |10 | |
41 |18 |7009 |10 | |
41 |18 |7049 |10 | |
41 |18 |7106 |10 | |
41 |18 |7170 |10 | |
41 |18 |7220 |10 | |
41 |18 |7282 |10 | |
41 |18 |7311 |10 | |
41 |18 |7351 |10 | |
41 |18 |7426 |10 | |
41 |18 |7480 |10 | |
41 |18 |7524 |10 | |
41 |18 |7595 |10 | |
41 |18 |7682 |10 | |
41 |18 |7725 |10 | |
41 |18 |7761 |10 | |
41 |18 |7818 |10 | |
41 |18 |7872 |10 | |
41 |18 |7945 |10 | |
41 |18 |7998 |10 | |
41 |18 |8030 |10 | |
41 |18 |8103 |10 | |
41 |18 |8153 |10 | |
41 |18 |8234 |10 | |
41 |18 |8277 |10 | |
41 |18 |8301 |10 | |
42 |18 |0.0 | |0+ |32.9 Y 11
42 |18 |1208.24 |13 |2+ |2.6 PS 6
42 |18 |2414.0 |6 |(3-,4+) |
42 |18 |2485.9 |3 |2+ |275 FS 110
42 |18 |2512.5 |3 |(0+:4+) |2.8 PS +22-8
42 |18 |3013.7 |3 |(1,2+) |85 FS LT
42 |18 |3096.2 |7 |4+ |3 PS GT
42 |18 |3557.9 |3 |2+ |60 FS LT
42 |18 |3705 |10 | |
42 |18 |3820 |20 | |
42 |18 |4005.6 |6 |2+ |2.3 PS 6
42 |18 |4013.6 |5 | |
42 |18 |4045.8 |4 | |
42 |18 |4127.5 |5 |(0+,1,2) |1.0 PS 2
42 |18 |4287.2 |10 |(1,2,3) |35 FS LT
42 |18 |4405 |5 |3-,4+ |
42 |18 |4417.4 |3 | |
42 |18 |4633.9 |6 | |35 FS LT
42 |18 |4887 |10 | |
42 |18 |4896 |10 | |
42 |18 |5000 |15 | |
42 |18 |5230 |15 | |
42 |18 |5292 |15 | |
42 |18 |5553 |15 |2+ |
42 |18 |5763 |15 | |
42 |18 |5945 |20 | |
42 |18 |6090 |20 | |
42 |18 |6170 |15 | |
42 |18 |6357 |15 | |
42 |18 |6490 |20 | |
42 |18 |6614 |20 | |
42 |18 |6742 |15 | |
42 |18 |6880 |30 | |
42 |18 |7060 |20 | |
42 |18 |7140 |20 | |
42 |18 |7275 |15 | |
42 |18 |7355 |15 | |
42 |18 |7540 |30 | |
42 |18 |7630 |30 | |
42 |18 |7793 |15 | |
42 |18 |7987 |15 | |
42 |18 |8080 |30 | |
42 |18 |8230 |30 | |
42 |18 |8380 |20 | |
42 |18 |8520 |20 | |
42 |18 |8690 |20 | |
42 |18 |8790 |20 | |
42 |18 |8940 |30 | |
42 |18 |9020 |30 | |
42 |18 |9130 |30 | |
42 |18 |9210 |20 | |
42 |18 |9320 |30 | |
42 |18 |9410 |30 | |
42 |18 |9535 |25 | |
42 |18 |9640 |30 | |
42 |18 |9820 |20 | |
42 |18 |9905 |20 | |
42 |18 |10015 |20 | |
42 |18 |10060 |30 | |
42 |18 |10140 |30 | |
42 |18 |10300 |30 | |
42 |18 |10540 |30 | |
42 |18 |10590 |30 | |
42 |18 |10670 |30 | |
42 |18 |10850 |30 | |
43 |18 |0 | |5/2(-) |5.37 M 6
43 |18 |0+X | |(7/2-) |
43 |18 |201.27 |16 |(7/2-) |
43 |18 |762.05 |8 |(3/2-) |
43 |18 |1381.74 |7 | |
43 |18 |1441.48 |10 | |
43 |18 |1527.4+X |5 |(11/2-) |
43 |18 |1610 |40 |(3/2-) |
43 |18 |1740 |50 | |
43 |18 |1793.80 |10 |(3/2+) |
43 |18 |1816.8 |7 | |
43 |18 |1859+X |2 |(9/2-) |
43 |18 |1944.96 |21 | |
43 |18 |2344.4 |8 | |
43 |18 |2390.50 |15 | |
43 |18 |2520.38 |13 | |
43 |18 |2798.8 |5 | |
43 |18 |3374.8 |5 | |
43 |18 |3395.8 |3 | |
43 |18 |3425.5 |5 | |
43 |18 |3549.4 |7 | |
43 |18 |4247.06 |17 |(3/2+) |
43 |18 |4289.0 |5 | |
43 |18 |4550.8 |4 | |
43 |18 |4.74E+3 |10 | |
44 |18 |0 | |0+ |11.87 M 5
44 |18 |750 |30 |0+ |
44 |18 |1157.97 |11 |2+ |4.7 PS 7
44 |18 |1610 |30 |(2+) |
44 |18 |2010.61 |12 |(2+) |1.5 PS 2
44 |18 |2746.2 |3 |(4+) |2.7 PS +25-20
44 |18 |2975.90 |16 |(0+:4+) |
44 |18 |3439 | |(6+) |27.7 PS GT
44 |18 |3980 |50 | |
44 |18 |4430 |40 | |
44 |18 |4806.7 |5 |(0+:4+) |
44 |18 |5351.5 |4 |(0+:4+) |
45 |18 |0.0 | |5/2-,7/2- |21.48 S 15
45 |18 |542.1 |6 |1/2-,3/2- |0.34 NS +32-15
45 |18 |1339.9 |8 | |
45 |18 |1416.1 |12 |1/2-,3/2- |
45 |18 |1660 |50 | |
45 |18 |1734.7 |9 | |
45 |18 |1770.3 |8 | |
45 |18 |1876 | |1/2-,3/2- |
45 |18 |1911 |5 | |
45 |18 |2420 |50 | |
45 |18 |2510 | |1/2-,3/2- |
45 |18 |2757.0 |12 | |
45 |18 |3230 | | |
45 |18 |3294.8 |8 | |
45 |18 |3718 | | |
45 |18 |3949.7 |12 | |
45 |18 |4280 | | |
45 |18 |4326.1 |9 | |
45 |18 |4800 | | |
45 |18 |5773 | | |
46 |18 |0.0 | |0+ |8.4 S 6
46 |18 |1577 |1 |2+ |1.59 PS 32
47 |18 |0 | |(3/2)- |1.23 S 3
47 |18 |1130 |75 |1/2-,3/2- |
47 |18 |1740 |95 |5/2-,7/2- |
47 |18 |2655 |80 | |
47 |18 |3335 |80 | |
47 |18 |3985 |85 | |
47 |18 |4790 |95 | |
47 |18 |5500 |85 |7/2+,9/2+ |
47 |18 |6.20E+3 |10 | |
48 |18 |0.0 | |0+ |475 MS 40
48 |18 |1038 |6 |(2+) |
48 |18 |2194 |16 |(2+) |
48 |18 |2753 |13 |(4+) |
48 |18 |3279 | |(3+) |
49 |18 |0.0 | | |170 MS 50
50 |18 |0.0 | |0+ |106 MS 6
50 |18 |1178 |18 |(2+) |
50 |18 |2760 |42 |(4+) |
51 |18 |0.0 | | |80 MS GT
52 |18 |0 | |0+ |620 NS GT
53 |18 |0 | | |620 NS GT
