33 |19 |0 | | |25 NS LT
34 |19 |0 | | |25 NS LT
35 |19 |0 | |(3/2)+ |178 MS 8
35 |19 |1553 |5 | |
35 |19 |2690 |50 | |
35 |19 |3783 |26 | |
35 |19 |4020 |37 | |
35 |19 |4790 |49 | |
35 |19 |4983 |13 | |
35 |19 |5251 |73 | |
35 |19 |5536 |49 | |
35 |19 |5713 |49 | |
35 |19 |5867 |38 | |
35 |19 |6092 |62 | |
35 |19 |6336 |73 | |
35 |19 |9169 |23 | |
36 |19 |0 | |2+ |341 MS 3
36 |19 |810 |2 |(3+) |19 PS 4
36 |19 |1112.4 |4 |1+ |7 PS +3-2
36 |19 |1618.7 |6 |1+ |
36 |19 |1706.8 |6 |(2-) |
36 |19 |1917.9 |6 |(2+) |
36 |19 |2196.9 |7 |(3-) |
36 |19 |2281.8 |7 |(2+) |
36 |19 |2446.2 |6 | |
36 |19 |2578.7 |17 | |
36 |19 |2628.4 |30 | |
36 |19 |2869.4 |20 | |
36 |19 |3383 |3 |1+ |
36 |19 |3627 |6 | |
36 |19 |3653.2 |21 | |
36 |19 |4281.9 |8 |0+ |
36 |19 |4450 |22 |1+ |
36 |19 |4658 |36 |1+ |
36 |19 |5243 |22 |1+ |
36 |19 |5754 |69 |1+ |
36 |19 |5926 |45 |1+ |
36 |19 |6787 |69 |1+ |
37 |19 |0.0 | |3/2+ |1.225 S 7
37 |19 |1370.85 |2 |1/2+ |52 PS 51
37 |19 |1380.25 |3 |7/2- |10.4 NS 5
37 |19 |2170.18 |13 |3/2- |104 FS +69-31
37 |19 |2285.24 |12 |(5/2+,7/2+) |243 FS GT
37 |19 |2750.22 |8 |5/2+ |1.4 FS 3
37 |19 |2967 |2 | |
37 |19 |3081.99 |9 |5/2- |7 FS 3
37 |19 |3239.5 |2 |5/2+ |97 FS 28
37 |19 |3272 |2 | |
37 |19 |3315.0 |17 |3/2- |2.2 KEV 3
37 |19 |3622.8 |20 |3/2+ |
37 |19 |3839 |3 |1/2+,3/2+,5/2+ |
37 |19 |3853 |3 | |
37 |19 |3900 | | |
37 |19 |3962 |15 | |10 KEV 4
37 |19 |4001 |4 |1/2- |35 KEV
37 |19 |4018 |5 | |
37 |19 |4127 |15 | |
37 |19 |4192 |9 |(1/2,3/2,5/2) |
37 |19 |4281 |19 | |
37 |19 |4412.8 |13 |(1/2,3/2,5/2)+ |
37 |19 |4413.2 |4 |7/2+ |2.1 FS LT
37 |19 |4432.6 |3 |3/2 |3.5 FS LT
37 |19 |4500 |4 |1/2+ |0.5 KEV 3
37 |19 |4583 |3 |1/2- |83 KEV 11
37 |19 |4669.6 |8 | |0.8 KEV LT
37 |19 |4692 |9 |(7/2)+ |
37 |19 |4721 | |1/2:7/2+ |
37 |19 |4732.2 |4 |7/2+ |4.2 FS LT
37 |19 |4737.9 |6 |(5/2-,7/2) |0.3 KEV LT
37 |19 |4814.8 |8 |5/2+ |0.3 KEV LT
37 |19 |4842.6 |6 |3/2+,5/2+ |0.20 KEV 8
37 |19 |5018.9 |11 |3/2+ |1.3 KEV 1
37 |19 |5049.8 |8 |3/2+ |0.040 KEV 5
37 |19 |5120.2 |16 |1/2+ |0.2 KEV 1
37 |19 |5134 |4 |5/2- |0.5 KEV 2
37 |19 |5207 |7 | |0.4 KEV LT
37 |19 |5264 |4 |3/2- |18 KEV
37 |19 |5323.0 |18 |3/2+,5/2+ |0.4 KEV
37 |19 |5342 |6 |5/2-,7/2- |0.12 KEV
37 |19 |5357 |7 |(1/2,3/2,5/2) |
37 |19 |5422 |3 |3/2+,5/2+ |5.0 KEV
37 |19 |5456 |4 |1/2+ |5.0 KEV
37 |19 |5478 |3 |3/2+,5/2+ |1.0 KEV
37 |19 |5568 |4 |5/2- |0.12 KEV
37 |19 |5624.1 |20 |(1/2,3/2,5/2)+ |0.6 KEV LT
37 |19 |5690 | | |
37 |19 |5714 |4 | |0.6 KEV LT
37 |19 |5736 |9 |5/2-,7/2- |0.2 KEV
37 |19 |5788 |4 |3/2+ |2.7 KEV 5
37 |19 |5932 |4 |5/2+ |11.4 KEV 23
37 |19 |6014.9 |21 |5/2+ |6.7 KEV 13
37 |19 |6047 |4 |1/2- |30 KEV
37 |19 |6054 |10 |1/2+ |0.4 KEV
37 |19 |6092.3 |22 |1/2+ |1.0 KEV
37 |19 |6111 |9 | |0.6 KEV LT
37 |19 |6125 |9 |5/2+ |12 KEV
37 |19 |6138 |10 |5/2-,7/2- |4.0 KEV
37 |19 |6153 |10 | |0.6 KEV LT
37 |19 |6223 |9 |3/2+,5/2+ |10 KEV
37 |19 |6237 |10 |5/2-,7/2- |0.6 KEV
37 |19 |6274 |5 | |0.6 KEV LT
37 |19 |6323 |5 |5/2+ |2.3 KEV 5
37 |19 |6345 |9 | |0.6 KEV LT
37 |19 |6371 |19 | |
37 |19 |6415 |4 |1/2+ |2.0 KEV
37 |19 |6432 |3 |(1/2,3/2,5/2)+ |0.6 KEV LT
37 |19 |6452 |9 |5/2-,7/2- |2.0 KEV
37 |19 |6480 |10 | |0.6 KEV LT
37 |19 |6534 |9 |3/2- |30 KEV
37 |19 |6543 |5 | |
37 |19 |6604 |5 |3/2+ |4.9 KEV 10
37 |19 |6619 |6 |5/2+ |2.9 KEV 6
37 |19 |6626 |6 |5/2- |5.9 KEV 12
37 |19 |6683 |4 |(1/2+) |0.6 KEV LT
37 |19 |6685.6 |19 |1/2+ |2.75 KEV 11
37 |19 |6714 |10 |3/2- |60 KEV
37 |19 |6726 |10 |(1/2,3/2,5/2) |0.6 KEV LT
37 |19 |6748 |10 |1/2+ |6.0 KEV
37 |19 |6802 |10 |5/2-,7/2- |0.3 KEV
37 |19 |6824 |5 |1/2- |2.0 KEV
37 |19 |6866 |8 | |40 KEV
37 |19 |6912 |5 |5/2-,7/2- |0.2 KEV
37 |19 |6974 |5 |5/2+ |26 KEV
37 |19 |7006 |10 | |0.6 KEV LT
37 |19 |7073 |7 |(1/2,3/2,5/2)+ |
37 |19 |7183 |4 |5/2+ |2.5 KEV 5
37 |19 |7237 |5 |3/2+ |6.1 KEV 12
37 |19 |7320 | | |
37 |19 |7369 |4 |5/2+ |19 KEV 4
37 |19 |7473.8 |18 |5/2+ |6.8 KEV
37 |19 |7495 |8 |7/2- |0.1 KEV
37 |19 |7540 |5 |3/2+ |4.2 KEV
37 |19 |7634 |3 |5/2+ |14.7 KEV
37 |19 |7661 |4 |3/2+ |11.5 KEV
37 |19 |7807 |4 |(1/2,3/2,5/2)+ |
37 |19 |7835 |4 |(1/2,3/2,5/2)+ |
37 |19 |7836 |14 |(11/2)+ |
37 |19 |8029 |5 |(1/2,3/2,5/2)+ |
37 |19 |8273 |5 |(1/2,3/2,5/2)+ |
37 |19 |8314 |5 |(1/2,3/2,5/2)+ |
37 |19 |8378 |5 |(1/2,3/2,5/2) |
38 |19 |0 | |3+ |7.636 M 18
38 |19 |130.4 |3 |0+ |924.0 MS 5
38 |19 |458.46 |14 |1+ |7.0 PS 6
38 |19 |1697.84 |12 |1+ |49 FS 10
38 |19 |2401.07 |17 |2+ |56 FS 15
38 |19 |2613.06 |15 |3- |6 PS +5-2
38 |19 |2646.24 |15 |(4)- |0.98 NS 10
38 |19 |2827.5 |6 |1- |0.22 PS 5
38 |19 |2869.3 |5 |2- |3.1 PS 8
38 |19 |2993.0 |4 |0- |114 FS 30
38 |19 |3040 |15 | |
38 |19 |3315.1 |6 |(1+,2-,3+) |1.70 PS 29
38 |19 |3341.2 |6 |1+ |38 FS LT
38 |19 |3420.11 |17 |(6)- |70 PS 10
38 |19 |3429.6 |10 |2+ |0.12 PS LT
38 |19 |3458.14 |17 |(7)+ |21.95 US 11
38 |19 |3614.7 |5 |(3,5)- |0.5 PS +6-2
38 |19 |3668.1 |5 |3+ |91 FS 35
38 |19 |3688.0 |8 |(3) |0.28 PS +11-8
38 |19 |3703.7 |4 |(0+:4+) |0.8 PS GT
38 |19 |3738.8 |11 |(1+:5+) |
38 |19 |3790 |20 | |
38 |19 |3813.6 |7 |2- |
38 |19 |3840.9 |15 | |
38 |19 |3856.0 |20 |1+ |83 FS LT
38 |19 |3931.1 |6 |2- |
38 |19 |3977.3 |12 |1+ |40 FS LT
38 |19 |4174.7 |20 |(1)+ |
38 |19 |4214.3 |17 |(1-) |
38 |19 |4317.6 |17 |(1+:5+) |
38 |19 |4331.2 |12 |(0-:4-) |0.24 PS +49-17
38 |19 |4394.7 |16 |(1+:5+) |
38 |19 |4410.0 |11 |(0:3+) |
38 |19 |4452 |2 | |
38 |19 |4460 |2 | |
38 |19 |4491 |3 | |
38 |19 |4505 |3 | |
38 |19 |4588.0 |18 |2-,3- |
38 |19 |4598 |3 |1-,2-,3- |
38 |19 |4616 |2 | |
38 |19 |4639 |2 |(1:5)- |
38 |19 |4664 |3 |1+,2+ |
38 |19 |4701.0 |9 |(1+,2+) |
38 |19 |4723 |2 |(0:3+) |
38 |19 |4750 |3 | |
38 |19 |4806 |3 | |
38 |19 |4845 |3 | |
38 |19 |4901.2 |12 |(0+:4+) |
38 |19 |4971 |3 | |
38 |19 |4988.8 |14 |1+,2+ |
38 |19 |5048.1 |11 |(1:5)- |
38 |19 |5086 |3 | |
38 |19 |5104 |3 |(5+,6+,7+) |
38 |19 |5133.1 |13 |(0+:4+) |
38 |19 |5192 |3 | |
38 |19 |5216.4 |16 |(0:3+) |
38 |19 |5244 |5 |1+,2+ |
38 |19 |5253.8 |4 |(9+) |
38 |19 |5286 |3 |(1+,2+,3+) |
38 |19 |5296 |3 | |
38 |19 |530E1 |10 |(6-) |
38 |19 |5307 |3 | |
38 |19 |5330 |3 | |
38 |19 |5407 |3 | |
38 |19 |5439 |3 |(1,2)+ |
38 |19 |5459 |3 |(1+,2+) |
38 |19 |5480 |3 | |
38 |19 |5540 |6 |1+,2+ |
38 |19 |5601 |3 | |
38 |19 |5617 |3 |1+,2+ |
38 |19 |5676 |3 |(1-,2-,3-) |
38 |19 |5693 |3 | |
38 |19 |5730 |3 |1+,2+ |
38 |19 |5749 |3 | |
38 |19 |5769 |3 | |
38 |19 |5795 |3 | |
38 |19 |5810 |3 |1+,2+ |
38 |19 |5828 |3 | |
38 |19 |5851 |3 |1+,2+ |
38 |19 |5869 |3 | |
38 |19 |5884 |5 |1+,2+ |
38 |19 |590E1 |10 |(6-) |
38 |19 |5934 |3 | |
38 |19 |5944 |4 |(1:5)- |
38 |19 |5970 |3 |1+,2+ |
38 |19 |5983 |4 |1+,2+ |
38 |19 |6002 |3 | |
38 |19 |6022 |4 | |
38 |19 |6230 | | |
38 |19 |6380 | |(0:4)+ |
38 |19 |6590 |10 |(0:4)+ |
38 |19 |6720 |50 |(1+) |
38 |19 |7000 | | |
38 |19 |7130 |20 |(0:4)+ |
38 |19 |7320 | |(1+) |
38 |19 |7396.9 |6 |(10-) |
38 |19 |7730 | | |
38 |19 |8693.1 |6 |(12-) |
38 |19 |8747.6 |7 |(11-) |
38 |19 |970E1 |10 | |
38 |19 |9880 |50 |(3+) |
38 |19 |990E1 |10 |(1+) |
38 |19 |1020E1 |10 |(1+) |
38 |19 |10980.5 |11 |(13-) |
39 |19 |0 | |3/2+ |STABLE
39 |19 |2522.5 |2 |1/2+ |57 FS 6
39 |19 |2814.3 |2 |7/2- |47 PS 2
39 |19 |3019.2 |2 |3/2- |14 FS 2
39 |19 |3597.5 |2 |9/2- |38 PS 2
39 |19 |3883.1 |4 |5/2- |7.1 FS 10
39 |19 |3938.8 |3 |3/2+ |50 FS 20
39 |19 |3944.3 |2 |11/2- |9.0 PS 10
39 |19 |4082.3 |4 |3/2- |24 FS 4
39 |19 |4095.3 |3 |1/2+ |63 FS 9
39 |19 |4126.0 |3 |7/2- |45 FS 9
39 |19 |4475.1 |5 |1/2-,3/2- |0.21 PS 5
39 |19 |4514.3 |7 |5/2+ |22 FS 4
39 |19 |4520.2 |3 |9/2- |105 FS 35
39 |19 |4678.6 |3 |7/2- |95 FS 20
39 |19 |4737.5 |5 |(5/2,7/2,9/2)- |0.08 PS 4
39 |19 |4737.9 |19 |5/2+ |22 FS 4
39 |19 |4930.1 |4 |3/2+ |21 FS 9
39 |19 |4977 |15 |5/2-,7/2- |
39 |19 |5009.1 |3 |7/2- |0.26 PS 4
39 |19 |5010.6 |8 |(3/2,5/2-,7/2-) |35 FS 10
39 |19 |5157 | | |
39 |19 |5163.9 |3 |9/2- |55 FS 9
39 |19 |5165.5 |5 |(5/2,7/2,9/2)- |190 FS 10
39 |19 |5173.4 |8 |(1/2,3/2,5/2) |15 FS 6
39 |19 |5262.7 |7 |5/2+ |1.3 FS 2
39 |19 |5318.2 |9 |3/2+ |1.4 FS 2
39 |19 |5354.0 |2 |11/2- |95 FS 30
39 |19 |5370 |20 |(3/2:9/2)- |
39 |19 |5501 |5 |3/2+ |
39 |19 |5501.9 |3 |7/2- |35 FS 20
39 |19 |5597.9 |13 |5/2+ |2.0 FS 2
39 |19 |5643.4 |4 |7/2- |0.07 PS 4
39 |19 |5711.5 |19 |3/2+ |14 FS LT
39 |19 |5718.3 |2 |13/2- |0.19 PS 5
39 |19 |5788.3 |8 |(5/2,7/2)+ |28 FS 14
39 |19 |5801.6 |6 |7/2- |14 FS 7
39 |19 |5826.3 |7 |1/2-,3/2- |14 FS LT
39 |19 |5891 |2 |7/2- |
39 |19 |5899 |20 |1/2-,3/2- |
39 |19 |5937.9 |11 |5/2+ |2.6 FS 3
39 |19 |5960 |20 |(1/2-,3/2-) |
39 |19 |6005.6 |4 |11/2- |76 FS 28
39 |19 |6042 |3 |(1/2:7/2+) |35 FS 15
39 |19 |6053 |3 | |24 FS 14
39 |19 |6093.0 |7 |5/2-,7/2- |14 FS LT
39 |19 |6110.5 |10 |1/2-,3/2- |76 FS 28
39 |19 |6186 |2 |(1/2+:7/2+) |
39 |19 |6192 |2 |(7/2-) |
39 |19 |6246 |2 |1/2+ |
39 |19 |6246.8 |16 |7/2 |20 FS 15
39 |19 |6331 |20 |1/2-,3/2- |
39 |19 |6332 |2 |3/2+ |0.270 FS 21
39 |19 |6356 |2 |5/2+ |
39 |19 |6396 |2 | |
39 |19 |6410 |2 |(1/2:7/2+) |14 FS LT
39 |19 |6434.2 |3 |13/2+ |128 FS 35
39 |19 |6458 |2 |(1/2,3/2,5/2)+ |14 FS LT
39 |19 |6465 |2 | |
39 |19 |6475.1 |2 |15/2+ |8.2 PS 3
39 |19 |6501 |2 |(3/2,5/2)+ |59 FS 21
39 |19 |6528 |2 |(1/2:7/2+) |0.09 PS 6
39 |19 |6546 |2 |7/2- |14 FS LT
39 |19 |6550 |3 | |
39 |19 |6653 |2 |(3/2,5/2)+ |24 FS 14
39 |19 |6686 |2 | |35 FS LT
39 |19 |6740 |2 |(3/2+,5/2+) |14 FS LT
39 |19 |6818 |3 |3/2+,5/2+ |
39 |19 |6828 |2 | |49 FS LT
39 |19 |6916 |2 |3/2+,5/2+ |
39 |19 |6943 |2 |3/2+,5/2+ |
39 |19 |7021 |2 |(1/2:7/2+) |
39 |19 |7051 |2 |(3/2,5/2)- |
39 |19 |7092.1 |5 |(9/2-,13/2+) |59 FS 21
39 |19 |7122 |5 |(3/2:9/2)- |
39 |19 |7141.7 |2 |15/2- |0.29 PS 8
39 |19 |7170 |2 |(1/2:7/2) |
39 |19 |7200 |2 |(3/2-,5/2,7/2+) |
39 |19 |7254.8 |9 | |
39 |19 |7260 |2 |(3/2+) |
39 |19 |7278.9 |7 | |
39 |19 |7286.9 |9 | |
39 |19 |7336.8 |9 |(3/2:9/2)- |
39 |19 |7381.8 |7 | |
39 |19 |7439.4 |8 | |
39 |19 |7448.8 |9 | |
39 |19 |7461.8 |8 |(3/2-,5/2,7/2+) |
39 |19 |7482.3 |8 | |
39 |19 |7502 |20 |3/2+,5/2+ |
39 |19 |7536.1 |9 |(1/2,3/2,5/2+) |
39 |19 |7540.9 |9 | |
39 |19 |7552.2 |9 | |
39 |19 |7560.8 |9 | |
39 |19 |7568.6 |2 |(15/2+) |0.24 PS 7
39 |19 |7588 |2 | |0.21 PS LT
39 |19 |7602.8 |9 |(3/2-,5/2,7/2+) |
39 |19 |7605.4 |9 | |
39 |19 |7633.7 |7 |(3/2-,5/2+) |
39 |19 |7700.1 |9 |(3/2-,5/2,7/2-) |
39 |19 |7714.8 |9 |(5/2-) |
39 |19 |7739.1 |7 |3/2- |1.1 KEV 2
39 |19 |7756.3 |9 |(3/2-,5/2+) |
39 |19 |7766.6 |9 | |
39 |19 |7773.4 |9 |(3/2-,5/2+) |
39 |19 |7776.4 |2 |17/2+ |2.3 PS 12
39 |19 |7785.2 |9 |(1/2,3/2,5/2+) |
39 |19 |7797.9 |9 |(3/2-,5/2+) |
39 |19 |7802.4 |9 |(5/2-) |
39 |19 |7805.3 |9 |(5/2-) |
39 |19 |7821.1 |9 |(1/2-,3/2,5/2+) |
39 |19 |7847.3 |12 |(3/2,5/2+) |
39 |19 |7867.1 |21 |(11/2+:19/2+) |0.17 PS LT
39 |19 |7868.6 |11 |(3/2-,5/2+) |
39 |19 |7900 | | |
39 |19 |7958.3 |9 |(1/2,3/2,5/2+) |
39 |19 |7979.1 |7 |(3/2-,5/2) |
39 |19 |7982.1 |11 | |
39 |19 |7983.9 |9 |(3/2,5/2) |
39 |19 |7986.8 |9 | |
39 |19 |7992.8 |10 |3/2(-) |
39 |19 |7995.9 |9 | |
39 |19 |7999.0 |9 | |
39 |19 |8008.9 |8 |(15/2-) |
39 |19 |8018.6 |12 | |
39 |19 |8028.4 |2 |19/2- |13.9 PS 10
39 |19 |8031.5 |9 |(1/2,3/2,5/2) |
39 |19 |8034.4 |11 |(1/2,3/2,5/2) |
39 |19 |8039.0 |9 |(3/2-,5/2) |
39 |19 |8080.1 |13 |(3/2,5/2+) |
39 |19 |8081.9 |13 |(1/2-,3/2,5/2+) |
39 |19 |8087.5 |11 | |
39 |19 |8093.8 |9 |3/2- |
39 |19 |8099.7 |11 |9/2(+) |
39 |19 |8108.3 |9 |(3/2,5/2+) |
39 |19 |8118.5 |9 |(3/2-,5/2+) |
39 |19 |8129.1 |11 | |
39 |19 |8138.1 |11 |(3/2-,5/2) |
39 |19 |8170.7 |11 | |
39 |19 |8185.5 |11 | |
39 |19 |8188.7 |9 | |
39 |19 |8191.8 |11 | |
39 |19 |8198.8 |11 |(3/2-,5/2,7/2+) |
39 |19 |8203.7 |13 | |
39 |19 |8253.4 |9 |(1/2:7/2+) |
39 |19 |8262.9 |11 |(1/2:7/2+) |
39 |19 |8271.5 |11 | |
39 |19 |8280.3 |11 |(1/2:7/2+) |
39 |19 |8285.7 |11 | |
39 |19 |8294.8 |11 | |
39 |19 |8305.5 |11 |(3/2-,5/2+) |
39 |19 |8315.2 |11 | |
39 |19 |8326.5 |11 | |
39 |19 |8341.5 |11 | |
39 |19 |8347.6 |11 | |
39 |19 |8369.9 |7 |(1/2:7/2+) |35 FS 17
39 |19 |8380.3 |11 | |
39 |19 |8387.0 |11 | |
39 |19 |8390 |2 |(1/2:7/2+) |
39 |19 |8395.9 |16 | |
39 |19 |8414.6 |13 | |
39 |19 |8427.6 |13 | |
39 |19 |8430.3 |13 | |
39 |19 |8466.2 |13 | |
39 |19 |8476.8 |16 | |
39 |19 |8484.9 |13 | |
39 |19 |8510.0 |13 | |
39 |19 |8514.4 |13 | |
39 |19 |8525.0 |13 | |
39 |19 |8531.3 |13 |(3/2-,5/2) |
39 |19 |8548.3 |13 | |
39 |19 |8560.1 |16 | |
39 |19 |8567.9 |14 | |
39 |19 |8584.5 |14 |(3/2-,5/2,7/2+) |
39 |19 |8593.0 |16 | |
39 |19 |8598.9 |16 | |
39 |19 |8611 | | |
39 |19 |8625.7 |16 |(3/2,5/2,7/2+) |
39 |19 |8627.7 |16 |(3/2-,5/2) |
39 |19 |8639.1 |16 | |
39 |19 |8655.8 |16 | |
39 |19 |8667.6 |16 | |
39 |19 |8673.0 |16 | |
39 |19 |8675.1 |16 | |
39 |19 |8681.4 |8 |(15/2+) |
39 |19 |8684.1 |16 | |
39 |19 |8688.7 |16 | |
39 |19 |8694.0 |16 | |
39 |19 |8704.7 |16 | |
39 |19 |8709.9 |16 | |
39 |19 |8715.0 |16 | |
39 |19 |8720.5 |16 | |
39 |19 |8893 |30 |3/2+,5/2+ |
39 |19 |9012 |50 |3/2+,5/2+ |
39 |19 |9107 |30 |(3/2+,5/2+) |
39 |19 |9271.1 |8 |(19/2-) |
39 |19 |9300 | | |
39 |19 |9363.8 |7 |(17/2+) |
39 |19 |9405 |50 | |
39 |19 |9616 |20 | |
39 |19 |9665 |20 | |
39 |19 |9694 |20 | |
39 |19 |9704 |20 |(3/2+,5/2+) |
39 |19 |9772 |20 | |
39 |19 |9808 |50 | |
39 |19 |9909.6 |9 |(21/2+) |1.4 PS LT
39 |19 |9928 |20 | |
39 |19 |9987 |20 | |
39 |19 |9996 |20 | |
39 |19 |10264.4 |9 |(19/2-) |
39 |19 |10278.5 |9 |(19/2) |
39 |19 |10303.6 |8 |(19/2+) |
39 |19 |10383.4 |8 |(19/2) |
39 |19 |10704 |50 | |
39 |19 |10864 |50 | |
39 |19 |10882.9 |10 | |
39 |19 |10997.5 |8 |(23/2-) |
39 |19 |11034 |50 | |
39 |19 |11156 |50 | |
39 |19 |11590.6 |13 | |
39 |19 |11691.2 |8 |(21/2+) |
39 |19 |12069.5 |8 |(23/2) |
39 |19 |12209.5 |8 |(23/2-) |
39 |19 |12355.7 |12 | |
39 |19 |12616.1 |15 | |
39 |19 |12893.6 |11 | |
39 |19 |13010.0 |11 | |
39 |19 |13266.1 |8 |(25/2) |
39 |19 |13506.9 |12 |(23/2-) |
39 |19 |13776.9 |14 | |
39 |19 |14061.1 |8 |(27/2) |
39 |19 |14866.0 |12 | |
39 |19 |16140.2 |15 | |
39 |19 |18531.6 |14 | |
39 |19 |18611.9 |13 | |
40 |19 |0 | |4- |1.248E+9 Y 3
40 |19 |29.8299 |5 |3- |4.25 NS 6
40 |19 |800.1427 |19 |2- |0.28 PS 4
40 |19 |891.398 |18 |5- |0.87 PS 14
40 |19 |1643.639 |11 |0+ |0.336 US 12
40 |19 |1959.068 |11 |2+ |0.59 PS 10
40 |19 |2047.354 |16 |2- |0.34 PS 4
40 |19 |2069.809 |20 |3- |0.47 PS 10
40 |19 |2103.668 |24 |1- |0.52 PS 10
40 |19 |2260.40 |4 |3+ |59 FS 10
40 |19 |2289.871 |11 |1+ |83 FS 14
40 |19 |2290.493 |20 |3- |0.156 PS 20
40 |19 |2397.165 |25 |4- |35 FS 14
40 |19 |2419.171 |21 |2- |0.55 PS 14
40 |19 |2542.77 |17 |7+ |1.09 NS 7
40 |19 |2558 | | |
40 |19 |2575.93 |3 |2+ |0.130 PS 17
40 |19 |2625.990 |25 |0- |0.215 PS 35
40 |19 |2730.372 |18 |1(-) |28 FS LT
40 |19 |2746.91 |5 |(2,3)- |0.130 PS 35
40 |19 |2756.72 |3 |2+ |21 FS LT
40 |19 |2786.644 |16 |3+ |38 FS LT
40 |19 |2787.4 |3 |(3,4)- |28 FS LT
40 |19 |2807.88 |4 |(1,2)- |0.14 PS 4
40 |19 |2879.01 |22 |6+ |0.27 PS 10
40 |19 |2950.8 |6 | |35 FS 21
40 |19 |2985.87 |4 |(2-,3+) |69 FS 28
40 |19 |3027.95 |3 |2- |50 FS LT
40 |19 |3100.2 |7 |(4,5)+ |69 FS 21
40 |19 |3109.721 |23 |(1,2)+ |97 FS LT
40 |19 |3128.36 |8 |2- |21 FS LT
40 |19 |3146.44 |5 |1 |
40 |19 |3153.81 |6 |(2,3)- |21 FS LT
40 |19 |3228.67 |5 |2- |28 FS 21
40 |19 |3293 |10 |UNNATURAL |
40 |19 |3368.03 |8 |(2,3)- |
40 |19 |3393.63 |5 |2- |
40 |19 |3414.34 |3 |2+ |
40 |19 |3439.144 |25 |(2+) |
40 |19 |3448 |10 |(3,5)+ |
40 |19 |3486.21 |3 |2- |
40 |19 |3517 | | |
40 |19 |3556.97 |4 |(1-:4+) |
40 |19 |3599.24 |3 |2- |
40 |19 |3629.95 |4 |2-,3- |69 FS LT
40 |19 |3663.739 |23 |(3,4)+ |
40 |19 |3717 |4 |( 3)- |
40 |19 |3738.48 |3 |1+ |
40 |19 |3767.79 |13 |( 3)- |
40 |19 |3797.57 |3 |(1+) |
40 |19 |3821.43 |3 |2- |
40 |19 |3840.228 |24 |(1,2+) |
40 |19 |3868.66 |4 |2- |
40 |19 |3887.92 |5 |(1-,2,3) |
40 |19 |3898 |8 | |
40 |19 |3923.90 |18 |(1-:4+) |
40 |19 |3996 |10 |UNNATURAL |
40 |19 |4020.35 |4 |( 3)- |
40 |19 |4075 |5 | |
40 |19 |4104.46 |4 |(1-,2,3-) |
40 |19 |4110.84 |3 |(1-,2,3) |
40 |19 |4149.01 |3 |(2-,3) |
40 |19 |4180.03 |3 |(3-) |
40 |19 |4213.07 |9 |(2-,3+) |
40 |19 |4253.62 |4 |1- |
40 |19 |4280.52 |8 |2- |
40 |19 |4300 |5 |2- |
40 |19 |4352 |5 |UNNATURAL |
40 |19 |4365.6 |4 |(8+) |0.36 PS 14
40 |19 |4384.0 |3 |0+ |
40 |19 |4395.88 |3 |(0,1,2)- |
40 |19 |4419.36 |7 |(2-,3,4+) |
40 |19 |4472.99 |6 |(2,3)- |
40 |19 |4508 | | |
40 |19 |4537.06 |4 |2- |
40 |19 |4587 |4 |2- |
40 |19 |4659 |4 |2- |
40 |19 |4697 |10 |UNNATURAL |
40 |19 |4744.093 |24 |(2+) |
40 |19 |4761 |5 |(1,2)+ |
40 |19 |4788.65 |8 |(1+) |
40 |19 |4805 |4 |( 3)- |
40 |19 |4848 |10 | |
40 |19 |4872.55 |6 |(2,3)- |
40 |19 |4875.6 |4 |9+ |0.7 PS LT
40 |19 |4910 |9 |2- |
40 |19 |4944 |5 |( 3)- |
40 |19 |4992.94 |9 |(2-,3+) |
40 |19 |5027 |5 | |
40 |19 |5063.47 |5 |(2-,3+) |
40 |19 |5077 |5 |( 3)- |
40 |19 |5112 |5 |2- |
40 |19 |5136 |5 |( 3)- |
40 |19 |5158 |5 |( 3)- |
40 |19 |5208 |5 |2- |
40 |19 |5870 | | |
40 |19 |6227.0 |5 |(8,10)- |1.4 PS LT
40 |19 |7000 | | |
40 |19 |7472.4 |5 |(9-,11-) |
40 |19 |7799 | | |
41 |19 |0.0 | |3/2+ |STABLE
41 |19 |980.476 |8 |1/2+ |0.29 PS 7
41 |19 |1293.609 |8 |7/2- |7.35 NS 20
41 |19 |1559.903 |12 |3/2+ |0.39 PS 5
41 |19 |1582.001 |11 |3/2- |9.3 PS 4
41 |19 |1593.107 |12 |1/2+ |90 FS 30
41 |19 |1677.235 |11 |7/2+ |1.4 PS 3
41 |19 |1698.005 |15 |5/2+ |0.85 PS 20
41 |19 |2143.82 |2 |5/2+ |0.26 PS 6
41 |19 |2166.70 |2 |3/2- |1.9 PS 2
41 |19 |2316.62 |2 |5/2- |0.36 PS 10
41 |19 |2440.1 |2 |(3/2,5/2+) |0.13 PS 3
41 |19 |2447.83 |7 |(3/2+,5/2,7/2+) |
41 |19 |2494.91 |3 |9/2+ |3.0 PS 5
41 |19 |2507.93 |3 |7/2+ |0.20 PS 6
41 |19 |2527.66 |3 |11/2+ |151 PS 4
41 |19 |2593.97 |3 |1/2-,3/2- |0.19 PS 8
41 |19 |2600 |1 | |0.16 PS 4
41 |19 |2676.1 |7 |1/2+ |
41 |19 |2710.3 |2 |3/2+,5/2+ |
41 |19 |2712.57 |3 |(7/2)- |0.54 PS 15
41 |19 |2756.73 |3 |5/2+ |52 FS 21
41 |19 |2761.73 |3 |11/2- |0.48 PS 5
41 |19 |2774.25 |3 |13/2+ |51.3 PS 16
41 |19 |3048.22 |5 |1/2-,3/2- |
41 |19 |3141.84 |3 |(7/2-) |
41 |19 |3142.43 |3 |5/2- |0.14 PS 4
41 |19 |3162.2 |8 |(1/2:7/2+) |21 FS LT
41 |19 |3179.8 |2 |3/2+,5/2+ |
41 |19 |3213.61 |4 |5/2- |125 FS 55
41 |19 |3229.8 |6 |(1/2+,3/2-) |
41 |19 |3235.57 |4 |(3/2-,5/2,7/2) |38 FS 35
41 |19 |3240.65 |4 |(5/2+,7/2-) |
41 |19 |3277.9 |5 |(1/2,3/2,5/2+) |76 FS 69
41 |19 |3431.84 |4 |(9/2-,7/2-) |
41 |19 |3450.1 |2 |5/2-,7/2- |4.2 FS 28
41 |19 |3480 |10 |5/2-,7/2- |
41 |19 |3488.5 |3 |(5/2)+ |3.5 FS LT
41 |19 |3521.38 |9 |(5/2+,7/2+) |
41 |19 |3534.45 |4 |(7/2+,9/2) |
41 |19 |3560.61 |5 |(3/2-,5/2,7/2+) |
41 |19 |3572.38 |5 |(3/2+:9/2-) |
41 |19 |3578.3 |4 |(3/2+,5/2,7/2+) |
41 |19 |3579.2 |5 |(1/2+:7/2+) |
41 |19 |3612.77 |5 |(3/2-,5/2+) |
41 |19 |3626.1 |5 |(1/2:7/2-) |
41 |19 |3651.46 |5 |(5/2,7/2,9/2+) |
41 |19 |3740.1 |10 |1/2-,3/2- |
41 |19 |3761.54 |5 |(5/2+,7/2+) |4.9 FS 28
41 |19 |3774.66 |5 |5/2-,7/2- |
41 |19 |3819 |10 |1/2-,3/2- |
41 |19 |3826.90 |10 |(5/2,7/2+) |
41 |19 |3861.3 |5 |(1/2,3/2,5/2+) |
41 |19 |3870.52 |6 |5/2-,7/2- |
41 |19 |3897.0 |5 |(11/2+,15/2+) |0.31 PS 8
41 |19 |3911.7 |6 |1/2-,3/2- |
41 |19 |3990.40 |5 |(7/2-,9/2,11/2+) |
41 |19 |3996.49 |4 |(5/2+) |97 FS 35
41 |19 |4026.7 |5 |(3/2-,5/2,7/2-) |
41 |19 |4026.94 |7 |(3/2-,5/2,7/2+) |
41 |19 |4075 |10 | |
41 |19 |4146.15 |6 |5/2-,7/2- |
41 |19 |4164.57 |4 |(5/2+,7/2,9/2+) |
41 |19 |4220.62 |5 |(5/2) |
41 |19 |4228.99 |5 |(5/2)- |
41 |19 |4244.22 |5 |(3/2)- |
41 |19 |4260.36 |13 |(3/2-,5/2) |
41 |19 |4274.2 |3 |15/2- |0.10 PS 6
41 |19 |4274.96 |5 |(7/2-,9/2+) |
41 |19 |4303.01 |5 |(5/2+,7/2+) |
41 |19 |4340.9 |5 |(1/2,3/2,5/2) |
41 |19 |4345.66 |5 |(5/2,7/2-) |
41 |19 |4400 |20 |3/2+,5/2+ |
41 |19 |4459.72 |5 |(3/2)- |
41 |19 |4478 |10 |1/2-,3/2- |
41 |19 |4525.37 |5 |(3/2-,5/2,7/2) |
41 |19 |4568.75 |5 |(9/2+,11/2-) |
41 |19 |4587 |10 |5/2-,7/2- |
41 |19 |4609.48 |7 |(5/2+,7/2,9/2+) |
41 |19 |4661 |10 |(1/2:7/2)- |
41 |19 |4674 |3 | |
41 |19 |4730.70 |5 |(3/2)- |
41 |19 |4735.86 |6 |(5/2+,7/2+) |
41 |19 |4745.49 |10 |(5/2+) |
41 |19 |4749.47 |8 |(3/2-,5/2,7/2+) |
41 |19 |4823.33 |5 |(7/2+,9/2+) |
41 |19 |4848.5 |5 |(3/2)- |
41 |19 |4862.43 |6 |(5/2) |
41 |19 |4922 |10 | |
41 |19 |4927.83 |6 |(5/2)+ |
41 |19 |4948.94 |6 |(3/2-,5/2,7/2-) |
41 |19 |4962.3 |5 |(1/2,3/2,5/2) |
41 |19 |4982.9 |2 |19/2- |70.7 PS 21
41 |19 |4995 |10 |5/2-,7/2- |
41 |19 |5021.23 |8 |(5/2+) |
41 |19 |5060 |20 |3/2+,5/2+ |
41 |19 |5091 |10 |1/2-,3/2- |
41 |19 |5096.20 |8 |(5/2,7/2,9/2-) |
41 |19 |5101.2 |20 |1/2-,3/2- |
41 |19 |5129.4 |5 | |
41 |19 |5160 |10 |5/2-,7/2- |
41 |19 |5185.27 |6 |(5/2,7/2-) |
41 |19 |5235 |10 |1/2-,3/2- |
41 |19 |5270 |10 |1/2-,3/2- |
41 |19 |5298.86 |6 |(3/2-,5/2,7/2-) |
41 |19 |5335 |10 |1/2-,3/2- |
41 |19 |5401.7 |5 |1/2-,3/2- |
41 |19 |5448 |10 |1/2-,3/2- |
41 |19 |5496.61 |7 |(7/2+) |
41 |19 |5543 |10 | |
41 |19 |5548.19 |7 |(5/2+,7/2+) |
41 |19 |5557.39 |9 |(3/2-,5/2+) |
41 |19 |5575.24 |8 |(3/2-,5/2,7/2+) |
41 |19 |5604.58 |8 |(3/2-,5/2,7/2+) |
41 |19 |5610.83 |6 |(5/2,7/2+) |
41 |19 |5620 |10 |1/2-,3/2- |
41 |19 |5655.66 |8 |(3/2-,5/2+) |
41 |19 |5659.25 |8 |(3/2-,5/2,7/2+) |
41 |19 |5717 |10 |1/2-,3/2- |
41 |19 |5800.80 |7 |(3/2+,5/2+) |
41 |19 |5816 |10 |1/2+ |
41 |19 |5826.66 |7 |(5/2)+ |
41 |19 |5852 |10 |5/2-,7/2- |
41 |19 |5886.95 |8 |(3/2)- |
41 |19 |5912.50 |8 |(9/2+) |
41 |19 |5933 |10 |1/2-,3/2- |
41 |19 |5952.41 |8 |(7/2-,9/2,11/2-) |
41 |19 |5968.89 |8 |(9/2+,11/2-) |
41 |19 |5986 |10 |(1/2:7/2)- |
41 |19 |6040.67 |10 |(3/2-,5/2,7/2) |
41 |19 |6062 |10 |1/2-,3/2- |
41 |19 |6070.76 |9 |(5/2,7/2,9/2+) |
41 |19 |6078.56 |7 |(3/2)- |
41 |19 |6109 |10 |1/2-,3/2- |
41 |19 |6186.04 |11 |(5/2,7/2) |
41 |19 |6190 |10 |1/2-,3/2- |
41 |19 |6211.50 |7 |(7/2+,9/2-) |
41 |19 |6229.88 |10 |(3/2-,5/2,7/2-) |
41 |19 |6255.96 |8 |(5/2,7/2-) |
41 |19 |6261 |10 |1/2-,3/2- |
41 |19 |6290.05 |14 |(3/2)- |
41 |19 |6350 |10 |5/2-,7/2- |
41 |19 |6394.31 |10 |(3/2-,5/2,7/2-) |
41 |19 |6434.51 |9 |(3/2-,5/2,7/2-) |
41 |19 |6450.15 |10 |(3/2-,5/2,7/2+) |
41 |19 |6497.00 |10 |(3/2)- |
41 |19 |6528.13 |9 |(3/2-,5/2,7/2-) |
41 |19 |6601 |10 |1/2-,3/2- |
41 |19 |6630 |20 |3/2+,5/2+ |
41 |19 |6654 |10 |1/2-,3/2- |
41 |19 |6704 |10 |5/2-,7/2- |
41 |19 |6769.77 |10 |(3/2-,5/2,7/2-) |
41 |19 |6782.54 |10 |(3/2-:9/2-) |
41 |19 |6791.36 |9 |(5/2,7/2,9/2-) |
41 |19 |6809 |10 |1/2-,3/2- |
41 |19 |6835.43 |9 |(5/2,7/2-) |
41 |19 |6874 |10 |1/2-,3/2- |
41 |19 |6919 |10 |1/2-,3/2- |
41 |19 |6980 |10 |1/2-,3/2- |
41 |19 |6995.53 |11 |(5/2,7/2,9/2+) |
41 |19 |7020.97 |10 |(3/2)- |
41 |19 |7035.28 |14 |(5/2)- |
41 |19 |7085 |10 |5/2-,7/2- |
41 |19 |7159 |10 |1/2-,3/2- |
41 |19 |7232 |10 |1/2-,3/2- |
41 |19 |7319 |10 |(1/2:7/2)- |
41 |19 |7361.15 |11 |(3/2-,5/2,7/2-) |
41 |19 |7420 |10 |1/2-,3/2- |
41 |19 |7471 |10 |5/2-,7/2- |
41 |19 |7511 |10 |1/2-,3/2- |
41 |19 |7593.06 |9 |(5/2+:11/2-) |
41 |19 |7617 |10 |1/2-,3/2- |
41 |19 |7654.93 |9 |(3/2-,5/2,7/2-) |
41 |19 |7836 |15 |(1/2-,3/2,5/2+) |
41 |19 |7893 |15 |(1/2-,3/2,5/2+) |
41 |19 |7938.98 |10 |(5/2:11/2-) |
41 |19 |8041 |15 | |
41 |19 |8116 |15 |1/2-,3/2- |
41 |19 |8152 |15 |1/2-,3/2- |
41 |19 |8190.21 |12 |(3/2-,5/2,7/2-) |
41 |19 |8200.11 |9 |(3/2+,5/2-,7/2-) |
41 |19 |8268 |15 |1/2-,3/2- |
41 |19 |8349 |15 |5/2-,7/2- |
41 |19 |8464 |15 |1/2-,3/2- |
41 |19 |8548 |15 |(5/2-,7/2-) |
41 |19 |8660 |15 |1/2-,3/2- |
41 |19 |8748 |15 |1/2-,3/2- |
41 |19 |8801 |15 |(1/2-,3/2-) |
41 |19 |8873 |15 |1/2-,3/2- |
41 |19 |9050 |15 |(1/2-,3/2-) |
41 |19 |9116 |15 |(5/2-,7/2-) |
41 |19 |9203 |15 |(1/2:7/2-) |
41 |19 |9243 |15 |1/2-,3/2- |
41 |19 |9376 |15 |(3/2+,5/2+) |
41 |19 |9420 |50 |3/2+,5/2+ |
41 |19 |9471 |15 |(1/2-,3/2-) |
41 |19 |9626 |15 |1/2-,3/2- |
41 |19 |9740.70 |10 |(3/2)- |
41 |19 |9789 |15 |(1/2-,3/2-) |
41 |19 |9857 |15 |1/2-,3/2- |
41 |19 |9936 |15 |(1/2-,3/2-) |
41 |19 |10093 |15 |1/2-,3/2- |
41 |19 |10195 |15 |1/2+&amp;1/2-,3/2- |
41 |19 |10239 |15 |(1/2-,3/2-) |
41 |19 |12220 |50 |3/2+,5/2+ |
42 |19 |0 | |2- |12.360 H 12
42 |19 |106.828 |7 |3- |0.28 NS 4
42 |19 |258.261 |8 |4- |130 PS 8
42 |19 |638.726 |12 |3- |1.4 NS LT
42 |19 |681.943 |11 |(2,3) |
42 |19 |699.08 |3 |5- |41 PS 8
42 |19 |783.87 |2 |2- |
42 |19 |841.940 |12 |3- |
42 |19 |1110.747 |17 |3+ |
42 |19 |1143.590 |19 |4+ |1.4 NS LT
42 |19 |1197.90 |2 |4- |
42 |19 |1254.820 |19 |(2,3)- |
42 |19 |1266.305 |18 |(1,2,3)- |
42 |19 |1273.54 |2 |(2-,3,4+) |
42 |19 |1375.96 |10 |6+ |1.11 NS 14
42 |19 |1377.12 |2 |(2,3)- |
42 |19 |1400.04 |5 |(2,3) |
42 |19 |1407.922 |19 |(1-,2,3) |
42 |19 |1453.07 |5 |(2-,3,4-) |
42 |19 |1463.65 |2 |(1-,2,3) |
42 |19 |1489.27 |9 |(1-:5-) |
42 |19 |1513.08 |4 |(1-:5-) |
42 |19 |1538.73 |7 |(3+,5+) |3.5 PS LT
42 |19 |1692.00 |4 |(1-:5-) |
42 |19 |1723.42 |4 |(2,3,4+) |
42 |19 |1745.61 |3 |(2+,3,4+) |
42 |19 |1816.87 |3 |(2,3) |
42 |19 |1842.98 |3 |(1-,2,3) |
42 |19 |1861.90 |2 |2- |
42 |19 |1913.48 |2 |(2-,3) |
42 |19 |1936.06 |14 |(3-:6-) |
42 |19 |1937.50 |2 |(1,2,3)- |
42 |19 |1947.4 |3 |7+ |1.1 PS LT
42 |19 |1987.97 |3 |(0-:4-) |
42 |19 |2049.32 |4 |3+ |
42 |19 |2072.00 |4 |(2,3)- |
42 |19 |2113.8 |3 |(0-:4-) |
42 |19 |2161.62 |6 |(2+,3,4+) |
42 |19 |2187.20 |7 |3+ |
42 |19 |2204.03 |6 |(2-,3,4+) |
42 |19 |2238.62 |5 |(1,2,3)- |
42 |19 |2251.09 |5 |(0-:4-) |
42 |19 |2314 |14 |(3,5)+ |
42 |19 |2358.97 |10 |(4+:7-) |
42 |19 |2366.19 |5 |(2,3)- |
42 |19 |2388.83 |6 |3+ |
42 |19 |2401.82 |5 |(2,3)- |
42 |19 |2422.13 |5 |(1-,2,3) |
42 |19 |2482.16 |5 |(1,2,3)- |
42 |19 |2524.7 | |(2:5-) |
42 |19 |2553.7 |2 |(0to3)- |
42 |19 |2573.63 |6 |(2,3) |
42 |19 |2607.02 |6 |(1-,2,3) |
42 |19 |2627.85 |6 |(2-,3) |
42 |19 |2644.31 |6 |3- |
42 |19 |2653.79 |11 |(2-,3) |
42 |19 |2718.12 |6 |(2-,3) |
42 |19 |2765.96 |6 |(2+,3) |
42 |19 |2802 |15 | |
42 |19 |2844 |12 | |
42 |19 |2862.71 |7 |(2-,3) |
42 |19 |2877.98 |6 |3- |
42 |19 |2917.02 |8 |(1-:4+) |
42 |19 |2926.09 |6 |(2,3)- |
42 |19 |2938.59 |7 |(1-,2,3) |
42 |19 |2991.51 |13 |(5+:9+) |
42 |19 |3008.35 |7 |3 |
42 |19 |3014.46 |7 |(1-:4+) |
42 |19 |3021.10 |7 |(2-,3) |
42 |19 |3040.15 |8 |3- |
42 |19 |3090 |9 | |
42 |19 |3132 |15 | |
42 |19 |3168.1 |4 |(2+:5) |
42 |19 |3195.82 |7 |(2-,3) |
42 |19 |3210.64 |7 |(1+,2,3) |
42 |19 |3233.92 |7 |(3,4+) |
42 |19 |3284.40 |7 |(2-,3) |
42 |19 |3287.19 |7 |(2-,3,4+) |
42 |19 |3295.32 |9 |(2,3) |
42 |19 |3304.34 |9 |(1+:4+) |
42 |19 |3323.74 |8 |3- |
42 |19 |3367.34 |8 |(0-:3) |
42 |19 |3418.45 |8 |(2,3)- |
42 |19 |3421.28 |8 |(0-:3) |
42 |19 |3497.81 |23 |(2+:9-) |
42 |19 |3502.90 |8 |(2+,3,4+) |
42 |19 |3528.95 |17 |(0-:3) |
42 |19 |3559.9 |5 |(5+:9+) |
42 |19 |3587 |15 | |
42 |19 |3621.24 |9 |(2,3) |
42 |19 |3658.59 |8 |(2-,3) |
42 |19 |3674.15 |8 |(1-,2,3) |
42 |19 |3696.44 |10 |(3-,4+) |
42 |19 |3758 |10 | |
42 |19 |3770.64 |10 |(0-:3) |
42 |19 |3794.64 |9 |(0-:3) |
42 |19 |3798.15 |10 |(2-,3,4+) |
42 |19 |3831.71 |10 |(1+,2,3) |
42 |19 |3861.99 |9 |(1-:4+) |
42 |19 |3876.98 |8 |(1-:4+) |
42 |19 |3888.34 |10 |(1+:4+) |
42 |19 |3890.13 |9 |(0-:3) |
42 |19 |3934.64 |10 |(2-,3,4+) |
42 |19 |4013.92 |9 |(1+,2,3) |
42 |19 |4036.93 |11 |3- |
42 |19 |4039.95 |8 |(1+,2,3) |
42 |19 |4053.90 |9 |(1+,2,3) |
42 |19 |4092.14 |22 |(3+:9-) |
42 |19 |4103.77 |10 |(1-:4+) |
42 |19 |4105.3 |4 |(0-:3) |
42 |19 |4128.34 |9 |(2+,3) |
42 |19 |4152.39 |9 |(2-,3,4+) |
42 |19 |4154.67 |11 |(1-,2,3) |
42 |19 |4179.44 |10 |(2-,3,4+) |
42 |19 |4259.12 |10 |(1-,2,3) |
42 |19 |4389.78 |15 |(2-,3,4+) |
42 |19 |4416.61 |9 |(2-,3) |
42 |19 |4428.25 |9 |(1+,2,3) |
42 |19 |4443.15 |10 |(0-:4+) |
42 |19 |4481.05 |10 |(2,3) |
42 |19 |4556.67 |10 |(1-,2,3) |
42 |19 |4576.26 |10 |(2,3)- |
42 |19 |4590.59 |10 |(2-,3,4+) |
42 |19 |4603.5 |7 | |
42 |19 |4612.78 |11 |(2+,3) |
42 |19 |4660.73 |13 |(2-,3) |
42 |19 |4715.41 |17 |(2-,3) |
42 |19 |4745.9 |3 |(3+:10) |
42 |19 |4748.54 |13 |3- |
42 |19 |4778.04 |12 |(1-:4+) |
42 |19 |4806.84 |10 |(0:3)- |
42 |19 |4853.60 |10 |(0:3)- |
42 |19 |4878.6 |3 |(1+:4+) |
42 |19 |4904 | |(3-,4+) |
42 |19 |4939 | |(1-,2,3) |
42 |19 |4943 | |(1-:4-) |
42 |19 |4960 | |(0-:4+) |
42 |19 |5003 | |(1-,2,3) |
42 |19 |5064 | |(1-:4+) |
42 |19 |5081 | |(1-,2,3) |
42 |19 |5097 | |(0-:3) |
42 |19 |5142 | | |
42 |19 |5179 | |(0-:4+) |
42 |19 |5247 | |(1-:4+) |
42 |19 |5319 | |(2-,3) |
42 |19 |5363.5 |4 | |
42 |19 |5380.1 |15 | |
42 |19 |5477 | |(1+,2,3) |
42 |19 |5484.0 |6 | |
42 |19 |5555.7 |6 | |
42 |19 |5622.5 |3 | |
42 |19 |5630 | |(0:4+) |
42 |19 |5654.6 |3 | |
42 |19 |5682.7 |3 | |
42 |19 |5697 | |(0:4+) |
42 |19 |5711 | |(2-,3,4+) |
42 |19 |5723.5 |6 | |
42 |19 |5737.5 |4 | |
42 |19 |5747.7 |8 | |
42 |19 |5760 | |(1-:4+) |
42 |19 |5772.4 |6 | |
42 |19 |5790 | |(0:4+) |
42 |19 |5809.3 |3 | |
42 |19 |5819.4 |3 | |
42 |19 |5847 | |(1+:4+) |
42 |19 |5896.4 |4 | |
42 |19 |5927.2 |5 | |
42 |19 |5954 | |(1:4+) |
42 |19 |5968.7 |5 | |
42 |19 |5978 | |(1:4+) |
42 |19 |6012.6 |5 | |
42 |19 |6450 | |(0+) |
43 |19 |0 | |3/2+ |22.3 H 1
43 |19 |561.20 |5 |1/2+ |1.4 PS +17-7
43 |19 |738.30 |6 |7/2- |200 NS 5
43 |19 |975.32 |6 |3/2- |1.6 PS +14-6
43 |19 |1109.93 |6 |3/2+ |1.0 PS 8
43 |19 |1206.91 |6 |(5/2,7/2)+ |4.8 PS GT
43 |19 |1509.99 |6 |7/2+ |5.7 PS 15
43 |19 |1549.96 |9 |3/2+,5/2+ |0.09 PS 6
43 |19 |1815 |10 |(5/2:11/2)+ |
43 |19 |1849.57 |8 |11/2- |4.6 PS 12
43 |19 |1865.65 |8 |(3/2,5/2+) |
43 |19 |1956 |10 |(5/2:11/2)+ |
43 |19 |1986.57 |8 |(9/2) |
43 |19 |2035 |10 |3/2+ |
43 |19 |2048.88 |9 |(9/2) |1.7 PS 6
43 |19 |2081.0 |4 |(5/2,7/2)+ |
43 |19 |2177.68 |11 |5/2(+) |0.07 PS LT
43 |19 |2189.32 |14 |(3/2,5/2,7/2) |
43 |19 |2218 |10 |(3/2:9/2)- |
43 |19 |2344.96 |9 |(3/2-) |0.7 PS +14-4
43 |19 |2451 |10 |1/2+ |
43 |19 |2508.34 |10 |(11/2+) |5 PS GT
43 |19 |2548 |10 |(1/2,3/2,5/2)- |
43 |19 |2668 |15 |3/2+,5/2+ |
43 |19 |2784 |10 |(1/2:7/2)+ |
43 |19 |2879 |10 |(1/2:7/2)+ |
43 |19 |2981 |15 | |
43 |19 |2986.76 |19 |(13/2-) |
43 |19 |3057.26 |21 |(5/2)+ |
43 |19 |3084 |15 |3/2+,5/2+ |
43 |19 |3114.69 |10 |15/2- |3.5 PS 7
43 |19 |3139.39 |10 |(13/2) |
43 |19 |3150 |18 | |
43 |19 |3190 |10 |(1/2:7/2)+ |
43 |19 |3229 |15 |3/2+,5/2+ |
43 |19 |3264.34 |11 |(3/2,5/2)+ |
43 |19 |3309.86 |13 |(3/2,5/2)+ |
43 |19 |3342 |15 |3/2+,5/2+ |
43 |19 |3393.14 |20 |(3/2:7/2)+ |
43 |19 |3455.60 |12 |(3/2-) |
43 |19 |3580 |30 | |
43 |19 |3591.28 |10 |(15/2+) |
43 |19 |3608.46 |15 |(5/2-,7/2-) |
43 |19 |3646.1 |4 |(3/2,5/2,7/2+) |
43 |19 |3714.16 |22 |(3/2+,5/2+) |
43 |19 |3837 |15 | |
43 |19 |3880 |15 |(3/2+,5/2+) |
43 |19 |3970 |30 | |
43 |19 |3985.28 |25 | |
43 |19 |4018 |15 |3/2+,5/2+ |
43 |19 |4070 |30 | |
43 |19 |4124 |15 |3/2+,5/2+ |
43 |19 |4177 |15 | |
43 |19 |4234 |15 | |
43 |19 |4290 |30 | |
43 |19 |4410 |40 | |
43 |19 |4472 |15 |3/2+,5/2+ |
43 |19 |4540 |40 | |
43 |19 |4540.4 |3 | |
43 |19 |4680 |40 | |
43 |19 |4794 |15 |3/2+,5/2+ |
43 |19 |4860 |40 | |
43 |19 |4920 |40 | |
43 |19 |4930.3 |3 |(19/2-) |
43 |19 |5030 |40 | |
43 |19 |5150 |40 | |
43 |19 |5194 |30 |3/2+,5/2+ |
43 |19 |5260 |40 | |
43 |19 |5380 |40 | |
43 |19 |5610 |30 |3/2+,5/2+ |
43 |19 |5900 |30 |3/2+,5/2+ |
43 |19 |7450 |30 |(3/2+,5/2+) |
44 |19 |0.0 | |2- |22.13 M 19
44 |19 |182.71 |6 |(1,2,3+) |0.9 NS LT
44 |19 |382.78 |7 | |0.7 NS LT
44 |19 |520.02 |7 | |0.7 NS LT
44 |19 |811.62 |12 | |
44 |19 |968.9 |3 | |
44 |19 |1013.51 |12 | |
44 |19 |1051.38 |8 | |
44 |19 |1076.83 |7 | |
44 |19 |1240.96 |16 | |
44 |19 |1367.87 |18 | |0.7 NS LT
44 |19 |1459.56 |6 |(0-,1) |
44 |19 |1480 |10 | |
44 |19 |1500 |15 | |
44 |19 |1886.12 |7 |1+ |
44 |19 |1990 |20 | |
44 |19 |2060 |20 | |
44 |19 |2325.94 |18 |1+ |
44 |19 |2574.28 |12 |1+ |
45 |19 |0.0 | |3/2+ |17.81 M 61
45 |19 |474.45 |14 |1/2+ |
45 |19 |1020.03 |4 |(3/2,5/2,7/2+) |0.7 NS LT
45 |19 |1081.38 |5 |(5/2-,7/2-) |3.2 NS 4
45 |19 |1424.3 |3 |1/2,3/2,5/2(+) |
45 |19 |1473.9 |3 | |0.7 NS LE
45 |19 |1639.15 |7 | |
45 |19 |1722.6 |3 | |
45 |19 |2188.22 |8 | |
45 |19 |2517.0 |3 | |
45 |19 |2568.7 |4 | |
45 |19 |2747.9 |6 | |
45 |19 |2786.6 |6 | |
45 |19 |3311.18 |24 | |
45 |19 |3398.3 |6 | |
45 |19 |3.44E+3 |3 | |
45 |19 |3.69E+3 |3 |(5/2+) |
45 |19 |3707.2 |3 | |
45 |19 |3753 |10 |(3/2+,5/2+) |
45 |19 |3996.62 |13 | |
45 |19 |4044.0 |10 | |
45 |19 |4357.3 |4 | |
45 |19 |4569.1 |10 | |
45 |19 |4.90E+3 |3 | |
45 |19 |5.13E+3 |3 | |
45 |19 |7.77E+3 |5 | |
45 |19 |12.62E+3 |5 |(5/2-,7/2-) |
46 |19 |0.0 | |(2-) |105 S 10
46 |19 |587.4 |4 |3- |
46 |19 |690.9 |4 |(4-) |
46 |19 |885.5 |7 |5- |
46 |19 |1369.9 |7 |3- |
46 |19 |1738.4 |21 |(4-) |
46 |19 |1944.34 |9 |1+ |
46 |19 |2222 |5 |(0+) |
46 |19 |2790 |6 |(2+) |
46 |19 |2969 |6 |(4-) |
46 |19 |3383 |7 | |
46 |19 |3606 |8 | |
46 |19 |4340 |AP |(3+) |
46 |19 |4540 |AP |7+ |
46 |19 |5950 |AP |7+ |
46 |19 |11470 |AP |(0+) |
47 |19 |0 | |1/2+ |17.50 S 24
47 |19 |360.0 |10 |3/2+ |1.1 NS 3
47 |19 |2020.0 |15 |(7/2-) |6.3 NS 4
47 |19 |2287.0 |18 | |
47 |19 |3.35E+3 |3 |5/2+,3/2+ |
47 |19 |3432 |19 |(5/2)+ |
47 |19 |3717.6 |7 |(3/2-) |
47 |19 |3762.1 |18 |(5/2-) |
47 |19 |3.85E+3 |2 |1/2+ |
47 |19 |3.93E+3 |2 |3/2+ |
47 |19 |4.17E+3 |6 | |
47 |19 |4.36E+3 |4 | |
47 |19 |4434.1 |20 | |
47 |19 |4.74E+3 |4 | |
47 |19 |4.90E+3 |4 | |
47 |19 |5220 |20 |5/2+ |
47 |19 |5465 |25 |5/2+ |
47 |19 |5.79E+3 |2 | |
47 |19 |5842.4 |18 |(5/2-) |
47 |19 |6.15E+3 |4 |5/2+,3/2+ |
47 |19 |6.26E+3 |4 | |
47 |19 |6.42E+3 |4 | |
47 |19 |6462 |32 |(5/2)+ |
47 |19 |6.87E+3 |4 |(5/2)+ |
47 |19 |7.15E+3 |5 | |
47 |19 |7.38E+3 |4 | |
47 |19 |7.57E+3 |3 |(5/2)+ |
47 |19 |7762 |33 |(5/2)+ |
47 |19 |8035 |38 |(5/2)+ |
47 |19 |8530 |20 |5/2+,3/2+ |
48 |19 |0.0 | |(2-) |6.8 S 2
48 |19 |3.5E+2 |AP | |
48 |19 |5.8E+2 | | |
48 |19 |8E+2 |AP | |
48 |19 |2.1E+3 |AP | |
48 |19 |X | |(1-) |
48 |19 |279+X | |(2-) |
48 |19 |728+X | |(3-) |
48 |19 |2177+X | |(5+) |13 NS 2
49 |19 |0.0 | |(1/2+,3/2+) |1.26 S 5
49 |19 |91.7 |3 |(1/2+,3/2+) |8 NS 5
49 |19 |862.8 |3 |(5/2+) |2.2 PS 4
49 |19 |1102.9 |8 |(5/2+) |
49 |19 |1438.3 |4 |(7/2+) |0.35 PS GT
49 |19 |2104.2 |5 |(7/2-) |0.35 PS GT
50 |19 |0.0 | |(0-,1-,2-) |472 MS 4
50 |19 |44.0 |6 | |
50 |19 |70.2 |7 | |
50 |19 |171.4 |4 |(1:4)(-) |125 NS 40
51 |19 |0.0 | |(1/2+,3/2+) |365 MS 5
52 |19 |0.0 | |(2-) |105 MS 5
53 |19 |0.0 | |(3/2+) |30 MS 5
54 |19 |0.0 | |2- |10 MS 5
55 |19 |0 | | |360 NS GT
56 |19 |0 | | |620 NS GT
