38 |21 |0 | | |
39 |21 |0 | |(7/2-) |300 NS LT
39 |21 |950 |40 |(3/2-) |
39 |21 |8960 |60 |(3/2+) |
40 |21 |0 | |4- |182.3 MS 7
40 |21 |34.3 |15 |(3-) |
40 |21 |772.1 |16 |(2-) |
40 |21 |893.5 |20 |(5-) |
40 |21 |1670.7 |19 |(1-&amp;2-) |
40 |21 |1703.2 |22 | |
40 |21 |1797.0 |24 |(3-) |
40 |21 |1871 |3 | |
40 |21 |1933 |3 | |
40 |21 |2285 |8 |1+ |
40 |21 |2370 |4 |(4-) |
40 |21 |2754 |8 |1+ |
40 |21 |2940 |11 |1+ |
40 |21 |3030 | |(3-) |
40 |21 |3144 |17 |1+ |
40 |21 |3230 |60 |1+ |
40 |21 |3337 |17 |1+ |
40 |21 |3418 |60 |1+ |
40 |21 |3494 |8 | |
40 |21 |3656 |9 |1+ |
40 |21 |3790 |9 |1+ |
40 |21 |3864 |41 | |
40 |21 |3.9E3 |1 |(1-,2-) |
40 |21 |4070 |22 |1+ |
40 |21 |4132 |20 |1+ |
40 |21 |4271 |9 |1+ |
40 |21 |4368 |8 |0+ |
40 |21 |4526 |12 |1+ |
40 |21 |4658 |11 |1+ |
40 |21 |4830 |19 |1+ |
40 |21 |4904 |15 | |
40 |21 |5018 |21 |1+ |
40 |21 |5086 |28 |1+ |
40 |21 |5228 |28 | |
40 |21 |5362 |60 |1+ |
40 |21 |5574 |40 |1+ |
40 |21 |5702 |23 |1+ |
40 |21 |6012 |28 |1+ |
40 |21 |6127 |60 |1+ |
40 |21 |6426 |60 |1+ |
40 |21 |7.5E3 |25 |(6-) |
40 |21 |9E3 |3 |(0-,1-,2-) |
41 |21 |0 | |7/2- |596.3 MS 17
41 |21 |1716.45 |8 |3/2- |
41 |21 |2095.9 |5 |3/2+ |
41 |21 |2414.8 |5 |3/2- |
41 |21 |2588.10 |7 |5/2- |
41 |21 |2666.64 |7 |5/2+ |
41 |21 |2719.17 |9 |1/2+ |
41 |21 |2882.47 |6 |7/2+ |
41 |21 |2972.1 |2 |7/2(-) |
41 |21 |3013 |4 |(3/2-,5/2,7/2+) |
41 |21 |3185.1 |2 |(9/2+,5/2-) |
41 |21 |3358.1 |7 |(7/2,9/2,11/2) |
41 |21 |3411.5 |4 |1/2+ |1.80 KEV 18
41 |21 |3465 |4 |1/2- |50 KEV 20
41 |21 |3480 |5 |1/2- |12.0 KEV 15
41 |21 |3562.7 |3 |(1/2,3/2,5/2)+ |
41 |21 |3678 |3 |(3/2-,5/2,7/2-) |
41 |21 |3.69E3 |13 |(1/2,3/2,5/2)+ |
41 |21 |3696.7 |3 |7/2+ |
41 |21 |3731 |3 |1/2- |12.0 KEV 12
41 |21 |3774 |3 |3/2- |0.70 KEV 7
41 |21 |3780.7 |2 |(5/2+) |
41 |21 |3788 |5 |3/2+,5/2+ |0.20 KEV 2
41 |21 |3810 |7 |(1/2,3/2,5/2)+ |
41 |21 |3905 |20 | |
41 |21 |3968 |5 |1/2+ |4 KEV
41 |21 |4022.8 |4 |7/2- |
41 |21 |4030.2 |6 |7/2- |
41 |21 |4245 |4 |5/2+ |
41 |21 |4328 |3 |5/2+ |
41 |21 |4441 |4 |(3/2-,5/2,7/2) |
41 |21 |4504 |4 |3/2+ |1.0 KEV 2
41 |21 |4514 |4 |9/2+ |
41 |21 |4535 |4 |3/2- |12 KEV 3
41 |21 |4644 |4 |1/2- |36 KEV 10
41 |21 |4656 |9 |(1/2,3/2,5/2)+ |
41 |21 |4777 |4 |3/2+ |3 KEV 1
41 |21 |4810 |3 |(5/2-,9/2+) |
41 |21 |4869 |4 |5/2+ |2.0 KEV 5
41 |21 |4929 |5 |(1/2,3/2,5/2)+ |
41 |21 |4947 |4 |5/2+ |1.0 KEV 2
41 |21 |4951 |4 |5/2- |2.0 KEV 4
41 |21 |5011 |3 |7/2- |
41 |21 |5021 |4 |1/2+ |6 KEV 2
41 |21 |5036.8 |5 |9/2+ |0.4 KEV 1
41 |21 |5074 |4 |1/2- |3 KEV 1
41 |21 |5083 |4 |3/2+ |0.7 KEV 2
41 |21 |5143 |4 |3/2- |3 KEV 1
41 |21 |5167 |5 | |
41 |21 |5200 |7 | |
41 |21 |5225 |9 | |
41 |21 |5324 |7 | |
41 |21 |5356 |5 |3/2+ |3 KEV 1
41 |21 |5376 |4 |5/2+ |7 KEV 2
41 |21 |5396 |5 |3/2- |4 KEV 1
41 |21 |5419 |5 |5/2+ |18 KEV 5
41 |21 |5490 |5 |1/2- |12 KEV 4
41 |21 |5494 |5 |1/2+ |1.0 KEV 2
41 |21 |5521 |5 |5/2- |0.5 KEV 2
41 |21 |5535 |4 |3/2- |20 KEV 5
41 |21 |5568 |9 | |
41 |21 |5578 |4 |3/2+,5/2+ |6 KEV 2
41 |21 |5650 |5 |5/2- |3 KEV 1
41 |21 |5691 |5 |1/2- |1.0 KEV 3
41 |21 |5705 |5 |1/2- |12 KEV 4
41 |21 |5709 |5 |5/2- |12 KEV 4
41 |21 |5755 |5 |3/2- |7 KEV 3
41 |21 |5771 |4 |(1/2,3/2,5/2)+ |
41 |21 |5801 |8 | |
41 |21 |5810 |4 | |
41 |21 |5838 |5 |3/2+,5/2+ |8.7 KEV
41 |21 |5861 |15 |5/2- |
41 |21 |5867 |4 |5/2+ |12.3 KEV
41 |21 |5886 |10 |(1/2,3/2,5/2)+ |
41 |21 |5915 |11 | |
41 |21 |5939 |3 |3/2+ |55 EV 5
41 |21 |5971 |5 |5/2-,7/2- |4.2 KEV 20
41 |21 |5986 |5 |3/2- |8.7 KEV
41 |21 |6013 |5 |1/2+ |26.7 KEV
41 |21 |6036 |10 |(1/2,3/2,5/2)+ |
41 |21 |6047 |5 |3/2- |12.1 KEV
41 |21 |6085 |5 |(1/2,3/2,5/2)+ |
41 |21 |6112 |11 | |
41 |21 |6116 |11 | |
41 |21 |6131 |5 |3/2+,5/2+ |2.9 KEV
41 |21 |6148 |5 |5/2+ |2.9 KEV
41 |21 |6203 |5 |3/2- |6.5 KEV
41 |21 |6236 |5 |5/2-,7/2- |8.3 KEV
41 |21 |6259 |5 |(1/2,3/2,5/2)+ |
41 |21 |6314 |5 | |
41 |21 |6326 |5 | |
41 |21 |6335 |5 |1/2+ |27.9 KEV
41 |21 |6361 |5 |5/2+ |2.8 KEV
41 |21 |6399 |5 |3/2+,5/2+ |8.1 KEV
41 |21 |6414 |5 |5/2+ |6.0 KEV
41 |21 |6435 |5 |5/2- |10.4 KEV
41 |21 |6458 |5 |(3/2-) |4.9 KEV
41 |21 |6469 |5 |5/2- |12.1 KEV
41 |21 |6474 |5 |(1/2,3/2,5/2)+ |
41 |21 |6507 |5 | |
41 |21 |6513 |5 |5/2+ |18.8 KEV
41 |21 |6522 |5 | |
41 |21 |6533 |5 |5/2+ |1.3 KEV
41 |21 |6572 |5 |5/2- |4.5 KEV
41 |21 |6585 |5 |1/2- |4.5 KEV
41 |21 |6589 |5 |1/2+ |
41 |21 |6610 |5 |1/2+ |9.5 KEV
41 |21 |6622 |5 |5/2+ |3.2 KEV
41 |21 |6643 |5 | |
41 |21 |6651 |5 |9/2+ |4.0 KEV
41 |21 |6673 |40 |(1/2,3/2,5/2)+ |
41 |21 |6691 |5 |3/2- |3.2 KEV
41 |21 |6700 |5 |5/2+ |6.2 KEV
41 |21 |6730 |5 | |
41 |21 |6741 |5 |5/2+ |7.2 KEV
41 |21 |6752 |5 | |
41 |21 |6772 |5 |(3/2-) |
41 |21 |6783 |5 |5/2- |10.4 KEV
41 |21 |6824 |5 |5/2+ |4.1 KEV
41 |21 |6841 |5 |5/2- |6.3 KEV
41 |21 |6857 |5 |3/2- |9.6 KEV
41 |21 |6872 |5 |(1/2,3/2)- |
41 |21 |6880 |5 |9/2+ |1.3 KEV
41 |21 |6893 |28 |(1/2,3/2,5/2)+ |
41 |21 |6895 |5 |(9/2+) |3.4 KEV
41 |21 |6908 |5 |5/2- |6.9 KEV
41 |21 |6923 |5 |(5/2)- |4.5 KEV
41 |21 |6947 |5 |(1/2,3/2,5/2)+ |1.3 KEV
41 |21 |6970 |5 |5/2+ |20 KEV
41 |21 |6996 |5 |9/2+ |1.3 KEV
41 |21 |7004 |5 |(9/2+) |1.0 KEV LT
41 |21 |7022 |5 | |
41 |21 |7033 |5 |5/2+ |3.2 KEV
41 |21 |7069 |5 |5/2- |9.3 KEV
41 |21 |7078 |5 | |
41 |21 |7107 |5 |5/2+ |19.8 KEV
41 |21 |7113 |5 |(3/2,5/2)- |14.0 KEV
41 |21 |7123 |5 | |7.7 KEV
41 |21 |7142 |5 |5/2+ |12.0 KEV
41 |21 |7177 |5 |1/2-,3/2+,7/2- |
41 |21 |7182 |19 |(1/2,3/2,5/2)+ |
41 |21 |7201 |5 |5/2+ |40 KEV
41 |21 |7206 | | |
41 |21 |7216 | | |
41 |21 |7245 |5 |5/2- |12 KEV
41 |21 |7264 | | |
41 |21 |7279 |5 |5/2+ |9 KEV
41 |21 |7297 |5 |(7/2+) |
41 |21 |7313 | | |
41 |21 |7333 |5 |5/2+ |23 KEV
41 |21 |7338 |5 |5/2- |
41 |21 |7347 |5 |(5/2+) |10 KEV
41 |21 |7352 |5 |(9/2+) |8 KEV
41 |21 |7360 |19 |(1/2,3/2,5/2)+ |
41 |21 |7382 | | |
41 |21 |7396 |5 |(9/2+) |
41 |21 |7406 |5 |(5/2) |
41 |21 |7421 | | |
41 |21 |7469 |5 |(3/2)+ |
41 |21 |7474 |5 | |44 KEV
41 |21 |7489 |5 |(7/2-,9/2+) |
41 |21 |7494 | | |
41 |21 |7523 |5 |(7/2+) |
41 |21 |7538 |5 |3/2(+) |8 KEV
41 |21 |7557 |5 |3/2- |12 KEV
41 |21 |7572 |5 |3/2+ |10 KEV
41 |21 |7606 |5 |(5/2-) |
41 |21 |7617 |38 |(1/2,3/2,5/2)+ |
41 |21 |7640 |5 |(9/2+) |30 KEV
41 |21 |7650 |5 |(5/2+) |
41 |21 |7660 |5 |1/2- |30 KEV
41 |21 |7718 |5 |3/2- |20 KEV
41 |21 |7742 |5 |(3/2+) |
41 |21 |7777 |5 |7/2- |35 KEV
41 |21 |7815 |5 |(1/2) |
41 |21 |7830 |5 |5/2- |33 KEV
41 |21 |7855 |5 |(9/2)+ |27 KEV
41 |21 |7874 |5 |(1/2-) |20 KEV
41 |21 |7894 |5 |(1/2,3/2,5/2)+ |
41 |21 |7903 |5 |(1/2) |
41 |21 |7938 |5 | |
41 |21 |7947 |5 | |
41 |21 |7962 |5 | |
41 |21 |7980 |60 |(1/2,3/2,5/2)+ |
41 |21 |7981 |5 | |
41 |21 |8006 |5 |(3/2-) |25 KEV
41 |21 |8089 |5 |(3/2)- |50 KEV
41 |21 |8147 |5 |(5/2+) |75 KEV
41 |21 |8450 |10 |(9/2+) |
41 |21 |8645 |10 |(9/2+) |
41 |21 |8879 |10 |9/2+ |8 KEV
41 |21 |9128 |10 |9/2+ |18 KEV
41 |21 |9269 |10 |9/2+ |10 KEV
41 |21 |9415 |10 |9/2+ |11 KEV
41 |21 |9513 |10 |9/2+ |15 KEV
41 |21 |9659 |10 |9/2+ |16 KEV
41 |21 |9698 |10 |9/2+ |12 KEV
41 |21 |9815 |10 |9/2+ |13 KEV
41 |21 |10500 | | |
41 |21 |11.10E3 |52 |(9/2+) |
41 |21 |13.4E3 |20 |(7/2+) |
42 |21 |0.0 | |0+ |681.3 MS 7
42 |21 |611.051 |6 |1+ |28 FS 12
42 |21 |616.28 |6 |(7)+ |61.7 S 4
42 |21 |1490.43 |4 |3+ |31 PS 5
42 |21 |1510.10 |6 |(5+) |45 PS 7
42 |21 |1586.31 |2 |2+ |69 FS 21
42 |21 |1704 |15 | |
42 |21 |1846 |2 |(3+) |3.5 NS LT
42 |21 |1873.6 |8 |0+ |70 FS LT
42 |21 |1888.9 |6 |1+ |42 FS LT
42 |21 |2187.54 |5 |(2,3)+ |0.54 PS 24
42 |21 |2222.7 |6 |(1) |87 FS 35
42 |21 |2223.15 |3 |(2+,3+) |0.63 PS 35
42 |21 |2269.13 |3 |(1,2+) |70 FS GT
42 |21 |2296.5 |21 | |
42 |21 |2389.06 |5 |3+ |
42 |21 |2433.33 |8 |(3,4,5)+ |0.14 PS GT
42 |21 |2455 |2 |(1,2+) |0.18 PS 11
42 |21 |2486.59 |13 |2+ |50 FS LT
42 |21 |2507 |5 |(1,2,3)+ |
42 |21 |2535.1 |20 |(1,2+) |0.66 PS 28
42 |21 |2586.8 |17 |(1+:5+) |
42 |21 |2650.98 |8 |(1+,2) |35 FS 21
42 |21 |2669 |5 | |
42 |21 |2726 |15 | |
42 |21 |2795.3 |3 |(5+:9+) |
42 |21 |2815.37 |6 |4+ |35 FS 14
42 |21 |2833.2 |11 |(2+,3,4+) |0.21 PS 11
42 |21 |2847.6 |4 |3+ |0.20 PS 13
42 |21 |2883 |6 | |
42 |21 |2910.4 |4 |(3,4,5)+ |0.8 PS GT
42 |21 |2964 | | |
42 |21 |2995.53 |7 |(3,4,5)+ |0.14 PS GT
42 |21 |3022.80 |15 |(4)- |
42 |21 |3089.1 |3 |5+ |0.21 PS 4
42 |21 |3146 |5 | |
42 |21 |3166 |5 |(3,4,5)+ |
42 |21 |3182 |10 | |
42 |21 |3223.82 |6 |(3+,4,5+) |0.21 PS GT
42 |21 |3242 |4 |(5,6,7)+ |
42 |21 |3281 |4 |(0:7)+ |
42 |21 |3321.36 |10 |(1+,2,3+) |0.14 PS GT
42 |21 |3322.8 |3 |(3+,4,5+) |35 FS LT
42 |21 |3345 |4 | |
42 |21 |3366 |5 | |
42 |21 |3392.7 |11 |(1,2,3)+ |62 FS 49
42 |21 |3446 |5 | |
42 |21 |3468 |5 | |
42 |21 |3493 |5 | |
42 |21 |3512 |5 | |
42 |21 |3529 |5 | |
42 |21 |3580 |4 | |
42 |21 |3602 |5 |(5,6,7)+ |
42 |21 |3668.7 |3 | |
42 |21 |3687.8 |8 |1+ |28 FS LT
42 |21 |3719.3 |4 |(5,6,7)+ |70 FS GT
42 |21 |3754 |5 | |
42 |21 |3775 |5 | |
42 |21 |3796 |5 |3+ |
42 |21 |3855 |5 | |
42 |21 |3866 |5 |1+ |
42 |21 |3887 |6 |(3,4,5)+ |
42 |21 |3933.5 |14 |(1,2,3)+ |52 FS LT
42 |21 |4022 |5 | |
42 |21 |4047.72 |6 |(2,3,4) |14 FS LT
42 |21 |4067 |10 |(3,4,5)+ |
42 |21 |4175 |5 |(3,4,5)+ |
42 |21 |4204 |5 |(2to5)+ |
42 |21 |4246 |5 | |
42 |21 |4262 |5 | |
42 |21 |4276 |5 | |
42 |21 |4289 |5 |(2:5)+ |
42 |21 |4370 |5 | |
42 |21 |4391 |10 |(1,2,3)+ |
42 |21 |4410 |5 |(2:5)+ |
42 |21 |4468.8 |4 |(2,3)+ |
42 |21 |4548 |5 |(2:5)+ |
42 |21 |4582 |5 |(2:5)+ |
42 |21 |4604 |5 | |
42 |21 |4665 |5 |(2:5)+ |
42 |21 |4704 |5 | |
42 |21 |4725 |5 |(2to5)+ |
42 |21 |4755 |5 |(3,4,5)+ |
42 |21 |4790 |7 | |
42 |21 |4808 |5 | |
42 |21 |4828 |5 |(2:5)+ |
42 |21 |4875 |6 |(1,2,3)+ |
42 |21 |4971 |5 | |
42 |21 |5001 |5 |(1,2,3)+ |
42 |21 |5028 |5 | |
42 |21 |5048 |5 |(3,4,5)+ |
42 |21 |5084 |5 | |
42 |21 |5120 |5 |(1,2,3)+ |
42 |21 |5140 |5 | |
42 |21 |5305 |5 | |
42 |21 |5326 |5 | |
42 |21 |5352 |5 | |
42 |21 |5370 |5 | |
42 |21 |5380 |5 | |
42 |21 |5436 |5 | |
42 |21 |5475 |5 | |
42 |21 |5520 |5 | |
42 |21 |5572 |5 | |
42 |21 |5635 |5 |(2:5)+ |
42 |21 |5651 |5 |(2:5)+ |
42 |21 |5771 |5 | |
42 |21 |5810 |10 | |
42 |21 |5865 |5 | |
42 |21 |5966 |5 | |
42 |21 |5995.8 |3 |(3,4)+ |
42 |21 |6050 |30 | |
42 |21 |6076.41 |8 |(1+:4+) |
42 |21 |6090 |10 | |
42 |21 |6174.2 |3 |(3,4)+ |
42 |21 |6180 |10 | |
42 |21 |6253.4 |2 |(3+,4,5+) |
42 |21 |7120 |30 | |
42 |21 |7940 |30 | |
42 |21 |8540 |30 | |
43 |21 |0.0 | |7/2- |3.891 H 12
43 |21 |151.79 |8 |3/2+ |438 US 7
43 |21 |472.60 |14 |3/2- |158 PS 13
43 |21 |845.18 |9 |5/2- |0.15 PS 1
43 |21 |855.65 |25 |1/2+ |22 PS 3
43 |21 |880.64 |8 |5/2+ |4.6 PS 10
43 |21 |1158.76 |24 |3/2+ |4.4 PS 10
43 |21 |1178.98 |22 |3/2- |0.28 PS 11
43 |21 |1337.53 |7 |7/2+ |0.83 PS 35
43 |21 |1408.09 |10 |7/2- |0.19 PS 6
43 |21 |1651.22 |25 |5/2+ |0.18 PS 3
43 |21 |1811.1 |4 |3/2- |16 FS 6
43 |21 |1830.33 |11 |11/2- |0.20 PS 3
43 |21 |1882.8 |3 |(5/2,9/2)- |35 FS 17
43 |21 |1912 |6 | |
43 |21 |1932.55 |9 |9/2+ |2.4 PS 6
43 |21 |1962.89 |20 |(3/2,5/2)- |70 FS 11
43 |21 |2094.8 |3 |3/2- |0.29 PS +8-6
43 |21 |2106.6 |5 |(3/2,5/2) |0.21 PS 7
43 |21 |2114.5 |5 | |
43 |21 |2142.0 |3 |(3/2-,5/2+) |0.19 PS 4
43 |21 |2242.8 |6 |(3/2,5/2,7/2)- |0.19 PS 9
43 |21 |2288.65 |8 |5/2- |21 FS LT
43 |21 |2335.47 |10 |5/2- |28 FS 14
43 |21 |2383.1 |4 |3/2(+) |0.31 PS GT
43 |21 |2458.68 |10 |(5/2,9/2)- |38 FS 14
43 |21 |2553.54 |11 |11/2+ |0.51 PS 7
43 |21 |2580.8 |4 |(5/2) |0.10 PS 3
43 |21 |2606 |10 | |
43 |21 |2635.35 |13 |(11/2)- |0.21 PS 7
43 |21 |2650.5 |16 | |
43 |21 |2657 |10 |1/2+ |
43 |21 |2670.5 |4 |3/2- |
43 |21 |2760.10 |10 |(5/2,7/2,9/2)- |28 FS LT
43 |21 |2795.4 |5 |3/2-,5/2- |0.28 PS 16
43 |21 |2811.1 |6 |(5/2,7/2,9/2) |62 FS LT
43 |21 |2840.7 |5 |(5/2,7/2)+ |
43 |21 |2846.2 |8 | |
43 |21 |2860.8 |4 |(1/2,3/2,5/2)+ |
43 |21 |2874.7 |6 |(5/2)+ |
43 |21 |2930 | |3/2+,5/2+ |
43 |21 |2985.0 |5 |(3/2,5/2) |54 FS 11
43 |21 |2988.12 |12 |15/2- |5.6 PS 7
43 |21 |3123.73 |15 |19/2- |472 NS 4
43 |21 |3142.05 |12 |13/2+ |0.55 PS GT
43 |21 |3159.3 |5 |(3/2-,5/2,7/2+) |0.42 PS LT
43 |21 |3198.2 |10 |(1/2:7/2-) |0.28 PS LT
43 |21 |3260.1 |8 |(7/2,9/2)- |42 FS 25
43 |21 |3292.4 |3 |7/2- |
43 |21 |3326.8 |8 |(3/2-:9/2) |
43 |21 |3332.2 |4 |(3/2-,5/2) |0.13 PS 10
43 |21 |3375.3 |5 |(7/2,9/2)- |62 FS LT
43 |21 |3452.1 |5 |5/2+ |2.1 FS LT
43 |21 |3463.3 |6 |5/2- |
43 |21 |3480 |10 |( 13/2)+ |
43 |21 |3503.2 |6 |7/2- |
43 |21 |3613 |10 | |
43 |21 |3631.7 |10 |(5/2-,7/2-,9/2-) |
43 |21 |3645.6 |5 |(3/2,5/2,7/2-) |
43 |21 |3683.2 |5 |(3/2,5/2,7/2) |
43 |21 |3700 |10 |(5/2to19/2)- |
43 |21 |3734.0 |5 | |
43 |21 |3755.43 |16 |15/2+ |
43 |21 |3756.5 |5 |(3/2-,5/2,7/2+) |
43 |21 |3771 |10 |(3/2:17/2)+ |
43 |21 |3807.2 |4 |7/2- |3.5 FS LT
43 |21 |3843.0 |6 |( 9/2) |
43 |21 |3860.1 |6 |( 7/2) |
43 |21 |3894 |8 | |
43 |21 |3939 |10 |5/2-,7/2- |
43 |21 |3949 |10 |( 13/2)+ |
43 |21 |3959.87 |12 |15/2- |
43 |21 |3985 |10 | |
43 |21 |4007.3 |5 |(3/2,5/2)+ |
43 |21 |4038.8 |6 |7/2- |
43 |21 |4132 |8 |(3/2to17/2)+ |
43 |21 |4158.6 |10 |(9/2,11/2,13/2)- |
43 |21 |4211 |10 |(9/2,13/2)+ |
43 |21 |4236 |8 |7/2- |
43 |21 |4276 |8 | |
43 |21 |4301.2 |5 |(9/2,11/2,13/2+) |
43 |21 |4343 |8 | |
43 |21 |4360 | |(17/2-) |
43 |21 |4371.5 |5 |5/2-,7/2- |
43 |21 |4383 |9 |5/2-,7/2- |
43 |21 |4383.03 |23 |17/2(-) |40 FS 17
43 |21 |4430.2 |5 |(1/2+,3/2,5/2) |
43 |21 |4455.3 |8 |(5/2:9/2) |3.5 FS LT
43 |21 |4511 |8 | |
43 |21 |4555 |10 |(11/2+,13/2-) |
43 |21 |4583 |10 | |
43 |21 |4633.6 |19 |(17/2,21/2) |110 FS LT
43 |21 |4660 |8 |1/2-,3/2- |
43 |21 |4700 | |(15/2+) |
43 |21 |4719 |9 |1/2-,3/2- |
43 |21 |4766 |8 |1/2-,3/2- |
43 |21 |4817 |8 |1/2-,3/2- |
43 |21 |4873 |8 | |
43 |21 |4893 |9 |1/2-,3/2- |
43 |21 |4927 |10 | |
43 |21 |5018 |9 |1/2-,3/2- |
43 |21 |5187 |10 | |
43 |21 |5200 | |(17/2+) |
43 |21 |5231.33 |17 |(17/2+) |
43 |21 |5236 |10 | |
43 |21 |5258 |10 |1/2-,3/2- |
43 |21 |5317 |10 | |
43 |21 |5446 |10 | |
43 |21 |5502 |9 |1/2-,3/2- |
43 |21 |5519.00 |15 |19/2+ |62 FS LT
43 |21 |5530 |10 |1/2-,3/2- |
43 |21 |5641 |9 |1/2-,3/2- |
43 |21 |5719 |9 |1/2-,3/2- |
43 |21 |5793.51 |24 |(15/2,17/2,19/2-) |
43 |21 |5823 |9 | |
43 |21 |5871 |10 | |
43 |21 |5919.4 |4 |3/2 |
43 |21 |5950.5 |3 |(3/2,5/2) |
43 |21 |5977 |12 | |
43 |21 |6033 |9 |1/2-,3/2- |
43 |21 |6060.5 |10 |(5/2) |
43 |21 |6067.23 |14 |19/2- |55 FS 12
43 |21 |6079 |10 | |
43 |21 |6103.2 |3 |(3/2-,5/2+) |
43 |21 |6116 | | |
43 |21 |6127 | | |
43 |21 |6136.2 |3 |3/2 |
43 |21 |6143.4 |3 |3/2- |
43 |21 |6146 |3 |1/2-,3/2- |
43 |21 |6151 |3 |3/2- |
43 |21 |6172.98 |17 |(19/2+) |
43 |21 |6174 | | |
43 |21 |6182 | | |
43 |21 |6184.2 |10 |5/2 |
43 |21 |6190 | | |
43 |21 |6198.1 |4 |(3/2,5/2+) |
43 |21 |6200 | | |
43 |21 |6210 | | |
43 |21 |6211 | | |
43 |21 |6217.4 |3 |(3/2-,5/2+) |
43 |21 |6223 | |1/2+ |
43 |21 |6228 |3 | |
43 |21 |6242 | | |
43 |21 |6247.2 |4 |(3/2,5/2) |
43 |21 |6253 | | |
43 |21 |6262 | | |
43 |21 |6280 |3 | |
43 |21 |6283.49 |17 |(21/2+) |110 FS 38
43 |21 |6286 | | |
43 |21 |6291 | | |
43 |21 |6297 | | |
43 |21 |6312 | | |
43 |21 |6315 | | |
43 |21 |6320.4 |3 |5/2+ |
43 |21 |6348 | | |
43 |21 |6355 | | |
43 |21 |6370 | | |
43 |21 |6374 | | |
43 |21 |6384 |3 | |
43 |21 |6391 | | |
43 |21 |6395 | | |
43 |21 |6403 | | |
43 |21 |6410 | | |
43 |21 |6416 | | |
43 |21 |6417.6 | | |
43 |21 |6426 | | |
43 |21 |6431.04 |17 |23/2+ |16.3 PS 15
43 |21 |6432 | | |
43 |21 |6439 |3 |1/2+ |
43 |21 |6453 | | |
43 |21 |6461 | | |
43 |21 |6469 | | |
43 |21 |6479 | | |
43 |21 |6481 | | |
43 |21 |6493 | | |
43 |21 |6499 | | |
43 |21 |6503 | | |
43 |21 |6508 | | |
43 |21 |6510.7 | |1/2+ |
43 |21 |6515 | | |
43 |21 |6535 | | |
43 |21 |6547 | | |
43 |21 |6551 | | |
43 |21 |6558 | | |
43 |21 |6561.4 | |1/2- |
43 |21 |6564.1 | |1/2+ |
43 |21 |6570.1 | |1/2+ |
43 |21 |6576 | | |
43 |21 |6584 | | |
43 |21 |6596 | | |
43 |21 |6604 | | |
43 |21 |6625 | | |
43 |21 |6630.0 | |1/2- |
43 |21 |6651.0 | |1/2+ |
43 |21 |6665 | | |
43 |21 |6674 | | |
43 |21 |6677.4 | |(1/2-) |
43 |21 |6680 | | |
43 |21 |6684.4 | |1/2+ |
43 |21 |6685.1 |4 |1/2- |
43 |21 |6685.3 | |3/2- |
43 |21 |6694.8 | |1/2- |
43 |21 |6696.2 |3 |5/2 |
43 |21 |6709 |3 |1/2- |
43 |21 |6709.5 | |1/2- |
43 |21 |6713 | | |
43 |21 |6716 | | |
43 |21 |6719 | | |
43 |21 |6730 | | |
43 |21 |6736.6 | |3/2- |
43 |21 |6749 | | |
43 |21 |6759 | | |
43 |21 |6777.3 |3 |5/2 |
43 |21 |6786 | | |
43 |21 |6794 | | |
43 |21 |6795.1 | |1/2- |
43 |21 |6795.4 | |1/2- |
43 |21 |6801 | | |
43 |21 |6811 |10 | |
43 |21 |6814 | | |
43 |21 |6814.5 |19 |(15/2-:23/2-) |94 FS 20
43 |21 |6815.3 | |1/2+ |
43 |21 |6818.42 |17 |(21/2+) |
43 |21 |6827.0 | |3/2- |
43 |21 |6830 | | |
43 |21 |6834 | | |
43 |21 |6846 | | |
43 |21 |6849.7 | |(3/2+) |
43 |21 |6850.8 | |1/2- |
43 |21 |6853.9 | |(3/2+) |
43 |21 |6855.0 | |1/2- |
43 |21 |6859.0 | |(3/2+) |
43 |21 |6861 | | |
43 |21 |6868.2 | |1/2+ |
43 |21 |6871 | | |
43 |21 |6877 | | |
43 |21 |6880.1 | |1/2+ |
43 |21 |6889 | | |
43 |21 |6899.7 | |1/2- |
43 |21 |6906 | | |
43 |21 |6912.4 | |1/2+ |
43 |21 |6918.6 |4 |7/2 |
43 |21 |6920 | | |
43 |21 |6925 | | |
43 |21 |6934 | | |
43 |21 |6936.4 | |1/2+ |
43 |21 |6942 | | |
43 |21 |6943.7 | |1/2- |
43 |21 |6946 | | |
43 |21 |6961 | | |
43 |21 |6966.0 | |(3/2+) |
43 |21 |6971 | | |
43 |21 |6978.9 | |(3/2+) |
43 |21 |6983.6 | |1/2- |
43 |21 |6991 | | |
43 |21 |6996 | | |
43 |21 |6999 | | |
43 |21 |7004 | | |
43 |21 |7013.7 | |(3/2-) |
43 |21 |7022 | | |
43 |21 |7024.7 | |(3/2+) |
43 |21 |7027.7 | |1/2- |
43 |21 |7032.1 | |1/2+ |
43 |21 |7033 | | |
43 |21 |7037.2 | |3/2- |
43 |21 |7042 | | |
43 |21 |7046.4 | |(5/2+) |
43 |21 |7051 | | |
43 |21 |7058 | | |
43 |21 |7063 | | |
43 |21 |7067.5 | |1/2+ |
43 |21 |7072 | | |
43 |21 |7074.9 | |1/2- |
43 |21 |7080 | | |
43 |21 |7085.6 | |1/2- |
43 |21 |7091 | | |
43 |21 |7094.4 | |3/2- |
43 |21 |7099.1 | |1/2+ |
43 |21 |7106.88 |17 |(23/2+) |
43 |21 |7108 | | |
43 |21 |7116.8 | |1/2- |
43 |21 |7118.8 |11 |(15/2,17/2,19/2+) |
43 |21 |7123.4 | |(3/2+) |
43 |21 |7125.0 | |1/2+ |
43 |21 |7127 | | |
43 |21 |7132.3 | |(3/2+) |
43 |21 |7135 | | |
43 |21 |7138.0 | |3/2- |
43 |21 |7140.2 | |1/2+ |
43 |21 |7146 | | |
43 |21 |7150.5 | |(3/2+) |
43 |21 |7154 | | |
43 |21 |7155.8 | |3/2- |
43 |21 |7159 | |3/2+,5/2+ |
43 |21 |7170.2 | |1/2- |
43 |21 |7174 | | |
43 |21 |7176.5 | |(5/2-) |
43 |21 |7180 | | |
43 |21 |7183 | | |
43 |21 |7185.2 | |(3/2+) |
43 |21 |7198 | | |
43 |21 |7211.0 | |(1/2-) |
43 |21 |7214 | | |
43 |21 |7215.3 | |(1/2+) |
43 |21 |7222.9 | |3/2+ |
43 |21 |7227.1 | |(3/2+) |
43 |21 |7231.2 | |1/2- |
43 |21 |7240.8 | |(3/2+) |
43 |21 |7247.5 | |1/2- |
43 |21 |7251.0 | |(3/2+) |
43 |21 |7255.4 | |1/2+ |
43 |21 |7256.8 | |3/2- |
43 |21 |7263 | | |
43 |21 |7266.3 | |(3/2+) |
43 |21 |7269 | | |
43 |21 |7273.5 |7 |(15/2,17/2,19/2+) |
43 |21 |7275 | | |
43 |21 |7281.0 | |(1/2-) |
43 |21 |7285 | | |
43 |21 |7288 | | |
43 |21 |7289.8 | |3/2+ |
43 |21 |7290.9 | |(3/2+) |
43 |21 |7295 | | |
43 |21 |7302 | | |
43 |21 |7305 | | |
43 |21 |7307.6 | |3/2- |
43 |21 |7309.1 | |1/2- |
43 |21 |7311.2 | |(3/2+) |
43 |21 |7313 | | |
43 |21 |7315.8 | |1/2+ |
43 |21 |7326.9 | |1/2- |
43 |21 |7329.5 | |(3/2+) |
43 |21 |7339.4 | |1/2+ |
43 |21 |7344.1 |3 |3/2-,5/2 |
43 |21 |7349 | | |
43 |21 |7354 | | |
43 |21 |7359.16 |17 |(25/2)+ |340 FS 21
43 |21 |7363.5 | |1/2+ |
43 |21 |7365.1 | |1/2- |
43 |21 |7369.7 | |1/2- |
43 |21 |7370.8 | |1/2- |
43 |21 |7373 | | |
43 |21 |7378.5 | |1/2+ |
43 |21 |7380 | |1/2-,3/2- |
43 |21 |7382 | | |
43 |21 |7385.5 | |(5/2-) |
43 |21 |7388 | | |
43 |21 |7390.3 | |1/2+ |
43 |21 |7394.18 |23 |3/2-,5/2+ |
43 |21 |7395.7 | |3/2+ |
43 |21 |7402 | | |
43 |21 |7412.4 | |1/2- |
43 |21 |7414.5 | |(3/2+) |
43 |21 |7419.4 | |3/2- |
43 |21 |7423 | | |
43 |21 |7424.7 | |5/2+ |
43 |21 |7429 | | |
43 |21 |7433 | | |
43 |21 |7439.9 | |5/2+ |
43 |21 |7443 | | |
43 |21 |7445.0 | |1/2+ |
43 |21 |7448.4 | |1/2- |
43 |21 |7450 | | |
43 |21 |7461.7 | |(3/2+) |
43 |21 |7463.7 | |3/2- |
43 |21 |7466 | | |
43 |21 |7471 | | |
43 |21 |7476.6 | |1/2- |
43 |21 |7477.1 | |(5/2+) |
43 |21 |7478.6 | |3/2- |
43 |21 |7483.8 | |(5/2-) |
43 |21 |7492.0 | |1/2+ |
43 |21 |7498 | | |
43 |21 |7502.0 | |(5/2-) |
43 |21 |7508.5 | |3/2- |
43 |21 |7512.3 |4 |(7/2+) |
43 |21 |7513 | | |
43 |21 |7517.6 | |(5/2+) |
43 |21 |7522 | | |
43 |21 |7527.5 | |(3/2-) |
43 |21 |7530 | |1/2-,3/2- |
43 |21 |7536 | | |
43 |21 |7539.1 | |3/2- |
43 |21 |7540.0 | |1/2+ |
43 |21 |7544 | | |
43 |21 |7551 | | |
43 |21 |7557.1 | |(5/2+) |
43 |21 |7559 | | |
43 |21 |7560.2 | |3/2- |
43 |21 |7564.1 | |(3/2+) |
43 |21 |7570.1 | |1/2+ |
43 |21 |7581.4 |4 |(3/2-,5/2,7/2+) |
43 |21 |7586.6 | |1/2- |
43 |21 |7592 | | |
43 |21 |7595.5 | |(3/2+) |
43 |21 |7596.9 | |1/2- |
43 |21 |7599.6 | |1/2+ |
43 |21 |7604.5 | |(3/2+) |
43 |21 |7607 | | |
43 |21 |7611 | | |
43 |21 |7614.2 | |3/2- |
43 |21 |7615.6 | |(1/2-) |
43 |21 |7619.5 | |1/2- |
43 |21 |7620.8 | |(3/2+) |
43 |21 |7624 | | |
43 |21 |7625.8 | |(3/2+) |
43 |21 |7627.1 | |(5/2+) |
43 |21 |7630.7 | |3/2- |
43 |21 |7639.4 | |3/2- |
43 |21 |7644.1 | |(3/2+) |
43 |21 |7646.1 | |(3/2+) |
43 |21 |7659.6 | |3/2- |
43 |21 |7666.6 | |1/2+ |
43 |21 |7668.0 | |1/2+ |
43 |21 |7675.7 | |3/2- |
43 |21 |7683.6 | |(5/2-) |
43 |21 |7693.2 | |1/2- |
43 |21 |7700 | |5/2-,7/2- |
43 |21 |7703.3 | |(5/2+) |
43 |21 |7708.3 | |1/2+ |
43 |21 |7711.1 | |1/2- |
43 |21 |7714.8 | |(5/2-) |
43 |21 |7721.7 | |1/2- |
43 |21 |7733.7 | |(5/2+) |
43 |21 |7738.3 | |1/2- |
43 |21 |7738.5 | |1/2+ |
43 |21 |7744.3 | |3/2- |
43 |21 |7747.3 | |1/2- |
43 |21 |7751.4 | |1/2- |
43 |21 |7754.0 | |(5/2+) |
43 |21 |7760.9 | |(5/2+) |
43 |21 |7761.3 | |1/2- |
43 |21 |7769.4 | |1/2+ |
43 |21 |7784.7 | |(3/2+) |
43 |21 |7785.3 | |(5/2-) |
43 |21 |7797.5 | |(5/2+) |
43 |21 |7803.6 | |1/2+ |
43 |21 |7807.2 | |3/2- |
43 |21 |7807.7 | |1/2- |
43 |21 |7810.8 | |(3/2+) |
43 |21 |7815.6 | |(5/2+) |
43 |21 |7818.6 | |1/2+ |
43 |21 |7819.0 | |1/2+ |
43 |21 |7820.5 | |(5/2+) |
43 |21 |7829.6 | |1/2- |
43 |21 |7830.3 | |3/2- |
43 |21 |7832.0 | |(5/2-) |
43 |21 |7832.8 | |(3/2+) |
43 |21 |7836.2 | |(5/2-) |
43 |21 |7838.0 | |(3/2+) |
43 |21 |7841.4 | |1/2+ |
43 |21 |7844.2 | |3/2- |
43 |21 |7850.5 | |3/2- |
43 |21 |7859.2 | |1/2- |
43 |21 |7859.8 | |1/2- |
43 |21 |7861.6 | |3/2+ |
43 |21 |7868.5 | |3/2- |
43 |21 |7900 | |5/2-,7/2- |
43 |21 |7919 | |3/2+,(5/2+) |
43 |21 |7926 | |1/2-,(3/2-) |
43 |21 |7933 | |1/2+ |
43 |21 |7941 | |1/2+ |
43 |21 |7954 | |1/2-,(3/2-) |
43 |21 |7961 | |1/2-,(3/2-) |
43 |21 |8010.1 |4 |(19/2,21/2,23/2+) |
43 |21 |8014 | |1/2- |
43 |21 |8019 | |(3/2+,5/2+) |
43 |21 |8021 | | |
43 |21 |8027 | | |
43 |21 |8034 | |(3/2+,5/2+) |
43 |21 |8045 | |(3/2+,5/2+) |
43 |21 |8048 | |1/2+ |
43 |21 |8054 | | |
43 |21 |8061 | |1/2- |
43 |21 |8063 | | |
43 |21 |8065 | |3/2-,(1/2-) |
43 |21 |8068 | |3/2- |
43 |21 |8071 | |3/2- |
43 |21 |8074 | |3/2- |
43 |21 |8075 | |9/2+,(7/2+) |
43 |21 |8093 | | |
43 |21 |8111 | |5/2-,7/2- |
43 |21 |8122 | | |
43 |21 |8132 | | |
43 |21 |8139 | | |
43 |21 |8149 | | |
43 |21 |8193 | | |
43 |21 |8380 | |5/2-,7/2- |
43 |21 |8434.37 |17 |23/2(-) |
43 |21 |8555.56 |19 |23/2(-) |
43 |21 |8690 | |5/2-,7/2- |
43 |21 |8703.06 |18 |(25/2+) |
43 |21 |8831.84 |18 |(27/2+) |74 FS 15
43 |21 |8910 | |5/2-,7/2- |
43 |21 |9170 | |5/2-,7/2- |
43 |21 |9218.8 |4 |(21/2-) |
43 |21 |9450 | |5/2-,7/2- |
43 |21 |9578.86 |20 |(27/2+) |
43 |21 |9750 | |5/2-,7/2- |
43 |21 |9995.10 |20 |(25/2-) |
43 |21 |10040 | |5/2-,7/2- |
43 |21 |10084.47 |17 |27/2(-) |
43 |21 |10178.6 |6 |(23/2,25/2,27/2+) |
43 |21 |10230 | |3/2+,5/2+ |
43 |21 |10436.84 |23 |(25/2+) |
43 |21 |10613.21 |19 |(27/2-) |
43 |21 |10750 | |5/2-,7/2- |
43 |21 |10856.18 |19 |(27/2-) |
43 |21 |10910 | |5/2-,7/2- |
43 |21 |11252.0 |4 |(25/2+) |
43 |21 |11260 | |5/2-,7/2- |
43 |21 |11355.60 |23 |27/2(-) |
43 |21 |11560 | |5/2-,7/2- |
43 |21 |11661.0 |5 | |
43 |21 |11807.36 |19 |(29/2-) |
43 |21 |11840 | |1/2-,3/2- |
43 |21 |11920.54 |25 |(25/2+) |
43 |21 |12053.33 |19 |(29/2-) |
43 |21 |12073.15 |21 |(29/2-) |
43 |21 |12090 | |1/2-,3/2- |
43 |21 |12614.84 |19 |(31/2-) |
43 |21 |12703.9 |9 | |
43 |21 |12804.39 |24 |(27/2,29/2) |
43 |21 |13044.65 |22 |(29/2+) |
43 |21 |13116.57 |21 |(31/2-) |
43 |21 |13122.7 |6 | |
43 |21 |13584.1 |4 |(29/2+) |
43 |21 |14405.80 |19 |(33/2-) |
43 |21 |14451.1 |3 |(29/2+) |
43 |21 |14561.2 |3 |(31/2-) |
43 |21 |14914.3 |3 |(31/2) |
43 |21 |15910.7 |3 |(33/2+) |
43 |21 |16703.6 |6 | |
43 |21 |16708.4 |5 | |
43 |21 |16711.2 |6 | |
43 |21 |17767.4 |3 |(35/2) |
43 |21 |17921.1 |4 |(31/2+) |
43 |21 |18196.8 |5 |(35/2-) |
43 |21 |18765.3 |4 |(37/2) |
43 |21 |19208.6 |4 |(37/2+) |
44 |21 |0.0 | |2+ |3.97 H 4
44 |21 |67.8679 |14 |1- |154.8 NS 8
44 |21 |146.1914 |20 |0- |51.0 US 3
44 |21 |234.74 |12 |2- |6.12 NS 23
44 |21 |271.240 |10 |6+ |58.61 H 10
44 |21 |349.85 |9 |4+ |3.12 NS 19
44 |21 |424.81 |8 |3- |378 PS 42
44 |21 |531.28 |12 |3 |4 PS GT
44 |21 |631.04 |10 |4- |404 PS 30
44 |21 |667.0 |8 |1+ |50 FS 12
44 |21 |725 |15 |(1,2)+ |
44 |21 |762.0 |7 |3+ |217 FS 14
44 |21 |829.0 |20 | |
44 |21 |968.32 |14 |7+ |3.5 PS LT
44 |21 |985.5 |9 |3+ |1.4 PS +6-4
44 |21 |1006.4 |5 |4- |6 PS GT
44 |21 |1046.89 |22 | |
44 |21 |1051.6 |7 |3+ |170 FS +55-42
44 |21 |1142 |5 |1+ |
44 |21 |1185.4 |7 |3+ |38 FS 10
44 |21 |1197.48 |9 |5- |2 PS GT
44 |21 |1303 |10 | |
44 |21 |1325.9 |7 |3+ |125 FS 14
44 |21 |1425.9 |5 |2- |42 FS 20
44 |21 |1506.6 |9 |(4,5)+ |
44 |21 |1531.3 |10 |5+ |
44 |21 |1567.2 |9 |3- |
44 |21 |1592.4 |20 |(3,4)+ |
44 |21 |1648.3 |5 |(0to3-) |122 FS 19
44 |21 |1651.6 |5 |(0+to4+) |107 FS 24
44 |21 |1680.4 |5 |(0to3-) |97 FS 23
44 |21 |1683.2 |6 |5 |
44 |21 |1685 |5 |(4,6)- |
44 |21 |1728.0 |5 | |
44 |21 |1755.23 |9 |6- |
44 |21 |1767.4 |5 |2+ |55 FS 12
44 |21 |1769 |3 |(2-,4-) |
44 |21 |1811 |2 |(1,3)+ |
44 |21 |1866 |2 |(3,5)+ |
44 |21 |1903 |2 | |
44 |21 |1957 |5 |(2to5)+ |
44 |21 |1986 |5 |(3,4)- |
44 |21 |2032 |2 | |
44 |21 |2105 |2 | |
44 |21 |2115 |2 | |
44 |21 |2178 |2 | |
44 |21 |2210.5 |5 |6- |
44 |21 |2212 |5 |4- |
44 |21 |2241 |5 |2+ |
44 |21 |2291 |2 |(2to5)+ |
44 |21 |2333 |2 |(1to6)- |
44 |21 |2382 |5 | |
44 |21 |2424 |2 |(2to5)+ |
44 |21 |2474 |10 |(2to5)+ |
44 |21 |2489 |5 |4- |
44 |21 |2524 |3 |(1to6)- |
44 |21 |2556 |10 | |
44 |21 |2584 |3 |(3,4)- |
44 |21 |2606.72 |12 |7- |
44 |21 |2617 |3 |(3,4)- |
44 |21 |2635 |3 | |
44 |21 |2671.73 |17 |9+ |1.7 PS 3
44 |21 |2684 |3 | |
44 |21 |2703 |3 |(2to5)+ |
44 |21 |2751 |10 |(3,4)- |
44 |21 |2779 |3 |0+ |
44 |21 |2789.41 |18 |7 |
44 |21 |2848 |10 | |
44 |21 |2878 |9 | |
44 |21 |2916 |3 |(2,3)+ |
44 |21 |2982 |3 |(3,4)- |
44 |21 |2989.17 |13 |8- |
44 |21 |3001 |3 |(3,4)- |
44 |21 |3035 |10 | |
44 |21 |3051 |10 | |
44 |21 |3073 |8 |(2+to5+) |
44 |21 |3100 |10 |(2+to5+) |
44 |21 |3162 |10 |+ |
44 |21 |3178 |8 | |
44 |21 |3208 |7 | |
44 |21 |3285 |10 |(2+to5+) |
44 |21 |3323 |15 | |
44 |21 |3364.05 |16 |8- |
44 |21 |3368 |14 |(2+to5+) |
44 |21 |3420 |11 |(2+to5+) |
44 |21 |3439 |15 | |
44 |21 |3483 |12 | |
44 |21 |3567.26 |19 |11+ |47.5 PS 17
44 |21 |3568 |6 | |
44 |21 |3626 |10 |(2+to5+) |
44 |21 |3720 | |+ |
44 |21 |3829.04 |13 |9- |
44 |21 |3851 |6 |(2+to5+) |
44 |21 |3900 | |(+) |
44 |21 |3967 |12 |+ |
44 |21 |3975.48 |24 | |
44 |21 |4024 |13 | |
44 |21 |4040 |14 |+ |
44 |21 |4053 |15 | |
44 |21 |4087 |7 |(2+to5+) |
44 |21 |4107.4 |3 |9 |
44 |21 |4114.0 |3 |10+ |0.35 PS LT
44 |21 |4144 |10 |+ |
44 |21 |4185 |10 | |
44 |21 |4254 |11 |(2+to5+) |
44 |21 |4296 |15 |(2+to5+) |
44 |21 |4363 |11 |(2+to5+) |
44 |21 |4391 |14 |(0+to7+) |
44 |21 |4422.2 |6 |9 |
44 |21 |4461 |14 | |
44 |21 |4500 |16 | |
44 |21 |4533 |10 |(2+to5+) |
44 |21 |4540.55 |19 |10- |
44 |21 |4560 | | |
44 |21 |4595 |10 | |
44 |21 |4622 |12 | |
44 |21 |4645 |14 | |
44 |21 |4697 |10 |(2+to5+) |
44 |21 |4746 |14 |(1-to6-) |
44 |21 |4762 |10 | |
44 |21 |4820 |10 |(2+to5+) |
44 |21 |4949.88 |21 |10 |
44 |21 |5012 |15 | |
44 |21 |5277 |10 | |
44 |21 |5336 |6 | |
44 |21 |5358.08 |18 |11- |
44 |21 |5500 | | |
44 |21 |5526 |13 |(0+to7+) |
44 |21 |5553 |11 |(1-to6-) |
44 |21 |5608 |5 | |
44 |21 |5716 |13 | |
44 |21 |6376.70 |23 |12- |0.31 PS 10
44 |21 |6440.6 |3 |12- |80 FS 24
44 |21 |7092.08 |23 |13- |0.20 PS 7
44 |21 |8095.6 |3 |14- |0.18 PS 6
44 |21 |9141.1 |4 |15- |118 FS 21
45 |21 |0.0 | |7/2- |STABLE
45 |21 |12.40 |5 |3/2+ |318 MS 7
45 |21 |376.50 |12 |3/2- |43.3 PS 23
45 |21 |543.06 |14 |5/2+ |5.5 PS 6
45 |21 |720.12 |14 |5/2- |206 FS 16
45 |21 |939.24 |15 |1/2+ |7.3 PS +6-3
45 |21 |974.38 |15 |7/2+ |2.54 PS 23
45 |21 |1067.6 |4 |3/2- |0.28 PS 6
45 |21 |1236.70 |25 |11/2- |1.80 PS 10
45 |21 |1303.18 |15 |3/2+ |2.3 PS +7-4
45 |21 |1354.2 |9 |(11/2-) |
45 |21 |1408.87 |20 |(7/2)- |257 FS +23-18
45 |21 |1433.49 |21 |9/2+ |3.6 PS 18
45 |21 |1472.5 |9 |(7/2+) |
45 |21 |1556.2 |5 |(3/2)- |0.28 PS +12-8
45 |21 |1662.0 |4 |9/2- |98 FS 10
45 |21 |1716 |30 | |
45 |21 |1800.0 |5 |5/2+ |65 FS 15
45 |21 |1900.7 |3 | |
45 |21 |1930.6 |3 |1/2,3/2,5/2+ |
45 |21 |1935.5 |10 | |32 FS +16-11
45 |21 |1935.5 | | |61 FS +22-16
45 |21 |2031.2 |7 |11/2+ |0.76 PS +12-8
45 |21 |2090 | |15/2- |
45 |21 |2093.0 |5 |5/2 |8.3 FS 21
45 |21 |2106.2 |5 | 7/2 |
45 |21 |2106.3 |3 |15/2- |1.4 PS GT
45 |21 |2138.4 |5 |3/2-,5/2 |0.31 PS +9-7
45 |21 |2151.0 |5 |(1/2,3/2,5/2) |60 FS +17-12
45 |21 |2152.0 | | |
45 |21 |2221.8 |5 |(3/2-,5/2) |
45 |21 |2224.2 |5 |5/2+,7/2+ |
45 |21 |2288.5 |6 |(7/2-,9/2) |0.21 PS 7
45 |21 |2303.8 |5 |(5/2-) |55 FS +35-17
45 |21 |2321.5 |10 |3/2-,5/2,7/2+ |45 FS +11-7
45 |21 |2341.0 |4 |(7/2-) |31 FS 7
45 |21 |2352.2 |5 |3/2-,5/2 |
45 |21 |2385 |7 | |
45 |21 |2531.0 |5 |(1/2+,3/2,5/2) |
45 |21 |2563.2 |4 |13/2+ |1.0 PS 3
45 |21 |2590.0 |6 |3/2-,5/2,7/2- |35 FS 8
45 |21 |2601.4 |5 |1/2+,3/2,5/2 |
45 |21 |2634 |7 | |
45 |21 |2700 |7 | |
45 |21 |2747.0 |10 |5/2-,7/2- |
45 |21 |2778.7 |8 |(1/2-,3/2,5/2) |
45 |21 |2860.7 | |(1/2-,3/2,5/2) |
45 |21 |2895.2 |5 |1/2+,3/2,5/2 |7 FS 4
45 |21 |2903.8 |7 |3/2+,5/2+ |
45 |21 |2943 |7 |(5/2)+ |
45 |21 |2960 |30 |(9/2+,11/2-) |
45 |21 |2964.0 |15 |(3/2+,5/2+) |
45 |21 |2979.8 |18 |3/2- |
45 |21 |3025.5 |6 |1/2-,3/2- |
45 |21 |3059 |7 | |
45 |21 |3092.0 |8 |1/2+,3/2,5/2 |
45 |21 |3104 | |(3/2,5/2) |
45 |21 |3111.2 |8 |7/2+ |
45 |21 |3136.3 |7 |5/2-,7/2-,9/2- |
45 |21 |3159.1 |6 | |
45 |21 |3198 |9 | |
45 |21 |3224 |7 | |
45 |21 |3283 |7 |(+) |
45 |21 |3294.9 |8 |15/2+ |0.46 PS 5
45 |21 |3329 |7 |+ |
45 |21 |3349 |7 |(+) |
45 |21 |3363.5 |7 |(15/2-) |
45 |21 |3366.4 |8 |(5/2)- |
45 |21 |3400 |8 |1/2-,3/2- |
45 |21 |3443 |7 |+ |
45 |21 |3457 | |(5/2)- |
45 |21 |3462.1 |8 |5/2-,7/2- |
45 |21 |3475 | |3/2+,5/2+ |
45 |21 |3487.4 |8 |3/2- |
45 |21 |3525.2 |8 |3/2-,5/2 |
45 |21 |3548.5 |8 |1/2+,3/2,5/2,7/2+ |
45 |21 |3569.6 |7 |17/2- |0.07 PS LT
45 |21 |3581 |15 |5/2-,7/2-,9/2- |
45 |21 |3584 |1 |1/2,3/2,5/2+ |
45 |21 |3606 |7 |+ |
45 |21 |3692.9 |4 |19/2- |1.39 PS 14
45 |21 |3714.3 |8 |1/2,3/2,5/2 |13 FS +14-10
45 |21 |3722.3 |10 | |
45 |21 |3776 |13 |(+) |
45 |21 |3864.0 |15 | |
45 |21 |3882 |11 |(1/2-) |
45 |21 |3890 |30 |+ |
45 |21 |3916 |7 |1/2-,3/2- |
45 |21 |3938 |15 |5/2-,7/2-,9/2- |
45 |21 |3982 |7 |3/2+,5/2+ |
45 |21 |4031 |7 |+ |
45 |21 |4034 |11 |5/2-,7/2-,9/2- |
45 |21 |4055.4 |6 |17/2+ |0.28 PS 6
45 |21 |4084.9 |10 |(1/2-,3/2-) |
45 |21 |4129 |7 | |
45 |21 |4178 |11 | |
45 |21 |4244 |11 | |
45 |21 |4307 |13 |- |
45 |21 |4360 |15 |3/2+,5/2+ |
45 |21 |4424 |15 | |
45 |21 |4464 |15 | |
45 |21 |4505 |15 |1/2-,3/2- |
45 |21 |4546 |11 | |
45 |21 |4610 |30 |(13/2-,15/2+) |
45 |21 |4610 |11 | |
45 |21 |4662 |11 |(1/2,3/2) |
45 |21 |4690 |30 |(13/2+,15/2-) |
45 |21 |4713 |15 | |
45 |21 |4739 |15 | |
45 |21 |4774 |15 | |
45 |21 |4801 |15 | |
45 |21 |4824 |11 | |
45 |21 |4869 |15 | |
45 |21 |4895.4 |11 |19/2+ |0.21 PS 4
45 |21 |4919 |11 |(1/2-,3/2-) |
45 |21 |4950 |30 |(17/2+) |
45 |21 |4965 |11 |5/2-,7/2-,9/2- |
45 |21 |5009 |15 | |
45 |21 |5049 |15 | |
45 |21 |5084 |15 | |
45 |21 |5125 |15 | |
45 |21 |5169 |15 | |
45 |21 |5219 |15 | |
45 |21 |5261 |11 | |
45 |21 |5299 |11 | |
45 |21 |5374 |15 | |
45 |21 |5418.3 |7 |23/2- |1.32 PS 14
45 |21 |5419 |15 | |
45 |21 |5444 |15 | |
45 |21 |5504 |15 | |
45 |21 |5516.4 |6 |(19/2-) |
45 |21 |5574 |15 | |
45 |21 |5604 |15 | |
45 |21 |5669 |12 |3/2+,5/2+ |
45 |21 |5696.8 |7 |21/2+ |0.28 PS 14
45 |21 |5710.6 |7 |(21/2-) |
45 |21 |5774 |20 | |
45 |21 |5810 |20 | |
45 |21 |5834 |20 | |
45 |21 |5931 |20 | |
45 |21 |5964 |20 | |
45 |21 |5971 |20 | |
45 |21 |6004 |20 | |
45 |21 |6031 |20 | |
45 |21 |6119 |17 | |
45 |21 |6179 |20 | |
45 |21 |6202 |20 | |
45 |21 |6244 |20 | |
45 |21 |6332 |13 | |
45 |21 |6369 |15 |3/2+,5/2+ |
45 |21 |6438 |12 | |
45 |21 |6476 |15 | |
45 |21 |6551 |15 |5/2-,7/2-,9/2- |
45 |21 |6609 |15 | |
45 |21 |6667 |15 |(5/2-,7/2-,9/2-) |
45 |21 |6683.9 |11 |23/2+ |0.17 PS 4
45 |21 |6699 |15 |7/2- |
45 |21 |6.75E+3 | |3/2+,5/2+ |
45 |21 |6751 |15 |(5/2-,7/2-,9/2-) |
45 |21 |6820 |15 |5/2-,7/2-,9/2- |
45 |21 |7612.6 |7 |(23/2-) |
45 |21 |7.65E+3 | | |
45 |21 |7696.3 |15 | |
45 |21 |7711.0 |18 | |
45 |21 |7712.5 |17 | |
45 |21 |7714.9 |17 | |
45 |21 |7725.0 |17 |3/2(-) |
45 |21 |7774.4 |17 |3/2(+) |
45 |21 |7929.3 |8 |25/2+ |0.07 PS LT
45 |21 |8003.4 |12 |19/2-to27/2- |0.07 PS LT
45 |21 |8111.6 |9 |3/2- |37 EV 9
45 |21 |8118.3 | | |20 EV +8-18
45 |21 |8127.7 |9 |3/2- |23 EV 7
45 |21 |8305.3 |15 | |
45 |21 |8364.4 |9 |25/2+ |0.07 PS LT
45 |21 |8436.1 | |3/2-,5/2 |
45 |21 |8471.3 | |5/2+ |
45 |21 |8475.8 | |(3/2)- |12 EV 5
45 |21 |8484.4 | |(3/2)- |25 EV 7
45 |21 |8491.9 | |3/2- |
45 |21 |8497.7 | |3/2- |80 EV 15
45 |21 |8503.3 | |3/2- |400 EV 40
45 |21 |8509.5 | |3/2- |
45 |21 |8515.9 | |3/2- |60 EV 10
45 |21 |8519.3 | |3/2- |30 EV 7
45 |21 |8528.4 | |(3/2)- |7 EV 5
45 |21 |8529.2 | |(3/2)- |5 EV 3
45 |21 |8533.1 | |3/2- |10 EV 5
45 |21 |8543.2 | |3/2- |10 EV 5
45 |21 |8552.7 | |(1/2)- |10 EV 5
45 |21 |8580.1 | |1/2- |50 EV 10
45 |21 |8591.4 | |(1/2)- |15 EV 5
45 |21 |8606.3 | |5/2 |
45 |21 |8616.1 | |1/2- |40 EV 10
45 |21 |8622.4 |11 |27/2+ |0.19 PS 6
45 |21 |8658.2 | |(1/2)- |26 EV 7
45 |21 |8664.9 | |(1/2)- |5 EV 3
45 |21 |8674.5 | |(1/2)- |15 EV 5
45 |21 |8696.4 | |1/2- |36 EV 7
45 |21 |8711.7 | |(1/2)- |15 EV 5
45 |21 |8716.1 | |(1/2)- |26 EV 7
45 |21 |8735.5 | |1/2- |60 EV 10
45 |21 |8749.2 | |(1/2)- |11 EV 5
45 |21 |8754.5 | |1/2- |100 EV 15
45 |21 |8766.3 | |1/2- |52 EV 10
45 |21 |8794.8 | |1/2- |76 EV 15
45 |21 |8807.5 | |1/2- |35 EV 7
45 |21 |8813.9 | |(1/2)- |21 EV 5
45 |21 |8824.7 | |(1/2)- |11 EV 5
45 |21 |8838.2 | |1/2- |400 EV 40
45 |21 |8844.4 | |1/2- |35 EV 7
45 |21 |8862.8 | |1/2- |175 EV 20
45 |21 |8870.5 | |1/2- |241 EV 25
45 |21 |8885.7 | |1/2- |54 EV 10
45 |21 |8888.4 | |1/2- |351 EV 35
45 |21 |8891.7 | |1/2- |64 EV 10
45 |21 |8908.2 | |1/2- |243 EV 25
45 |21 |8917.2 | |1/2- |36 EV 7
45 |21 |8935.0 | |1/2- |64 EV 10
45 |21 |8947.7 | |(1/2)- |20 EV 5
45 |21 |8948.9 | |(1/2)- |16 EV 5
45 |21 |8961.2 | |1/2- |60 EV 10
45 |21 |8965.3 | |1/2- |31 EV 7
45 |21 |8975.5 |12 |(25/2-) |
45 |21 |8983.5 | |1/2- |49 EV 10
45 |21 |8996.3 | |1/2- |40 EV 10
45 |21 |9017.0 | |(1/2)- |12 EV 5
45 |21 |9164.0 |15 | |
45 |21 |9481.1 |15 | |
45 |21 |10001.1 |16 | |
45 |21 |10007.6 |9 |(27/2-) |
45 |21 |10169.4 |10 |(29/2+) |
45 |21 |10299.2 |15 | |
45 |21 |10936.2 |15 | |
45 |21 |11021.9 |13 |(31/2+) |
45 |21 |11201.2 |11 |(29/2+) |
45 |21 |12142.2 |16 | |
45 |21 |12592.7 |14 |(31/2-) |
45 |21 |13372.5 |14 |(31/2+) |
45 |21 |13674.6 |15 | |
45 |21 |14516.8 |13 |(33/2+) |
45 |21 |15313.3 |16 | |
45 |21 |15702.8 |17 |(35/2-) |
45 |21 |16462.2 |17 |(35/2+) |
46 |21 |0.0 | |4+ |83.79 D 4
46 |21 |52.011 |1 |6+ |9.4 US 8
46 |21 |142.528 |7 |1- |18.75 S 4
46 |21 |227.767 |9 |3+ |270 PS LT
46 |21 |280.701 |13 |5+ |270 PS LT
46 |21 |289.539 |8 |2- |380 PS LT
46 |21 |444.137 |13 |2+ |270 PS LT
46 |21 |584.782 |13 |3- |4 PS 2
46 |21 |627.429 |24 |4- |200 PS LT
46 |21 |774.021 |22 |5+ |
46 |21 |835.092 |22 |4+ |200 PS LT
46 |21 |978 |2 |7+ |
46 |21 |991.33 |4 |1+ |
46 |21 |1006 |6 | |
46 |21 |1088.588 |23 |4+ |
46 |21 |1121 |12 | |
46 |21 |1124.23 |3 |4- |1.1 PS 2
46 |21 |1142 |4 |3-,4- |
46 |21 |1270.46 |3 |4- |
46 |21 |1289 |12 | |
46 |21 |1298 |5 | |
46 |21 |1321.12 |3 |3+,(4+) |
46 |21 |1394.18 |4 |2+ |
46 |21 |1427.90 |4 |3+,4+,(2+) |
46 |21 |1429 |4 |2- |
46 |21 |1438 |4 |3-,4- |
46 |21 |1526.74 |5 |(2-,3,4+) |
46 |21 |1642.68 |3 |4- |
46 |21 |1676 |4 | |
46 |21 |1692.2 |3 |3- |
46 |21 |1707.83 |5 |2- |
46 |21 |1752 |4 |2+,4+,6+ |
46 |21 |1763.24 |11 |2+,3+,4+ |
46 |21 |1799.44 |7 |2+,3+ |
46 |21 |1825 |4 | |
46 |21 |1852 |2 |1+ |
46 |21 |1886.06 |8 |3+,(2+) |
46 |21 |1919.88 |4 |3+ |
46 |21 |1921.10 |5 | |
46 |21 |2043.45 |4 |3-,(2-) |
46 |21 |2062.25 |5 |(4)- |
46 |21 |2070.31 |9 |(3)+ |
46 |21 |2084.47 |13 | |
46 |21 |2114.13 |7 |3,4,(2) |
46 |21 |2119.30 |6 |3+,4+ |
46 |21 |2184.9 |10 | |
46 |21 |2203.14 |6 |3- |
46 |21 |2221.71 |11 |2+ |
46 |21 |2252.80 |11 | |
46 |21 |2291.84 |15 | |
46 |21 |2302.58 |11 |2+,3+,(4+) |
46 |21 |2330.19 |19 | |
46 |21 |2366.75 |21 | |
46 |21 |2375.28 |19 | |
46 |21 |2395.97 |9 | |
46 |21 |2410.45 |4 |3+ |
46 |21 |2431.17 |15 |(4+,5+) |
46 |21 |2442.30 |4 |3+ |
46 |21 |2451.11 |12 | |
46 |21 |2459.64 |9 | |
46 |21 |2486.3 |10 | |
46 |21 |2494.48 |10 | |
46 |21 |2521.67 |13 | |
46 |21 |2534 |4 | |
46 |21 |2558.91 |14 |4+ |
46 |21 |2568.06 |10 |3+,4+ |
46 |21 |2589.99 |5 |3-,4- |
46 |21 |2643.05 |18 |3-,4-,(2-) |
46 |21 |2662.72 |10 | |
46 |21 |2694.57 |13 | |
46 |21 |2705.24 |6 |3+ |
46 |21 |2714.09 |9 | |
46 |21 |2733 |8 |2+ |
46 |21 |2760 |8 | |
46 |21 |2783.02 |10 |3-,4- |
46 |21 |2815 |6 |1+ |
46 |21 |2833.94 |22 | |
46 |21 |2855.98 |11 |2,3,4 |
46 |21 |2863.34 |7 |2+,(3+) |
46 |21 |2890.65 |18 | |
46 |21 |2940.19 |11 |3-,4- |
46 |21 |2956.71 |11 | |
46 |21 |2979.67 |8 |3+,4+ |
46 |21 |3002.36 |19 | |
46 |21 |3017.06 |7 |(3+,4+) |
46 |21 |3032.02 |13 | |
46 |21 |3056.94 |17 | |
46 |21 |3081.65 |16 | |
46 |21 |3094.66 |9 |3+,4+,(2+) |
46 |21 |3116 |15 |1+ |
46 |21 |3136.32 |9 |3-,4- |
46 |21 |3176.54 |10 |4+ |
46 |21 |3191.81 |12 |(2-,3+) |
46 |21 |3204.94 |11 | |
46 |21 |3229.84 |17 |2+,3+,4+ |
46 |21 |3242 |5 |0+,1+ |
46 |21 |3260.40 |15 | |
46 |21 |3278.76 |10 |2+,3+ |
46 |21 |3314.10 |7 |4+ |
46 |21 |3338 |11 | |
46 |21 |3381.48 |12 | |
46 |21 |3396.67 |14 |2+,3+,(4+) |
46 |21 |3414.32 |10 |2+,3+,4+ |
46 |21 |3424.54 |8 |3+,(4+) |
46 |21 |3443.28 |14 |2+,3+,4+ |
46 |21 |3474.22 |8 |3+,4+,(2+) |
46 |21 |3493.24 |7 |2+ |
46 |21 |3512 |6 | |
46 |21 |3550.31 |13 |2+,3+,4+ |
46 |21 |3597.07 |10 |2+,3+,4+ |
46 |21 |3605.26 |25 | |
46 |21 |3620.43 |20 | |
46 |21 |3631.97 |14 |2+,3+,4+,5+ |
46 |21 |3654.77 |16 | |
46 |21 |3675.47 |8 |2+,3+,4+ |
46 |21 |3707.38 |16 |3+,4+,(2+) |
46 |21 |3721.42 |20 | |
46 |21 |3766.70 |9 |3+ |
46 |21 |3785.36 |8 |4+ |
46 |21 |3813.81 |22 | |
46 |21 |3841.11 |14 |3+,4+ |
46 |21 |3868.62 |12 | |
46 |21 |3876.65 |12 |3+,4+ |
46 |21 |3937.29 |11 | |
46 |21 |3945.3 |4 | |
46 |21 |3961 |6 | |
46 |21 |3983 |6 | |
46 |21 |4008 |6 | |
46 |21 |4039.69 |9 | |
46 |21 |4074.67 |25 | |
46 |21 |4081.12 |17 | |
46 |21 |4103.8 |3 | |
46 |21 |4131.90 |13 | |
46 |21 |4142.61 |9 | |
46 |21 |4186 |7 |0+,1+ |
46 |21 |4200 |7 | |
46 |21 |4229 |7 | |
46 |21 |4249 |7 | |
46 |21 |4261.46 |9 | |
46 |21 |4294.65 |14 | |
46 |21 |4319.09 |16 | |
46 |21 |4330 |7 | |
46 |21 |4350 |7 | |
46 |21 |4362 |10 | |
46 |21 |4383.08 |10 | |
46 |21 |4399 |7 | |
46 |21 |4414 |10 | |
46 |21 |4432.77 |18 | |
46 |21 |4447.83 |21 | |
46 |21 |4467.08 |15 | |
46 |21 |4498 |7 | |
46 |21 |4522.75 |10 | |
46 |21 |4528.54 |14 | |
46 |21 |4560 |7 | |
46 |21 |4575 |7 | |
46 |21 |4587.16 |9 | |
46 |21 |4606.43 |9 | |
46 |21 |4649 |7 | |
46 |21 |4666 |7 | |
46 |21 |4694.59 |11 | |
46 |21 |4701.03 |8 | |
46 |21 |4719.64 |17 | |
46 |21 |4732 |7 | |
46 |21 |4754.3 |1 | |
46 |21 |4761.07 |12 | |
46 |21 |4776 |7 |1+ |
46 |21 |4787.27 |12 | |
46 |21 |4794 |7 |3-,4- |
46 |21 |4818 |7 | |
46 |21 |4846 |7 | |
46 |21 |4873.4 |5 | |
46 |21 |4882.57 |11 | |
46 |21 |4896 |7 | |
46 |21 |4927 |7 | |
46 |21 |4961.45 |10 | |
46 |21 |4972 |7 | |
46 |21 |5010 |7 | |
46 |21 |5022 |5 |0+ |
46 |21 |5049.44 |17 | |
46 |21 |5061 |8 | |
46 |21 |5092.96 |12 | |
46 |21 |5113 |8 | |
46 |21 |5135 |8 | |
46 |21 |5149 |8 |3-,4- |
46 |21 |5165 |8 | |
46 |21 |5192 |8 | |
46 |21 |5207 |8 | |
46 |21 |5235 |8 | |
46 |21 |5250 |8 | |
46 |21 |5272 |8 | |
46 |21 |5301.83 |11 | |
46 |21 |5327 |8 | |
46 |21 |5346.16 |13 |3-,4- |
46 |21 |5364 |8 | |
46 |21 |5376 |8 | |
46 |21 |5388 |8 | |
46 |21 |5404 |8 | |
46 |21 |5427 |12 | |
46 |21 |5445 |8 | |
46 |21 |5465 |8 | |
46 |21 |5491 |12 | |
46 |21 |5514 |8 | |
46 |21 |5541.5 |4 | |
46 |21 |5563 |8 |3-,4- |
46 |21 |5595 |8 | |
46 |21 |5620 |8 | |
46 |21 |5644 |12 | |
46 |21 |5659 |8 | |
46 |21 |5694 |8 | |
46 |21 |5727 |8 | |
46 |21 |5753 |8 | |
46 |21 |5772 |8 | |
46 |21 |5796 |8 | |
46 |21 |5814 |8 | |
46 |21 |5837 |8 | |
46 |21 |5878 |8 | |
46 |21 |5908 |8 | |
46 |21 |5928 |8 | |
46 |21 |5955 |8 | |
46 |21 |5979 |8 | |
46 |21 |6004 |12 | |
46 |21 |6037 |14 | |
46 |21 |6061 |14 | |
46 |21 |6083 |14 | |
46 |21 |6110 |14 | |
46 |21 |6134 |14 | |
46 |21 |6145 |14 | |
46 |21 |6159 |14 | |
46 |21 |6191 |14 | |
46 |21 |6230 |30 | |
46 |21 |6253 |14 | |
46 |21 |6276 |14 | |
46 |21 |6295 |14 | |
46 |21 |6327 |14 | |
46 |21 |6362 |14 | |
46 |21 |6380 |14 | |
46 |21 |6405 |14 | |
46 |21 |6429 |14 | |
46 |21 |6454 |14 | |
46 |21 |6469 |14 | |
46 |21 |6482 |14 | |
46 |21 |6497 |14 | |
46 |21 |6525 |14 | |
46 |21 |6549 |14 | |
46 |21 |6568 |14 | |
46 |21 |6593 |14 | |
46 |21 |6612 |14 | |
46 |21 |6650 |14 | |
46 |21 |6682 |14 | |
46 |21 |6698 |14 | |
46 |21 |6728 |14 | |
46 |21 |6762 |14 | |
46 |21 |6810 |14 | |
46 |21 |6853 |14 | |
46 |21 |6874 |14 | |
47 |21 |0.0 | |7/2- |3.3492 D 6
47 |21 |766.83 |9 |(3/2)+ |272 NS 8
47 |21 |807.89 |8 |3/2- |15 PS 4
47 |21 |1123 |12 | |
47 |21 |1145 |2 | |
47 |21 |1146.99 |4 |11/2- |3.2 PS 11
47 |21 |1297.12 |8 |5/2- |62 FS 21
47 |21 |1316 |3 | |
47 |21 |1391.3 |3 |1/2+ |9 PS 3
47 |21 |1404.4 |3 |5/2+ |0.97 PS 28
47 |21 |1639 |12 | |
47 |21 |1717 |12 | |
47 |21 |1745 |20 | |
47 |21 |1797.6 |3 |3/2,5/2-,7/2- |0.21 PS 6
47 |21 |1798 |6 |1/2+ |
47 |21 |1857.1 |3 |5/2-,7/2(+) |0.30 PS 6
47 |21 |1878.2 |7 |9/2- |0.12 PS 6
47 |21 |2002.3 |3 |3/2+ |0.40 PS 9
47 |21 |2148.2 |5 | |2 PS GT
47 |21 |2207.5 |3 |(7/2-) |0.08 PS 4
47 |21 |2232 |5 |7/2- |
47 |21 |2381.3 |8 |5/2+ |0.17 PS LT
47 |21 |2408.6 |16 |7/2-,9/2 |0.21 PS 11
47 |21 |2410.3 |10 | |
47 |21 |2499.4 |7 |7/2- |0.15 PS LT
47 |21 |2529.4 |9 |1/2+ |0.21 PS LT
47 |21 |2641.9 |5 | |0.32 PS 6
47 |21 |2650 |2 | |
47 |21 |2810 |2 |1/2-,3/2- |
47 |21 |2836 |2 |1/2-,3/2- |
47 |21 |2909 |2 | |
47 |21 |2941 |2 | |
47 |21 |3070 |7 | |
47 |21 |3102 |2 |- |
47 |21 |3135 |8 |(-) |
47 |21 |3205 |2 |1/2-,3/2- |
47 |21 |3250 |5 |7/2- |
47 |21 |3256 |3 |1/2-,3/2- |
47 |21 |3262 |2 |1/2-,3/2- |
47 |21 |3290 |2 | |
47 |21 |3302.5 |10 | |0.07 PS 3
47 |21 |3320 | | |
47 |21 |3413 |2 |- |
47 |21 |3484 |4 |(-) |
47 |21 |3537 |4 |7/2- |
47 |21 |3576 |2 | |
47 |21 |3656 |2 | |
47 |21 |3728 |2 | |
47 |21 |3804 |4 |3/2+,5/2+ |
47 |21 |3860 |5 |1/2+ |
47 |21 |3867.0 |11 | |0.21 PS 6
47 |21 |3958 |5 |3/2+,5/2+ |
47 |21 |4008 |6 |- |
47 |21 |4019 |2 | |
47 |21 |4031 |5 |5/2-,7/2- |
47 |21 |4085 |2 |3/2- |
47 |21 |4099 |2 | |
47 |21 |4111 |3 | |
47 |21 |4191 |2 | |
47 |21 |4257 |3 | |
47 |21 |4275 |5 |1/2-,3/2- |
47 |21 |4291 |7 | |
47 |21 |4355 |2 |7/2- |
47 |21 |4378 |5 |1/2-,3/2- |
47 |21 |4389 |5 |3/2+,5/2+ |
47 |21 |4408 |2 | |
47 |21 |4475 |2 | |
47 |21 |4505 |9 | |
47 |21 |4515 |5 |1/2-,3/2- |
47 |21 |4553 |2 |3/2+,5/2+ |
47 |21 |4609 |2 |1/2+ |
47 |21 |4617 |3 |7/2- |
47 |21 |4631 |2 |1/2-,3/2- |
47 |21 |4690 |2 | |
47 |21 |4721 |2 | |
47 |21 |4753 |7 | |
47 |21 |4792 |2 | |
47 |21 |4802 |2 | |
47 |21 |4810 |5 |7/2- |
47 |21 |4817 |5 |3/2+,5/2+ |
47 |21 |4831 |2 | |
47 |21 |4860 |7 | |
47 |21 |4908 |10 |5/2-,7/2- |
47 |21 |4956 |2 | |
47 |21 |4998 |2 | |
47 |21 |5030 |10 |1/2-,3/2- |
47 |21 |5050 |8 | |
47 |21 |5108 |6 | |
47 |21 |5151 |2 |- |
47 |21 |5252 |3 | |
47 |21 |5306 |5 | |
47 |21 |5317 |7 |7/2- |
47 |21 |5319 |10 |1/2-,3/2- |
47 |21 |5361 |5 | |
47 |21 |5381 |3 |7/2- |
47 |21 |5415 |10 |1/2-,3/2- |
47 |21 |5473 |5 | |
47 |21 |5509 |2 | |
47 |21 |5525 |10 |1/2-,3/2- |
47 |21 |5542 |6 | |
47 |21 |5561 |4 |7/2- |
47 |21 |5571 |7 |1/2-,3/2- |
47 |21 |5600 |2 | |
47 |21 |5659 |6 | |
47 |21 |5685 |4 | |
47 |21 |5719 |4 | |
47 |21 |5760 |6 | |
47 |21 |5824 |2 |1/2-,3/2- |
47 |21 |5855 |3 | |
47 |21 |5893 |4 |- |
47 |21 |5946 |4 |3/2+,5/2+ |
47 |21 |5987 |9 | |
47 |21 |6010 |6 |7/2- |
47 |21 |6040 |10 |3/2+,5/2+ |
47 |21 |6096 |5 |7/2- |
47 |21 |6133 |9 | |
47 |21 |6184 |3 | |
47 |21 |6223 |5 | |
47 |21 |6262 |8 |7/2- |
47 |21 |6339 |3 | |
47 |21 |6361 |4 | |
47 |21 |6383 |2 | |
47 |21 |6410 |2 | |
47 |21 |6441 |6 | |
47 |21 |6486 |3 | |
47 |21 |6523 |5 |1/2-,3/2- |
47 |21 |6546 |5 | |
47 |21 |6584 |2 | |
47 |21 |6621 |8 | |
47 |21 |6686 |7 | |
47 |21 |6724 |2 | |
47 |21 |6786 |7 | |
47 |21 |6801 |4 | |
47 |21 |6863 |3 | |
47 |21 |6876 |6 | |
47 |21 |6964 |5 |3/2+,5/2+ |
47 |21 |7117 |5 | |
47 |21 |7427 |6 | |
47 |21 |7523 |10 |1/2-,3/2- |
47 |21 |7683 |7 | |
47 |21 |7807 |5 | |
47 |21 |8.40E+3 | |(7/2-) |
47 |21 |10304.9 |23 |(3/2-) |
47 |21 |10307.3 |23 |(3/2-) |
47 |21 |10309.8 |23 |(3/2-) |
48 |21 |0.0 | |6+ |43.67 H 9
48 |21 |130.94 |4 |5+ |
48 |21 |252.35 |6 |4+ |
48 |21 |388 |20 | |
48 |21 |622.64 |8 |3+ |
48 |21 |1096 |2 |7+ |
48 |21 |1142.57 |16 |2+ |
48 |21 |1401.69 |16 |2- |
48 |21 |1432 |15 | |
48 |21 |1891.06 |20 |3- |
48 |21 |2064.1 |5 |5+ |
48 |21 |2103.6 |3 |4- |
48 |21 |2165 |2 |4-,5- |
48 |21 |2190.46 |21 |3+ |
48 |21 |2196 |15 |(5+) |
48 |21 |2.20E+3 |2 |1+ |
48 |21 |2202 |15 |(2,3)+ |
48 |21 |2275.48 |24 |2+ |
48 |21 |2310 |7 | |
48 |21 |2390 |20 |2+ |
48 |21 |2390.7 |6 |3,4 |
48 |21 |2517.3 |4 |1+ |
48 |21 |2560.2 |5 |(3-) |
48 |21 |2619.6 |6 |(4,5) |
48 |21 |2626 |2 | |
48 |21 |2640.1 |4 |1,2- |
48 |21 |2670.3 |3 |1-,2- |
48 |21 |2729.0 |8 |(4+,5+) |
48 |21 |2739 |10 |2- |
48 |21 |2783.3 |4 |2+ |
48 |21 |2811.2 |4 |1,2,3 |
48 |21 |2891.3 |4 |2(-),3(-) |
48 |21 |2924.0 |5 |2,3 |
48 |21 |2973 |3 | |
48 |21 |2980.8 |3 |1+ |
48 |21 |3026.2 |3 |(2,3) |
48 |21 |3056.5 |3 |1+ |
48 |21 |3149.9 |4 |1+ |
48 |21 |3151 |15 |(3+) |
48 |21 |3216.1 |6 | 3 |
48 |21 |3219 | |(4+) |
48 |21 |3258 |6 | |
48 |21 |3289 |15 |(5+) |
48 |21 |3295.6 |6 | 4 |
48 |21 |3301.9 |3 | 3 |
48 |21 |3327.8 |4 |(4-) |
48 |21 |3353 |10 | |
48 |21 |3372 |5 | |
48 |21 |3392 |4 | |
48 |21 |3438 |17 | |
48 |21 |3480 |4 |3,4+ |
48 |21 |3496 |5 |2-,1- |
48 |21 |3520 |4 |(2,3)+ |
48 |21 |3568 |4 | |
48 |21 |3619 |5 | |
48 |21 |3650 |10 | |
48 |21 |3671 |4 | |
48 |21 |3690 |5 | |
48 |21 |3711 |4 |1+ |
48 |21 |3742 |3 | |
48 |21 |3776 |4 | |
48 |21 |3806 |4 | |
48 |21 |3838 |7 | |
48 |21 |3879 |8 | |
48 |21 |3957 |5 | |
48 |21 |3974 |5 | |
48 |21 |3988 |5 | |
48 |21 |4024 |5 | |
48 |21 |4064 |4 | |
48 |21 |4091 |5 | |
48 |21 |4141 |4 | |
48 |21 |4174 |11 |(3+) |
48 |21 |4175 |15 |1+ |
48 |21 |4236 |15 | |
48 |21 |4288 |5 |1+ |
48 |21 |4322 |20 |1+,0+ |
48 |21 |4396 |8 | |
48 |21 |4437 |13 | |
48 |21 |4560 |12 | |
48 |21 |4676 |11 |1+ |
48 |21 |4735 |15 | |
48 |21 |4778 |15 |1+ |
48 |21 |4862 |15 |(2,3)+ |
48 |21 |5016 |13 |(2,3)+ |
48 |21 |5202 |12 |(2,3)+ |
48 |21 |5333 |12 |(2,3)+ |
48 |21 |5454 |32 |1+ |
48 |21 |5512 |20 |2+,3+ |
48 |21 |5591 |17 |2+,3+ |
48 |21 |5742 |15 |1+ |
48 |21 |5.88E+3 | | |
48 |21 |5975 |25 | |
48 |21 |5.99E+3 | | |
48 |21 |6187 |25 | |
48 |21 |6242 |15 |2+,3+ |
48 |21 |6677.5 |21 |0+ |
48 |21 |6832 |20 |1+,2+,3+ |
48 |21 |6952 |15 |1+,2+,3+ |
48 |21 |7.78E+3 |AP | |
48 |21 |10.6E+3 |AP | |
48 |21 |13.8E+3 |5 | |2.2E+3 KEV 5
48 |21 |16.81E+3 |5 |(1+) |
48 |21 |17.8E+3 |10 | |6.03E3 KEV 10
49 |21 |0.0 | |7/2- |57.18 M 13
49 |21 |2228.63 |22 |1/2+ |29.9 NS 11
49 |21 |2371.82 |22 |3/2+ |1.40 NS 9
49 |21 |3084.52 |10 |3/2- |48 FS 29
49 |21 |3300 | | |
49 |21 |3516.7 |4 |3/2- |
49 |21 |3521.7 |7 | |
49 |21 |3550 | |(3/2+,5/2+) |
49 |21 |3581 |10 |7/2- |
49 |21 |3755 |8 |3/2+,5/2+ |
49 |21 |3808.8 |5 |7/2- |21 FS 19
49 |21 |3914.9 |8 |(9/2-) |
49 |21 |3951 |10 | |
49 |21 |3991.0 |9 |1/2+ |0.7 NS GE
49 |21 |4046.5 |8 |(9/2-) |
49 |21 |4072.04 |10 |5/2- |28 FS 14
49 |21 |4192 |10 |(11/2-) |
49 |21 |4220 |8 | |
49 |21 |4239.6 |13 | |
49 |21 |4267 |10 |(15/2-) |
49 |21 |4285 |8 |(5/2+) |
49 |21 |4332.2 |10 |5/2- |
49 |21 |4426 |10 | |
49 |21 |4459 |10 | |
49 |21 |4493.44 |22 |1/2- |23 FS LE
49 |21 |4579 |8 |1/2-,3/2- |
49 |21 |4714.8 |8 |1/2-,3/2- |
49 |21 |4738.45 |20 |5/2- |14 FS LE
49 |21 |4810 |8 |5/2-,7/2- |
49 |21 |4948 |8 |(1/2-,3/2-) |
49 |21 |4987 |10 |(3/2+,5/2+) |
49 |21 |5015 |8 |1/2-,3/2- |
49 |21 |5022 |10 |(1/2+) |
49 |21 |5030 | |3/2- |
49 |21 |5077 |8 |5/2- |
49 |21 |5142 |10 | |
49 |21 |5229 |10 |(9/2-,11/2-) |
49 |21 |5230 |8 |3/2+,5/2+ |
49 |21 |5269 |10 | |
49 |21 |5376.3 |5 |5/2- |21 FS 10
49 |21 |5438 |8 | |
49 |21 |5460 |10 | |
49 |21 |5562 |10 |(9/2-,11/2-) |
49 |21 |5578 |8 |3/2+,5/2+ |
49 |21 |5632 |10 |(17/2+) |
49 |21 |5663 |8 |3/2- |
49 |21 |5735 |10 |(15/2-) |
49 |21 |5815 |8 |1/2- |
49 |21 |5845 |8 | |
49 |21 |5930 | | |
49 |21 |5979 |10 | |
49 |21 |6010.7 |11 | |50 FS LE
49 |21 |6014 |20 | |
49 |21 |6069 |20 |(3/2+,5/2+) |
49 |21 |6180 |20 |3/2+,5/2+ |
49 |21 |6212 |10 | |
49 |21 |6250 |20 |(7/2+) |
49 |21 |6266 |20 | |
49 |21 |6306 |2 |5/2- |
49 |21 |6330 |10 | |
49 |21 |6415.5 |4 |7/2- |21 FS 9
49 |21 |6451 |10 | |
49 |21 |6504.5 |5 |3/2 |
49 |21 |6527 |20 | |
49 |21 |6624 |10 | |
49 |21 |6685 |20 | |
49 |21 |6728 |2 |3/2- |
49 |21 |6745 |10 | |
49 |21 |6816 |20 |1/2-,3/2- |
49 |21 |6829 |10 |5/2-,7/2- |
49 |21 |6867 |10 | |
49 |21 |6910 |20 |(1/2+) |
49 |21 |6917 |10 | |
49 |21 |6939 |10 | |
49 |21 |6985.8 |4 |5/2- |14 FS LE
49 |21 |7026 |20 |1/2-,3/2- |
49 |21 |7041 |10 | |
49 |21 |7059 |20 |7/2+,9/2+ |
49 |21 |7062.5 |5 |1/2- |
49 |21 |7151 |20 |5/2-,7/2- |
49 |21 |7172 |10 | |
49 |21 |7186 |20 |(7/2+,9/2+) |
49 |21 |7193 |2 |5/2 |
49 |21 |7228.8 |6 |5/2 |
49 |21 |7253 |20 |1/2-,3/2- |
49 |21 |7293 |10 | |
49 |21 |7320 |20 |1/2-,3/2- |
49 |21 |7342 |20 |5/2-,7/2- |
49 |21 |7375 |20 |5/2-,7/2- |
49 |21 |7421 |20 |5/2-,7/2- |
49 |21 |7442 |20 |1/2-,3/2- |
49 |21 |7483 |20 |5/2-,7/2- |
49 |21 |7500 |20 |1/2-,3/2- |
49 |21 |7529 |20 |(7/2+,9/2+) |
49 |21 |7583 |20 |(3/2+,5/2+) |
49 |21 |7653 |20 |1/2-,3/2- |
49 |21 |7678 |20 |(7/2+,9/2+) |
49 |21 |7723 |20 |1/2-,3/2- |
49 |21 |7746 |20 |(7/2+,9/2+) |
49 |21 |7795 |20 |(7/2+,9/2+) |
49 |21 |7832 |20 |1/2-,3/2- |
49 |21 |7890 |20 |1/2-,3/2- |
49 |21 |7940 |20 | |
49 |21 |7998 |20 |1/2-,3/2- |
49 |21 |8029 |20 | |
49 |21 |8094 |20 |1/2-,3/2- |
49 |21 |8147 |20 |1/2-,3/2- |
49 |21 |8177 |20 |(7/2+,9/2+) |
49 |21 |8200 |20 |1/2-,3/2- |
49 |21 |8246 |20 | |
49 |21 |8289 |20 |1/2-,3/2- |
49 |21 |8330 |20 |5/2-,7/2- |
49 |21 |8355 |20 |1/2-,3/2- |
49 |21 |8434 |20 |1/2-,3/2- |
49 |21 |8465 |20 |5/2-,7/2- |
49 |21 |8625 |20 | |
49 |21 |8693 |20 |3/2+,5/2+ |
49 |21 |8721 |20 |1/2-,3/2- |
49 |21 |8751 |20 | |
49 |21 |8781 |20 |1/2-,3/2- |
49 |21 |8813 |20 |1/2-,3/2- |
49 |21 |8848 |20 |1/2-,3/2- |
49 |21 |8900 |20 |3/2+,5/2+ |
49 |21 |8929 |20 |5/2-,7/2- |
49 |21 |8971 |20 |(7/2+,9/2+) |
49 |21 |9008 |20 |3/2+,5/2+ |
49 |21 |9066 |20 |5/2-,7/2- |
49 |21 |9117 |20 |3/2+,5/2+ |
49 |21 |9145 |20 |(1/2-,3/2-) |
49 |21 |9185 |20 |(5/2-,7/2-) |
49 |21 |9218 |20 | |
49 |21 |9247 |20 |1/2-,3/2- |
49 |21 |9295 |20 |1/2-,3/2- |
49 |21 |9335 |20 | |
49 |21 |9385 |20 |1/2-,3/2- |
49 |21 |9449 |20 |5/2-,7/2- |
49 |21 |9514 |20 |5/2-,7/2- |
49 |21 |9575 |20 |1/2-,3/2- |
49 |21 |9634 |20 |1/2-,3/2- |
49 |21 |9675 |20 |1/2-,3/2- |
49 |21 |9726 |20 |1/2-,3/2- |
49 |21 |9790 |20 |1/2-,3/2- |
49 |21 |9843 |20 |1/2-,3/2- |
49 |21 |9873 |20 |1/2-,3/2- |
49 |21 |9923 |20 |1/2-,3/2- |
49 |21 |9956 |20 |5/2-,7/2- |
49 |21 |9991 |20 |1/2-,3/2- |
49 |21 |10059 |20 |1/2-,3/2- |
49 |21 |10155 |20 |5/2-,7/2- |
49 |21 |10212 |20 | |
49 |21 |10413 |20 |1/2-,3/2- |
49 |21 |10473 |20 |1/2-,3/2- |
49 |21 |10569 | | |
49 |21 |10617 |20 |1/2-,3/2- |
49 |21 |10690 |20 |1/2-,3/2- |
49 |21 |10787 |20 |(1/2-,3/2-) |
49 |21 |10870 |20 |(1/2-,3/2-) |
49 |21 |10957 |20 |(1/2-,3/2-) |
49 |21 |11021 |20 |(1/2-,3/2-) |
49 |21 |11030 |20 |(1/2-,3/2-) |
49 |21 |11138 |20 |(1/2-,3/2-) |
49 |21 |11271 |20 |(1/2-,3/2-) |
49 |21 |11425 |20 |3/2+,5/2+ |
49 |21 |11510 |20 | |
49 |21 |11525 |4 |1/2- |
49 |21 |11534 |4 |1/2+ |
49 |21 |11538 |3 |(3/2-) |
49 |21 |11543 |3 | |
49 |21 |11547 |3 |3/2- |
49 |21 |11548 |3 | |
49 |21 |11552 |3 |3/2- |
49 |21 |11563.2 |4 |3/2- |1.5 KEV 3
49 |21 |11569 |3 |(3/2-) |
49 |21 |11579 |3 |(3/2-) |0.29 KEV 14
49 |21 |11583 |3 |(3/2-) |0.17 KEV 8
49 |21 |11665 |20 |1/2-,3/2- |
49 |21 |11735 |20 | |
49 |21 |11806 |20 | |
49 |21 |11911 |20 |1/2-,3/2- |
49 |21 |11976 |20 |1/2-,3/2- |
49 |21 |12040 |40 |1/2-,3/2- |
49 |21 |12098 |40 | |
49 |21 |12160 |40 | |
49 |21 |12216 |40 | |
49 |21 |12281 |40 | |
49 |21 |12340 |40 | |
49 |21 |12390 |40 | |
49 |21 |12497 |40 | |
49 |21 |12607 |40 | |
49 |21 |12732 |40 | |
49 |21 |12829 |40 | |
49 |21 |12893 |40 | |
49 |21 |12992 |40 | |
49 |21 |13119 |40 | |
49 |21 |13204 |40 | |
49 |21 |13308 |40 | |
49 |21 |13358 |40 | |
49 |21 |13412 |40 | |
49 |21 |13487 |40 |(1/2-) |
49 |21 |13557 |40 |(1/2)- |
49 |21 |13572 |5 |(1/2)- |226 KEV 3
49 |21 |15108 |10 |5/2- |12.8 KEV 13
49 |21 |15481 |10 |(3/2)- |19.3 KEV 20
49 |21 |15544 |4 | |
49 |21 |15563 |6 |5/2- |31 KEV 8
49 |21 |15583 |4 | |
49 |21 |15600 |4 | |
49 |21 |15622 |6 |9/2+ |18 KEV 5
49 |21 |15662 |4 | |
49 |21 |15878 |10 |3/2+ |19.8 KEV 20
49 |21 |16025 |10 |5/2+ |25.6 KEV 26
49 |21 |16509 |10 |7/2+ |14.8 KEV 15
49 |21 |16994 |10 |9/2+ |18.8 KEV 19
49 |21 |17662 |10 |5/2+ |108 KEV 11
49 |21 |18152 | |3/2+,5/2+ |
49 |21 |18348 | |3/2+,5/2+ |
50 |21 |0.0 | |5+ |102.5 S 5
50 |21 |256.895 |10 |2+,3+ |0.35 S 4
50 |21 |328.447 |12 |(3)+ |10 NS LT
50 |21 |757 |6 |(4)+ |
50 |21 |1847.772 |20 |1+ |10 NS LT
50 |21 |2225 |5 |2+,3+ |
50 |21 |2326 |6 |(3)+ |
50 |21 |2527 |10 |(1) |
50 |21 |2614 |10 |(1+) |
50 |21 |3028 |15 | |
50 |21 |3089 |5 |(0)+ |
50 |21 |3259 |6 |1+,2+,3+ |
50 |21 |3287 |5 |1+,2+,3+ |
50 |21 |3355 |15 | |
50 |21 |3385 |15 | |
50 |21 |3500 |20 | |
50 |21 |3556 |15 | |
50 |21 |3611 |15 | |
50 |21 |3681 |5 |1+ |
50 |21 |3731 |10 | |
50 |21 |3927 |13 |1+ |
50 |21 |3950 |20 | |
50 |21 |4135 |20 |1+,2+,3+ |
50 |21 |4232 |20 |1+,2+,3+ |
50 |21 |4311 |13 |1+,2+,3+ |
50 |21 |4456 |13 |1+,2+,3+ |
50 |21 |4530 |20 | |
50 |21 |4590 |20 | |
50 |21 |4638 |6 |1+ |
50 |21 |4660 |20 | |
50 |21 |4729 |20 | |
50 |21 |4820 |20 |1+,2+,3+ |
50 |21 |4876 |6 |1+ |
50 |21 |4976 |6 |1+ |
50 |21 |5072 |8 |1+,2+,3+ |
50 |21 |5135 |20 | |
50 |21 |5195 |20 | |
50 |21 |5265 |20 | |
50 |21 |5338 |13 |1+,2+,3+ |
50 |21 |5430 |12 |1+,2+,3+ |
50 |21 |5540 |20 | |
50 |21 |5600 |13 |1+,2+,3+ |
50 |21 |5699 |17 |(0+,1+) |
50 |21 |5810 |20 |(3+) |
50 |21 |5853 |30 |1+,2+,3+ |
50 |21 |6014 |30 |3+,4+,5+ |
50 |21 |6118 |30 |1+,2+,3+ |
50 |21 |6285 |30 |1+,2+,3+ |
50 |21 |6447 |30 | |
50 |21 |6618 |30 | |
50 |21 |8.25E3 |3 | |
50 |21 |11195 |20 |(0+) |
51 |21 |0.0 | |(7/2)- |12.4 S 1
51 |21 |861.62 |10 |(3/2-) |
51 |21 |1062 |5 |(11/2-) |
51 |21 |1167.33 |20 |(3/2,5/2,7/2+) |
51 |21 |1394.02 |17 |(3/2,5/2) |
51 |21 |1715.02 |19 | |
51 |21 |2313 |10 | |
51 |21 |2347.2 |4 |(1/2-) |
51 |21 |2708.8 |3 |(3/2-) |
51 |21 |2887 |7 | |
51 |21 |2996 |7 | |
51 |21 |3038.69 |23 |(3/2-,5/2-) |
51 |21 |3069 |7 | |
51 |21 |3195.2 |4 |(3/2-,5/2-) |
51 |21 |3390.6 |6 |(1/2,3/2,5/2) |
51 |21 |3772.1 |6 |(3/2-,5/2-) |
51 |21 |3881.1 | |(13/2-) |
51 |21 |4825.6 | |(15/2-) |
51 |21 |5540.2 | |(17/2+) |
51 |21 |6184.0 | |(19/2+) |
52 |21 |0.0 | |3(+) |8.2 S 2
52 |21 |675.21 |23 | |
52 |21 |1636.43 |18 |1+ |
52 |21 |2745.7 |7 |1+ |
52 |21 |3458.1 |10 |0,1 |
52 |21 |4265.7 |15 |1+ |
53 |21 |0.0 | |(7/2-) |2.6 S 4
53 |21 |2109.0 |3 |(3/2-) |
53 |21 |2283 |18 |(9/2-) |
53 |21 |2617 |20 |(11/2-) |
53 |21 |3220 |2 |(5/2-) |
53 |21 |3382 |2 |(1/2-) |
54 |21 |0.0 | |(3)+ |526 MS 15
54 |21 |110.0 |10 |(4,5)+ |2.77 US 2
54 |21 |247 | |1+ |
55 |21 |0.0 | |(7/2-) |105 MS 6
56 |21 |0.0 | |(1+) |26 MS 6
56 |21 |0+X | |(5+,6+) |75 MS 6
56 |21 |587.03 |24 |(2+) |
56 |21 |727.28 |24 |(3+) |
56 |21 |774.9 |3 |(4+) |290 NS 30
57 |21 |0 | | |13 MS 4
58 |21 |0 | | |12 MS 5
59 |21 |0 | | |360 NS GT
61 |21 |0 | | |620 NS GT
