38 |22 |0 | | |
39 |22 |0 | |(3/2+) |31 MS +6-4
40 |22 |0 | |0+ |53.3 MS 15
41 |22 |0 | |3/2+ |80.4 MS 9
42 |22 |0 | |0+ |199 MS 6
42 |22 |1556.0 |8 |2+ |0.44 PS 11
42 |22 |1854.2 |12 |0+ |0.14 PS GT
42 |22 |2396.1 |10 |(2+) |0.22 PS 13
42 |22 |2676.6 |8 |4+ |1.4 PS GT
42 |22 |2730 |35 | |
42 |22 |2945 |25 | |
42 |22 |3043.0 |15 |6+ |3.12 NS 21
42 |22 |3130 |45 | |
42 |22 |3280 |40 | |
42 |22 |3335 | | |
42 |22 |3440 |30 |1- |
42 |22 |3540 |30 | |
42 |22 |3660 |25 | |
42 |22 |3744 |3 |2+ |0.17 PS LT
42 |22 |3850 |25 | |
42 |22 |3990 |25 | |
42 |22 |4130 |25 | |
42 |22 |4245 |25 |0+ |
42 |22 |4375 |20 |3- |
42 |22 |4.40E3 |20 | |
42 |22 |4440 |20 |2+ |
42 |22 |4665 |20 |2+ |
42 |22 |4730 |30 | |
42 |22 |4890 |45 | |
42 |22 |4950 |25 |4+ |
42 |22 |5160 |50 | |
42 |22 |5220 |30 |4+ |
42 |22 |5555 |20 |0+ |
42 |22 |6370 |30 | |
42 |22 |6445 |40 | |
42 |22 |7.50E3 |20 | |
43 |22 |0 | |7/2- |509 MS 5
43 |22 |313.0 |10 |(3/2+) |11.9 US 3
43 |22 |475 |10 |(3/2-) |
43 |22 |998 |10 |(1/2+) |
43 |22 |1022.4 |10 |(5/2+) |
43 |22 |1160 |10 |(1/2:5/2)- |
43 |22 |1483.5 |10 |(7/2+) |
43 |22 |1760 |30 |(1/2:5/2)- |
43 |22 |1857.7 |10 |(11/2-) |
43 |22 |2062.4 |10 |(9/2+) |
43 |22 |2250 |10 | |
43 |22 |2438 |9 | |
43 |22 |2640 |30 | |
43 |22 |2951.7 |10 |(15/2-) |
43 |22 |3066.4 |10 |(19/2-) |556 NS 6
43 |22 |3220 |30 | |
44 |22 |0 | |0+ |59.1 Y 3
44 |22 |1083.06 |9 |2+ |3.1 PS 8
44 |22 |1904.3 |3 |0+ |480 FS GT
44 |22 |2454.33 |12 |4+ |0.42 PS 7
44 |22 |2530.98 |14 |2+ |0.97 PS 14
44 |22 |2886.6 |4 |2+ |0.36 PS 7
44 |22 |3175.8 |4 |3- |21.6 PS AP
44 |22 |3364 |1 |4+ |345 FS 70
44 |22 |3415.3 |3 |(2,3) |485 FS 70
44 |22 |3645.8 |3 |4- |2.7 PS 9
44 |22 |3755.9 |4 |1- |165 FS 35
44 |22 |3942.7 |3 |3- |0.83 PS 21
44 |22 |3980 |1 |4+ |345 FS 140
44 |22 |4015.31 |15 |6+ |390 FS 55
44 |22 |4061.0 |4 |(3,5)- |1.5 PS +13-5
44 |22 |4115.6 |6 |2+ |110 FS 50
44 |22 |4227 |1 |(2-,3-) |
44 |22 |4499.9 |6 |(6+) |
44 |22 |4605 |5 |0+ |
44 |22 |4792.2 |5 | |345 FS 140
44 |22 |4803.1 |4 |(6+) |
44 |22 |4840 |10 |0+ |
44 |22 |5055 |5 |3- |
44 |22 |5151.1 |6 |(6-) |
44 |22 |5250 |30 |5- |
44 |22 |5305 |2 |5- |345 FS 140
44 |22 |5421 |5 |3- |
44 |22 |5670.6 |6 |(7-) |
44 |22 |6030 |10 |2+ |
44 |22 |6220 |20 |1- |
44 |22 |6508.5 |3 |(8+) |0.5 PS LT
44 |22 |6571.8 |7 |(8+) |
44 |22 |6606.4 |5 |2+ |
44 |22 |6810 |60 |(0,2)+ |
44 |22 |6848.84 |22 |(6+) |
44 |22 |6923.9 |8 |(8-) |
44 |22 |6959 |7 |(4+) |
44 |22 |7216 |2 |1+ |
44 |22 |7340 | |3- |
44 |22 |7407.9 |7 |(9-) |
44 |22 |7458 | |8+ |
44 |22 |7500 |40 |1- |
44 |22 |7560 | |(3-) |
44 |22 |7634 |20 | |
44 |22 |7670 | |6+ |
44 |22 |7671.1 |4 |(10+) |1.87 PS 35
44 |22 |8039.9 |4 |(12+) |2.1 NS 4
44 |22 |8040 | |3- |
44 |22 |8067 |5 | |
44 |22 |8170 | |1- |
44 |22 |8.18E+3 |20 |(1-,2+) |
44 |22 |8318 |5 | |
44 |22 |8385 |5 |2+ |
44 |22 |8416 |5 |(0+,1-) |
44 |22 |8449 |5 |(2+,3-) |
44 |22 |8511 |5 |2+ |
44 |22 |8534 |5 |(2+,3-) |
44 |22 |8565 |5 |2+ |
44 |22 |8627 |6 |2+ |
44 |22 |8639 |6 |2+ |
44 |22 |8756 |5 |2+ |
44 |22 |8860.9 |7 |(10-) |
44 |22 |8947 |3 |(4+) |
44 |22 |8954 |3 |1- |
44 |22 |8960 |3 |2+ |
44 |22 |8984 | |(10+) |
44 |22 |8987 |2 |2+ |
44 |22 |8992 |2 |4+ |
44 |22 |9030 |30 | |
44 |22 |9075 |5 |(2+) |
44 |22 |9100 |5 |4+ |
44 |22 |9126 |5 |2+ |
44 |22 |9143 |5 |(0+) |
44 |22 |9180 |5 | |
44 |22 |9191 |5 |4+ |
44 |22 |9215 |2 |2+ |
44 |22 |9227 |2 |2+ |
44 |22 |9239 |2 |2+ |
44 |22 |9280 |5 | |
44 |22 |9290 |5 | |
44 |22 |9299 |2 |0+ |
44 |22 |9338 |2 |0+ |
44 |22 |9350 |5 |4+ |
44 |22 |9361 |3 |(2+,3-) |
44 |22 |9385 |5 |3- |
44 |22 |9400 | |5- |
44 |22 |9432 |5 |4+ |
44 |22 |9478 |5 | |
44 |22 |9491 |5 |3- |
44 |22 |9500 |10 |10+ |
44 |22 |9522 |5 |2+ |
44 |22 |9542 |5 | |
44 |22 |9563 |5 |0+ |
44 |22 |9589 |5 |5- |
44 |22 |9632 |10 | |
44 |22 |9668 |10 | |
44 |22 |9682 |5 |0+ |
44 |22 |9698 |5 |(2+) |
44 |22 |9713 |3 |(4+) |
44 |22 |9722.9 |7 |(11-) |
44 |22 |9741 |5 |(2+) |
44 |22 |9780 |5 |0+ |
44 |22 |9845 |5 |3- |
44 |22 |9880 |5 |3- |
44 |22 |9895 |5 | |
44 |22 |9908 |3 |(0+) |
44 |22 |9918 |5 |(0+) |
44 |22 |9950 |5 |0+ |
44 |22 |9977 |5 |0+ |
44 |22 |10010 |5 |2+ |
44 |22 |10027 |5 |2+ |
44 |22 |10046 |10 | |
44 |22 |10072 |5 |0+ |
44 |22 |10113 |5 |(3-) |
44 |22 |10129 |10 |(1,2) |
44 |22 |10166 |10 | |
44 |22 |10182 |5 |(0+) |
44 |22 |10209 |5 |(0,1,2) |
44 |22 |10227 |5 |(2+) |
44 |22 |10258 |10 | |
44 |22 |10280 | |(0+) |
44 |22 |10303 |5 | |
44 |22 |10327 |5 | |
44 |22 |10386 |6 |(2+,3-) |
44 |22 |10460 |10 |(0+) |
44 |22 |10463.7 |7 |(12-) |
44 |22 |10520 |10 | |
44 |22 |10590 |30 |(0+) |
44 |22 |10700 | |4+ |
44 |22 |10860 | |0+ |
44 |22 |11040 | |4+ |
44 |22 |11072 | |0+ |
44 |22 |11085.9 |8 | |
44 |22 |11110 | |(5-,6+) |
44 |22 |11191 | |0+ |
44 |22 |11496 | |12+ |
44 |22 |11536.3 |8 |(13-) |
44 |22 |11546.7 |8 | |
44 |22 |11660 | |3- |
44 |22 |11691 | |1- |
44 |22 |11727 | |1- |
44 |22 |11810 | |(4+,5-) |
44 |22 |11835 | |(12+) |
44 |22 |11950 | |7- |
44 |22 |12110 | |4+ |
44 |22 |12118 | |2+ |
44 |22 |12172 | |2+ |
44 |22 |12.20E3 |20 | |
44 |22 |12563 | |(3-) |
44 |22 |12580 | |4+ |
44 |22 |12772 | |3- |
44 |22 |12854 | |(4+) |
44 |22 |13.00E3 |19 | |
44 |22 |13240 | |(3-,4+) |
44 |22 |13369.6 |9 |(15-) |
44 |22 |13440 | |5- |
44 |22 |13782 | |(14-) |
44 |22 |13970 | |3- |
44 |22 |14.10E3 |18 | |
44 |22 |14270 | |(4+,5-) |
44 |22 |14.55E3 |17 | |
44 |22 |14710 | |(5-,6+) |
44 |22 |14830 | |(3-,4+) |
44 |22 |15.45E3 |16 | |
44 |22 |15.95E3 |16 | |
44 |22 |16020 | | |
45 |22 |0.0 | |7/2- |184.8 M 5
45 |22 |36.53 |15 |3/2- |3.0 US 2
45 |22 |39.39 |23 |5/2- |11.29 NS 9
45 |22 |329.30 |15 |3/2+ |1.099 NS 13
45 |22 |743.88 |17 |5/2+ |10.5 PS 17
45 |22 |1226.50 |15 |7/2+ |2.8 PS 6
45 |22 |1353.49 |18 |9/2- |0.103 PS 9
45 |22 |1468.24 |14 |11/2- |0.48 PS 7
45 |22 |1521.7 |6 |3/2-to9/2- |48 FS 11
45 |22 |1565.4 |7 |1/2+ |2.8 PS GT
45 |22 |1799.0 |15 |(1/2-to7/2-) |0.32 PS +22-8
45 |22 |1881.76 |19 |9/2+ |0.68 PS +6-5
45 |22 |1958.2 |4 |3/2+ |0.83 PS 14
45 |22 |2014.7 |6 |3/2-to9/2- |32 FS 9
45 |22 |2258.2 |6 |5/2+ |0.194 PS 35
45 |22 |2432.1 |15 |3/2to11/2 |
45 |22 |2474.58 |21 |11/2+ |0.39 PS 6
45 |22 |2500 |20 |5/2-,7/2- |
45 |22 |2531.4 |12 |1/2,3/2,5/2(+) |
45 |22 |2656.66 |18 |13/2- |0.17 PS LT
45 |22 |2849.4 |12 |1/2,3/2,5/2(+) |
45 |22 |2890 |20 |(3/2+,5/2+) |
45 |22 |2911.6 |6 |7/2+ |0.36 PS 8
45 |22 |2932.9 |9 |(13/2+) |
45 |22 |3000 |20 |(3/2+,5/2+) |
45 |22 |3015.37 |18 |15/2- |0.55 PS 14
45 |22 |3080 |20 |(3/2+,5/2+) |
45 |22 |3156.0 |11 | |
45 |22 |3200 |20 | |
45 |22 |3400 |20 |(3/2+,5/2+) |
45 |22 |3447.31 |23 |13/2+ |0.180 PS 21
45 |22 |3540 |20 |3/2+,5/2+ |
45 |22 |3601.87 |21 |17/2- |0.90 PS 7
45 |22 |3830 |20 |1/2+ |
45 |22 |3922.45 |25 |15/2+ |0.312 PS 21
45 |22 |3937.6 |11 |(11/2to15/2) |
45 |22 |4344.9 |3 |19/2- |0.104 PS 14
45 |22 |4723 |7 |(7/2)- |
45 |22 |4810 |20 |3/2+,5/2+ |
45 |22 |4855.2 |9 |(17/2+) |0.35 PS 5
45 |22 |5030 |20 |(3/2+,5/2+) |
45 |22 |5180 |20 |1/2-,3/2- |
45 |22 |5239.9 |3 |(17/2+) |0.07 PS 6
45 |22 |5330 |20 |3/2+,5/2+ |
45 |22 |5540 |20 | |
45 |22 |5640.9 |4 |19/2+ |0.19 PS 6
45 |22 |5760 |20 |1/2+ |
45 |22 |6006.7 |9 | |
45 |22 |6163.0 |5 |23/2- |0.35 PS 4
45 |22 |6459.9 |8 |(21/2+) |
45 |22 |6757.9 |7 |(21/2+) |
45 |22 |7143.4 |6 |27/2- |10.4 PS 14
45 |22 |7342.0 |8 |(23/2+) |
45 |22 |7830.7 |8 | |
45 |22 |8289.2 |8 |(25/2+) |
45 |22 |9643.5 |12 | |0.07 PS LT
45 |22 |10153.5 |12 |(25/2-) |0.07 PS LT
45 |22 |10795.3 |13 |(29/2+) |
45 |22 |12498.6 |16 |(29/2-) |0.07 PS LT
45 |22 |13030.4 |17 |(33/2+) |
46 |22 |0.0 | |0+ |STABLE
46 |22 |889.286 |3 |2+ |5.32 PS 15
46 |22 |2009.846 |5 |4+ |1.62 PS 10
46 |22 |2611.0 |2 |0+ |76 FS 21
46 |22 |2961.8 |2 |2+ |166 FS 7
46 |22 |3058.46 |12 |3- |7 PS 2
46 |22 |3168.00 |10 |1- |176 FS 24
46 |22 |3213 | | |
46 |22 |3217.3 | | |
46 |22 |3235.7 |2 |2+ |29 FS 6
46 |22 |3298.86 |16 |6+ |0.99 PS 9
46 |22 |3338 |18 | |
46 |22 |3441.39 |17 |4- |66 PS 4
46 |22 |3553.1 | | |
46 |22 |3569.3 |3 |3- |50 FS +19-16
46 |22 |3571.7 |2 |0+ |192 FS +16-13
46 |22 |3579.8 | | |70 FS 30
46 |22 |3610.2 | | |
46 |22 |3677 | |2- |
46 |22 |3696 | |2+ |
46 |22 |3723.8 |4 |(2)+ |57 FS 4
46 |22 |3731 | |1+ |
46 |22 |3737.9 |3 |(1,2+) |
46 |22 |3771.5 | |+ |
46 |22 |3826.43 |18 |5- |3.7 PS 21
46 |22 |3845.0 |5 |2+ |8.9 FS 21
46 |22 |3848 |5 |(4+) |
46 |22 |3852.44 |16 |5- |4.8 PS 8
46 |22 |3856 |4 | |
46 |22 |3872 | |1+ |
46 |22 |3889.3 |14 |2+ |0.38 PS 7
46 |22 |3905.6 |3 |(1,2+) |22 FS 4
46 |22 |3926 |8 |(2+) |
46 |22 |3941.9 | |4+ |0.02 PS LT
46 |22 |4003.1 | | |
46 |22 |4025.3 | |2+ |
46 |22 |4038.8 | | |
46 |22 |4130.1 | |2+ |
46 |22 |4178.7 | |3- |
46 |22 |4191.5 | |3- |
46 |22 |4315.8 |10 |1+ |2.7 FS 4
46 |22 |4322.6 |13 | |
46 |22 |4372.0 | |3- |
46 |22 |4398 |8 |(5-,6+) |
46 |22 |4417.1 |5 |6- |0.45 PS 17
46 |22 |4437 |15 | |
46 |22 |4500 |10 | |
46 |22 |4523.4 |10 |4+ |0.07 PS 3
46 |22 |4527 |5 |(6+) |
46 |22 |4573 |20 | |
46 |22 |4617 | | |
46 |22 |4662.30 |18 |6- |1.4 PS 4
46 |22 |4675 |10 |0+ |
46 |22 |4697 | |(2+) |
46 |22 |4726.4 |10 |(5-,6+) |
46 |22 |4791 |4 |(3-) |
46 |22 |4827.2 |22 |3- |
46 |22 |4845 | |+ |
46 |22 |4896.9 |3 |8+ |0.49 PS 6
46 |22 |4950 |10 |2+ |
46 |22 |5000 |10 | |
46 |22 |5023.7 |12 |3- |
46 |22 |5079 |4 |(4+) |
46 |22 |5094 | |+ |
46 |22 |5117 |20 | |
46 |22 |5154 |10 | |
46 |22 |5180 | |+ |
46 |22 |5197.60 |18 |7- |0.83 PS 3
46 |22 |5206 |9 |3- |
46 |22 |5230 |10 |2+ |
46 |22 |5280 | |6+ |
46 |22 |5321 | |2+ |
46 |22 |5361 |9 |(5-,6+) |
46 |22 |5363 | |2+ |
46 |22 |5409 |10 |3- |
46 |22 |5515 |10 |2+ |
46 |22 |5530 |4 |3- |
46 |22 |5604 |10 |(2+) |
46 |22 |5610 |30 |0+ |
46 |22 |5700 |9 |(2+) |
46 |22 |5794 |4 |4+ |
46 |22 |5811 | |+ |
46 |22 |5828 |10 |3- |
46 |22 |5840 | |+ |
46 |22 |5872 |10 |(2+) |
46 |22 |5903 |20 |+ |
46 |22 |5950 |4 |3- |
46 |22 |5965 |26 |(6+) |
46 |22 |5992 |10 |(4+) |
46 |22 |6021 | |+ |
46 |22 |6025 | | |
46 |22 |6094 | |3-,4- |
46 |22 |6118 |10 |2+ |
46 |22 |6134 | |2+ |
46 |22 |6150.5 |4 |8- |0.31 PS 3
46 |22 |6200.4 |9 |8+ |0.19 PS LT
46 |22 |6217 |10 |3- |
46 |22 |6241.9 |3 |10+ |0.84 PS 4
46 |22 |6251 | | |
46 |22 |6266 |6 | |
46 |22 |6305 |20 | |
46 |22 |6338 |10 |4+ |
46 |22 |6360 | |1+ |
46 |22 |6395 |6 |4+ |
46 |22 |6398 | |1+ |
46 |22 |6424 | |+ |
46 |22 |6458 |10 |3- |
46 |22 |6513 |10 | |
46 |22 |6550 | |+ |
46 |22 |6574 |10 | |
46 |22 |6616 | |+ |
46 |22 |6685 |10 |4+ |
46 |22 |6739 |10 |(4)+ |
46 |22 |6794 |10 | |
46 |22 |6830.3 |5 |9- |0.52 PS 6
46 |22 |6851 | |+ |
46 |22 |6890 |10 |4+ |
46 |22 |6958 |10 |(3-) |
46 |22 |6974 | |+ |
46 |22 |7019 |10 |(3-,4+) |
46 |22 |7041 | |+ |
46 |22 |7101 | |+ |
46 |22 |7120 |10 |(3-) |
46 |22 |7147 | |+ |
46 |22 |7172 |10 | |
46 |22 |7180 | |1+ |
46 |22 |7201 | |+ |
46 |22 |7238 |10 | |
46 |22 |7288 | |+ |
46 |22 |7312 |10 |3- |
46 |22 |7350 |30 |+ |
46 |22 |7392 |10 |(3-) |
46 |22 |7410 | |1+ |
46 |22 |7429 | |+ |
46 |22 |7472 |10 | |
46 |22 |7534 |10 |(3-) |
46 |22 |7558 | |+ |
46 |22 |7584 | |+ |
46 |22 |7608 |10 |+ |
46 |22 |7630 | |1+ |
46 |22 |7660 |10 | |
46 |22 |7710 |10 |+ |
46 |22 |7730 | |1+ |
46 |22 |7735 |10 | |
46 |22 |7788 |10 |+ |
46 |22 |7849 | |+ |
46 |22 |7874 |10 | |
46 |22 |7917 | |+ |
46 |22 |7937 |10 | |
46 |22 |7941.8 |4 |11+ |0.31 PS 8
46 |22 |7960.8 |8 |10- |0.30 PS LT
46 |22 |7979 | |+ |
46 |22 |8013 |10 | |
46 |22 |8020 |30 |(0+) |
46 |22 |8040 |10 | |
46 |22 |8088 | |+ |
46 |22 |8134 |10 | |
46 |22 |8182 | |+ |
46 |22 |8217.5 |3 |12+ |0.51 PS 5
46 |22 |8230 |10 |+ |
46 |22 |8283.9 |13 |10,11,12+ |0.17 PS LT
46 |22 |8293 | |+ |
46 |22 |8346 | |+ |
46 |22 |8384 | |+ |
46 |22 |8460 | |1+ |
46 |22 |8467 | |+ |
46 |22 |8530 | |+ |
46 |22 |8574 | |+ |
46 |22 |8621 | |+ |
46 |22 |8662 | |+ |
46 |22 |8701 | |+ |
46 |22 |8716.2 |12 |11- |0.29 PS LT
46 |22 |8761 | |+ |
46 |22 |8808 | |+ |
46 |22 |8860 | |+ |
46 |22 |8940 | |+ |
46 |22 |8984 | |+ |
46 |22 |9000 | |1+ |
46 |22 |9070 | |+ |
46 |22 |9111 | |+ |
46 |22 |9141 | | |
46 |22 |9168 |7 |4+ |
46 |22 |9170 | |1+ |
46 |22 |9205 |9 |6+ |
46 |22 |9253 | |+ |
46 |22 |9304 | |+ |
46 |22 |9345 | |+ |
46 |22 |9399 |30 |+ |
46 |22 |9420 | |1+ |
46 |22 |9426 | |+ |
46 |22 |9474 | |+ |
46 |22 |9519 | |- |
46 |22 |9550 | |1+ |
46 |22 |9572 | |+ |
46 |22 |9615 |6 |2+ |
46 |22 |9649 | |+ |
46 |22 |9670 | |1+ |
46 |22 |9682 | | |
46 |22 |9718 | |- |
46 |22 |9761 | | |
46 |22 |9770 | |1+ |
46 |22 |9790 | | |
46 |22 |9852 |19 | |
46 |22 |9864 | | |
46 |22 |9870 | |1+ |
46 |22 |9973 |19 |+ |
46 |22 |10000 | |1+ |
46 |22 |10038 |19 | |
46 |22 |10041.6 |8 |12+,14+ |0.6 PS 2
46 |22 |10180 | |1+ |
46 |22 |10212 |25 | |
46 |22 |10256 |25 | |
46 |22 |10321 |25 | |
46 |22 |10347 |30 | |
46 |22 |10350 | |1+ |
46 |22 |10374 |25 | |
46 |22 |10380 |3 | |
46 |22 |10441 |25 | |
46 |22 |10523 |19 |+ |
46 |22 |10602 |25 | |
46 |22 |10661 |19 | |
46 |22 |10730 |25 | |
46 |22 |10782 |25 |+ |
46 |22 |10866 |22 | |
46 |22 |10938 |19 |+ |
46 |22 |10980 |25 | |
46 |22 |11050 | |1+ |
46 |22 |11051 |25 | |
46 |22 |11110 |25 | |
46 |22 |11167 |25 | |
46 |22 |11299 |25 | |
46 |22 |11354 |3 |3 |
46 |22 |11374.2 |23 | |
46 |22 |11426 |19 | |
46 |22 |11450 | |1+ |
46 |22 |11570 | |1+ |
46 |22 |11698 |3 |(2,3) |
46 |22 |11840 | |1+ |
46 |22 |12200 | |1+ |
46 |22 |12460 |30 |0+ |
46 |22 |12650 | |1+ |
46 |22 |12974 |4 | |
46 |22 |13070 | |1+ |
46 |22 |13169 |4 | |
46 |22 |13310 | |1+ |
46 |22 |14153 |6 |0+ |
46 |22 |14300 |60 |(0+) |
47 |22 |0.0 | |5/2- |STABLE
47 |22 |159.371 |12 |7/2- |210 PS 6
47 |22 |1250.7 |10 |(1/2-,3/2-) |
47 |22 |1252.09 |4 |9/2- |140 FS 13
47 |22 |1444.25 |4 |11/2- |0.90 PS 14
47 |22 |1549.65 |9 |3/2- |1.5 PS 4
47 |22 |1670 |80 | |
47 |22 |1793.80 |16 |1/2- |1.7 PS +17-6
47 |22 |1825.0 |1 |3/2+,5/2+ |2.1 PS +19-7
47 |22 |2163.2 |2 |3/2- |25.1 FS 43
47 |22 |2166.7 |2 |5/2 |19 FS 5
47 |22 |2259.5 |2 |5/2+ |0.54 PS 12
47 |22 |2297.1 |2 |5/2-,7/2- |10 FS LT
47 |22 |2344 | | |
47 |22 |2364.9 |2 |1/2+ |1.53 PS GT
47 |22 |2406.2 |2 |(9/2-) |23 FS 7
47 |22 |2416.3 |2 |1/2-to7/2- |1.0 PS +6-3
47 |22 |2499.4 |19 |1/2(-),3/2,5/2+ |
47 |22 |2520 | |1/2+ |
47 |22 |2525.8 |2 |3/2-,5/2- |94 FS 19
47 |22 |2548.2 |2 |3/2- |6.2 FS 7
47 |22 |2572.9 |2 |1/2+ |0.53 PS +22-14
47 |22 |2599.6 |2 |3/2-,5/2,7/2 |1.3 PS +5-3
47 |22 |2619.4 |2 |7/2- |29 FS 8
47 |22 |2668.0 |2 |9/2,13/2 |21 FS 16
47 |22 |2682.30 |5 |11/2(-) |2.10 PS GT
47 |22 |2695 | | |
47 |22 |2748.87 |6 |15/2- |1.11 PS 21
47 |22 |2757.6 |2 |7/2-to13/2- |17 FS 11
47 |22 |2785.1 |5 |3/2to9/2 |
47 |22 |2793.2 |5 |1/2- |
47 |22 |2800.2 |10 | |0.35 PS +26-16
47 |22 |2809.5 |4 |5/2-,7/2,9/2- |49 FS 23
47 |22 |2828.5 |2 |1/2-to7/2 |0.16 PS 5
47 |22 |2838.9 |5 |3/2-to9/2- |33 FS LT
47 |22 |2846.3 |3 |5/2-to11/2- |19 FS LT
47 |22 |2855 |5 |1/2(-),3/2,5/2+ |
47 |22 |2868 | | |
47 |22 |3033.1 |2 |5/2-,7/2 |0.41 PS 9
47 |22 |3051.5 |2 |5/2-to11/2- |0.43 PS +12-9
47 |22 |3176.0 |3 |3/2-,5/2+ |0.23 PS +10-7
47 |22 |3211 |8 |5/2-,7/2- |
47 |22 |3225.8 |3 |7/2- |7 FS +7-6
47 |22 |3251.6 |3 |7/2- |29 FS 9
47 |22 |3277.7 |3 |3/2- |42 FS 22
47 |22 |3287.73 |6 |13/2- |0.51 PS +16-10
47 |22 |3368.9 |4 |7/2-,9/2,11/2- |0.19 PS 6
47 |22 |3400.5 |2 |7/2-to13/2 |1.4 PS +10-4
47 |22 |3434.6 |4 |1/2-to7/2 |65 FS 22
47 |22 |3484.5 |5 |(3/2-) |30 FS 10
47 |22 |3515.5 |5 |1/2+ |40 FS 12
47 |22 |3544.8 |4 |3/2-,5/2+ |35 FS LT
47 |22 |3553.6 |10 |3/2-to11/2- |35 FS +38-33
47 |22 |3567.97 |8 |17/2- |69 FS 21
47 |22 |3582.7 |4 |(3/2-) |15 FS LT
47 |22 |3622.5 |6 |5/2-to13/2- |20 FS 19
47 |22 |3654 | | |
47 |22 |3676.1 |9 |3/2- |40 FS LT
47 |22 |3701.8 |5 |7/2,9/2,11/2,13/2- |24 FS +24-22
47 |22 |3724 |16 | |
47 |22 |3727.1 |6 |(13/2-) |
47 |22 |3780.0 |10 |3/2(-)to9/2- |44 FS 19
47 |22 |3827.1 |5 |7/2- |17 FS 9
47 |22 |3839 |11 | |
47 |22 |3889 | | |
47 |22 |3923 |4 |3/2- |
47 |22 |3961 |16 | |
47 |22 |3993.94 |8 |15/2- |0.10 PS +8-5
47 |22 |4040 |16 | |
47 |22 |4095 |16 |1/2-,3/2- |
47 |22 |4112 |16 | |
47 |22 |4132 |16 | |
47 |22 |4164 | | |
47 |22 |4180 | | |
47 |22 |4217 |16 | |
47 |22 |4243 |16 | |
47 |22 |4264 |16 | |
47 |22 |4277 | | |
47 |22 |4281 | | |
47 |22 |4303 |16 | |
47 |22 |4336 |16 |3/2+,5/2+ |
47 |22 |4359 |16 | |
47 |22 |4380 |16 |3/2+,5/2+ |
47 |22 |4466 |16 | |
47 |22 |4492 |16 | |
47 |22 |4494.11 |10 |19/2- |0.111 PS 28
47 |22 |4518 |16 | |
47 |22 |4541 |16 | |
47 |22 |4553 |16 | |
47 |22 |4588 |16 |7/2+,9/2+ |
47 |22 |4605 |16 | |
47 |22 |4637 |16 |1/2- |
47 |22 |4670 |16 | |
47 |22 |4672.90 |11 |17/2- |0.12 PS 6
47 |22 |4686 |16 |3/2+,5/2+ |
47 |22 |4708 |11 |- |
47 |22 |4743 |16 | |
47 |22 |4758 |11 | |
47 |22 |4793 |16 | |
47 |22 |4811 |16 | |
47 |22 |4829 |16 | |
47 |22 |4847 |16 | |
47 |22 |4876 |16 | |
47 |22 |4898 |16 | |
47 |22 |4924 |16 |1/2-,3/2- |
47 |22 |4957 |16 |1/2+ |
47 |22 |4982 |16 |3/2+,5/2+ |
47 |22 |5013 |16 |1/2-,3/2- |
47 |22 |5043 |16 | |
47 |22 |5070 |16 | |
47 |22 |5102 |16 | |
47 |22 |5125 |16 | |
47 |22 |5148 |16 | |
47 |22 |5195 |16 | |
47 |22 |5197.44 |11 |21/2- |49 FS 35
47 |22 |5265 |16 |1/2+ |
47 |22 |5301 |16 | |
47 |22 |5313 |16 |1/2-,3/2- |
47 |22 |5355 |16 |1/2- |
47 |22 |5372 |15 | |
47 |22 |5407 |16 |1/2+ |
47 |22 |5433 |16 |1/2-,3/2- |
47 |22 |5451 | | |
47 |22 |5478 |16 | |
47 |22 |5540 |16 |1/2-,3/2- |
47 |22 |5580 |16 |1/2- |
47 |22 |5615 |16 |1/2-,3/2- |
47 |22 |5635 |16 | |
47 |22 |5670 |16 | |
47 |22 |5702 |16 | |
47 |22 |5746 |4 | |
47 |22 |5755 |16 | |
47 |22 |5774 |16 | |
47 |22 |5810 |16 |1/2- |
47 |22 |5836 |16 | |
47 |22 |5872 |16 | |
47 |22 |5937 |16 | |
47 |22 |5976 |16 |1/2+ |
47 |22 |6013 | | |
47 |22 |6039 | |3/2+,5/2+ |
47 |22 |6067 | |(1/2-,3/2-) |
47 |22 |6088.60 |23 |23/2- |35 FS 21
47 |22 |6095 | | |
47 |22 |6129 | | |
47 |22 |6158 | |1/2+ |
47 |22 |6169 | |1/2+ |
47 |22 |6195 | | |
47 |22 |6209 | | |
47 |22 |6234 | | |
47 |22 |6265 | | |
47 |22 |6304 | | |
47 |22 |6333 | |1/2-,3/2- |
47 |22 |6364 | | |
47 |22 |6366.4 |6 |(21/2-) |28 FS LT
47 |22 |6387 | | |
47 |22 |6402 | | |
47 |22 |6430 | |1/2+ |
47 |22 |6449 | | |
47 |22 |6474 | | |
47 |22 |6494 | |1/2+ |
47 |22 |6514 | | |
47 |22 |6530 |15 |- |
47 |22 |6554 | | |
47 |22 |6565 | | |
47 |22 |6585 | | |
47 |22 |6607 | |(1/2+) |
47 |22 |6624 | | |
47 |22 |6645 | | |
47 |22 |6662 | | |
47 |22 |6673 | | |
47 |22 |6692 | | |
47 |22 |6709 | | |
47 |22 |6727 | | |
47 |22 |6749 | | |
47 |22 |6771 | |(1/2+) |
47 |22 |6787 | | |
47 |22 |6823 | | |
47 |22 |6838 | | |
47 |22 |6854 | | |
47 |22 |6882 | | |
47 |22 |6903 | | |
47 |22 |6917 | | |
47 |22 |6936 | | |
47 |22 |6957 | | |
47 |22 |6980 | | |
47 |22 |7002 | | |
47 |22 |7018 | | |
47 |22 |7038 | | |
47 |22 |7067 | | |
47 |22 |7076 | | |
47 |22 |7095 | | |
47 |22 |7123 | | |
47 |22 |7141 | | |
47 |22 |7166 | |3/2+,5/2+ |
47 |22 |7187 | |3/2+,5/2+ |
47 |22 |7205 | | |
47 |22 |7225 | | |
47 |22 |7349.0 |7 |7/2- |
47 |22 |7480.6 |10 |- |
47 |22 |8005.1 |3 |27/2- |0.49 PS 11
47 |22 |8.16E+3 |2 |(3/2)+ |
47 |22 |8.79E+3 |2 |1/2+ |
48 |22 |0.0 | |0+ |STABLE
48 |22 |983.5390 |24 |2+ |4.04 PS 10
48 |22 |2295.654 |5 |4+ |0.762 PS 70
48 |22 |2421.059 |11 |2+ |27.1 FS 27
48 |22 |2465 |5 | |
48 |22 |2997.22 |16 |0+ |78 FS 9
48 |22 |3062 |5 |2+ |
48 |22 |3223.985 |6 |3+ |29 FS 6
48 |22 |3239.785 |9 |4+ |46 FS 7
48 |22 |3333.196 |13 |6+ |
48 |22 |3358.829 |15 |3- |184 FS 21
48 |22 |3370.867 |24 |2+ |11.0 FS 8
48 |22 |3508.556 |12 |6+ |
48 |22 |3616.820 |18 |2+ |42 FS 11
48 |22 |3633 |2 |(2+) |10.3 FS? 21
48 |22 |3699.49 |8 |1- |
48 |22 |3711 |5 | |
48 |22 |3738.57 |11 |1+ |2.65 FS 4
48 |22 |3782.462 |16 |3-,4- |1.2 PS +11-6
48 |22 |3802.80 |9 |2- |
48 |22 |3852 |3 |0+ |
48 |22 |3852.26 |3 |3- |45 FS 10
48 |22 |4035.164 |14 |2+ |42 FS 17
48 |22 |4045.99 |21 |5(-) |0.37 PS 10
48 |22 |4074.530 |19 |2+ |35 FS 10
48 |22 |4077 |3 |4+ |
48 |22 |4102 | |1+ |
48 |22 |4196.89 |3 |1,2,3,4 |
48 |22 |4205.3 |5 |1,2 |
48 |22 |4210 |8 |2- |
48 |22 |4254.5 |10 |1+ |
48 |22 |4311 |1 |1+ |
48 |22 |4348 |2 |1,2,3,4 |
48 |22 |4381 |2 |2+,3,4,5- |24 FS 10
48 |22 |4387.689 |17 |2+,3,4+ |35 FS 14
48 |22 |4398 |1 |5,6+ |45 FS 14
48 |22 |4404 |2 |5 |42 FS LT
48 |22 |4407 |5 |(2+) |
48 |22 |4457.453 |11 |3+ |49 FS 24
48 |22 |4472 |5 |3- |
48 |22 |4530 |15 |(3-,4-) |
48 |22 |4535 |3 |0+ |
48 |22 |4564.06 |23 |8+ |
48 |22 |4567 | |(-) |
48 |22 |4580.70 |6 |3- |28 FS 14
48 |22 |4589 |3 |0+ |
48 |22 |4719.149 |19 |2+,4+ |66 FS 14
48 |22 |4757.74 |10 | 4 |
48 |22 |4783.31 |10 |2,3,4 |
48 |22 |4792.28 |5 |0+,1,2,3(-) |28 FS 14
48 |22 |4794.12 |14 |2,3,4 |
48 |22 |4795 |2 |3(-),4 |69 FS 35
48 |22 |4861 |1 |2+,3+,4+ |21 FS 10
48 |22 |4885 |1 |(2+,3+,4+) |
48 |22 |4910.59 |5 | 4 |
48 |22 |4914.7 |14 |5- |0.19 PS 11
48 |22 |4924.91 |12 |2+,3+,4+ |21 FS 10
48 |22 |4940.05 |14 |2+,3+,4+ |
48 |22 |4956 |1 |5,6 |1.0 PS GT
48 |22 |4966 |5 |2+ |
48 |22 |4972 |2 |0+ |
48 |22 |4992.5 |10 |5- |
48 |22 |5063 |12 | |
48 |22 |5145.81 |4 |4+ |49 FS 28
48 |22 |5155 |2 |5 |7 FS LT
48 |22 |5157.71 |14 |4+ |25 FS LT
48 |22 |5169 |1 |7+ |28 FS 12
48 |22 |5197 |1 |8+ |76 FS 24
48 |22 |5241 | |1+ |
48 |22 |5252 |1 |3,4 |49 FS +19-24
48 |22 |5274 |2 |2,3,4,5 |
48 |22 |5300 |1 |4+,5,6 |35 FS LT
48 |22 |5312 |1 |5(-),6(-),7(-) |69 FS 28
48 |22 |5313.0 |19 |2+ |
48 |22 |5340 |3 |1(-) |
48 |22 |5356.23 |11 |(2,3,4) |
48 |22 |5385 |5 |(3)- |
48 |22 |5391 |9 |4+ |
48 |22 |5461 | |2+,3+,4+,5+ |
48 |22 |5490.79 |14 |2+ |
48 |22 |5500 |2 |4+ |26 FS 12
48 |22 |5519 |3 |3- |
48 |22 |5526 |3 |1 |
48 |22 |5545 |2 |4to8 |
48 |22 |5546 |2 |3- |
48 |22 |5569 |2 |(3-) |
48 |22 |5571 | |2+ |
48 |22 |5616 |1 |3-,4- |
48 |22 |5619.60 |8 |2+ |
48 |22 |5630 |1 |7 |24 FS 14
48 |22 |5640.00 |3 |1+ |0.53 FS +43-34
48 |22 |5642 |2 |3- |24 FS 10
48 |22 |5657 | |1+ |
48 |22 |5760 |5 |(3-) |
48 |22 |5762 |3 |4,5,6 |
48 |22 |5764 | |2+ |
48 |22 |5805 |1 |3-,4- |21 FS 12
48 |22 |5827.1 |5 |3- |
48 |22 |5846 |2 |3- |21 FS LT
48 |22 |5885 |5 |2+ |
48 |22 |5886 |2 |4to8 |
48 |22 |5888.54 |5 |1,2,3,4 |
48 |22 |5892 |3 |1,2 |
48 |22 |5916.2 |26 |2+ |
48 |22 |5974 |2 |5,6,7 |
48 |22 |5988 | |1+,3+ |
48 |22 |5990 |1 |4,5,6 |
48 |22 |5996 |3 |(2)+ |
48 |22 |6022 |9 |(3-) |
48 |22 |6034 |1 |9+,7+ |21 FS LT
48 |22 |6036 |2 |2to6 |
48 |22 |6039 |1 |6 |25 FS 17
48 |22 |6040 |5 |1,2 |
48 |22 |6042.45 |4 |(2,3) |
48 |22 |6051 |3 | |
48 |22 |6054.55 |20 | 4 |
48 |22 |6084 |3 |4,5,6 |
48 |22 |6086 |4 |1 |
48 |22 |6102.2 |5 |10,8 |
48 |22 |6115 |5 |2+ |
48 |22 |6119 |2 |4,5,6 |
48 |22 |6122 | |0+ |
48 |22 |6126 |3 |1 |
48 |22 |6138 |4 |1(+) |
48 |22 |6147 |4 |4to8 |
48 |22 |6153 |2 |5,6,7 |
48 |22 |6168 | |3-,4- |
48 |22 |6172 |1 |8,6+ |35 FS 28
48 |22 |6176 |3 |2,3,4,5 |
48 |22 |6183 |3 |2to6 |
48 |22 |6223 |5 | 4 |
48 |22 |6234 |3 | 4 |
48 |22 |6236 |3 |2+ |
48 |22 |6240.4 |4 |4,5- |
48 |22 |6246 |3 |3- |
48 |22 |6254 |3 |2,3,4 |
48 |22 |6268 |5 | 4 |
48 |22 |6313.71 |22 |4,5- |
48 |22 |6316 |2 |2,3,4 |
48 |22 |6322 |2 |1to5 |
48 |22 |6331 |4 |1to5 |
48 |22 |6337 |4 |3- |
48 |22 |6363 |3 |3,4,5,6 |
48 |22 |6365.16 |9 |2,3,4,5 |
48 |22 |6394 |3 |6,7,8 |
48 |22 |6400 |2 |4to8 |
48 |22 |6406.17 |11 |1to5 |
48 |22 |6414 |4 |2to6 |
48 |22 |6434 |4 |3to7 |
48 |22 |6451.1 |6 |2,3,4,5 |
48 |22 |6460.5 |26 |3- |
48 |22 |6476 |3 |4to8 |
48 |22 |6490.45 |7 |2,3,4 |
48 |22 |6491 |5 | 4 |
48 |22 |6493 |3 |4,5,6,7 |
48 |22 |6507 |3 |6,7 |
48 |22 |6514 |5 |4+ |
48 |22 |6524 |3 |4to8 |
48 |22 |6530 |3 |2to6 |
48 |22 |6536 |2 |3,4,5,6 |
48 |22 |6539 |3 |1to5 |
48 |22 |6541.63 |8 | 4 |
48 |22 |6544 |2 |2to6 |
48 |22 |6573 |3 |5,6,7 |
48 |22 |6584 |4 |(3-) |
48 |22 |6604.3 |24 |1- |0.86 EV 20
48 |22 |6617 |3 |4to8 |
48 |22 |6626.53 |14 |0-,1,2,3 |
48 |22 |6634 |4 |3,4,5 |
48 |22 |6653 |4 |2to6 |
48 |22 |6661 |4 |3to7 |
48 |22 |6673 |4 |1+,2+,3+,4+ |
48 |22 |6707 |2 |2,3,4 |
48 |22 |6707.79 |18 |2,3,4,5- |
48 |22 |6711 |2 |4,5,6,7 |
48 |22 |6740 |5 |(2+,3-) |
48 |22 |6744 |1 |4+ |
48 |22 |6757 |2 |6,7,8,9 |
48 |22 |6770 |2 |4to8 |
48 |22 |6797.0 |3 |1to5- |
48 |22 |6808 |3 |2to6 |
48 |22 |6814 |3 |2to6 |
48 |22 |6825 |2 |4to8 |
48 |22 |6827.30 |20 |2,3,4 |
48 |22 |6831 |4 | 4 |
48 |22 |6841 |4 |2to6 |
48 |22 |6869 |3 |1to5 |
48 |22 |6878 |4 | 4 |
48 |22 |6880 |2 |6+,7,8,9 |125 FS +69-55
48 |22 |6885 |2 |4to8 |
48 |22 |6898.29 |20 |1,2 |
48 |22 |6906 |2 |10,8,6 |97 FS +76-62
48 |22 |6916 |3 |3to7 |
48 |22 |6944 |2 |4,5,6,7 |
48 |22 |6955 |2 |5,6,7,8 |
48 |22 |6957.1 |3 |1to5- |
48 |22 |6966 |3 |2to6 |
48 |22 |6972 |4 | 4 |
48 |22 |6975 |3 |3to7 |
48 |22 |6976.32 |18 | 4 |
48 |22 |6979 |3 |1- |
48 |22 |6984 |4 |1to5 |
48 |22 |6985 |3 |6,7,8 |
48 |22 |7033 |4 |2to6 |
48 |22 |7040 |2 |6,7,8,9 |
48 |22 |7041 |4 |1,2 |
48 |22 |7054 |3 |1to5 |
48 |22 |7060.58 |18 |0-,1,2,3 |
48 |22 |7069 |4 |1to5 |
48 |22 |7071 |4 |1+ |
48 |22 |7075 |2 |6to10 |
48 |22 |7093 |3 |5,6,7,8 |
48 |22 |7100 |4 |2to6 |
48 |22 |7110 |5 |1 |
48 |22 |7111 |3 |5to9 |
48 |22 |7118 |2 |6,7,8 |
48 |22 |7124 |3 |1- |
48 |22 |7129 |10 |(2+) |
48 |22 |7149 |3 |4to8 |
48 |22 |7162 |3 |4to8 |
48 |22 |7183 |5 | 4 |
48 |22 |7199 |5 | 4 |
48 |22 |7221.4 |7 | 4 |
48 |22 |7221.6 |20 |1+ |
48 |22 |7256 |3 |3+,4+ |
48 |22 |7274 |2 |4+ |
48 |22 |7289 |5 |3+ |
48 |22 |7322 |5 |3- |
48 |22 |7326 |2 |6to10 |
48 |22 |7344 |4 |4to8 |
48 |22 |7353 |4 |5to9 |
48 |22 |7358.98 |6 |2+ |
48 |22 |7374 |3 |11,9,7 |28 FS +42-28
48 |22 |7387 |5 |5to9 |
48 |22 |7427 |3 |9,7 |0.7 PS GT
48 |22 |7431 |5 |2to6 |
48 |22 |7442 |3 |4,5,6 |
48 |22 |7450 |3 |1- |
48 |22 |7476 |3 |3to7 |
48 |22 |7483 |5 | 4 |
48 |22 |7484 |4 |1 |
48 |22 |7497 |3 |3to9 |
48 |22 |7531 |2 |6,7,8 |
48 |22 |7535 |3 |8,9,10 |
48 |22 |7541.60 |8 |2,3,4,5- |
48 |22 |7556 |4 |2to6 |
48 |22 |7571 |4 |4to8 |
48 |22 |7574.09 |18 |0-to5- |
48 |22 |7586 |4 |1(-) |
48 |22 |7587 |3 |5,6,7,8 |
48 |22 |7616.14 |10 |1,2,3 |
48 |22 |7623 |3 |6,7,8,9 |
48 |22 |7656 |4 |6to10 |
48 |22 |7668 |3 |10,8 |
48 |22 |7683 |10 |(2+,3-) |
48 |22 |7692 |10 | |
48 |22 |7709 |4 |3to7 |
48 |22 |7728 |10 |(3-) |
48 |22 |7766 |8 |1+,2+,3+,4+ |
48 |22 |7846 |9 |3+ |
48 |22 |7876 |10 |3+ |
48 |22 |7905 |10 |1+ |
48 |22 |7969 |4 |1 |
48 |22 |7986 |5 |2+ |
48 |22 |7999 |10 |3- |
48 |22 |8010 |4 |1 |
48 |22 |8053 |8 |1+,3+ |
48 |22 |8086 |12 | |
48 |22 |8091 |3 |12,10,8,6 |0.21 PS 7
48 |22 |8199 |4 |1+ |
48 |22 |8212 |10 |3- |
48 |22 |8246 |10 |(2+) |
48 |22 |8255 |4 |1 |
48 |22 |8323 |4 |10,8,6 |
48 |22 |8572 |4 |1(-) |
48 |22 |8592 |4 |1 |
48 |22 |8672 |5 |1 |
48 |22 |8933 |5 |1 |
48 |22 |8996 |5 |1(+) |
48 |22 |9025 |5 |1 |
48 |22 |9.26E+3 | | |
48 |22 |9.91E+3 | | |
48 |22 |9977 |6 |1- |
48 |22 |10.46E+3 | | |
48 |22 |1.060E+4 |5 | |
48 |22 |10726 |6 |(6+) |
48 |22 |10982 |6 |(4+) |
48 |22 |16.2E+3 |4 |(2+) |4.5 MEV 5
48 |22 |17379 |12 |(0+) |
49 |22 |0.0 | |7/2- |STABLE
49 |22 |1381.773 |5 |3/2- |3.4 PS 4
49 |22 |1542.15 |4 |11/2- |1.00 PS 10
49 |22 |1585.963 |6 |3/2- |
49 |22 |1610 |10 |(9/2-) |
49 |22 |1622.93 |5 |(5/2)- |37 FS 4
49 |22 |1723.482 |6 |1/2- |
49 |22 |1762.011 |7 |5/2- |21.0 FS 19
49 |22 |2261.32 |7 |(5/2)- |59 FS 17
49 |22 |2471.4 |2 |(5/2)- |52 FS 17
49 |22 |2504.36 |4 |1/2+ |
49 |22 |2505.5 |3 |15/2- |
49 |22 |2513.44 |15 |5/2,7/2,9/2 |
49 |22 |2516 |4 |5/2,7/2 |
49 |22 |2664.36 |4 |(3/2)+ |
49 |22 |2720.6 |10 |(11/2+,13/2,15/2-) |57 FS 27
49 |22 |2721.30 |6 | |
49 |22 |2980.5 |3 |(7/2-,9/2-) |0.13 PS 8
49 |22 |3038.68 |9 |( 5/2-) |
49 |22 |3042.5 |5 |7/2-,9/2,11/2- |24 FS 15
49 |22 |3175.292 |8 |1/2- |54.8 FS 18
49 |22 |3260.703 |7 |3/2- |11.2 FS 5
49 |22 |3290.3 |5 |(17/2)- |0.07 PS LT
49 |22 |3428.25 |3 |3/2- |
49 |22 |3451 |7 |(7/2-,9/2-) |
49 |22 |3469.02 |3 |1/2- |
49 |22 |3511 |5 |5/2- |
49 |22 |3606 |3 |(5/2)+ |
49 |22 |3618.48 |13 |5/2- |
49 |22 |3639 |12 | |
49 |22 |3700.7 |22 |(5/2,7/2,9/2) |
49 |22 |3746 |4 |5/2-,7/2- |
49 |22 |3747 |10 |+ |
49 |22 |3784.7 |22 |5/2-,7/2- |
49 |22 |3787.67 |6 |3/2- |16 FS LT
49 |22 |3818 |10 | |
49 |22 |3854.98 |7 |5/2- |
49 |22 |3916 |10 | |
49 |22 |3940.7 |22 |(5/2,7/2,9/2) |
49 |22 |3967 |5 |- |
49 |22 |3990 |10 | |
49 |22 |4074.16 |22 |5/2-,7/2- |
49 |22 |4142 |4 |(5/2-) |
49 |22 |4195 |12 |5/2-,7/2- |
49 |22 |4221.802 |23 |1/2- |22 FS LT
49 |22 |4242 |4 |7/2- |
49 |22 |4300 |15 |- |
49 |22 |4340 |15 |- |
49 |22 |4382.3 |7 |(19/2)- |0.12 PS LT
49 |22 |4433.26 |4 |3/2- |
49 |22 |4456 |12 |1/2+ |
49 |22 |4489 |15 |- |
49 |22 |4506.9 |10 |5/2+ |
49 |22 |4561 |10 |1/2+ |
49 |22 |4584 |10 |+ |
49 |22 |4588.24 |4 |3/2- |
49 |22 |4621 |20 | |
49 |22 |4666.666 |21 |1/2- |
49 |22 |4725 |10 | |
49 |22 |4770 |12 |3/2+,5/2+ |
49 |22 |4811.01 |10 | |
49 |22 |4836 |12 | |
49 |22 |4897 |12 |3/2+,5/2+ |
49 |22 |4910.84 |5 |1/2- |
49 |22 |5063 |12 |(5/2-) |
49 |22 |5115.562 |21 |1/2- |10 FS LT
49 |22 |5121 |10 |11/2+,13/2+ |
49 |22 |5151.11 |10 |(3/2) |
49 |22 |5173 |12 |5/2-,7/2- |
49 |22 |5200 |15 |+ |
49 |22 |5232 |15 |3/2-,1/2- |
49 |22 |5254.5 |25 |1/2+ |
49 |22 |5325.8 |13 |5/2+,3/2+ |
49 |22 |5347 |15 |(5/2-) |
49 |22 |5375 |12 | |
49 |22 |5412.03 |9 |1/2+ |19 FS +12-10
49 |22 |5437 |12 |3/2-,1/2- |
49 |22 |5579 |12 | |
49 |22 |5606 |10 | |
49 |22 |5655 |12 |(3/2,1/2)- |
49 |22 |5693 |12 |5/2+,3/2+ |
49 |22 |5737.9 |12 |3/2-,1/2- |
49 |22 |5774 |15 |1/2+ |
49 |22 |5795.67 |13 |(3/2-,1/2-) |
49 |22 |5861 |15 |5/2- |
49 |22 |5910 |15 |- |
49 |22 |5931 |12 |1/2+ |
49 |22 |5965 |12 |(5/2)- |
49 |22 |6010 |12 |5/2- |
49 |22 |6012 |15 |3/2+,5/2+ |
49 |22 |6078 |12 |1/2+ |
49 |22 |6091 |15 | |
49 |22 |6125 |10 | |
49 |22 |6145 |12 | |
49 |22 |6168 |12 | |
49 |22 |6231 |10 | |
49 |22 |6269 |10 | |
49 |22 |6279 |15 |(5/2-) |
49 |22 |6513 |10 | |
49 |22 |7329 |15 |3/2+,5/2+ |
49 |22 |7626 |15 |3/2+,5/2+ |
49 |22 |8132.605 |29 |1/2+ |
49 |22 |8153.65 |3 |1/2-,3/2- |
49 |22 |8155.54 |3 |1/2-,3/2- |
49 |22 |8159.63 |4 |1/2+ |
49 |22 |8163.56 |5 |1/2-,3/2- |
49 |22 |8178.44 |4 |1/2+ |
49 |22 |8193.23 |11 |1/2+ |
49 |22 |8724 |6 |5/2-,7/2- |
49 |22 |8881.6 |9 |7/2+ |2.29 EV 43
49 |22 |8890 | |3/2+,5/2+ |
49 |22 |9720 | | |
49 |22 |10972 |15 |(1/2+) |
49 |22 |11110 |15 |(3/2+,5/2+) |
49 |22 |11700 | |(1/2-,3/2-) |
50 |22 |0.0 | |0+ |STABLE
50 |22 |1553.778 |7 |2+ |1.061 PS 35
50 |22 |2674.910 |8 |4+ |5.3 PS 11
50 |22 |3198.706 |11 |6+ |418 PS 17
50 |22 |3862.79 |4 |(2)+ |
50 |22 |3868.2 |20 |0+ |0.50 PS 23
50 |22 |3974.9 |10 | |
50 |22 |4147 |7 |3-,4- |
50 |22 |4147.189 |11 |4+ |33 FS +7-5
50 |22 |4171.968 |17 |3+ |0.83 PS GT
50 |22 |4172.5 |4 |(2+) |11 FS LT
50 |22 |4309.85 |11 |2+ |6.1 FS 12
50 |22 |4409.99 |3 |3- |2.8 NS LT
50 |22 |4486.71 |6 |(2+) |
50 |22 |4536 |20 | |
50 |22 |4576 |20 | |
50 |22 |4789.95 |6 |2+ |14 FS LT
50 |22 |4880.676 |12 |5+ |215 FS +45-35
50 |22 |4928 |8 |(1:6)- |
50 |22 |4.94E+3 |2 |(2)+ |
50 |22 |5125 |15 | |
50 |22 |5186.069 |15 |(3,4)+ |6.9 FS LT
50 |22 |5191 |8 |3-,4- |
50 |22 |5336 |6 |(1:6)- |
50 |22 |5379.907 |16 |4+ |33 FS +9-7
50 |22 |5407 |8 |3-,4- |
50 |22 |5440.72 |20 |4+,5+ |
50 |22 |5528 |8 |3-,4- |
50 |22 |5547.78 |4 |(4+) |
50 |22 |5.56E+3 |2 |(3)- |
50 |22 |5561 |6 |(2:5)+ |
50 |22 |5600 |6 |(2:5)+ |
50 |22 |5633 |15 |0+ |
50 |22 |5694.83 |8 |2+,3+ |
50 |22 |5717 |6 | |
50 |22 |5771 |9 |3-,4- |
50 |22 |5787 |5 |(4)+ |
50 |22 |5795 |9 |(1:6)- |
50 |22 |5806.51 |16 |4+,5+,6+ |
50 |22 |5837.2 |6 |(2:5)(+) |26 FS +19-14
50 |22 |5880 |9 |(0:7)+ |
50 |22 |5945 |5 |(3)- |
50 |22 |5946.442 |19 |3+,4+ |19 FS 5
50 |22 |6044 |5 |3-,4- |
50 |22 |6045 |15 |0+ |
50 |22 |6068 |15 |(2)+ |
50 |22 |6123.11 |4 |(4+) |38 FS +12-9
50 |22 |6136.2 |7 |(7)+ |
50 |22 |6156.44 |22 |(2,3,4)+ |
50 |22 |6182 |8 |(0:7)+ |
50 |22 |6213 |5 |(1:6)(-) |
50 |22 |6250 |6 |(0:7)+ |
50 |22 |6301.76 |4 |2-,3- |
50 |22 |6379.83 |14 |(5)- |19 FS LT
50 |22 |6392 |6 |(2:5)+ |
50 |22 |6399.77 |15 |(3)- |
50 |22 |6461 |9 |(1:6)- |
50 |22 |6481.1 |4 |(3)+ |17 FS LT
50 |22 |6521.36 |4 |(3,4)+ |7.6 FS +35-28
50 |22 |6540.6 |8 |(8)+ |
50 |22 |6548 |15 | |
50 |22 |6583 |10 |(1:6)- |
50 |22 |6609 |5 |(3)- |
50 |22 |6636 |6 |(0:7)+ |
50 |22 |6665 |10 |(1:6)- |
50 |22 |6710.530 |22 |4+ |11 FS 5
50 |22 |6729.82 |6 |3- |
50 |22 |6770 |10 |(0:7)+ |
50 |22 |6770.4 |10 |(9)+ |
50 |22 |6837.60 |7 |(2+,3,4+) |
50 |22 |6849.00 |8 |5- |
50 |22 |6864 |5 |(2:5)+ |
50 |22 |6933 |15 | |
50 |22 |6975 |5 |3-,4- |
50 |22 |7029.37 |25 |2+,3+,4+ |
50 |22 |7047 |10 |(3)- |
50 |22 |7049 |20 |(2:5)+ |
50 |22 |7078.68 |23 |3- |
50 |22 |7094 |20 |(1:6)- |
50 |22 |7115 |10 |(1)+ |
50 |22 |7132 |20 |3- |
50 |22 |7.19E3 |6 |0+ |
50 |22 |7210 |10 |(3)- |
50 |22 |7232.16 |23 |(2)+ |
50 |22 |7249 |6 |(2:5)+ |
50 |22 |7280 |20 |(1:7)+ |
50 |22 |7293 |10 | |
50 |22 |7335 |10 |(2)+ |
50 |22 |7387 |6 |(3-) |
50 |22 |7407 |20 |(2:5)+ |
50 |22 |7447 |20 | |
50 |22 |7471 |20 |(2:5)+ |
50 |22 |7482.92 |7 |(2)+ |
50 |22 |7536 |10 |(3)- |
50 |22 |7539.5 |22 | |
50 |22 |7572.5 |12 |(10)+ |
50 |22 |7577 |10 |0+,1+ |
50 |22 |7605 |11 |3- |
50 |22 |7631 |20 |(2:5)+ |
50 |22 |7667 |12 |2+ |
50 |22 |7699 |10 |(3)- |
50 |22 |7734 |15 | |
50 |22 |7808 |15 |(0+) |
50 |22 |7862 |10 |0+,1+ |
50 |22 |7925 |10 |(5)- |
50 |22 |7941 |15 | |
50 |22 |8035 |10 |(4)+ |
50 |22 |8074 |10 |(1)+ |
50 |22 |8148 |10 | |
50 |22 |8205 |10 |(3)- |
50 |22 |8238 |10 |0+,1+ |
50 |22 |8257.7 |24 | |
50 |22 |8287 |10 |(3)- |
50 |22 |8407 |12 | |
50 |22 |8444 |10 |0+,1+ |
50 |22 |8.56E+3 |2 |1+ |
50 |22 |8578 |10 |(3)- |
50 |22 |8606 |10 |(1)+ |
50 |22 |8.64E+3 |2 |2- |
50 |22 |8726 |10 |(2-) |
50 |22 |8755 |7 | |
50 |22 |8793.5 |17 |(11+) |
50 |22 |8.81E+3 |2 |1+ |
50 |22 |8815 |10 |(3)- |
50 |22 |8.87E+3 |2 |(2+) |
50 |22 |8881 |10 |(2,3)- |
50 |22 |8971 |10 |(3)- |
50 |22 |9.03E+3 |2 |(1)+ |
50 |22 |9.05E+3 |2 |2- |
50 |22 |9061 |12 | |
50 |22 |9127 |10 | |
50 |22 |9188 |15 | |
50 |22 |9.21E+3 |2 |1+ |
50 |22 |9232 |10 |(4+,5-) |
50 |22 |9240 |20 |(1+,2) |
50 |22 |9.28E+3 |2 |(1,2-) |
50 |22 |9282 |10 |(5-,6+) |
50 |22 |9339 |10 |(3)- |
50 |22 |9367 |10 |(1+) |
50 |22 |9391 |10 |(4)+ |
50 |22 |9442 |10 | |
50 |22 |9504 |10 | |
50 |22 |9508 |10 |(5-,6+) |
50 |22 |9550 |10 | |
50 |22 |9614 |10 |(1)+ |
50 |22 |9752 |10 |(3)- |
50 |22 |9790 | |(1)+ |
50 |22 |9809 |10 | |
50 |22 |9842 |10 |(4-,5+) |
50 |22 |9909 |10 |(3)- |
50 |22 |9964 |10 |1+ |
50 |22 |9999 |10 |(3)- |
50 |22 |10.00E+3 |2 |(2-,1+) |
50 |22 |10047 |9 |(1)+ |
50 |22 |10.14E+3 |2 |(1+,2-) |
50 |22 |10.17E+3 |2 |1+ |
50 |22 |10205 |10 |(1)+ |
50 |22 |10237 |10 |(1+,2-,3-) |
50 |22 |10357 |14 |1+ |
50 |22 |10.38E+3 |2 |(2-,1+) |
50 |22 |10472 |11 |1+ |
50 |22 |10495 |10 |(3)- |
50 |22 |10.54E+3 |2 |(1+,2-) |
50 |22 |10.58E+3 |2 |1+ |
50 |22 |10.66E+3 |2 |1+ |
50 |22 |10.80E+3 |2 |1+ |
50 |22 |10.87E+3 |2 |(1,2-) |
50 |22 |10.90E+3 |2 |2+ |
50 |22 |10.91E+3 |2 |(1)+ |
50 |22 |10939.19 |4 |3-,4- |
50 |22 |10942.94 |4 |3- |0.26 KEV 3
50 |22 |10943.89 |4 |(2:5)+ |
50 |22 |10946.67 |4 |(2:5)+ |
50 |22 |10947.45 |5 |4- |0.28 KEV 3
50 |22 |10.95E+3 |2 |1 |
50 |22 |10952.09 |4 |(2:5)+ |
50 |22 |10952.89 |4 |(2:5)+ |
50 |22 |10953.67 |5 |(2:5)+ |
50 |22 |10955.91 |5 |(2:5)+ |
50 |22 |10957.41 |5 |(2:5)+ |
50 |22 |10957.86 |5 |3- |126 EV 23
50 |22 |10960.63 |5 |3- |149 EV 17
50 |22 |10961.65 |5 |(2:5)+ |
50 |22 |10961.73 |5 |3- |0.65 KEV 12
50 |22 |10964.51 |6 |(2:5)+ |
50 |22 |10965.94 |6 |4- |0.37 KEV 6
50 |22 |10966.93 |6 |(2:5)+ |
50 |22 |10967.25 |6 |(2:5)+ |
50 |22 |10968.22 |6 |(2:5)+ |
50 |22 |10968.39 |6 |(2:5)+ |
50 |22 |10.97E+3 |2 |(2-,3+) |
50 |22 |10970.13 |6 | |32 EV 16
50 |22 |10970.94 |6 |4- |1.4 KEV 4
50 |22 |10972.61 |4 |(2:5)+ |
50 |22 |10973.80 |6 |(2:5)+ |
50 |22 |10974.64 |6 |(2:5)+ |
50 |22 |10975.15 |6 | |0.0026 EV 7
50 |22 |10975.41 |6 |(2:5)+ |0.39 KEV 10
50 |22 |10976.81 |6 |4- |1.51 KEV 18
50 |22 |10980.84 |6 |(3)+ |
50 |22 |10981.05 |6 | |
50 |22 |10981.76 |6 |(4)+ |
50 |22 |10982.31 |7 |(3)+ |
50 |22 |10984.21 |7 |(3)+ |
50 |22 |10987.91 |7 |(3)+ |
50 |22 |10988.38 |7 | |
50 |22 |10988.63 |7 |(5)+ |
50 |22 |10989.60 |7 |(3) |0.23 KEV 6
50 |22 |10990.11 |8 | |
50 |22 |10991.32 |8 | |
50 |22 |10994.86 |8 |4- |0.53 KEV 9
50 |22 |10996.41 |8 | |
50 |22 |10996.72 |8 | |
50 |22 |10997.39 |8 | |
50 |22 |10998.05 |9 |3- |0.45 KEV 11
50 |22 |10998.31 |9 |(2:5)+ |
50 |22 |11000.04 |10 |(2:5)+ |
50 |22 |11001.13 |10 |(3) |0.23 KEV 12
50 |22 |11001.34 |10 |(2:5)+ |
50 |22 |11005.43 |10 |3- |
50 |22 |11005.91 |10 |(2:5)+ |
50 |22 |11009.74 |10 |(2:5)+ |
50 |22 |11009.93 |10 |(2:5)+ |
50 |22 |11010.47 |10 |(2:5)+ |
50 |22 |11014.34 |11 |4- |0.89 KEV 20
50 |22 |11015.54 |11 | |
50 |22 |11015.96 |11 |(2:5)+ |
50 |22 |11.03E+3 |2 |(1,2-) |
50 |22 |11033.8 |3 |3- |
50 |22 |11043.4 |3 |3- |
50 |22 |11.07E+3 |2 |1 |
50 |22 |11075.2 |4 |4- |
50 |22 |11082.0 |4 |3- |
50 |22 |11087.3 |5 |3- |
50 |22 |11088.3 |5 |4- |
50 |22 |11106.3 |5 |4- |
50 |22 |11108.0 |5 |4- |
50 |22 |11111.8 |5 |4- |
50 |22 |11120.2 |5 |3- |
50 |22 |11121.2 |6 |4- |
50 |22 |11123.1 |6 |3- |
50 |22 |11.13E+3 |2 |(2,1+) |
50 |22 |11132.2 |6 |4- |
50 |22 |11143.5 |6 |3- |
50 |22 |11150.8 |6 |4- |
50 |22 |11159.2 |7 |3- |
50 |22 |11173.4 |7 |4- |
50 |22 |11.19E+3 |2 |(1-,2-) |
50 |22 |11.22E+3 |2 |(2-,1+) |
50 |22 |11.29E+3 |2 |3 |
50 |22 |11.31E+3 |2 |(2-,1+) |
50 |22 |11.35E+3 |2 |(2-,1+) |
50 |22 |11.42E+3 |2 |2- |
50 |22 |11.61E+3 |2 |1 |
50 |22 |11.83E+3 |2 |2- |
50 |22 |13.83E+3 |6 |(2+) |
50 |22 |15.39E3 |2 |(1)+ |
50 |22 |16.01E+3 |6 |(0+) |
50 |22 |16.58E+3 |6 |0+ |
51 |22 |0.0 | |3/2- |5.76 M 1
51 |22 |1166.7 |3 |1/2- |34 FS 4
51 |22 |1437.3 |3 |7/2- |0.42 PS +37-15
51 |22 |1567.5 |3 |(5/2)- |86 FS +26-21
51 |22 |2144.0 |3 |5/2- |0.11 PS 2
51 |22 |2198.1 |4 |3/2- |10 FS 3
51 |22 |2344.6 |4 |(11/2-) |9.6 PS 16
51 |22 |2691.4 |8 |7/2- |
51 |22 |2731.2 |4 |(7/2,9/2)- |
51 |22 |2754.2 |7 |(15/2-) |0.8 NS 3
51 |22 |2905.8 |5 |1/2- |7.6 FS 2
51 |22 |2919.3 |4 |(5/2,7/2)- |14 FS LT
51 |22 |3062.3 |4 |(7/2,9/2)- |
51 |22 |3173.8 |5 |3/2- |11.8 FS 21
51 |22 |3237.4 |21 |(5/2,7/2,9/2) |
51 |22 |3618.5 |4 |(5/2to9/2)- |
51 |22 |3644.1 |12 |(13/2,17/2) |
51 |22 |3771.3 |6 |9/2+ |116 FS +21-17
51 |22 |4022 |10 |(5/2-,7/2-) |
51 |22 |4095.0 |15 |(7/2,9/2) |
51 |22 |4172 |10 |(3/2+,5/2+) |
51 |22 |4186.6 |21 |(5/2,7/2,9/2) |
51 |22 |4470 |10 | |
51 |22 |4569 |10 |1/2-,3/2- |
51 |22 |4602 |10 |(3/2+,5/2+) |
51 |22 |4757 |10 | |
51 |22 |4820 |10 |1/2+ |
51 |22 |4882 |10 |1/2+ |
51 |22 |4882.1 |21 |(5/2,7/2,9/2)- |
51 |22 |4998 |10 | |
51 |22 |5013 |10 | |
51 |22 |5102 |10 | |
51 |22 |5149 |10 |5/2-,7/2- |
51 |22 |5224 |10 | |
51 |22 |5420 |20 | |
51 |22 |5540 |20 | |
51 |22 |5780 |30 | |
51 |22 |5950 |30 | |
51 |22 |6140 |30 | |
51 |22 |6250 |30 | |
52 |22 |0.0 | |0+ |1.7 M 1
52 |22 |1049.73 |10 |2+ |3.9 PS 4
52 |22 |2264.2 |3 |2+ |35 FS +20-13
52 |22 |2317.65 |14 |4+ |
52 |22 |2431.62 |15 |2+ |70 FS LE
52 |22 |3028.75 |25 |(6+) |25 PS 4
52 |22 |3143.2 |7 | |
52 |22 |3349.9 |3 |4+ |
52 |22 |3452.7 |3 |3- |
52 |22 |3588.8 |10 |2+ |62 FS LT
52 |22 |3872 |8 |3- |
52 |22 |3922.2 |4 |2+ |
52 |22 |4022.3 |4 | |
52 |22 |4058 |8 |(4+) |
52 |22 |4077.6 |7 | |
52 |22 |4098 |8 |0+,1- |
52 |22 |4212 |6 |1- |
52 |22 |4286.1 |10 | |
52 |22 |4287.8 |4 |(8+) |
52 |22 |4324 |8 |1-,0+ |
52 |22 |4477.9 |4 | |
52 |22 |4691 |8 |1-,0+ |
52 |22 |4786.6 |4 |(2+) |
52 |22 |4823 |8 | |
52 |22 |4909 |8 | |
52 |22 |5010 |8 | |
52 |22 |6691.2 |11 |(10+) |
52 |22 |8855.2 |12 | |
52 |22 |9086.2 |12 | |
53 |22 |0.0 | |(3/2)- |32.7 S 9
53 |22 |1237.06 |17 |(5/2-) |
53 |22 |1576.28 |17 |7/2- |
53 |22 |2205.84 |24 |9/2- |
53 |22 |2498.1 |3 |11/2- |
53 |22 |2755.9 |4 |13/2- |
53 |22 |3143.1 |4 |15/2- |
53 |22 |4802.3 |6 |(17/2-) |
53 |22 |5729.4 |6 |(17/2-) |
53 |22 |6056.7 |7 |(21/2-) |
53 |22 |6631.0 |7 | |
53 |22 |8131.7 |9 | |
54 |22 |0.0 | |0+ |2.1 S 10
54 |22 |1494.8 |8 |(2+) |1.06 PS 19
54 |22 |2496.0 |10 |(4+) |
54 |22 |2515.8 |13 |(2+) |
54 |22 |2936.0 |18 |(6+) |
54 |22 |3000.4 |4 | |
54 |22 |3338.7 |6 | |
54 |22 |3461.5 |5 | |
54 |22 |5111.1 |19 |(7+) |
54 |22 |5459.1 |19 |(8+) |
54 |22 |5903.1 |20 |(8+) |
54 |22 |6187.1 |20 |(9+) |
54 |22 |6432.1 |23 |(10+) |
55 |22 |0.0 | |(1/2)- |1.3 S 1
55 |22 |592.0 |5 |(5/2-) |
55 |22 |955 |6 |(3/2)- |
55 |22 |1796.0 |7 |(7/2-) |
55 |22 |2147.0 |7 |(9/2-) |
55 |22 |2807.0 |9 |(13/2-) |
55 |22 |3582.0 |10 |(17/2-) |
55 |22 |5463.1 |11 |(19/2-) |
56 |22 |0.0 | |0+ |0.200 S 5
56 |22 |1128.2 |4 |(2+) |
56 |22 |2288.2 |7 |(4+) |
56 |22 |2978.4 |8 |(6+) |
56 |22 |4209.8 |14 | |
57 |22 |0.0 | |(5/2-) |98 MS 5
58 |22 |0.0 | |0+ |58 MS 9
58 |22 |1047 |4 |2+ |
58 |22 |2038 |6 |(4+) |
58 |22 |2423 |18 |( 3) |
58 |22 |2657 |7 |(6+) |
58 |22 |2881 |27 |( 3) |
59 |22 |0.0 | | |58 MS 17
60 |22 |0.0 | |0+ |22 MS 2
60 |22 |0.0 | |0+ |22 MS 2
60 |22 |0.0 | |0+ |22 MS 2
60 |22 |0.0 | |0+ |22 MS 2
60 |22 |850 |5 |(2+) |
60 |22 |850 |5 |(2+) |
60 |22 |1716 |7 |(4+) |
60 |22 |1716 |7 |(4+) |
61 |22 |0 | |(1/2-) |15 MS 4
62 |22 |0 | |0+ |620 NS GT
63 |22 |0 | | |360 NS GT
64 |22 |0 | |0+ |620 NS GT
