42 |23 |0.0 | | |55 NS LT
43 |23 |0 | | |79.3 MS 24
43 |23 |8.25E3 |23 |(3/2+) |
44 |23 |0 | |(2)+ |111 MS 7
44 |23 |0+X | |(6)+ |150 MS 3
45 |23 |0.0 | |7/2- |547 MS 6
45 |23 |56.7 |5 |(5/2-) |4.2 NS LE
45 |23 |56.8 |6 |(3/2-) |0.43 US 8
45 |23 |385.9 |5 |(3/2+) |
45 |23 |797.2 |5 |(5/2+) |
45 |23 |1272.2 |4 |(7/2+) |
45 |23 |1324.0 |5 |(9/2-) |
45 |23 |1462.0 |5 |(11/2-) |
45 |23 |1916.5 |6 |(9/2+) |
45 |23 |2489.1 |6 |(11/2+) |
45 |23 |2626.3 |6 |(13/2-) |
45 |23 |3004.4 |6 |(15/2-) |
45 |23 |3444.6 |12 |(13/2+) |
45 |23 |3604.5 |7 |(17/2-) |
45 |23 |3910.2 |12 |(15/2+) |
45 |23 |4391.7 |7 |(19/2-) |
45 |23 |4800 |53 |(7/2-) |
45 |23 |5685.7 |14 |(19/2+) |
45 |23 |6206.6 |11 |(23/2-) |
45 |23 |7159.5 |11 |(27/2-) |
46 |23 |0.0 | |0+ |422.50 MS 11
46 |23 |801.46 |10 |3+ |1.02 MS 7
46 |23 |914.93 |10 |2+ |
46 |23 |993.6 |3 |1+ |
46 |23 |1179.6 |4 |4+ |
46 |23 |1224.88 |14 |5+ |0.42 NS 14
46 |23 |1236.5 |6 |(0-) |
46 |23 |1254 | |(3-) |
46 |23 |1262.6 | | |
46 |23 |1366.5 |3 |2 |
46 |23 |1376.1 |4 |3+ |
46 |23 |1431.8 |5 |(1,2) |
46 |23 |1539.8 |3 |6+ |
46 |23 |1604.21 |24 |7+ |0.75 NS 12
46 |23 |1665.9 |4 |3 |
46 |23 |1725.6 |4 |5+ |
46 |23 |1795.8 |12 | |
46 |23 |1833.9 |9 | |
46 |23 |1956.0 |4 |4- |
46 |23 |2054.8 |4 |4+ |
46 |23 |2062.5 |10 | |
46 |23 |2299 |15 | |
46 |23 |2370.9 |6 |(3,4) |
46 |23 |2388.0 |5 |5- |
46 |23 |2429.9 |16 | |
46 |23 |2449 |15 |(1+,2+) |
46 |23 |2564 |15 | |
46 |23 |2686 |15 | |
46 |23 |2756.9 |8 | |
46 |23 |2814.9 |9 | |
46 |23 |2833.9 |8 | |
46 |23 |2867.6 |12 | |
46 |23 |2877 |15 | |
46 |23 |2923.6 |5 |6- |
46 |23 |2977 |15 | |
46 |23 |3093.6 |4 |9+ |
46 |23 |3110.7 |7 | |
46 |23 |3145.3 |7 | |
46 |23 |3188.9 |16 | |
46 |23 |3217 |15 | |
46 |23 |3266 |15 | |
46 |23 |3315.1 |6 |8+ |
46 |23 |3365.7 |8 |6+ |
46 |23 |3406.0 |11 |(6-) |
46 |23 |3407.8 |11 | |
46 |23 |3522.0 |9 |7- |
46 |23 |3615 |15 | |
46 |23 |3641.4 |7 |7+ |
46 |23 |3658 |15 | |
46 |23 |3731 |15 | |
46 |23 |3791 |15 | |
46 |23 |3871 |15 | |
46 |23 |3881 |15 | |
46 |23 |4010 |AP | |
46 |23 |4183.6 |6 |8- |
46 |23 |4224.8 |7 |(7-) |
46 |23 |4330 |AP | |
46 |23 |4476.0 |7 |(8-) |
46 |23 |4566.1 |8 |11+ |
46 |23 |4844.3 |11 |(8+) |
46 |23 |4917.4 |7 |10+ |
46 |23 |4932.4 |11 |9- |
46 |23 |4946.1 |8 |(9-) |
46 |23 |5282.4 |7 |10- |
46 |23 |6255.3 |13 |11- |
46 |23 |7104.7 |11 |13+ |
46 |23 |7165.5 |10 |12- |
46 |23 |7727.8 |11 |(11+) |
46 |23 |8199.4 |15 |13- |
46 |23 |8268.2 |13 |(12+) |
46 |23 |8487.6 |13 |15+ |
46 |23 |9811.5 |15 |14- |
46 |23 |10104.6 |17 |(14+) |
46 |23 |10850.5 |18 |15- |
46 |23 |11756.7 |17 |(16+) |
46 |23 |11779.3 |18 |16- |
46 |23 |13630.6 |21 |17- |
47 |23 |0.0 | |3/2- |32.6 M 3
47 |23 |87.525 |9 |5/2- |0.68 NS 4
47 |23 |145.821 |15 |7/2- |0.51 NS 6
47 |23 |259.486 |4 |3/2+ |58 PS 6
47 |23 |660.358 |9 |5/2+ |1.6 PS 12
47 |23 |1138.55 |3 |7/2+ |1.59 PS 35
47 |23 |1271.80 |5 |9/2- |0.25 PS 8
47 |23 |1294.96 |6 |11/2- |1.59 PS 44
47 |23 |1660.62 |12 |1/2+ |0.37 PS 16
47 |23 |1746.96 |4 |9/2+ |0.56 PS 8
47 |23 |1968.92 |3 |3/2+ |0.44 PS 12
47 |23 |2082.72 |2 |3/2- |14.6 FS 35
47 |23 |2175.86 |4 |5/2- |15 FS 5
47 |23 |2211.75 |3 |1/2- |83 FS 21
47 |23 |2415.0 |4 |11/2+ |0.39 PS 4
47 |23 |2439.54 |4 |5/2+ |65 FS 14
47 |23 |2546 |8 |5/2-,7/2- |
47 |23 |2558.8 |5 |13/2- |0.42 PS 14
47 |23 |2615.0 |5 |15/2- |0.679 PS 49
47 |23 |2722.63 |7 |5/2- |36 FS 10
47 |23 |2747.12 |16 |9/2- |25 FS 10
47 |23 |2767.32 |6 |(1/2)- |10.4 FS 28
47 |23 |2810.04 |12 |7/2+ |0.11 PS 3
47 |23 |2984.29 |11 |7/2- |5 FS 2
47 |23 |3005.45 |3 |3/2- |6 FS 2
47 |23 |3054.22 |15 |5/2- |5 FS 2
47 |23 |3247.73 |8 |7/2- |76 FS 21
47 |23 |3270.3 |5 |13/2+ |0.173 PS 28
47 |23 |3303.53 |4 |3/2 |32 FS 7
47 |23 |3355.49 |13 |5/2+ |5 FS 2
47 |23 |3362.65 |9 |1/2 |2.8 FS 14
47 |23 |3370.52 |4 |1/2,3/2,5/2+ |11.8 FS 21
47 |23 |3370.56 |8 |3/2 |5 FS LT
47 |23 |3517.08 |15 |5/2 |6.9 FS LT
47 |23 |3524.60 |12 |7/2+ |9.7 FS 28
47 |23 |3590.35 |6 |5/2 |6 FS 2
47 |23 |3659.71 |14 |(7/2) |14 FS 4
47 |23 |3694.4 |3 |5/2,3/2+ |6 FS 3
47 |23 |3718.0 |3 |7/2,5/2,9/2+ |
47 |23 |3721.29 |13 |7/2+ |15 FS 6
47 |23 |3762.7 |3 |1/2to5/2 |
47 |23 |3773.4 |2 |(1/2) |11 FS LT
47 |23 |3822.6 |2 |1/2,3/2 |19 FS 9
47 |23 |3869.0 |3 |5/2 |9.7 PS 35
47 |23 |3875.8 |3 |5/2,3/2- |8 FS LT
47 |23 |3876.0 |2 |7/2- |11 FS LT
47 |23 |3890.1 |2 |1/2,3/2,5/2+ |3.5 PS LT
47 |23 |3892.26 |11 |3/2,5/2+ |24 FS 18
47 |23 |3952.6 |4 |7/2 |37 FS 14
47 |23 |3954.3 |6 |15/2+ |0.166 PS 28
47 |23 |3958.7 |3 |3/2+ |9.0 FS 28
47 |23 |3984.97 |17 |7/2,3/2+,5/2+ |24 FS 9
47 |23 |4080.60 |12 |3/2+ |15 FS 4
47 |23 |4099.06 |14 |5/2-,3/2- |8.3 FS LT
47 |23 |4100.31 |10 |3/2- |5.5 FS 21
47 |23 |4118.12 |14 |3/2,1/2,5/2 |13 FS 4
47 |23 |4133.0 |7 |19/2- |0.417 PS 28
47 |23 |4150.35 |11 |5/2(-) |7 FS LT
47 |23 |4197.3 |3 |5/2 |11 FS LT
47 |23 |4207.10 |14 |3/2,1/2,5/2 |
47 |23 |4222.48 |6 |5/2 |11 FS LT
47 |23 |4271.60 |20 |7/2,3/2+,5/2+ |
47 |23 |4271.75 |12 |(1/2) |11 FS LT
47 |23 |4296 |12 |(7/2)- |
47 |23 |4345.19 |10 |(1/2+) |9 FS LT
47 |23 |4346.8 |12 | |
47 |23 |4392.80 |20 |1/2-,3/2- |24 FS LT
47 |23 |4402.6 |3 |7/2,5/2,9/2 |28 FS LT
47 |23 |4406.4 |4 | |
47 |23 |4453.7 |2 |7/2 |11 FS 6
47 |23 |4509.52 |14 |7/2,3/2,5/2+ |
47 |23 |4510.01 |14 |5/2,3/2- |8.3 FS LT
47 |23 |4514.5 |3 |3/2,1/2,5/2- |
47 |23 |4543.02 |2 |03/2,1/2,5/2+ |
47 |23 |4568.68 |20 |5/2 |9 FS LT
47 |23 |4613 |20 | |
47 |23 |4694.33 |11 |5/2+,3/2+ |8.3 FS LT
47 |23 |4719.2 |3 |3/2,1/2,5/2- |
47 |23 |4733.8 |3 |9/2 |15 FS LT
47 |23 |4792.9 |3 |1/2,3/2 |
47 |23 |4796.8 |3 |3/2,1/2-,5/2- |
47 |23 |4807.30 |14 |5/2 |15 FS 9
47 |23 |4852.5 |3 |5/2,1/2-,3/2- |
47 |23 |4907.6 |2 |5/2,3/2+,7/2+ |13 FS LT
47 |23 |4955.12 |13 |1/2,3/2,5/2+ |
47 |23 |4976.5 |3 | |
47 |23 |4998.7 |3 |5/2,7/2 |
47 |23 |4999.3 |7 |17/2+ |0.104 PS 35
47 |23 |5016.0 |3 |3/2,5/2+ |15 FS LT
47 |23 |5108.65 |13 |1/2,3/2,5/2+ |
47 |23 |5123.86 |14 |7/2,5/2+ |
47 |23 |5142.16 |9 |3/2,1/2-,5/2- |11 FS LT
47 |23 |5222.71 |20 |3/2,5/2+ |
47 |23 |5240.0 |3 |5/2,3/2+,7/2+ |5 FS LT
47 |23 |5244 |20 |1/2-,3/2- |
47 |23 |5387 |20 | |
47 |23 |5474 |20 | |
47 |23 |5538 |20 | |
47 |23 |5585 |12 |1/2-,3/2- |
47 |23 |5635.9 |3 |3/2- |19 FS LT
47 |23 |5711 |20 | |
47 |23 |5728.3 |11 |(19/2+) |0.080 PS 17
47 |23 |5738 |3 |1/2,3/2 |7 FS LT
47 |23 |5748 |20 | |
47 |23 |5853.41 |12 |1/2 |8 FS LT
47 |23 |5885.20 |21 |3/2 |7 FS LT
47 |23 |5887.33 |12 |1/2 |2 FS LT
47 |23 |5894.60 |13 |1/2 |5 FS LT
47 |23 |5903.0 |9 |(23/2-) |0.254 PS 18
47 |23 |5928 |20 | |
47 |23 |5961.2 |4 |1/2 |8.3 FS LT
47 |23 |5994.3 |4 |3/2 |6 FS LT
47 |23 |6024.00 |10 |1/2- |1.4 FS LT
47 |23 |6036.7 |13 |1/2+ |
47 |23 |6036.8 |10 |(21/2-) |0.14 PS LT
47 |23 |6087.43 |10 |5/2 |5 FS LT
47 |23 |6122.07 |10 |1/2 |3 FS LT
47 |23 |6132.60 |9 |1/2+ |1.4 FS LT
47 |23 |6157.52 |10 |(5/2) |17 FS LT
47 |23 |6165.97 |9 |3/2(-) |1.4 FS LT
47 |23 |6190.59 |10 |(3/2) |2 FS LT
47 |23 |6229.55 |10 |5/2+ |3 FS LT
47 |23 |6239.95 |10 |3/2 |0.7 FS LT
47 |23 |6270.93 |10 |(3/2) |0.4 FS LT
47 |23 |6296.60 |10 |3/2- |1.4 FS LT
47 |23 |6350.98 |10 |(3/2) |
47 |23 |6373.82 |10 |(1/2) |2 FS LT
47 |23 |6387.28 |10 |(5/2+) |3 FS LT
47 |23 |6392.5 |24 | |
47 |23 |6393.95 |10 |5/2+ |1.4 FS LT
47 |23 |6425.87 |13 |3/2 |1.4 FS LT
47 |23 |6427.39 |13 |5/2 |1.4 FS LT
47 |23 |6475.30 |10 |5/2+ |1.4 FS LT
47 |23 |6570 |20 | |
47 |23 |6679.73 |21 |7/2(-) |1.4 FS LT
47 |23 |6683.16 |12 | |
47 |23 |6693.23 |21 |1/2+ |0.9 FS LT
47 |23 |6700 | | |
47 |23 |6749 |20 | |
47 |23 |6869.0 |9 |21/2+ |0.21 PS LT
47 |23 |6895 |20 | |
47 |23 |6953.8 |3 |9/2+ |7 FS LT
47 |23 |7008 |20 | |
47 |23 |7398.9 |10 |(25/2-) |0.090 PS 14
47 |23 |7725.9 |14 |(23/2+) |0.069 PS 21
47 |23 |7883.4 |10 |(27/2-) |0.107 PS 12
47 |23 |8781.7 |13 |(25/2+) |
47 |23 |9610.5 |17 |(27/2+) |0.0984 PS 30
47 |23 |10004.6 |12 |(31/2-) |0.249 PS 17
47 |23 |10768.7 |11 |(29/2-) |0.055 PS LT
47 |23 |11094.5 |17 |(29/2+) |
47 |23 |11949.0 |20 |(31/2+) |0.083 PS 14
47 |23 |14036.8 |24 |(35/2-) |0.08 PS LT
47 |23 |14489.1 |21 |(33/2+) |0.069 PS LT
47 |23 |15258.2 |21 |(35/2+) |0.069 PS LT
48 |23 |0.0 | |4+ |15.9735 D 25
48 |23 |308.27 |5 |2+ |7.11 NS 4
48 |23 |420.67 |7 |1+ |135 PS LE
48 |23 |427.91 |8 |5+ |6.1 PS 10
48 |23 |518.67 |8 |1- |2.72 NS 6
48 |23 |613.38 |7 |4+ |15.0 PS 8
48 |23 |627.26 |10 |6+ |75.7 PS 39
48 |23 |745.01 |8 |2- |17.3 PS 18
48 |23 |764.96 |7 |3+ |2.6 PS LE
48 |23 |776.2 |10 |3,5 |
48 |23 |1055.84 |10 |3- |4.5 PS 11
48 |23 |1099.18 |12 |4- |4.5 PS 4
48 |23 |1120.8 |13 |2,3,4 |
48 |23 |1254.45 |20 |7+ |0.41 PS 10
48 |23 |1264.57 |16 |5+ |1.9 PS LE
48 |23 |1326 |8 | |
48 |23 |1521.21 |20 |2+ |3.0 PS LE
48 |23 |1557.52 |13 |4- |0.97 PS 28
48 |23 |1685.63 |23 |5(-) |0.60 PS 7
48 |23 |1691.5 |19 |2,3 |
48 |23 |1730 |8 |5+,6+,7+ |
48 |23 |1750.3 |7 |(6+) |
48 |23 |1764 |7 | |
48 |23 |1780.98 |14 |3+ |
48 |23 |1998.45 |16 |2-,3- |
48 |23 |2062.26 |21 |5(-) |2.1 PS LT
48 |23 |2098 |10 | |
48 |23 |2120 |10 |1+,2+,3+ |
48 |23 |2187 |10 |2-,3-,4- |
48 |23 |2197.7 |23 |2+ |
48 |23 |2231.81 |20 |8+ |0.215 PS 35
48 |23 |2258 |7 |1+,2+,3+,4+ |
48 |23 |2289.3 |10 |1+ |
48 |23 |2337.4 |14 |2,3,4 |
48 |23 |2398.40 |21 |6- |0.222 PS 21
48 |23 |2408.0 |7 |1+ |
48 |23 |2447.4 |17 |2+ |
48 |23 |2470 |3 |2-,3- |
48 |23 |2493.7 |19 |3,4,5 |
48 |23 |2577 |8 |1+,2+,3+,4+ |
48 |23 |2604.8 |23 |2,3,4 |
48 |23 |2620 |10 | |
48 |23 |2626.4 |3 |9+ |0.56 PS 8
48 |23 |2703.3 |7 |(7+) |
48 |23 |2708 |7 |4-,5-,6- |
48 |23 |2773 |13 |1+,2+,3+,4+ |
48 |23 |2779.26 |25 |(6-) |0.194 PS 28
48 |23 |2789.5 |23 |3-,4- |
48 |23 |2823 |3 |(4-) |
48 |23 |2884 |9 | |
48 |23 |2937 |8 |1+,2+,3+,4+ |
48 |23 |2959 |10 | |
48 |23 |3012 |3 |(1,2,3,4) |
48 |23 |3018.7 |10 |(0)+ |
48 |23 |3043 |9 |(0+) |
48 |23 |3074 |3 |1+,2+,3+,4+ |
48 |23 |3168 |15 |1+,2+,3+,4+ |
48 |23 |3174.55 |25 |(7-) |0.139 PS 14
48 |23 |3210.3 |5 |(8+) |
48 |23 |3243.4 |22 |2+ |
48 |23 |3294 |15 |1+,2+,3+,4+ |
48 |23 |3322 |15 |1+,2+,3+,4+ |
48 |23 |3371 |15 |1+,2+,3+,4+ |
48 |23 |3423.4 |3 |(7-) |0.132 PS 28
48 |23 |3440 |15 |1+,2+,3+,4+ |
48 |23 |3523 |15 |1+,2+,3+,4+ |
48 |23 |3565 |3 |2+,3+,4+ |
48 |23 |3702.4 |10 |1+ |
48 |23 |3736 |15 |1+,2+,3+,4+ |
48 |23 |3801 |15 |1+,2+,3+,4+ |
48 |23 |3866.1 |7 |1+ |
48 |23 |3981.1 |3 |(8-) |0.152 PS 21
48 |23 |4017 |15 |(2)+ |
48 |23 |4073.5 |4 |(8-) |0.097 PS 28
48 |23 |4086 |15 |1+,2+,3+,4+ |
48 |23 |4150.3 |5 |(10+) |
48 |23 |4306.9 |4 |11+ |0.36 PS 4
48 |23 |4360.7 |5 |(8-) |0.083 PS 28
48 |23 |4368.4 |8 |(9+) |
48 |23 |4395.9 |3 |(9-) |0.90 PS 14
48 |23 |4581.2 |3 |(9-) |0.39 PS 4
48 |23 |4674.9 |10 | |
48 |23 |4698 |15 |1+ |
48 |23 |4798 |15 |1+ |
48 |23 |4968.9 |6 |(10+) |
48 |23 |5204.1 |5 |(10-) |0.28 PS 7
48 |23 |5568.8 |6 |(11+) |
48 |23 |5898.0 |4 |(11-) |0.62 PS 7
48 |23 |6214.8 |7 |(12+) |
48 |23 |6243.5 |8 |13+ |0.194 PS 28
48 |23 |7334.1 |11 |(12-) |0.118 PS 21
48 |23 |7334.9 |9 |(12+) |
48 |23 |7944.1 |10 |(13-) |0.090 PS 14
48 |23 |7973.2 |9 |(13+) |0.14 PS LT
48 |23 |8286.4 |10 |(15,13) |
48 |23 |8495.7 |9 |(14+) |0.069 PS LT
48 |23 |8585.5 |10 |14 |
48 |23 |8712.7 |10 |(15+) |0.118 PS 28
48 |23 |9910.2 |23 |(14-) |0.056 PS LT
48 |23 |10449.6 |14 |(15-) |0.056 PS LT
48 |23 |12643.8 |13 |(16-) |
48 |23 |13281.8 |15 |(17-) |
49 |23 |0.0 | |7/2- |330 D 15
49 |23 |90.6392 |17 |5/2- |228 PS 13
49 |23 |152.9282 |17 |3/2- |19.90 NS 24
49 |23 |748.27 |9 |3/2+ |5.3 PS 6
49 |23 |1021.62 |11 |11/2- |3.4 PS 6
49 |23 |1140.53 |11 |5/2+ |1.3 PS 6
49 |23 |1155.32 |10 |9/2- |1.1 PS 3
49 |23 |1183 | | |
49 |23 |1514.54 |7 |5/2- |31 FS 12
49 |23 |1602.68 |12 |7/2+ |0.47 PS 22
49 |23 |1610 | |(9/2-,11/2-) |
49 |23 |1643.19 |18 |(3/2-,5/2) |36 FS 11
49 |23 |1646.43 |21 |(1/2+) |6.6 PS 10
49 |23 |1661.40 |13 |3/2- |16 FS 7
49 |23 |1994.7 |4 |3/2(+) |0.49 PS 21
49 |23 |2178.3 |4 |9/2+ |0.56 PS +49-28
49 |23 |2182.0 |4 |7/2- |33 FS 12
49 |23 |2204 | |(5/2-,7/2-) |
49 |23 |2234.0 |7 |5/2 |12 FS 8
49 |23 |2263.30 |21 |15/2- |0.65 PS +38-19
49 |23 |2265.3 |3 |5/2- |35 FS 9
49 |23 |2279 | |1/2-,3/2- |
49 |23 |2309.4 |6 |3/2- |14 FS 7
49 |23 |2353.4 |4 |9/2- |33 FS 12
49 |23 |2388.0 |5 |5/2+ |57 FS 20
49 |23 |2408.3 |4 |(7/2-) |8 FS LT
49 |23 |2671.0 |3 |(11/2)- |11 FS LT
49 |23 |2671.3 |9 |7/2-,9/2,11/2+ |33.3 PS LT
49 |23 |2680.0 |15 |(7/2,9/2) |
49 |23 |2727.5 |3 |15/2- |0.10 PS 4
49 |23 |2741.0 |5 |11/2+ |0.39 PS +36-17
49 |23 |2786.4 |3 |(9/2)- |11 FS LT
49 |23 |2796.6 |15 | |
49 |23 |2808.3 |7 |5/2+ |0.32 PS 6
49 |23 |2810.9 |5 |5/2-,7/2- |12 FS LT
49 |23 |2861.5 |5 |13/2- |0.10 PS 6
49 |23 |3017.3 |7 | |33.3 PS LT
49 |23 |3133.9 |5 |(9/2,11/2,13/2) |0.22 PS +8-4
49 |23 |3134.0 |6 |7/2,9/2(+) |33.3 PS LT
49 |23 |3152.1 |10 | |
49 |23 |3224 |1 |(1/2,3/2,5/2-) |
49 |23 |3239.5 |9 |7/2- |33.3 PS LT
49 |23 |3242 |2 |(3/2,5/2,7/2-) |
49 |23 |3248 | |1/2+ |
49 |23 |3259.5 |4 |( 9/2) |
49 |23 |3303.2 |9 |3/2-,5/2,7/2,9/2 |33.3 PS LT
49 |23 |3305 |3 |(13/2-) |
49 |23 |3325 |2 |(1/2+to7/2+) |
49 |23 |3325.2 |4 |(17/2-) |
49 |23 |3340.5 |11 | |33.3 PS LT
49 |23 |3341.8 |7 |(13/2+) |
49 |23 |3342 |2 |(1/2+to9/2+) |
49 |23 |3388 |1 |(3/2,5/2-) |
49 |23 |3388.5 |9 |5/2,7/2 |33.3 PS LT
49 |23 |3405 | |(3/2)- |
49 |23 |3462.9 |17 |(3/2+to9/2+) |33.3 PS LT
49 |23 |3479 |3 |(7/2-) |
49 |23 |3500.6 |10 | |33.3 PS LT
49 |23 |3516 |2 |(3/2-to9/2) |
49 |23 |3521 |2 |( 9/2) |
49 |23 |3531 |2 |( 7/2-) |
49 |23 |3531.1 |6 |5/2-,7/2,9/2+ |33.3 PS LT
49 |23 |3603 |2 | |
49 |23 |3609 |3 |(7/2-) |
49 |23 |3612 |6 |( 11/2-) |
49 |23 |3623.9 |20 | 9/2 |33.3 PS LT
49 |23 |3639.8 |8 |(7/2-) |33.3 PS LT
49 |23 |3665.9 |7 |11/2 |33.3 PS LT
49 |23 |3671 |2 |(1/2+to9/2+) |
49 |23 |3678 |2 |(7/2)- |
49 |23 |3694 |6 |3/2+,5/2+ |
49 |23 |3721 |2 |( 7/2)- |
49 |23 |3741 |2 |1/2-,3/2- |
49 |23 |3742.4 |6 |(19/2-) |
49 |23 |3757 |2 |5/2-,7/2- |
49 |23 |3771 |2 |(1/2+to9/2+) |
49 |23 |3782 |2 |( 9/2) |
49 |23 |3795 |3 |(-) |
49 |23 |3816 |2 |( 7/2-) |
49 |23 |3825 |3 |(-) |
49 |23 |3841 |2 |1/2(+),3/2,5/2- |
49 |23 |3885.2 |27 | |
49 |23 |3912 |2 |(3/2)- |
49 |23 |3927 |2 |(1/2+to9/2+) |
49 |23 |3960 |2 |(3/2-,5/2,7/2-) |
49 |23 |3975 |3 |(-) |
49 |23 |4002 |2 |(3/2)- |
49 |23 |4035 |2 |(3/2-to9/2+) |
49 |23 |4048 |3 | |
49 |23 |4064 |6 | |
49 |23 |4088 |2 |3/2(-),5/2,7/2- |
49 |23 |4098 |2 |( 7/2-) |
49 |23 |4129 |2 |(5/2)- |
49 |23 |4152 |2 | |
49 |23 |4165 |3 | |
49 |23 |4218 |2 |(3/2)- |
49 |23 |4253 |2 |1/2-,3/2- |
49 |23 |4259 |2 |(3/2,5/2,7/2) |
49 |23 |4270 |2 | |
49 |23 |4289 |2 |3/2+,5/2+ |
49 |23 |4316 |11 | |
49 |23 |4359 |2 | |
49 |23 |4373 |2 |1/2-,3/2- |
49 |23 |4397 |2 |5/2-,7/2- |
49 |23 |4422 |2 | |
49 |23 |4436 |6 | |
49 |23 |4470 |6 | |
49 |23 |4498 |2 |5/2(-),7/2(-) |
49 |23 |4502 | |1/2-,3/2- |
49 |23 |4540 |2 | |
49 |23 |4590 |2 | |
49 |23 |4599 | | |
49 |23 |4635 |2 |(5/2)- |
49 |23 |4662 |6 |3/2+,5/2+ |
49 |23 |4740 |2 |3/2+,5/2+ |
49 |23 |4796 |6 |( 11/2) |
49 |23 |4840 |2 |1/2-,3/2- |
49 |23 |4863 |6 | |
49 |23 |4885 |6 | |
49 |23 |4947 |2 |1/2-,3/2- |
49 |23 |4959 | |1/2+ |
49 |23 |4988 |6 | |
49 |23 |5010 |6 |5/2-,7/2- |
49 |23 |5042 |2 | |
49 |23 |5057 | |1/2-,3/2- |
49 |23 |5072 | |3/2+,5/2+ |
49 |23 |5134 |6 | |
49 |23 |5212 |2 |1/2-,3/2- |
49 |23 |5230 |2 | |
49 |23 |5257 | |1/2-,3/2- |
49 |23 |5292 |6 |1/2+ |
49 |23 |5347 |6 |(3/2+,5/2+) |
49 |23 |5387 |6 |1/2-,3/2- |
49 |23 |5411 |6 |5/2-,7/2- |
49 |23 |5522 | |1/2+ |
49 |23 |5529.7 |7 |(21/2-) |
49 |23 |5554 | | |
49 |23 |5597 | |1/2-,3/2- |
49 |23 |5631 | |(3/2+,5/2+) |
49 |23 |5676 | |1/2-,3/2- |
49 |23 |5689.9 |8 |(23/2-) |
49 |23 |5718 | |1/2-,3/2- |
49 |23 |5826 | |5/2-,7/2- |
49 |23 |5889 | |1/2-,3/2- |
49 |23 |5931 | |(3/2+,5/2+) |
49 |23 |5947 | |5/2-,7/2- |
49 |23 |5987 | |1/2-,3/2- |
49 |23 |6045 | |1/2-,3/2- |
49 |23 |6058 | |(3/2+,5/2+) |
49 |23 |6146 | |1/2-,3/2- |
49 |23 |6184 | | |
49 |23 |6220 | |1/2-,3/2- |
49 |23 |6258 | | |
49 |23 |6286 | | |
49 |23 |6333 | |1/2-,3/2- |
49 |23 |6368 | | |
49 |23 |6392 | | |
49 |23 |6430 | | |
49 |23 |6474 | | |
49 |23 |6521 | | |
49 |23 |6555 | |1/2-,3/2- |
49 |23 |6563 | |(3/2+,5/2+) |
49 |23 |6603 | |1/2-,3/2- |
49 |23 |6661 |30 | |
49 |23 |6683 |30 | |
49 |23 |6711 |30 | |
49 |23 |6816 |30 | |
49 |23 |6844.9 |8 |(23/2-) |
49 |23 |6856 |30 | |
49 |23 |6892 |30 | |
49 |23 |6943 |30 | |
49 |23 |6978 |30 | |
49 |23 |7054 |30 | |
49 |23 |7099 |30 | |
49 |23 |7137 |30 | |
49 |23 |7240 |30 | |
49 |23 |7290 |30 | |
49 |23 |7365 |30 | |
49 |23 |7430 |30 | |
49 |23 |7478 |30 | |
49 |23 |7554 |30 | |
49 |23 |7605 |30 | |
49 |23 |7645 |30 | |
49 |23 |7745.0 | |3/2- |8.9 EV 30
49 |23 |7750 | |3/2- |6.7 EV 20
49 |23 |7801.4 |8 |(25/2-) |
49 |23 |7838.7 |21 |(1/2-) |
49 |23 |7910.2 |21 |(1/2-) |
49 |23 |7943.5 |21 |(3/2-) |
49 |23 |8013.0 |21 |(3/2-) |
49 |23 |8058.1 |21 |(3/2,5/2+) |
49 |23 |8071.8 |21 |(5/2) |
49 |23 |8092.6 | |(1/2-) |53 EV 15
49 |23 |8104.2 | |3/2(-),5/2 |
49 |23 |8117.5 | |3/2 |
49 |23 |8131.5 |21 |(3/2-) |
49 |23 |8192 |30 | |
49 |23 |8246 |30 | |
49 |23 |8290.3 | |3/2(-) |
49 |23 |8371 |30 | |
49 |23 |8405 |30 | |
49 |23 |8416.1 |9 |(27/2-) |
49 |23 |8444 |30 | |
49 |23 |8525.3 |21 |(5/2) |
49 |23 |8628.2 |21 |(3/2-) |
49 |23 |8633.1 |21 |(5/2) |
49 |23 |8640.9 |21 |(3/2-) |
49 |23 |8642.9 |21 |(3/2-,5/2) |
49 |23 |8682.0 |21 |(5/2) |
49 |23 |8784.9 |21 |(5/2) |
49 |23 |8788.8 |21 |(5/2-) |
49 |23 |8851.5 |21 |(5/2-,7/2-) |
49 |23 |8867.2 |21 |(5/2) |
49 |23 |8877.0 |21 |(5/2) |
49 |23 |8880.9 |21 |(5/2) |
49 |23 |8890.7 |21 |(3/2-) |
49 |23 |8893.6 |21 |(5/2-) |
49 |23 |8895.6 |21 |(5/2) |
49 |23 |8902.5 |21 |(5/2) |
49 |23 |8912.2 |21 |(5/2) |
49 |23 |8921.1 |21 |(5/2+) |
49 |23 |8925.0 |21 |(7/2-) |
49 |23 |8927.9 |21 |(5/2) |
49 |23 |8942.6 |21 |(5/2) |
49 |23 |8945 |25 |(1/2+) |
49 |23 |8965.1 |21 |(5/2+) |
49 |23 |8998.5 |21 |(1/2-) |
49 |23 |9008.2 |21 |(5/2+) |
49 |23 |9029.8 |21 |(5/2) |
49 |23 |9037.6 |21 |(5/2) |
49 |23 |9044.5 |21 |(7/2-) |
49 |23 |9056.2 |21 |(5/2) |
49 |23 |9071.9 |21 |(5/2) |
49 |23 |9075.8 |21 |(5/2) |
49 |23 |9078.8 |21 |(3/2-) |
49 |23 |9082.7 |21 |(3/2+) |
49 |23 |9089.5 |21 |(3/2-,5/2) |
49 |23 |9094.4 |21 |(5/2) |
49 |23 |9118.0 |21 |(5/2) |
49 |23 |9131.7 |21 |(5/2) |
49 |23 |9135.6 |21 |(5/2) |
49 |23 |9148.3 |21 |(5/2) |
49 |23 |9154.2 |21 |(5/2+) |
49 |23 |9161.1 |21 |(1/2-,3/2) |
49 |23 |9167.9 |21 |(5/2) |
49 |23 |9168.9 |21 |(3/2-) |
49 |23 |9174.8 |21 |(5/2) |
49 |23 |9182.6 |21 |(5/2) |
49 |23 |9193.4 |21 |(5/2,7/2+) |
49 |23 |9195.3 |21 |(5/2) |
49 |23 |9568 |10 |(1/2-) |
49 |23 |9662 |10 |3/2- |
49 |23 |10230 |10 |(5/2)- |
49 |23 |10925 |7 |(5/2)+ |
49 |23 |11150 |7 |(9/2+) |
50 |23 |0.0 | |6+ |1.4E+17 Y +4-3
50 |23 |226.25 |21 |5+ |3.7 PS LT
50 |23 |320.20 |23 |4+ |56 PS 12
50 |23 |355.5 |3 |3+ |3 NS LT
50 |23 |388.5 |4 |2+ |
50 |23 |836.2 |4 |5+ |54 FS 22
50 |23 |910.0 |4 |5+,6+,7+ |43 FS 8
50 |23 |910.2 |4 |4+ |68 FS 9
50 |23 |1301.5 |4 |2+,3+ |48 FS 8
50 |23 |1331.6 |5 |(1)+ |17 FS 6
50 |23 |1402.0 |4 |2+,3+ |0.8 PS GT
50 |23 |1495.4 |5 |(1)+ |44 FS 7
50 |23 |1518.5 |4 |2+,3+ |164 FS 26
50 |23 |1561.8 |4 |2+,3+ |0.7 PS +4-2
50 |23 |1677.3 |4 |(3)+ |0.32 PS GT
50 |23 |1700.2 |10 |3+,4+,5+ |0.35 PS 10
50 |23 |1703.2 |20 | |
50 |23 |1719.0 |15 | |
50 |23 |1724.6 |4 |(8)+ |0.14 PS 6
50 |23 |1725.2 |14 | |
50 |23 |1752.3 |6 |3+,4,5+ |1.3 PS GT
50 |23 |1761.5 |7 | |5 FS LT
50 |23 |1762.2 |11 | |
50 |23 |1811.0 |7 |1+,2+,3+ |2.9 PS GT
50 |23 |1881.2 |11 |4(+),5(+),6(+) |15 FS 8
50 |23 |1936 |3 |(0:5)+ |
50 |23 |1954 |3 |1+ |
50 |23 |2038 |3 |3+,4+,5+ |
50 |23 |2111 |3 |3+,4+,5+ |
50 |23 |2132 |4 |3+,4+,5+ |
50 |23 |2162 |3 |3-,4- |
50 |23 |2312.6 |11 |3+,4+,5+ |
50 |23 |2344 |3 |3+,4+,5+ |
50 |23 |2398 |5 |(2:5)+ |
50 |23 |2424 |4 |3-,4- |
50 |23 |2425 |8 |(1)+ |
50 |23 |2455 |3 |3+,4+,5+ |
50 |23 |2478.3 |6 |(9+) |0.24 PS +28-14
50 |23 |2484 |10 |(0:7)+ |
50 |23 |2494 |4 |(0to7)+ |
50 |23 |2511 |3 |3-,4- |
50 |23 |2532 |10 |(1)+ |
50 |23 |2534 |5 |3-,4- |
50 |23 |2597 |3 |3-,4- |
50 |23 |2652 |4 |(2:5)+ |
50 |23 |2736 |4 |(3,4,5)+ |
50 |23 |2762 |5 |(5,6,7)+ |
50 |23 |2791 |3 |1+,2+,3+ |
50 |23 |2812 |7 |(1)+ |
50 |23 |2828 |6 | |
50 |23 |2842.0 |11 |(5+,6+,7+) |
50 |23 |2877 |5 |3-,4- |
50 |23 |2929 |4 |(0:7)+ |
50 |23 |2957 |5 |(1:6)- |
50 |23 |2966 |7 |(2:5)+ |
50 |23 |2991 |4 |(1+) |
50 |23 |3013 |5 |(0:7)+ |
50 |23 |3097 |4 |(2:5)+ |
50 |23 |3111 |6 |(1:6)- |
50 |23 |3141 |4 |(3+) |
50 |23 |3169 |5 |(1:4) |
50 |23 |3209 |10 |3-,4- |
50 |23 |3230 |10 |(0)+ |
50 |23 |3271 |5 |3+,4+,5+ |
50 |23 |3296 |5 |3+,4+,5+ |
50 |23 |3312 |5 | |
50 |23 |3402 |15 | |
50 |23 |3431 |6 |(2:5)+ |
50 |23 |3462 |5 |(0)+ |
50 |23 |3537 |10 |(2:5)+ |
50 |23 |3542 | |(1:6)- |
50 |23 |3555 |7 |(0,1)+ |
50 |23 |3606 |8 |(0:7) |
50 |23 |3658 |5 |(2+,3+) |
50 |23 |3700 |5 |(2:5)+ |
50 |23 |3722 |5 |0+,1+ |
50 |23 |3729.4 |8 |(10+) |28 FS +56-28
50 |23 |3749 |5 |(1+,3-,4-) |
50 |23 |3769 |15 |(1)+ |
50 |23 |3796 |8 |3+ |
50 |23 |3811 |10 |3+,4+,5+ |
50 |23 |3846 |8 |1+,2+,3+ |
50 |23 |3878 |10 |(2:5)+ |
50 |23 |3914 |10 |(2:5)+ |
50 |23 |3940 |8 |(1:4) |
50 |23 |3963 |10 |(2:5)+ |
50 |23 |4073 |8 |(2:5)+ |
50 |23 |4116 |10 |(0:7)+ |
50 |23 |4146 |8 |2+,3+ |
50 |23 |4195 |10 | |
50 |23 |4213 |10 | |
50 |23 |4234 |10 | |
50 |23 |4262 |10 |2+,3+ |
50 |23 |4292.3 |10 |(11+) |0.24 PS 7
50 |23 |4294 |10 | |
50 |23 |4334 |15 |(1:6)- |
50 |23 |4361 |10 |(2:5)+ |
50 |23 |4396 |10 |(2:5)+ |
50 |23 |4430 |8 |(2:5)+ |
50 |23 |4431 |15 |(1)+ |
50 |23 |4480 | |(1:6)- |
50 |23 |4501 |8 |(1:6)- |
50 |23 |4541 |8 | |
50 |23 |4570 |8 |3-,4- |
50 |23 |4599 |8 |(2:5)+ |
50 |23 |4653 |8 |(2:5)+ |
50 |23 |4704 |15 |(1:6)- |
50 |23 |4722 |15 |(1+) |
50 |23 |4774 |15 |(1:6) |
50 |23 |4815 |10 |(0)+ |
50 |23 |4833 |15 |(2:5)+ |
50 |23 |4864 |15 | |
50 |23 |4904 |11 |1+,2+,3+ |
50 |23 |4936 |11 |1+,2+,3+ |
50 |23 |5026 |11 | |
50 |23 |5060 |11 |(2:5)+ |
50 |23 |5107 |11 |(2:5)+ |
50 |23 |5172 |15 |(1+) |
50 |23 |5264 |15 | |
50 |23 |5288 |15 | |
50 |23 |5320 |11 | |
50 |23 |5352 |15 | |
50 |23 |5405 |11 | |
50 |23 |5440 | |(2:5)+ |
50 |23 |5491 |15 |(1+) |
50 |23 |5543 |11 |1+,2+,3+ |
50 |23 |5664 |19 | |
50 |23 |5752 |11 |(1+) |
50 |23 |5782 |11 |1+,2+,3+ |
50 |23 |5829 |11 | |
50 |23 |5871 |15 | |
50 |23 |5896 |11 | |
50 |23 |5948 |11 |2+,3+ |
50 |23 |6080 |15 | |
50 |23 |6124 |15 | |
50 |23 |6179 |15 |(1+,2+,3+) |
50 |23 |6222 |15 | |
50 |23 |6267 |15 |(1+,2+,3+) |
50 |23 |6341 |15 | |
50 |23 |6390 |12 |(0:7)+ |
50 |23 |6464 |15 | |
50 |23 |6558 |15 | |
50 |23 |6601 |15 | |
50 |23 |6652 |15 | |
50 |23 |6685 |15 | |
50 |23 |6744 |15 | |
50 |23 |6804 |15 | |
50 |23 |6833 |15 | |
50 |23 |6883 |15 | |
50 |23 |6929 |15 | |
50 |23 |6969 |15 | |
50 |23 |6989 |15 | |
50 |23 |7092 |15 | |
50 |23 |7106 |15 | |
50 |23 |7173 |15 | |
50 |23 |7206 |15 | |
50 |23 |7321 |15 | |
50 |23 |7386 |15 | |
50 |23 |7442 |15 | |
50 |23 |7520 |20 |(0:7)+ |
50 |23 |8050 |20 |(0:7)+ |
50 |23 |8.59E+3 |3 |(0)+ |
50 |23 |8771 | | |
50 |23 |8814.5 |15 | |
50 |23 |8816.7 |15 | |
50 |23 |8842.4 |15 | |
50 |23 |8844.6 |15 | |
50 |23 |8850.1 |15 | |
50 |23 |8857.0 |15 | |
50 |23 |8866.8 |15 | |
50 |23 |8872.2 |15 | |
50 |23 |8878.1 |15 | |
50 |23 |8881.3 |15 | |
50 |23 |8885.7 |15 | |
50 |23 |8892.1 |15 | |
50 |23 |8895.7 |15 | |
50 |23 |8897.0 |15 | |
50 |23 |8898.8 |15 | |
50 |23 |8901.6 |15 | |
50 |23 |8906.4 |15 | |
50 |23 |8908.9 |15 | |
50 |23 |8910.7 |15 | |
50 |23 |8913.6 |15 | |
50 |23 |8917.3 |15 | |
50 |23 |8920.4 |15 | |
50 |23 |8923.5 |15 | |
50 |23 |8925.4 |15 | |
50 |23 |8928.2 |15 | |
50 |23 |8936.1 |15 | |
50 |23 |8940.2 |15 | |
50 |23 |8944.2 |15 | |
50 |23 |8952.3 |15 | |
50 |23 |8960.1 |15 | |
50 |23 |8961.8 |15 | |
50 |23 |8966.6 |15 | |
50 |23 |8968.5 |15 | |
50 |23 |8970.5 |15 | |
50 |23 |8975.3 |15 | |
50 |23 |8978.7 |15 | |
50 |23 |8989.7 |15 | |
50 |23 |8992.5 |15 | |
50 |23 |8995.1 |15 | |
50 |23 |8998.8 |15 | |
50 |23 |9006.5 |15 | |
50 |23 |9014.0 |15 | |
50 |23 |9016.8 |15 | |
50 |23 |9019.0 |15 | |
50 |23 |9020.1 |15 | |
50 |23 |9024.0 |15 | |
50 |23 |9027.4 |15 | |
50 |23 |9029.0 |15 | |
50 |23 |9031.7 |15 | |
50 |23 |9034.3 |15 | |
50 |23 |9037.0 |15 | |
50 |23 |9040.3 |15 | |
50 |23 |9041.7 |15 | |
50 |23 |9044.9 |15 | |
50 |23 |9048.2 |15 | |
50 |23 |9053.3 |15 | |
50 |23 |9055.5 |15 | |
50 |23 |9059.3 |15 | |
50 |23 |9064.3 |15 | |
50 |23 |9067.4 |15 | |
50 |23 |9072.0 |15 | |
50 |23 |9075.0 |15 | |
50 |23 |9078.6 |15 | |
50 |23 |9083.7 |15 | |
50 |23 |9086.7 |15 | |
50 |23 |9089.6 |15 | |
50 |23 |9090.9 |15 | |
50 |23 |9094.6 |15 | |
50 |23 |9099.9 |15 | |
50 |23 |9102.8 |15 | |
50 |23 |9106.9 |15 | |
50 |23 |9109.6 |15 | |
50 |23 |9112.2 |15 | |
50 |23 |9114.8 |15 | |
50 |23 |9115 | | |
50 |23 |9118.0 |15 | |
50 |23 |9121.2 |15 | |
50 |23 |9128.0 |15 | |
50 |23 |9130.2 |15 | |
50 |23 |9133.8 |15 | |
50 |23 |9136.0 |15 | |
50 |23 |9143.4 |15 | |
50 |23 |9147.7 |15 | |
50 |23 |9150.5 |15 | |
50 |23 |9153.2 |15 | |
50 |23 |9156.8 |15 | |
50 |23 |9159.9 |15 | |
50 |23 |9164 | | |
50 |23 |9164.7 |15 | |
50 |23 |9166.0 |15 | |
50 |23 |9168.3 |15 | |
50 |23 |9170.2 |15 | |
50 |23 |9176.2 |15 | |
50 |23 |9177.8 |15 | |
50 |23 |9180.8 |15 | |
50 |23 |9182.1 |15 | |
50 |23 |9184.7 |15 | |
50 |23 |9190.7 |15 | |
50 |23 |9194.1 |15 | |
50 |23 |9199.2 |15 | |
50 |23 |9201.0 |15 | |
50 |23 |9205.6 |15 | |
50 |23 |9209.0 |15 | |
50 |23 |9258 | | |
50 |23 |9270 |20 |3-,4- |
50 |23 |9306.94 | | |
50 |23 |9454 | | |
50 |23 |9502 | | |
50 |23 |9531 | | |
50 |23 |9551 | | |
50 |23 |9649 | | |
50 |23 |9746 | | |
50 |23 |9844 | | |
50 |23 |10039 | | |
50 |23 |10136 | | |
50 |23 |10.24E+3 |2 |(1:6)(-) |
50 |23 |10283 | | |
50 |23 |10390 | | |
50 |23 |10478 | | |
50 |23 |10575 | | |
50 |23 |10.64E+3 |2 |(1:6)(-) |
50 |23 |10672 | | |
50 |23 |10770 | | |
50 |23 |10833 | | |
50 |23 |10.90E+3 |2 |3-,4- |
50 |23 |10931 | | |
50 |23 |11225 | | |
50 |23 |11.27E+3 |2 |(1:6)(-) |
50 |23 |11.44E+3 |2 |(1:6)(-) |
50 |23 |12.57E+3 |2 | |
51 |23 |0.0 | |7/2- |STABLE
51 |23 |320.0835 |4 |5/2- |184 PS 6
51 |23 |470 | | |
51 |23 |928.64 |4 |3/2- |8.3 PS 8
51 |23 |1010 | | |
51 |23 |1190 | | |
51 |23 |1609.236 |18 |11/2- |0.55 PS 4
51 |23 |1813.249 |16 |9/2- |0.58 PS 8
51 |23 |1910 | | |
51 |23 |2410.75 |9 |3/2- |13.9 FS 21
51 |23 |2546.4 |6 |1/2+ |0.7 PS GT
51 |23 |2600 | | |
51 |23 |2677.46 |11 |(3/2)+ |0.58 PS 10
51 |23 |2699.631 |24 |15/2- |5.5 PS 4
51 |23 |2790 |8 | |
51 |23 |2870 | | |
51 |23 |3083.52 |12 |(5/2)- |10.4 FS +35-21
51 |23 |3150 | |(3/2-) |
51 |23 |3215.5 |4 |3/2- |26 FS +14-10
51 |23 |3264.39 |17 |(5/2)- |53 FS +12-7
51 |23 |3279.99 |24 |(5/2) |139 FS +21-14
51 |23 |3310 | | |
51 |23 |3320 | |- |
51 |23 |3372 |10 |1/2-,3/2- |
51 |23 |3377.68 |4 |9/2- |56 FS 7
51 |23 |3381.1 |10 |(3/2,5/2)- |73 FS +17-14
51 |23 |3383.2 |6 |(9/2,11/2-) |67 FS 14
51 |23 |3385.587 |23 |13/2- |0.87 PS GT
51 |23 |3395.02 |3 |(13/2)- |15 FS +9-7
51 |23 |3412.8 |7 | |
51 |23 |3443.91 |21 |(1/2,3/2,5/2,7/2-) |7 FS
51 |23 |3454.09 |19 |9/2- |10 FS 3
51 |23 |3516.94 |4 |9/2- |17 FS 3
51 |23 |3555.5 |10 | |
51 |23 |3562.6 |6 |(3/2-,5/2,7/2-) |
51 |23 |3568.2 |10 |(1/2-,3/2,5/2,7/2) |0.08 PS +11-6
51 |23 |3576.78 |20 |(3/2-,5/2,7/2-) |0.06 PS +9-4
51 |23 |3614.065 |23 |(9/2,11/2)- |187 FS 35
51 |23 |3623.1 |4 |(3/2-) |
51 |23 |3632.03 |19 |(3/2,5/2,7/2)- |13 FS 3
51 |23 |3663.1 |20 |1/2-,3/2- |
51 |23 |3667.5 |5 | |
51 |23 |3678.5 |5 |3/2- |34 PS 4
51 |23 |3680.8 |7 | |
51 |23 |3723.1 |20 | |
51 |23 |3743 |8 | |
51 |23 |3748.2 |10 |1/2+ |
51 |23 |3765.3 |8 | |
51 |23 |3779.5 |4 |5/2+,7/2+ |26 FS 5
51 |23 |3796.5 |3 |3/2-,5/2-,7/2- |24 FS 6
51 |23 |3803.62 |3 |(9/2,11/2)- |
51 |23 |3810 | | |
51 |23 |3840 | | |
51 |23 |3873.72 |3 |15/2- |0.15 PS LT
51 |23 |3873.93 |11 | |
51 |23 |3902.36 |3 |9/2+,11/2+ |37 FS 19
51 |23 |3919.46 |4 |9/2- |14 FS 4
51 |23 |3939 |8 |+ |
51 |23 |3943.33 |3 |(9/2)- |90 FS 14
51 |23 |4002.56 |4 |(7/2,9/2)- |0.17 FS +11-6
51 |23 |4025.3 |2 |(5/2-,7/2) |17 FS LT
51 |23 |4030 |4 | |
51 |23 |4052.5 |5 |(-) |66 FS 21
51 |23 |4124.03 |4 |9/2-,11/2- |8 FS 3
51 |23 |4180 | |(1/2)- |
51 |23 |4200 |3 |3/2+,5/2+ |
51 |23 |4224.80 |4 |9/2-,11/2- |
51 |23 |4239.5 |6 |1/2-,3/2- |
51 |23 |4265.5 |11 |(1/2)- |
51 |23 |4323.0 |2 | |
51 |23 |4340 | | |
51 |23 |4445 |15 |(5/2,7/2)- |
51 |23 |4446.70 |3 |(9/2,11/2)- |
51 |23 |4450.7 |2 | |
51 |23 |4463.8 |2 | |
51 |23 |4465.4 |11 |(3/2-,5/2-,7/2-) |
51 |23 |4493.93 |3 |11/2-,13/2- |
51 |23 |4505 | |1/2+ |
51 |23 |4512 |10 |+ |
51 |23 |4521 |15 |5/2-,7/2- |
51 |23 |4535.4 |11 |(3/2)- |
51 |23 |4560.54 |4 |9/2-,11/2- |
51 |23 |4582.81 |4 |9/2- |
51 |23 |4633 |15 |5/2-,7/2- |
51 |23 |4651.0 |6 | |
51 |23 |4660.2 |4 | |
51 |23 |4670 | |(-) |
51 |23 |4680 | | |
51 |23 |4688.6 |11 | |
51 |23 |4755 |15 |(5/2-,7/2-) |
51 |23 |4768.5 |3 | |
51 |23 |4770.0 |5 |5/2- |
51 |23 |4775.4 |3 |9/2-,11/2- |
51 |23 |4790 | |- |
51 |23 |4810 | | |
51 |23 |4820.83 |10 |17/2- |0.14 PS 4
51 |23 |4838.3 |15 |9/2-,11/2- |
51 |23 |4843.4 |3 |3/2- |
51 |23 |4849 |15 |1/2-,3/2- |
51 |23 |4861.4 |6 |3/2- |
51 |23 |4885.3 |3 | |
51 |23 |4894.24 |5 |11/2-,13/2-,15/2- |
51 |23 |4907 | |1/2+ |
51 |23 |4916.15 |5 |(9/2,11/2,13/2)- |
51 |23 |4920 | |(-) |
51 |23 |4936.1 |6 | |
51 |23 |4944.6 |6 | |
51 |23 |4949.5 |5 | |
51 |23 |4964 |15 |1/2-,3/2- |
51 |23 |4977.7 |5 | |
51 |23 |5019.92 |4 |(9/2-,11/2-,13/2-) |
51 |23 |5030.26 |7 |(9/2-,11/2-,13/2-) |
51 |23 |5037 |10 |- |
51 |23 |5065 | |3/2+,5/2+ |
51 |23 |5069.8 |3 | |
51 |23 |5080.2 |4 |- |
51 |23 |5104 |15 |1/2+ |
51 |23 |5113.29 |5 |11/2-,13/2- |
51 |23 |5127 |15 |3/2+,5/2+ |
51 |23 |5138.0 |8 | |
51 |23 |5142 |15 |9/2-to15/2- |
51 |23 |5160 |15 |9/2-to15/2- |
51 |23 |5182.6 |7 |3/2+,5/2+ |
51 |23 |5188.43 |3 |11/2-,13/2-,15/2- |
51 |23 |5208.52 |4 |(9/2-,11/2-) |
51 |23 |5249.0 |5 | |
51 |23 |5256.02 |4 |11/2-,13/2-,15/2- |
51 |23 |5260 | | |
51 |23 |5292.3 |5 | |
51 |23 |5308.16 |6 |9/2- |
51 |23 |5312.0 |5 |(3/2-,5/2-) |
51 |23 |5325.46 |5 |(9/2-,11/2-) |
51 |23 |5333.26 |4 |(9/2-,11/2-,13/2-) |
51 |23 |5341.0 |7 |1/2-,3/2- |
51 |23 |5349.6 |11 |- |
51 |23 |5355 |2 | |
51 |23 |5394 |15 |9/2-to15/2- |
51 |23 |5400.8 |4 | |
51 |23 |5403.73 |7 |(9/2-,11/2-,13/2-) |
51 |23 |5424 |15 |(-) |
51 |23 |5433.46 |12 |19/2- |0.16 PS 5
51 |23 |5440 |15 |1/2-,3/2- |
51 |23 |5461.4 |5 |9/2-to15/2- |
51 |23 |5478.0 |5 | |
51 |23 |5496 | |3/2+,5/2+ |
51 |23 |5497 |15 |1/2-,3/2- |
51 |23 |5502 |15 |9/2-to15/2- |
51 |23 |5507.6 |10 | |
51 |23 |5511.9 |4 | |
51 |23 |5585 |15 |1/2-,3/2- |
51 |23 |5590.8 |4 |9/2-to15/2- |
51 |23 |5600 | |3/2+,5/2+ |
51 |23 |5616.7 |5 |9/2-,11/2- |
51 |23 |5628.62 |5 |(11/2-,13/2-) |
51 |23 |5689.4 |5 |9/2-to15/2- |
51 |23 |5720 |15 |1/2-,3/2- |
51 |23 |5734 |2 | |
51 |23 |5786.7 |6 |9/2-to15/2- |
51 |23 |5808.09 |6 |(11/2-) |
51 |23 |5817.71 |7 |(11/2-,13/2-) |
51 |23 |5838.2 |4 | |
51 |23 |5849.81 |4 |(9/2-,11/2-,13/2-) |
51 |23 |5899 |15 |9/2-to15/2- |
51 |23 |5913.59 |5 |(11/2-,13/2-) |
51 |23 |5943.23 |6 |(9/2-,11/2-,13/2-) |
51 |23 |5948.51 |6 |(9/2-,11/2-,13/2-) |
51 |23 |5958 |2 | |
51 |23 |5961 |20 | |
51 |23 |5981.38 |7 |(9/2-,11/2-) |
51 |23 |6005 |15 |11/2+,13/2+ |
51 |23 |6038.62 |6 |(9/2-,11/2-) |
51 |23 |6046.3 |8 |(1/2-) |
51 |23 |6056.5 |4 | |
51 |23 |6059.38 |7 |9/2-,11/2-,13/2- |
51 |23 |6073 |15 |9/2-to15/2- |
51 |23 |6100.76 |9 |(9/2-,11/2-,13/2-) |
51 |23 |6114.18 |6 |(11/2-,13/2-) |
51 |23 |6137.1 |5 | |
51 |23 |6172.1 |7 |1/2-,3/2- |
51 |23 |6181.0 |8 | |
51 |23 |6200.3 |5 | |
51 |23 |6220.8 |8 | |
51 |23 |6228.3 |5 | |
51 |23 |6241.0 |4 | |
51 |23 |6247.57 |16 |(21/2-) |0.15 PS 10
51 |23 |6260.03 |5 |11/2-,13/2- |
51 |23 |6264.49 |7 |(9/2-,11/2-,13/2-) |
51 |23 |6266.55 |8 |(11/2-) |
51 |23 |6297.15 |7 |9/2-,11/2-,13/2- |
51 |23 |6319 |2 | |
51 |23 |6344 |15 | |
51 |23 |6361.7 |5 | |
51 |23 |6379.85 |6 |9/2-,11/2-,13/2- |
51 |23 |6402.8 |6 | |
51 |23 |6437.76 |5 |(11/2-,13/2-) |
51 |23 |6455 |15 |9/2-to15/2- |
51 |23 |6464.12 |6 |(9/2-,11/2-,13/2-) |
51 |23 |6485.40 |8 |9/2-,11/2-,13/2- |
51 |23 |6495.94 |8 |(11/2-,13/2-) |
51 |23 |6529 |15 | |
51 |23 |6567.4 |5 | |
51 |23 |6570.44 |7 |11/2-,13/2- |
51 |23 |6579.42 |8 |(9/2-) |
51 |23 |6605 |15 | |
51 |23 |6636.0 |7 | |
51 |23 |6650 |2 | |
51 |23 |6675.45 |9 |(11/2-,13/2-) |
51 |23 |6694 |30 |(1/2,3/2)- |
51 |23 |6747 |30 | |
51 |23 |6830.66 |7 |(11/2-,13/2-) |
51 |23 |6888 |2 | |
51 |23 |6931.20 |6 |(11/2-,13/2-) |
51 |23 |6977.40 |6 |(9/2-,11/2-,13/2-) |
51 |23 |7047 |30 | |
51 |23 |7152 |30 | |
51 |23 |7272 |30 | |
51 |23 |7334.6 |5 |(23/2-) |0.28 PS +7-11
51 |23 |7348 |30 | |
51 |23 |7393 |30 | |
51 |23 |7442 |30 | |
51 |23 |7540 |30 | |
51 |23 |7590 |30 | |
51 |23 |7633 |30 | |
51 |23 |7682 |30 | |
51 |23 |7710 |30 | |
51 |23 |7940 |30 | |
51 |23 |8060.6 |11 | |
51 |23 |8171 |30 | |
51 |23 |8211.0 |7 |(25/2-) |
51 |23 |8305 |30 | |
51 |23 |8501 |30 | |
51 |23 |9399.7 |4 |3/2- |7 EV 2
51 |23 |9404.80 |25 |3/2- |47 EV 6
51 |23 |9411.5 |4 |3/2- |9 EV 2
51 |23 |10545 |10 |1/2- |4100 EV
51 |23 |10856 | |7/2- |
51 |23 |10988 | |5/2- |
51 |23 |11587.9 |4 |5/2- |3900 EV 1000
51 |23 |11603.7 |4 |3/2- |4100 EV 1000
51 |23 |11800 | | |
51 |23 |12300 |10 |1/2- |
51 |23 |12359 |10 |5/2- |
51 |23 |12555 |10 |3/2- |
51 |23 |13217 |10 |9/2+ |
52 |23 |0.0 | |3+ |3.743 M 5
52 |23 |17.156 |6 |2+,3+ |1.08 NS 22
52 |23 |22.764 |3 |(4)+ |
52 |23 |141.611 |6 |1+ |
52 |23 |147.845 |3 |4+ |
52 |23 |436.635 |9 |2+ |
52 |23 |793.545 |13 |3+ |
52 |23 |845.943 |12 |4+ |
52 |23 |881 |14 | |
52 |23 |1289.847 |22 |(1)+ |
52 |23 |1418.812 |14 |3+ |
52 |23 |1493.06 |20 |7+ |1.8 PS 10
52 |23 |1558.846 |16 |4+ |
52 |23 |1579.16 |4 | |
52 |23 |1664 |6 |1+ |
52 |23 |1732.572 |17 |(3-,4-) |
52 |23 |1759.623 |20 |3+ |
52 |23 |1770.173 |20 | |
52 |23 |1795.118 |16 |2+ |
52 |23 |1843 |12 |+ |
52 |23 |2100.828 |13 |3+ |
52 |23 |2152 |10 |1+ |
52 |23 |2168.637 |17 |4+ |
52 |23 |2318.03 |3 |3+ |
52 |23 |2347 | | |
52 |23 |2396 |10 |0+,(1+) |
52 |23 |2427.656 |19 |2+,3+ |
52 |23 |2473 |13 | |
52 |23 |2538.821 |24 |(3,4,5)+ |
52 |23 |2543.0 |3 |(9+) |5.5 PS 4
52 |23 |2559.38 |5 | |
52 |23 |2591 |10 |1+ |
52 |23 |2697 |10 |0+,(1+) |
52 |23 |2743.05 |5 | |
52 |23 |2775.88 |4 |+ |
52 |23 |2824.58 |3 | |
52 |23 |2858.876 |25 |(2,3,4)+ |
52 |23 |2881 |10 |1+,2+,3+ |
52 |23 |2910.38 |5 |+ |
52 |23 |2987.29 |3 | |
52 |23 |3009.15 |6 |+ |
52 |23 |3059.54 |4 |(2,3)+ |
52 |23 |3149 | | |
52 |23 |3184.31 |4 | |
52 |23 |3194.269 |17 |4+ |
52 |23 |3198.91 |6 | |
52 |23 |3243 |10 |+ |
52 |23 |3315.20 |6 |+ |
52 |23 |3333.19 |5 | |
52 |23 |3450.04 |5 |- |
52 |23 |3473.79 |6 |+ |
52 |23 |3509 |13 |- |
52 |23 |3538.51 |5 |(1,2)- |
52 |23 |3575.97 |4 |3+ |
52 |23 |3644.97 |6 |+ |
52 |23 |3687 |8 |- |
52 |23 |3729.61 |5 |3+ |
52 |23 |3733.15 |3 |+ |
52 |23 |3777.09 |3 |- |
52 |23 |3808.51 |3 |1+,2+,3+ |
52 |23 |3875 |12 |+ |
52 |23 |3940 |10 |- |
52 |23 |3960 |10 |+ |
52 |23 |4034 |10 |- |
52 |23 |4108.70 |5 | |
52 |23 |4120 |10 |- |
52 |23 |4278.70 |4 |- |
52 |23 |4285.26 |6 | |
52 |23 |4327 |15 |(8)- |
52 |23 |4419.58 |6 | |
52 |23 |4455 |15 |- |
52 |23 |4483.00 |11 | |
52 |23 |4518.90 |12 | |
52 |23 |4533 |10 |- |
52 |23 |4557 |15 |1+,2+,3+ |
52 |23 |4609.44 |13 |1+ |
52 |23 |4717 |8 |+ |
52 |23 |4755.02 |14 | |
52 |23 |4772 |10 |+ |
52 |23 |4904 |8 |+ |
52 |23 |4951 |15 | |
52 |23 |4986 |9 |(1,2,3)+ |
52 |23 |5038.88 |13 | |
52 |23 |5080 |8 |- |
52 |23 |5096 |15 | |
52 |23 |5187 |10 |- |
52 |23 |5233 |15 | |
52 |23 |5276 |8 |+ |
52 |23 |5344 |11 |+ |
52 |23 |5410 |15 |(1+,2+,3+) |
52 |23 |5488 |12 |+ |
52 |23 |5548 |8 |- |
52 |23 |5600 |15 | |
52 |23 |5646 |8 |+ |
52 |23 |5711 |15 | |
52 |23 |5744 |8 |(1,2,3)+ |
52 |23 |5813 |15 | |
52 |23 |5851 |8 |+ |
52 |23 |5946 |8 |+ |
52 |23 |6021 |15 | |
52 |23 |6086 |8 |+ |
52 |23 |6167 |8 |+ |
52 |23 |6225 |15 | |
52 |23 |6277 |10 |+ |
52 |23 |6326 |15 | |
52 |23 |6374 |15 | |
52 |23 |6406 |8 |+ |
52 |23 |6472 |15 | |
52 |23 |6519 |8 |+ |
52 |23 |6557 |15 | |
52 |23 |6590 |15 | |
52 |23 |6640 |15 |1+,2+,3+ |
52 |23 |6675 |15 | |
52 |23 |6744 |15 | |
52 |23 |6809 |15 | |
52 |23 |6844 |15 | |
52 |23 |6887 |12 | |
52 |23 |6919 |15 | |
52 |23 |7110 |25 | |
52 |23 |7311.22 |3 | |
52 |23 |7540 |25 | |
52 |23 |7850 |25 | |
52 |23 |8050 |25 | |
52 |23 |8250 |25 | |3.7 KEV 4
52 |23 |8400 |25 | |
52 |23 |8.62E3 | | |3.3 KEV 4
52 |23 |8760 |25 | |
52 |23 |8838 |15 |0+ |
52 |23 |9060 |25 | |
52 |23 |9310 |25 | |
52 |23 |9510 |25 | |
52 |23 |9.60E3 | | |11.7 KEV 12
52 |23 |10080 |25 | |
52 |23 |10650 |25 | |
53 |23 |0.0 | |7/2- |1.543 M 14
53 |23 |127.60 |8 |(5/2)- |0.7 NS LE
53 |23 |228.41 |8 |(3/2)- |4.0 NS 3
53 |23 |1091.24 |18 |11/2- |2.0 PS 3
53 |23 |1266.0 |9 |(7/2,9/2)- |1.1 PS GT
53 |23 |1549.6 |8 |(3/2)- |0.08 PS +9-5
53 |23 |1653 |4 |(9/2,11/2)- |0.45 PS GT
53 |23 |1852 |4 |- |
53 |23 |1904.01 |21 |(5/2)- |
53 |23 |1957.6 |6 |(1/2)- |0.03 PS LT
53 |23 |2084.0 |5 |(3/2)- |
53 |23 |2332 |8 |- |
53 |23 |2357 |8 |- |
53 |23 |2420.4 |3 |15/2- |0.9 PS 2
53 |23 |2524 |8 |- |
53 |23 |2550.6 |14 |(1/2)- |
53 |23 |2584.0 |4 |(3/2)- |
53 |23 |2636 |8 |+ |
53 |23 |2706 |8 |(-) |
53 |23 |2772 |8 |- |
53 |23 |2829.5 |4 |(5/2)- |
53 |23 |2888 |8 |+ |
53 |23 |2930.5 |20 |(3/2)- |
53 |23 |2967 |8 |- |
53 |23 |3062 |8 | |
53 |23 |3107 |8 | |
53 |23 |3158 |8 |- |
53 |23 |3263 |8 | |
53 |23 |3320 |8 | |
53 |23 |3348 |8 | |
53 |23 |3411 |8 | |
53 |23 |3492 |8 | |
53 |23 |3520 |8 | |
53 |23 |3573 |8 | |
53 |23 |3661 |8 | |
53 |23 |3692 |8 | |
53 |23 |3738 |8 | |
53 |23 |3784 |8 | |
53 |23 |3841 |8 | |
53 |23 |3947 |8 | |
53 |23 |3999 |8 | |
53 |23 |4042 |8 | |
53 |23 |4085.2 |6 |(17/2,19/2-) |0.7 PS GT
53 |23 |4143 |8 | |
53 |23 |4187 |8 | |
53 |23 |4218 |8 | |
53 |23 |4263 |8 | |
53 |23 |4306 |8 | |
53 |23 |4345 |8 | |
53 |23 |4392 |8 | |
53 |23 |4428 |8 | |
53 |23 |4497 |8 | |
53 |23 |4593 |8 | |
53 |23 |4669 |8 | |
54 |23 |0.0 | |3+ |49.8 S 5
54 |23 |108.0 |10 |(5)+ |0.9 US 5
54 |23 |244.65 |11 |(4) |
54 |23 |291 |10 | |
54 |23 |447 |8 | |
54 |23 |495 |10 | |
54 |23 |540 |8 | |
54 |23 |703 |10 | |
54 |23 |745 |8 | |
54 |23 |770 |10 | |
54 |23 |847 |10 | |
54 |23 |9.0E+2 |10 |1+ |
54 |23 |940 |15 | |
54 |23 |968 |15 | |
54 |23 |1208 |20 | |
54 |23 |1214.61 |19 |(5) |
54 |23 |1540 |20 | |
54 |23 |1675 |15 | |
54 |23 |1752 |15 | |
54 |23 |1828.9 |3 |(6) |
54 |23 |1865 |15 | |
54 |23 |1934 |20 | |
54 |23 |1987 |15 | |
54 |23 |2123 |15 | |
54 |23 |2297.9 |3 |(7) |0.35 PS GT
54 |23 |2319 |10 | |
54 |23 |2400 |15 | |
54 |23 |2435 |15 | |
54 |23 |2487 |10 | |
55 |23 |0.0 | |(7/2-) |6.54 S 15
55 |23 |323.3 |4 | |
55 |23 |672.6 |4 | |
55 |23 |1330.1 |5 | |
55 |23 |1500.9 |6 | |
55 |23 |2152.8 |6 | |
56 |23 |0.0 | |1+ |0.216 S 4
57 |23 |0.0 | |(7/2-) |0.32 S 3
57 |23 |113.2 |4 | |
57 |23 |174.8 |4 | |
57 |23 |1163 | |(11/2-) |
57 |23 |1731.9 |4 | |
57 |23 |1754.3 |5 | |
57 |23 |2036.3 |4 | |
57 |23 |2475.6 |5 | |
58 |23 |0.0 | |(1+) |191 MS 10
58 |23 |114 |2 | |
59 |23 |0.0 | |(5/2-,3/2-) |75 MS 7
60 |23 |0.0+X | | |122 MS 18
60 |23 |0.0+Y | | |40 MS 15
60 |23 |103.2+X | |(2+) |13 NS 3
60 |23 |202.1+X | |(4+) |0.32 US 9
61 |23 |0 | |(3/2-,5/2-) |48.3 MS 10
62 |23 |0 | | |33.6 MS 23
63 |23 |0.0 | |7/2- |17 MS 3
64 |23 |0.0 | |(2) |15 MS 2
64 |23 |81.0 |7 | |1 US LT
65 |23 |0 | | |360 NS GT
66 |23 |0 | | |360 NS GT
67 |23 |0 | | |620 NS GT
