42 |24 |0 | |0+ |13.3 MS 10
43 |24 |0 | |(3/2+) |21.2 MS 7
44 |24 |0 | |0+ |42.8 MS 6
45 |24 |0.0 | |(7/2-) |60.9 MS 4
45 |24 |0+X | |(3/2+) |
45 |24 |494+X | |(5/2+) |
46 |24 |0.0 | |0+ |0.26 S 6
46 |24 |892.16 |10 |2+ |5.4 PS 12
46 |24 |1987.1 |3 |(4+) |
46 |24 |3196.5 |6 |(3-) |
46 |24 |3226.9 |6 |(6+) |
46 |24 |3296 |3 | |
46 |24 |3494.3 |7 | |
46 |24 |3593.7 |7 |(4-) |
46 |24 |3682.2 |16 | |
46 |24 |3715.8 |9 | |
46 |24 |3778.1 |12 | |
46 |24 |3986.7 |7 |(5-) |
46 |24 |4235 |3 | |
46 |24 |4305.5 |12 | |
46 |24 |4434.4 |10 | |
46 |24 |4817.4 |8 |(8+) |
46 |24 |4830 |3 |(6-) |
46 |24 |5117 |4 | |
46 |24 |5346 |3 |(7-) |
46 |24 |6179.5 |11 |(10+) |
46 |24 |8162.5 |15 |(12+) |
46 |24 |9152 |24 |(4+) |
47 |24 |0.0 | |3/2- |500 MS 15
47 |24 |99.1 | |(5/2-) |2.1 NS LE
47 |24 |174.2 | |(7/2-) |2.1 NS LE
47 |24 |471.7 | |(3/2+) |
47 |24 |870.1 | |(5/2+) |
47 |24 |1332.1 | |(11/2-) |
47 |24 |1345.5 | |(7/2+) |
47 |24 |1451 |9 | |
47 |24 |1541 |15 | |
47 |24 |1831 |8 |(1/2+) |
47 |24 |1956.3 | |(9/2+) |
47 |24 |2131 |9 | |
47 |24 |2406 |10 | |
47 |24 |2557 |10 | |
47 |24 |2618.3 | |(11/2+) |
47 |24 |2653.8 | |(15/2-) |0.583 PS 83
47 |24 |2848 |10 | |
47 |24 |3430 |10 | |
47 |24 |3470.5 | |(13/2+) |
47 |24 |3504 |11 | |
47 |24 |3747 |11 | |
47 |24 |3766.4 | |(17/2-) |
47 |24 |4139.0 | |(19/2-) |0.305 PS 42
47 |24 |4169 |12 | |
47 |24 |4214.9 | |(15/2+) |
47 |24 |4295 |12 | |
47 |24 |5375.0 | | |
47 |24 |5409 |15 | |
47 |24 |5905.0 | |(23/2-) |0.444 PS LT
47 |24 |7379.0 | |(25/2-) |
47 |24 |7911.0 | |(27/2-) |
47 |24 |10022 | |(31/2-) |
48 |24 |0.0 | |0+ |21.56 H 3
48 |24 |752.19 |11 |2+ |7.3 PS 8
48 |24 |1858.47 |17 |4+ |1.23 PS 12
48 |24 |3.42E+3 |2 |(0+) |
48 |24 |3444.9 |4 |6+ |0.19 PS 5
48 |24 |3524.3 |10 |(0,1,2,3) |
48 |24 |3533.5 |3 |4- |3.3 NS 8
48 |24 |3632.3 |10 |(2+,3-) |
48 |24 |4034.3 |10 |(0,1,2,3) |
48 |24 |4063.9 |8 |3 |
48 |24 |4064.3 |3 |5- |28 PS 7
48 |24 |4280 |5 |(0+) |
48 |24 |4428.7 |3 |(4)+ |
48 |24 |4512.9 |11 |(7+) |
48 |24 |4640 |10 |2+ |
48 |24 |4653.0 |3 |3+,4+ |
48 |24 |4765.6 |11 |(4,5) |
48 |24 |4876.0 |4 |(6-) |0.69 PS GT
48 |24 |5032.6 |3 |3+,4+ |
48 |24 |5130.9 |13 | |
48 |24 |5188.3 |5 |8+ |0.14 PS 4
48 |24 |5294.2 |7 |3+,4+,5+ |
48 |24 |5.43E+3 |3 |0+ |
48 |24 |5595.6 |11 | |
48 |24 |5608.6 |5 |(3+,4+) |
48 |24 |5649.0 |4 |(7-) |0.42 PS 7
48 |24 |5670 |20 |(0+) |
48 |24 |5785.0 |11 | |
48 |24 |5792.77 |24 |4+ |
48 |24 |5834.6 |11 | |
48 |24 |5960 |10 |(0+) |
48 |24 |6085.2 |10 | |
48 |24 |6100 |10 |2+ |
48 |24 |6257.5 |10 |(9+) |
48 |24 |6278.4 |11 | |0.14 PS 3
48 |24 |6420 |10 |(5-) |
48 |24 |6855 |10 |0+ |
48 |24 |7063.8 |6 |10+ |0.125 PS 35
48 |24 |7550 |10 | |
48 |24 |7671.3 |5 |(9-) |0.15 PS 5
48 |24 |7.94E+3 |3 | |
48 |24 |8410.8 |7 |12+ |0.59 PS 17
48 |24 |8462.6 |15 | |
48 |24 |8750 |15 |0+ |
48 |24 |8760 |15 |0+ |
48 |24 |9.04E+3 | | |
48 |24 |9.18E+3 | | |
48 |24 |9.53E+3 |3 |0+ |
48 |24 |9871.4 |6 |(11-) |0.139 PS 35
48 |24 |9.90E+3 |3 | |
48 |24 |10279.7 |7 |14+ |0.30 PS 6
48 |24 |10432.8 |12 |(13+) |
48 |24 |10611.8 |12 |(14+) |
48 |24 |11105.6 |18 | |
48 |24 |11.32E+3 |3 |0+ |
48 |24 |11648.9 |7 |(13-) |0.48 PS 14
48 |24 |12301.5 |10 | |
48 |24 |13308.8 |8 |16+ |0.049 PS 10
48 |24 |15119.0 |10 | |
48 |24 |15734.1 |13 |(16+) |
48 |24 |17342.1 |15 | |
48 |24 |17378.2 |10 | |
49 |24 |0.0 | |5/2- |42.3 M 1
49 |24 |271.72 |16 |7/2- |13 PS 3
49 |24 |1083.6 |3 |9/2- |0.15 PS 3
49 |24 |1562.1 |3 |11/2- |0.391 PS 34
49 |24 |1703.2 |4 |1/2- |3.8 PS GT
49 |24 |1741.4 |3 |3/2- |1.1 PS 3
49 |24 |1981.8 |3 |3/2+ |1.39 PS GT
49 |24 |2168.5 |4 |5/2 |1.04 PS 35
49 |24 |2431.8 |3 |5/2+ |0.66 PS 19
49 |24 |2500.1 |4 |13/2- |0.110 PS 18
49 |24 |2502.6 |5 |7/2- |8 FS LT
49 |24 |2578.1 |5 |1/2+ |
49 |24 |2613.1 |6 |3/2- |45 FS 14
49 |24 |2911.7 |5 |(7/2+) |0.52 PS 10
49 |24 |2978.7 |5 |(3/2+) |0.69 PS GT
49 |24 |3051.7 |8 |(9/2)- |0.028 PS LT
49 |24 |3190.1 |4 |15/2- |0.083 PS 21
49 |24 |3201.7 |8 |(9/2-) |0.028 PS LT
49 |24 |3250.9 |6 |(5/2+) |0.139 PS 35
49 |24 |3407 |5 |(5/2)- |
49 |24 |3499.7 |11 |(11/2-) |0.021 PS LT
49 |24 |3511 |5 |(7/2)- |
49 |24 |3527.6 |4 |13/2- |0.29 PS 4
49 |24 |3628.6 |5 |(9/2+) |0.125 PS 28
49 |24 |3687.4 |8 |(11/2-) |0.021 PS LT
49 |24 |3717 |5 |(1/2)- |
49 |24 |3802.4 |7 |(11/2-) |0.069 PS 21
49 |24 |3843.9 |11 |(7/2+) |0.21 PS 4
49 |24 |3892.2 |4 |13/2+ |6.9 PS GT
49 |24 |3899.1 |7 |(15/2-) |0.28 PS 5
49 |24 |3913 |5 |(3/2)- |
49 |24 |3928.8 |11 | |
49 |24 |3938 |5 |3/2+,5/2+ |
49 |24 |3975 |5 | |
49 |24 |4019 |5 |(1/2+) |
49 |24 |4051.5 |7 |(9/2+) |0.180 PS 28
49 |24 |4052 |5 |(5/2)- |
49 |24 |4105.7 |8 |(13/2)- |0.021 PS LT
49 |24 |4151 |5 |5/2-,7/2- |
49 |24 |4186 |5 |(1/2+) |
49 |24 |4201.7 |8 |(13/2)- |0.021 PS LT
49 |24 |4218.1 |5 |17/2- |0.107 PS 50
49 |24 |4259 |5 |3/2+,5/2+ |
49 |24 |4279.5 |6 |(11/2+) |0.21 PS 4
49 |24 |4296.8 |11 |(9/2+) |0.035 PS 14
49 |24 |4323 |5 | |
49 |24 |4366.0 |5 |19/2- |1.67 PS 14
49 |24 |4379 |5 | |
49 |24 |4426 |5 |5/2-,7/2- |
49 |24 |4459.7 |11 |(11/2+) |0.159 PS 28
49 |24 |4467.1 |4 |15/2+ |1.2 PS 3
49 |24 |4493 |5 |(3/2+,5/2+) |
49 |24 |4559 |5 |3/2+,5/2+ |
49 |24 |4571.5 |7 |17/2- |0.139 PS 28
49 |24 |4586.5 |11 | |
49 |24 |4594 |5 |3/2+,5/2+ |
49 |24 |4651 |5 |5/2-,7/2- |
49 |24 |4698 |5 | |
49 |24 |4716.2 |8 |(13/2+) |0.49 PS 7
49 |24 |4749.4 |8 | |0.035 PS LT
49 |24 |4764 |5 |(7/2)- |
49 |24 |4773 | | |
49 |24 |4809.1 |8 | |0.035 PS LT
49 |24 |4837.2 |11 | |
49 |24 |4852 |5 |5/2-,7/2- |
49 |24 |4879 |5 | |
49 |24 |4913 |5 |1/2-,3/2- |
49 |24 |4942 |5 |(1/2-,3/2-) |
49 |24 |4943.6 |11 |(11/2+) |0.049 PS 14
49 |24 |4994 |5 | |
49 |24 |5032.3 |11 | |
49 |24 |5048.4 |6 |(13/2+) |0.069 PS LT
49 |24 |5058 |5 | |
49 |24 |5179.7 |11 | |
49 |24 |5189 |5 |3/2+,5/2+ |
49 |24 |5273 |5 |5/2-,7/2- |
49 |24 |5302.7 |5 |17/2+ |0.76 PS 14
49 |24 |5384 |5 |1/2-,3/2- |
49 |24 |5428 |5 |3/2+,5/2+ |
49 |24 |5495 |5 |1/2-,3/2- |
49 |24 |5573 |5 |(3/2)+ |
49 |24 |5625 |5 | |
49 |24 |5637 |5 |(5/2-,7/2-) |
49 |24 |5660 |5 |(5/2-,7/2-) |
49 |24 |5696 |5 |(1/2-,3/2-) |
49 |24 |5747 |5 |1/2+ |
49 |24 |5784 |5 |(3/2+,5/2+) |
49 |24 |5934 |5 | |
49 |24 |5962.4 |6 |23/2- |0.444 PS 31
49 |24 |5981 |5 |(3/2+,5/2+) |
49 |24 |6006 |6 |1/2+ |
49 |24 |6036 |6 |3/2+,5/2+ |
49 |24 |6090 |6 |3/2+,5/2+ |
49 |24 |6127 |6 | |
49 |24 |6134.1 |5 |21/2- |0.069 PS 21
49 |24 |6278 |6 | |
49 |24 |6309 |6 | |
49 |24 |6341.9 |5 |19/2+ |0.28 PS 7
49 |24 |6342 |6 | |
49 |24 |6380 |6 |(1/2-,3/2-) |
49 |24 |6.41E+3 | | |
49 |24 |6423 |6 |(1/2-,3/2-) |
49 |24 |6470 |6 |1/2+ |
49 |24 |6548 |6 |(3/2+,5/2+) |
49 |24 |6639 |6 | |
49 |24 |6705 |6 |3/2+,5/2+ |
49 |24 |6734 |6 |3/2+,5/2+ |
49 |24 |6765 |6 |1/2+ |
49 |24 |6823 |6 |5/2-,7/2- |
49 |24 |6884 |6 |3/2+,5/2+ |
49 |24 |6948 |6 |(3/2+,5/2+) |
49 |24 |6995 |6 |1/2-,3/2- |
49 |24 |7005 |7 | |
49 |24 |7084 |7 |(5/2-,7/2-) |
49 |24 |7115 |7 | |
49 |24 |7161 |7 | |
49 |24 |7186 |7 |(5/2-,7/2-) |
49 |24 |7225 |7 |5/2-,7/2- |
49 |24 |7264 |7 |5/2-,7/2- |
49 |24 |7269.2 |6 |21/2+ |0.18 PS 4
49 |24 |7308 |7 |(5/2-,7/2-) |
49 |24 |7350 |7 | |
49 |24 |7391 |7 | |
49 |24 |7432 |7 |(3/2+,5/2+) |
49 |24 |7480 |7 |1/2+ |
49 |24 |7503 |7 | |
49 |24 |7537 |7 | |
49 |24 |7584 |7 |1/2+ |
49 |24 |7601 |7 | |
49 |24 |7627 |7 |1/2+ |
49 |24 |7889 |7 |5/2-,7/2- |
49 |24 |8007.4 |12 |27/2- |0.190 PS 15
49 |24 |8020 |8 |1/2+ |
49 |24 |8050 |8 |1/2+ |
49 |24 |8092 |8 | |
49 |24 |8128 |8 | |
49 |24 |8157 |8 | |
49 |24 |8231 |8 |1/2+ |
49 |24 |8265 |8 |1/2+ |
49 |24 |8331 |8 |1/2+ |
49 |24 |8333.3 |13 |25/2- |0.29 PS 6
49 |24 |8368 |8 |3/2+,5/2+ |
49 |24 |8405 |8 | |
49 |24 |8441 |8 | |
49 |24 |8476 |8 |3/2+,5/2+ |
49 |24 |8527 |8 |3/2+,5/2+ |
49 |24 |8548 |8 | |
49 |24 |8557 |8 | |
49 |24 |8655 |8 | |
49 |24 |8683 |8 | |
49 |24 |8716 |8 |3/2+,5/2+ |
49 |24 |8770 |8 | |
49 |24 |8830 |8 |(1/2+) |
49 |24 |8896 |8 |(1/2+) |
49 |24 |9031 |9 | |
49 |24 |9064 |9 |3/2+,5/2+ |
49 |24 |9123 |9 | |
49 |24 |9131 |9 | |
49 |24 |9145 |9 |3/2+,5/2+ |
49 |24 |9198 |9 |(1/2+) |
49 |24 |9265 |9 | |
49 |24 |9292 |9 | |
49 |24 |9321 |9 | |
49 |24 |9365 |9 | |
49 |24 |9399 |9 | |
49 |24 |9447 |9 |(3/2+,5/2+) |
49 |24 |9521 |9 | |
49 |24 |9662 |9 |(1/2+) |
49 |24 |9711 |9 | |
49 |24 |9745 |9 |(3/2+,5/2+) |
49 |24 |9788 |9 |1/2+ |
49 |24 |9857 |9 | |
49 |24 |9945 |9 | |
49 |24 |9968 |9 | |
49 |24 |10039 |10 | |
49 |24 |10105 |10 |(3/2+,5/2+) |
49 |24 |10125 |10 |(3/2+,5/2+) |
49 |24 |10170 |10 | |
49 |24 |10218 |10 | |
49 |24 |10222.4 |15 |29/2- |0.0324 PS 8
49 |24 |10266 |10 |1/2+ |
49 |24 |10302 |10 |1/2+ |
49 |24 |10374 |10 |(3/2+,5/2+) |
49 |24 |10428 |10 | |
49 |24 |10526 |10 | |
49 |24 |10700.3 |15 |31/2- |0.069 PS 14
50 |24 |0.0 | |0+ |1.3E+18 Y GT
50 |24 |783.32 |3 |2+ |9.08 PS 28
50 |24 |1881.31 |9 |4+ |2.22 PS 24
50 |24 |2924.25 |16 |2+ |9.4 FS 14
50 |24 |3161.2 |3 |2+ |10.9 FS 16
50 |24 |3163.72 |14 |6+ |0.69 PS 14
50 |24 |3324.57 |20 |4+ |97 FS 25
50 |24 |3594.57 |22 |2+,3,4+ |30 FS 5
50 |24 |3611.4 |3 |4+ |6 FS 4
50 |24 |3629.6 |7 |1+ |5 FS 3
50 |24 |3694 |8 |0+ |
50 |24 |3697.9 |6 |1+ |12.8 FS 18
50 |24 |3792.0 |4 |(4+,5+) |9.0 PS 14
50 |24 |3825.53 |17 |(6)+ |0.7 PS LT
50 |24 |3844.3 |3 |2+,3,4+ |0.22 PS 6
50 |24 |3850 |20 |0+ |
50 |24 |3875.14 |19 |(4+,5,6+) |0.62 PS 21
50 |24 |3894.6 |12 |4+ |24 PS 12
50 |24 |3937.6 |6 |2+,3,4+ |2.2 FS 10
50 |24 |4040 | |(0+) |
50 |24 |4051.7 |3 |3- |0.56 PS 11
50 |24 |4070.1 |12 |(2,3) |6.5 FS 17
50 |24 |4129.5 |4 |(1,2+) |0.18 PS 6
50 |24 |4192.6 |7 |2+ |
50 |24 |4207 |7 | |
50 |24 |4282 |7 | |
50 |24 |4350 |30 |0+ |
50 |24 |4367.0 |4 |5- |
50 |24 |4524.4 |9 |(4+) |
50 |24 |4546.2 |7 |3- |
50 |24 |4654.3 |3 |(0+,1,2,3+) |
50 |24 |4676 |7 |2+ |
50 |24 |4700 | |(1+) |
50 |24 |4728 |7 |0+ |
50 |24 |4744.53 |24 |8+ |0.28 PS 7
50 |24 |4755 |7 | |
50 |24 |4772 |7 |2+ |
50 |24 |4801 |7 | |
50 |24 |4906 |10 | |
50 |24 |4924 |10 | |
50 |24 |4961 |10 | |
50 |24 |4998.5 |10 |1(+) |
50 |24 |5015 |10 | |
50 |24 |5039 |10 | |
50 |24 |5053 |10 | |
50 |24 |5078 |10 | |
50 |24 |5093 |10 | |
50 |24 |5198 |10 | |
50 |24 |5207 |10 | |
50 |24 |5213.2 |4 |(6-) |0.42 PS 7
50 |24 |5233 |10 | |
50 |24 |5250 |10 | |
50 |24 |5272 |10 | |
50 |24 |5297 |10 | |
50 |24 |5336 |10 | |
50 |24 |5376 |10 | |
50 |24 |5429 |10 | |
50 |24 |5445 |10 | |
50 |24 |5455 |10 | |
50 |24 |5548 |10 | |
50 |24 |5597 |10 | |
50 |24 |5611 |10 | |
50 |24 |5623 |10 | |
50 |24 |5684 |10 | |
50 |24 |5731 |10 | |
50 |24 |5741 |10 | |
50 |24 |5780 |10 | |
50 |24 |5813 |10 | |
50 |24 |5835 |10 | |
50 |24 |5859 |10 | |
50 |24 |5903 |10 | |
50 |24 |5929 |10 | |
50 |24 |5944 |10 | |
50 |24 |5957 |10 | |
50 |24 |5983 |10 | |
50 |24 |5997.9 |4 |(7-) |0.42 PS 7
50 |24 |6027 |10 | |
50 |24 |6032 |10 | |
50 |24 |6071 |10 | |
50 |24 |6083 |10 | |
50 |24 |6116 |10 | |
50 |24 |6123 |10 | |
50 |24 |6138 |10 | |
50 |24 |6175 |10 | |
50 |24 |6202 |10 | |
50 |24 |6226 |10 | |
50 |24 |6230 |10 | |
50 |24 |6243 |10 | |
50 |24 |6272 |10 | |
50 |24 |6305 |10 | |
50 |24 |6330 |10 | |
50 |24 |6340.2 |3 |10+ |0.76 PS 14
50 |24 |6342 |10 | |
50 |24 |6376 |10 | |
50 |24 |6450 |20 |3- |
50 |24 |6650 |20 |3- |
50 |24 |6754.1 |3 |10+ |0.111 PS 21
50 |24 |6790 |20 |3- |
50 |24 |6950.2 |3 |11+ |0.49 PS 4
50 |24 |7340 | | |
50 |24 |7360 |20 | |
50 |24 |7610 | | |
50 |24 |7612.5 |3 |12+ |0.111 PS 10
50 |24 |7646.6 |10 |(1,2+) |
50 |24 |7.78E+3 | | |
50 |24 |7860 |20 | |
50 |24 |7.98E+3 | |(1+) |
50 |24 |8.27E+3 | |(1+) |
50 |24 |8360 |50 | |
50 |24 |8425 |7 |6+ |
50 |24 |8.50E+3 | |(1+) |
50 |24 |8638 | |(1+) |
50 |24 |8680 |20 | |
50 |24 |8748 |6 |4+ |
50 |24 |8813 |6 |2+ |
50 |24 |8888.8 |10 |1 |0.75 EV 20
50 |24 |9.01E+3 | |(1+) |
50 |24 |9.19E+3 | |(1+) |
50 |24 |9326.6 |4 |(12+) |
50 |24 |9.40E+3 | |(1+) |
50 |24 |9.57E+3 | |(1+) |
50 |24 |9640.9 |4 |13+ |0.05 PS 2
50 |24 |9.71E+3 | |(1+) |
50 |24 |9900 |50 |2+ |
50 |24 |9913.9 |4 |14+ |0.26 PS 3
50 |24 |10.11E+3 | |(1+) |
50 |24 |10.24E+3 | |(1+) |
50 |24 |10.38E+3 | |(1+) |
50 |24 |10500 |50 |(1+) |
50 |24 |10750 |30 |2+ |
50 |24 |10796.8 |4 |13(+) |0.62 PS LT
50 |24 |10.82E+3 | |(1+) |
50 |24 |11014.3 |4 |13(+) |0.06 PS LT
50 |24 |11060 |50 |(1+) |
50 |24 |11.18E+3 | |(1+) |
50 |24 |11.4E+3 |1 | |
50 |24 |11530 |50 |0+ |
50 |24 |11660 | |(1+) |
50 |24 |11680 |20 |0+ |
50 |24 |11.82E+3 | |(1+) |
50 |24 |11870 |20 |0+ |
50 |24 |12.30E+3 | |(1+) |
50 |24 |12390.6 |4 |15(+) |
50 |24 |12542.8 |5 |14+ |
50 |24 |12680 |50 | |
50 |24 |12790 |50 | |
50 |24 |12950 |50 | |
50 |24 |13219.5 |4 |15+ |0.021 PS +7-4
50 |24 |13222 |6 |0+ |
50 |24 |13494.0 |20 | |
50 |24 |13641.6 |4 |14(+) |
50 |24 |13900 |20 |0+ |
50 |24 |13919.9 |11 |15(+) |0.076 PS LT
50 |24 |14500 |30 | |
50 |24 |14570 |30 | |
50 |24 |14900 |20 |0+ |
50 |24 |15035.2 |5 |16+ |0.021 PS LT
50 |24 |15810.0 |4 |16+ |0.05 PS LT
50 |24 |16050.5 |5 |17+ |
50 |24 |17668.2 |15 |(16,17) |
50 |24 |17789.1 |11 |(16,17) |
50 |24 |17957.6 |9 |18+ |0.07 PS LT
51 |24 |0.0 | |7/2- |27.7010 D 11
51 |24 |749.10 |8 |3/2- |3.3 NS 4
51 |24 |776.95 |17 |1/2- |6.9 NS 6
51 |24 |1164.59 |14 |9/2- |76 FS 7
51 |24 |1352.65 |17 |5/2- |3.8 PS +24-14
51 |24 |1480.07 |16 |11/2- |0.55 PS +24-4
51 |24 |1557.26 |13 |7/2- |4.2 PS +17-10
51 |24 |1899.2 |3 |3/2- |0.29 PS +3-2
51 |24 |2001.91 |21 |5/2- |17 FS 2
51 |24 |2255.5 |3 |15/2- |45.8 PS 14
51 |24 |2312.58 |17 |7/2- |15 FS 4
51 |24 |2379.46 |14 |9/2- |0.31 PS 8
51 |24 |2385.4 |4 |(13/2-) |59 FS 12
51 |24 |2500 | | |
51 |24 |2699 |10 |5/2-,7/2- |
51 |24 |2704.39 |19 |(11/2)- |85 FS 3
51 |24 |2762.6 |5 |1/2+ |0.071 PS 10
51 |24 |2767.30 |18 |9/2- |41 FS 8
51 |24 |2828.5 |4 |3/2- |59 FS +12-10
51 |24 |2890.2 |4 |3/2- |0.35 PS +5-3
51 |24 |2908.1 |7 | |
51 |24 |2911.0 |4 |(3/2-,5/2,7/2-) |30 FS +19-10
51 |24 |2948.2 |6 |5/2-,7/2- |0.119 PS +13-10
51 |24 |2970 |8 |3/2+,5/2+ |
51 |24 |3001.7 |3 |5/2- |15 PS +5-4
51 |24 |3004.4 |3 |3/2+ |0.34 PS 4
51 |24 |3016 |8 |5/2+ |
51 |24 |3018.6 |6 |11/2- |49 FS +21-15
51 |24 |3055.9 |6 |1/2- |69 FS 35
51 |24 |3109.21 |19 |(7/2,9/2-) |54 FS +12-16
51 |24 |3125.9 |2 |3/2- |83 FS +14-28
51 |24 |3134.8 |4 |(3/2-) |45 FS +20-19
51 |24 |3180.7 |6 |(17/2)- |
51 |24 |3204.1 |10 |(5/2,7/2)- |43 FS +21-18
51 |24 |3207.22 |25 |7/2-,9/2- |55 FS 14
51 |24 |3262.6 |7 |3/2- |31 FS +15-12
51 |24 |3266.9 |8 |- |
51 |24 |3344.21 |25 | |
51 |24 |3348.3 |7 | |
51 |24 |3351.1 |6 |3/2-,5/2-,7/2- |
51 |24 |3376 |15 |9/2-to15/2- |
51 |24 |3447.5 |9 |13/2- |70 FS LT
51 |24 |3578.4 |11 |(11/2,13/2,15/2) |70 FS LT
51 |24 |3590 |15 |9/2-to15/2- |
51 |24 |3719 |8 |1/2+ |
51 |24 |3722.1 |8 | |
51 |24 |3759 |10 |9/2-to15/2- |
51 |24 |3766.8 |3 |1/2-,3/2- |
51 |24 |3770.5 |3 |1/2-,3/2- |28 FS LT
51 |24 |3816.7 |12 |(19/2-) |
51 |24 |3831.37 |22 |(7/2,9/2,11/2)- |30 FS +8-6
51 |24 |3863 |8 | |
51 |24 |3870.7 |10 | |
51 |24 |3897 |8 | |
51 |24 |3900.3 |8 |5/2+ |55 FS +21-15
51 |24 |3927.5 |10 |5/2+ |25 FS LT
51 |24 |3933.7 |10 |9/2-to15/2- |
51 |24 |3947 |10 | |
51 |24 |3953.2 |7 |5/2+ |31 FS +10-7
51 |24 |3971.2 |8 | |
51 |24 |3977.4 |6 |3/2+,5/2+ |35 FS LT
51 |24 |3984.8 |5 |(5/2+) |22 FS +5-4
51 |24 |3990 |10 |3/2+,5/2+ |
51 |24 |4005.2 |8 |5/2-,7/2- |
51 |24 |4006.6 |9 | |
51 |24 |4017.2 |7 |(3/2-,5/2,7/2-) |21 FS +10-9
51 |24 |4020 |15 |9/2-to15/2- |
51 |24 |4040.0 |3 |1/2- |
51 |24 |4056 | | |
51 |24 |4071.2 |6 |3/2+,5/2+ |40 FS LT
51 |24 |4099 |10 |7/2+,9/2+ |
51 |24 |4106.7 |8 | |
51 |24 |4111.0 |6 | |
51 |24 |4119.1 |11 | |
51 |24 |4136.7 |8 | |
51 |24 |4155 |3 |7/2+,9/2+ |
51 |24 |4161.5 |8 | |
51 |24 |4174 |15 |9/2-to15/2- |
51 |24 |4181.7 |10 | |
51 |24 |4189.2 |10 |3/2+,5/2+ |
51 |24 |4198 |10 |3/2+,5/2+ |
51 |24 |4214 |15 |9/2-to15/2- |
51 |24 |4239.2 |10 | |
51 |24 |4254.2 |10 | |
51 |24 |4258 |10 |3/2+,5/2+ |
51 |24 |4273 |4 | |
51 |24 |4289.3 |5 |1/2+,3/2+ |
51 |24 |4318 |10 | |
51 |24 |4336 |15 |9/2-to15/2- |
51 |24 |4354.6 |11 |(1/2-,3/2-) |
51 |24 |4359 |10 |3/2+,5/2+ |
51 |24 |4405.6 |11 | |
51 |24 |4426 |10 |1/2-,3/2- |
51 |24 |4439 |10 |3/2+,5/2+ |
51 |24 |4451 |15 |9/2-to15/2- |
51 |24 |4495 |15 |- |
51 |24 |4508 |10 | |
51 |24 |4533 |10 | |
51 |24 |4552 |15 |9/2-to15/2- |
51 |24 |4560.9 |6 |5/2-,7/2- |
51 |24 |4569 |10 |(3/2+,5/2+) |
51 |24 |4577 |10 |1/2-,3/2- |
51 |24 |4583 |10 |7/2-,5/2- |
51 |24 |4609 |10 |1/2+ |
51 |24 |4629 |15 | |
51 |24 |4637.0 |4 |3/2 |
51 |24 |4647 |10 | |
51 |24 |4668 |10 |7/2-,5/2- |
51 |24 |4669 |10 |(1/2-,3/2-) |
51 |24 |4684 |10 |5/2+,3/2+ |
51 |24 |4707 |15 | |
51 |24 |4730 |10 | |
51 |24 |4742 |10 |9/2-to15/2- |
51 |24 |4769.6 |4 |1/2-,3/2- |
51 |24 |4793 |10 |(1/2-,3/2-) |
51 |24 |4823 |10 | |
51 |24 |4833.6 |4 | |
51 |24 |4849 |15 |1/2-,3/2- |
51 |24 |4874 |15 |(1/2-,3/2-) |
51 |24 |4916 |15 | |
51 |24 |4930 | | |
51 |24 |4939 |15 |9/2-to15/2- |
51 |24 |4964 | | |
51 |24 |4978 |10 |(3/2+,5/2+) |
51 |24 |4997 |15 | |
51 |24 |5030 |10 |(3/2+,5/2,7/2-) |
51 |24 |5053 |15 |9/2-to15/2- |
51 |24 |5078 |15 | |
51 |24 |5113 |15 |1/2+ |
51 |24 |5114 |15 |- |
51 |24 |5121 |10 |5/2-,7/2- |
51 |24 |5145 |15 |(5/2-,7/2-) |
51 |24 |5155 |15 |9/2-to15/2- |
51 |24 |5177 |15 | |
51 |24 |5203 |15 |9/2-to15/2- |
51 |24 |5205.2 |8 |1/2-,3/2- |
51 |24 |5222 |10 |1/2-,3/2- |
51 |24 |5230 |15 |9/2-to15/2- |
51 |24 |5239.6 |11 |1/2,3/2 |
51 |24 |5249 |15 |3/2+,5/2+ |
51 |24 |5265 |10 |3/2+,5/2+ |
51 |24 |5270 | | |
51 |24 |5284 |15 |3/2+,5/2+ |
51 |24 |5306 |10 |(7/2-,5/2,3/2+) |
51 |24 |5332 |15 |3/2+,5/2+ |
51 |24 |5344 |15 |9/2-to15/2- |
51 |24 |5346 |10 |(3/2+,5/2,7/2-) |
51 |24 |5357 |15 | |
51 |24 |5395 |15 |1/2-,3/2- |
51 |24 |5409 |10 |3/2+,5/2+ |
51 |24 |5420 |15 |- |
51 |24 |5447 | |(1/2-,3/2-) |
51 |24 |5449 |15 | |
51 |24 |5455 |10 |5/2-,7/2- |
51 |24 |5464 |15 | |
51 |24 |5473 |15 | |
51 |24 |5495 |15 |1/2-,3/2- |
51 |24 |5532 |15 |(3/2+,5/2+) |
51 |24 |5537 |10 |3/2+,5/2+ |
51 |24 |5560 |15 |9/2-to15/2- |
51 |24 |5563 | |(21/2-) |
51 |24 |5580 |15 | |
51 |24 |5605 |15 | |
51 |24 |5630 |15 |(1/2-,3/2-) |
51 |24 |5656 |15 | |
51 |24 |5668.2 |5 |1/2-,3/2- |
51 |24 |5699 |15 | |
51 |24 |5711 | |(23/2-) |
51 |24 |5711 |15 | |
51 |24 |5725 |15 | |
51 |24 |5741 |15 |1/2-,3/2- |
51 |24 |5761 |10 |3/2+,5/2+ |
51 |24 |5769 |15 | |
51 |24 |5787 |15 | |
51 |24 |5812 |15 | |
51 |24 |5832 |10 |5/2-,7/2- |
51 |24 |5850 |15 | |
51 |24 |5880 |15 | |
51 |24 |5928 |15 | |
51 |24 |5943 |10 |(1/2,3/2-) |
51 |24 |5950 |15 |1/2-,3/2- |
51 |24 |5964 |15 |9/2-to15/2- |
51 |24 |5970 | | |
51 |24 |5991 |15 |1/2+ |
51 |24 |6034 |15 |1/2-,3/2- |
51 |24 |6075 |15 | |
51 |24 |6107 |15 | |
51 |24 |6122 |15 |(1/2-,3/2-) |
51 |24 |6136 | | |
51 |24 |6157 |15 | |
51 |24 |6162 | |(21/2,23/2-) |
51 |24 |6184 |15 |1/2+ |
51 |24 |6219 |15 | |
51 |24 |6236 |15 |1/2-,3/2- |
51 |24 |6254 |15 |1/2+ |
51 |24 |6285 | | |
51 |24 |6306 |15 |(3/2+,5/2+) |
51 |24 |6332 |15 |(1/2-,3/2-) |
51 |24 |6360 |15 |1/2+ |
51 |24 |6378 |10 |3/2+,5/2+ |
51 |24 |6413 |15 | |
51 |24 |6438 |15 |1/2+ |
51 |24 |6478 |15 | |
51 |24 |6485 |15 | |
51 |24 |6518 |15 | |
51 |24 |6523 | | |
51 |24 |6564 | | |
51 |24 |6604 |15 |3/2+,5/2+ |
51 |24 |6611 |5 |7/2- |
51 |24 |6660 |15 |(3/2+,5/2+) |
51 |24 |6680 |15 | |
51 |24 |6693 |15 | |
51 |24 |6718 |15 | |
51 |24 |6723 |15 | |
51 |24 |6741 |15 | |
51 |24 |6760 |15 | |
51 |24 |6775 |15 |3/2+,5/2+ |
51 |24 |6803 |15 |3/2+,5/2+ |
51 |24 |6820 | | |
51 |24 |6866 |15 |3/2+,5/2+ |
51 |24 |6879 |15 | |
51 |24 |6894 | |(23/2,25/2-) |
51 |24 |6896 |15 |1/2-,3/2- |
51 |24 |6920 |15 | |
51 |24 |6979 |15 | |
51 |24 |6995 |15 |(1/2-,3/2-) |
51 |24 |7018 |15 |1/2+ |
51 |24 |7038 |15 |1/2-,3/2- |
51 |24 |7078 | | |
51 |24 |7088 | | |
51 |24 |7130 |15 |5/2-,7/2- |
51 |24 |7141 |15 | |
51 |24 |7167 |15 |(3/2+,5/2+) |
51 |24 |7208.4 |7 |1/2-,3/2- |
51 |24 |7240 |15 | |
51 |24 |7247.9 |9 |(1/2,3/2,5/2+) |
51 |24 |7271 |15 | |
51 |24 |7282 |15 | |
51 |24 |7302 |15 |1/2+ |
51 |24 |7342 |15 |1/2+ |
51 |24 |7388 |15 |3/2+,5/2+ |
51 |24 |7426 |15 |3/2+,5/2+ |
51 |24 |7445 |15 | |
51 |24 |7479 |15 | |
51 |24 |7504 |15 | |
51 |24 |7555 |15 |3/2+,5/2+ |
51 |24 |7590 |15 |1/2+ |
51 |24 |7628 | | |
51 |24 |7643 | | |
51 |24 |7670 |15 |1/2+ |
51 |24 |7689 | | |
51 |24 |7703 | | |
51 |24 |7721 |15 | |
51 |24 |7758 |15 | |
51 |24 |7787 |15 |3/2+,5/2+ |
51 |24 |7818 |15 | |
51 |24 |7835 |15 | |
51 |24 |7856 |15 | |
51 |24 |7874 |15 |(3/2+,5/2+) |
51 |24 |7901 |15 |1/2+ |
51 |24 |7932 |15 |3/2+,5/2+ |
51 |24 |7954 | |1/2+ |
51 |24 |8003 | |1/2+ |
51 |24 |8024 | | |
51 |24 |8047 | |1/2+ |
51 |24 |8078 | |1/2+ |
51 |24 |8124 | |3/2+,5/2+ |
51 |24 |8420 |20 |(1/2+) |
51 |24 |8480 |20 |1/2+ |
51 |24 |8485 | |(25/2,27/2-) |
51 |24 |9000 | | |
51 |24 |9220 |20 |1/2+ |
51 |24 |9261.63 |22 |1/2+ |
51 |24 |9330 |20 |3/2+,5/2+ |
52 |24 |0.0 | |0+ |STABLE
52 |24 |1434.094 |14 |2+ |0.793 PS 2
52 |24 |2369.633 |18 |4+ |1.04 PS +35-17
52 |24 |2646.9 |6 |0+ |
52 |24 |2767.770 |21 |4+ |1.9 PS 5
52 |24 |2964.790 |17 |2+ |0.42 PS 8
52 |24 |3113.865 |21 |6+ |41.4 PS 14
52 |24 |3161.74 |6 |2+ |0.066 PS 14
52 |24 |3415.32 |3 |4+ |0.26 PS 7
52 |24 |3472.25 |14 |3+ |7.2 PS 8
52 |24 |3615.929 |22 |5+ |2.6 PS 12
52 |24 |3739.6 | |1+,1-,2+ |
52 |24 |3771.72 |14 |2+ |10.9 FS 13
52 |24 |3948.5 |6 |2+ |33 FS 6
52 |24 |4015.51 |3 |5+ |0.61 PS +27-19
52 |24 |4039.2 |6 |4+ |26 FS 4
52 |24 |4.10E3 |10 |3- |
52 |24 |4470 | |3- |
52 |24 |4563.0 |8 |3- |40 FS 6
52 |24 |4611 | |(3,4)+ |
52 |24 |4627.32 |19 |4+ |
52 |24 |4702 |5 |2+ |
52 |24 |4730 | |4+ |
52 |24 |4742.3 |11 |2+ |
52 |24 |4750.32 |20 |8+ |0.64 PS +20-17
52 |24 |4800.1 | |1+,1-,2+ |
52 |24 |4806.19 |23 |(6+) |0.49 PS +28-14
52 |24 |4815.70 |9 |1+,2+ |
52 |24 |4841.3 |11 |1+,1-,2+ |
52 |24 |4951 |4 |4+ |
52 |24 |5054.3 |11 |4+ |
52 |24 |5097.4 |11 |2+ |
52 |24 |5139 |5 |(6+) |
52 |24 |5211 |4 | |
52 |24 |5285 |5 |(4)- |
52 |24 |5346 |4 |4+,6+ |
52 |24 |5397.0 |3 |(7+) |0.14 PS +12-9
52 |24 |5410 |4 |(2+) |
52 |24 |5425 |5 |4+ |
52 |24 |5432 |6 | |
52 |24 |5446.4 |5 |4+ |
52 |24 |5490.8 | |1+,1-,2+ |
52 |24 |5500 | |3- |
52 |24 |5541 |5 |4+ |
52 |24 |5544.4 | |(1+) |
52 |24 |5563.5 |8 |+ |
52 |24 |5584 |6 |+ |
52 |24 |5600 |15 |0+ |
52 |24 |5664.4 |11 |(2)+ |
52 |24 |5725.3 |12 |+ |
52 |24 |5737.5 |11 |(4+) |
52 |24 |5755 |15 |2+to5+ |
52 |24 |5796.0 | |1+,2+ |
52 |24 |5811 |5 |5,6+ |
52 |24 |5818 |6 | |
52 |24 |5824.8 |4 |(8+) |1.0 PS +6-4
52 |24 |5860.5 |11 | |
52 |24 |5865 |6 | |
52 |24 |5873 |5 |3- |
52 |24 |5891 | |3-,4- |
52 |24 |5919 |5 |5,6+ |
52 |24 |5953 |5 |2+ |
52 |24 |5960 |5 | |
52 |24 |5996 |5 |3- |
52 |24 |6026 |6 |+ |
52 |24 |6035.3 |12 | |
52 |24 |6055 |5 |2+ |
52 |24 |6065 |7 | |
52 |24 |6106 |6 |0+ |
52 |24 |6136.7 | |2+ |
52 |24 |6153 |8 |2+ |
52 |24 |6164 |12 |3- |
52 |24 |6175 |7 |2+ |
52 |24 |6193 |6 |+ |
52 |24 |6205.4 |12 | |
52 |24 |6210 |10 | |
52 |24 |6220 |6 | |
52 |24 |6233 |10 |+ |
52 |24 |6243 |5 |3- |
52 |24 |6252 |6 | |
52 |24 |6272 |6 | |
52 |24 |6293 |7 | |
52 |24 |6324 |10 | |
52 |24 |6349 |5 |+ |
52 |24 |6365.3 |11 | 8+ |
52 |24 |6375.4 |12 | |
52 |24 |6389.5 |11 |+ |
52 |24 |6392 |10 |3- |
52 |24 |6426 |5 | |
52 |24 |6437 |10 | |
52 |24 |6453.4 |4 |9+ |0.14 PS +9-8
52 |24 |6459.6 | |1+,1-,2+ |
52 |24 |6482 |5 |5,6+ |
52 |24 |6493.8 | |2+ |0.678 PS 13
52 |24 |6541 |10 | |
52 |24 |6568 |10 | |
52 |24 |6580 |5 |3- |
52 |24 |6637 |5 | |
52 |24 |6678 |5 |+ |
52 |24 |6700 |20 |- |
52 |24 |6704 |5 |5,6+ |
52 |24 |6760 | |+ |
52 |24 |6795.4 |12 |3- |
52 |24 |6810 |30 |2+ |
52 |24 |6871 |5 |5- |
52 |24 |6894 | |+ |
52 |24 |6928 | |+ |
52 |24 |6956 |5 |5,6+ |
52 |24 |6993 |5 |3- |
52 |24 |7030 |10 |1+ |
52 |24 |7080 |10 |+ |
52 |24 |7100 | |3- |
52 |24 |7140 |7 |+ |
52 |24 |7170 |10 |+ |
52 |24 |7217 |10 |2+ |
52 |24 |7223 | |+ |
52 |24 |7237.9 |7 |10+ |0.16 PS +15-8
52 |24 |7260 |10 |+ |
52 |24 |7278 |10 |4+ |
52 |24 |7310 | |+ |
52 |24 |7322 | |+ |
52 |24 |7342 |7 |1+ |
52 |24 |7359 | |+ |
52 |24 |7376 |10 |5- |
52 |24 |7395 |10 |+ |
52 |24 |7409 |10 |3- |
52 |24 |7450 |50 |0+,2+ |
52 |24 |7458 |10 |5,6+ |
52 |24 |7482 |10 |3- |
52 |24 |7487 | |+ |
52 |24 |7524 |3 |1+ |0.47 FS 11
52 |24 |7560 |20 |+ |
52 |24 |7585 |10 |3- |
52 |24 |7590 | |+ |
52 |24 |7679 |10 |5,6+ |
52 |24 |7700 |10 |1+ |
52 |24 |7730 |2 |1+ |
52 |24 |7738 |10 |3- |
52 |24 |7750 | |+ |
52 |24 |7760 | |+ |
52 |24 |7810 | |- |
52 |24 |7820 |10 |1+ |
52 |24 |7823 |10 |3- |
52 |24 |7854 |7 |+ |
52 |24 |7893 |10 |4+ |
52 |24 |7896 |2 |1 |
52 |24 |7900 | |3- |
52 |24 |7920 | |+ |
52 |24 |7930 |50 |+ |
52 |24 |7967 |10 |3- |
52 |24 |8010 | |+ |
52 |24 |8022 |10 |2+ |
52 |24 |8083 | |+ |
52 |24 |8087 |9 |3- |
52 |24 |8100 |20 |8- |
52 |24 |8121 |10 |+ |
52 |24 |8181 |10 |+ |
52 |24 |8190 | |- |
52 |24 |8213 |10 |0+ |
52 |24 |8216.5 |9 |(11) |0.24 PS +17-9
52 |24 |8234 | | |
52 |24 |8250 | |+ |
52 |24 |8281 |10 |3- |
52 |24 |8283 | |+ |
52 |24 |8337 |10 |(4+) |
52 |24 |8350 | |+ |
52 |24 |8374 |10 |3- |
52 |24 |8390 |10 |+ |
52 |24 |8412 |10 |+ |
52 |24 |8420 | |6- |
52 |24 |8451 | |+ |
52 |24 |8457 |10 |3- |
52 |24 |8505 |10 |3- |
52 |24 |8569 |10 |0+ |
52 |24 |8600 |10 |3- |
52 |24 |8617 |10 | |
52 |24 |8679 |10 |3- |
52 |24 |8710 |50 |+ |
52 |24 |8728 |10 |3- |
52 |24 |8778 |10 |3- |
52 |24 |8790 |10 |2 |
52 |24 |8827 |10 | |
52 |24 |8860 |10 |1+,2- |
52 |24 |8890 |20 |1+,2- |
52 |24 |8940 |20 |(8-,6-) |
52 |24 |9004 |9 |1+ |
52 |24 |9050 |10 |1+,2- |
52 |24 |9080 |20 |(8-) |
52 |24 |9142.7 |6 |1+ |
52 |24 |9200 | |5- |
52 |24 |9214 |2 |1+ |
52 |24 |9245 |10 |0+ |
52 |24 |9320 |9 |1+ |
52 |24 |9370 |20 |1,2 |
52 |24 |9420 |10 |1+ |
52 |24 |9440 |7 |3- |
52 |24 |9450 |20 |8- |
52 |24 |9470 |20 |+ |
52 |24 |9580 |10 |0+ |
52 |24 |9612 |9 |1+ |
52 |24 |9660 |20 |8- |
52 |24 |9724 |9 |1+ |
52 |24 |9787 |3 |1 |
52 |24 |9830 |10 |1+ |
52 |24 |9878 |9 |1+ |
52 |24 |9910 |20 |8- |
52 |24 |9981 |3 |(-) |
52 |24 |10008 |9 |1+ |
52 |24 |10110 |20 |(8-) |
52 |24 |10130 |20 |1,2- |
52 |24 |10180 |10 |2- |
52 |24 |10240 |20 |1 |
52 |24 |10270 |20 |1,(2-) |
52 |24 |10300 |20 | |
52 |24 |10330 |20 |6- |
52 |24 |10340 |20 |1 |
52 |24 |10380 |14 |1+ |
52 |24 |10433 |4 |1+ |
52 |24 |10464 |9 |1+ |
52 |24 |10500 |20 |1 |
52 |24 |10510 |20 |(-) |
52 |24 |10604 |12 |1+ |
52 |24 |10710 |10 |1 |
52 |24 |10760 |10 |6+,8+ |
52 |24 |10790 |9 |1+ |
52 |24 |10800 |20 |(-) |
52 |24 |10820 |10 |1+,(2-) |
52 |24 |10927 |3 |1+,2- |
52 |24 |10970 |20 |0+ |
52 |24 |11000 |20 |8- |
52 |24 |11070 |10 |1 |
52 |24 |11140 |10 |0+ |
52 |24 |11160 |20 |(1+),2 |
52 |24 |11170 |20 |8- |
52 |24 |11229 |3 | |
52 |24 |11256.5 |7 | |
52 |24 |11264.9 |4 |3+ |
52 |24 |11270 |20 |8- |
52 |24 |11274.6 |6 |(5+) |
52 |24 |11291.1 |10 | |
52 |24 |11330 |20 |(1+),2- |
52 |24 |11370 |20 |8- |
52 |24 |11400.0 |4 |4+ |
52 |24 |11402 |9 |0+,1+ |
52 |24 |11510 |10 |2- |
52 |24 |11550 |20 |8- |
52 |24 |11570 |20 |(1+),2 |
52 |24 |11610 |10 |2 |
52 |24 |11656 |3 |1+,2- |
52 |24 |11660 |20 |8- |
52 |24 |11691.8 |4 |2+ |
52 |24 |11713 |3 | |
52 |24 |11725 |3 | |
52 |24 |11745 |3 | |
52 |24 |11765 |3 | |
52 |24 |11770 |20 |8- |
52 |24 |11780 |20 |(1+),2- |
52 |24 |11837 |3 | |
52 |24 |11880 |20 |8- |
52 |24 |11960 |20 |8- |
52 |24 |12034.8 |4 |(8)- |
52 |24 |12041.8 |4 |3+ |
52 |24 |12050 | |- |
52 |24 |12099.9 |4 |4+ |
52 |24 |12130 |20 |(8-,6-) |
52 |24 |12240 |20 |6- |
52 |24 |12260 | |6+,8+ |
52 |24 |12500 | |- |
52 |24 |12560 |20 |1+ |
52 |24 |12665 |6 |3+ |
52 |24 |12730 |20 |8- |
52 |24 |12734 |6 |7+ |
52 |24 |12794.8 |7 |4+ |
52 |24 |12900 |20 |1+ |
52 |24 |12977 |6 |- |
52 |24 |12994 |6 |+ |
52 |24 |13038 |6 |+ |
52 |24 |13220 |20 |8- |
52 |24 |13319 | | |
52 |24 |13393 | |6- |
52 |24 |13419 | |0+ |
52 |24 |13570 |20 |6- |
52 |24 |13580 |20 |(1,2)- |
52 |24 |13630 |10 |0+ |
52 |24 |13710 |20 |6- |
52 |24 |13950 |50 | |
52 |24 |14030 |20 |6- |
52 |24 |14110 |20 |2+ |
52 |24 |14340 |20 |6- |
52 |24 |14430 |20 |8- |
52 |24 |15270 |20 |6- |
52 |24 |15482 |7 |8- |
52 |24 |16400 |20 |6- |
52 |24 |16690 |20 |(8-) |
53 |24 |0.0 | |3/2- |STABLE
53 |24 |564.03 |4 |1/2- |0.51 PS 6
53 |24 |1006.27 |5 |5/2- |7.1 PS 6
53 |24 |1289.52 |7 |7/2- |1.17 PS 8
53 |24 |1536.62 |7 |7/2- |23.0 PS 11
53 |24 |1973.66 |11 |5/2- |0.39 PS 5
53 |24 |2172.33 |13 |11/2- |9.6 PS 10
53 |24 |2233.16 |15 |9/2- |0.36 PS 5
53 |24 |2320.71 |21 |3/2- |0.8 FS 5
53 |24 |2453.1 |6 |(7/2-,9/2-) |
53 |24 |2462 | |(1/2-,3/2-) |
53 |24 |2656.5 |3 |5/2-,7/2- |0.017 PS LT
53 |24 |2669.9 |5 |1/2- |7 FS LT
53 |24 |2705.87 |17 |11/2- |2.4 PS 10
53 |24 |2708.5 |3 |3/2- |
53 |24 |2723 |10 |1/2-,3/2- |
53 |24 |2771.0 |10 |5/2-,7/2- |
53 |24 |2826.50 |18 |11/2- |0.11 PS 3
53 |24 |2992.5 |6 |(5/2-,7/2-) |
53 |24 |3084.11 |17 |15/2- |30 PS 10
53 |24 |3137.1 |6 |(5/2+) |0.04 PS 2
53 |24 |3172.1 |10 | |
53 |24 |3180.05 |21 |(3/2)- |
53 |24 |3243.58 |17 |13/2- |0.6 PS 2
53 |24 |3262.14 |21 |(5/2)+ |21 FS LT
53 |24 |3351 |6 |7/2-,5/2- |
53 |24 |3381.7 |10 | |
53 |24 |3434.6 |15 |5/2-,7/2- |
53 |24 |3592.4 |3 |13/2- |0.13 PS 4
53 |24 |3595 |6 |1/2-,3/2- |
53 |24 |3616.51 |18 |1/2- |
53 |24 |3695.5 |19 | |
53 |24 |3706.5 |15 |9/2+ |
53 |24 |3781 |7 | |
53 |24 |3838 |6 | |
53 |24 |3971.1 |10 | |
53 |24 |3985.2 |7 |3/2+,5/2+ |
53 |24 |4046 |7 |(1/2-,3/2-) |
53 |24 |4073 |7 |(1/2-,3/2-) |
53 |24 |4128 |7 | |
53 |24 |4135.1 |6 |5/2+,3/2+ |
53 |24 |4171 |7 | |
53 |24 |4186.6 |6 | |
53 |24 |4204 |10 | |
53 |24 |4230.5 |7 |5/2+,3/2+ |
53 |24 |4236.4 |8 |(17/2-) |
53 |24 |4286 |7 | |
53 |24 |4293.7 |7 | |
53 |24 |4317 |7 | |
53 |24 |4331 |7 | |
53 |24 |4346.7 |8 |(17/2+) |
53 |24 |4349.8 |4 |15/2- |0.12 PS LT
53 |24 |4361.6 |20 | |
53 |24 |4390 |10 | |
53 |24 |4427 |7 |1/2+ |
53 |24 |4453 |7 | |
53 |24 |4484 |7 |(1/2+) |
53 |24 |4500 |7 | |
53 |24 |4522 |7 | |
53 |24 |4531.6 |10 | |
53 |24 |4551 |10 | |
53 |24 |4570 |7 | |
53 |24 |4610 |7 |1/2-,3/2- |
53 |24 |4642 |7 |3/2+,5/2+ |
53 |24 |4661 |7 |5/2-,7/2- |
53 |24 |4675 |7 |3/2+,5/2+ |
53 |24 |4690 |7 |1/2+ |
53 |24 |4696.91 |21 |19/2- |0.24 PS 4
53 |24 |4710 |20 |3/2+,5/2+ |
53 |24 |4745 |7 | |
53 |24 |4790 |7 | |
53 |24 |4804 |7 | |
53 |24 |4815 |7 | |
53 |24 |4850 |10 | |
53 |24 |4884 |7 | |
53 |24 |4906 |10 | |
53 |24 |4929 |7 | |
53 |24 |4967 |10 | |
53 |24 |5001.4 |6 |17/2- |0.10 PS +3-4
53 |24 |5047 |10 | |
53 |24 |5093 |10 |(3/2+,5/2+) |
53 |24 |5123 |10 |3/2+,5/2+ |
53 |24 |5140 |1 | |
53 |24 |5174 |10 | |
53 |24 |5208 |10 | |
53 |24 |5225 |10 | |
53 |24 |5258.9 |10 |(21/2+) |
53 |24 |5265 |10 | |
53 |24 |5274 |10 | |
53 |24 |5310 |10 | |
53 |24 |5330 |10 | |
53 |24 |5397 |10 |1/2-,3/2- |
53 |24 |5420 |10 |3/2+,5/2+ |
53 |24 |5452 |10 |1/2-,3/2- |
53 |24 |5471 |10 | |
53 |24 |5514 |15 | |
53 |24 |5539.2 |8 |(21/2-) |
53 |24 |5557 |10 |(1/2-,3/2-) |
53 |24 |5584 |10 | |
53 |24 |5596 |10 | |
53 |24 |5624 |10 | |
53 |24 |5674 |10 | |
53 |24 |5701 |10 | |
53 |24 |5736 |10 | |
53 |24 |5750 |10 | |
53 |24 |5805 |10 | |
53 |24 |5843 |10 | |
53 |24 |5862 |10 | |
53 |24 |5877 |10 | |
53 |24 |5900 |10 | |
53 |24 |5937 |10 | |
53 |24 |5951 |10 | |
53 |24 |5962 |10 | |
53 |24 |5976 |10 | |
53 |24 |6009.0 |9 |21/2(-) |
53 |24 |6039 |10 | |
53 |24 |6068 |10 | |
53 |24 |6114 |10 | |
53 |24 |6135 |10 | |
53 |24 |6154 |10 | |
53 |24 |6180 |10 | |
53 |24 |6216 |10 | |
53 |24 |6231 |10 |(1/2+) |
53 |24 |6258 |10 | |
53 |24 |6305 |10 |1/2+ |
53 |24 |6335 |10 | |
53 |24 |6370 |10 | |
53 |24 |6387 |10 | |
53 |24 |6415 |10 | |
53 |24 |6430 |10 | |
53 |24 |6445 |10 | |
53 |24 |6460 |10 | |
53 |24 |6495 |10 | |
53 |24 |6524 |10 |(3/2,5/2)+ |
53 |24 |6550 |10 | |
53 |24 |6575 |10 | |
53 |24 |6600 |10 | |
53 |24 |6630 |10 |(3/2,5/2)+ |
53 |24 |6665 |10 |1/2+ |
53 |24 |6700 |10 |1/2+ |
53 |24 |6735 |10 |(3/2,5/2)+ |
53 |24 |6781 |10 | |
53 |24 |6800 |10 | |
53 |24 |6831 |10 |1/2+ |
53 |24 |6873 |10 | |
53 |24 |6896 |10 | |
53 |24 |6927 |10 |3/2+,5/2+ |
53 |24 |6927.9 |9 |23/2(-) |
53 |24 |6961 |10 |1/2+ |
53 |24 |7004 |10 | |
53 |24 |7025 |10 | |
53 |24 |7056 |10 | |
53 |24 |7080 |10 | |
53 |24 |7120 |10 | |
53 |24 |7140 |10 | |
53 |24 |7167 |10 |1/2+ |
53 |24 |7225 |10 | |
53 |24 |7288 |10 | |
53 |24 |7300 |10 | |
53 |24 |7321 |10 | |
53 |24 |7385 |10 | |
53 |24 |7440 |10 | |
53 |24 |7484 |10 | |
53 |24 |7500 |10 | |
53 |24 |7542 |10 | |
53 |24 |7566.9 |8 |(21/2-) |
53 |24 |7573 |10 | |
53 |24 |7605 |10 | |
53 |24 |7613.7 |12 |25/2(-) |
53 |24 |7619 |10 | |
53 |24 |7695.3 |15 | |
53 |24 |7939.12 |14 |3/2- |
53 |24 |9298.8 |11 |(23/2-) |
53 |24 |9458.1 |17 |(25/2-) |
53 |24 |10110.8 |13 |(27/2-) |
53 |24 |10650 |20 |7/2- |
53 |24 |11291.2 |18 |(25/2-) |
53 |24 |12520 |20 |1/2+ |
53 |24 |12590 |20 |3/2+,5/2+ |
54 |24 |0.0 | |0+ |STABLE
54 |24 |834.855 |3 |2+ |8.0 PS 3
54 |24 |1823.93 |7 |4+ |1.9 PS 6
54 |24 |2619.68 |4 |2+ |78 FS 15
54 |24 |2829.62 |5 |0+ |0.15 PS +6-4
54 |24 |3074.07 |6 |2+ |7.1 FS 4
54 |24 |3159.57 |10 |4+ |0.24 PS +5-4
54 |24 |3222.45 |13 |6+ |0.49 PS 14
54 |24 |3393.41 |7 |(1-,2-) |15 FS +14-7
54 |24 |3436.88 |6 |2+ |8 FS 3
54 |24 |3468 | | |
54 |24 |3514 |7 | |
54 |24 |3655.23 |20 |4+ |6 FS LT
54 |24 |3720.03 |5 |1+,2+ |16.6 FS 14
54 |24 |3785.71 |12 |(4)+ |2.8 PS GT
54 |24 |3798.54 |12 |4+ |51 FS +9-8
54 |24 |3861.02 |5 |2+ |
54 |24 |3870.4 |5 | |28 FS GT
54 |24 |3925.55 |7 |2+ |
54 |24 |3927.69 |8 |2+ |
54 |24 |3987.42 |21 | |42 FS GT
54 |24 |4012.90 |7 |0+ |1.4 FS +21-14
54 |24 |4043.3 |3 |5+ |28 FS +13-10
54 |24 |4083.25 |6 |(2,3,4)+ |
54 |24 |4126.0 |7 |2 |
54 |24 |4127.05 |7 |3- |
54 |24 |4190.8 |5 |2+ |
54 |24 |4217.51 |5 |(2)+,3+ |
54 |24 |4239.1 |5 |2+ |
54 |24 |4256.4 |4 |2+ |
54 |24 |4380.95 |11 |(2-) |
54 |24 |4451.0 |5 |4+ |
54 |24 |4458.4 |5 |1+,(2+) |
54 |24 |4570.8 |9 |(2-),3- |
54 |24 |4583 |5 |0+ |
54 |24 |4618 |17 | |
54 |24 |4633.60 |14 |2+ |
54 |24 |4681.5 |3 |(8)+ |0.55 PS 7
54 |24 |4689.1 |6 | |
54 |24 |4740 | | |
54 |24 |4844.7 |9 |2- |
54 |24 |4865 |5 |(1-,4+) |
54 |24 |4872.36 |6 |2+ |
54 |24 |4921 |7 | |
54 |24 |4936 |7 | |
54 |24 |4997 |7 | |
54 |24 |5017 |10 | |
54 |24 |5026 |10 | |
54 |24 |5062 |10 |4+ |
54 |24 |5085.8 |4 |(7) |
54 |24 |5113.6 |5 |2+ |
54 |24 |5156 |10 | |
54 |24 |5189.62 |12 |2+ |
54 |24 |5191 |10 | |
54 |24 |5215 |10 | |
54 |24 |5226.56 |11 |2+ |
54 |24 |5268.46 |10 |2+ |
54 |24 |5275 |7 |2+ |
54 |24 |5291.3 |6 |2+ |
54 |24 |5294.23 |9 |1+,2+ |
54 |24 |5321 |10 | |
54 |24 |5345.7 |12 |2 |
54 |24 |5363.9 |3 |7+ |0.24 PS 6
54 |24 |5387 |10 | |
54 |24 |5458 |6 |2+ |
54 |24 |5498 |10 | |
54 |24 |5557 |7 |4+ |
54 |24 |5586.94 |7 |1+,2+ |
54 |24 |5670 |10 | |
54 |24 |5698 |10 | |
54 |24 |5740 |10 | |
54 |24 |5771 |12 | |
54 |24 |5797.9 |5 |(7) |
54 |24 |5821.50 |13 | |
54 |24 |5856.4 |4 | |
54 |24 |5893 |10 |(+) |
54 |24 |5935 |10 | |
54 |24 |5981 |10 | |
54 |24 |6113 |10 | |
54 |24 |6120 |10 | |
54 |24 |6142.31 |17 | |
54 |24 |6193 |10 | |
54 |24 |6212 |10 | |
54 |24 |6255 |10 | |
54 |24 |6289 |10 | |
54 |24 |6316.39 |9 | |
54 |24 |6350 |10 | |
54 |24 |6374 |10 | |
54 |24 |6391 |10 | |
54 |24 |6421 |10 | |
54 |24 |6446.2 |6 |(9) |
54 |24 |6510 |10 | |
54 |24 |6525 |10 | |
54 |24 |6556 |10 | |
54 |24 |6585 |10 | |
54 |24 |6617.8 |4 |9+ |
54 |24 |6633 |10 | |
54 |24 |6658 |10 | |
54 |24 |6678 |10 | |
54 |24 |6699 |10 | |
54 |24 |6719.52 |79 |(10+) |0.10 PS LT
54 |24 |6726.2 |7 |(10)+ |
54 |24 |6743 |10 | |
54 |24 |6780 |10 | |
54 |24 |6814 |10 | |
54 |24 |6831 |10 | |
54 |24 |6875 |10 | |
54 |24 |6899 |10 | |
54 |24 |6941 |10 | |
54 |24 |6960 |10 | |
54 |24 |6991 |10 | |
54 |24 |7050 |10 | |
54 |24 |7084 |10 | |
54 |24 |7103 |10 | |
54 |24 |7127 |10 | |
54 |24 |7159 |10 | |
54 |24 |7174 |10 | |
54 |24 |7199 |10 | |
54 |24 |7235.3 |4 |(9) |
54 |24 |7292.1 |5 |(9) |
54 |24 |7370 | | |
54 |24 |7400 | | |
54 |24 |7590 | |(-) |
54 |24 |7850 | | |
54 |24 |7895.0 |9 |(10) |
54 |24 |8236.9 |6 |(11+) |
54 |24 |8300 | | |
54 |24 |8500 | | |
54 |24 |8825.4 |8 |(12+) |
54 |24 |8859.1 |7 |(10) |
54 |24 |8990 | |+ |
54 |24 |9154.4 |6 |(11) |
54 |24 |9300 | | |
54 |24 |9420 | |+ |
54 |24 |9634.4 |9 |(12+) |
54 |24 |9971.8 |8 |(13+) |
54 |24 |10551.6 |11 |(11+) |
54 |24 |11115.9 |9 |(11) |
54 |24 |11785.9 |9 |(15+) |
54 |24 |12539.9 |11 |(13) |
55 |24 |0.0 | |3/2- |3.497 M 3
55 |24 |241.91 |4 |1/2- |
55 |24 |517.70 |4 |5/2- |5.2 PS LT
55 |24 |565.91 |3 |3/2- |
55 |24 |880.71 |4 |5/2- |
55 |24 |1131 |10 | |
55 |24 |1214.75 |5 |5/2- |3.5 PS +69-14
55 |24 |1438.82 |7 |9/2- |4.2 PS 14
55 |24 |1474.20 |6 |1/2- |
55 |24 |1479.03 |12 |7/2- |
55 |24 |2008 |7 |5/2+ |
55 |24 |2083.85 |13 |3/2- |
55 |24 |2086.10 |12 |9/2+ |
55 |24 |2269.24 |18 |1/2+ |
55 |24 |2314.2 |7 |(9/2-) |
55 |24 |2320 |10 |3/2- |
55 |24 |2355 |10 | |
55 |24 |2390.40 |12 |11/2- |
55 |24 |2545 |10 |(5/2-,7/2-) |
55 |24 |2596 |10 |5/2-,7/2- |
55 |24 |2686.99 |14 |1/2-,3/2- |
55 |24 |2710 |10 |3/2- |
55 |24 |2755.49 |15 |13/2- |3.5 PS LT
55 |24 |2874 |10 |3/2+,5/2+ |
55 |24 |2880.36 |13 |13/2+ |
55 |24 |2894.54 |13 |1/2- |
55 |24 |2988.7 |7 |13/2- |
55 |24 |3009 |10 | |
55 |24 |3017 |10 |1/2-,3/2- |
55 |24 |3114 |10 |(+) |
55 |24 |3145 |10 |5/2- |
55 |24 |3182.6 |8 |13/2- |
55 |24 |3200 |10 |1/2-,3/2- |
55 |24 |3294 |10 | |
55 |24 |3306.22 |20 |(15/2) |2.1 PS 14
55 |24 |3351 |10 |1/2-,3/2- |
55 |24 |3519 |10 |(1/2-,3/2-) |
55 |24 |3574 |10 |3/2- |
55 |24 |3631 |10 | |
55 |24 |3696 |10 |(1/2-,3/2-) |
55 |24 |3800 |10 | |
55 |24 |3810 |10 | |
55 |24 |3828 |10 | |
55 |24 |3852 |10 |(3/2+,5/2+) |
55 |24 |3902 |10 | |
55 |24 |3938 |10 |3/2+,5/2+ |
55 |24 |4001 |10 | |
55 |24 |4005.4 |2 |17/2+ |
55 |24 |4044.25 |21 |1/2+ |
55 |24 |4059 |10 |(1/2-,3/2-) |
55 |24 |4142 |10 |(3/2+,5/2+) |
55 |24 |4151.6 |5 |17/2- |
55 |24 |4181 |10 |1/2-,3/2- |
55 |24 |4276 |10 | |
55 |24 |4308 |10 | |
55 |24 |4382 |10 |1/2+ |
55 |24 |4418 |10 |3/2+,5/2+ |
55 |24 |4466 |10 |1/2-,3/2- |
55 |24 |4517 |10 | |
55 |24 |4545 |10 | |
55 |24 |4571 |10 | |
55 |24 |4607 |10 | |
55 |24 |4631 |10 | |
55 |24 |4646 |10 | |
55 |24 |4663 |10 |3/2+,5/2+ |
55 |24 |4734 |10 | |
55 |24 |4739 |10 |1/2+ |
55 |24 |4767 |10 | |
55 |24 |4854 |10 |3/2+,5/2+ |
55 |24 |4869 |10 | |
55 |24 |4900 |10 | |
55 |24 |4950 |10 | |
55 |24 |4962 |10 |(3/2+,5/2+) |
55 |24 |5016 |10 | |
55 |24 |5049 |10 | |
55 |24 |5070 |10 |(5/2-,7/2-) |
55 |24 |5093 |10 | |
55 |24 |5118 |10 | |
55 |24 |5154 |10 | |
55 |24 |5157 |10 | |
55 |24 |5199 |10 | |
55 |24 |5245 |10 | |
55 |24 |5264 |10 | |
55 |24 |5295 |10 | |
55 |24 |5327 |10 | |
55 |24 |5352 |10 | |
55 |24 |5433 |10 | |
55 |24 |5455 |10 | |
55 |24 |5489 |10 | |
55 |24 |5515 |10 | |
55 |24 |5575 |10 | |
55 |24 |5615 |10 | |
55 |24 |5648.6 |6 |21/2+ |
55 |24 |5668 |10 | |
55 |24 |5719 |10 | |
55 |24 |5750 |10 | |
55 |24 |5806 |10 | |
55 |24 |5820 |10 | |
55 |24 |5858 |10 | |
55 |24 |5885 |10 | |
55 |24 |5956 |10 | |
55 |24 |5980 |10 | |
55 |24 |6000 |10 | |
55 |24 |6068 |10 | |
55 |24 |6136 |10 | |
55 |24 |6164 |10 | |
55 |24 |6306 |10 | |
55 |24 |6556 |10 | |
55 |24 |6583 |10 | |
55 |24 |6644 |10 | |
55 |24 |7433.3 |9 |25/2+ |
56 |24 |0.0 | |0+ |5.94 M 10
56 |24 |1006.61 |20 |2+ |1.4 PS GE
56 |24 |1674.5 |5 |(0+) |
56 |24 |1831.6 |4 |2+ |
56 |24 |2076.6 |3 | |2.8 PS LE
56 |24 |2326.8 |20 |2+ |0.06 PS LE
56 |24 |2681.7 |11 |4+ |0.7 PS GE
56 |24 |3165 |6 | |0.2 PS LE
56 |24 |3252.0 |6 | |0.7 PS GE
56 |24 |3402 |20 | |
56 |24 |3451 |15 |3- |
56 |24 |3509 |15 |2+ |
56 |24 |3648 |15 | |
56 |24 |3675 |20 | |
56 |24 |3794 |15 |3- |
56 |24 |3819 |15 | |
56 |24 |3897 |15 |0+ |
56 |24 |3916 |20 | |
56 |24 |4014 |15 | |
56 |24 |4112 |15 | |
56 |24 |4175 |15 | |
56 |24 |4247 |20 | |
56 |24 |4284 |15 | |
56 |24 |4349 |15 | |
56 |24 |4448.9 |6 | |0.7 PS GE
56 |24 |4631 |15 | |
56 |24 |4678 |15 | |
56 |24 |4800 |20 | |
56 |24 |4848 |15 | |
56 |24 |4892 |15 | |
56 |24 |4924 |15 | |
56 |24 |4989 |15 | |
56 |24 |5060 | | |
56 |24 |5121 |15 |(3-) |
56 |24 |5603.3 |12 | |
56 |24 |6150 | | |
56 |24 |7230 | | |
57 |24 |0.0 | |(3/2)- |21.1 S 10
57 |24 |267.87 |8 |(5/2-) |
57 |24 |692.69 |9 |(5/2-) |
57 |24 |941.79 |10 |(7/2-) |
57 |24 |1506.91 |14 |(9/2+) |
57 |24 |1581.13 |19 |(9/2-) |
57 |24 |1585.2 |6 | |
57 |24 |1858.1 |4 |(9/2-) |
57 |24 |2098.14 |22 |(11/2-) |
57 |24 |2344.50 |19 |(13/2+) |
57 |24 |2611.6 |3 |(13/2-) |
57 |24 |3377.6 |6 | |
57 |24 |3500.4 |3 |(17/2+) |
57 |24 |3555.4 |5 |(15/2-) |
57 |24 |4136.4 |8 | |
57 |24 |4827.0 |15 | |
57 |24 |4856.4 |11 | |
57 |24 |4920.1 |10 | |
57 |24 |5018.6 |5 |(21/2+) |
57 |24 |6814.7 |10 |(25/2+) |
57 |24 |8844.4 |21 |(29/2+) |
57 |24 |10972 |5 |(33/2+) |
57 |24 |12950 |6 |(37/2+) |
58 |24 |0.0 | |0+ |7.0 S 3
58 |24 |880.7 |2 |2+ |5.4 PS +21-12
58 |24 |1938.6 |4 |4+ |
58 |24 |2981.8 |5 |(4+) |
58 |24 |3219.3 |5 |6+ |
58 |24 |3256.1 |5 |(4,5,6+) |
58 |24 |3311.0 |5 |(5-) |
58 |24 |3617.7 |5 | |
58 |24 |3715.1 |5 |(6-) |
58 |24 |3954.8 |5 | |
58 |24 |3981.2 |5 |(6,7) |
58 |24 |4185.4 |5 |(7-) |
58 |24 |4670.2 |5 |(8-) |
58 |24 |4679.7 |6 |8+ |2.1 PS AP
59 |24 |0.0 | |(1/2-) |0.46 S 5
59 |24 |208 |1 |(3/2-) |
59 |24 |310.0 |14 |(5/2-) |
59 |24 |503.0 |17 |(9/2+) |96 US 20
60 |24 |0.0 | |0+ |0.49 S 1
60 |24 |643.90 |20 |(2+) |23 PS 3
60 |24 |1460.7 |5 |(4+) |
60 |24 |1818.9 |11 |(3,4) |
60 |24 |2446.0 |5 |(6+) |
60 |24 |2630.0 |11 |(5,6) |
60 |24 |3477.4 |6 |(8+) |
60 |24 |4681.4 |12 |(10+) |
61 |24 |0.0 | |(5/2-) |237 MS 11
61 |24 |70.8 |3 |(3/2,5/2,7/2) |
61 |24 |97.41 |23 |(3/2,5/2,7/2) |
61 |24 |224.1 |4 | |
61 |24 |401.8 |5 | |
61 |24 |450.6 |3 | |
61 |24 |564.4 |5 | |
61 |24 |631.7 |8 | |
61 |24 |715.9 |4 | |
61 |24 |773.7 |4 | |
61 |24 |1026.6 |3 | |
61 |24 |1222.0 |5 | |
61 |24 |2061.9 |5 | |
61 |24 |2261.4 |6 | |
62 |24 |0.0 | |0+ |206 MS 12
62 |24 |446 |1 |(2+) |
62 |24 |1175 |9 |(4+) |
63 |24 |0.0 | |1/2- |129 MS 2
64 |24 |0 | |0+ |43 MS 1
64 |24 |430 |2 |2+ |123 PS +46-27
64 |24 |1141 |9 |(4+) |
65 |24 |0.0 | |(1/2-) |27 MS 3
66 |24 |0.0 | |0+ |10 MS 6
68 |24 |0.0 | |0+ |360 NS GT
69 |24 |0 | | |620 NS GT
70 |24 |0 | |0+ |620 NS GT
