44 |25 |0.0 | | |105 NS LT
45 |25 |0.0 | | |
46 |25 |0.0 | |(4+) |36.2 MS 4
46 |25 |5017 |71 |0+ |
47 |25 |0 | |(5/2-) |100 MS 50
47 |25 |6.87E3 |17 |(7/2-) |
48 |25 |0.0 | |4+ |158.1 MS 22
48 |25 |312.0 |10 |(2+) |
48 |25 |430.0 |9 |(5+) |
48 |25 |598.0 |15 |(1+) |
48 |25 |636.0 |9 |(6+) |
48 |25 |688.0 |18 |(1-) |
48 |25 |912.0 |20 |(2-) |
48 |25 |1220.0 |23 |(3-) |
48 |25 |1283.0 |12 |(7+) |
48 |25 |1627.0 |25 |(4-) |
48 |25 |2129 |3 |(5-) |
48 |25 |2230.0 |12 |(8+) |
48 |25 |2653.0 |13 |(9+) |
48 |25 |3.10E+3 |12 |1+ |
48 |25 |4180.1 |10 |(10+) |
48 |25 |4339.1 |17 |(11+) |
48 |25 |6293.1 |10 |(13+) |
49 |25 |0.0 | |5/2- |382 MS 7
49 |25 |261.38 |13 |7/2(-) |
49 |25 |1059.18 |24 |9/2(-) |
49 |25 |1541.31 |25 |11/2(-) |
49 |25 |2481.3 |4 |13/2(-) |
49 |25 |3189.3 |7 |15/2(-) |
49 |25 |3959 |50 |(5/2-) |
49 |25 |4250.3 |8 |17/2(-) |
49 |25 |4381 |17 |(7/2-,5/2-) |
49 |25 |4446.3 |10 |19/2(-) |
49 |25 |4814 |39 |(7/2-) |
49 |25 |6056.4 |14 |(23/2-) |
49 |25 |8080.4 |17 |(27/2-) |
49 |25 |10724.5 |20 |(31/2-) |
50 |25 |0.0 | |0+ |283.19 MS 10
50 |25 |225.28 |9 |5+ |1.75 M 3
50 |25 |651.03 |5 |1+ |
50 |25 |659.17 |7 |(6+) |
50 |25 |800.16 |6 |2+ |0.7 PS GT
50 |25 |1030.54 |8 |(7+) |
50 |25 |1143.25 |7 |3+ |0.33 PS +11-8
50 |25 |1727.33 |9 |1- |
50 |25 |1765.4 |5 |(3+:7+) |
50 |25 |1797.87 |12 |(3+) |
50 |25 |1874.57 |7 |2(+) |
50 |25 |1917.10 |8 |5+ |0.7 PS GT
50 |25 |1931.50 |10 |4+ |0.090 PS LT
50 |25 |2119.80 |16 |(8+) |0.73 PS LT
50 |25 |2157.32 |14 |(1+:5+) |
50 |25 |2300.69 |12 |(0+:4+) |
50 |25 |2340.08 |16 |(3-,4+) |
50 |25 |2411 |4 |(1)+ |
50 |25 |2477.89 |12 |(3) |
50 |25 |2534.25 |21 |(9+) |0.52 PS 8
50 |25 |2556.95 |10 |(5+) |
50 |25 |2614.5 |4 |(0:3-) |
50 |25 |2694 |4 |(1)+ |
50 |25 |2716.13 |10 |(4+) |
50 |25 |2790 |4 |(1)+ |
50 |25 |2980.09 |21 |(0:3+) |
50 |25 |3177 |4 | |
50 |25 |3256.1 |10 |(6+) |0.07 PS LT
50 |25 |3370.08 |19 |(5-,6+) |
50 |25 |3392 |4 |(1)+ |
50 |25 |3438.73 |14 |(2+:6+) |
50 |25 |3477.63 |10 |(0+:3-) |
50 |25 |3520 |20 | |
50 |25 |3561.91 |24 | |
50 |25 |3638.09 |19 |(2+:5+) |
50 |25 |3654 |4 |(1)+ |
50 |25 |3723.6 |11 |(3:6+) |
50 |25 |3850 | | |
50 |25 |4028 |4 |(1)+ |
50 |25 |4253.9 |5 |(8-) |
50 |25 |4333 |4 |(1)+ |
50 |25 |4584 |4 |(1)+ |
50 |25 |4585.3 |11 |(11+) |
50 |25 |4837.9 |11 |(10-) |
50 |25 |4875.1 |11 |(7-,8+) |
50 |25 |5728 |4 | |
50 |25 |6147.9 |15 |(12-) |
50 |25 |6461.1 |15 |(9-,10+) |
50 |25 |6937.4 |15 |(13+) |
50 |25 |8277.4 |18 |(15+) |2 PS GT
51 |25 |0.0 | |5/2- |46.2 M 1
51 |25 |237.3 |2 |7/2- |14.1 PS 23
51 |25 |1139.8 |3 |9/2- |0.25 PS +8-6
51 |25 |1488.5 |4 |11/2- |0.50 PS +14-10
51 |25 |1817.1 |2 |3/2(-) |0.7 PS GT
51 |25 |1824.6 |1 |3/2- |16 FS 4
51 |25 |1959.1 |6 |1/2- |0.38 PS 12
51 |25 |2140.4 |2 |3/2- |15 FS 4
51 |25 |2255.7 |1 |(5/2-) |79 FS +33-26
51 |25 |2275.9 |2 |1/2+ |1.2 FS GT
51 |25 |2310.0 |5 |5/2- |0.9 PS +6-4
51 |25 |2415.9 |3 |(7/2)- |4.2 FS +28-21
51 |25 |2450 | |1/2-,3/2- |
51 |25 |2650 | |1/2-,3/2- |
51 |25 |2701.6 |5 |3/2- |0.5 PS GT
51 |25 |2841.4 |2 |1/2- |0.27 PS +13-8
51 |25 |2893.0 |4 |5/2- |
51 |25 |2913.5 |1 |3/2- |21 FS LT
51 |25 |2957.3 |6 |13/2- |
51 |25 |2983.5 |5 |5/2+ |
51 |25 |3029.5 |11 |(7/2) |
51 |25 |3048.6 |10 |(3/2-) |
51 |25 |3058.1 |10 |(5/2-,7/2-) |
51 |25 |3091.5 |10 |1/2-,3/2- |
51 |25 |3130.5 |10 |3/2-,5/2+ |
51 |25 |3250.8 |6 |15/2- |
51 |25 |3281 | |(1/2,3/2) |
51 |25 |3292.3 |6 |5/2-,7/2- |
51 |25 |3423.3 |10 |(1/2-:7/2-) |
51 |25 |3543.5 |14 |1/2-,3/2- |
51 |25 |3554.1 |5 |3/2- |
51 |25 |3657.9 |14 | |
51 |25 |3680.6 |7 |17/2- |1.43 NS +6-5
51 |25 |3694.4 |5 |1/2-,3/2- |
51 |25 |3730 | |(7/2) |
51 |25 |3824.9 |16 |7/2 |
51 |25 |3835.2 |15 |(7/2) |
51 |25 |3876.6 |17 |(3/2,5/2) |
51 |25 |3893.2 |4 |1/2-,3/2- |
51 |25 |3931.8 |3 |3/2,5/2- |
51 |25 |3955.6 |27 |(7/2,9/2) |
51 |25 |4000 | | |
51 |25 |4005.9 |5 |(3/2-,5/2-) |
51 |25 |4017 |3 |(1/2,3/2-) |
51 |25 |4046 | | |
51 |25 |4052 | | |
51 |25 |4091.2 |10 |(5/2-,7/2-) |
51 |25 |4139.7 |7 |19/2- |0.7 PS LT
51 |25 |4153 | |(5/2+) |
51 |25 |4200 | |(1/2,3/2) |
51 |25 |4206.1 |10 |(5/2) |
51 |25 |4352.4 |10 |(1/2-,3/2-) |
51 |25 |4451 |2 |7/2- |
51 |25 |4463 | | |
51 |25 |4488.1 |7 |(5/2) |
51 |25 |4493 |3 |5/2-,7/2- |
51 |25 |4523 |3 |1/2-,3/2- |
51 |25 |4532 | | |
51 |25 |4540 | |(3/2,5/2,7/2) |
51 |25 |4601 |5 | |
51 |25 |4710 |5 | |
51 |25 |4723 | |(1/2,3/2) |
51 |25 |4731 |5 |(3/2+,5/2+) |
51 |25 |4739 | | |
51 |25 |4776 | | |
51 |25 |4883 |2 |1/2,3/2- |
51 |25 |4925 | |1/2-to7/2- |
51 |25 |5067 | |(3/2) |
51 |25 |5077 |5 |1/2-,3/2- |
51 |25 |5133 |5 |1/2-,3/2- |
51 |25 |5174 | |(1/2,3/2,5/2) |
51 |25 |5188 | |(3/2+,5/2+) |
51 |25 |5203 | | |
51 |25 |5212 | | |
51 |25 |5230 |5 | |
51 |25 |5258.5 |19 |(17/2,19/2) |
51 |25 |5454 |5 |1/2-,3/2- |
51 |25 |5458.4 |9 |19/2- |
51 |25 |5506 | | |
51 |25 |5517 |5 |(1/2-,3/2-) |
51 |25 |5585 | | |
51 |25 |5596 |5 |(1/2-,3/2-) |
51 |25 |5639.8 |8 |21/2- |
51 |25 |5692 |5 |(1/2-,3/2-) |
51 |25 |5729 |5 | |
51 |25 |5787 |5 | |
51 |25 |5867 |5 | |
51 |25 |5899 |5 | |
51 |25 |5944 |5 | |
51 |25 |5975 |5 | |
51 |25 |6012 |5 | |
51 |25 |6047 |5 | |
51 |25 |6072 |5 | |
51 |25 |6118 |5 | |
51 |25 |6299 |5 | |
51 |25 |6309.1 |4 |3/2- |
51 |25 |6320.6 |4 | |
51 |25 |6358.6 |5 | |
51 |25 |6372.1 |6 | |
51 |25 |6412.1 |6 | |
51 |25 |6450.8 |6 |5/2- |
51 |25 |6466.5 |6 | |
51 |25 |6471.5 |8 |23/2- |
51 |25 |6682.4 |10 | |
51 |25 |6693.6 |10 |5/2- |
51 |25 |6702.4 |10 | |
51 |25 |6722.8 |10 | |
51 |25 |6742 |5 | |
51 |25 |6754.0 |10 |5/2- |
51 |25 |6785.5 |10 | |
51 |25 |6800.0 |10 | |
51 |25 |6803.2 |10 | |
51 |25 |6819.7 |10 | |
51 |25 |6822.9 |9 |21/2- |
51 |25 |6839.7 |10 | |
51 |25 |6848.6 |10 | |
51 |25 |6916.0 |10 | |
51 |25 |6927.0 |10 | |
51 |25 |7033.5 |3 |3/2- |
51 |25 |7045.3 |3 |1/2 |
51 |25 |7064.9 |3 |3/2- |
51 |25 |7106.1 |3 |5/2-,7/2- |
51 |25 |7128.6 |3 |1/2 |
51 |25 |7141.4 |3 |5/2- |
51 |25 |7146.3 |3 |3/2- |
51 |25 |7162.0 |3 |1/2- |
51 |25 |7168.8 |3 |1/2- |
51 |25 |7169.8 |3 |5/2- |
51 |25 |7174.7 |3 |5/2 |
51 |25 |7175.6 |8 |(27/2-) |69.8 PS 22
51 |25 |7175.7 |3 |5/2+ |
51 |25 |7190.4 |3 |3/2- |
51 |25 |7210.0 |3 |(5/2) |
51 |25 |7213.0 |3 |(1/2,3/2) |
51 |25 |7221.8 |3 | |
51 |25 |7240.4 |3 |5/2(+) |
51 |25 |7261.0 |3 |5/2- |
51 |25 |7262.0 |3 |3/2- |
51 |25 |7272.8 |3 |5/2 |
51 |25 |7273.7 |3 |3/2- |
51 |25 |7296.3 |3 |3/2- |
51 |25 |7297 |3 |(15/2+) |
51 |25 |7310.0 |3 |5/2+ |
51 |25 |7313.9 |3 |3/2- |
51 |25 |7339.4 |3 |3/2- |
51 |25 |7342.4 |3 |5/2+ |
51 |25 |7343.3 |3 |3/2-,5/2- |
51 |25 |7357.1 |3 |5/2- |
51 |25 |7369.8 |3 |3/2+,5/2- |
51 |25 |7370.8 |3 |3/2- |
51 |25 |7395.3 |3 |3/2-,5/2- |
51 |25 |7414.9 |3 |3/2+,5/2+ |
51 |25 |7447.3 |3 |3/2-,5/2- |
51 |25 |7450.2 | |3/2- |
51 |25 |7459.0 |3 |5/2+ |
51 |25 |7463.0 |3 | |
51 |25 |7466.9 |3 |1/2- |
51 |25 |7500.8 |12 |(21/2-,23/2-) |
51 |25 |7513.9 |3 |5/2- |
51 |25 |7528.6 |3 |3/2-,5/2- |
51 |25 |7546.3 |3 |5/2 |
51 |25 |7550.2 |3 |1/2- |
51 |25 |7560.0 |3 |3/2-,5/2- |
51 |25 |7571.8 |3 | |
51 |25 |7586.5 |3 |(3/2-) |
51 |25 |7599.2 |3 | |
51 |25 |7617.9 |3 |1/2 |
51 |25 |7620.8 |3 |7/2+ |
51 |25 |7630.6 |3 |5/2- |
51 |25 |7635.5 |3 | |
51 |25 |7643.3 |3 | |
51 |25 |7666.7 |8 |23/2- |
51 |25 |7668.8 |3 |(5/2,7/2) |
51 |25 |7683.5 |3 | |
51 |25 |7699.2 |3 |5/2+ |
51 |25 |7714.9 |3 |3/2- |
51 |25 |7717.9 |3 |3/2- |
51 |25 |7728.6 |3 |3/2- |
51 |25 |7742.4 |3 |1/2 |
51 |25 |7786.5 |3 |5/2- |
51 |25 |7791.4 |3 |5/2- |
51 |25 |7798 | |1/2+ |
51 |25 |7844.3 |3 | |
51 |25 |7849.2 |3 |3/2- |
51 |25 |7864.5 |24 |(17/2+) |
51 |25 |7887.5 |3 | |
51 |25 |7892.1 |8 |25/2- |
51 |25 |7894.3 |3 | |
51 |25 |7913.9 |3 | |
51 |25 |7932.6 |3 |3/2-,5/2-,7/2 |
51 |25 |7943.3 |3 |3/2- |
51 |25 |7967.9 |3 | |
51 |25 |8013.9 |3 |9/2 |
51 |25 |8022.8 |3 | |
51 |25 |8045.3 |3 |3/2- |
51 |25 |8063.9 |3 |3/2 |
51 |25 |8084.8 |9 |21/2-,23/2 |
51 |25 |8101.2 |3 | |
51 |25 |8143.3 |3 |7/2- |
51 |25 |8147.3 |3 |3/2-,5/2-,7/2 |
51 |25 |8168.8 |3 |3/2-,5/2 |
51 |25 |8174.7 |3 |3/2,5/2- |
51 |25 |8186.5 |3 | |
51 |25 |8199.2 |3 |(3/2-) |
51 |25 |8215.9 |3 |3/2-,5/2- |
51 |25 |8256.1 |3 | |
51 |25 |8260.0 |3 |5/2,7/2-,9/2 |
51 |25 |8265.9 |3 | |
51 |25 |8268.8 |3 |5/2- |
51 |25 |8282 | |5/2+ |
51 |25 |8307.1 |3 |5/2+ |
51 |25 |8336 | |5/2+ |
51 |25 |8340 | |(5/2+) |
51 |25 |8352 | |5/2+ |
51 |25 |8358 | |5/2+ |
51 |25 |8380.9 |3 | |
51 |25 |8389 | |3/2+ |
51 |25 |8391 | |5/2- |
51 |25 |8400.4 |3 | |
51 |25 |8403 | |1/2 |
51 |25 |8408 | |5/2+ |
51 |25 |8415.4 |20 |(19/2+) |
51 |25 |8425.0 |12 |23/2- |
51 |25 |8453.3 |3 |9/2+ |
51 |25 |8465.5 |3 |9/2+ |
51 |25 |8473.0 |3 | |
51 |25 |8491 | |5/2+ |
51 |25 |8492 | |5/2+ |
51 |25 |8498.7 |3 | |
51 |25 |8555.7 |3 | |
51 |25 |8556.3 |3 | |
51 |25 |8749 | |1/2+ |
51 |25 |8893 | |1/2- |
51 |25 |8915 | |1/2+ |
51 |25 |8973.1 |9 |25/2- |
51 |25 |9165.2 |14 |(21/2+) |
51 |25 |9186 | |3/2- |
51 |25 |9471.3 |9 |25/2-,27/2 |0.69 PS GT
51 |25 |9515 | |1/2- |
51 |25 |9516 | |1/2- |
51 |25 |9600.2 |10 |25/2- |
51 |25 |9677.2 |12 |25/2- |
51 |25 |9920.4 |13 |25/2- |
51 |25 |9979.2 |11 |23/2(+) |
51 |25 |10468.9 |10 |27/2- |
51 |25 |10804.4 |10 |27/2- |
51 |25 |10843.1 |11 |25/2(+) |
51 |25 |11062.3 |11 |27/2- |
51 |25 |11201.8 |14 |(27/2-) |
51 |25 |11510.4 |10 |29/2- |
51 |25 |11670.6 |14 |27/2- |
51 |25 |11781.5 |10 |29/2- |
51 |25 |11945.8 |11 |27/2(+) |
51 |25 |12184.8 |11 |29/2- |
51 |25 |12433.8 |10 |29/2- |
51 |25 |12791.8 |10 |31/2- |
51 |25 |12891.8 |18 |27/2-,29/2 |
51 |25 |13169.9 |10 |31/2- |
51 |25 |13468.1 |18 |29/2-,31/2 |
51 |25 |13585.2 |10 |31/2- |
51 |25 |13963.8 |11 |33/2- |
51 |25 |14125.1 |16 |31/2- |
51 |25 |14318.0 |16 |31/2(+) |
51 |25 |14924.2 |11 |33/2- |
51 |25 |15386.8 |24 |31/2,33/2- |
51 |25 |15862.6 |12 |(35/2)- |
51 |25 |17061.7 |19 |35/2(+) |
51 |25 |19636 |3 |39/2(+) |
52 |25 |0.0 | |6+ |5.591 D 3
52 |25 |377.749 |5 |2+ |21.1 M 2
52 |25 |546.438 |6 |1+ |1.85 NS 7
52 |25 |731.66 |25 |4+ |3.6 PS 14
52 |25 |825.2 |4 |3+ |0.17 PS +4-3
52 |25 |869.89 |18 |7+ |0.12 PS +6-8
52 |25 |884.2 |3 |3,4 |1.4 PS
52 |25 |886.9 |3 |2 |0.06 PS +3-4
52 |25 |1232.3 |3 | |0.14 PS +19-8
52 |25 |1253.7 |4 |5+ |0.018 PS 55
52 |25 |1279.0 |4 |5+ |0.25 PS +17-8
52 |25 |1417.688 |18 | |
52 |25 |1646.9 |5 | |0.37 PS +24-17
52 |25 |1683.8 |4 |5+ |0.25 PS +17-8
52 |25 |1956.0 |20 |(6+) |
52 |25 |2044.2 |7 |3+,4+,5+ |
52 |25 |2130.0 |20 |3+,4+,5+ |
52 |25 |2252.6 |5 |3+,4+,5+ |
52 |25 |2285.94 |22 |8+ |0.069 PS LT
52 |25 |2337.2 |5 |(3+) |0.05 PS +2-4
52 |25 |2473.6 |6 |0+,1+ |0.32 PS +16-4
52 |25 |2631.2 |5 |1+ |
52 |25 |2645 |5 | |
52 |25 |2677 |10 | |
52 |25 |2710.2 |6 |7+ |
52 |25 |2771 |3 | |
52 |25 |2785 |4 |(4+) |
52 |25 |2796 |3 |+ |
52 |25 |2815 |4 | |
52 |25 |2848 |3 | |
52 |25 |2858 |5 | |
52 |25 |2872 |4 | |
52 |25 |2903 |5 |1+ |
52 |25 |2907.6 |3 |9+ |0.08 PS 6
52 |25 |2926.0 |5 |0+ |
52 |25 |2955 |5 | |
52 |25 |2973 |4 |(5+,6+,7+) |
52 |25 |2982 |3 | |
52 |25 |3022 | |3+,4+,5+ |
52 |25 |3077 |4 | |
52 |25 |3097 | |3+,4+,5+ |
52 |25 |3106 |4 | |
52 |25 |3130 |20 | |
52 |25 |3199 |3 |5+,6+,7+ |
52 |25 |3213 |10 |0+,1+ |
52 |25 |3226 |4 |3+,4+,5+ |
52 |25 |3245 |10 |(1+) |
52 |25 |3297 |5 |(1+,2+,3+) |
52 |25 |3333 |3 |(2-,3-,4-) |
52 |25 |3351 |5 | |
52 |25 |3386 |3 |(3+) |
52 |25 |3423 |3 | |
52 |25 |3476 |9 |(3+,4+,5+) |
52 |25 |3506 |3 |(3+,4+,5+) |
52 |25 |3573 |5 |1+ |
52 |25 |3602.2 |6 |8+ |
52 |25 |3620 |6 | |
52 |25 |3640 |6 | |
52 |25 |3655 |6 | |
52 |25 |3706 |6 |(2-,3-,4-) |
52 |25 |3738 |4 |3+,4+,5+ |
52 |25 |3776 |10 |1+,2+,3+ |
52 |25 |3797.6 |11 |(9+) |
52 |25 |3837.2 |4 |11+ |15.1 PS 10
52 |25 |3884 |6 | |
52 |25 |3891.4 |5 |8+ |
52 |25 |3898 |4 | |
52 |25 |3936 |4 | |
52 |25 |3974 |8 |1+ |
52 |25 |3987 |6 | |
52 |25 |4040 |20 | |
52 |25 |4061 |4 | |
52 |25 |4129 |8 | |
52 |25 |4136 |10 | |
52 |25 |4163.6 |4 |10+ |0.14 PS +24-11
52 |25 |4236 |6 | |
52 |25 |4281 |6 |1+,2+,3+ |
52 |25 |4314 |10 | |
52 |25 |4376 |6 |1+ |
52 |25 |4390 |30 |(2+) |
52 |25 |4439 |10 |3+ |
52 |25 |4461 |10 | |
52 |25 |4500 |7 | |
52 |25 |4540 |10 | |
52 |25 |4620 |10 |2-,3-,4- |
52 |25 |4679.5 |5 |9- |
52 |25 |4697 |7 | |
52 |25 |4837 |10 |0+,1+ |
52 |25 |4953 |10 |1+ |
52 |25 |5043 |10 | |
52 |25 |5069 |10 |(2+) |
52 |25 |5313 |10 | |
52 |25 |5403 |10 | |
52 |25 |5466 |10 | |
52 |25 |5491 |10 |0+,1+ |
52 |25 |5.52E3 |3 |8- |
52 |25 |5751 |10 | |
52 |25 |5782 |10 | |
52 |25 |5809 |10 | |
52 |25 |5840 |10 | |
52 |25 |5857.5 |6 |11+ |
52 |25 |5874 |10 |1+,2+,3+ |
52 |25 |6061.0 |8 |11- |
52 |25 |6.26E3 |3 |6- |
52 |25 |6.99E3 |3 |6- |
52 |25 |7467.4 |7 |12+ |
52 |25 |7701.8 |7 |(12+) |
52 |25 |8152.5 |6 |13+ |
52 |25 |8384.4 |9 |(13+) |
52 |25 |8582.3 |8 |(13-) |
52 |25 |8787.4 |13 | |
52 |25 |8894.4 |9 |14+ |
52 |25 |9372.3 |9 |13- |
52 |25 |9906.4 |11 |13+ |
52 |25 |10178.4 |9 | |
52 |25 |11204.3 |13 | |
52 |25 |12066.5 |15 |(16+) |
53 |25 |0.0 | |7/2- |3.74E+6 Y 4
53 |25 |377.89 |7 |5/2- |117 PS 6
53 |25 |1289.83 |11 |3/2- |0.55 PS 4
53 |25 |1441.15 |10 |11/2- |0.60 PS 8
53 |25 |1620.12 |10 |9/2- |0.48 PS 6
53 |25 |2273.90 |13 |5/2- |0.25 PS 5
53 |25 |2407.03 |14 |3/2- |0.11 PS 4
53 |25 |2448.1 |8 | |
53 |25 |2562.99 |13 |13/2- |10.7 PS 13
53 |25 |2573.10 |17 |7/2- |0.06 PS 2
53 |25 |2671.17 |20 |1/2- |21 FS +17-10
53 |25 |2686.16 |15 |7/2- |0.05 PS +4-2
53 |25 |2693.29 |20 |15/2- |2.7 PS 4
53 |25 |2697.71 |18 |11/2- |
53 |25 |2706.92 |22 |1/2+ |0.8 PS 3
53 |25 |2761.0 |6 | |
53 |25 |2875.96 |15 |3/2- |41 PS +14-11
53 |25 |2912.88 |20 |3/2- |58 FS +35-24
53 |25 |2946.9 |4 |(9/2)- |0.06 PS 2
53 |25 |2967.3 |8 | |
53 |25 |2978.1 |8 | |
53 |25 |3007.13 |18 |(5/2)+ |0.84 PS GT
53 |25 |3060 |15 |(5/2-,7/2-) |
53 |25 |3097.23 |17 |3/2- |0.053 PS +46-21
53 |25 |3101.9 |3 | |0.074 PS 13
53 |25 |3127.37 |18 |(5/2-) |0.11 PS 2
53 |25 |3182.08 |17 |(3/2-,5/2-) |0.07 PS 2
53 |25 |3199.94 |20 |5/2- |
53 |25 |3248.9 |10 |(9/2)- |
53 |25 |3381.10 |23 |7/2- |
53 |25 |3426.0 |4 |13/2- |0.7 PS +4-3
53 |25 |3439.4 |3 |15/2- |0.14 PS 2
53 |25 |3466.32 |23 |(3/2-,5/2,7/2-) |
53 |25 |3480.0 |3 |1/2- |
53 |25 |3532.28 |24 |(3/2-,5/2,7/2-) |
53 |25 |3555.2 |11 |(11/2-) |
53 |25 |3595.2 |4 |(5/2-,7/2-) |
53 |25 |3624.8 |12 |+ |
53 |25 |3666.19 |24 |5/2- |
53 |25 |3704.9 |8 |(5/2-,7/2-) |
53 |25 |3709.7 |5 |7/2- |
53 |25 |3727.6 |13 | |
53 |25 |3784.3 |13 |+ |
53 |25 |3850.0 |11 | |
53 |25 |3898.09 |23 |1/2- |
53 |25 |3955.0 |3 |7/2- |
53 |25 |3960.1 |3 |(5/2-,7/2-) |
53 |25 |3999.1 |4 |(3/2-,5/2,7/2-) |
53 |25 |4021.3 |14 | |
53 |25 |4062.2 |3 |(7/2-) |
53 |25 |4066.21 |19 | |
53 |25 |4069.2 |8 |3/2+,5/2+ |
53 |25 |4083.0 |4 |(3/2,5/2,7/2-) |
53 |25 |4149.0 |5 | |0.05 PS 1
53 |25 |4168.7 |11 | |
53 |25 |4238.0 |8 | |
53 |25 |4266.3 |3 |(5/2-,7/2-) |
53 |25 |4281.5 |15 | |
53 |25 |4300.1 |4 |5/2-,7/2- |
53 |25 |4310.0 |8 | |
53 |25 |4348.2 |4 |1/2-,3/2- |
53 |25 |4362.0 |6 |1/2-,3/2,5/2,7/2- |
53 |25 |4384.5 |3 |17/2- |0.16 PS +6-5
53 |25 |4399.6 |13 | |
53 |25 |4427.81 |23 |3/2- |
53 |25 |4438.3 |8 |3/2- |
53 |25 |4456.3 |16 | |
53 |25 |4522.1 |8 |(3/2+,5/2+) |
53 |25 |4552.1 |5 |(5/2-,7/2-) |
53 |25 |4560.1 |7 |3/2-,5/2 |
53 |25 |4572.6 |6 |1/2-,3/2- |
53 |25 |4596.0 |15 | |
53 |25 |4635.1 |5 |(5/2-,7/2-) |
53 |25 |4650.1 |11 | |
53 |25 |4719.2 |5 |1/2- |
53 |25 |4763.8 |6 |(3/2-,5/2,7/2-) |
53 |25 |4780.3 |4 |(1/2-,3/2-) |
53 |25 |4793.2 |5 |(3/2-,5/2,7/2-) |
53 |25 |4806.2 |16 | |
53 |25 |4838.4 |15 |(5/2-,7/2-) |
53 |25 |4845.2 |16 | |
53 |25 |4856.5 |11 | |
53 |25 |4907.4 |16 | |
53 |25 |4929.0 |16 |5/2-,7/2- |
53 |25 |4944.7 |15 | |
53 |25 |4955.3 |6 |1/2- |
53 |25 |4988.1 |6 |1/2,3/2-,5/2- |
53 |25 |5007.3 |15 | |
53 |25 |5028.7 |15 |1/2+ |
53 |25 |5044.3 |11 | |
53 |25 |5053.9 |15 | |
53 |25 |5081.4 |15 |(1/2-,3/2-) |
53 |25 |5094.6 |6 |(1/2-,3/2-) |
53 |25 |5155 |10 | |
53 |25 |5240 |10 |(5/2-,7/2-) |
53 |25 |5316.3 |5 | |
53 |25 |5370.8 |5 | 9/2 |
53 |25 |5434.3 |5 |(7/2-) |
53 |25 |5476 |3 | |
53 |25 |5490.8 |5 |1/2- |
53 |25 |5546 |20 |3/2+,5/2+ |
53 |25 |5578.7 |6 | |
53 |25 |5614.9 |5 |(19/2-) |0.12 PS 6
53 |25 |5705 |15 | |
53 |25 |5801 |6 | |
53 |25 |5814 |10 |(11/2-) |
53 |25 |5860 |15 |3/2+,5/2+ |
53 |25 |5894 |3 | |
53 |25 |5954 |3 | |
53 |25 |5998.1 |5 |3/2-,5/2,7/2- |
53 |25 |6005 |6 | |
53 |25 |6040 |40 |3/2+,5/2+ |
53 |25 |6084.5 |15 | |
53 |25 |6119 |10 | |
53 |25 |6150 |15 | |
53 |25 |6177 |10 |3/2+,5/2+ |
53 |25 |6240 |15 | |
53 |25 |6320 |15 |3/2+,5/2+ |
53 |25 |6410 |15 | |
53 |25 |6490 |15 | |
53 |25 |6520 |40 |(1/2+) |
53 |25 |6533.9 |6 |21/2- |0.32 PS 18
53 |25 |6540 |15 |(7/2+,9/2+) |
53 |25 |6601 |10 |3/2+,5/2+ |
53 |25 |6730 |15 | |
53 |25 |6870 |15 |3/2+,5/2+ |
53 |25 |6977 |5 |3/2- |
53 |25 |7004.7 |6 |(23/2-) |0.83 PS +17-14
53 |25 |7028 |8 |7/2+,9/2+ |
53 |25 |7094 |8 |5/2-,7/2- |
53 |25 |7150 |8 |3/2+,5/2+ |
53 |25 |7220 |15 | |
53 |25 |7277 |5 |5/2-,7/2- |
53 |25 |7360 |40 |3/2+,5/2+ |
53 |25 |7385 |8 |5/2-,7/2- |
53 |25 |7420 |5 |1/2-,3/2- |
53 |25 |7461.0 |3 | |
53 |25 |7473 |8 | |
53 |25 |7494.5 |3 | |
53 |25 |7507 |8 |5/2-,7/2- |
53 |25 |7528.2 |3 | |
53 |25 |7546.7 |10 |1/2- |
53 |25 |7574 |10 | |
53 |25 |7628 |8 |(1/2-,3/2-) |
53 |25 |7667 |8 | |
53 |25 |7710 |8 |5/2-,7/2- |
53 |25 |7758 |8 |(5/2-,7/2-) |
53 |25 |7810 |8 |(1/2-,3/2-) |
53 |25 |7899 |10 | |
53 |25 |7917.8 |3 |5/2- |
53 |25 |7921.2 |14 |5/2- |
53 |25 |7928.4 |3 |5/2- |
53 |25 |7935.4 |3 |5/2-,7/2- |
53 |25 |7961.0 |3 | |
53 |25 |7964.5 |3 |(25/2-) |0.17 PS +6-4
53 |25 |7977 |3 |3/2- |
53 |25 |7994.3 |3 | |
53 |25 |8007.1 |3 |5/2- |
53 |25 |8012.0 |3 | |
53 |25 |8015.9 |3 | |
53 |25 |8025.7 |3 |5/2- |
53 |25 |8028.5 |15 |5/2- |
53 |25 |8038.5 |3 | |
53 |25 |8047.3 |3 | |
53 |25 |8053.2 |3 |5/2- |
53 |25 |8057.1 |3 |5/2- |
53 |25 |8065.0 |3 | |
53 |25 |8071.8 |3 | |
53 |25 |8076.3 |3 | |
53 |25 |8082.6 |3 |5/2- |
53 |25 |8087.5 |3 |5/2- |
53 |25 |8095.4 |3 |3/2to7/2- |
53 |25 |8100.3 |3 | |
53 |25 |8108.1 |3 | |
53 |25 |8117.9 |3 | |
53 |25 |8121.9 |3 | |
53 |25 |8132.7 |3 | |
53 |25 |8134.6 |3 |3/2- |
53 |25 |8138.1 |16 |3/2- |
53 |25 |8157.2 |3 |5/2+ |
53 |25 |8176.8 |3 |3/2-,5/2- |
53 |25 |8183.7 |3 | |
53 |25 |8188.6 |3 |1/2-,3/2- |
53 |25 |8191.5 |3 | |
53 |25 |8197.4 |3 | |
53 |25 |8214.1 |3 | |
53 |25 |8219.0 |3 | |
53 |25 |8229.8 |3 | |
53 |25 |8240.6 |3 | |
53 |25 |8247.4 |3 |3/2-,5/2- |
53 |25 |8251.0 |3 |5/2,3/2 |
53 |25 |8262.9 |3 |5/2- |
53 |25 |8267.1 |3 |(3/2-,5/2-) |
53 |25 |8271.0 |3 | |
53 |25 |8273.9 |3 | |
53 |25 |8290.6 |3 | |
53 |25 |8293.8 |3 |3/2- |
53 |25 |8302.4 |3 |5/2- |
53 |25 |8312.2 |3 | |
53 |25 |8320.1 |3 | |
53 |25 |8325.9 |3 |7/2- |
53 |25 |8329.0 |3 |5/2 |
53 |25 |8335.7 |3 |3/2- |
53 |25 |8346.5 |3 | |
53 |25 |8348.5 |3 | |
53 |25 |8351.4 |3 | |
53 |25 |8355.4 |3 | |
53 |25 |8357.3 |3 | |
53 |25 |8374.0 |3 | |
53 |25 |8379.9 |3 | |
53 |25 |8394.6 |3 | |
53 |25 |8399.5 |3 |(3/2-,5/2-) |
53 |25 |8402.5 |3 |3/2- |
53 |25 |8406.4 |3 | |
53 |25 |8420.1 |3 |3/2- |
53 |25 |8425.1 |3 |3/2- |
53 |25 |8432.8 |3 | |
53 |25 |8442.7 |3 | |
53 |25 |8450.4 |3 | |
53 |25 |8453.5 |3 |5/2(+) |
53 |25 |8459.4 |3 | |
53 |25 |8466.2 |3 | |
53 |25 |8477.0 |3 | |
53 |25 |8482.9 |3 |3/2(-) |
53 |25 |8488.8 |3 | |
53 |25 |8493.7 |3 |7/2- |
53 |25 |8500.6 |3 |(3/2-,5/2) |
53 |25 |8505.5 |3 |7/2- |
53 |25 |8513.3 |3 |3/2-,5/2- |
53 |25 |8515.3 |3 |7/2- |
53 |25 |8519.2 |3 |(3/2+,5/2+) |
53 |25 |8534.9 |3 | |
53 |25 |8538.8 |3 | |
53 |25 |8544.7 |3 | |
53 |25 |8547.7 |3 | |
53 |25 |8555.5 |3 | |
53 |25 |8558.5 |3 |(3/2-,5/2-) |
53 |25 |8563.4 |3 |(3/2-,5/2,7/2-) |
53 |25 |8573.2 |3 | |
53 |25 |8579.1 |3 | |
53 |25 |8592.8 |3 | |
53 |25 |8595.7 |3 | |
53 |25 |8607.5 |3 |(3/2-,5/2-) |
53 |25 |8608.5 |3 | |
53 |25 |8611.4 |3 |(3/2-,5/2,7/2-) |
53 |25 |8623.2 |3 | |
53 |25 |8632.1 |3 | |
53 |25 |8637.0 |3 | |
53 |25 |8643.8 |3 | |
53 |25 |8647.7 |3 | |
53 |25 |8652.7 |3 |(3/2-) |
53 |25 |8663.4 |3 | |
53 |25 |8668.4 |3 | |
53 |25 |8673.3 |3 |(3/2-) |
53 |25 |8683.1 |3 | |
53 |25 |8690.9 |3 |(3/2-,5/2,7/2-) |
53 |25 |8702.7 |3 | |
53 |25 |8705.6 |3 | |
53 |25 |8712.5 |3 |(3/2-,5/2,7/2-) |
53 |25 |8719.4 |3 | |
53 |25 |8728.2 |3 | |
53 |25 |8731.1 |3 |5/2- |
53 |25 |8743.9 |3 |(3/2-,5/2,7/2-) |
53 |25 |8752.7 |3 | |
53 |25 |8755.7 |3 | |
53 |25 |8760.6 |3 | |
53 |25 |8768.4 |3 | |
53 |25 |8784.1 |3 |(3/2-,5/2,7/2-) |
53 |25 |8790.0 |3 | |
53 |25 |8795.9 |3 | |
53 |25 |8802.8 |3 | |
53 |25 |8807.7 |3 |(3/2-,5/2,7/2-) |
53 |25 |8812.6 |3 | |
53 |25 |8816.5 |3 |5/2 |
53 |25 |8821.4 |3 | |
53 |25 |8824.4 |3 | |
53 |25 |8827.3 |3 | |
53 |25 |8834.2 |3 | |
53 |25 |8837.1 |3 |5/2 |
53 |25 |8845.0 |3 |(3/2-,5/2+) |
53 |25 |8850.8 |3 | |
53 |25 |8859.7 |3 |(3/2-,5/2+) |
53 |25 |8863.6 |3 |5/2 |
53 |25 |8867.5 |3 | |
53 |25 |8879.3 |3 |5/2 |
53 |25 |8889.1 |3 | |
53 |25 |8894.0 |3 | |
53 |25 |8897.9 |3 | |
53 |25 |8900.9 |3 |(3/2-,5/2,7/2-) |
53 |25 |8911.7 |3 | |
53 |25 |8918.5 |3 |(3/2-,5/2+) |
53 |25 |8921.5 |3 |(3/2-,5/2,7/2-) |
53 |25 |8923.4 |3 |7/2- |
53 |25 |8924.4 |3 |5/2-,7/2- |
53 |25 |8936.2 |3 |5/2- |
53 |25 |8941.1 |3 | |
53 |25 |8945.0 |3 |5/2,7/2- |
53 |25 |8952.9 |3 |(5/2-,7/2-) |
53 |25 |8959.7 |3 | |
53 |25 |8965.6 |3 | |
53 |25 |8972.2 |3 |(3/2-,5/2,7/2-) |
53 |25 |8977.4 |3 |(3/2-,5/2,7/2-) |
53 |25 |8981.3 |3 |(3/2+,5/2+) |
53 |25 |8985.3 |3 | |
53 |25 |8993.1 |3 |3/2-,5/2 |
53 |25 |8996.1 |3 |(5/2-,7/2) |
53 |25 |9002.9 |3 |(3/2-,5/2,7/2-) |
53 |25 |9011.7 |3 | |
53 |25 |9015.7 |3 | |
53 |25 |9020.6 |3 | |
53 |25 |9023.5 |3 | |
53 |25 |9027.4 |3 |(3/2-,5/2,7/2-) |
53 |25 |9035.0 |3 | |
53 |25 |9041.2 |3 | |
53 |25 |9044.1 |3 | |
53 |25 |9050.0 |3 | |
53 |25 |9053.0 |3 | |
53 |25 |9063.7 |3 | |
53 |25 |9066.7 |3 | |
53 |25 |9070.6 |3 |3/2- |
53 |25 |9082.4 |3 | |
53 |25 |9091.2 |3 | |
53 |25 |9096.1 |3 |3/2-,5/2- |
53 |25 |9100.1 |3 | |
53 |25 |9107.9 |3 |5/2+ |
53 |25 |9114.8 |3 |3/2-,5/2,7/2- |
53 |25 |9120.7 |3 |3/2-,5/2- |
53 |25 |9127.5 |3 | |
53 |25 |9139.3 |3 |3/2-,5/2+ |
53 |25 |9149.1 |3 | |
53 |25 |9153.0 |3 |3/2-,5/2+ |
53 |25 |9156.0 |3 | |
53 |25 |9159.0 |3 | |
53 |25 |9168.7 |3 |3/2-,5/2,7/2- |
53 |25 |9173.6 |3 | |
53 |25 |9179.5 |3 |5/2- |
53 |25 |9182.5 |3 | |
53 |25 |9190.3 |3 |5/2 |
53 |25 |9193.3 |3 |9/2+ |
53 |25 |9197.2 |3 |3/2-,5/2,7/2- |
53 |25 |9200.1 |3 |3/2-,5/2,7/2- |
53 |25 |9204.1 |3 |9/2+ |
53 |25 |9208.5 |3 |5/2- |
53 |25 |9214.9 |3 |(3/2+,5/2+) |
53 |25 |9218.9 |3 |3/2-,5/2-,7/2- |
53 |25 |9224.8 |3 |3/2-,5/2,7/2- |
53 |25 |9229.7 |3 |5/2- |
53 |25 |9232.6 |3 | |
53 |25 |9241.4 |3 |3/2-,5/2,7/2- |
53 |25 |9245.4 |3 |3/2-,5/2- |
53 |25 |9250.3 |3 |5/2+ |
53 |25 |9263.0 |3 | |
53 |25 |9267.9 |3 | |
53 |25 |9277.7 |3 |5/2- |
53 |25 |9283 |3 |3/2- |
53 |25 |9290.5 |3 | |
53 |25 |9296 |3 |3/2- |
53 |25 |9303.2 |3 | |
53 |25 |9307.2 |3 |7/2- |
53 |25 |9313.9 |3 |5/2- |
53 |25 |9318.8 |3 | |
53 |25 |9326.7 |3 | |
53 |25 |9332.6 |3 | |
53 |25 |9343.4 |3 |3/2- |
53 |25 |9346.3 |3 |3/2-,5/2,7/2- |
53 |25 |9352.2 |3 | |
53 |25 |9361.0 |3 |3/2-,5/2,7/2- |
53 |25 |9365.0 |3 | |
53 |25 |9370.8 |3 | |
53 |25 |9377.7 |3 | |
53 |25 |9380.2 |3 | |
53 |25 |9388.5 |3 | |
53 |25 |9399.3 |3 | |
53 |25 |9403.2 |3 | |
53 |25 |9406.2 |3 | |
53 |25 |9411.1 |3 | |
53 |25 |9416.0 |3 |(3/2-) |
53 |25 |9425 |5 |1/2-,3/2- |
53 |25 |9585 |8 |(1/2-,3/2-) |
53 |25 |9654 |3 |5/2-,7/2- |
53 |25 |9837 |8 |(9/2)+ |
53 |25 |9938 |8 |(5/2-,7/2-) |
53 |25 |10050 |8 | |
53 |25 |10108 |8 |(3/2+,5/2+) |
53 |25 |10174.4 |3 |(3/2)- |
53 |25 |10190 |8 |(3/2+,5/2+) |
53 |25 |10320 |8 |(3/2+,5/2+) |
53 |25 |10475 |8 |(3/2+,5/2+) |
53 |25 |10552.3 |20 |1/2- |
53 |25 |10557.0 |3 |1/2- |
53 |25 |10570 |3 |1/2- |
53 |25 |10584.0 |8 | |
53 |25 |10597 |3 |9/2+ |
53 |25 |10607.2 |20 |7/2+,9/2+ |
53 |25 |10611.8 |20 |9/2+ |
53 |25 |10620.3 |20 |9/2+ |
53 |25 |10626.8 |20 | |
53 |25 |10638 |3 |9/2+ |
53 |25 |10644.8 |20 |9/2+ |
53 |25 |10651.3 |20 | |
53 |25 |10657 |3 |9/2+ |
53 |25 |10662.3 |20 |9/2+ |
53 |25 |10667.8 |20 |9/2+ |
53 |25 |10673.2 |20 | |
53 |25 |10678 |3 |9/2+ |
53 |25 |10686.2 |20 | |
53 |25 |10691.4 |20 | |
53 |25 |10697.3 |20 | |
53 |25 |10721.6 |20 | |
53 |25 |10721.8 |20 | |
53 |25 |10736.5 |20 | |
53 |25 |10747.5 |20 | |
53 |25 |10954.4 |3 |(5/2)+ |
53 |25 |11033 |8 |3/2+,5/2+ |
53 |25 |11070 |3 |3/2+,5/2+ |
53 |25 |11082 |8 |3/2+,5/2+ |
53 |25 |11159 |3 |3/2+,5/2+ |
53 |25 |11600 |8 | |
53 |25 |11654 |8 |5/2-,7/2- |
53 |25 |12130 |8 | |
54 |25 |0.0 | |3+ |312.20 D 20
54 |25 |54.88 |12 |2+ |49 PS 20
54 |25 |156.29 |8 |4+ |186 PS 15
54 |25 |368.22 |15 |5+ |6.9 PS 8
54 |25 |407.55 |8 |3+ |1.8 PS 6
54 |25 |839.10 |19 |4+ |0.41 PS 7
54 |25 |1009.7 |3 |3+ |44 FS 8
54 |25 |1073.11 |20 |6+ |220 PS 8
54 |25 |1136.99 |19 |6+ |0.60 PS 8
54 |25 |1375.00 |14 |(2)+ |11.2 FS 14
54 |25 |1391.0 |3 |1+ |0.38 PS 10
54 |25 |1454.4 |3 |1+ |83 PS +49-23
54 |25 |1460.6 |6 |(4+,5+) |0.28 PS GT
54 |25 |1508.41 |17 |2+ |0.12 PS 8
54 |25 |1544.0 |3 |2+,3+ |13 FS 3
54 |25 |1634.2 |3 |2+,3+ |15 FS 2
54 |25 |1651.1 |9 |1+ |0.33 PS +10-6
54 |25 |1669.4 |3 |7+ |
54 |25 |1679 |4 |(0+) |
54 |25 |1784.04 |22 |7+ |0.77 PS 17
54 |25 |1784.5 |4 |1+ |16 FS 4
54 |25 |1832.0 |3 |(7+) |
54 |25 |1853.0 |4 |3+ |95 FS 14
54 |25 |1922.3 |7 |1+ |29 FS 5
54 |25 |1925.35 |21 |7- |0.73 PS +26-18
54 |25 |2056 |5 |2+,4+ |
54 |25 |2109.8 |4 |1+ |416 FS GT
54 |25 |2113.0 |15 |(4+) |11 FS +24-10
54 |25 |2133.86 |24 |(1)+ |24 FS 4
54 |25 |2136.13 |16 |(1)+ |69 FS +69-55
54 |25 |2234 |10 |2+,4+ |
54 |25 |2267.58 |19 |1+,2+,3+ |12.5 FS 30
54 |25 |2280 |5 |(4,5)+ |
54 |25 |2291.57 |18 |2+,3,4+ |12 FS 3
54 |25 |2320 |10 |(5+) |
54 |25 |2354.55 |22 |2+,3+ |9 FS 2
54 |25 |2498.2 |7 |1+ |
54 |25 |2516.8 |4 |9+ |
54 |25 |2556.6 |5 |1+,2+ |
54 |25 |2558.6 |5 |3+,4+,5+ |
54 |25 |2620 |8 | |
54 |25 |2672.9 |20 |+ |
54 |25 |2711.6 |7 |2- |
54 |25 |2715.2 |5 |5+ |
54 |25 |2773.8 |8 |3- |
54 |25 |2795 |20 |5+ |
54 |25 |2856.55 |22 |8+ |5.9 PS 30
54 |25 |2865.6 |4 |11+ |
54 |25 |2877.3 |3 |2+,3+ |
54 |25 |2881 |6 |0+ |
54 |25 |2903.1 |15 |1+ |
54 |25 |2981 |9 | |
54 |25 |3011.9 |15 |2-,3- |
54 |25 |3018 |5 |1+,2+,3+ |
54 |25 |3067 |10 |3+,4+,5+ |
54 |25 |3098 |18 |5+ |
54 |25 |3115.9 |12 |2- |
54 |25 |3156.6 |4 |10+ |
54 |25 |3191.2 |12 |3+,4+ |
54 |25 |3213.2 |12 |(4)+ |
54 |25 |3221.2 |15 |2+,3,4+ |
54 |25 |3237.3 |16 |5+ |0.020 PS 10
54 |25 |3244.35 |25 |9+ |0.90 PS 35
54 |25 |3259.0 |3 | |
54 |25 |3307.1 |20 |4- |
54 |25 |3323 |10 |+ |
54 |25 |3334.1 |10 |5+ |
54 |25 |3358.8 |10 |1+,2+,3+ |
54 |25 |3384.2 |10 |2+,3+ |
54 |25 |3429 |6 |1+,2+,3+ |
54 |25 |3535.7 |11 |1+,2+,3+ |
54 |25 |3546.7 |8 |(5)+ |
54 |25 |3585.4 |10 |2+ to 6+ |
54 |25 |3606.1 |8 |2-,3-,4- |
54 |25 |3651 |12 |(3+,4+,5+) |
54 |25 |3673.1 |7 |3+ |
54 |25 |3720 |10 |3+,4+,5+ |
54 |25 |3734 |6 |1+,2+,3+ |
54 |25 |3755.1 |15 |2+,3+ |
54 |25 |3764 |6 |(5+,6+,7+) |
54 |25 |3791.0 |5 |13+ |
54 |25 |3811.7 |7 |(4) |
54 |25 |3820 |6 |0+ |
54 |25 |3857.1 |15 |1+,2+,3+ |
54 |25 |3936.8 |15 |3+,4+,5+ |
54 |25 |3939.43 |25 |9+ |6.93 PS LT
54 |25 |3969.1 |15 |1+,2+,3+ |
54 |25 |4038 |6 |(1+,2+,3+) |
54 |25 |4056.0 |12 |(3+,4,5+) |
54 |25 |4085.4 |20 |2+,3+ |
54 |25 |4113 |5 |(2-) |
54 |25 |4158.2 |20 |3+,4+,5+ |
54 |25 |4176.1 |15 |1+ to 4+ |
54 |25 |4190 |5 |+ |
54 |25 |4209.7 |8 |1+ |
54 |25 |4262.4 |4 |(2,3) |
54 |25 |4294 |11 |1-,2-,3- |
54 |25 |4305 |18 |3+,4+,5+ |
54 |25 |4332 |10 |(+) |
54 |25 |4359 |6 |1+,2+,3+ |
54 |25 |4378.1 |8 |1+,2+,3+ |
54 |25 |4428 |6 |+ |
54 |25 |4472 |6 | |
54 |25 |4542 |6 |+ |
54 |25 |4594 |11 |4-,5-,6- |
54 |25 |4639 |13 |(1+) |
54 |25 |4717 |6 |8- |
54 |25 |4752 |5 |+ |
54 |25 |4771.6 |5 |14+ |
54 |25 |4799 |6 |3+,4+,5+ |
54 |25 |4823 |8 |+ |
54 |25 |4865 |5 |+ |
54 |25 |4897 |15 |+ |
54 |25 |4914 |6 |3+,4+,5+ |
54 |25 |4971 |18 |3+,4+,5+ |
54 |25 |4985 |9 |(1+) |
54 |25 |4998.1 |6 |(15+) |
54 |25 |5031 |12 |(3+) |
54 |25 |5062 |15 | |
54 |25 |5081 |5 | |
54 |25 |5131 |12 |(-) |
54 |25 |5152 |6 | |
54 |25 |5205 |5 |+ |
54 |25 |5233 |18 |3+ |
54 |25 |5308 |6 |+ |
54 |25 |5343 |6 |2-,3-,4- |
54 |25 |5382 |3 |(1+) |
54 |25 |5411 |6 | |
54 |25 |5480 |6 |(2,3) |
54 |25 |5525 |6 |(3+) |
54 |25 |5560 |30 |6- |
54 |25 |5574 |6 |2-,3-,4- |
54 |25 |5631 |6 |1+ |
54 |25 |5656 |6 |1+ |
54 |25 |5694 |6 |1+,2+,3+ |
54 |25 |5764 |6 | |
54 |25 |5806 |6 |1+,2+,3+ |
54 |25 |5863 |13 |(1+,2+,3+) |
54 |25 |5907 |6 | |
54 |25 |5943 |6 | |
54 |25 |5973 |6 | |
54 |25 |6007 |6 |1+,2+,3+ |
54 |25 |6080 |18 | |
54 |25 |6152 |6 |0+,1+ |
54 |25 |6255 |6 | |
54 |25 |6332 |6 | |
54 |25 |6394 |6 | |
54 |25 |6441 |6 | |
54 |25 |6490 |6 | |
54 |25 |6535 |6 | |
54 |25 |6629 |6 | |
54 |25 |6672 |6 | |
54 |25 |6710 |6 | |
54 |25 |6990 |6 |1+,2+,3+ |
54 |25 |7190 |30 |6- |
54 |25 |9440 |30 |9+ |
55 |25 |0.0 | |5/2- |STABLE
55 |25 |125.949 |10 |7/2- |259 PS 8
55 |25 |984.26 |6 |9/2- |0.28 PS 3
55 |25 |1289.1 |15 |(11/2+) |
55 |25 |1292.11 |7 |(11/2)- |1.1 PS 1
55 |25 |1293.0 |20 |(1/2-) |
55 |25 |1528.35 |6 |3/2- |62 FS 13
55 |25 |1884.09 |8 |(7/2)- |12 FS 3
55 |25 |2015.2 |15 |7/2- |0.51 FS AP
55 |25 |2198.43 |9 |7/2- |18 FS 6
55 |25 |2215.0 |10 |5/2-,7/2- |0.38 PS +8-6
55 |25 |2252.46 |9 |3/2- |23 FS 2
55 |25 |2266.81 |16 |(5/2)- |125 FS 21
55 |25 |2281 |10 |(1/2) |
55 |25 |2311.45 |14 |13/2- |0.15 PS 3
55 |25 |2365.83 |9 |5/2- |23 FS 2
55 |25 |2380 |40 |(1/2,3/2)- |
55 |25 |2398.40 |12 | 9/2- |17 FS 4
55 |25 |2426.52 |11 |1/2+ |1.4 PS +10-7
55 |25 |2563.16 |9 |3/2- |7.7 FS 14
55 |25 |2582 |5 | |
55 |25 |2621.7 |10 |(1/2+) |
55 |25 |2694.6 |10 | |
55 |25 |2727.31 |8 |7/2- |0.98 PS 27
55 |25 |2741 |2 | |
55 |25 |2752.70 |10 |5/2-,9/2- |25 FS 5
55 |25 |2822.1 |7 |(9/2)- |94 FS +24-31
55 |25 |2823.66 |15 |9/2- |11 FS 2
55 |25 |2828.44 |22 | |
55 |25 |2873.28 |14 |1/2- |83 FS 14
55 |25 |2925.0 |10 | |
55 |25 |2953.42 |17 |3/2- |13 FS 2
55 |25 |2976.18 |13 |3/2-,5/2-,7/2- |125 FS 21
55 |25 |2984 |10 |(3/2)+ |
55 |25 |2991.77 |17 |(7/2)- |12 FS 4
55 |25 |3005.82 |25 |(3/2-) |17 FS 3
55 |25 |3028 |5 |1/2-,3/2- |
55 |25 |3035.92 |15 |(11/2-) |50 FS 5
55 |25 |3037.36 |25 |1/2-,3/2- |
55 |25 |3039.9 |3 |3/2+,5/2+ |0.17 PS +26-7
55 |25 |3046.0 |8 | |0.14 PS +10-5
55 |25 |3050.84 |19 |3/2+,5/2+ |1.7 PS +31-6
55 |25 |3054.67 |16 |(15/2)- |0.18 PS 4
55 |25 |3060 | |5/2-,7/2- |
55 |25 |3070.0 |5 | |24 FS 8
55 |25 |3080.30 |17 |(3/2) |30 FS 6
55 |25 |3126.13 |20 |(13/2-) |17 FS 3
55 |25 |3136 |10 |(5/2)- |
55 |25 |3147 |2 |5/2-,7/2- |
55 |25 |3158.42 |12 |3/2- |46 FS +9-5
55 |25 |3195.3 |4 |(3/2) |17 FS 5
55 |25 |3260.8 |5 |(5/2) |35 FS 14
55 |25 |3263.2 |3 |(3/2-) |
55 |25 |3268.1 |3 | |
55 |25 |3341.95 |22 |(13/2)- |5 FS
55 |25 |3351.0 |4 |(3/2-) |
55 |25 |3373.2 |3 |(11/2) |
55 |25 |3379 |8 | |
55 |25 |3383.0 |4 | |
55 |25 |3424.1 |3 |(3/2)+ |111 FS 35
55 |25 |3431.8 |3 |(1/2)- |22 FS 4
55 |25 |3480 |10 | |
55 |25 |3505 |10 | |
55 |25 |3523 |5 |1/2-,3/2- |
55 |25 |3528.1 |6 | |
55 |25 |3532.0 |3 | |
55 |25 |3580 |2 | |
55 |25 |3600 |5 |5/2-,7/2- |
55 |25 |3604 |5 |(3/2+) |
55 |25 |3608 |15 |(5/2)- |
55 |25 |3610.8 |4 | |
55 |25 |3631 |10 | |
55 |25 |3642 |10 | |
55 |25 |3660.9 |3 |- |
55 |25 |3673 |10 |- |
55 |25 |3682 |10 | |
55 |25 |3703.48 |24 | |13 FS 4
55 |25 |3753.5 |5 | |
55 |25 |3771.80 |22 |- |
55 |25 |3791 |2 | |
55 |25 |3800 |5 | |
55 |25 |3813.05 |22 |(13/2to17/2)- |83 FS 28
55 |25 |3831.5 |4 | |
55 |25 |3844.9 |3 |11/2-to15/2- |0.2 PS LT
55 |25 |3860 |5 | |
55 |25 |3882.94 |23 |1/2-,3/2- |
55 |25 |3917.4 |4 |1/2-,3/2- |
55 |25 |3932 |10 |- |
55 |25 |3946.0 |4 | |
55 |25 |3983.2 |5 | |
55 |25 |3998 |5 |1/2-,3/2- |
55 |25 |4003.00 |25 | |3 FS 2
55 |25 |4051.6 |4 | |
55 |25 |4091.0 |4 |(3/2)- |
55 |25 |4100 |2 |(3/2)- |
55 |25 |4113.0 |4 |(5/2)+ |
55 |25 |4173 |5 | |
55 |25 |4200 |5 |+ |
55 |25 |4205.47 |22 |(13/2,15/2,17/2)- |69 FS 28
55 |25 |4217.1 |4 |(1/2-,3/2-) |
55 |25 |4234.1 |5 |(11/2)+ |
55 |25 |4266 |5 |(3/2-) |
55 |25 |4280 |15 |+ |
55 |25 |4383.5 |4 |3/2+to7/2+ |
55 |25 |4404 |5 |(5/2-,7/2-) |
55 |25 |4410 |20 |+ |
55 |25 |4415.67 |22 | |
55 |25 |4429.1 |3 | |
55 |25 |4480 |20 | |
55 |25 |4493.0 |5 |1/2-,3/2- |
55 |25 |4544.1 |4 |(1/2,3/2)- |
55 |25 |4580 |2 |(3/2)+ |
55 |25 |4586 |15 |1/2-,3/2- |
55 |25 |4600.0 |5 | |
55 |25 |4648.1 |4 |1/2-,3/2- |
55 |25 |4746.3 |5 |1/2-,3/2- |
55 |25 |4804 |5 |1/2-,3/2- |
55 |25 |4896 |15 |7/2-,5/2- |
55 |25 |4925.1 |4 |(3/2)+ |
55 |25 |4928.8 |4 | |
55 |25 |4997 |5 | |
55 |25 |5026 |16 | |
55 |25 |5028.1 |3 |(11/2to19/2)- |0.14 PS LT
55 |25 |5058 |5 |1/2-,3/2- |
55 |25 |5085 |5 |1/2-,3/2- |
55 |25 |5110 |2 |(3/2)+ |
55 |25 |5120.3 |10 | |
55 |25 |5186.3 |5 |1/2-,3/2- |
55 |25 |5233.3 |10 | |
55 |25 |5254.3 |10 | |
55 |25 |5260 |5 | |
55 |25 |5304.2 |7 | |
55 |25 |5350 |2 |(3/2)+ |
55 |25 |5365.3 |10 |1/2-,3/2- |
55 |25 |5400 |2 |(1/2+) |
55 |25 |5418.1 |4 |(19/2) |0.14 PS LT
55 |25 |5423.5 |6 |(19/2)- |0.14 PS LT
55 |25 |5463.3 |10 | |
55 |25 |5498 |15 |5/2-,7/2- |
55 |25 |5500 |2 |(3/2+,5/2+) |
55 |25 |5520.3 |10 | |
55 |25 |5960 | |1/2+ |
55 |25 |6069 |5 |(3/2-) |
55 |25 |6164 |5 | |
55 |25 |7035.0 |10 |- |0.14 FS LT
55 |25 |7230 |2 |(5/2)+ |
55 |25 |7493.2 |4 | |
55 |25 |7553.6 |5 |(21/2-) |0.14 FS LT
55 |25 |9126.01 |25 | |
55 |25 |9146.8 |3 | |
55 |25 |9176.8 |4 | |
55 |25 |9181.0 |3 | |
55 |25 |9248.7 |3 | |
55 |25 |9263.2 |3 | |
55 |25 |9272.7 |3 | |
55 |25 |9292.7 |4 | |
55 |25 |9308.2 |3 | |
55 |25 |9326.4 |3 | |
55 |25 |9390.3 |3 | |
55 |25 |9404.8 |3 | |
55 |25 |9412.7 |3 | |
55 |25 |9427.5 |3 | |
55 |25 |9512.2 |3 | |
55 |25 |9531.54 |23 | |
55 |25 |9591.2 |3 | |
55 |25 |9607.3 |3 | |
55 |25 |9616.1 |4 | |
55 |25 |9677.44 |22 | |
55 |25 |9703.2 |5 | |
55 |25 |9717.8 |5 | |
55 |25 |9737.1 |5 | |
55 |25 |9743.7 |6 | |
55 |25 |9747.3 |7 | |
55 |25 |9750.1 |4 | |
55 |25 |9757.3 |5 | |
55 |25 |9767.8 |6 | |
55 |25 |9783.5 |6 | |
55 |25 |9809.0 |5 | |
55 |25 |9822.1 |6 | |
55 |25 |9822.7 |5 | |
55 |25 |9861.3 |5 | |
55 |25 |9869.0 |5 | |
55 |25 |9873.2 |5 | |
55 |25 |9888.0 |5 | |
55 |25 |9893.5 |6 | |
55 |25 |9905.94 |25 | |
55 |25 |9934.2 |5 | |
55 |25 |9942.05 |23 | |
55 |25 |9944.4 |5 | |
55 |25 |9956.0 |6 | |
55 |25 |9966.7 |3 | |
55 |25 |9971.8 |4 | |
55 |25 |9973.0 |6 | |
55 |25 |9985.03 |25 | |
55 |25 |9986.9 |5 | |
55 |25 |9995.2 |3 | |
55 |25 |9999.2 |6 | |
55 |25 |10007.2 |6 | |
55 |25 |10010.0 |7 | |
55 |25 |10016.2 |5 |(3/2-) |
55 |25 |10020.4 |5 |(3/2-) |
55 |25 |10025.2 |5 |(3/2-) |
55 |25 |10041.4 |5 |(3/2-) |
55 |25 |10056.4 |6 | |
55 |25 |10066.1 |6 | |
55 |25 |10071.8 |5 |1/2+ |
55 |25 |10093.7 |6 | |
55 |25 |10109.4 |5 | |
55 |25 |10117.2 |5 | |
55 |25 |10192.9 |6 | |
55 |25 |10271.1 |6 | |
55 |25 |10305.0 |6 |1/2+ |
55 |25 |10326.5 |7 |1/2+ |
55 |25 |10559.2 |9 | |
56 |25 |0.0 | |3+ |2.5789 H 1
56 |25 |26.6045 |13 |2+ |8.7 NS 5
56 |25 |110.5041 |18 |1+ |5.08 NS 15
56 |25 |212.026 |5 |4+ |30 PS 2
56 |25 |215.1282 |24 |1+,2+ |
56 |25 |335.529 |6 |5+ |2.0 NS 14
56 |25 |340.989 |6 |3+ |
56 |25 |454.337 |7 |3+ |
56 |25 |486.310 |7 |3+ |
56 |25 |541 |5 |(2-,3-) |
56 |25 |661 |5 |(2-,3-) |
56 |25 |716.178 |8 | |
56 |25 |753.46 |8 |3+ |0.5 PS LT
56 |25 |840.42 |3 | |
56 |25 |853 |5 |+ |
56 |25 |884 |5 | |
56 |25 |974 |5 | |
56 |25 |1140 |10 | |
56 |25 |1167.7 |10 |1+ |
56 |25 |1192.26 |8 |(4)+ |0.5 PS 2
56 |25 |1195 |10 |(3+) |
56 |25 |1236.66 |13 | |2.6 PS 4
56 |25 |1239.0 |3 |1+,2+,3+ |
56 |25 |1293.7 |3 |(2)+ |
56 |25 |1350.9 |10 |2+,3+ |
56 |25 |1364 |5 |(2-,3-) |
56 |25 |1384 |5 |(2-,3-) |
56 |25 |1447 |15 | |
56 |25 |1484 |8 | |
56 |25 |1484.54 |11 | |
56 |25 |1509.9 |10 |2+,3+ |
56 |25 |1560 |10 |(1+) |
56 |25 |1613.57 |15 |(+) |0.59 PS 24
56 |25 |1655 |15 |(1+) |
56 |25 |1674 |5 |(2-,3-) |
56 |25 |1692.9 |10 | |
56 |25 |1727.46 |21 |+ |
56 |25 |1744.4 |10 |2+ |
56 |25 |1780 |15 | |
56 |25 |1833.67 |2 |1+ |
56 |25 |1865.97 |21 |(2+) |
56 |25 |1878 |5 |2-,3- |
56 |25 |1911 |5 |(+) |
56 |25 |1949 |5 |+ |
56 |25 |1970 |10 |(3+) |
56 |25 |1980.2 |8 |(2,3)- |
56 |25 |2016.54 |20 |2+ |
56 |25 |2038 |5 |(+) |
56 |25 |2071.34 |20 |2+,3+ |
56 |25 |2089.85 |20 |3- |
56 |25 |2116 | |- |
56 |25 |2118 |15 |(4+) |
56 |25 |2159.14 |20 | |
56 |25 |2203.25 |20 |(+) |
56 |25 |2235.14 |21 |2+,(3)+ |
56 |25 |2254.85 |20 |3+ |
56 |25 |2273.27 |14 | |
56 |25 |2300.72 |21 |+ |
56 |25 |2321.19 |12 |2- |
56 |25 |2335.32 |21 |+ |
56 |25 |2362.62 |21 |2+,3+ |
56 |25 |2396.45 |20 |2+,3+ |
56 |25 |2421 |5 | |
56 |25 |2432.1 |10 | |
56 |25 |2441.76 |20 |2+ |
56 |25 |2475 |10 |0+,1+ |
56 |25 |2518.8 |8 |(1+) |
56 |25 |2545.8 |8 |1+ |
56 |25 |2555 |20 |(5+) |
56 |25 |2579.90 |16 | |0.7 PS GT
56 |25 |2617 |15 |(1+) |
56 |25 |2629.4 |10 |2-,3- |
56 |25 |2650.2 |5 | |0.6 PS 3
56 |25 |2652.0 |8 |(2-,3-) |
56 |25 |2681.85 |21 |+ |
56 |25 |2704.37 |20 |2+,3+ |
56 |25 |2719.96 |21 |2+,(3)+ |
56 |25 |2780 |5 |(1+) |
56 |25 |2797.5 |8 |1+,2+,3+ |
56 |25 |2824.56 |21 |2+,3+ |
56 |25 |2855.17 |21 |+ |
56 |25 |2872.48 |20 |2-,3- |
56 |25 |2889.57 |21 |1+ |
56 |25 |2922.57 |21 |+ |
56 |25 |2942 |5 | |
56 |25 |2951.07 |21 |+ |
56 |25 |3003.25 |14 |2-,3- |
56 |25 |3018.88 |21 |+ |
56 |25 |3047.59 |20 |1+ |
56 |25 |3060 | |8- |
56 |25 |3071.38 |21 |+ |
56 |25 |3105.80 |20 | |0.17 PS 7
56 |25 |3130 |5 |+ |
56 |25 |3159.70 |20 |+ |
56 |25 |3165.91 |20 | |
56 |25 |3218.2 |8 |- |
56 |25 |3230 | |6- |
56 |25 |3240.80 |21 |+ |
56 |25 |3260 |20 |(1+) |
56 |25 |3263.85 |20 |2-,3- |
56 |25 |3291.20 |21 | |
56 |25 |3293.71 |15 |2-,3- |
56 |25 |3315.6 |8 | |
56 |25 |3345 |5 |2-,3- |
56 |25 |3373.6 |8 |+ |
56 |25 |3386.6 |3 |1+ |
56 |25 |3395.8 |4 | |0.14 PS LT
56 |25 |3412.81 |21 |+ |
56 |25 |3428 |10 | |
56 |25 |3450.21 |21 | |
56 |25 |3455.61 |21 |(2-,3-) |
56 |25 |3466 |5 | |
56 |25 |3485.48 |20 |(-) |
56 |25 |3497.82 |21 |1+ |
56 |25 |3518.32 |21 | |
56 |25 |3524.82 |20 |+ |
56 |25 |3544 |5 |(2-,3-) |
56 |25 |3584 |5 |+ |
56 |25 |3608 |5 |(2-,3-) |
56 |25 |3628.33 |21 |2+,3+,(1)+ |
56 |25 |3648 |5 |(+) |
56 |25 |3675 |5 | |
56 |25 |3690.03 |21 |(1+) |
56 |25 |3696.83 |15 |+ |
56 |25 |3721.43 |21 |1+,2+,3+ |
56 |25 |3747.96 |24 |2-,3- |0.28 PS LT
56 |25 |3771.74 |21 |2,3,4 |
56 |25 |3794 |5 |+ |
56 |25 |3812 |5 | |
56 |25 |3823 |5 |- |
56 |25 |3839.84 |21 |2-,3- |
56 |25 |3861.54 |21 |2-,3- |
56 |25 |3878 |5 | |
56 |25 |3901.8 |8 | |
56 |25 |3927.25 |20 |(+) |
56 |25 |3961.9 |8 | |
56 |25 |3976 |5 |(+) |
56 |25 |3982.45 |21 |2-,3- |
56 |25 |3998.36 |20 | |
56 |25 |3999.5 |3 | |
56 |25 |4001.3 |8 | |
56 |25 |4028 |5 |(+) |
56 |25 |4072 |5 |(+) |
56 |25 |4098.16 |21 | |
56 |25 |4118 |5 | |
56 |25 |4132.1 |8 | |
56 |25 |4153 |5 |2-,3- |
56 |25 |4174.1 |8 |(+) |
56 |25 |4195.2 |8 | |
56 |25 |4225 |5 |- |
56 |25 |4238 |5 |- |
56 |25 |4263 |5 |(2-,3-) |
56 |25 |4283 |5 |2-,3- |
56 |25 |4300.7 |8 |2-,3- |
56 |25 |4327 |5 |6- |
56 |25 |4350 |5 |2-,3- |
56 |25 |4374 |5 |(+) |
56 |25 |4378.8 |3 |(9) |0.26 PS 5
56 |25 |4403 |5 |2-,3- |
56 |25 |4417.1 |8 |(+) |
56 |25 |4432 |5 | |
56 |25 |4457 |5 | |
56 |25 |4470.0 |8 |2-,3- |
56 |25 |4512 |5 |+ |
56 |25 |4525 |10 | |
56 |25 |4543 |5 |2-,3- |
56 |25 |4565 |5 | |
56 |25 |4581 |5 |2-,3- |
56 |25 |4610 |5 | |
56 |25 |4628 |5 |+ |
56 |25 |4643 |5 | |
56 |25 |4653 |5 | |
56 |25 |4673 |5 | |
56 |25 |4697 |5 | |
56 |25 |4712 |5 |+ |
56 |25 |4739.6 |8 |+ |
56 |25 |4753 |5 | |
56 |25 |4769.0 |8 |+ |
56 |25 |4798.3 |8 |+ |
56 |25 |4809 |5 | |
56 |25 |4816.9 |8 | |
56 |25 |4818.4 |3 | |
56 |25 |4820.7 |8 | |
56 |25 |4834 |5 | |
56 |25 |4841.22 |20 |2-,3- |
56 |25 |4863 |5 |2-,3- |
56 |25 |4886 |5 |2-,3- |
56 |25 |4898.60 |21 | |
56 |25 |4918 |5 |+ |
56 |25 |4928.10 |21 |+ |
56 |25 |4950 |5 |- |
56 |25 |4968 |5 |+ |
56 |25 |4978 |5 | |
56 |25 |4989 |5 |2-,3- |
56 |25 |5013 |5 |2-,3- |
56 |25 |5044 |5 | |
56 |25 |5065 |5 | |
56 |25 |5072 |5 | |
56 |25 |5085 |5 | |
56 |25 |5113 |5 |- |
56 |25 |5129.75 |20 |- |
56 |25 |5161 |5 |(+) |
56 |25 |5172 |5 | |
56 |25 |5188 |5 |2-,3- |
56 |25 |5208 |5 |+ |
56 |25 |5223 |5 | |
56 |25 |5261 |5 |- |
56 |25 |5275 |5 |- |
56 |25 |5298.6 |8 |- |
56 |25 |5313.9 |8 |- |
56 |25 |5321.7 |4 |(10) |0.14 PS LT
56 |25 |5332 |5 |+ |
56 |25 |5343 |5 |- |
56 |25 |5364 |5 |- |
56 |25 |5387 |5 | |
56 |25 |5407 |5 |- |
56 |25 |5416 |5 | |
56 |25 |5430 |5 | |
56 |25 |5445 |5 |- |
56 |25 |5456 |5 | |
56 |25 |5471 |5 |- |
56 |25 |5485.8 |8 |- |
56 |25 |5515 |5 | |
56 |25 |5525 |5 | |
56 |25 |5551 |5 | |
56 |25 |5564.2 |8 | |
56 |25 |5595 |5 | |
56 |25 |5604.3 |8 | |
56 |25 |5642 |5 |(2-,3-) |
56 |25 |5652.2 |8 | |
56 |25 |5664.4 |8 | |
56 |25 |5683 |5 |+ |
56 |25 |5712.1 |8 | |
56 |25 |5714.81 |20 |+ |
56 |25 |5734.2 |8 |(+) |
56 |25 |5751 |5 |(+) |
56 |25 |5765 |5 | |
56 |25 |5775 |5 |2-,3- |
56 |25 |5795.1 |8 |(+) |
56 |25 |5833 |5 |2-,3- |
56 |25 |5861 |5 | |
56 |25 |5870 |5 |(+) |
56 |25 |5890 |5 |(+) |
56 |25 |5910 |5 |- |
56 |25 |5936 |5 | |
56 |25 |5956.8 |8 |- |
56 |25 |6266 |5 | |
56 |25 |6309 |5 | |
56 |25 |6318.0 |5 | |0.14 PS LT
56 |25 |6367 |5 | |
56 |25 |6411 |5 | |
56 |25 |6464 |5 | |
56 |25 |6478 |5 | |
56 |25 |6512 |5 | |
56 |25 |6960 | | |
56 |25 |7407.8 |6 | |0.14 PS LT
56 |25 |7450 | |9+ |
56 |25 |7700 | | |
57 |25 |0.0 | |5/2- |85.4 S 18
57 |25 |83.19 |11 |5/2-,7/2- |
57 |25 |850.07 |23 |3/2- |
57 |25 |1055.83 |23 |1/2-,3/2-,5/2- |
57 |25 |1072.9 |17 |- |
57 |25 |1227.5 |11 |- |0.35 PS GT
57 |25 |1375.0 |4 |- |
57 |25 |1477 |3 |- |
57 |25 |1492.67 |20 |- |
57 |25 |1534.83 |25 |- |
57 |25 |1618 |GE | |
57 |25 |1630 |10 | |
57 |25 |1725.4 |6 |- |
57 |25 |1753 |25 |1/2+ |
57 |25 |1835.4 |4 |- |
57 |25 |1916 |3 |- |
57 |25 |1928 |3 |- |
57 |25 |1962 |3 |3/2+,5/2+ |
57 |25 |2008 |3 |- |
57 |25 |2146.7 |8 | |
57 |25 |2185.8 |4 | |
57 |25 |2232.9 |6 |5/2-,7/2- |
57 |25 |2340.6 |4 |5/2+,3/2+ |
57 |25 |2422 |5 | |
57 |25 |2493.2 |5 | |
57 |25 |2503 |3 | |
57 |25 |2520 |3 | |
57 |25 |2559 |3 | |
57 |25 |2607 |3 | |
57 |25 |2640 |3 | |
57 |25 |2702.1 |3 |1/2-to7/2- |
57 |25 |2741 |7 | |
57 |25 |2758.4 |4 | |1.4 PS LT
57 |25 |2772 |12 | |
57 |25 |2848 |14 | |
57 |25 |2928 |14 | |
57 |25 |3087 |12 | |
57 |25 |3123 |10 | |
57 |25 |3164 |12 | |
57 |25 |3212 |10 | |
57 |25 |3254 |13 | |
57 |25 |3287.3 |4 | |0.49 PS 14
57 |25 |3371 |11 | |
57 |25 |3458 |11 | |
57 |25 |3482 |10 | |
57 |25 |3542 |10 | |
57 |25 |3608 |14 | |
57 |25 |3674 |13 | |
57 |25 |3715 |9 | |
57 |25 |3757 |9 | |
57 |25 |3796 |7 | |
57 |25 |3838 |10 | |
57 |25 |3870 |9 | |
57 |25 |3911 |10 | |
57 |25 |3947 |9 | |
57 |25 |3959 |GE | |
57 |25 |4001 |11 | |
57 |25 |4029 |4 | |
57 |25 |4073 |GE | |
57 |25 |4168 |10 | |
57 |25 |4211 |10 | |
57 |25 |4292 |15 | |
57 |25 |4363 |11 | |
57 |25 |4472 |9 | |
57 |25 |4523 |23 | |
57 |25 |4626 |15 | |
57 |25 |4710.3 |10 | |0.28 PS LT
57 |25 |4748 |15 | |
57 |25 |4841 |19 | |
57 |25 |5009 |13 | |
57 |25 |5060 |19 | |
57 |25 |5167 |13 | |
58 |25 |0.0 | |1+ |3.0 S 1
58 |25 |71.77 |5 |4+ |65.4 S 5
58 |25 |125.69 |16 |(2+) |
58 |25 |169.92 |15 |(3+) |
58 |25 |183 |10 |1+ |
58 |25 |289.4 |4 |1+ |
58 |25 |429.67 |15 |(3+) |
58 |25 |448.03 |10 |(5+) |35 PS LT
58 |25 |463.4 |11 |(0:3+) |
58 |25 |591.22 |18 |(4+) |
58 |25 |651 |15 |1+ |
58 |25 |661.11 |14 |5+ |
58 |25 |683.1 |6 |(0:3+) |
58 |25 |735.38 |12 |(4+) |
58 |25 |748 |10 |1+ |
58 |25 |809.7 |6 |1+ |
58 |25 |817 |10 |1+ |
58 |25 |1044 |15 |1+ |
58 |25 |1240.16 |19 |(6+) |
58 |25 |1250 |20 |(2)+ |
58 |25 |1275 |20 |1+ |
58 |25 |1338.13 |19 |(4) |
58 |25 |1350 |15 |3+ |
58 |25 |1385 |15 |5+ |
58 |25 |1413 |15 | |
58 |25 |1457.59 |13 |(5) |
58 |25 |1470 |15 |(4)+ |
58 |25 |1535 |20 |(4)+ |
58 |25 |1601.43 |16 |(6) |
58 |25 |1880.42 |18 |(7) |35 PS LT
58 |25 |2259 |15 |(3,4)+ |
58 |25 |2282 |15 |(5,4)+ |
58 |25 |2339.7 |3 | |
58 |25 |2368 |10 |(2,3,4)+ |
58 |25 |2412 |10 |(2,3)+ |
58 |25 |2459.7 |5 |(8) |0.4 PS LT
58 |25 |2487 |10 |(2,3)+ |
58 |25 |2506 |15 |(NOT 1+) |
58 |25 |2564 |10 | |
58 |25 |2854.7 |4 | |
58 |25 |2988 |10 | |
58 |25 |3040 |10 |(NOT 1+) |
58 |25 |3042.6 |5 |(9) |0.4 PS LT
58 |25 |3218 |10 | |
58 |25 |3258 |15 | |
58 |25 |3415 |20 | |
58 |25 |3462.1 |5 | |
58 |25 |3721.4 |5 |(10) |0.3 PS LT
58 |25 |4707.6 |18 | |
58 |25 |4733.1 |5 |(11) |
58 |25 |4812.4 |5 |(11) |
58 |25 |4941.1 |6 | |
58 |25 |5311.9 |6 | |
58 |25 |5424.4 |5 |(12) |
58 |25 |6337.2 |12 | |
58 |25 |6566.4 |7 | |
58 |25 |6872.6 |5 |(13) |
58 |25 |7442.5 |9 |(14) |
58 |25 |9831.1 |14 |(16) |
59 |25 |0.0 | |(5/2)- |4.59 S 5
59 |25 |1238.6 |9 | |
59 |25 |1350.7 |10 | |
59 |25 |27.2E3 |5 | |9.2 MEV 14
60 |25 |0.0 | |1+ |0.28 S 2
60 |25 |271.80 |10 |4+ |1.77 S 2
60 |25 |347.59 |16 |(2+) |
60 |25 |407.47 |13 |(3+) |
60 |25 |726.40 |13 |(5+) |
60 |25 |733.91 |12 |(4) |
60 |25 |757.18 |16 |(1+) |
60 |25 |836.48 |13 |(5) |
60 |25 |841.67 |24 | |
60 |25 |965.98 |14 |(6) |
60 |25 |1090.46 |16 |(6+) |
60 |25 |1215.15 |17 |(7) |
60 |25 |1246.0 |4 | |
60 |25 |1784.38 |19 |(8) |
60 |25 |2049.4 |3 |(7+) |
60 |25 |2223.34 |25 |(6) |
60 |25 |2382.13 |21 |(9) |
60 |25 |2439.11 |24 | |
60 |25 |2569.51 |25 |(7) |
60 |25 |3005.62 |23 |(8) |
60 |25 |3047.62 |22 |(10) |
60 |25 |3486.02 |23 |(9) |
60 |25 |3601.62 |24 | |
60 |25 |3654.0 |5 | |
60 |25 |4022.67 |23 |(10) |
60 |25 |4059.23 |24 |(11) |
60 |25 |4132.0 |5 | |
60 |25 |4388.9 |5 | |
60 |25 |4532.6 |3 | |
60 |25 |4612.74 |24 |(11) |
60 |25 |4644.8 |5 | |
60 |25 |4781.3 |3 |(12) |
60 |25 |5001.7 |5 | |
60 |25 |5075.5 |9 | |
60 |25 |5234.6 |3 | |
60 |25 |5261.65 |25 |(12) |
60 |25 |5985.6 |13 | |
60 |25 |6026.8 |3 |(13) |
60 |25 |6108.0 |4 |(13) |
60 |25 |6234.9 |4 | |
60 |25 |6824.2 |5 |(14) |
60 |25 |6863.5 |3 |(14) |
60 |25 |7758.1 |3 |(15) |
60 |25 |8982.7 |9 |(16) |
60 |25 |9235 |3 |(16) |
61 |25 |0.0 | |(5/2-) |0.709 S 8
61 |25 |157.1 |2 |(7/2-) |
61 |25 |1034.6 |3 |(9/2-) |
61 |25 |1142.3 |4 |(1/2-,3/2) |
61 |25 |1281.8 |3 |(11/2-) |
61 |25 |1497.2 |4 |(3/2,5/2,7/2) |
61 |25 |1860.8 |4 |(3/2,5/2,7/2) |
61 |25 |2031.8 |7 | |
61 |25 |2201.9 |4 | |
61 |25 |2378.2 |4 |(3/2,5/2,7/2) |
61 |25 |2502.2 |4 |(15/2-) |
61 |25 |2607.5 |5 | |
61 |25 |2753.1 |5 | |
61 |25 |3131.6 |6 | |
61 |25 |3572.4 |7 | |
62 |25 |0+X | |(1+) |92 MS 13
62 |25 |0+Y | |(4+) |671 MS 5
62 |25 |113.8+Y |3 |(4) |95 NS 2
62 |25 |222.4+Y |5 |(5) |
62 |25 |285.0+X |17 |(0+,2+) |
62 |25 |418.2+Y |5 |(6) |
62 |25 |640.0+X |17 |(1+) |
62 |25 |642.8+Y |6 |(7) |
62 |25 |1183.7+Y |12 |(8) |
62 |25 |1500+X |3 | |
63 |25 |0.0 | |5/2- |0.275 S 4
64 |25 |0 | |(1+) |90 MS 4
64 |25 |40 |14 |(2-) |
64 |25 |175 |10 |(4+) |0.50 MS 5
64 |25 |188 |2 |(1+) |
65 |25 |0 | |(5/2-) |92 MS 1
66 |25 |0.0 | | |65 MS 2
67 |25 |0.0 | |(5/2-) |47 MS 2
68 |25 |0.0 | |&gt;3 |28 MS 3
69 |25 |0.0 | |(5/2-) |16 MS 3
70 |25 |0 | | |360 NS GT
71 |25 |0 | | |637 NS GT
72 |25 |0 | | |620 NS GT
