45 |26 |0.0 | |(3/2+) |1.89 MS +49-21
46 |26 |0.0 | |0+ |13.0 MS 20
47 |26 |0.0 | |(7/2-) |21.8 MS 7
48 |26 |0.0 | |0+ |44 MS 7
49 |26 |0.0 | |(7/2-) |64.7 MS 3
49 |26 |90.0 |10 | |
49 |26 |153.0 |15 | |
50 |26 |0.0 | |0+ |155 MS 11
50 |26 |764.9 |3 |2+ |1.5 PS 3
50 |26 |1851.5 |5 |(4+) |
50 |26 |3159.3 |7 |(6+) |
50 |26 |3397.2 |9 |(4+) |
50 |26 |4786.4 |12 |(8+) |
50 |26 |6367.4 |16 |(10+) |
50 |26 |6994.4 |19 |(11+) |
50 |26 |8463 |61 |(6+) |
51 |26 |0.0 | |5/2- |305 MS 5
51 |26 |253.5 |5 |7/2- |
51 |26 |1146.5 |11 |9/2- |
51 |26 |1218 |10 | |
51 |26 |1516.5 |10 |11/2- |
51 |26 |1866 |13 | |
51 |26 |2063 |7 |(3/2+) |
51 |26 |2489 |8 |(1/2+) |
51 |26 |2953.4 |24 |13/2- |
51 |26 |3013 |9 | |
51 |26 |3127 |9 | |
51 |26 |3275.7 |24 |15/2- |
51 |26 |3310 |10 | |
51 |26 |3589.7 |24 |17/2- |1.99 NS +6-8
51 |26 |3964 |12 | |
51 |26 |4097.9 |25 |19/2- |
51 |26 |4456 |13 | |
51 |26 |5608 |3 |21/2- |
51 |26 |6492 |3 |23/2- |
51 |26 |7269 |3 |27/2- |48.3 PS 24
51 |26 |7933 |3 |(25/2-) |
51 |26 |11468 |7 |(29/2-) |
51 |26 |11712 |14 |(29/2-) |
51 |26 |12650 |11 |(31/2-) |
52 |26 |0.0 | |0+ |8.275 H 8
52 |26 |849.45 |10 |2+ |7.8 PS 10
52 |26 |2384.55 |17 |4+ |0.22 PS 5
52 |26 |2758.8 |7 |2+ |0.17 PS 5
52 |26 |3585.0 |3 |4+ |0.28 PS +21-7
52 |26 |4145.6 |20 |0+ |
52 |26 |4325.5 |3 |6+ |
52 |26 |4396.3 |3 |3- |
52 |26 |4456 |8 |2+ |
52 |26 |4850.6 |11 |(5-,6+) |0.5 PS +23-2
52 |26 |4872.2 |3 |6+ |0.21 PS 8
52 |26 |4896 |15 | |
52 |26 |5137.4 |3 |5- |
52 |26 |5328 |8 |4+ |
52 |26 |5363 |5 |0+ |
52 |26 |5439 |15 | |
52 |26 |5483 |20 |4+ |
52 |26 |5529 |20 |4+ |
52 |26 |5563 |8 |(3-) |
52 |26 |5654.5 |4 |6+ |
52 |26 |5718 |8 |0+ |
52 |26 |5792 |10 | |
52 |26 |5829 |5 |2+ |
52 |26 |5965 |15 |4+ |
52 |26 |6034 |5 |2+ |
52 |26 |6044 |5 |2+ |
52 |26 |6174 |15 |(6+) |
52 |26 |6231 |15 | |
52 |26 |6360.7 |4 |8+ |0.15 PS 5
52 |26 |6416 |5 |4+ |
52 |26 |6454 |15 | |
52 |26 |6483 |5 |2+ |
52 |26 |6493.1 |4 |8+ |0.18 PS 4
52 |26 |6531 |10 |3- |
52 |26 |6564 |8 | |
52 |26 |6634 |10 |(0+) |
52 |26 |6714 |8 |2+ |
52 |26 |6744 |15 | |
52 |26 |6772 |8 |(2+) |
52 |26 |6882 |5 |1- |
52 |26 |6927 |15 |0+ |
52 |26 |6958.0 |4 |12+ |45.9 S 6
52 |26 |7013 |5 |3- |
52 |26 |7124 |10 |(4+) |
52 |26 |7261 |15 |(6+) |
52 |26 |7289 |8 | |
52 |26 |7338 |10 | |
52 |26 |7381.9 |4 |10+ |
52 |26 |7463 |8 |2+ |
52 |26 |7510 |15 | |
52 |26 |7611 |10 |6+ |
52 |26 |7636 |15 |4+ |
52 |26 |7787 |10 | |
52 |26 |7817 |15 | |
52 |26 |7935 |10 |2+ |
52 |26 |8037 |12 |0+ |
52 |26 |8067 |8 | |
52 |26 |8097 |10 | |
52 |26 |8122 |15 | |
52 |26 |8146 |10 |3- |
52 |26 |8184 |10 | |
52 |26 |8207 |8 |(3-) |
52 |26 |8240 |10 | |
52 |26 |8327 |10 |(3-) |
52 |26 |8354 |5 |2+ |
52 |26 |8401 |8 |2+ |
52 |26 |8425 |15 | |
52 |26 |8461 |10 | |
52 |26 |8511 |8 |4+ |
52 |26 |8535 |5 |4+ |
52 |26 |8561 |5 |0+ |
52 |26 |8618 |8 | |
52 |26 |8661 |15 |(4+) |
52 |26 |8677 |10 | |
52 |26 |8727 |15 | |
52 |26 |8748 |10 |4+ |
52 |26 |8770 |10 |(3-) |
52 |26 |8832 |10 | |
52 |26 |8872 |10 | |
52 |26 |8900 |8 |(2+) |
52 |26 |8936 |10 | |
52 |26 |8962 |10 |(6+) |
52 |26 |8985 |10 | |
52 |26 |9044 |15 | |
52 |26 |9059 |15 | |
52 |26 |9130 |50 | |
52 |26 |9213 |8 | |
52 |26 |9279 |8 |4+ |
52 |26 |9311 |8 | |
52 |26 |9338 |10 | |
52 |26 |9357 |15 | |
52 |26 |9458 |10 | |
52 |26 |9497 |8 | |
52 |26 |9770 |50 | |
52 |26 |10006 |5 |(2+) |
52 |26 |10049 |10 | |
52 |26 |10332 |5 |0+ |
52 |26 |10810 |50 | |
52 |26 |10990 |20 |0+ |
52 |26 |11440 |50 | |
52 |26 |11640 |50 | |
52 |26 |11780 |30 |2+ |
53 |26 |0.0 | |7/2- |8.51 M 2
53 |26 |741.11 |10 |3/2- |63.5 NS 14
53 |26 |774.42 |11 |1/2- |2.0 NS 2
53 |26 |1328.01 |24 |9/2- |17 FS 7
53 |26 |1423.5 |3 |5/2- |2.8 PS 7
53 |26 |1696.32 |18 |7/2- |1.4 PS +21-7
53 |26 |1896 | | |
53 |26 |2042.6 |10 |3/2- |0.24 PS 5
53 |26 |2315 |5 |1/2+ |
53 |26 |2339.24 |25 |11/2- |53 FS 12
53 |26 |2405 |4 |5/2- |
53 |26 |2479 |2 | |35 FS 8
53 |26 |2557.3 |4 |9/2- |
53 |26 |2680 |12 |3/2+,5/2+ |
53 |26 |2829.0 |20 | |35 FS 14
53 |26 |2842.8 |5 |11/2- |
53 |26 |2844.8 |20 |7/2- |33 FS 12
53 |26 |2892 | | |
53 |26 |2915 |5 |7/2-,5/2- |
53 |26 |2926 |5 |(1/2+) |
53 |26 |2944 |3 |3/2-,1/2- |
53 |26 |2966.9 |20 |1/2+ |78 FS 15
53 |26 |3040.4 |3 |19/2- |2.54 M 2
53 |26 |3175.9 |5 |13/2- |132 FS LT
53 |26 |3311.9 |5 |11/2- |
53 |26 |3333 |3 |7/2- |
53 |26 |3399 |3 |3/2+ |
53 |26 |3462.7 |6 |15/2- |
53 |26 |3567 |3 |7/2- |
53 |26 |3697 |3 |1/2-,3/2- |
53 |26 |3774.0 |5 |13/2- |
53 |26 |3776 |5 |5/2-,7/2- |
53 |26 |3803 |5 |1/2-,3/2- |
53 |26 |3852 |5 |1/2-,3/2- |
53 |26 |3892 |5 |7/2-,5/2- |
53 |26 |4005.4 |5 |17/2- |
53 |26 |4149 |5 | |
53 |26 |4170 |12 |3/2+,5/2+ |
53 |26 |4250 |3 |7/2- |
53 |26 |4253.0 |8 |(13/2-) |
53 |26 |4451 |5 | |
53 |26 |4555.0 |5 |15/2- |
53 |26 |4557 |7 |7/2-,5/2- |
53 |26 |4575 |15 |3/2+,5/2+ |
53 |26 |4604 |10 | |
53 |26 |4637 |15 |7/2-,5/2- |
53 |26 |4671 |10 | |
53 |26 |4698 |15 | |
53 |26 |4764 |10 | |
53 |26 |4784.9 |9 |13/2 |
53 |26 |4801 |10 | |
53 |26 |4812.8 |21 | |
53 |26 |4839 |15 |(7/2-,5/2-) |
53 |26 |4884 |10 |7/2-,5/2- |
53 |26 |4931.1 |10 |(15/2-) |
53 |26 |5093 |5 | |
53 |26 |5185 |7 |3/2+,5/2+ |
53 |26 |5339.5 |6 |17/2- |
53 |26 |5340.1 |10 |13/2-,15/2- |
53 |26 |5454 |5 | |
53 |26 |5478 |7 |3/2+,5/2+ |
53 |26 |5536 |15 | |
53 |26 |5568 |7 |3/2+,5/2+ |
53 |26 |5606 |8 | |
53 |26 |5672 |15 | |
53 |26 |5722 | | |
53 |26 |5751.7 |7 | |
53 |26 |5897.2 |7 |15/2- |
53 |26 |5960 |6 | |
53 |26 |5994 |9 | |
53 |26 |6072.0 |11 | |
53 |26 |6110 |15 | |
53 |26 |6152 |9 | |
53 |26 |6179 |8 | |
53 |26 |6294 |15 | |
53 |26 |6365.4 |11 |21/2- |2.8 PS LT
53 |26 |6388 |8 |1/2+ |
53 |26 |6419 |9 | |
53 |26 |6449 |15 |3/2+,5/2+ |
53 |26 |6504 |9 |1/2+ |
53 |26 |6528 |20 |5/2-,7/2- |
53 |26 |6569 |10 |(3/2)- |
53 |26 |6689.3 |21 |17/2- |
53 |26 |6696 |20 |3/2+,5/2+ |
53 |26 |6800 |10 | |
53 |26 |6828.6 |11 |23/2- |
53 |26 |6831 |10 | |
53 |26 |6935 |3 |17/2- |
53 |26 |6942 |10 |1/2+ |
53 |26 |7028 |10 |1/2+ |
53 |26 |7122 |10 |1/2+ |
53 |26 |7139 |3 |(19/2-) |
53 |26 |7181.3 |12 |(21/2)- |
53 |26 |7213 |20 |3/2+,5/2+ |
53 |26 |7214 |3 | |
53 |26 |7263 |10 |(3/2)+ |
53 |26 |7304 |15 | |
53 |26 |7327.8 |11 |25/2- |18.2 PS 22
53 |26 |7364 |15 |3/2+,5/2+ |
53 |26 |8273.8 |12 |25/2- |0.14 PS LT
53 |26 |8544.2 |12 |23/2- |
53 |26 |9098.3 |13 |27/2- |0.14 PS LT
53 |26 |9287.8 |12 |(25/2-) |
53 |26 |9550.0 |15 |(25/2) |
53 |26 |9880.6 |13 |27/2- |0.14 PS LT
53 |26 |10876 |3 |(27/2-) |
53 |26 |11192.1 |14 |(29/2-) |0.14 PS LT
53 |26 |11690 |4 |27/2 |
53 |26 |12593 |4 | |
54 |26 |0.0 | |0+ |STABLE
54 |26 |1408.19 |19 |2+ |0.76 PS 2
54 |26 |2538.1 |3 |4+ |4.0 PS 8
54 |26 |2561.3 |4 |0+ |1.4 PS GE
54 |26 |2900 | |2+ |
54 |26 |2949.2 |5 |6+ |1.22 NS 2
54 |26 |2959.0 |5 |2+ |0.052 PS 7
54 |26 |3166.0 |5 |2+ |0.15 PS +4-3
54 |26 |3294.8 |4 |4+ |2.1 PS GE
54 |26 |3344.8 |3 |3+ |
54 |26 |3437.4 |82 |4+ to 6+ |
54 |26 |3793.8 |12 | |
54 |26 |3833.2 |4 |4+ |0.062 PS 12
54 |26 |3841.0 |11 | |
54 |26 |4030.9 |5 |5+ |0.7 PS GE
54 |26 |4047.8 |4 |4+ |0.30 PS +23-10
54 |26 |4071.6 |8 |3+ |0.058 PS 17
54 |26 |4099.7 |11 |4+ |
54 |26 |4103.4 |12 | |
54 |26 |4267.8 |4 |4+ |0.082 PS +23-17
54 |26 |4290.8 |7 |0+ |0.055 PS +17-14
54 |26 |4578.5 |9 |2+ |0.007 PS LE
54 |26 |4655.3 |8 | |
54 |26 |4696 |3 | |
54 |26 |4700.1 |9 | |
54 |26 |4781.9 |6 |3- |0.033 PS 11
54 |26 |4850 | |3- |
54 |26 |4948.7 |8 |4(+) |0.029 PS 10
54 |26 |5044.8 |9 |5-,6+ |
54 |26 |5080 |4 |(1,2+) |
54 |26 |5145 |6 |2+ |
54 |26 |5233 |10 |0+ |
54 |26 |5248 |6 | |
54 |26 |5278.8 |11 | |
54 |26 |5313 |10 | |
54 |26 |5325 |10 | |
54 |26 |5392 |6 |2+ |
54 |26 |5404 |10 | |
54 |26 |5431.1 |13 | |
54 |26 |5453 |7 |(1,2+) |
54 |26 |5461.2 |11 | |
54 |26 |5482.0 | |3+,4+ |
54 |26 |5506 |6 |(2+) |
54 |26 |5523 |10 | |
54 |26 |5539 |6 |3- |
54 |26 |5592 |10 | |
54 |26 |5621 |6 |(3-) |
54 |26 |5657 |5 |4+ |
54 |26 |5666 |10 | |
54 |26 |5703 |5 |4+ |
54 |26 |5787 |10 | |
54 |26 |5809 |7 |2+ |
54 |26 |5828 |7 | |
54 |26 |5875 |10 | |
54 |26 |5907 |5 |3- |
54 |26 |5919.3 |12 | |
54 |26 |5927.4 |5 |7+ |
54 |26 |5955 |8 |2+ |
54 |26 |6023 |10 | |
54 |26 |6038 |8 |(1,2+) |
54 |26 |6057 |5 | |
54 |26 |6100 |10 | |
54 |26 |6128.7 |6 |1 |
54 |26 |6156 |10 | |
54 |26 |6192 |5 |2+ |
54 |26 |6212 |10 | |
54 |26 |6238 |10 | |
54 |26 |6259 |5 | |
54 |26 |6296.8 |16 |7+ |
54 |26 |6341 |5 |3- |
54 |26 |6380.9 |11 |8+ |114 FS +28-21
54 |26 |6400 |10 |0+ |
54 |26 |6401 |10 |3- |
54 |26 |6429 |5 |2+ |
54 |26 |6442 |10 | |
54 |26 |6484 |5 |4+ |
54 |26 |6510 |15 | |
54 |26 |6527.1 |11 |10+ |364 NS 7
54 |26 |6551.0 |11 | |
54 |26 |6563 |5 |(1-) |
54 |26 |6594 |10 | |
54 |26 |6607 |5 |4+ |
54 |26 |6648 |10 | |
54 |26 |6663 |10 | |
54 |26 |6670 |5 |4+ |
54 |26 |6710 |10 |3- |
54 |26 |6724.1 |24 |9+ |41 PS AP
54 |26 |6749 |5 |3- |
54 |26 |6774 |5 |1- |
54 |26 |6804 |10 | |
54 |26 |6821 |5 |5-,6+ |
54 |26 |6836 |10 | |
54 |26 |6864.3 |6 |8+ |
54 |26 |6881 |5 |4+ |
54 |26 |6910 |20 | |
54 |26 |6951 |5 | |
54 |26 |7011 |10 |3- |
54 |26 |7040 |10 | |
54 |26 |7074.8 |17 | |
54 |26 |7110 |20 |(2+,3-) |
54 |26 |7128 |10 |6+ |
54 |26 |7155 |10 | |
54 |26 |7180 |10 |(1) |
54 |26 |7200 |30 |4+ |
54 |26 |7260 |20 |3- |
54 |26 |7310 |20 |(2+,3-) |
54 |26 |7351.5 |6 |(9+) |
54 |26 |7377 |10 |2+ |
54 |26 |7442 |10 | |
54 |26 |7486 |10 |3- |
54 |26 |7505 |4 |10+ |
54 |26 |7550 |20 |(2+) |
54 |26 |7560 |20 |0+ |
54 |26 |7565.8 |18 | |
54 |26 |7580 |25 |2+ |
54 |26 |7603 |10 |3- |
54 |26 |7644 |10 |3- |
54 |26 |7674 |10 |+ |
54 |26 |7760 |20 |(2+) |
54 |26 |7791 |10 | |
54 |26 |7859 |10 | |
54 |26 |7905 |10 | |
54 |26 |7938 |10 |+ |
54 |26 |7940 |20 |3- |
54 |26 |8005 |10 |3- |
54 |26 |8021 |4 |(11)+ |
54 |26 |8114 |10 |1+ |
54 |26 |8179 |10 |1- |
54 |26 |8225 |10 | |
54 |26 |8298 |10 |(2+) |
54 |26 |8318.8 |17 |8- |
54 |26 |8334 |10 |1+ |
54 |26 |8374.3 |11 |(10+) |
54 |26 |8410 |10 | |
54 |26 |8440 |10 | |
54 |26 |8450 |20 |1+ |
54 |26 |8465 |10 |3- |
54 |26 |8521 |10 |5-,6+ |
54 |26 |8560 |10 |(1,2-) |
54 |26 |8577.8 |7 |(10+) |
54 |26 |8610 |10 |(2-) |
54 |26 |8633 |10 |1- |
54 |26 |8666 |10 | |
54 |26 |8680 |10 |(2) |
54 |26 |8740 |10 | |
54 |26 |8808.0 |6 |(11+) |
54 |26 |8850 |10 |1+ |
54 |26 |8886 |10 |3- |
54 |26 |8930 |10 |2- |
54 |26 |8949 |10 |8- |
54 |26 |8952 |10 |3- |
54 |26 |8981 |10 |1+ |
54 |26 |9062 |10 |1+ |
54 |26 |9110 |10 | |
54 |26 |9123.6 |12 | |
54 |26 |9140 |10 |1+ |
54 |26 |9150 |10 |3- |
54 |26 |9243 |10 | |
54 |26 |9290 |20 |1+ |
54 |26 |9300 |20 | |
54 |26 |9353 |10 |3- |
54 |26 |9402 |10 |3- |
54 |26 |9410 |20 |1+ |
54 |26 |9450 |10 |1 |
54 |26 |9506 |10 |3- |
54 |26 |9530 |10 |1+ |
54 |26 |9568 |10 | |
54 |26 |9610 |30 | |
54 |26 |9640 |10 | |
54 |26 |9671 |10 |3- |
54 |26 |9716 |10 | |
54 |26 |9747 |10 |3- |
54 |26 |9789 | | |
54 |26 |9810 |10 | |
54 |26 |9845.3 |7 |(12+) |
54 |26 |9860 |10 | |
54 |26 |9910 |10 | |
54 |26 |9940 |20 |1+ |
54 |26 |9974 |10 |8- |
54 |26 |9984 |10 | |
54 |26 |9995.4 |11 | |
54 |26 |10027 |10 |(3-) |
54 |26 |10045 | | |
54 |26 |10050 |10 |1+ |
54 |26 |10083 |10 |(3-) |
54 |26 |10131.0 |9 |(12+) |
54 |26 |10137 |10 |2+ |
54 |26 |10180 |10 |1+ |
54 |26 |10213 |10 | |
54 |26 |10250 |20 |0+ |
54 |26 |10290 |10 | |
54 |26 |10342 |10 |4+ |
54 |26 |10380 |20 | |
54 |26 |10450 |20 | |
54 |26 |10535 |10 |1+ |
54 |26 |10542.0 |7 |(11) |
54 |26 |10586 |10 | |
54 |26 |10630 |20 | |
54 |26 |10660 |10 |(2-) |
54 |26 |10677 |10 |8- |
54 |26 |10700 |10 |0+ |
54 |26 |10740 |20 | |
54 |26 |10780 |20 | |
54 |26 |10820 |10 | |
54 |26 |10870 |20 | |
54 |26 |10910 |20 | |
54 |26 |11010 |10 |1+ |
54 |26 |11050 |10 | |
54 |26 |11093.4 |7 |(13+) |
54 |26 |11113.6 |8 |(12) |
54 |26 |11120 |10 |1+ |
54 |26 |11230 |10 | |
54 |26 |11280 |10 | |
54 |26 |11320 |20 |1+ |
54 |26 |11360 |10 | |
54 |26 |11440 |20 |2+ |
54 |26 |11447 | | |
54 |26 |11520 |10 |1+ |
54 |26 |11620 |30 | |
54 |26 |11710 |20 | |
54 |26 |11750 |10 |1+ |
54 |26 |11790 |10 | |
54 |26 |11850 |30 |2+ |
54 |26 |11920 |20 |1+ |
54 |26 |11950 |20 |1+ |
54 |26 |12040 |20 |0+ |
54 |26 |12043.0 |9 |(13) |
54 |26 |12100 |50 |2+ |
54 |26 |12314.1 |8 |(14+) |
54 |26 |12953.3 |12 |(14+) |
54 |26 |13000 |20 |1+ |
54 |26 |13263 |10 |8- |
54 |26 |13358.0 |14 | |
54 |26 |13520 |20 |0+ |
54 |26 |13730 |30 |4+ |
54 |26 |13900 |20 |1+ |
54 |26 |14050 |50 | |
54 |26 |14388.3 |14 | |
54 |26 |14540 |30 | |
54 |26 |14590 |30 | |
54 |26 |14700 |30 | |
54 |26 |14730 |30 | |
54 |26 |14850 |30 |2+ |
54 |26 |14870 |20 |0+ |
54 |26 |15062.0 |24 | |
55 |26 |0.0 | |3/2- |2.744 Y 9
55 |26 |411.42 |21 |1/2- |6 PS +6-3
55 |26 |931.29 |13 |5/2- |8 PS 3
55 |26 |1316.54 |13 |7/2- |2.1 PS +14-7
55 |26 |1408.45 |14 |7/2- |37.9 PS 17
55 |26 |1918.3 |5 |1/2- |12 FS 4
55 |26 |2015 | |1/2-,3/2- |
55 |26 |2051.7 |4 |3/2- |7.6 FS 21
55 |26 |2144.0 |3 |5/2- |38 FS +11-8
55 |26 |2211.87 |24 |9/2- |0.76 PS 21
55 |26 |2255.5 |10 | |
55 |26 |2301.06 |21 |(9/2) |0.6 PS +5-2
55 |26 |2470.2 |6 |3/2- |15 FS 3
55 |26 |2490 |10 |5/2-,7/2- |
55 |26 |2539.11 |21 |11/2- |9.3 PS 13
55 |26 |2577.7 |4 |5/2- |46 FS 6
55 |26 |2600 | |(7/2+,9/2+) |
55 |26 |2813.8 |3 |13/2- |10.0 PS 21
55 |26 |2872.3 |2 |5/2-,7/2- |19 FS 6
55 |26 |2938.9 |4 |7/2- |29 FS +9-8
55 |26 |2982.1 |4 |11/2(-) |
55 |26 |2984.4 |4 |9/2- |
55 |26 |3028.5 |7 |3/2- |15 FS 8
55 |26 |3072.0 |4 |11/2- |0.7 PS GT
55 |26 |3076 |3 |11/2,(9/2) |0.44 PS +21-11
55 |26 |3108.7 |3 |5/2-,7/2- |
55 |26 |3285 | | |8 FS 7
55 |26 |3311 |10 |5/2-,7/2- |
55 |26 |3362 |10 | |
55 |26 |3419.0 |4 |15/2- |0.07 PS 2
55 |26 |3456.9 |5 |13/2- |0.6 PS GT
55 |26 |3552.3 |8 |3/2- |3.5 FS LT
55 |26 |3599 |10 |1/2- |
55 |26 |3660.8 |11 | |
55 |26 |3709 |10 |1/2-,3/2- |
55 |26 |3722 |10 | |
55 |26 |3790.3 |8 |1/2- |11 FS LT
55 |26 |3800.6 |10 |3/2- |
55 |26 |3814 |10 |7/2+,9/2+ |
55 |26 |3815 |15 |5/2-,7/2- |
55 |26 |3860 |10 |7/2+,9/2+ |
55 |26 |3901.3 |8 |(13/2-) |
55 |26 |3906.7 |8 |3/2- |3.5 FS LT
55 |26 |3960 |10 | |
55 |26 |4028 |10 | |
55 |26 |4057 |10 |5/2-,7/2- |
55 |26 |4110 |10 | |
55 |26 |4123 |10 | |
55 |26 |4273 |10 |1/2+ |
55 |26 |4372 |10 | |
55 |26 |4387 |10 | |
55 |26 |4450 |20 |1/2+ |
55 |26 |4463 |10 |5/2+ |
55 |26 |4495.1 |7 |1/2- |3.5 FS 21
55 |26 |4538 |10 |(1/2-,3/2-) |
55 |26 |4636 |10 | |
55 |26 |4658 |10 |5/2-,7/2- |
55 |26 |4673 |10 | |
55 |26 |4708.3 |7 |5/2+ |4.2 FS 28
55 |26 |4751 |10 | |
55 |26 |4790 |10 | |
55 |26 |4824 |10 |3/2+ |
55 |26 |4849 |10 | |
55 |26 |4866.6 |21 | |
55 |26 |4877 |10 |3/2+,5/2+ |
55 |26 |4948 |10 | |
55 |26 |4990 |10 | |
55 |26 |4999 |10 | |
55 |26 |5041 |10 | |
55 |26 |5078 |10 | |
55 |26 |5099.6 |6 |(19/2-) |22.4 PS 8
55 |26 |5118 |3 |1/2-,3/2- |6 FS 4
55 |26 |5185 |10 | |
55 |26 |5208 |10 |5/2-,7/2- |
55 |26 |5237 |10 | |
55 |26 |5286 |10 |5/2-,7/2- |
55 |26 |5306 |10 | |
55 |26 |5326 |10 | |
55 |26 |5363 |10 | |
55 |26 |5.37E3 | | |
55 |26 |5394 |10 |3/2+,5/2+ |
55 |26 |5396 |15 |5/2-,7/2- |
55 |26 |5435 |10 | |
55 |26 |5445 |10 |5/2-,7/2- |
55 |26 |5476.8 |23 | |0.7 PS GT
55 |26 |5497 |10 | |
55 |26 |5542 |10 | |
55 |26 |5556 |10 | |
55 |26 |5564 |10 |3/2+,5/2+ |
55 |26 |5599 |10 | |
55 |26 |5634 |10 | |
55 |26 |5668 |15 |5/2-,7/2- |
55 |26 |5687 |10 |1/2+ |
55 |26 |5745 |10 | |
55 |26 |5775 |10 |1/2- |
55 |26 |5817 |10 | |
55 |26 |5839 |10 | |
55 |26 |5872 |10 | |
55 |26 |5900 |10 |3/2+,5/2+ |
55 |26 |5933 |10 | |
55 |26 |5947 |10 | |
55 |26 |5955 |10 |(1/2+) |
55 |26 |5989 |10 | |
55 |26 |6053 |15 |5/2-,7/2- |
55 |26 |6059 |10 |3/2+,5/2+ |
55 |26 |6090 |10 | |
55 |26 |6159 |15 |5/2-,7/2- |
55 |26 |6167 |10 |3/2+,5/2+ |
55 |26 |6229 |10 | |
55 |26 |6237 |10 | |
55 |26 |6282 |10 |1/2+ |
55 |26 |6319 |10 |5/2-,7/2- |
55 |26 |6348 |10 | |
55 |26 |6374 |10 | |
55 |26 |6387 |10 | |
55 |26 |6410 |10 | |
55 |26 |6425 |10 | |
55 |26 |6456 |10 | |
55 |26 |6495 |10 |3/2+,5/2+ |
55 |26 |6528.6 |12 |(21/2-) |0.7 PS LT
55 |26 |6579 |10 | |
55 |26 |6596 |10 | |
55 |26 |6610 |10 | |
55 |26 |6628 |10 |3/2+,5/2+ |
55 |26 |6654 |10 | |
55 |26 |6670 |10 | |
55 |26 |6745 |10 | |
55 |26 |6776 |10 |3/2+,5/2+ |
55 |26 |6826 |10 | |
55 |26 |6846 |10 | |
55 |26 |6857 |10 | |
55 |26 |6874 |10 | |
55 |26 |6916 |10 |3/2+,5/2+ |
55 |26 |6962 |10 |1/2+ |
55 |26 |6980 |10 | |
55 |26 |7008 |10 | |
55 |26 |7030 |10 | |
55 |26 |7054 |10 | |
55 |26 |7070 |10 | |
55 |26 |7092 |10 | |
55 |26 |7105 |10 | |
55 |26 |7126 |10 | |
55 |26 |7149 |10 | |
55 |26 |7178 |10 | |
55 |26 |7215 |10 | |
55 |26 |7235 |10 | |
55 |26 |7252 |10 |3/2+,5/2+ |
55 |26 |7270 |10 | |
55 |26 |7310 |10 | |
55 |26 |7360 |10 | |
55 |26 |7369 |10 |3/2+,5/2+ |
55 |26 |7382 |10 | |
55 |26 |7419 |10 |+ |
55 |26 |7.45E3 | | |
55 |26 |7480 | |5/2-,7/2- |
55 |26 |7510 |30 |(-) |
55 |26 |7606.2 |13 |(23/2) |
55 |26 |7610 | |(5/2-) |
55 |26 |7614 | |3/2+,5/2+ |
55 |26 |7625 |15 |5/2-,7/2- |
55 |26 |7730 |30 |(7/2)- |
55 |26 |7780 |50 |7/2- |
55 |26 |7808 | |+ |
55 |26 |7853 | |3/2+,5/2+ |
55 |26 |7918.9 |13 |23/2 |
55 |26 |7938 | | |
55 |26 |8028 | |3/2+,5/2+ |
55 |26 |8130 | |(3/2+,5/2+) |
55 |26 |8180 | |(3/2+,5/2+) |
55 |26 |8264 | |3/2+,5/2+ |
55 |26 |8420 |15 | |
55 |26 |8527 |15 |3/2+,5/2+ |
55 |26 |8560 | |(1/2+) |
55 |26 |8796 | |3/2+,5/2+ |
55 |26 |8843 | |1/2+ |
55 |26 |8892 |15 |3/2+,5/2+ |
55 |26 |8910 | |1/2+ |
55 |26 |8987.7 |18 |25/2 |
55 |26 |9007 | |3/2+,5/2+ |
55 |26 |9115 |15 |1/2-,3/2- |
55 |26 |9305.3 |16 |25/2 |
55 |26 |9908 | |27/2 |
55 |26 |10242.7 |21 |27/2 |
55 |26 |10727.7 |12 | |
56 |26 |0.0 | |0+ |STABLE
56 |26 |846.7778 |19 |2+ |6.07 PS 23
56 |26 |2085.1045 |25 |4+ |0.64 PS 12
56 |26 |2657.5894 |25 |2+ |21 FS 1
56 |26 |2941.50 |3 |0+ |0.45 PS +21-12
56 |26 |2959.972 |4 |2+ |28 FS 3
56 |26 |3076.2 |4 |(3-) |
56 |26 |3120.11 |5 |(1+) |19 FS 1
56 |26 |3122.970 |3 |4+ |47 FS 12
56 |26 |3369.95 |7 |2+ |17 FS 3
56 |26 |3388.55 |5 |6+ |2.9 PS 2
56 |26 |3445.348 |3 |3+ |29 FS 5
56 |26 |3448.41 |6 |1+ |8 FS 3
56 |26 |3600.21 |7 |(1,2+) |59 FS LT
56 |26 |3605.69 |6 |2+ |0.15 PS 4
56 |26 |3610.21 |19 |0(+) |52 FS 21
56 |26 |3744.13 |24 |2+ |
56 |26 |3755.57 |4 |6+ |0.13 PS 2
56 |26 |3759.6 |10 | |
56 |26 |3829.77 |9 |2+ |39 FS 5
56 |26 |3856.495 |3 |3+ |25 FS 3
56 |26 |4048.888 |6 |3+ |7 FS 3
56 |26 |4085.93 |17 |(1,2+) |
56 |26 |4100.363 |3 |4+ |43 FS 5
56 |26 |4119.936 |3 |3+ |0.14 PS 4
56 |26 |4298.096 |3 |4+ |110 FS 50
56 |26 |4302.0 |10 |0+ |
56 |26 |4320 | |2+ |
56 |26 |4368.13 |25 |3- |
56 |26 |4394.93 |5 |3+ |35 FS 17
56 |26 |4401.27 |5 |2+ |56 FS +48-22
56 |26 |4447.7 |4 | |
56 |26 |4458.532 |11 |4+ |26 FS +12-8
56 |26 |4509.56 |8 |3- |83 FS 28
56 |26 |4539.5 |6 |1+,2+ |25 FS +20-14
56 |26 |4554.77 |9 |4+ |94 FS +43-24
56 |26 |4608.56 |11 |2+ |47 FS +33-18
56 |26 |4610.82 |18 |4+ |27 FS +45-15
56 |26 |4620 |4 | |
56 |26 |4658.26 |7 |2+,3+,4+ |49 FS +8-7
56 |26 |4673.41 |19 | |
56 |26 |4683.04 |5 |(2+),3+ |66 FS +63-25
56 |26 |4692.32 |4 |4+ |33 FS +10-7
56 |26 |4700.63 |13 |7+ |0.083 PS +82-14
56 |26 |4728.14 |18 |2+ |63 FS +57-20
56 |26 |4730.0 |10 |0+ |
56 |26 |4737.33 |4 |2+ |32 FS +7-6
56 |26 |4784.12 |25 |(1,2+) |
56 |26 |4802 |5 | |
56 |26 |4812.68 |10 |4+,5+ |
56 |26 |4820 | | |
56 |26 |4847.9 |3 |(2+) |64 FS 27
56 |26 |4866.52 |3 |(1,2+) |9.7 FS 20
56 |26 |4878.0 |6 |2+ |
56 |26 |4881.7 |6 | |
56 |26 |4887.1 |12 | |
56 |26 |5023.49 |3 |(1,2)+ |6 FS 3
56 |26 |5026.7 |8 | |
56 |26 |5033.02 |7 |(4,5)+ |10 FS +3-2
56 |26 |5038.49 |12 |4+ |78 FS +36-22
56 |26 |5055.87 |8 |4+,(3+) |66 FS +63-25
56 |26 |5122.11 |10 |5- |
56 |26 |5131.66 |10 |3+,4+,(2+) |73 FS +28-17
56 |26 |5149.54 |11 |2+ |
56 |26 |5184.3 |6 |8(+) |
56 |26 |5186.82 |10 |2+ |
56 |26 |5194.80 |18 |(1,2+) |
56 |26 |5219 |10 | |
56 |26 |5227.3 |20 |1 |12.3 FS 20
56 |26 |5232.57 |6 |2+,(3+) |8 FS +6-5
56 |26 |5235.89 |8 |4+ |104 FS +55-28
56 |26 |5249 |5 |4+ |
56 |26 |5255.7 |4 |8+ |0.35 PS 4
56 |26 |5256.9 |3 |2+ |20 FS 4
56 |26 |5283.90 |20 | |
56 |26 |5296 |5 |0+ |
56 |26 |5302.94 |6 |4+ |28 FS +15-9
56 |26 |5307.81 |22 | |
56 |26 |5386 |7 |0+ |
56 |26 |5402.3 |10 | 1 |17 FS 4
56 |26 |5451.60 |8 |4+ |98 FS +40-28
56 |26 |5479.15 |11 |(4+) |25 FS +24-9
56 |26 |5488.24 |10 |2,3,4 |3 FS 2
56 |26 |5502.94 |6 |(2,3,4)+ |5 FS 2
56 |26 |5511.6 |10 |2+ |
56 |26 |5528 |5 | |
56 |26 |5538.07 |18 |(1,2+) |
56 |26 |5562.38 |10 | |
56 |26 |5573.51 |11 |2+ |
56 |26 |5590.06 |21 |1+,2,3+ |
56 |26 |5618.36 |10 |4+ |76 FS +51-24
56 |26 |5623.86 |10 |(4,5)+ |19 FS +14-10
56 |26 |5626.84 |16 |8+ |0.069 PS +21-14
56 |26 |5661.18 |17 | |14 FS LT
56 |26 |5670.33 |8 |(2,3,4)+ |16 FS +8-6
56 |26 |5684 |5 | |
56 |26 |5697.98 |13 |(2+) |85 FS +42-33
56 |26 |5705.43 |7 |2+ |3 FS 2
56 |26 |5725 |5 | |
56 |26 |5737 |10 | |
56 |26 |5774.00 |13 |(4+) |12 FS +9-6
56 |26 |5795.2 |10 | |
56 |26 |5801.34 |18 | |
56 |26 |5806.3 |4 | |
56 |26 |5817.22 |17 | |
56 |26 |5824.3 |8 | |
56 |26 |5853 |2 | |19 FS 5
56 |26 |5861.5 |4 |4+ |
56 |26 |5871.26 |11 |(2,3,4) |12 FS +27-10
56 |26 |5874.1 |5 | |
56 |26 |5882.7 |8 | |
56 |26 |5913.51 |12 |2+ |
56 |26 |5914.53 |14 |(2,3,4)+ |22 FS +14-8
56 |26 |5921.4 |8 | |
56 |26 |5936.17 |10 |2+ |
56 |26 |5941.48 |19 | |
56 |26 |5965.81 |20 | |
56 |26 |5986.86 |15 |(1+to3+) |
56 |26 |6002 |7 | |
56 |26 |6013 |10 | |
56 |26 |6021.11 |10 | |
56 |26 |6031.68 |20 | |
56 |26 |6041 |8 |(7-) |
56 |26 |6047.53 |13 | |
56 |26 |6055 |8 |2+ |
56 |26 |6061.79 |6 |4+ |
56 |26 |6071.6 |6 |6+ |
56 |26 |6078 |3 | |16 FS 3
56 |26 |6092.2 |6 |(3-) |
56 |26 |6102.21 |15 |(0to3+) |
56 |26 |6110.6 |4 | |
56 |26 |6115.7 |7 | |
56 |26 |6131.24 |10 |2+ |5 FS +4-3
56 |26 |6146.35 |13 | |
56 |26 |6174 |7 | |
56 |26 |6201 |10 | |
56 |26 |6219 |3 | |13 FS 3
56 |26 |6250.78 |24 |1 |8.1 FS 15
56 |26 |6265 |8 |4+ |
56 |26 |6289 |10 | |
56 |26 |6312.75 |20 | |
56 |26 |6316 |8 | |
56 |26 |6327.6 |6 | |
56 |26 |6351 |8 | |
56 |26 |6363 |7 | |
56 |26 |6386.99 |18 | |
56 |26 |6397 |8 | |
56 |26 |6434.8 |4 | |
56 |26 |6437.08 |16 | |
56 |26 |6439.50 |25 | |
56 |26 |6442.91 |20 | |
56 |26 |6446.92 |20 |2+,3+ |11 FS +7-4
56 |26 |6454.4 |3 | |
56 |26 |6472.5 |5 | |
56 |26 |6489 |10 |(2+) |
56 |26 |6512.4 |4 |0+ |
56 |26 |6527 |10 | |
56 |26 |6543 |10 | |
56 |26 |6555 |10 | |
56 |26 |6566.81 |25 |0+ |
56 |26 |6593 |12 | |
56 |26 |6613 |10 | |
56 |26 |6621.94 |23 | |
56 |26 |6625.10 |18 |(0to3+) |
56 |26 |6652 |10 | |
56 |26 |6666.62 |15 |3- |
56 |26 |6670 |12 | |
56 |26 |6698 |1 |1 |0.65 FS 10
56 |26 |6700 |12 |0+ |
56 |26 |6715.90 |21 | |
56 |26 |6725 |15 | |
56 |26 |6742 |15 | |
56 |26 |6767.41 |21 | |
56 |26 |6781 |15 |3- |
56 |26 |6800 |15 |0+ |
56 |26 |6807.8 |5 | |
56 |26 |6843 |15 | |
56 |26 |6850.9 |6 |9(+) |
56 |26 |6854.67 |20 | |
56 |26 |6869.73 |17 |(3-) |
56 |26 |6883.13 |16 | |
56 |26 |6889.98 |22 | |
56 |26 |6916 |15 | |
56 |26 |6926 |2 |1- |1.10 EV 29
56 |26 |6940 |15 | |
56 |26 |6978.0 |4 | |
56 |26 |6981.68 |20 |(0to3+) |
56 |26 |6994 |15 | |
56 |26 |7008.00 |25 | |
56 |26 |7010.8 |4 |(&gt;3-) |
56 |26 |7029.8 |4 |(&gt;3-) |
56 |26 |7055 |15 | |
56 |26 |7061.6 |4 |1+ |0.41 FS 8
56 |26 |7071.37 |22 | |
56 |26 |7084.6 |12 | |
56 |26 |7090 |15 | |
56 |26 |7102 |15 | |
56 |26 |7124 |15 |0+ |
56 |26 |7135 |3 |1 |8.1 FS 15
56 |26 |7154 |15 | |
56 |26 |7167.27 |24 |1 |5.1 FS 9
56 |26 |7177.2 |16 |(10+) |
56 |26 |7178.1 |5 | |
56 |26 |7198.5 |4 | |
56 |26 |7204 |15 | |
56 |26 |7211.5 |20 |1 |0.77 EV 22
56 |26 |7220 | |0+ |
56 |26 |7248 |2 |1 |2.3 FS 3
56 |26 |7254.19 |20 |0+ |
56 |26 |7285.8 |4 | |1.6 FS 7
56 |26 |7312 |15 | |
56 |26 |7398.5 |4 | |
56 |26 |7422.67 |22 |(1,2+) |
56 |26 |7446.5 |20 |1 |2.7 FS 8
56 |26 |7468.5 |20 |1 |2.5 FS 4
56 |26 |7475 |15 |(3-) |
56 |26 |7503.6 |6 |9(+) |
56 |26 |7541.29 |23 | |
56 |26 |7580 | | |
56 |26 |7630 | |3- |
56 |26 |7670 | | |
56 |26 |7720 | | |
56 |26 |7768.61 |19 | |
56 |26 |7820.6 |6 |10(+) |
56 |26 |7875.8 |3 |2+ |
56 |26 |7886.54 |23 |(1,2+) |1.6 FS 3
56 |26 |8050 | | |
56 |26 |8110 |30 |0+ |
56 |26 |8120 | |2+ |
56 |26 |8128 |2 |1 |3.55 EV 74
56 |26 |8138.22 |26 | |
56 |26 |8219 |4 | |1.8 FS 3
56 |26 |8239.7 |20 |1 |5.75 EV 92
56 |26 |8247.76 |29 |(0to3+) |
56 |26 |8309.59 |24 |(1,2+) |1.9 FS 6
56 |26 |8329.65 |18 | |
56 |26 |8414.8 |7 |(10+) |
56 |26 |8447.87 |23 |(0to3+) |
56 |26 |8535.95 |22 |1 |4.92 EV 95
56 |26 |8679.9 |7 |11(+) |
56 |26 |8758.47 |19 |(0to3+) |
56 |26 |8767 |3 | |1.1 FS 2
56 |26 |8879 |4 | |1.5 FS 4
56 |26 |8909.9 |3 |(1,2+) |0.97 FS 21
56 |26 |8962 |4 | |1.2 FS 2
56 |26 |8989 |4 | |1.5 FS 3
56 |26 |9107 |4 | |0.53 FS 11
56 |26 |9140.3 |6 |1- |1.28 EV 17
56 |26 |9154 |4 | |0.47 FS 15
56 |26 |9200 |30 |0+ |
56 |26 |9280 |50 |(8+) |
56 |26 |9287 |3 | |0.61 FS 14
56 |26 |9311 |4 | |0.71 FS 14
56 |26 |9322 |4 | |0.70 FS 15
56 |26 |9344.7 |7 |(11+) |
56 |26 |9378.2 |7 |(11+) |
56 |26 |9402 |3 | |0.70 FS 16
56 |26 |9557.62 |21 |(1,2+) |1.2 FS 4
56 |26 |9666 |5 | |
56 |26 |9737 |5 | |0.48 FS 13
56 |26 |9768 |4 | |1.0 FS 3
56 |26 |9895 |5 | |1.1 FS 3
56 |26 |9900 |50 |(6+) |
56 |26 |9948 |5 | |0.61 FS 14
56 |26 |9969 |5 | |1.5 FS 5
56 |26 |10060 |5 | |0.81 FS 23
56 |26 |10094.4 |7 |(12+) |
56 |26 |10497 |3 |1 |3.44 EV 64
56 |26 |10563.1 |8 |(12+) |
56 |26 |10898.9 |10 |(13+) |
56 |26 |11133 |3 |1 |2.08 EV 52
56 |26 |11503.7 |3 |3+ |
56 |26 |11593.53 |23 |1+ |
56 |26 |11598.65 |18 |1+ |
56 |26 |11603.64 |19 |1+ |
56 |26 |11609.56 |20 | |
56 |26 |11612.93 |18 |1+ |
56 |26 |11617.71 |20 | |
56 |26 |11638.0 |3 |3(-) |
56 |26 |11640.7 |3 |3(-) |
56 |26 |11644.0 |3 |3(-) |
56 |26 |11664.0 |3 |3(-) |
56 |26 |11678.0 |4 |4+ |
56 |26 |11680.6 |3 |4+ |
56 |26 |11688.2 |3 |4+ |
56 |26 |11692.1 |3 |2+ |9 KEV AP
56 |26 |11832.8 |3 |3+ |17 KEV AP
56 |26 |11840.8 |3 |3+ |
56 |26 |11850.0 |5 |3+ |
56 |26 |11879.6 |3 |(5+) |
56 |26 |11886.8 |4 |(5+) |
56 |26 |11913.3 |6 |(4+) |
56 |26 |11925.2 |3 |3+ |11 KEV AP
56 |26 |11947.7 |3 |(4-) |
56 |26 |11952.6 |3 |4+ |
56 |26 |11958.1 |3 |3+ |11 KEV AP
56 |26 |11964 |3 |(13+) |
56 |26 |12440 |30 | |
56 |26 |12520 |30 | |
57 |26 |0.0 | |1/2- |STABLE
57 |26 |14.4129 |6 |3/2- |98.3 NS 3
57 |26 |136.4743 |5 |5/2- |8.7 NS 3
57 |26 |366.759 |7 |3/2- |10.5 PS 14
57 |26 |706.416 |16 |5/2- |4.1 PS 11
57 |26 |1007.13 |4 |7/2- |0.13 PS 7
57 |26 |1139.9 |10 | |
57 |26 |1197.81 |13 |9/2- |2.9 PS 4
57 |26 |1265.52 |13 |1/2- |82 FS 19
57 |26 |1356.83 |18 |7/2- |0.18 PS 7
57 |26 |1627.256 |24 |3/2- |56 FS 8
57 |26 |1725.38 |3 |3/2- |31 FS 4
57 |26 |1976.63 |20 |(1/2-,3/2,5/2-) |
57 |26 |1989.66 |20 |9/2- |0.18 PS +17-6
57 |26 |1991 |5 |1/2-,3/2- |
57 |26 |2113.11 |17 |(1/2,3/2,5/2-) |
57 |26 |2118.6 |5 |5/2- |46 FS 12
57 |26 |2206.88 |14 |5/2- |10 FS 3
57 |26 |2217.66 |18 |(5/2+) |
57 |26 |2220.2 | |(7/2-) |0.3 PS GT
57 |26 |2330.41 |16 |(1/2,3/2,5/2+) |
57 |26 |2355.96 |5 |(11/2)- |0.06 PS 2
57 |26 |2358 |12 |1/2-,3/2- |
57 |26 |2455.55 |15 |9/2+ |1.4 PS GT
57 |26 |2456 |5 |1/2+,7/2+,9/2+ |
57 |26 |2505.29 |12 |5/2+ |78 FS 18
57 |26 |2564.22 |21 |3/2- |
57 |26 |2574.5 |4 |(1/2,3/2,5/2-) |18 FS 4
57 |26 |2593.6 |6 |(3/2-,5/2-) |37 FS 10
57 |26 |2599.4 |3 |(1/2,3/2,5/2+) |
57 |26 |2697.17 |17 |1/2- |6 FS 2
57 |26 |2758.30 |11 | |
57 |26 |2821.07 |23 |(1/2,3/2,5/2+) |60 FS +20-10
57 |26 |2835.89 |7 |3/2,5/2 |
57 |26 |2855.0 |4 | |
57 |26 |2878.7 |4 |(13/2)- |0.14 PS LT
57 |26 |2904.28 |24 | |
57 |26 |2921.20 |10 |1/2-,3/2- |33 FS 6
57 |26 |2970.89 |22 |(1/2,3/2,5/2+) |
57 |26 |2987.95 |15 |(1/2,3/2,5/2+) |
57 |26 |3059.1 |3 |1/2+ |
57 |26 |3098.95 |15 | |
57 |26 |3110 |5 | |
57 |26 |3122.76 |21 | |
57 |26 |3134.8 |4 |(15/2)- |160 PS 7
57 |26 |3182.77 |20 |1/2-,3/2- |
57 |26 |3205.6 |5 |5/2-,7/2- |
57 |26 |3239.89 |12 |1/2+ |
57 |26 |3269.26 |13 |(13/2)+ |0.37 PS +21-11
57 |26 |3284 |5 | |
57 |26 |3301.77 |10 |(5/2-,7/2-) |
57 |26 |3322.48 |11 |1/2-,3/2- |
57 |26 |3336.59 |25 | |
57 |26 |3340.33 |18 | |
57 |26 |3345 | |7/2+,9/2+ |
57 |26 |3371.11 |16 |3/2- |
57 |26 |3427.68 |8 |3/2- |3.0 FS +6-29
57 |26 |3452 |5 | |
57 |26 |3473 |5 |5/2-,7/2- |
57 |26 |3513.8 |4 |(17/2) |0.14 PS LT
57 |26 |3535 |5 |7/2+,9/2+ |
57 |26 |3535.92 |18 | |
57 |26 |3548 |5 |7/2+,9/2+ |
57 |26 |3561.34 |12 | |
57 |26 |3608 |5 |7/2+,9/2+ |
57 |26 |3608.51 |21 | |
57 |26 |3661 |5 | |
57 |26 |3752 |5 |7/2+,9/2+ |
57 |26 |3784 |10 |7/2+,9/2+ |
57 |26 |3791.59 |9 |3/2+ |
57 |26 |3827 |10 |5/2-,7/2- |
57 |26 |3862.42 |19 | |
57 |26 |3881 |10 | |
57 |26 |3902 |10 |5/2-,7/2- |
57 |26 |3926.0 |20 |(1/2,3/2,5/2-) |
57 |26 |3936.1 |7 |5/2-,7/2- |
57 |26 |3981.18 |24 |3/2- |7 FS 12
57 |26 |4042.60 |24 |5/2-,7/2- |
57 |26 |4081 |10 | |
57 |26 |4093 |10 | |
57 |26 |4136.62 |10 |(1/2,3/2,5/2+) |
57 |26 |4138.57 |18 |5/2+ |15 FS 8
57 |26 |4144.3 |5 |(1/2,3/2,5/2+) |
57 |26 |4209.59 |12 |(3/2)- |
57 |26 |4239 |10 |3/2+,5/2+ |
57 |26 |4316 |10 |7/2+,9/2+ |
57 |26 |4363 |10 |5/2-,7/2- |
57 |26 |4378.68 |21 |(1/2,3/2,5/2-) |
57 |26 |4379.44 |19 |(1/2,3/2,5/2-) |3 FS 4
57 |26 |4432.4 |8 | |0.14 PS LT
57 |26 |4459.70 |14 |5/2-,7/2- |
57 |26 |4492 | |5/2+ |
57 |26 |4525 | |7/2+,9/2+ |
57 |26 |4525.54 |23 |(17/2+) |0.29 PS 9
57 |26 |4544 |10 |1/2+ |
57 |26 |4572.8 |5 |1/2+ |
57 |26 |4597.4 |3 |5/2+ |5 FS 8
57 |26 |4652 |10 |5/2-,7/2- |
57 |26 |4680 |10 | |
57 |26 |4691.75 |15 |(5/2+) |
57 |26 |4719 |10 | |
57 |26 |4753 |10 |5/2-,7/2- |
57 |26 |4771 |10 |3/2+,5/2+ |
57 |26 |4823.9 |5 | |10 FS LT
57 |26 |4902 |10 | |
57 |26 |4922.9 |7 |5/2+ |7 FS 10
57 |26 |4970 |20 |(5/2-,7/2-) |
57 |26 |4976 |10 |3/2+,5/2+ |
57 |26 |5019 |10 |5/2-,7/2- |
57 |26 |5064 |10 |(1/2+)&amp;(7/2-) |
57 |26 |5085 |10 | |
57 |26 |5099 | | |
57 |26 |5115 |10 |1/2+ |
57 |26 |5140.25 |20 |(1/2,3/2,5/2+) |
57 |26 |5178.44 |25 |1/2+ |
57 |26 |5195 | | |
57 |26 |5221.6 |3 |(1/2-,3/2,5/2+) |
57 |26 |5238.7 |4 |(1/2,3/2,5/2+) |
57 |26 |5250 | |1/2+ |
57 |26 |5271 |10 |1/2+ |
57 |26 |5289 | |5/2+ |
57 |26 |5334 | |7/2+,9/2+ |
57 |26 |5362.1 |9 |5/2+ |6 FS +15-6
57 |26 |5404 |10 | |
57 |26 |5422 |10 |3/2+,5/2+ |
57 |26 |5445 |10 |7/2+,9/2+ |
57 |26 |5472 |10 |3/2+,5/2+ |
57 |26 |5500 |10 |1/2+ |
57 |26 |5512 |10 | |
57 |26 |5525 |10 |1/2+ |
57 |26 |5545 | | |
57 |26 |5564 |10 |3/2+,5/2+ |
57 |26 |5590 |10 | |
57 |26 |5623 |10 | |
57 |26 |5641 |10 | |
57 |26 |5675 |10 | |
57 |26 |5688 |10 | |
57 |26 |5721 |10 |1/2+&amp;(7/2+,9/2+ |)
57 |26 |5737 |10 |1/2+ |
57 |26 |5769 |10 | |
57 |26 |5802 |10 |3/2+,5/2+ |
57 |26 |5825 | |3/2+,5/2+ |
57 |26 |5844 | |1/2+ |
57 |26 |5864 | |3/2+,5/2+ |
57 |26 |5900 | | |
57 |26 |5918 | | |
57 |26 |5936 | | |
57 |26 |5956 | |3/2+,5/2+ |
57 |26 |5983 | |3/2+to(9/2+) |
57 |26 |6025 | |3/2+,5/2+ |
57 |26 |6044 | |3/2+,5/2+ |
57 |26 |6083 | | |
57 |26 |6103 | |7/2+,9/2+ |
57 |26 |6130 | |1/2+ |
57 |26 |6148 | | |
57 |26 |6171 | |3/2+,5/2+ |
57 |26 |6187.1 |3 |(21/2+) |0.11 PS 4
57 |26 |6194 | |7/2+,9/2+ |
57 |26 |6212 | |1/2+ |
57 |26 |6230 | |3/2+,5/2+ |
57 |26 |6252 | |7/2+,9/2+ |
57 |26 |6270 | |7/2+,9/2+ |
57 |26 |6305 | | |
57 |26 |6323 | | |
57 |26 |6340 | | |
57 |26 |6370 | |3/2+,5/2+ |
57 |26 |6408 | |3/2+,5/2+ |
57 |26 |6427 | |3/2+,5/2+ |
57 |26 |6496 | | |
57 |26 |6512 | |3/2+,5/2+ |
57 |26 |6542 | |1/2+ |
57 |26 |6571 | |3/2+,5/2+ |
57 |26 |6589 | |3/2+,5/2+ |
57 |26 |6640 | |3/2+,5/2+ |
57 |26 |6672 | |3/2+,5/2+ |
57 |26 |6703 | |3/2+,5/2+ |
57 |26 |6725 | | |
57 |26 |7646.7 |7 |1/2- |
57 |26 |8323.0 |5 |(25/2+) |0.14 PS LT
57 |26 |10.45E+3 |5 |(7/2-) |
58 |26 |0.0 | |0+ |STABLE
58 |26 |810.7662 |20 |2+ |6.54 PS 19
58 |26 |1674.731 |6 |2+ |1.6 PS 4
58 |26 |2076.52 |3 |4+ |0.28 PS 4
58 |26 |2133.895 |21 |3+ |2.2 PS 7
58 |26 |2257.95 |21 |0+ |2.5 PS GT
58 |26 |2600.397 |25 |4+ |0.55 PS 18
58 |26 |2782.14 |19 |1+ |0.18 PS 3
58 |26 |2864.72 |12 |(5) |3.1 PS 14
58 |26 |2876.34 |13 |2+ |0.095 PS 14
58 |26 |2970 |30 |(5-) |
58 |26 |3083.69 |19 |2+ |0.031 PS 6
58 |26 |3134 |5 |4+ |
58 |26 |3233.26 |6 |2+ |0.22 PS 5
58 |26 |3243.97 |23 |0+ |31 FS +67-14
58 |26 |3389 |30 |2+ |
58 |26 |3449.7 |3 |(4+) |0.36 PS +13-8
58 |26 |3537.97 |15 |1+ |8 FS 3
58 |26 |3543 |5 |2+ |
58 |26 |3596.90 |14 |6+ |0.20 PS 7
58 |26 |3629.60 |23 |2+ |8 FS 4
58 |26 |3754.2 |4 |(4)+ |0.013 PS LT
58 |26 |3789.49 |18 |(5-) |0.026 PS +6-4
58 |26 |3854 |10 |2+ |
58 |26 |3860.9 |7 |3- |0.090 PS +35-21
58 |26 |3880.1 |3 |1+ |4 FS LT
58 |26 |3886.40 |15 |6+ |0.48 PS 10
58 |26 |3901.62 |7 |(3)+ |0.031 PS 7
58 |26 |4010.8 | |2+ |
58 |26 |4015.01 |24 |1+ |0.008 PS +4-3
58 |26 |4088.49 |17 |4+ |0.06 PS +8-3
58 |26 |4139.24 |25 |1+ |2.8 FS 21
58 |26 |4158 |10 |0+ |
58 |26 |4214.64 |15 |(5+) |0.45 PS +14-10
58 |26 |4230 |30 |4- |
58 |26 |4237 |10 |(2+) |
58 |26 |4297.8 |5 |2+ |2.8 FS 21
58 |26 |4312.92 |9 |2+ |11 FS 7
58 |26 |4322.5 |3 |1+ |
58 |26 |4340 |20 |(5-,4+) |
58 |26 |4348 |10 |2+ |
58 |26 |4350 |20 |(0+) |
58 |26 |4352.7 |7 |1+ |
58 |26 |4398 |10 | |
58 |26 |4438 |10 |2-,3- |
58 |26 |4440 |20 |3-,4- |
58 |26 |4444.3 |5 |1+ |6 FS +28-6
58 |26 |4450 |20 |(0+) |
58 |26 |4468 |10 |3- |
58 |26 |4493.1 |3 | |
58 |26 |4514 |10 |(3+,2+) |
58 |26 |4530.15 |23 |1,2 |
58 |26 |4550.37 |24 |1+ |21 FS 7
58 |26 |4590.0 |4 |(2+,3,4+) |
58 |26 |4610 |20 |3-,4- |
58 |26 |4620 |10 |2+ |
58 |26 |4661 |10 | |
58 |26 |4669.38 |14 |(7+) |0.38 PS +12-6
58 |26 |4711 |10 |(2)+ |
58 |26 |4720 |20 |1- |
58 |26 |4809 |10 |(5-) |
58 |26 |4833.89 |25 |1+,2+ |
58 |26 |4890 |20 |2+ |
58 |26 |4937 |10 |2+ |
58 |26 |4990 | |(2+,3-) |
58 |26 |5000.23 |18 |1+ |3.0 FS 10
58 |26 |5020 |20 |5- |
58 |26 |5060 |20 |2+ |
58 |26 |5138 |10 |0+ |
58 |26 |5164 |10 | |
58 |26 |5213 |10 |2+ |
58 |26 |5220.9 |5 |1,2 |0.38 PS LT
58 |26 |5236 |10 | |
58 |26 |5254 |10 |3- |
58 |26 |5294.8 |6 |(1+,2,3+) |3.5 FS 28
58 |26 |5315 |10 |3-,4- |
58 |26 |5343.33 |22 |8+ |0.42 PS +10-8
58 |26 |5370 |10 |(4+,5-) |
58 |26 |5400 |50 |- |
58 |26 |5406 |10 |0+ |
58 |26 |5417.6 |6 |(1+,2,3-) |0.7 FS LT
58 |26 |5462 |10 |(2+) |
58 |26 |5502.9 |10 |(8+) |0.14 PS LT
58 |26 |5506 |10 | |
58 |26 |5523.0 |22 |0+ |
58 |26 |5620 |10 |0+ |
58 |26 |5655 |10 |2+ |
58 |26 |5716 |10 |3-,4- |
58 |26 |5734 |10 |2+ |
58 |26 |5763 |10 | |
58 |26 |5788 |10 |(2+,3-) |
58 |26 |5817 |10 |(2-,3-) |
58 |26 |5830 |20 |0+ |
58 |26 |5832.08 |23 |(9+) |0.40 PS +15-4
58 |26 |5857 |10 |(2-,3-) |
58 |26 |5880 |20 |(2+,3-) |
58 |26 |5887 |10 |(0-,1-) |
58 |26 |5914 |10 | |
58 |26 |5952 |10 |(2+) |
58 |26 |5989 |10 | |
58 |26 |6030 |10 | |
58 |26 |6032.9 |5 |(9+) |
58 |26 |6054 |10 | |
58 |26 |6100 |50 |3-,4- |
58 |26 |6146 |10 |2+ |
58 |26 |6168 |10 |(0+) |
58 |26 |6202 |10 |3-,4- |
58 |26 |6238 |10 |(1-,2+) |
58 |26 |6279 |10 |(1-,2+) |
58 |26 |6282.7 |5 |(9+) |0.14 PS LT
58 |26 |6295 |10 |(5-) |
58 |26 |6328 |10 | |
58 |26 |6348 |10 | |
58 |26 |6370 |10 | |
58 |26 |6400 |10 |(6+,7-) |
58 |26 |6436 |10 |1- |
58 |26 |6450 |10 |0+ |
58 |26 |6476 |10 | |
58 |26 |6532 |10 | |
58 |26 |6558 |10 | |
58 |26 |6580 |20 |(6+) |
58 |26 |6593 |10 | |
58 |26 |6615 |10 | |
58 |26 |6636 |10 | |
58 |26 |6650 |20 |0+ |
58 |26 |6679 |10 |(3-,2-) |
58 |26 |6741 |10 | |
58 |26 |6760 |20 |0+ |
58 |26 |6771 |10 | |
58 |26 |6789 |10 | |
58 |26 |6842 |10 | |
58 |26 |6870 |20 |(5-) |
58 |26 |6909 |10 |1- |
58 |26 |6953 |10 |2+ |
58 |26 |7023 |10 | |
58 |26 |7028 |10 | |
58 |26 |7048 |10 |(1-,2+) |
58 |26 |7060 |10 | |
58 |26 |7094 |10 | |
58 |26 |7124 |10 |0+ |
58 |26 |7166 |10 |1- |
58 |26 |7199 |10 | |
58 |26 |7230 |10 | |
58 |26 |7242.6 |9 |(10+) |0.14 PS LT
58 |26 |7272 |10 | |
58 |26 |7289 |10 | |
58 |26 |7351 |10 | |
58 |26 |7380 |50 |(8+) |
58 |26 |7429 |10 |(0-,1-) |
58 |26 |7456.7 |5 |(10+) |
58 |26 |7457 |10 | |
58 |26 |7473 |10 | |
58 |26 |7492 |10 | |
58 |26 |7507 |10 | |
58 |26 |7534 |10 | |
58 |26 |7567 |10 | |
58 |26 |7578 |10 | |
58 |26 |7585 |10 | |
58 |26 |7605 |10 | |
58 |26 |7628 |10 | |
58 |26 |7653 |10 | |
58 |26 |7680 |10 | |
58 |26 |7690 |10 | |
58 |26 |7731.3 |5 |(11+) |0.14 PS LT
58 |26 |7734 |10 | |
58 |26 |7775 |10 | |
58 |26 |7797 |10 | |
58 |26 |7824 |10 | |
58 |26 |7846 |10 | |
58 |26 |7883 |10 | |
58 |26 |7901 |10 | |
58 |26 |7918 |10 | |
58 |26 |7946 |10 | |
58 |26 |7974 |10 | |
58 |26 |7997 |10 | |
58 |26 |8018 |10 | |
58 |26 |8045 |10 | |
58 |26 |8065 |10 | |
58 |26 |8084 |10 | |
58 |26 |8100 |10 | |
58 |26 |8121 |10 | |
58 |26 |8137 |10 | |
58 |26 |8157 |10 | |
58 |26 |8182 |10 | |
58 |26 |8310 |50 |(6+) |
58 |26 |9444.8 |6 |(12+) |
58 |26 |9939.1 |9 | |
58 |26 |9984.5 |7 |(12) |
58 |26 |10041.05 |18 |1- |
58 |26 |10044.31 |19 |1- |
58 |26 |10046.20 |18 |2+ |
58 |26 |10048.48 |18 |0- |
58 |26 |10049.26 |18 |+ |
58 |26 |10050.71 |18 |1- |
58 |26 |10051.69 |18 |(+) |
58 |26 |10052.40 |18 |(+) |
58 |26 |10052.97 |18 |(+) |
58 |26 |10053.64 |18 |(+) |
58 |26 |10056.48 |18 |(+) |
58 |26 |10057.17 |18 |(+) |
58 |26 |10057.68 |18 |(+) |
58 |26 |10058.30 |18 |1- |
58 |26 |10058.49 |18 | |
58 |26 |10062.34 |18 |(+) |
58 |26 |10062.52 |18 |(-) |
58 |26 |10062.98 |18 |(+) |
58 |26 |10065.28 |18 |(+) |
58 |26 |10065.52 |18 |(-) |
58 |26 |10065.6 |3 | |
58 |26 |10069.94 |18 | |
58 |26 |10071.33 |18 |(+) |
58 |26 |10072.73 |18 |(-) |
58 |26 |10073.14 |19 |1- |
58 |26 |10075.4 |9 |(13+) |0.14 PS LT
58 |26 |10075.98 |18 |(+) |
58 |26 |10079.18 |18 | |
58 |26 |10081.07 |18 |(+) |
58 |26 |10081.83 |18 |(+) |
58 |26 |10083.30 |18 |(-) |
58 |26 |10083.71 |19 |(+) |
58 |26 |10085.28 |20 |1- |
58 |26 |10085.8 |18 |(+) |
58 |26 |10086.2 |18 | |
58 |26 |10087.4 |19 | |
58 |26 |10090.8 |18 |1- |
58 |26 |10093.66 |19 |(+) |
58 |26 |10094.64 |19 | |
58 |26 |10096.39 |19 | |
58 |26 |10096.56 |19 |(-) |
58 |26 |10099.44 |19 |0- |
58 |26 |10099.80 |19 |(+) |
58 |26 |10102.40 |19 | |
58 |26 |10102.51 |18 | |
58 |26 |10104.59 |22 |1- |
58 |26 |10105.53 |19 | |
58 |26 |10105.77 |19 | |
58 |26 |10106.49 |19 | |
58 |26 |10107.44 |19 | |
58 |26 |10107.71 |19 | |
58 |26 |10110.19 |19 | |
58 |26 |10111.48 |19 | |
58 |26 |10114.80 |19 | |
58 |26 |10116.03 |19 | |
58 |26 |10117.60 |18 | |
58 |26 |10120.16 |23 |1- |
58 |26 |10123.50 |20 | |
58 |26 |10126.30 |20 | |
58 |26 |10127.60 |20 | |
58 |26 |10130.32 |20 | |
58 |26 |10131.34 |20 | |
58 |26 |10133.01 |20 | |
58 |26 |10134.35 |20 | |
58 |26 |10136.36 |20 | |
58 |26 |10136.67 |20 |1- |
58 |26 |10136.93 |20 | |
58 |26 |10137.65 |20 | |
58 |26 |10139.22 |20 | |
58 |26 |10140.99 |20 | |
58 |26 |10141.73 |20 | |
58 |26 |10142.73 |20 | |
58 |26 |10143.94 |20 | |
58 |26 |10144.63 |20 |(+) |
58 |26 |10146.76 |20 | |
58 |26 |10147.98 |21 | |
58 |26 |10148.63 |21 | |
58 |26 |10149.57 |21 | |
58 |26 |10150.33 |21 | |
58 |26 |10150.82 |21 | |
58 |26 |10152.1 |3 |1- |
58 |26 |10152.9 |3 |1- |
58 |26 |10153.76 |21 | |
58 |26 |10155.43 |21 | |
58 |26 |10156.20 |21 | |
58 |26 |10157.10 |22 | |
58 |26 |10161.72 |22 |(+) |
58 |26 |10163.98 |22 | |
58 |26 |10166.42 |22 | |
58 |26 |10167.4 |3 |1- |
58 |26 |10168.4 |3 |0- |
58 |26 |10169.09 |22 | |
58 |26 |10171.84 |22 |1- |
58 |26 |10172.53 |22 | |
58 |26 |10174.10 |22 | |
58 |26 |10176.36 |22 | |
58 |26 |10176.8 |3 |0- |
58 |26 |10177.52 |22 | |
58 |26 |10182.9 |3 |0- |
58 |26 |10190.81 |23 | |
58 |26 |10192.23 |23 | |
58 |26 |10192.68 |23 | |
58 |26 |10196.87 |23 | |
58 |26 |10200.15 |24 | |
58 |26 |10201.72 |24 | |
58 |26 |10206.53 |25 | |
58 |26 |10208.23 |25 | |
58 |26 |10208.7 |4 |1- |
58 |26 |10208.99 |25 | |
58 |26 |10210.46 |25 | |
58 |26 |10210.66 |25 |1- |
58 |26 |10210.97 |23 | |
58 |26 |10217.83 |25 |0- |
58 |26 |10221.37 |25 | |
58 |26 |10227.1 |4 |1- |
58 |26 |10228.15 |3 | |
58 |26 |10230.8 |3 | |
58 |26 |10234.9 |3 | |
58 |26 |10238.4 |3 | |
58 |26 |10240.0 |3 | |
58 |26 |10241.2 |3 | |
58 |26 |10353.8 |9 | |
58 |26 |11857.0 |8 |(14+) |
58 |26 |11911.0 |9 | |
58 |26 |12813.3 |16 |(15+) |
59 |26 |0.0 | |3/2- |44.495 D 9
59 |26 |287.021 |19 |1/2- |
59 |26 |472.74 |8 |5/2- |
59 |26 |570.86 |4 |(5/2)- |
59 |26 |613.04 |16 | |
59 |26 |642.8 |3 | |
59 |26 |726.41 |5 |3/2- |
59 |26 |1023.14 |10 |7/2- |
59 |26 |1077.79 |12 |1/2-,3/2- |
59 |26 |1162.08 |4 |3/2- |
59 |26 |1211.33 |11 |1/2- |
59 |26 |1517.23 |17 |9/2+ |145 PS 25
59 |26 |1569.90 |8 |5/2- |
59 |26 |1648 |10 |5/2+ |
59 |26 |1749.78 |14 |3/2-,5/2- |
59 |26 |1918.90 |5 |3/2,5/2+ |
59 |26 |1961.96 |6 |1/2- |
59 |26 |2161.9 |9 |1/2,3/2,5/2+ |
59 |26 |2277.9 |4 | |
59 |26 |2312.24 |22 |(13/2+) |4.7 PS 6
59 |26 |2322.4 |6 |1/2,3/2,5/2+ |
59 |26 |2348.2 |4 |(1/2,3/2,5/2-) |
59 |26 |2349.0 |9 |(7/2)- |
59 |26 |2390 |10 | |
59 |26 |2447.27 |6 |(3/2) |
59 |26 |2493.8 |4 |(7/2-,9/2-) |
59 |26 |2569.9 |6 |3/2- |
59 |26 |2735 |10 | |
59 |26 |2756.9 |7 |1/2,3/2,5/2+ |
59 |26 |2810.27 |16 |1/2- |
59 |26 |2856 |10 |1/2- |
59 |26 |2947 |10 |3/2-,5/2- |
59 |26 |2990 |10 | |
59 |26 |3020 |10 | |
59 |26 |3070.6 |4 |3/2- |
59 |26 |3104.4 |3 |3/2- |
59 |26 |3159.67 |16 |3/2- |
59 |26 |3169 |10 | |
59 |26 |3194 |10 | |
59 |26 |3225 |AP |1/2+,3/2+ |
59 |26 |3239.6 |3 |1/2,3/2,5/2+ |
59 |26 |3280 |10 |3/2-,5/2- |
59 |26 |3311 |10 | |
59 |26 |3384.3 |7 |3/2- |
59 |26 |3452 |10 | |
59 |26 |3543 |AP |3/2-,5/2- |
59 |26 |3559.7 |7 | |0.4 PS GT
59 |26 |3565 |10 | |
59 |26 |3600 |10 | |
59 |26 |3639 |10 | |
59 |26 |3668 |10 | |
59 |26 |3734 |10 | |
59 |26 |3737.8 |7 |(15/2) |0.3 PS LT
59 |26 |3824 |10 | |
59 |26 |3872 |10 | |
59 |26 |3921 |10 | |
59 |26 |3989 |10 | |
59 |26 |4045 |10 | |
59 |26 |4083 |10 | |
59 |26 |4124 |10 | |
59 |26 |4159 |10 | |
59 |26 |4181 |10 | |
59 |26 |4224 |10 | |
59 |26 |4277 |10 | |
59 |26 |4377 |10 | |
59 |26 |4409 |10 | |
59 |26 |4423 |10 | |
59 |26 |4516 |10 | |
59 |26 |4541 |10 | |
59 |26 |4580 |10 | |
59 |26 |4629 |10 | |
59 |26 |4650 |10 | |
59 |26 |4660 |10 | |
59 |26 |4686 |10 | |
59 |26 |4770 |10 | |
59 |26 |4830 |10 | |
59 |26 |4870 |10 | |
59 |26 |4985.2 |9 | |0.4 PS GT
60 |26 |0.0 | |0+ |2.62E+6 Y 4
60 |26 |823.83 |9 |2+ |7.9 PS 8
60 |26 |1974.0 |5 |0+ |
60 |26 |2114.60 |12 |4+ |0.83 PS 21
60 |26 |2299.67 |11 | |
60 |26 |2356.2 |10 |0+ |
60 |26 |2672.9 |9 |2+ |
60 |26 |2755.9 |10 |2+ |
60 |26 |2792.68 |11 |3+,4+ |
60 |26 |3038.9 |10 |2+ |
60 |26 |3072.01 |23 |4+ |
60 |26 |3193.51 |24 | |
60 |26 |3293 |4 |3- |
60 |26 |3307.9 |9 | |
60 |26 |3352.9 |6 | |
60 |26 |3486.02 |24 | |
60 |26 |3498.6 |10 |(4+) |
60 |26 |3516.15 |18 |(5-) |49 PS 21
60 |26 |3520 |50 |(4+) |
60 |26 |3520.12 |22 |6+ |
60 |26 |3562 |5 |(3-) |
60 |26 |3582.21 |18 |(6+) |
60 |26 |3635 |4 |2+ |
60 |26 |3647.9 |9 | |
60 |26 |3698 |5 |0+ |
60 |26 |3713.9 |10 | |
60 |26 |3867 |5 |3- |
60 |26 |3874.9 |9 | |
60 |26 |3904.5 |3 |(6+) |
60 |26 |3929.9 |10 |2+ |
60 |26 |3931.87 |18 |6+ |
60 |26 |3958.20 |18 |6(-) |0.4 PS GT
60 |26 |3959.13 |25 |(7+) |
60 |26 |4053 |8 |3- |
60 |26 |4176 |8 |2+ |
60 |26 |4280 |8 |3- |
60 |26 |4296.49 |18 |7(-) |0.4 PS GT
60 |26 |4298.2 |4 | |
60 |26 |4358.30 |18 |7(-) |
60 |26 |4359.5 |3 |5- |
60 |26 |4440 |10 |3- |
60 |26 |4451.4 |3 |6+ |
60 |26 |4503 |10 |4+ |
60 |26 |4650 |10 |2+ |
60 |26 |4755 |9 |(3-) |
60 |26 |4958 |9 |4+ |
60 |26 |5006.08 |19 |8(-) |0.8 PS +13-4
60 |26 |5029 |10 |4+ |
60 |26 |5103 |10 |2+ |
60 |26 |5218 |16 |3- |
60 |26 |5310 |AP |(5-) |
60 |26 |5333.39 |19 |8+ |
60 |26 |5434 |17 | |
60 |26 |5528.75 |20 |9(-) |
60 |26 |5549.6 |5 |8+ |
60 |26 |5596 |18 | |
60 |26 |5620 |AP |(7-) |
60 |26 |5754.62 |19 |9- |
60 |26 |6314.7 |5 | |
60 |26 |6475.27 |21 |10+ |
60 |26 |6550.10 |21 |10(-) |
60 |26 |6578.62 |22 | |
60 |26 |6620 |AP |(8+,6+) |
60 |26 |6740.1 |4 |(9,10) |
60 |26 |6944.4 |5 | |
60 |26 |7003.4 |6 | |
60 |26 |7243.13 |24 | |
60 |26 |7250.07 |23 |11(-) |
60 |26 |7631.9 |4 |11(-) |
60 |26 |7664.9 |3 | |
60 |26 |7890.41 |22 |11 |
60 |26 |8059.49 |23 |12+ |
60 |26 |8536.5 |3 |12(-) |
60 |26 |8920.2 |5 | |
60 |26 |8974.4 |7 | |
60 |26 |9503.2 |4 |(13-) |
60 |26 |9559.43 |25 |13 |
60 |26 |9995.83 |25 |14+ |
60 |26 |10670.4 |13 | |
60 |26 |10721.0 |8 |(14-) |
60 |26 |11810.5 |6 |15 |
60 |26 |12116.2 |11 |(15-) |
60 |26 |12319.0 |16 |(16+) |
60 |26 |12833.1 |17 |(16-) |
60 |26 |14583.4 |15 |(17-) |
60 |26 |14984.6 |17 |(18+) |
60 |26 |17956 |4 |(20+) |
61 |26 |0.0 | |(3/2-) |5.98 M 6
61 |26 |206.92 |5 |(5/2-) |
61 |26 |391.30 |6 |(1/2-) |
61 |26 |629.09 |7 |(3/2-) |
61 |26 |861.67 |11 |(9/2+) |238 NS 5
61 |26 |959.53 |9 |(7/2-) |
61 |26 |1013.07 |8 |(1/2-) |
61 |26 |1160.98 |7 |(5/2-) |
61 |26 |1252.87 |7 |(3/2-) |
61 |26 |1262.47 |8 |(3/2,5/2,7/2-) |
61 |26 |1477.27 |11 |(9/2-) |
61 |26 |1650.12 |17 |(13/2+) |
61 |26 |1705.2 |5 |(1/2-,9/2-) |
61 |26 |1893.12 |11 |(3/2,5/2-) |
61 |26 |1929.01 |10 |(3/2,5/2-) |
61 |26 |2143.73 |7 |(3/2-,5/2-) |
61 |26 |2510.59 |8 |(3/2-,5/2-) |
61 |26 |2716.98 |15 |(5/2-,7/2) |
61 |26 |2964.4 |5 |(3/2,5/2,7/2) |
61 |26 |2992.4 |5 |(17/2+) |
61 |26 |3049.2 |3 |(5/2-,7/2) |
61 |26 |3079.99 |22 |(3/2,5/2,7/2-) |
61 |26 |3513.5 |4 |(3/2,5/2-) |
61 |26 |3528.6 |4 |(17/2+,15/2+) |
61 |26 |3541.2 |7 | |
61 |26 |3714.3 |7 | |
61 |26 |4144.3 |5 |(19/2+) |
61 |26 |4292.2 |5 |(19/2+,17/2+) |
61 |26 |4675.2 |6 |(21/2+) |
62 |26 |0.0 | |0+ |68 S 2
62 |26 |877.31 |10 |2+ |5.3 PS 6
62 |26 |1692.3 |20 |(0+) |
62 |26 |2016.98 |18 |(2+) |
62 |26 |2176.47 |14 |(4+) |
62 |26 |2691.62 |16 |(3+) |
62 |26 |2849.72 |24 | |
62 |26 |3008.9 |5 |(4-) |
62 |26 |3015.7 |5 |(5-) |
62 |26 |3310.0 |7 |(6-) |
62 |26 |3360.3 |15 | |
62 |26 |3387.84 |17 |(6+) |
62 |26 |3604.87 |19 |(7-) |
62 |26 |3629.4 |3 | |
62 |26 |3633.48 |18 |(4+) |
62 |26 |3661.7 |15 | |
62 |26 |3713.7 |15 | |
62 |26 |4050.7 |4 |(2+,3,4+) |
62 |26 |4251.77 |20 |(8+) |
62 |26 |4358.84 |25 |(8-) |
62 |26 |4902.2 |4 |(9-) |
62 |26 |4970 |80 | |
62 |26 |5319.5 |3 |(10+) |
62 |26 |5474 | | |
63 |26 |0.0 | |(5/2-) |6.1 S 6
63 |26 |0+X | |(9/2+) |
63 |26 |356.2 |2 |(3/2-) |
63 |26 |819.0+X |4 |(13/2+) |
63 |26 |2223.1+X |7 |(17/2+) |
64 |26 |0.0 | |0+ |2.0 S 2
64 |26 |746.40 |10 |2+ |
64 |26 |1443.6 |7 |(1+,2+) |
64 |26 |1763.12 |14 |4+ |
64 |26 |1853.1 |5 |(1+,2+) |
64 |26 |2116.6 |6 |(1+,2+) |
64 |26 |2840.93 |25 |(5-) |
64 |26 |2842.0 |4 |(6+) |
64 |26 |3093.3 |8 |(0+,1+,2+) |
64 |26 |3306.7 |6 |(1+,2+) |
64 |26 |3316.9 |9 |(0+,1+,2+) |
64 |26 |3422.9 |4 |(7-) |
64 |26 |3528.9 |4 |(6,7,8+) |
64 |26 |3623.0 |4 |(8+) |
64 |26 |4226.8 |5 |(1+,2+) |
64 |26 |4628.4 |6 |(10+) |
65 |26 |0 | |(1/2-) |0.81 S 5
65 |26 |364 | |(3/2+) |0.43 US 13
65 |26 |397 | |(5/2-) |
65 |26 |402 |5 |(9/2+) |1.12 S 15
65 |26 |1173.6 | |(13/2+) |
65 |26 |2291.9 | | |
66 |26 |0.0 | |0+ |440 MS 60
66 |26 |574.4 |10 |(2+) |
66 |26 |1407 |6 |(4+) |
67 |26 |0 | |(5/2+) |0.6 S +2-1
67 |26 |367 | |(5/2-) |
67 |26 |387 | |(1/2-) |75 US 21
68 |26 |0.0 | |0+ |188 MS 4
68 |26 |522.0 |10 |(2+) |
68 |26 |1389.0 |14 |(4+) |
69 |26 |0.0 | | |110 MS 5
70 |26 |0.0 | |0+ |94 MS 17
71 |26 |0 | | |28 MS 5
72 |26 |0.0 | |0+ |150 NS GE
73 |26 |0 | | |633 NS GT
74 |26 |0 | |0+ |638 NS GT
75 |26 |0.0 | | |620 NS GT
