50 |27 |0.0 | |(6+) |38.8 MS 2
50 |27 |4835 |47 |(0)+ |
51 |27 |0.0 | |(7/2-) |200 NS GT
52 |27 |0 | |(6+) |115 MS 23
52 |27 |2320 |AP |(0)+ |
53 |27 |0.0 | |(7/2-) |240 MS 9
53 |27 |1327.0 |9 |(9/2-) |
53 |27 |2367.0 |9 |(11/2-) |
53 |27 |3197 |29 |(19/2-) |247 MS 12
53 |27 |3261.1 |13 |(13/2-) |
53 |27 |3581.1 |17 |(15/2-) |
53 |27 |4115.1 |20 |(17/2-) |
53 |27 |4390 | |(7/2-) |
54 |27 |0.0 | |0+ |193.28 MS 7
54 |27 |197.1 |4 |7+ |1.48 M 2
54 |27 |936.90 |15 |1+ |
54 |27 |1445.66 |15 |2+ |
54 |27 |1614.09 |17 |1+ |
54 |27 |1821.51 |21 |3+ |
54 |27 |1887.0 |3 |5+ |
54 |27 |2010 | |1+ |
54 |27 |2082.8 |3 |(5+) |
54 |27 |2086 | |(5+) |
54 |27 |2149.3 |5 |5+ |
54 |27 |2173.66 |18 |3+ |
54 |27 |2277.6 |6 |(3+) |
54 |27 |2289.27 |25 |(3) |
54 |27 |2350 | |1+ |
54 |27 |2390 | | |
54 |27 |2424.6 |3 |1+ |
54 |27 |2651.98 |24 |4+ |
54 |27 |2657.2 |9 | |
54 |27 |2758 | | |
54 |27 |2839 |4 | |
54 |27 |2851.3 |3 |4+ |
54 |27 |2911.6 |4 |(6+) |
54 |27 |2915.8 |11 | |
54 |27 |2919.2 |11 |(3) |
54 |27 |2979 |5 | |
54 |27 |3045 | | |
54 |27 |3085 |4 | |
54 |27 |3094.7 |8 | |
54 |27 |3109.2 |8 | |
54 |27 |3128 |4 | |
54 |27 |3142.6 |7 | |
54 |27 |3155.6 |6 | |
54 |27 |3166.5 |11 | |
54 |27 |3170.5 |18 |(9+) |
54 |27 |3266.2 |10 | |
54 |27 |3306.8 |11 | |
54 |27 |3326.0 |11 | |
54 |27 |3346.0 |11 | |
54 |27 |3363.5 |18 |8+ |
54 |27 |3376.1 |10 |1+ |
54 |27 |3399.3 |9 | |
54 |27 |3504.0 |11 | |
54 |27 |3680 |20 | |
54 |27 |3794 |5 | |
54 |27 |3889.6 |2 |1+ |
54 |27 |4000 | | |
54 |27 |4078.3 |11 | |
54 |27 |4130 | |1+ |
54 |27 |4293.4 |10 |1+ |
54 |27 |4323.0 |7 |1+ |
54 |27 |4420 | | |
54 |27 |4543.8 |4 |1+ |
54 |27 |4727.6 |20 |(11+) |
54 |27 |4822.8 |7 |1+ |
54 |27 |5046.5 |19 |10+ |
54 |27 |5115 | | |
54 |27 |5189 | | |
54 |27 |5202.4 |5 |1+ |
54 |27 |5294 | |1+ |
54 |27 |5358.4 |20 |10+ |
54 |27 |5470 | |1+ |
54 |27 |5762 | | |
54 |27 |5857 | | |
54 |27 |5917 | |1+ |
54 |27 |6092 | | |
54 |27 |6127 | |1+ |
54 |27 |6250 | | |
54 |27 |6372 | | |
54 |27 |6476 | |1+ |
54 |27 |6541 | | |
54 |27 |6805 | |1+ |
54 |27 |6897 |4 |(11+) |
54 |27 |7149 | |1+ |
54 |27 |7241.5 |23 |(12+) |
54 |27 |7250 |20 | |
54 |27 |7404 | | |
54 |27 |7454 |3 |8+ to 10+ |
54 |27 |7466 | |1+ |
54 |27 |7486 | | |
54 |27 |7560 | | |
54 |27 |7660 | | |
54 |27 |7730 | |1+ |
54 |27 |7877 | | |
54 |27 |7963 | |1+ |
54 |27 |8038 | | |
54 |27 |8089 | | |
54 |27 |8170 | | |
54 |27 |8290 | |1+ |
54 |27 |8332 |3 |(12+) |
54 |27 |8341 | | |
54 |27 |8417 | | |
54 |27 |8418 |3 |13+ |
54 |27 |8713 | | |
54 |27 |8790 | |1+ |
54 |27 |8823 |4 | |
54 |27 |8827 | | |
54 |27 |8877 | | |
54 |27 |8962 | | |
54 |27 |8991 | | |
54 |27 |9014 | |1+ |
54 |27 |9074 | | |
54 |27 |9105 | | |
54 |27 |9154 | | |
54 |27 |9236 | | |
54 |27 |9271 | | |
54 |27 |9367 | |1+ |
54 |27 |9440 | | |
54 |27 |9509 | | |
54 |27 |9680 | |1+ |
54 |27 |9689 |5 |(13+) |
54 |27 |9750 | | |
54 |27 |9810 | | |
54 |27 |9865 | | |
54 |27 |9930 | | |
54 |27 |9982 | | |
54 |27 |9994 |5 |(13+) |
54 |27 |10067 | |1+ |
54 |27 |10093 | | |
54 |27 |10146 | | |
54 |27 |10180 | | |
54 |27 |10209 | |1+ |
54 |27 |10252 |6 | |
54 |27 |10305 | | |
54 |27 |10384 | | |
54 |27 |10465 | | |
54 |27 |10486 |3 |(14+) |
54 |27 |10507 |8 | |
54 |27 |10562 | | |
54 |27 |10644 | | |
54 |27 |10719 | | |
54 |27 |10971 | | |
54 |27 |11050 | | |
54 |27 |11108 | | |
54 |27 |11229 | | |
54 |27 |11280 | | |
54 |27 |11393 | | |
54 |27 |11433 | | |
54 |27 |11498 | | |
54 |27 |11573 | | |
54 |27 |11660 | | |
54 |27 |11759 | | |
54 |27 |11896 | | |
54 |27 |12210 | | |
54 |27 |13440 | | |
55 |27 |0.0 | |7/2- |17.53 H 3
55 |27 |2165.89 |5 |3/2- |98 FS 8
55 |27 |2565.85 |3 |3/2- |0.39 PS 9
55 |27 |2659.48 |6 |5/2- |21 FS 3
55 |27 |2918.58 |6 |7/2- |47 FS 11
55 |27 |2922.25 |12 |1/2+ |49 FS +180-3
55 |27 |2939.10 |8 |1/2- |120 FS 49
55 |27 |2960.1 |4 | |
55 |27 |2973.47 |20 |11/2- |
55 |27 |2976.34 |18 |9/2-,(7/2) |49 FS 18
55 |27 |2990 |80 |(3/2)- |
55 |27 |3303.11 |7 |5/2- |52 FS 11
55 |27 |3323.23 |10 |1/2- |44 FS 5
55 |27 |3335 |20 |(5/2)- |
55 |27 |3552.9 |10 |(3/2,5/2) |
55 |27 |3562.98 |6 |(3/2+) |30 FS +42-14
55 |27 |3643.01 |8 |3/2- |240 FS +99-71
55 |27 |3650 | |1/2-,3/2- |
55 |27 |3682 |2 | |
55 |27 |3704 |10 |1/2-,3/2- |
55 |27 |3725.01 |7 |5/2- |40 FS 6
55 |27 |3736.54 |22 |13/2- |
55 |27 |3774.61 |22 |15/2- |
55 |27 |3859.28 |14 | |71 FS +57-21
55 |27 |3866 |20 | |
55 |27 |3870.9 |7 |1/2-,3/2- |
55 |27 |3933 | |(3/2-) |
55 |27 |3942.09 |11 |1/2-,3/2- |120 FS GT
55 |27 |3980 | | |
55 |27 |4164.24 |12 |1/2- |32 FS 4
55 |27 |4177.33 |9 |5/2- |11 FS 3
55 |27 |4264.1 |4 | |
55 |27 |4325.3 |13 | |
55 |27 |4339.2 |9 | |
55 |27 |4474.0 |3 | |
55 |27 |4490.6 |13 | |
55 |27 |4513.78 |24 |17/2- |
55 |27 |4537.0 |14 | |
55 |27 |4548.28 |10 |5/2- |31 FS 7
55 |27 |4587.50 |23 | |
55 |27 |4628.23 |12 |1/2-,3/2- |9 FS 4
55 |27 |4686.3 |4 |15/2- |
55 |27 |4712.6 |7 |1/2-,3/2- |0.21 PS +14-10
55 |27 |4721.44 |10 |3/2- |21 FS LT
55 |27 |4748.13 |10 |3/2- |21 FS 7
55 |27 |4851.3 |8 | |
55 |27 |4872.5 |6 | |
55 |27 |4882.5 |15 | |
55 |27 |4903.5 |15 | |
55 |27 |4920.8 |5 |(15/2-) |
55 |27 |4961.10 |20 |(1/2) |6 FS 4
55 |27 |4988.21 |15 | |4 FS LT
55 |27 |5064.8 | | |
55 |27 |5081 | | |
55 |27 |5099.26 |21 | |11 FS LT
55 |27 |5122.11 |17 | |
55 |27 |5172.55 |15 |1/2- |7 FS +7-3
55 |27 |5188.8 |15 |(1/2)- |
55 |27 |5242 |10 | |
55 |27 |5258.99 |16 | |11 FS 6
55 |27 |5267.9 |16 | |
55 |27 |5293.0 |7 | |
55 |27 |5309.5 |15 | |
55 |27 |5320 |80 |5/2-,7/2- |
55 |27 |5351.00 |25 | |
55 |27 |5365.0 |17 | |
55 |27 |5426.6 |18 | |
55 |27 |5431.7 |4 |17/2- |
55 |27 |5460.76 |21 | |6 FS LT
55 |27 |5483.8 |17 |- |
55 |27 |5526.1 |16 | |
55 |27 |5541.1 |17 | |
55 |27 |5560.0 |3 |1/2-,3/2- |
55 |27 |5642.1 |19 | |
55 |27 |5672.7 |16 | |
55 |27 |5697.2 |17 | |
55 |27 |5716.6 |10 | |
55 |27 |5743 |2 |5/2- |
55 |27 |5763.8 |17 |(5/2-) |
55 |27 |5781.5 |16 | |
55 |27 |5860 | | |
55 |27 |5883 |10 |1/2-,3/2- |
55 |27 |5932.6 |11 | |
55 |27 |5942.8 |11 | |
55 |27 |5959.7 |17 | |
55 |27 |5985.8 |17 |7/2+,9/2+ |
55 |27 |6008.4 |13 |1/2-,3/2- |
55 |27 |6035.4 |17 | |
55 |27 |6062.6 |17 | |
55 |27 |6068.8 |9 |9/2+ |17.5 FS LT
55 |27 |6093.5 |17 |(7/2)- |
55 |27 |6126.6 |19 | |
55 |27 |6144.6 |11 | |
55 |27 |6149.90 |17 |(5/2)+ |
55 |27 |6167.1 |18 | |
55 |27 |6176.5 |11 | |
55 |27 |6205.29 |16 |(5/2)+ |
55 |27 |6217.7 |21 | |
55 |27 |6250.1 |19 | |
55 |27 |6268.22 |10 |3/2- |
55 |27 |6328.29 |11 |(3/2)- |
55 |27 |6332.6 |5 |(17/2-) |
55 |27 |6340.9 |20 |(5/2-,7/2-) |
55 |27 |6361.3 |20 | |
55 |27 |6369.36 |23 |(5/2)+ |
55 |27 |6376.7 |24 | |
55 |27 |6405 |3 | |
55 |27 |6426.3 |36 | |
55 |27 |6446.6 |19 |(5/2)- |
55 |27 |6464.8 |11 |(23/2-) |
55 |27 |6486 | | |
55 |27 |6508.2 |19 | |
55 |27 |6513.45 |9 |3/2,(5/2) |
55 |27 |6531 | | |
55 |27 |6541.1 |21 | |
55 |27 |6576.3 |20 | |
55 |27 |6596.5 |3 |19/2- |
55 |27 |6603.4 |19 |7/2+,9/2+ |
55 |27 |6627 | | |
55 |27 |6641.6 |4 |19/2- |
55 |27 |6652.2 |19 | |
55 |27 |6673.0 |11 |(5/2)- |
55 |27 |6689.10 |16 | |
55 |27 |6701.26 |16 |5/2 |
55 |27 |6713.26 |14 |(1/2)- |
55 |27 |6755.40 |17 |5/2 |
55 |27 |6780.16 |11 |5/2- |
55 |27 |6801.8 |11 |(+) |
55 |27 |6825.4 |11 | |
55 |27 |6834.28 |9 |3/2- |
55 |27 |6835.7 |6 |5/2(-) |
55 |27 |6876.33 |19 |7/2-,9/2 |
55 |27 |6885.8 |11 | |
55 |27 |6893.3 |11 |(5/2)- |
55 |27 |6917.35 |9 |5/2- |
55 |27 |6939.9 |11 | |
55 |27 |6944.19 |21 |(1/2-) |
55 |27 |6951.14 |10 | |
55 |27 |7008.19 |9 | |
55 |27 |7025.34 |15 | |
55 |27 |7038.23 |20 |(1/2-,3/2-) |
55 |27 |7101.54 |8 |5/2 |
55 |27 |7110 |10 |(9/2)+ |
55 |27 |7153.2 |3 | |
55 |27 |7193.15 |9 |5/2 |
55 |27 |7233.48 |25 |(3/2) |
55 |27 |7236.9 |70 |(1/2-) |
55 |27 |7239 |3 |7/2+,9/2+ |
55 |27 |7239.26 |10 |(3/2-) |
55 |27 |7261.2 |11 |(1/2-) |
55 |27 |7269.16 |7 |3/2- |
55 |27 |7284.4 |3 | |
55 |27 |7293.35 |10 |5/2- |
55 |27 |7319.56 |14 |5/2 |
55 |27 |7325.37 |13 | |
55 |27 |7328.2 |70 |(1/2-) |
55 |27 |7332.27 |23 | |
55 |27 |7335.8 |10 | |
55 |27 |7345.7 |10 | |
55 |27 |7361.1 |10 | |
55 |27 |7364.1 |11 | |
55 |27 |7372.1 |10 | |
55 |27 |7374.6 |11 | |
55 |27 |7381.4 |11 |1/2- |
55 |27 |7393.1 |10 | |
55 |27 |7402.8 |11 | |
55 |27 |7455.6 |70 |1/2- |
55 |27 |7457.3 |20 |1/2- |
55 |27 |7460.1 |10 |3/2(-) |
55 |27 |7496.7 | | |
55 |27 |7500.5 |20 | |
55 |27 |7519.2 |10 |1/2- |
55 |27 |7525.1 |20 | |
55 |27 |7529.4 |6 |19/2- |
55 |27 |7564.41 |17 | |
55 |27 |7578.37 |25 |(3/2)+ |
55 |27 |7595.28 |25 |(3/2-) |
55 |27 |7611.38 |23 | |
55 |27 |7622.3 |20 |3/2+,5/2+ |
55 |27 |7627.7 |5 |(5/2) |
55 |27 |7633.65 |23 |(5/2-) |
55 |27 |7642.55 |23 |(1/2-) |
55 |27 |7650.84 |22 |(5/2)- |
55 |27 |7662.96 |22 |(1/2-) |
55 |27 |7680.3 |3 |(5/2) |
55 |27 |7703.98 |20 |(5/2)- |
55 |27 |7747.1 |3 |(5/2) |
55 |27 |7748.9 |10 |(5/2)- |
55 |27 |7764.7 |70 |3/2- |
55 |27 |7765.6 |70 |1/2- |
55 |27 |7779.1 |70 |1/2+ |
55 |27 |7791.5 |10 | |
55 |27 |7806.1 |5 | |
55 |27 |7815.86 |23 |1/2- |
55 |27 |7833.2 |3 |21/2- |
55 |27 |7836.7 |70 |1/2- |
55 |27 |7855.4 |21 | |
55 |27 |7867.6 |3 |(5/2) |
55 |27 |7876.86 |23 |(5/2-) |
55 |27 |7881.0 |3 |(3/2-) |
55 |27 |7885.1 |3 |(7/2) |
55 |27 |7889.0 |10 | |
55 |27 |7895.7 |10 | |
55 |27 |7909.0 |10 | |
55 |27 |7920.7 |5 |19/2- |
55 |27 |7930.8 |10 | |
55 |27 |7938.83 |23 |(3/2-) |
55 |27 |7941.1 |10 | |
55 |27 |7946.4 |10 | |
55 |27 |7951.9 |10 | |
55 |27 |7955.7 |70 |1/2+ |
55 |27 |7965.10 |21 |1/2- |
55 |27 |7966.8 |3 |(5/2)+ |
55 |27 |7976.85 |10 |(5/2+) |
55 |27 |7984.6 |10 | |
55 |27 |8007.3 |10 | |
55 |27 |8016.9 |10 | |
55 |27 |8020.6 |4 |(5/2)- |
55 |27 |8029.8 |70 |1/2- |
55 |27 |8030.3 |70 |1/2- |
55 |27 |8050.8 |10 | |
55 |27 |8056.7 |3 |1/2- |
55 |27 |8065.9 |70 |3/2- |
55 |27 |8067.0 |3 |3/2- |
55 |27 |8071.5 |3 |(7/2)- |
55 |27 |8075.5 |10 | |
55 |27 |8089.0 |70 |(3/2+) |
55 |27 |8090.0 |14 | |
55 |27 |8096.8 |10 | |
55 |27 |8105.94 |23 |(5/2)- |
55 |27 |8124.1 |70 |(1/2-) |
55 |27 |8130.6 |3 |5/2+ |
55 |27 |8134.1 |3 |1/2- |
55 |27 |8137.1 |10 |5/2- |
55 |27 |8140.6 |10 |3/2- |
55 |27 |8144.91 |25 |1/2- |
55 |27 |8155.6 |10 |7/2- |
55 |27 |8158.7 |5 |21/2- |
55 |27 |8168.3 |10 |5/2+ |
55 |27 |8172.0 |10 |5/2+ |
55 |27 |8173.5 |70 |(1/2)- |
55 |27 |8180.3 |10 | |
55 |27 |8191.0 |4 |1/2- |
55 |27 |8200.0 |10 |5/2- |
55 |27 |8204.6 |10 | |
55 |27 |8208.7 |10 | |
55 |27 |8212.2 |70 |1/2+ |
55 |27 |8215.4 |70 |(3/2+) |
55 |27 |8221.5 |10 | |
55 |27 |8235.3 |70 |(5/2)+ |
55 |27 |8240.4 |3 | |
55 |27 |8261.8 |10 |3/2- |
55 |27 |8273.4 |3 |(5/2) |
55 |27 |8283.9 |3 |3/2- |
55 |27 |8286.5 |70 |3/2- |
55 |27 |8288.3 |20 |3/2- |
55 |27 |8291.0 |3 |(5/2)- |
55 |27 |8294.8 |3 |3/2- |
55 |27 |8299.8 |20 |1/2-,3/2- |
55 |27 |8308.5 |10 | |
55 |27 |8336.7 |10 |5/2+ |
55 |27 |8348.9 |3 |23/2- |
55 |27 |8356.0 |10 | |
55 |27 |8360.0 |7 |7/2,9/2 |
55 |27 |8369.3 |10 |3/2- |
55 |27 |8374.0 |5 |1/2-,3/2- |
55 |27 |8384.0 |3 |5/2+ |
55 |27 |8388.5 |20 |3/2- |
55 |27 |8390.8 |3 |5/2+ |
55 |27 |8395.1 |20 |3/2- |
55 |27 |8400.8 |8 | |
55 |27 |8412.0 |3 |(3/2) |
55 |27 |8417.9 |3 |5/2+ |
55 |27 |8421.3 |20 |(5/2)+ |
55 |27 |8431.3 |4 |3/2- |
55 |27 |8435.7 |5 |3/2+,(5/2+) |
55 |27 |8440.0 |3 | |
55 |27 |8444.8 |20 |(1/2,3/2)- |
55 |27 |8456.7 |5 |(1/2,3/2) |
55 |27 |8457.4 |20 |3/2+,(5/2+) |
55 |27 |8463.9 |5 |9/2+ |
55 |27 |8465.6 |10 | |
55 |27 |8467.3 |7 |9/2+ |6 FS LT
55 |27 |8468.7 |4 |7/2+ |6 FS LT
55 |27 |8476.4 |7 |9/2+ |
55 |27 |8476.7 |20 |1/2- |
55 |27 |8478.7 |5 |5/2 |
55 |27 |8494.1 |20 |1/2- |
55 |27 |8503.8 |20 |3/2- |
55 |27 |8505.3 |3 |3/2+ |
55 |27 |8507.4 |20 |5/2+ |
55 |27 |8514.8 |10 |5/2- |
55 |27 |8532.4 |10 |5/2- |
55 |27 |8557.0 |4 |7/2- |
55 |27 |8559.3 |5 |7/2,9/2 |
55 |27 |8561.5 |10 | |
55 |27 |8565.3 |20 |1/2-,3/2- |
55 |27 |8566.8 |20 |3/2- |
55 |27 |8569.0 |20 |1/2+ |
55 |27 |8575.2 |20 |3/2+ |
55 |27 |8583.6 |5 |5/2+ |
55 |27 |8596.5 |10 | |
55 |27 |8605.4 |10 |3/2- |
55 |27 |8628.1 |20 |3/2- |
55 |27 |8635.2 |10 |(3/2) |
55 |27 |8644.2 |4 |5/2+ |
55 |27 |8649.2 |20 |3/2+ |
55 |27 |8652.4 |5 | |
55 |27 |8659.1 |20 |1/2- |
55 |27 |8662.1 |20 |3/2+ |
55 |27 |8663 |10 |(9/2)+ |
55 |27 |8667.6 |20 |3/2- |
55 |27 |8680.0 |4 |1/2+ |
55 |27 |8683.1 |3 | |
55 |27 |8687.1 |5 |(21/2) |
55 |27 |8688.9 |20 |3/2+,5/2+ |
55 |27 |8689.7 |4 |23/2- |
55 |27 |8692.5 |3 | |
55 |27 |8697 |10 |(9/2)+ |
55 |27 |8703.6 |5 |9/2+ |
55 |27 |8706.8 |3 |3/2,5/2 |
55 |27 |8710.8 |10 | |
55 |27 |8717.7 |10 | |
55 |27 |8720.4 |20 |1/2+ |
55 |27 |8724.8 |20 |(5/2+) |
55 |27 |8729.6 |10 |3/2+ |
55 |27 |8745.4 |20 |(5/2)+ |
55 |27 |8745.6 |4 |3/2- |
55 |27 |8750.1 |10 |5/2- |
55 |27 |8752.2 |20 |3/2+ |
55 |27 |8753.9 |4 |5/2- |
55 |27 |8757.3 |10 | |
55 |27 |8766.1 |10 | |
55 |27 |8768.6 |10 | |
55 |27 |8773.2 |20 |1/2+ |
55 |27 |8790.2 |10 |(5/2,7/2) |
55 |27 |8798.3 |5 |3/2- |
55 |27 |8799.7 |20 |5/2- |
55 |27 |8801.9 |20 |5/2+ |
55 |27 |8803.44 |24 |7/2- |
55 |27 |8813.8 |20 |5/2+ |
55 |27 |8825.6 |10 |7/2- |
55 |27 |8834.7 |10 |(5/2-) |
55 |27 |8844.6 |20 |1/2- |
55 |27 |8854.4 |20 |5/2- |
55 |27 |8855.67 |23 |5/2+ |
55 |27 |8879.4 |20 |3/2- |
55 |27 |8883.4 |20 |5/2+ |
55 |27 |8886.3 |20 |5/2+ |
55 |27 |8895.5 |20 |1/2+ |
55 |27 |8898.0 |20 |1/2- |
55 |27 |8912.9 |20 |5/2+ |
55 |27 |8918.0 |20 |(5/2+) |
55 |27 |8921.3 |20 |(5/2+) |
55 |27 |8934.9 |20 |3/2+ |
55 |27 |8937.4 |20 |(1/2-) |
55 |27 |8941.0 |20 |3/2- |
55 |27 |8953.2 |20 |7/2+ |
55 |27 |8962.0 |20 |1/2-,3/2- |
55 |27 |8963.5 |20 |(3/2+),5/2+ |
55 |27 |8981.4 |20 |1/2+ |
55 |27 |8989.6 |20 |3/2+ |
55 |27 |9003.4 |20 |(5/2)+ |
55 |27 |9006.8 |20 |3/2+,5/2+ |
55 |27 |9015.2 |20 |5/2+ |
55 |27 |9020.3 |20 |1/2+ |
55 |27 |9030.8 |20 |1/2+,3/2- |
55 |27 |9044.2 |20 |3/2- |
55 |27 |9046.3 |20 |(1/2-) |
55 |27 |9053.4 |20 |3/2+,5/2+ |
55 |27 |9063.6 |20 |5/2+ |
55 |27 |9074.0 |20 |5/2+ |
55 |27 |9077.3 |20 |1/2+ |
55 |27 |9085.2 |20 |(5/2-) |
55 |27 |9091.1 |20 |3/2- |
55 |27 |9105.2 |20 |(9/2+) |
55 |27 |9110.7 |20 |1/2+ |
55 |27 |9124.8 |20 |5/2+ |
55 |27 |9139.4 |20 |5/2+ |
55 |27 |9145.2 |20 |3/2+,(5/2+) |
55 |27 |9169.8 |20 |1/2+ |
55 |27 |9179.6 |20 |(5/2+) |
55 |27 |9183.8 |20 |(3/2-) |
55 |27 |9190.5 |20 |1/2+ |
55 |27 |9194.4 |20 |3/2+ |
55 |27 |9206.0 |20 |3/2- |
55 |27 |9209.0 |20 |1/2- |
55 |27 |9213.7 |20 |(5/2+) |
55 |27 |9217.6 |20 |1/2+ |
55 |27 |9225.4 |20 |3/2-,(9/2+) |
55 |27 |9228.5 |20 |3/2-,(5/2+) |
55 |27 |9231.0 |20 | |
55 |27 |9237.7 |20 |3/2- |
55 |27 |9242.0 |20 |3/2+,(5/2+) |
55 |27 |9244.1 |20 |5/2- |
55 |27 |9247.2 |20 |5/2+ |
55 |27 |9251.6 |20 |1/2- |
55 |27 |9258.2 |20 |(3/2+) |
55 |27 |9263.9 |20 |1/2- |
55 |27 |9273.8 |20 |1/2+ |
55 |27 |9278.9 |20 |(3/2+),5/2+ |
55 |27 |9290.6 |20 |3/2- |
55 |27 |9291.0 |20 |5/2+ |
55 |27 |9293.5 |20 |3/2+ |
55 |27 |9301.9 |20 |5/2+ |
55 |27 |9302.9 |20 |1/2- |
55 |27 |9312.3 |20 |3/2- |
55 |27 |9329.0 |20 |5/2- |
55 |27 |9337.9 |20 |3/2- |
55 |27 |9345.0 |20 |5/2+ |
55 |27 |9358.8 |20 |3/2- |
55 |27 |9362.7 |20 |3/2+ |
55 |27 |9372.4 |20 |1/2- |
55 |27 |9378.9 |20 |1/2+ |
55 |27 |9382.7 |20 |(5/2+) |
55 |27 |9390.0 |20 |3/2- |
55 |27 |9397.8 |20 |1/2+,(5/2+) |
55 |27 |9400.4 |20 |1/2+ |
55 |27 |9418.1 |20 |3/2+ |
55 |27 |9424.6 |20 |(7/2)+ |
55 |27 |9429.1 |20 |5/2+ |
55 |27 |9447.6 |20 |1/2+,3/2- |
55 |27 |9448.1 |20 |(3/2+) |
55 |27 |9453.1 |20 |(3/2+) |
55 |27 |9454.3 |20 |(5/2-) |
55 |27 |9457.8 |20 |(5/2+) |
55 |27 |9485.5 |20 |3/2- |
55 |27 |9486.2 |20 |5/2+ |
55 |27 |9492.8 |20 |3/2- |
55 |27 |9496.8 |20 |5/2- |
55 |27 |9505.1 |20 |(1/2-) |
55 |27 |9510.0 |20 |1/2+ |
55 |27 |9540 | |7/2+,9/2+ |
55 |27 |9557.8 |7 |1/2+ |
55 |27 |9601 | |7/2+,9/2+ |
55 |27 |9642 | | |
55 |27 |9651.1 |7 |1/2+ |
55 |27 |9698.7 |4 |25/2- |
55 |27 |9721 | |(9/2)+ |
55 |27 |9726.7 |7 |1/2+ |
55 |27 |9758 |10 |(9/2)+ |
55 |27 |9782.3 |10 | |
55 |27 |9793 |10 |(5/2+) |
55 |27 |9807.3 |7 |1/2+ |
55 |27 |9863 |10 | |
55 |27 |9899 |10 | |
55 |27 |9942 |10 | |
55 |27 |10113.1 |7 |(23/2) |
55 |27 |10545.6 |6 |(23/2) |
55 |27 |10580.0 |5 |25/2- |
55 |27 |10759.9 |10 | |
55 |27 |11470.1 |5 |25/2- |
55 |27 |11908.2 |5 |25/2 |
55 |27 |11962.9 |8 |(27/2) |
55 |27 |12118.8 |8 | |
55 |27 |12363.2 |5 |27/2 |
55 |27 |12613.5 |14 | |
55 |27 |12835.5 |8 |(27/2) |
55 |27 |13163.0 |12 | |
55 |27 |13339.3 |6 |29/2 |
55 |27 |13516.7 |8 |(27/2-) |
55 |27 |13685 |3 | |
55 |27 |13818.6 |10 | |
55 |27 |14125 |3 | |
55 |27 |14672.6 |6 |31/2 |
55 |27 |14730 |3 | |
55 |27 |14881.5 |9 | |
56 |27 |0.0 | |4+ |77.236 D 26
56 |27 |158.38 |3 |3+ |0.1 NS LT
56 |27 |576.50 |7 |5+ |0.28 PS +7-5
56 |27 |829.61 |5 |4+ |1.7 PS GT
56 |27 |970.23 |4 |2+ |0.12 PS +12-6
56 |27 |1009.13 |7 |5+ |0.38 PS +14-9
56 |27 |1114.51 |5 |3+ |0.19 PS +9-6
56 |27 |1450.68 |4 |0+ |1.58 NS 6
56 |27 |1585 |10 | |
56 |27 |1720.18 |4 |1+ |0.34 PS +35-12
56 |27 |1930.36 |16 |3+ |33 FS +8-7
56 |27 |2060.00 |15 |2+ |24 FS 6
56 |27 |2224.87 |15 |2+ |
56 |27 |2282.63 |12 |7+ |1.25 PS GT
56 |27 |2290.1 |3 | |
56 |27 |2306.13 |21 |(2)+ |
56 |27 |2357.4 |3 |1+ |
56 |27 |2371.83 |20 |6+ |42 FS 21
56 |27 |2456 | |0+,1+ |
56 |27 |2469.6 |6 | |16 FS 9
56 |27 |2609.5 |7 |3+ |
56 |27 |2635.64 |19 |1+ |14 FS 8
56 |27 |2647.2 |7 |(0+,1+) |
56 |27 |2665.1 |7 |(3+) |
56 |27 |2729.89 |15 |1+ |69 FS +21-17
56 |27 |2770 |5 | |
56 |27 |2789 |5 | |
56 |27 |2926 |5 |(2+) |
56 |27 |2969 |5 |2+ |
56 |27 |3048 |5 |3+,4+,5+ |
56 |27 |3060 |5 |5+ |
56 |27 |3075.91 |22 |1+ |22 FS +8-6
56 |27 |3140 |5 |3+ |
56 |27 |3180 |5 |1+,3+ |
56 |27 |3234 |5 |(0+) |
56 |27 |3255 |5 | |
56 |27 |3297 |5 |4+ |
56 |27 |3366 |5 |(-) |
56 |27 |3378 |10 |1+ |
56 |27 |3382 |5 |2+ |
56 |27 |3436 |5 |0+,1+ |
56 |27 |3493 |5 | |
56 |27 |3510 |11 |(0+) |
56 |27 |3526.6 |5 |0+ |6 FS 5
56 |27 |3544 |11 |7+ |
56 |27 |3570 | | |
56 |27 |3592 |12 |(0+) |
56 |27 |3598.64 |23 |0+,1+ |18 FS 5
56 |27 |3610 |5 | |
56 |27 |3638.11 |16 |8+ |55 FS +28-12
56 |27 |3642 |11 |(-) |
56 |27 |3694 |12 | |
56 |27 |3717 |5 |(-) |
56 |27 |3798 |11 |(+) |
56 |27 |3807 |10 |1+,2+,3+ |
56 |27 |3863 |12 | |
56 |27 |3876 |12 |(+) |
56 |27 |3900 |12 | |
56 |27 |3935 |12 | |
56 |27 |3960 |12 | |
56 |27 |4011 |12 |3+,4+,5+ |
56 |27 |4019 |12 | |
56 |27 |4032 |10 |1+,2+,3+ |
56 |27 |4062 |12 | |
56 |27 |4094 |12 | |
56 |27 |4139 |12 |3+,4+,5+ |
56 |27 |4180.16 |18 |9+ |0.41 PS 4
56 |27 |4183 |10 |(+) |
56 |27 |4209 |13 | |
56 |27 |4222 |13 | |
56 |27 |4281 |13 | |
56 |27 |4293 |13 | |
56 |27 |4308 |13 | |
56 |27 |4349 |13 | |
56 |27 |4372 |3 |1+ |10 FS +12-8
56 |27 |4388 |13 |1+,2+,3+ |
56 |27 |4429 |3 |(2+) |
56 |27 |4441 |13 |7+ |
56 |27 |4453 |13 | |
56 |27 |4501 |14 | |
56 |27 |4531 |14 | |
56 |27 |4560 |14 | |
56 |27 |4684 |14 | |
56 |27 |4743 |14 | |
56 |27 |4768 |14 | |
56 |27 |4796 |10 | |
56 |27 |4846 |15 | |
56 |27 |4928 |15 | |
56 |27 |4992 |10 |8- |
56 |27 |5008 |15 | |
56 |27 |5081 |10 | |
56 |27 |5146 |15 |5+ |
56 |27 |5187 | |1+,2+,3+ |
56 |27 |5239 |10 | |
56 |27 |5274.57 |20 |10+ |42 FS +28-14
56 |27 |5338 |3 | |8 FS LE
56 |27 |5430 | |6- |
56 |27 |5472.3 |20 |1(+),(2+) |7 FS +4-3
56 |27 |5500 |80 | |
56 |27 |5562 |10 |1+,2+,3+ |
56 |27 |5620 |AP | |
56 |27 |6069 |10 | |
56 |27 |6228 |10 | |
56 |27 |6319 |10 |(0+,1+) |
56 |27 |6545 |10 | |
56 |27 |6570 | |6- |
56 |27 |6850 |AP | |
56 |27 |7350 | | |
56 |27 |7480 |AP | |
56 |27 |7870 |AP | |
56 |27 |8920 |30 |9+ |
56 |27 |10.3E3 | |(12) |
56 |27 |11.802E3 | |(14) |
56 |27 |13.650E3 | |(16) |
56 |27 |15.895E3 | |(18) |
56 |27 |18.6E3 | |(20) |
57 |27 |0.0 | |7/2- |271.74 D 6
57 |27 |1223.98 |4 |9/2- |54 FS 5
57 |27 |1377.663 |21 |3/2- |19 PS 4
57 |27 |1504.826 |21 |1/2- |0.21 NS 2
57 |27 |1689.6 |5 |11/2- |0.24 PS 2
57 |27 |1757.606 |19 |3/2- |0.27 PS 2
57 |27 |1897.40 |3 |7/2- |110 FS 10
57 |27 |1919.50 |3 |5/2- |22 FS 3
57 |27 |2133 |5 |3/2+,5/2+ |
57 |27 |2133.06 |5 |5/2- |0.34 PS 6
57 |27 |2311.4 |5 |7/2- |0.21 PS 4
57 |27 |2479.0 |10 | |
57 |27 |2486.1 |6 |9/2- |59 FS 8
57 |27 |2514.0 |10 | |
57 |27 |2524.1 |6 |(13/2)- |0.26 PS 5
57 |27 |2559.8 |6 |(7/2-,9/2,11/2-) |0.45 PS 8
57 |27 |2611.2 |10 |7/2- |85 FS 9
57 |27 |2614.5 |10 | |
57 |27 |2723.0 |10 | |
57 |27 |2730.98 |4 |3/2-,5/2 |91 FS 12
57 |27 |2743.5 |12 |(9/2,11/2,13/2) |47 FS 21
57 |27 |2804.293 |22 |(3/2-,5/2) |37 FS 7
57 |27 |2879.2 |6 |3/2- |111 FS 21
57 |27 |2980.9 |7 |1/2+ |
57 |27 |2982.05 | | |
57 |27 |3108.16 |4 |(3/2)- |54 FS 12
57 |27 |3121.4 |9 | |
57 |27 |3164.9 |11 | |
57 |27 |3177.39 |4 |5/2-,7/2- |152 FS 35
57 |27 |3184.2 |10 |3/2+,5/2+ |
57 |27 |3246.3 |10 | |
57 |27 |3262.7 |7 |(3/2-,5/2,7/2-) |
57 |27 |3272.2 |11 |5/2-,7/2- |
57 |27 |3296 | | |
57 |27 |3343 |10 | |
57 |27 |3356.7 |7 |3/2- |
57 |27 |3365 |5 |1/2-,3/2- |
57 |27 |3393.7 |10 | |
57 |27 |3431 |2 | |
57 |27 |3460.6 |6 |(3/2-,5/2,7/2-) |
57 |27 |3468.6 |7 |3/2- |
57 |27 |3522.1 |12 | |
57 |27 |3540.4 |10 | |
57 |27 |3553.9 |7 |3/2+,5/2+ |
57 |27 |3622.3 |11 | |
57 |27 |3665 |10 | |
57 |27 |3671.6 |7 | |
57 |27 |3681.3 |11 |5/2-,7/2- |
57 |27 |3701.1 |10 |(7/2-) |
57 |27 |3719.7 |10 | |
57 |27 |3722 | |(1/2+) |
57 |27 |3728 |20 |7/2+,9/2+ |
57 |27 |3762.0 |11 | |
57 |27 |3769.6 |13 | |
57 |27 |3833.7 |11 | |
57 |27 |3851 |2 | |
57 |27 |3854.2 |6 |3/2+,5/2+ |
57 |27 |3901.1 |10 | |
57 |27 |3909.2 |12 | |
57 |27 |3918.1 |10 |5/2-,7/2- |
57 |27 |3921 |20 |1/2-,3/2- |
57 |27 |3973 |10 | |
57 |27 |3990.9 |7 |5/2 |
57 |27 |3999.5 |10 | |
57 |27 |4036.0 |12 |(15/2) |0.05 PS 2
57 |27 |4036.7 |6 | |
57 |27 |4046.1 |13 | |
57 |27 |4057.5 |14 | |
57 |27 |4064 |20 |3/2- |
57 |27 |4111.2 |11 | |
57 |27 |4186.9 |12 | |
57 |27 |4195.2 |10 |1/2-,3/2- |
57 |27 |4216.8 |12 | |
57 |27 |4237.7 |10 | |
57 |27 |4250.8 |12 |5/2-,7/2- |
57 |27 |4271.6 |13 | |
57 |27 |4284.1 |13 | |
57 |27 |4297.1 |10 | |
57 |27 |4308.0 |13 | |
57 |27 |4318 |5 |(3/2+,5/2+) |
57 |27 |4329.5 |12 | |
57 |27 |4356.8 |12 | |
57 |27 |4377.4 |6 | |
57 |27 |4391.3 |13 | |
57 |27 |4398.7 |14 | |
57 |27 |4416.2 |12 | |
57 |27 |4438.1 |12 | |
57 |27 |4447.9 |13 | |
57 |27 |4454 |20 | |
57 |27 |4465.6 |12 | |
57 |27 |4475.1 |20 | |
57 |27 |4496.8 |12 | |
57 |27 |4511.4 |15 | |
57 |27 |4519.9 |14 | |
57 |27 |4530 |5 |1/2-,3/2- |
57 |27 |4550.1 |12 | |
57 |27 |4575.8 |18 | |
57 |27 |4586.3 |8 |9/2(+) |
57 |27 |4597.3 |8 |9/2+ |
57 |27 |4608.4 |23 | |
57 |27 |4619.5 |14 |(3/2+,5/2+) |
57 |27 |4644.9 |13 | |
57 |27 |4659.2 |13 | |
57 |27 |4674.6 |10 |5/2+ |
57 |27 |4699.7 |6 | |
57 |27 |4719.5 |13 | |
57 |27 |4752.7 |13 | |
57 |27 |4761.9 |14 | |
57 |27 |4772.1 |15 |(3/2+,5/2+) |
57 |27 |4780 | |5/2-,7/2- |
57 |27 |4793.4 |13 | |
57 |27 |4800.5 |8 | |
57 |27 |4814.5 |6 |(17/2) |9.9 PS 2
57 |27 |4845.3 |6 | |
57 |27 |4852.8 |17 | |
57 |27 |4871.6 |14 | |
57 |27 |4880.9 |14 |(5/2-,7/2-) |
57 |27 |4911.4 |13 | |
57 |27 |4921.9 |14 | |
57 |27 |4933.7 |15 |1/2+ |
57 |27 |4948.1 |15 | |
57 |27 |4959.6 |14 | |
57 |27 |4971.0 |15 | |
57 |27 |4981 | | |
57 |27 |5057 |5 |(1/2-,3/2-) |
57 |27 |5103 |5 |3/2+,5/2+ |
57 |27 |5138 | | |
57 |27 |5157 |5 |(1/2-,3/2-) |
57 |27 |5167 | | |
57 |27 |5222 |5 |3/2+,5/2+ |
57 |27 |5223 |15 |1/2+ |
57 |27 |5296 | | |
57 |27 |5384 |5 |1/2-,3/2- |
57 |27 |5425 |20 |1/2-,3/2- |
57 |27 |5434.6 |6 | |
57 |27 |5459 |5 |(5/2-,7/2-) |
57 |27 |5524 |5 |1/2-,3/2- |
57 |27 |5559 |20 |1/2-,3/2- |
57 |27 |5571.5 |10 | |
57 |27 |5638 |5 |1/2-,3/2- |
57 |27 |5653 |20 | |
57 |27 |5707.3 |7 | |
57 |27 |5715 |5 |(1/2-,3/2-) |
57 |27 |5743 |20 |1/2-,3/2- |
57 |27 |5756.6 |7 | |
57 |27 |5799 |20 | |
57 |27 |5845.9 |7 | |
57 |27 |5877 |5 |3/2+,5/2+ |
57 |27 |5919.0 |8 |(19/2) |0.13 PS 4
57 |27 |5987 |5 |3/2+,5/2+ |
57 |27 |6013 |20 |3/2+,5/2+ |
57 |27 |6093 |20 | |
57 |27 |6148 |5 |1/2-,3/2- |
57 |27 |6184 |20 | |
57 |27 |6228 |5 | |
57 |27 |6268 |20 |1/2-,3/2- |
57 |27 |6306 |5 |1/2-,3/2- |
57 |27 |6344 |20 | |
57 |27 |6391 | |1/2-,3/2- |
57 |27 |6398 |5 |3/2+,5/2+ |
57 |27 |6442.1 |7 | |
57 |27 |6492 |20 | |
57 |27 |6504 | |(5/2-,7/2-) |
57 |27 |6518.8 |7 | |
57 |27 |6540 | | |
57 |27 |6594 |20 | |
57 |27 |6671 |5 |(3/2+,5/2+) |
57 |27 |6739 |20 | |
57 |27 |6768 |20 | |
57 |27 |6817 |5 |(3/2+,5/2+) |
57 |27 |6859.3 |7 | |
57 |27 |6901 |5 |(1/2-,3/2-) |
57 |27 |6976.5 |10 | |
57 |27 |7020 |20 |(1/2-,3/2-) |
57 |27 |7066 | | |
57 |27 |7115 |20 |(1/2-,3/2-) |
57 |27 |7162 |20 |1/2-,3/2- |
57 |27 |7187 | |1/2-,3/2- |
57 |27 |7230 |20 | |
57 |27 |7254 |2 |3/2- |
57 |27 |7267 |2 |3/2- |
57 |27 |7272 |2 |3/2- |
57 |27 |7288 |7 |(3/2-) |
57 |27 |7296 |20 | |
57 |27 |7324 |20 | |
57 |27 |7367 |20 | |
57 |27 |7400 | | |
57 |27 |7411 |3 |5/2(-) |
57 |27 |7419 |3 |5/2(-) |
57 |27 |7423 |3 |5/2(-) |
57 |27 |7480 |20 | |
57 |27 |7512.2 |7 | |
57 |27 |7527.5 |10 | |
57 |27 |7598 |2 |3/2- |
57 |27 |7622 |2 |3/2- |
57 |27 |7642 |2 |3/2- |
57 |27 |7648 |2 |3/2- |
57 |27 |7663 | |(3/2)- |
57 |27 |7708 | | |
57 |27 |7782.4 |7 | |
57 |27 |7809 | |3/2+,5/2+ |
57 |27 |7839 | |3/2+,5/2+ |
57 |27 |7982 | | |
57 |27 |7992.7 |9 | |
57 |27 |8056 | |3/2 |
57 |27 |8087.1 |8 | |
57 |27 |8409.6 |7 | |
57 |27 |8632.9 |7 | |
57 |27 |8874.3 |11 | |
57 |27 |9280.0 |7 | |
57 |27 |9317.5 |8 | |
57 |27 |9600 | | |
57 |27 |9682 |1 |9/2+ |
57 |27 |9689 |1 |9/2+ |
57 |27 |9735 |1 |5/2+ |
57 |27 |9755 |1 |5/2+ |
57 |27 |10077.1 |9 | |
57 |27 |10294.4 |9 | |
57 |27 |11070.1 |10 | |
57 |27 |11291.5 |11 | |
58 |27 |0.0 | |2+ |70.86 D 6
58 |27 |24.95 |6 |5+ |9.10 H 9
58 |27 |53.15 |7 |4+ |10.5 US 3
58 |27 |111.76 |7 |3+ |0.14 NS 3
58 |27 |365.66 |7 |3+ |1.1 PS +6-3
58 |27 |373.93 |10 |5+ |0.8 PS +5-3
58 |27 |457.50 |8 |4+ |0.9 PS 3
58 |27 |885.63 |10 |3+,4+ |0.15 PS +5-3
58 |27 |1040.12 |12 |3+ |0.14 PS +6-4
58 |27 |1044.26 |10 |(3+,4+) |1.2 PS GT
58 |27 |1050.19 |10 |1+ |0.14 PS +6-4
58 |27 |1075.5 |3 |6+ |0.069 PS LT
58 |27 |1133 |15 | |
58 |27 |1184.63 |12 |5+ |0.097 PS 14
58 |27 |1236.55 |13 |2+ |
58 |27 |1351.51 |16 | |
58 |27 |1353.47 |13 |(2)+ |0.6 PS +14-4
58 |27 |1369 |4 |1+ |
58 |27 |1376.88 |11 |1+ |0.16 PS +9-6
58 |27 |1418.12 |17 |(5)+ |
58 |27 |1424 |8 |(3+) |
58 |27 |1424.60 |17 |(6+) |0.076 PS 21
58 |27 |1434.9 |3 |1+ |0.6 PS +21-3
58 |27 |1513.32 |13 |(3+,4,5+) |
58 |27 |1522.57 |22 |(2+,3+) |
58 |27 |1524.4 |4 |(2+,3+) |
58 |27 |1548.81 |21 |5+ |
58 |27 |1554.74 |14 |(1+,2,3+) |
58 |27 |1605.62 |15 |3+ |
58 |27 |1669.9 |10 |3+ |
58 |27 |1729.24 |18 |1+ |
58 |27 |1740.5 |4 | |
58 |27 |1749.35 |19 |(3,4)+ |
58 |27 |1757.2 |3 |(1+,2,3+) |
58 |27 |1778 |5 |3+,4+,5+ |
58 |27 |1813.3 |6 |0+ |
58 |27 |1828 |4 | |
58 |27 |1843 |4 |3+ |
58 |27 |1865.8 |3 |(2+,3,4+) |
58 |27 |1867.7 |5 |1+ |
58 |27 |1925 |6 |(1+,2+,3+) |
58 |27 |1929.03 |21 |(7+) |0.277 PS 28
58 |27 |1978.8 |10 |3+ |
58 |27 |2007 |6 |2+,3+,4+ |
58 |27 |2070 |6 |4+ |
58 |27 |2080.5 |3 |(6+) |
58 |27 |2105 |3 | |
58 |27 |2166 |6 |3+ |
58 |27 |2184.8 |8 | |
58 |27 |2225 |7 |(5+,6+,7+) |
58 |27 |2248.8 |10 |1+ |
58 |27 |2260 |7 | |
58 |27 |2314.1 |3 |(7+) |0.16 PS +6-7
58 |27 |2335.3 |10 |1+,2+,3+ |
58 |27 |2415.2 |3 |(7+) |
58 |27 |2425.5 |3 |(7+) |
58 |27 |2444 |7 |(1+,2+) |
58 |27 |2456 |7 | |
58 |27 |2477 |7 |2+ |
58 |27 |2510 |8 | |
58 |27 |2534.4 |10 |1+ |
58 |27 |2605 |8 |(3+,4+,5+) |
58 |27 |2625 |4 |0+,1+,2+ |
58 |27 |2631 |8 |3+ |
58 |27 |2640.7 |10 |1+ |
58 |27 |2646 |7 |(2)+ |
58 |27 |2692 |8 |7+ |
58 |27 |2695 |8 |0+,1+,2+ |
58 |27 |2695.3 |3 |(6+) |
58 |27 |2733 |8 |(2+) |
58 |27 |2733.6 |3 | |
58 |27 |2735.55 |25 |(6+) |0.17 PS 7
58 |27 |2741 |15 |5+ |
58 |27 |2761 |8 | |
58 |27 |2768.5 |3 |(8+) |
58 |27 |2781 |8 |(1)+ |
58 |27 |2792 |8 |(1+) |
58 |27 |2819 |8 |3+,4+,5+ |
58 |27 |2837 |9 | |
58 |27 |2844 |9 |3-,4-,5- |
58 |27 |2849 |9 |3+,4+,5+ |
58 |27 |2865 |9 |(1+) |
58 |27 |2884 |9 |0+,1+,2+ |
58 |27 |2907 |9 | |
58 |27 |2931 |9 |7+ |
58 |27 |2946 |9 |2+,3+ |
58 |27 |2987 |9 |1+,2+,3+ |
58 |27 |2995 |9 |(0-,1-) |
58 |27 |3010 |4 |2+ |
58 |27 |3044 |9 | |
58 |27 |3062 |9 |2+,3+,4+ |
58 |27 |3068.57 |25 |(7+) |0.076 PS +7-28
58 |27 |3072 |9 |5+ |
58 |27 |3096 |9 | |
58 |27 |3118 |9 |(1)+ |
58 |27 |3123 |9 |2+ |
58 |27 |3146 |9 |(1+,2+,3+) |
58 |27 |3169 |10 | |
58 |27 |3184 |10 |1+ |
58 |27 |3186 |10 |2+,3+,4+ |
58 |27 |3199 |9 |0-,1- |
58 |27 |3214 |10 |3+ |
58 |27 |3226 |10 |(2)+ |
58 |27 |3232 |10 |(0-,1-,2-) |
58 |27 |3243 |9 | |
58 |27 |3261 |9 |(2)+ |
58 |27 |3281.1 |4 | |
58 |27 |3284 |4 |1+ |
58 |27 |3337 |10 |1+,2+ |
58 |27 |3376 |10 |2+ |
58 |27 |3394.7 |4 |(8+) |0.07 PS 4
58 |27 |3403 |15 |4+,5+ |
58 |27 |3410 |10 |(0-,1-,2-) |
58 |27 |3414 |10 |(2)+ |
58 |27 |3427 |5 |3+ |
58 |27 |3442 |10 |(1)+ |
58 |27 |3455 |10 |2+,3+,4+ |
58 |27 |3470 |10 | |
58 |27 |3484 |20 |3+,4+,5+ |
58 |27 |3507 |10 |(2-,3-,4-) |
58 |27 |3512 |5 |(1)+ |
58 |27 |3518 |20 |(3+,4+,5+) |
58 |27 |3526 |10 |(2+) |
58 |27 |3533.8 |4 |(9+) |
58 |27 |3548 |10 |1+,2+ |
58 |27 |3559 |10 |(0-,1-) |
58 |27 |3574 |11 | |
58 |27 |3604 |11 |(3+,4+,5+) |
58 |27 |3607 |11 |(2+) |
58 |27 |3616 |7 |1+ |
58 |27 |3639 |4 | |
58 |27 |3659 |11 | |
58 |27 |3669 |10 |1+ |
58 |27 |3685 |11 |0+,1+,2+ |
58 |27 |3689 |11 |(2-,3-,4-) |
58 |27 |3720 |20 |(3+) |
58 |27 |3720.5 |4 | |
58 |27 |3725 |11 |(2)+ |
58 |27 |3736 |11 |(0-,1-,2-) |
58 |27 |3750 |30 |(8)- |
58 |27 |3759 |11 | |
58 |27 |3775 |11 |0+,1+,2+ |
58 |27 |3776.10 |15 |(8+) |0.076 PS 7
58 |27 |3779 |11 |(0-,1-,2-) |
58 |27 |3790 |11 |(1-,0-) |
58 |27 |3802.4 |4 |(8+) |
58 |27 |3804 |20 |7+ |
58 |27 |3806 |11 |1-,2-,3- |
58 |27 |3833 |11 | |
58 |27 |3853 |11 |0+,1+,2+ |
58 |27 |3865.8 |4 | |
58 |27 |3869 |11 |0+,1+,2+ |
58 |27 |3890 |20 |(2+) |
58 |27 |3898 |11 |1-,0- |
58 |27 |3916 |11 |1-,2-,3- |
58 |27 |3925 |20 |(1+) |
58 |27 |3943 |11 |0+,1+,2+ |
58 |27 |3957 |11 |(2)+ |
58 |27 |4006 |12 |0+,1+,2+ |
58 |27 |4021 |20 |(3+) |
58 |27 |4030 |25 |(1+) |
58 |27 |4049 |10 |2+ |
58 |27 |4082 |12 |(2)+ |
58 |27 |4087 |20 |(4+) |
58 |27 |4097 |12 | |
58 |27 |4107 |10 |(1+) |
58 |27 |4110 |12 |(3+) |
58 |27 |4127 | | |
58 |27 |4175 |10 | |
58 |27 |4206 |20 | |
58 |27 |4239.9 |6 | |
58 |27 |4253 |10 | |
58 |27 |4287 |20 | |
58 |27 |4295.1 |4 |(7+) |
58 |27 |4325 |10 |3+,4+,5+ |
58 |27 |4336.0 |5 | |
58 |27 |4400 |13 | |
58 |27 |4448 |10 | |
58 |27 |4480.1 |3 |(9+) |0.076 PS 7
58 |27 |4555 |10 | |
58 |27 |4568.7 |7 | |
58 |27 |4650 | |(5)+ |
58 |27 |4708 |10 | |
58 |27 |4775.0 |7 | |
58 |27 |4790 |30 |7+ |
58 |27 |4849 |10 | |
58 |27 |5040 |30 |5+ |
58 |27 |5057 |10 | |
58 |27 |5058.5 |3 |(10+) |0.094 PS 10
58 |27 |5097.4 |4 |(8+) |
58 |27 |5183 |10 | |
58 |27 |5306 |10 | |
58 |27 |5392 |10 |1+ |
58 |27 |5454 |10 | |
58 |27 |5493 |20 | |
58 |27 |5502.2 |5 |(9+) |
58 |27 |5531 |10 | |
58 |27 |5651 |10 |1+ |
58 |27 |5685.6 |4 | |
58 |27 |5738 |8 |0+ |
58 |27 |5756 |8 |0+ |
58 |27 |5852 |20 | |
58 |27 |5888 |20 | |
58 |27 |5948 |20 | |
58 |27 |5956.1 |6 |(10+) |
58 |27 |6002.4 |3 |(11+) |0.062 PS 6
58 |27 |6140 |19 |(1-,0-) |
58 |27 |6400 |30 |(1)+ |
58 |27 |6427.0 |4 |(9+) |
58 |27 |6511.4 |5 | |
58 |27 |6671.5 |6 | |
58 |27 |6790 |30 |(9)+ |
58 |27 |7024.6 |6 | |
58 |27 |7685.4 |11 | |
58 |27 |7691.7 |9 | |
58 |27 |8044.1 |8 |(10+) |
58 |27 |8125.6 |23 | |
58 |27 |8127.6 |23 | |
58 |27 |8138.6 |23 | |
58 |27 |8144.6 |23 | |
58 |27 |8148.5 |23 | |
58 |27 |8159.3 |23 | |
58 |27 |8162.2 |23 | |
58 |27 |8165.2 |23 | |
58 |27 |8169.1 |23 | |
58 |27 |8173.1 |23 | |
58 |27 |8176.0 |23 | |
58 |27 |8182.9 |23 | |
58 |27 |8190.7 |23 | |
58 |27 |8196.6 |23 | |
58 |27 |8199.6 |23 | |
58 |27 |8203.5 |23 | |
58 |27 |8208.4 |23 | |
58 |27 |8210.4 |23 | |
58 |27 |8214.3 |23 | |
58 |27 |8217.3 |23 | |
58 |27 |8219.2 |23 | |
58 |27 |8228.1 |23 | |
58 |27 |8230.0 |23 | |
58 |27 |8233.0 |23 | |
58 |27 |8241.8 |23 | |
58 |27 |8244.8 |23 | |
58 |27 |8248.7 |23 | |
58 |27 |8253.6 |23 | |
58 |27 |8256.6 |23 | |
58 |27 |8263.5 |23 | |
58 |27 |8265.4 |23 | |
58 |27 |8272.3 |23 | |
58 |27 |8275.2 |23 | |
58 |27 |8279.2 |23 | |
58 |27 |8284.1 |23 | |
58 |27 |8290.0 |23 | |
58 |27 |8295.9 |23 | |
58 |27 |8299.8 |23 | |
58 |27 |8309.6 |23 | |
58 |27 |8312.6 |23 | |
58 |27 |8315.5 |23 | |
58 |27 |8319.5 |23 | |
58 |27 |8327.3 |23 | |
58 |27 |8336.2 |23 | |
58 |27 |8337.2 |23 | |
58 |27 |8344.0 |23 | |
58 |27 |8348.9 |23 | |
58 |27 |8352.9 |23 | |
58 |27 |8354.8 |23 | |
58 |27 |8362.7 |23 | |
58 |27 |8366.6 |23 | |
58 |27 |8371.5 |23 | |
58 |27 |8376.5 |23 | |
58 |27 |8378.4 |23 | |
58 |27 |8388.2 |23 | |
58 |27 |8390.2 |23 | |
58 |27 |8396.1 |23 | |
58 |27 |8398.1 |23 | |
58 |27 |8405.9 |23 | |
58 |27 |8409.9 |23 | |
58 |27 |8413.8 |23 | |
58 |27 |8415.8 |23 | |
58 |27 |8418.7 |23 | |
58 |27 |8420.7 |23 | |
58 |27 |8422.6 |23 | |
58 |27 |8427.6 |23 | |
58 |27 |8429.5 |23 | |
58 |27 |8431.5 |23 | |
58 |27 |8434.4 |23 | |
58 |27 |8437.4 |23 | |
58 |27 |8440.3 |23 | |
58 |27 |8446.2 |23 | |
58 |27 |8450.2 |23 | |
58 |27 |8452.1 |23 | |
58 |27 |8457.0 |23 | |
58 |27 |8460.0 |23 | |
58 |27 |8464.9 |23 | |
58 |27 |8469.8 |23 | |
58 |27 |8473.7 |23 | |
58 |27 |8476.7 |23 | |
58 |27 |8478.6 |23 | |
58 |27 |8483.6 |23 | |
58 |27 |8484.5 |23 | |
58 |27 |8486.5 |23 | |
58 |27 |8487.5 |23 | |
58 |27 |8490.4 |23 | |
58 |27 |8495.4 |23 | |
58 |27 |8500.3 |23 | |
58 |27 |8502.2 |23 | |
58 |27 |8507.1 |23 | |
58 |27 |8510.1 |23 | |
58 |27 |8516.0 |23 | |
58 |27 |8520.9 |23 | |
58 |27 |8528.8 |23 | |
58 |27 |8537.6 |23 | |
58 |27 |8541.5 |23 | |
58 |27 |8549.4 |23 | |
58 |27 |8552.3 |23 | |
58 |27 |8559.2 |23 | |
58 |27 |8566.1 |23 | |
58 |27 |8574.0 |23 | |
58 |27 |8582.8 |23 | |
58 |27 |8588.7 |23 | |
58 |27 |8599.5 |23 | |
58 |27 |8605.4 |23 | |
58 |27 |8610.3 |23 | |
58 |27 |8617.2 |23 | |
58 |27 |8625.1 |23 | |
58 |27 |8628.0 |23 | |
58 |27 |8635.9 |23 | |
58 |27 |8643.7 |23 | |
58 |27 |8650.6 |23 | |
58 |27 |8653.6 |23 | |
58 |27 |8668.3 |23 | |
58 |27 |8673.2 |23 | |
58 |27 |8678.1 |23 | |
58 |27 |8687.9 |23 | |
58 |27 |8694.8 |23 | |
58 |27 |8699.7 |23 | |
58 |27 |8706.6 |23 | |
58 |27 |8709.6 |23 | |
58 |27 |8715.5 |23 | |
58 |27 |8721.4 |23 | |
58 |27 |8725.3 |23 | |
59 |27 |0.0 | |7/2- |STABLE
59 |27 |1099.256 |3 |3/2- |3.1 PS 4
59 |27 |1190.45 |16 |9/2- |52 FS 2
59 |27 |1291.605 |5 |3/2- |551 PS 7
59 |27 |1434.256 |5 |1/2- |210 PS 20
59 |27 |1459.51 |14 |11/2- |1.07 PS 10
59 |27 |1481.72 |12 |5/2- |166 FS 19
59 |27 |1744.67 |20 |7/2- |0.32 PS 8
59 |27 |2061.76 |18 |7/2- |0.13 PS 5
59 |27 |2087.2 |3 |5/2(-) |17 FS +8-6
59 |27 |2153.62 |20 |(9/2,13/2) |14 FS GE
59 |27 |2183.5 |4 |(11/2) |41 FS 15
59 |27 |2204.78 |19 |5/2(-) |0.69 PS GE
59 |27 |2394.8 |4 |(9/2) |0.13 PS 4
59 |27 |2478.7 |4 |(5/2)- |29 FS 3
59 |27 |2540.4 |3 |5/2(-),7/2,9/2 |0.15 PS 5
59 |27 |2581.71 |14 |(3/2-,5/2,7/2-) |0.21 PS +10-6
59 |27 |2585.8 |5 |7/2- |68 FS 13
59 |27 |2713.1 |5 |1/2+ |
59 |27 |2722.4 |9 | |
59 |27 |2770.2 |8 |(3/2-,5/2,7/2-) |
59 |27 |2781.7 |6 |(5/2-) |97 FS 28
59 |27 |2816.8 |7 |(3/2-,5/2,7/2-) |
59 |27 |2824.2 |9 | |0.055 PS +21-42
59 |27 |2826.2 |3 |(7/2-) |0.08 PS 3
59 |27 |2829.1 |13 | |
59 |27 |2912.0 |7 |(3/2-) |43 FS 8
59 |27 |2914.6 |10 | |
59 |27 |2957.9 |15 |(3/2-,5/2,7/2-) |
59 |27 |2963.1 |3 | |
59 |27 |2965.9 |6 |(3/2-) |30 FS 9
59 |27 |2973.0 |4 | |
59 |27 |2977.0 |13 | |
59 |27 |3014.9 |8 |(7/2-) |0.23 PS +42-10
59 |27 |3016.8 |10 | |
59 |27 |3062.7 |3 |(1/2-) |
59 |27 |3081.62 |16 |(9/2-) |0.21 PS 4
59 |27 |3090.4 |5 |(7/2-) |0.21 PS +17-7
59 |27 |3120.9 |16 | |
59 |27 |3122.06 |16 | |
59 |27 |3140.5 |14 |(7/2,9/2) |
59 |27 |3141.03 |18 |(7/2-) |
59 |27 |3160.4 |5 |3/2+ |
59 |27 |3163.7 |3 | |
59 |27 |3193.8 |10 |(5/2,7/2) |
59 |27 |3219.5 |17 |(3/2-) |
59 |27 |3223.8 |3 |(13/2) |0.7 PS LT
59 |27 |3236.4 |11 | |
59 |27 |3240.97 |22 | |
59 |27 |3276.0 |9 |(3/2-) |
59 |27 |3319.99 |18 | |
59 |27 |3323.4 |8 |(7/2-) |
59 |27 |3325.4 |4 |(15/2) |320 FS LT
59 |27 |3329.8 |13 | |
59 |27 |3350.9 |13 | |
59 |27 |3366.0 |12 | |
59 |27 |3382.0 |5 |(7/2-) |76 FS 14
59 |27 |3414.5 |10 |(9/2-) |
59 |27 |3426.1 |10 |(7/2-) |55 FS +28-21
59 |27 |3491.6 |11 | |
59 |27 |3497.4 |8 |(7/2-) |
59 |27 |3565.0 |13 | |
59 |27 |3570.1 |4 | |
59 |27 |3580.1 |12 | |
59 |27 |3599.5 |11 | |
59 |27 |3622.8 |11 | |
59 |27 |3626 |1 |(5/2) |30 FS +8-6
59 |27 |3652.8 |13 | |
59 |27 |3667.2 |8 |(5/2) |
59 |27 |3737.3 |11 | |
59 |27 |3757.5 |12 | |
59 |27 |3768.9 |14 | |
59 |27 |3792.4 |15 | |
59 |27 |3807.7 |13 | |
59 |27 |3820.9 |12 | |
59 |27 |3832.1 |12 | |
59 |27 |3842.7 |3 |(11/2) |
59 |27 |3854.9 |13 | |
59 |27 |3888.6 |16 | |
59 |27 |3915.2 |14 | |
59 |27 |3926.3 |17 | |
59 |27 |3944.2 |3 |(7/2+) |0.6 PS +6-3
59 |27 |3950.1 |12 | |
59 |27 |3981.8 |14 | |
59 |27 |4000.0 |25 | |
59 |27 |4009.4 |4 | |
59 |27 |4014.1 |13 | |
59 |27 |4026.4 |17 | |
59 |27 |4060.6 |13 | |
59 |27 |4086.3 |4 |(17/2) |0.4 PS LT
59 |27 |4099.6 |15 | |
59 |27 |4128.8 |23 | |
59 |27 |4151.8 |15 | |
59 |27 |4169.7 |14 | |
59 |27 |4176.7 |3 |(13/2) |
59 |27 |4195.5 |14 | |
59 |27 |4235.7 |15 | |
59 |27 |4267.2 |16 | |
59 |27 |4291.0 |14 | |
59 |27 |4307.4 |14 | |
59 |27 |4320.9 |14 | |
59 |27 |4347.6 |14 | |
59 |27 |4356.9 |20 | |
59 |27 |4377.5 |16 | |
59 |27 |4390.7 |15 | |
59 |27 |4406.8 |14 | |
59 |27 |4412.1 |3 | |
59 |27 |4412.7 |4 |(15/2) |
59 |27 |4438.5 |14 | |
59 |27 |4457.7 |19 | |
59 |27 |4466.7 |14 | |
59 |27 |4480.0 |14 | |
59 |27 |4491.0 |17 | |
59 |27 |4506.8 |15 | |
59 |27 |4516.9 |16 | |
59 |27 |4552.2 |15 | |
59 |27 |4566.3 |15 | |
59 |27 |4581.3 |15 | |
59 |27 |4606.3 |15 | |
59 |27 |4616.8 |17 | |
59 |27 |4632.7 |15 | |
59 |27 |4642.9 |17 | |
59 |27 |4688.2 |16 | |
59 |27 |4699.5 |18 | |
59 |27 |4714.8 |5 |(17/2) |0.8 PS 3
59 |27 |4715.0 |15 | |
59 |27 |4730.6 |17 | |
59 |27 |4743.2 |19 | |
59 |27 |4760.2 |16 | |
59 |27 |4767.9 |15 | |
59 |27 |4798.5 |5 |(19/2) |0.14 PS LT
59 |27 |4806.4 |15 | |
59 |27 |4818.0 |17 | |
59 |27 |4836.3 |17 | |
59 |27 |4855.7 |15 | |
59 |27 |4877.0 |15 | |
59 |27 |4890.5 |16 | |
59 |27 |4906.2 |15 | |
59 |27 |4909.0 |5 | |0.08 PS 4
59 |27 |4917.2 |17 | |
59 |27 |4927.9 |18 | |
59 |27 |4959.2 |16 | |
59 |27 |4969.1 |17 | |
59 |27 |4983.1 |17 | |
59 |27 |4990.9 |17 | |
59 |27 |5001.8 |26 | |
59 |27 |5120 |40 |3/2+,5/2+ |
59 |27 |5256.0 |9 |(21/2) |
59 |27 |5368.0 |5 |(19/2) |0.07 PS 4
59 |27 |5390 |50 | |
59 |27 |6362.2 |6 |(21/2) |0.14 PS LT
59 |27 |6570 |80 | |
59 |27 |6878.7 |8 | |0.10 PS LT
59 |27 |7457.2 |11 |(23/2) |0.10 PS LT
59 |27 |7620 |60 | |
59 |27 |8430 | | |
59 |27 |9541.14 |18 |(3/2-) |15.5 EV
59 |27 |9549.70 |15 |(3/2-) |102 EV AP
59 |27 |9553.13 |12 |(3/2-) |57 EV AP
59 |27 |9835 |5 |(1/2-) |
59 |27 |10293 |AP |(3/2-) |
59 |27 |11148 | |(5/2-) |
59 |27 |16.3E3 |5 |- |5.6 MEV 4
59 |27 |16370 | |+ |2.56 MEV
59 |27 |18900 | |+ |7.61 MEV
60 |27 |0.0 | |5+ |1925.28 D 14
60 |27 |58.59 |1 |2+ |10.467 M 6
60 |27 |277.20 |2 |4+ |
60 |27 |288.40 |2 |3+ |
60 |27 |435.71 |4 |5+ |
60 |27 |506.20 |3 |3+ |
60 |27 |542.82 |2 |2+ |
60 |27 |614.55 |2 |3+ |
60 |27 |738.80 |2 |1+ |
60 |27 |785.71 |1 |4+ |3.2 PS LT
60 |27 |940 |30 | |
60 |27 |1003.91 |2 |(3,4) |
60 |27 |1005.80 |2 |4 |
60 |27 |1131.98 |19 | |
60 |27 |1150.70 |5 |(2+,3+) |
60 |27 |1207.83 |3 |5+ |
60 |27 |1216.45 |18 |6+ |0.28 PS +21-14
60 |27 |1216.85 |3 |4 |
60 |27 |1341.86 |3 |3+ |
60 |27 |1379.74 |6 |6+ |0.7 PS 3
60 |27 |1380.97 |4 |3+ |
60 |27 |1451.21 |3 |4+ |
60 |27 |1508.30 |9 |2+,3+ |
60 |27 |1510 |10 |7+ |
60 |27 |1515.80 |3 |4+ |
60 |27 |1565.94 |3 |2 |
60 |27 |1639.84 |3 |3+,4+,5+ |
60 |27 |1669 |AP | |
60 |27 |1686.21 |5 |1+ |
60 |27 |1709.68 |13 | |
60 |27 |1749.29 |3 |3+ |
60 |27 |1787.62 |4 |5(+) |
60 |27 |1800.22 |15 |(6)- |1.7 PS +14-6
60 |27 |1808.63 |15 |4- |
60 |27 |1830.80 |2 |4+ |
60 |27 |1833.23 |4 | |
60 |27 |1852.71 |4 |4+ |
60 |27 |1877.15 |5 |2 |
60 |27 |1888.90 |4 |4+ |
60 |27 |1924.29 |21 |+ |
60 |27 |1981.20 |5 |4 |
60 |27 |1983.52 |16 | |
60 |27 |2032.71 |11 |2+,3+ |
60 |27 |2045.42 |11 | |
60 |27 |2080.77 |11 | |
60 |27 |2121.82 |5 |3(+),4(+) |
60 |27 |2132.23 |23 |(7-) |0.49 PS LT
60 |27 |2133.44 |7 |3,4 |
60 |27 |2151.9 |3 | |
60 |27 |2183.10 |6 |2+,3+ |
60 |27 |2199.9 |3 | |
60 |27 |2221.56 |9 |4+ |
60 |27 |2230.44 |10 | |
60 |27 |2274.67 |16 | |
60 |27 |2279.94 |20 |5+ |
60 |27 |2310.15 |6 |3 |
60 |27 |2318.4 |10 | |
60 |27 |2324.3 |4 | |
60 |27 |2341.82 |8 | |
60 |27 |2351.87 |9 | |
60 |27 |2363.96 |9 | |
60 |27 |2423.28 |10 |4 |
60 |27 |2430.97 |10 |3-,4- |
60 |27 |2450.87 |15 |3,4 |
60 |27 |2469.72 |24 | |
60 |27 |2488.71 |9 |5 |
60 |27 |2529.00 |15 | |
60 |27 |2546 |3 | |
60 |27 |2560.0 |3 | |
60 |27 |2569.96 |7 |4 |
60 |27 |2585.73 |7 | |
60 |27 |2598.07 |11 |3+ |
60 |27 |2607.58 |13 | |
60 |27 |2622.07 |15 | |
60 |27 |2655.71 |19 | |
60 |27 |2685.35 |22 |3-,4- |
60 |27 |2709.97 |20 |2,3,4 |
60 |27 |2718.80 |16 |1 |
60 |27 |2734.5 |8 | |
60 |27 |2760.9 |5 | |
60 |27 |2768.13 |25 | |
60 |27 |2771.35 |24 | |
60 |27 |2785.77 |15 |3,4 |
60 |27 |2801.6 |3 | |
60 |27 |2809.7 |4 | |
60 |27 |2823.2 |5 |(8)- |0.42 PS LT
60 |27 |2825.60 |11 |3-,4- |
60 |27 |2845.03 |14 | |
60 |27 |2867.57 |12 | |
60 |27 |2884 |10 |5+ |
60 |27 |2884.92 |8 |3-,4- |
60 |27 |2897.4 |8 | |
60 |27 |2901.81 |9 | |
60 |27 |2917.6 |8 | |
60 |27 |2920.4 |4 | |
60 |27 |2936.48 |14 | |
60 |27 |2939.2 |9 | |
60 |27 |2944.2 |3 | |
60 |27 |2963.09 |11 | |
60 |27 |2996.9 |3 | |
60 |27 |3010.1 |3 | |
60 |27 |3022.28 |9 |3,4 |
60 |27 |3047.5 |6 | |
60 |27 |3064.8 |3 | |
60 |27 |3077.06 |25 | |
60 |27 |3084.6 |4 | |
60 |27 |3096.35 |9 | |
60 |27 |3108 |10 |7+ |
60 |27 |3114.1 |6 |3,4 |
60 |27 |3121.4 |4 | |
60 |27 |3132.2 |3 | |
60 |27 |3141.47 |13 | |
60 |27 |3155.49 |19 | |
60 |27 |3162.7 |3 | |
60 |27 |3186.6 |4 |3-,4- |
60 |27 |3191.00 |8 | |
60 |27 |3199.3 |9 | |
60 |27 |3203.22 |13 | |
60 |27 |3216.24 |18 | |
60 |27 |3238.5 |3 | |
60 |27 |3265 |AP | |
60 |27 |3279.46 |13 | |
60 |27 |3283.81 |17 |3,4 |
60 |27 |3314 |AP | |
60 |27 |3336.48 |24 | |
60 |27 |3343.26 |18 | |
60 |27 |3367 |AP | |
60 |27 |3393 |AP |3-,4- |
60 |27 |3415.51 |12 | |
60 |27 |3436 |AP | |
60 |27 |3460.4 |3 | |
60 |27 |3465.53 |21 | |
60 |27 |3469 |10 |7+ |
60 |27 |3496.94 |24 | |
60 |27 |3514.79 |23 | |
60 |27 |3529 |10 | |
60 |27 |3560 |20 |5+ |
60 |27 |3562.09 |24 | |
60 |27 |3588.98 |13 |3-,4- |
60 |27 |3594.92 |22 | |
60 |27 |3622 |AP |3-,4- |
60 |27 |3646.6 |5 |(9) |0.35 PS LT
60 |27 |3650.4 |4 | |
60 |27 |3674 |10 |7+ |
60 |27 |3690.5 |7 |(9) |0.28 PS LT
60 |27 |3696.9 |4 | |
60 |27 |3721 |AP | |
60 |27 |3742.44 |16 | |
60 |27 |3780 |20 |7+ |
60 |27 |3797.98 |17 | |
60 |27 |3827.6 |3 | |
60 |27 |3841.2 |6 |(9) |0.35 PS LT
60 |27 |3871.1 |6 |3-,4- |
60 |27 |3914.8 |8 | |
60 |27 |3928.0 |9 | |
60 |27 |3949 |AP | |
60 |27 |3987 |AP | |
60 |27 |4005 |AP |3-,4- |
60 |27 |4012.16 |16 |3,4 |
60 |27 |4024 |AP | |
60 |27 |4040 |30 |7+ |
60 |27 |4049 |AP | |
60 |27 |4067 |AP |3-,4- |
60 |27 |4085 |AP | |
60 |27 |4100.97 |21 | |
60 |27 |4112.5 |4 | |
60 |27 |4134 |AP | |
60 |27 |4156.57 |18 |3-,4- |
60 |27 |4166 |AP | |
60 |27 |4194.0 |4 | |
60 |27 |4206 |AP | |
60 |27 |4212.8 |7 |3,4 |
60 |27 |4253.9 |3 | |
60 |27 |4270.02 |24 |3-,4- |
60 |27 |4277.0 |6 |(10) |0.1 PS 6
60 |27 |4280 |30 | |
60 |27 |4292.05 |12 | |
60 |27 |4297.8 |4 | |
60 |27 |4307 |AP | |
60 |27 |4325 |AP | |
60 |27 |4341 |AP | |
60 |27 |4365 |AP |3-,4- |
60 |27 |4390 |AP |3-,4- |
60 |27 |4408 |AP | |
60 |27 |4420 |AP | |
60 |27 |4452 |AP | |
60 |27 |4485 |10 | |
60 |27 |4507 |AP | |
60 |27 |4514.0 |4 | |
60 |27 |4523 |AP | |
60 |27 |4540.7 |12 | |
60 |27 |4550 |30 |7+ |
60 |27 |4563 |AP | |
60 |27 |4594 |AP | |
60 |27 |4600.97 |17 | |
60 |27 |4610 |AP | |
60 |27 |4626 |AP | |
60 |27 |4668 |AP | |
60 |27 |4698 |AP |3-,4- |
60 |27 |4700 |30 |7+ |
60 |27 |4713 |AP | |
60 |27 |4752.33 |12 | |
60 |27 |4773 |AP | |
60 |27 |4786 |AP | |
60 |27 |4800 |30 |7+ |
60 |27 |4800.1 |3 |3-,4- |
60 |27 |4811.3 |5 | |
60 |27 |4827.5 |7 |(11) |0.28 PS LT
60 |27 |4841 |AP | |
60 |27 |4864 |AP | |
60 |27 |4874.2 |9 | |
60 |27 |4893 |AP | |
60 |27 |4917 |AP |3-,4- |
60 |27 |4932 |AP | |
60 |27 |4965 |AP | |
60 |27 |4980 |AP | |
60 |27 |4995 |AP | |
60 |27 |5014 |AP | |
60 |27 |5031 |AP | |
60 |27 |5057 |AP | |
60 |27 |5083 |AP | |
60 |27 |5098 |AP | |
60 |27 |5113 |AP | |
60 |27 |5133 |AP | |
60 |27 |5146 |AP | |
60 |27 |5160.8 |6 |(11) |0.28 PS LT
60 |27 |5189 |AP | |
60 |27 |5202 |AP | |
60 |27 |5243 |AP | |
60 |27 |5271 |AP | |
60 |27 |5291 |AP | |
60 |27 |5306 |AP | |
60 |27 |5326 |AP | |
60 |27 |5350 |AP | |
60 |27 |5372 |AP | |
60 |27 |5394 |AP | |
60 |27 |5411 |AP | |
60 |27 |5424 |AP | |
60 |27 |5440 |AP | |
60 |27 |5456 |AP | |
60 |27 |5471 |AP | |
60 |27 |5488 |AP | |
60 |27 |5529 |AP | |
60 |27 |5545 |AP | |
60 |27 |5560 |AP | |
60 |27 |5575.6 |8 | |0.14 PS LT
60 |27 |5591 |AP | |
60 |27 |5610 |AP | |
60 |27 |5638 |AP | |
60 |27 |5655 |AP | |
60 |27 |5670 |AP | |
60 |27 |5684 |AP | |
60 |27 |5705 |AP | |
60 |27 |5731 |AP | |
60 |27 |5750 |AP | |
60 |27 |5773 |AP | |
60 |27 |5809 |AP | |
60 |27 |5822 |AP | |
60 |27 |5838 |AP | |
60 |27 |5852 |AP | |
60 |27 |5871 |AP | |
60 |27 |5889 |AP | |
60 |27 |5928 |AP | |
60 |27 |5943 |AP | |
60 |27 |5955 |AP | |
60 |27 |5973 |AP | |
60 |27 |5987 |AP | |
60 |27 |5999 |AP | |
60 |27 |6013 |AP | |
60 |27 |6027 |AP | |
60 |27 |6047 |AP | |
60 |27 |6066 |AP | |
60 |27 |6088 |AP | |
60 |27 |6104 |AP | |
60 |27 |6129 |AP | |
60 |27 |6146 |AP | |
60 |27 |6165 |AP | |
60 |27 |6180 |AP | |
60 |27 |6198 |AP | |
60 |27 |6417 |1 |(12) |0.14 PS LT
60 |27 |7.05E+3 |5 | |
60 |27 |7491.92 |8 |3-,4- |
60 |27 |7514 |AP | |
60 |27 |7.79E+3 |4 | |
60 |27 |8122.4 |17 |(13) |0.35 PS LT
60 |27 |8.69E+3 |15 | |
61 |27 |0.0 | |7/2- |1.649 H 5
61 |27 |1027.48 |8 |3/2- |
61 |27 |1205.09 |9 |(3/2)- |
61 |27 |1272 |25 | |
61 |27 |1285.54 |23 |(9/2)- |0.55 PS 14
61 |27 |1325.40 |10 |(1/2-) |
61 |27 |1618.85 |17 |5/2-,7/2- |
61 |27 |1631 |7 |(5/2,7/2)- |
61 |27 |1645.87 |12 |(3/2-,5/2) |
61 |27 |1664.3 |4 |(11/2-) |7 PS +7-2
61 |27 |1674 |7 |(7/2)- |
61 |27 |1889.1 |3 |(5/2,7/2)- |
61 |27 |1953.19 |16 |1/2-,3/2- |
61 |27 |2011.49 |15 |(3/2,5/2)- |
61 |27 |2230.9 |3 |(5/2,7/2)- |
61 |27 |2238 |5 |1/2+ |
61 |27 |2302.99 |17 |1/2-,3/2- |
61 |27 |2338.9 |6 |(11/2-) |1.7 PS +4-3
61 |27 |2345.5 |8 |5/2-,7/2- |
61 |27 |2373.8 |11 |(1/2:15/2)- |
61 |27 |2374.2 |6 |(13/2-) |
61 |27 |2431.4 |5 |(3/2,5/2)- |
61 |27 |2448 |5 |5/2-,7/2- |
61 |27 |2484.5 |4 |(3/2,5/2)- |
61 |27 |2499 |5 |(3/2+,5/2+) |
61 |27 |2558.6 |8 |(3/2+) |
61 |27 |2571.6 |9 |3/2+,5/2+ |
61 |27 |2642.3 |8 |(3/2:11/2)- |
61 |27 |2706.7 |11 |(3/2:11/2)- |
61 |27 |2726.5 |10 | |
61 |27 |2754.5 |4 |(3/2-,5/2) |
61 |27 |2780.1 |10 | |
61 |27 |2864.38 |18 |(3/2,5/2)- |
61 |27 |2893 |5 |5/2-,7/2- |
61 |27 |2920.1 |5 |(3/2-,5/2) |
61 |27 |2952.9 |10 |(3/2:11/2)- |
61 |27 |2979.9 |10 | |
61 |27 |3000.27 |20 |(3/2,5/2)- |
61 |27 |3026 |5 |3/2+,5/2+ |
61 |27 |3028 |25 |5/2-,7/2- |
61 |27 |3077 |4 |(3/2:11/2)- |
61 |27 |3104.4 |5 |(1/2,3/2,5/2) |
61 |27 |3116.7 |11 |(3/2+,5/2+) |
61 |27 |3126.7 |6 |(15/2-) |
61 |27 |3130 |4 |(3/2:11/2)- |
61 |27 |3151.7 |11 | |
61 |27 |3176.0 |9 | |
61 |27 |3191.1 |6 |(3/2-,5/2) |
61 |27 |3197 |14 |7/2- |
61 |27 |3204.7 |3 |(3/2-,5/2-) |
61 |27 |3218 |5 |3/2+,5/2+ |
61 |27 |3239.2 |6 |(3/2-,5/2) |
61 |27 |3252 |9 |7/2- |
61 |27 |3349.4 |11 | |
61 |27 |3357.0 |13 |(1/2:13/2) |
61 |27 |3365.0 |7 |(3/2-,5/2) |
61 |27 |3384.3 |11 | |
61 |27 |3396.9 |12 | |
61 |27 |3409.7 |11 | |
61 |27 |3417 |4 |(9/2-,11/2-) |
61 |27 |3428.4 |11 |(9/2-,11/2-) |
61 |27 |3445.1 |12 |7/2- |
61 |27 |3470.8 |10 |(3/2,5/2) |
61 |27 |3471.7 |7 |(13/2-) |
61 |27 |3484.8 |11 |(3/2:11/2)- |
61 |27 |3492.5 |14 |5/2-,7/2- |
61 |27 |3513.6 |11 |7/2- |
61 |27 |3535.6 |10 |(5/2,7/2) |
61 |27 |3564.7 |13 | |
61 |27 |3575.3 |13 |(3/2:11/2)- |
61 |27 |3599.6 |14 |(1/2+,5/2-,7/2-) |
61 |27 |3609.4 |13 |(3/2:13/2) |
61 |27 |3654.0 |11 |(3/2:11/2)- |
61 |27 |3658.0 |7 |(15/2)- |
61 |27 |3660 |4 |(3/2:17/2)+ |
61 |27 |3691.5 |10 |(3/2:13/2)+ |
61 |27 |3700.2 |15 |(1/2:15/2)- |
61 |27 |3727.8 |15 |(5/2:11/2)- |
61 |27 |3752.6 |12 |(3/2:11/2)- |
61 |27 |3758.2 |15 | |
61 |27 |3775.3 |11 |(5/2,7/2) |
61 |27 |3806.3 |13 |5/2-,7/2- |
61 |27 |3814.6 |15 |(3/2:11/2) |
61 |27 |3827.3 |14 | |
61 |27 |3871.1 |12 |3/2+,5/2+ |
61 |27 |3889.8 |13 |3/2+,5/2+ |
61 |27 |3905.6 |12 | |
61 |27 |3915.7 |12 |(3/2:13/2)+ |
61 |27 |3924.4 |13 | |
61 |27 |3937.1 |12 | |
61 |27 |3965 |25 |(5/2-,7/2-) |
61 |27 |3987 |7 | |
61 |27 |4002 |5 |(1/2+,5/2-,7/2-) |
61 |27 |4071 |6 | |
61 |27 |4093.8 |8 |(17/2-) |0.76 PS 21
61 |27 |4152 |7 |(7/2-) |
61 |27 |4211 |6 |(3/2:17/2)+ |
61 |27 |4267 |5 |(1/2+,5/2-,7/2-) |
61 |27 |4282 |4 |(5/2:11/2)- |
61 |27 |4349 |6 |7/2- |
61 |27 |4382 |5 |3/2+,5/2+ |
61 |27 |4389 |3 |7/2- |
61 |27 |4455 |5 |3/2+,5/2+ |
61 |27 |4499 |15 |7/2- |
61 |27 |4534 |6 |(5/2:11/2)- |
61 |27 |4622 |5 |(3/2:11/2)- |
61 |27 |4656 |5 |3/2+,5/2+ |
61 |27 |4671 |7 |(5/2:11/2)- |
61 |27 |4753 |5 |3/2+,5/2+ |
61 |27 |4766 |5 |(3/2:11/2)- |
61 |27 |4802.3 |17 |(19/2-) |
61 |27 |4838 |6 |(5/2:11/2)- |
61 |27 |4911 |5 |(5/2:11/2)- |
61 |27 |4960 |5 |(5/2)+ |
61 |27 |4990 |5 |3/2+,5/2+ |
61 |27 |5061 |5 |(3/2,5/2,7/2) |
61 |27 |5081 |12 |(3/2:11/2)- |
61 |27 |5150 |5 |(3/2,5/2,7/2) |
61 |27 |5164 |5 |+ |
61 |27 |5214 |5 |(3/2:13/2) |
61 |27 |5271 |4 |(3/2:13/2)+ |
61 |27 |5321 |6 |(5/2,7/2,9/2) |
61 |27 |5388 |6 |(3/2:11/2)- |
61 |27 |9320.01 | |9/2+,11/2+ |
61 |27 |9320.91 | |9/2+,11/2+ |
61 |27 |9321.19 | |9/2+,11/2+ |
61 |27 |9321.66 | |9/2+,11/2+ |
62 |27 |0.0 | |(2)+ |1.54 M 10
62 |27 |22 |5 |(5)+ |13.86 M 9
62 |27 |230 |5 | |
62 |27 |244 |5 | |
62 |27 |506.1 |1 |1+ |
62 |27 |532 |8 |1+ |
62 |27 |609.71 |14 |(5)+ |
62 |27 |696 |10 | |
62 |27 |706 |10 |3+,4+,5+ |
62 |27 |863 |10 | |
62 |27 |901 |10 | |
62 |27 |920 |10 | |
62 |27 |1172 |10 | |
62 |27 |1216.30 |15 |(6) |
62 |27 |1248 |10 | |
62 |27 |1271 |5 | |
62 |27 |1359 |5 |1+,2+,3+ |
62 |27 |1469 |8 | |
62 |27 |1500 |10 | |
62 |27 |1543.22 |19 |(7) |1.32 PS 28
62 |27 |1667 |10 | |
62 |27 |1692 |10 | |
62 |27 |1805 |10 |(1+,2+,3+) |
62 |27 |1820 |10 | |
62 |27 |1873 |15 | |
62 |27 |1979 |10 | |
62 |27 |2079 |10 | |
62 |27 |2120 |15 | |
62 |27 |2135 |15 | |
62 |27 |2165 |20 | |
62 |27 |2281 |10 | |
62 |27 |2309.7 |9 |(8) |0.28 PS LT
62 |27 |2344 |10 |(7+) |
62 |27 |2420 |10 | |
62 |27 |2521 |10 |(1+,2+,3+) |
62 |27 |2647 |10 | |
62 |27 |2754 |10 | |
62 |27 |2.88E3 |2 |(7+) |
62 |27 |2.92E3 | | |
62 |27 |3.46E3 | | |
62 |27 |3.79E3 | | |
62 |27 |4.10E3 | | |
62 |27 |4.18E3 |3 |(7+) |
62 |27 |4.38E3 |3 |(7+) |
62 |27 |4.45E3 |3 |(7+) |
62 |27 |4.60E3 |3 |(7+) |
63 |27 |0.0 | |7/2- |27.4 S 5
63 |27 |995.05 |13 |3/2- |10 PS GT
63 |27 |1383.54 |12 |(9/2-) |
63 |27 |1427.16 |15 |(7/2-,5/2-) |
63 |27 |1494.80 |11 |(3/2-) |
63 |27 |1577.0 |3 | |
63 |27 |1673.6 |4 |(11/2-) |
63 |27 |1888.47 |24 |(1/2,3/2)- |
63 |27 |2077.81 |21 |(5/2,7/2)- |
63 |27 |2128.63 |15 |7/2- |155 FS +34-26
63 |27 |2191.42 |20 |1/2+ |47 FS +45-21
63 |27 |2330.20 |9 |7/2- |143 FS +22-16
63 |27 |2374.8 |12 |(5/2,7/2,9/2)- |136 FS +108-4
63 |27 |2473 |5 |(5/2,7/2)- |
63 |27 |2539.5 |6 |(11/2-) |
63 |27 |2689.43 |20 |3/2+,5/2+ |238 FS +54-41
63 |27 |2793.96 |21 |(5/2,7/2)- |
63 |27 |2882 |5 |(1/2,3/2)- |
63 |27 |2932 |25 |7/2-,5/2- |
63 |27 |3007.3 |7 |(13/2-) |
63 |27 |3034.4 |8 |(13/2) |
63 |27 |3037.0 |10 |5/2,7/2- |
63 |27 |3133.4 |9 |(5/2-,7/2-) |0.15 PS +10-5
63 |27 |3179.9 |8 |5/2-,7/2- |56 FS +13-10
63 |27 |3204.1 |7 |(15/2)- |
63 |27 |3225.7 |8 |(15/2-) |
63 |27 |3412.6 |6 |(3/2,5/2)+ |41 FS +41-20
63 |27 |3422.1 |10 |(7/2,5/2)- |
63 |27 |3581.4 |9 |(17/2)- |1.2 PS +6-3
63 |27 |3602 |6 |(5/2,7/2)- |
63 |27 |3611.1 |8 |(17/2-) |0.7 PS +2-1
63 |27 |3676 |5 |(5/2,7/2)- |
63 |27 |3766 |5 |(5/2,7/2)- |
63 |27 |3893 |5 |(3/2+,5/2+) |
63 |27 |3985 |5 |(5/2,7/2)- |
63 |27 |4039 |5 |3/2+,5/2+ |
63 |27 |4094 |5 |(3/2+,5/2+) |
63 |27 |4127 |5 |(3/2+,5/2+) |
63 |27 |4167.1 |9 |(19/2)- |0.21 PS
63 |27 |4234 |5 |(3/2+,5/2+) |
63 |27 |4376 |5 |(3/2+,5/2+) |
63 |27 |4453 |5 |(3/2+,5/2+) |
63 |27 |4524 |5 |(3/2+,5/2+) |
63 |27 |4538 |5 |(3/2+,5/2+) |
63 |27 |4588 |5 |(3/2+,5/2+) |
63 |27 |4700 |5 |(3/2+,5/2+) |
63 |27 |4722 |5 |(3/2+,5/2+) |
63 |27 |4820 |5 |(3/2+,5/2+) |
63 |27 |4886 |5 |(3/2+,5/2+) |
63 |27 |4968 |5 |(3/2+,5/2+) |
63 |27 |5010 |5 |(3/2+,5/2+) |
63 |27 |5080 |5 |(3/2+,5/2+) |
63 |27 |5215 |5 |(3/2+,5/2+) |
63 |27 |5294 |5 |(3/2+,5/2+) |
63 |27 |5342 |5 |(3/2+,5/2+) |
63 |27 |5457 |5 |(3/2+,5/2+) |
63 |27 |5659 |5 |3/2+,5/2+ |
64 |27 |0 | |1+ |0.30 S 3
64 |27 |176 |30 | |
64 |27 |310.8 | |(1+,2+,3+) |
64 |27 |441.1 |3 |(2+,3+) |
64 |27 |458 |15 |(1+) |
64 |27 |672.9 |3 |(3+) |
64 |27 |691 |15 |(1+) |
64 |27 |769.9 |4 |(4+) |
64 |27 |804 |15 | |
64 |27 |833.6 |5 |(5+) |6.4 NS 3
64 |27 |867 |15 | |
64 |27 |953 |15 | |
64 |27 |1067 |15 | |
64 |27 |1132 |15 |(1+,2+,3+) |
64 |27 |1300 |15 | |
64 |27 |1410 |15 |(1+) |
64 |27 |1541 |15 | |
64 |27 |1561 | | |
64 |27 |1669 |15 | |
64 |27 |1773 |15 | |
64 |27 |1906 |15 | |
64 |27 |1974 |26 | |
64 |27 |2058 |15 | |
64 |27 |2413 |23 | |
64 |27 |2494 |20 | |
64 |27 |2681 |20 | |
64 |27 |2817 |23 | |
64 |27 |3074 |30 | |
64 |27 |3188 |30 | |
64 |27 |3486 |20 | |
64 |27 |3644 |27 | |
64 |27 |4870 |40 | |
65 |27 |0.0 | |(7/2)- |1.16 S 3
65 |27 |882.54 |9 |(3/2-) |
65 |27 |1094.99 |16 |(1/2-) |
65 |27 |1222.62 |10 |(3/2-) |
65 |27 |1441.1 |4 |(5/2-,7/2-) |
65 |27 |1479.41 |19 |(9/2-) |
65 |27 |1625.5 |4 |(5/2-,7/2-) |
65 |27 |1642.17 |24 |(11/2-) |
65 |27 |1958.8 |3 |(1/2-,3/2-) |
65 |27 |1996.28 |24 |(3/2-) |
65 |27 |2183.19 |22 |(1/2-,3/2-) |
65 |27 |2443.3 |4 | |
65 |27 |2478.9 |3 |(11/2-) |
65 |27 |2557.6 |3 | |
65 |27 |2669.23 |22 |(13/2-) |
65 |27 |2891.9 |3 | |
65 |27 |2896.1 |4 | |
65 |27 |2926.2 |3 | |
65 |27 |3028.4 |3 |(15/2-) |
65 |27 |3271.2 |4 |(15/2-,17/2+) |
66 |27 |0.0 | |(3+) |0.20 S 2
66 |27 |175 | |(5+) |1.21 US 1
66 |27 |390 | | |
66 |27 |642 | |(8-) |100 US GT
67 |27 |0 | |(7/2-) |0.425 S 20
68 |27 |0.0 | |(7-) |0.20 S 2
68 |27 |0.0+X | |1+ |1.6 S 3
68 |27 |45.0+X |3 |1+ |
68 |27 |48.4+Y |10 | |101 NS 10
68 |27 |206.7+X |3 | |
68 |27 |390.7+X |3 | |
68 |27 |417.6+X |5 | |
68 |27 |564.9+X |4 | |
68 |27 |694.3+X |3 | |
68 |27 |973.0+X |3 |1+ |
68 |27 |1021.0+X |3 |1+ |
68 |27 |1274.0+X |5 | |
68 |27 |1412.7+X |5 | |
68 |27 |1591.1+X |5 | |
68 |27 |1816.5+X |5 | |
69 |27 |0.0 | |(7/2-) |227 MS 11
70 |27 |0.0 | |(6-) |119 MS 6
70 |27 |0+X | |(3+) |0.50 S 18
71 |27 |0.0 | |(7/2-) |80 MS 3
72 |27 |0.0 | |[6-,7-] |59.9 MS 17
73 |27 |0.0 | | |150 NS GT
74 |27 |0.0 | | |30 MS 3
75 |27 |0.0 | | |30 MS 11
76 |27 |0 | | |21.7 MS +65-49
77 |27 |0 | | |13.0 MS +72-43
