48 |28 |0.0 | |0+ |2.1 MS +21-7
49 |28 |0.0 | | |7.5 MS 10
50 |28 |0 | |0+ |18.5 MS 12
51 |28 |0.0 | |(7/2-) |200 NS GT
52 |28 |0 | |0+ |40.8 MS 2
52 |28 |1397 |6 |(2+) |
52 |28 |2385 |10 |(4+) |
52 |28 |3247 |17 |(6+) |
53 |28 |0.0 | |(7/2-) |55.2 MS 7
53 |28 |319.7 |50 |(5/2-) |
53 |28 |1453.4 |58 |(11/2-) |
54 |28 |0.0 | |0+ |114.2 MS 3
54 |28 |1392.3 |4 |2+ |0.89 PS 17
54 |28 |2000 | | |
54 |28 |2619.7 |6 |4+ |
54 |28 |3070.7 |7 |6+ |
54 |28 |6311.3 |9 |8+ |
54 |28 |6457.4 |9 |10+ |152 NS 4
55 |28 |0.0 | |7/2- |204.7 MS 37
55 |28 |2089 |6 | |
55 |28 |2462 |5 | |
55 |28 |2839 |5 | |
55 |28 |2882.1 |20 |(11/2-) |
55 |28 |3185 |6 |(1/2+) |
55 |28 |3502 |15 | |
55 |28 |3583.1 |23 |(13/2-) |
55 |28 |3617.1 |23 |(15/2-) |
55 |28 |3752 |7 |(3/2+) |
55 |28 |3784 |15 | |
55 |28 |4046 |9 | |
55 |28 |4444 |10 | |
55 |28 |4483.1 |25 |(17/2-) |
55 |28 |4616 |11 | |
55 |28 |4743 |12 | |
55 |28 |4983 |11 | |
55 |28 |5178 |11 | |
55 |28 |5389 |12 | |
55 |28 |5876 |13 | |
55 |28 |5937 |13 | |
55 |28 |6600 |50 | |
55 |28 |6870 |50 | |
56 |28 |0.0 | |0+ |6.075 D 10
56 |28 |2700.6 |7 |2+ |53 FS +34-17
56 |28 |3923.6 |13 |4+ |0.7 PS GT
56 |28 |3956.6 |13 |0+ |
56 |28 |4932 |3 |(3-,5-) |
56 |28 |4935.5 |6 |(3+) |
56 |28 |5003.7 |13 |0+ |
56 |28 |5315.7 |16 |6+ |
56 |28 |5352.5 |8 |2+ |
56 |28 |5483.7 |13 |4+ |
56 |28 |5665.1 |15 |5 |
56 |28 |5799 |3 | |
56 |28 |5988.1 |6 |4+ |
56 |28 |6011 |3 |1- |
56 |28 |6236 |3 |(2+) |
56 |28 |6326.4 |11 |4+ |
56 |28 |6405.8 |13 | |
56 |28 |6431.9 |7 |4+ |
56 |28 |6522.1 |18 |5 |
56 |28 |6554.6 |8 |(2+) |
56 |28 |6588.6 |8 |(3+) |
56 |28 |6650.5 |15 |6+ |
56 |28 |6654.8 |13 |0+ |
56 |28 |6730 |8 | |
56 |28 |7025 |10 | |
56 |28 |7144 |6 |1- |
56 |28 |7250 |8 |(1-) |
56 |28 |7289 |25 |(0+) |
56 |28 |7400 |AP |(6+) |
56 |28 |7442.8 |13 |2+ |
56 |28 |7576 |6 |3- |
56 |28 |7601.4 |17 |(7+) |
56 |28 |7652.6 |14 |6+ |
56 |28 |7670 |8 |0+ |
56 |28 |7801 |10 |(1-) |
56 |28 |7903.7 |10 |0+ |
56 |28 |7954.7 |15 |8+ |
56 |28 |8080 |30 |2+ |
56 |28 |8143 |10 | |
56 |28 |8223.7 |16 |8+ |
56 |28 |8479 |10 |2+ |
56 |28 |8575 |10 | |
56 |28 |8674 |8 |2+ |
56 |28 |8778.5 |17 |(7) |
56 |28 |8796 |6 |4+ |
56 |28 |8870 |12 | |
56 |28 |9009.7 |17 |9+ |
56 |28 |9042 |8 | |
56 |28 |9109 |8 |(4+) |
56 |28 |9154 |10 | |
56 |28 |9240.5 |22 |(8+) |
56 |28 |9309.5 |17 |8+ |
56 |28 |9418.3 |17 |10+ |
56 |28 |9450 |8 |(2+) |
56 |28 |9477.7 |17 |(9+) |
56 |28 |9596 |6 | |
56 |28 |9676 |6 | |
56 |28 |9735.5 |19 |7 |
56 |28 |9756 |5 |(0+) |
56 |28 |9824 |3 | |
56 |28 |9943 |4 |0+ |
56 |28 |9994 |3 |0+ |
56 |28 |10011 |6 |0+ |
56 |28 |10041 |6 |0+ |
56 |28 |10055 |3 | |
56 |28 |10095 |5 | |
56 |28 |10150 |5 | |
56 |28 |10250 |6 |0+ |
56 |28 |10331 |10 | |
56 |28 |10377 |10 | |
56 |28 |10428 |8 | |
56 |28 |10469.7 |18 |9 |
56 |28 |10655 |10 |(4+) |
56 |28 |10677.3 |17 |10+ |
56 |28 |10820 |20 |2+ |
56 |28 |10854 |10 | |
56 |28 |10935.5 |18 |9 |
56 |28 |11001.8 |18 |(10+) |
56 |28 |11055 |15 | |
56 |28 |11294.7 |20 |(10+) |
56 |28 |11420.6 |17 |11+ |
56 |28 |11800 |30 |2+ |
56 |28 |11866.7 |22 |(10+) |
56 |28 |12358.8 |18 |12+ |
56 |28 |12508.5 |19 |11 |
56 |28 |13505.7 |18 |(12) |
56 |28 |13578 |3 |12+ |
56 |28 |13644.4 |24 |(12+) |
56 |28 |14454.5 |21 |13 |
56 |28 |14735 |3 |14+ |
56 |28 |15.3E+3 |2 | |
56 |28 |16358 |4 |13 |
56 |28 |16773 |3 |15 |
56 |28 |18632 |5 |(16+) |
56 |28 |19521 |5 |17 |
56 |28 |22459 |7 | |
57 |28 |0.0 | |3/2- |35.60 H 6
57 |28 |768.5 |5 |5/2- |3.2 PS 4
57 |28 |1112.6 |5 |1/2- |106 FS 23
57 |28 |2443.3 |5 |5/2- |31 FS 5
57 |28 |2577.4 |5 |7/2- |47 FS 6
57 |28 |3007.1 |10 |3/2- |12 FS 4
57 |28 |3009 |8 |7/2+,9/2+ |
57 |28 |3230.1 |7 |7/2- |
57 |28 |3311 |3 |(5/2-,7/2-) |
57 |28 |3363.8 |8 |7/2- |
57 |28 |3701.7 |7 |(5/2)- |
57 |28 |3713.6 |5 |(+) |
57 |28 |3728.8 |12 |(+) |
57 |28 |3840 |8 |3/2- |
57 |28 |3865.6 |6 |11/2- |0.29 PS 10
57 |28 |3882 |5 |- |
57 |28 |4027.1 |8 | |
57 |28 |4046 |5 |(7/2-,5/2-) |
57 |28 |4073 |5 |- |
57 |28 |4234 |5 |7/2- |
57 |28 |4372 |8 |3/2+,5/2+ |
57 |28 |4374 |5 |- |
57 |28 |4461 |4 |(3/2)- |
57 |28 |4503.0 |6 | |
57 |28 |4544 |8 |(9/2+) |
57 |28 |4576 |4 |7/2- |
57 |28 |4606 |5 |- |
57 |28 |4711.2 |7 |(11/2-) |
57 |28 |4886 |6 |7/2-,5/2- |
57 |28 |4927 |4 |3/2- |
57 |28 |4941.1 |6 | |
57 |28 |5009 |5 | |
57 |28 |5092 |4 |3/2-,1/2- |
57 |28 |5134 |4 |7/2- |
57 |28 |5193 |4 |3/2- |
57 |28 |5238.8 |7 |7/2- |
57 |28 |5320.6 |6 |15/2- |0.64 PS 17
57 |28 |5352 |5 | |
57 |28 |5368 |4 |7/2- |
57 |28 |5435 |8 | |
57 |28 |5488 |6 | |
57 |28 |5505 |8 | |
57 |28 |5515.0 |6 | |
57 |28 |5546 |6 |(+) |
57 |28 |5561 |6 |(+) |
57 |28 |5580 |8 |1/2+ |
57 |28 |5601 |8 | |
57 |28 |5646 |8 | |
57 |28 |5663.3 |8 | |
57 |28 |5664 |6 |3/2-,1/2- |
57 |28 |5706 |6 |7/2-,5/2- |
57 |28 |5740 |9 | |
57 |28 |5765 |6 |(7/2)- |
57 |28 |5795 |8 |7/2-,5/2- |
57 |28 |5848 |6 |7/2-,5/2- |
57 |28 |5980 |6 |(3/2)+ |
57 |28 |6029 |7 |3/2+,5/2+ |
57 |28 |6079 |10 | |
57 |28 |6115 |10 |7/2-,5/2- |
57 |28 |6231 |7 |3/2-,1/2- |
57 |28 |6280 |10 |7/2-,5/2- |
57 |28 |6318 |7 |3/2+,5/2+ |
57 |28 |6328 |10 | |
57 |28 |6341 |7 | |
57 |28 |6418 |9 |7/2-,5/2- |
57 |28 |6421.0 |7 | |
57 |28 |6454 |10 |- |
57 |28 |6475 |10 |(9/2-) |
57 |28 |6520 |10 |7/2-,5/2- |
57 |28 |6546 |7 |3/2-,1/2- |
57 |28 |6592 |10 |3/2-,1/2- |
57 |28 |6631 |10 |- |
57 |28 |6655 |10 |3/2+,5/2+ |
57 |28 |6693 |7 |1/2-,3/2- |
57 |28 |6721 |10 |3/2+,5/2+ |
57 |28 |6807 |10 | |
57 |28 |6851 |7 |7/2-,5/2- |
57 |28 |6880 |10 |7/2-,5/2- |
57 |28 |6905 |8 |- |
57 |28 |6920 |10 | |
57 |28 |6935 |8 |- |
57 |28 |6955 |10 |(3/2)- |
57 |28 |7005 |10 | |
57 |28 |7042 |10 |3/2-,1/2- |
57 |28 |7131 |6 |7/2- |
57 |28 |7194 |6 |3/2+,5/2+ |
57 |28 |7275 |10 |3/2+,5/2+ |
57 |28 |7313 |7 |3/2+,5/2+ |
57 |28 |7355 |10 | |
57 |28 |7416 |8 | |
57 |28 |7452 |10 |3/2+,5/2+ |
57 |28 |7454.5 |7 | |
57 |28 |7529 |6 |3/2+,5/2+ |
57 |28 |7551 |8 | |
57 |28 |7580 |10 |(7/2)- |
57 |28 |7640 |10 | |
57 |28 |7671 |8 | |
57 |28 |7700 |10 |(3/2+,5/2+) |
57 |28 |7745 |10 | |
57 |28 |7802 |10 |3/2+,5/2+ |
57 |28 |7872 |6 |(3/2+,5/2+) |
57 |28 |7900 |6 | |
57 |28 |7985 |10 |7/2-,5/2- |
57 |28 |8015 |10 |3/2+,5/2+ |
57 |28 |8062 |8 | |
57 |28 |8102 |6 |3/2+,5/2+ |
57 |28 |8130 |10 |3/2+,5/2+ |
57 |28 |8170 |10 | |
57 |28 |8234 |6 |3/2+,5/2+ |
57 |28 |8287 |6 |1/2+ |
57 |28 |8325 |10 |(3/2+,5/2+) |
57 |28 |8345.7 |8 | |
57 |28 |8380 |10 | |
57 |28 |8410 |10 | |
57 |28 |8445 |10 |(5/2+,3/2+) |
57 |28 |8477 |10 |(-) |
57 |28 |8521 |7 |1/2+ |
57 |28 |8541 |10 |(5/2-,7/2-) |
57 |28 |8630 |10 | |
57 |28 |8668 |7 |5/2+,3/2+ |
57 |28 |8723 |10 |1/2+ |
57 |28 |8759 |7 | |
57 |28 |8780 |10 | |
57 |28 |8795 |10 |(5/2+,3/2+) |
57 |28 |8840 |10 |3/2+,5/2+ |
57 |28 |8872 |10 |- |
57 |28 |8952 |8 |5/2+,3/2+ |
57 |28 |9030 |10 | |
57 |28 |9110 |10 |(7/2-,5/2-) |
57 |28 |9150 |10 | |
57 |28 |9185 |10 |(5/2+,3/2+) |
57 |28 |9205 |10 | |
57 |28 |9280 |10 |5/2+,3/2+ |
57 |28 |9340 |10 | |
57 |28 |9400 |10 |5/2+,3/2+ |
57 |28 |9430 |10 |5/2+,3/2+ |
57 |28 |9495 |10 | |
57 |28 |9585 |15 |5/2+,3/2+ |
57 |28 |9705 |15 | |
57 |28 |9790 |15 | |
57 |28 |9865 |15 |5/2+,3/2+ |
57 |28 |9930 |15 |5/2+,3/2+ |
57 |28 |10020 |15 | |
57 |28 |10070 |15 | |
57 |28 |10115 |15 | |
57 |28 |10175 |15 | |
57 |28 |10210 |15 |5/2+,3/2+ |
57 |28 |10240 |15 |5/2+,3/2+ |
57 |28 |10335 |15 | |
57 |28 |10375 |15 | |
57 |28 |10515 |15 |5/2+,3/2+ |
57 |28 |10695 |15 | |
57 |28 |10790 |15 |5/2+,3/2+ |
57 |28 |11120 |15 |(5/2+,3/2+) |
57 |28 |11155 |15 |5/2+,3/2+ |
57 |28 |11195 |15 |5/2+,3/2+ |
57 |28 |11235 |15 | |
57 |28 |11280 |15 | |
57 |28 |11500 |15 | |
57 |28 |12120 |15 | |
57 |28 |13090 |15 | |
57 |28 |13140 |15 | |
57 |28 |13300 |15 | |
57 |28 |30.E+3 |AP | |
58 |28 |0.0 | |0+ |STABLE
58 |28 |1454.21 |9 |2+ |0.652 PS 21
58 |28 |2459.21 |14 |4+ |3.7 PS 4
58 |28 |2775.42 |14 |2+ |0.38 PS +12-9
58 |28 |2902.15 |21 |1+ |69 FS +15-14
58 |28 |2942.56 |18 |0+ |1.46 NS 14
58 |28 |3037.86 |16 |2+ |57 FS 8
58 |28 |3263.66 |22 |2+ |37 FS 5
58 |28 |3269.1 |8 |(2) |57 FS GT
58 |28 |3273.7 |7 |(2) |50 FS GT
58 |28 |3420.55 |18 |3+ |0.26 PS +22-10
58 |28 |3450.9 |5 | |11 FS GT
58 |28 |3524 |5 |4+ |
58 |28 |3531.1 |3 |0+ |0.19 PS 6
58 |28 |3593.71 |25 |1,2+ |33 FS 9
58 |28 |3620.09 |22 |4+ |0.11 PS +8-5
58 |28 |3775.0 |3 |3+ |0.28 PS +14-7
58 |28 |3870 | | |
58 |28 |3898.8 |4 |2+ |23 FS 6
58 |28 |3943.6 |12 | |24 FS GT
58 |28 |4020 | | |
58 |28 |4105.9 |3 |(4+) |
58 |28 |4108.4 |3 |2+ |128 FS 55
58 |28 |4260 |80 |(2+) |
58 |28 |4294.7 |4 |4+ |24 FS +22-18
58 |28 |4347.9 |12 | |17 FS +15-13
58 |28 |4358.7 |7 |(2+,3,4+) |
58 |28 |4383.0 |3 |(5+) |
58 |28 |4404.3 |4 |4+ |43 FS +17-14
58 |28 |4449.6 |4 |1+,2+ |
58 |28 |4474.6 |5 |3- |22 FS 6
58 |28 |4518.3 |8 | |
58 |28 |4538.0 |6 |0+ |31 FS 11
58 |28 |4574.1 |5 |1 |21 FS 3
58 |28 |4752.2 |8 |4+ |
58 |28 |4920.0 |6 | |
58 |28 |4954.0 |8 |1 |14 FS 2
58 |28 |4964.7 |3 |(5+) |
58 |28 |5064.3 |10 | |
58 |28 |5084 |5 | |
58 |28 |5127.5 |4 |6+ |
58 |28 |5156 |11 |2+ |
58 |28 |5166 |10 |1+ |
58 |28 |5170.3 |10 | |
58 |28 |5359.3 |16 |(2) |29 FS GT
58 |28 |5384.5 |4 |6+ |
58 |28 |5394.0 |9 | |41 FS 8
58 |28 |5436.3 |10 |4+ |
58 |28 |5452.2 |4 |1 |13 FS GT
58 |28 |5472.3 |8 |4+ |
58 |28 |5503.5 |10 | |
58 |28 |5528.0 |4 |(1) |7 FS GT
58 |28 |5589.0 |7 |(5-) |
58 |28 |5590.3 |10 |2+ |
58 |28 |5594.2 |6 |4+ |
58 |28 |5706.3 |8 | |
58 |28 |5744.7 |5 |(6+) |
58 |28 |5748.5 |8 |2+ |
58 |28 |5766.3 |8 |4+ |
58 |28 |5803.3 |7 | |
58 |28 |5824.6 |11 | |
58 |28 |5896.4 |7 | |
58 |28 |5905.3 |7 |1+ |25 FS 4
58 |28 |5906 |5 |2+ |
58 |28 |5924 |10 |(0+) |
58 |28 |5942.4 |10 |(0+) |
58 |28 |5963 |10 |(0+) |
58 |28 |5967 |8 |2+,3- |
58 |28 |5982 |10 |(0+) |
58 |28 |6018.4 |10 |3- |
58 |28 |6027.3 |7 |1- |0.85 FS 5
58 |28 |6067.5 |4 |(7+) |
58 |28 |6084.7 |5 |7- |
58 |28 |6116 |10 | |
58 |28 |6145 |15 |3[-] |
58 |28 |6174.3 |8 |2+,3- |
58 |28 |6199 |10 | |
58 |28 |6220 |10 | |
58 |28 |6220.0 |4 |(7+) |
58 |28 |6228.3 |6 |(2+) |
58 |28 |6248 |10 |(2+) |
58 |28 |6271 |10 | |
58 |28 |6274.3 |10 |4[+] |
58 |28 |6308.5 |6 |3- |
58 |28 |6316 |10 |1-,2+ |
58 |28 |6360.6 |11 | |
58 |28 |6389 |10 | |
58 |28 |6402.4 |10 | |
58 |28 |6417 |5 |2+ |
58 |28 |6424.9 |9 |1 |9.3 FS 13
58 |28 |6430.7 |10 |1 |6.9 FS 7
58 |28 |6437 |10 | |
58 |28 |6447 |10 | |
58 |28 |6460 |5 |4+ |
58 |28 |6468.4 |7 |(1+) |
58 |28 |6478.4 |7 |2+ |
58 |28 |6500 |10 | |
58 |28 |6507.2 |11 | |
58 |28 |6549 |10 |(4+) |
58 |28 |6571.4 |10 |2+ |
58 |28 |6598 |10 |(4+) |
58 |28 |6601.3 |8 | |
58 |28 |6604.6 |4 |(8+) |
58 |28 |6665.4 |7 | |
58 |28 |6674 |10 | |
58 |28 |6685.0 |9 |1 |3.6 FS 4
58 |28 |6714 |10 | |
58 |28 |6717.4 |7 | |
58 |28 |6735 |8 |3- |
58 |28 |6752 |5 |2+ |
58 |28 |6763.5 |10 |3- |
58 |28 |6793 |10 |3- |
58 |28 |6805.5 |10 |3- |
58 |28 |6816 |8 |(2+) |
58 |28 |6845.7 |7 |(7+) |
58 |28 |6854.5 |10 |3- |
58 |28 |6863.1 |6 |(6) |
58 |28 |6886 |10 |(2+,3-) |
58 |28 |6892.9 |15 |(1) |11 FS 5
58 |28 |6912 |10 |(2+,3-) |
58 |28 |6925 |10 |4+ |
58 |28 |6935 |10 |4+ |
58 |28 |6960 |10 | |
58 |28 |6983 |5 |2+ |
58 |28 |6992.5 |10 | |
58 |28 |7017 |10 | |
58 |28 |7042 |10 | |
58 |28 |7048.2 |9 |1- |0.83 FS 3
58 |28 |7051 |5 |4+ |
58 |28 |7054.5 |10 | |
58 |28 |7068 |5 |4+ |
58 |28 |7089 |10 | |
58 |28 |7109 |8 |(2+) |
58 |28 |7111 |5 |3- |
58 |28 |7113.5 |7 |(1,2+) |
58 |28 |7131.5 |10 | |
58 |28 |7141 |5 |4+ |
58 |28 |7180 |25 |3- |
58 |28 |7210.4 |10 |3- |
58 |28 |7249.6 |11 |(1) |9 FS 3
58 |28 |7255 |5 |2+ |
58 |28 |7271.7 |7 |1 |0.99 FS 11
58 |28 |7273.7 |6 |7- |
58 |28 |7300.5 |10 |3- |
58 |28 |7314.8 |5 |(8+) |
58 |28 |7380.5 |10 |(1,2+) |
58 |28 |7388.8 |4 |1+ |1.00 FS 5
58 |28 |7420 |5 |3- |
58 |28 |7446.2 |5 |(9+) |
58 |28 |7462 |8 |(1+) |
58 |28 |7514.5 |10 |3- |
58 |28 |7560 |8 |1+ |
58 |28 |7570.5 |10 |2+ |
58 |28 |7585.1 |6 | |
58 |28 |7595.9 |6 |(2) |5.2 FS 8
58 |28 |7603 |8 |(1-) |
58 |28 |7616.0 |10 |(1) |9.5 FS 40
58 |28 |7618 |5 |4+ |
58 |28 |7680.6 |10 |1- |
58 |28 |7709.7 |6 |1+ |0.72 FS 3
58 |28 |7721 |10 | |
58 |28 |7724.3 |5 |(8+) |
58 |28 |7748 |8 |(1+,2-) |
58 |28 |7766.0 |7 |(1) |3.7 FS 6
58 |28 |7807.3 |5 |1- |0.81 FS 10
58 |28 |7820 |8 |4[+] |
58 |28 |7858 |5 |3- |
58 |28 |7860 |5 |4+ |
58 |28 |7862.6 |7 |(1,2+) |
58 |28 |7876.7 |26 |1 |0.9 FS 5
58 |28 |7937 |25 |8- |
58 |28 |7973.6 |6 |(8+) |
58 |28 |7982.8 |6 |(8-) |
58 |28 |8068.6 |12 |(1-) |1.38 FS 17
58 |28 |8074.5 |7 |(8+) |
58 |28 |8096.3 |6 |1 |1.6 FS 3
58 |28 |8100 |15 |4[+] |
58 |28 |8110.6 |10 |(1,2+) |
58 |28 |8115.1 |6 |(8-) |
58 |28 |8120.8 |5 |(9+) |
58 |28 |8134 |5 |3- |
58 |28 |8143 |10 | |
58 |28 |8203 |20 |(1+) |
58 |28 |8237.3 |4 |1- |0.15 FS +3-2
58 |28 |8276 |8 |1+ |
58 |28 |8317.1 |17 |1 |1.9 FS 3
58 |28 |8372 |20 |(1+) |
58 |28 |8395 |8 |2+ |
58 |28 |8395.1 |12 |1- |0.40 FS 8
58 |28 |8419 |10 |1+ |
58 |28 |8461.0 |7 |1+ |0.51 FS 3
58 |28 |8475 |8 |2- |
58 |28 |8493 |15 |(3-,1-) |
58 |28 |8514.1 |4 |1- |0.66 FS 5
58 |28 |8552.7 |13 |1(+) |0.97 FS 8
58 |28 |8600.5 |7 |1+ |0.57 FS 6
58 |28 |8654 |9 |(3-,1-) |
58 |28 |8679.3 |8 |1+ |0.223 FS 11
58 |28 |8692 | | |
58 |28 |8716 |10 | |
58 |28 |8718.1 |6 |(9-) |
58 |28 |8780 |8 |2- |
58 |28 |8797 |5 |3- |
58 |28 |8808 |25 |8- |
58 |28 |8817 |8 |(1+) |
58 |28 |8830 |40 |2+ |
58 |28 |8845 |5 |3- |
58 |28 |8857.4 |6 |1(+) |0.61 FS 12
58 |28 |8880.2 |6 |1- |0.390 FS 17
58 |28 |8896.4 |10 | |
58 |28 |8902 |5 |4+ |
58 |28 |8934.6 |5 |1(-) |0.310 FS 11
58 |28 |8961.3 |7 |1+ |1.20 FS 13
58 |28 |9012 |5 |3- |
58 |28 |9027.2 |7 |(9-) |
58 |28 |9037 |8 |(1+) |
58 |28 |9062.7 |6 |(10+) |
58 |28 |9073.4 |6 |1+ |0.51 FS 3
58 |28 |9113 |10 | |
58 |28 |9156.9 |7 |1+ |0.77 FS 10
58 |28 |9190.7 |5 |1- |0.58 FS 6
58 |28 |9251 |10 |(1+) |
58 |28 |9295 |10 |1+ |
58 |28 |9304 |5 |3- |
58 |28 |9310 |40 |4+ |
58 |28 |9322.1 |9 |(11+) |
58 |28 |9326.4 |6 |1 |0.33 FS 5
58 |28 |9336 |20 |(1+) |
58 |28 |9345.5 |6 |(10-) |
58 |28 |9368.5 |6 |1(+) |0.37 FS 4
58 |28 |9379 |5 |3- |
58 |28 |9407 |10 |(2-) |
58 |28 |9436 |5 |4+ |
58 |28 |9455.4 |18 |1 |2.1 FS 4
58 |28 |9458 |5 |3- |
58 |28 |9523.3 |13 |1- |0.118 FS 13
58 |28 |9554.0 |21 |1 |0.335 FS 20
58 |28 |9585.2 |8 |(9-) |
58 |28 |9588 |5 |4+ |
58 |28 |9630.5 |24 |1 |0.15 FS 3
58 |28 |9632 |5 |4+ |
58 |28 |9643 |10 |(2-) |
58 |28 |9666.9 |8 |(10+) |
58 |28 |9667 |10 |2- |
58 |28 |9667.8 |15 |1 |0.38 FS 13
58 |28 |9672 |5 |3- |
58 |28 |9723.0 |9 |1(-) |0.109 FS 16
58 |28 |9750 |10 |1+ |
58 |28 |9790.6 |10 |(10+) |
58 |28 |9799 |10 | |
58 |28 |9835 |5 |3- |
58 |28 |9843 |5 |1+ |0.26 FS +27-10
58 |28 |9870 |5 |3- |
58 |28 |9886.8 |7 |(10+) |
58 |28 |9890 |40 |2+ |
58 |28 |9929 |5 |3- |
58 |28 |9941 |10 |(2+) |
58 |28 |9956 |5 |3- |
58 |28 |10029 |5 |3- |
58 |28 |10059 |5 |4+ |
58 |28 |10073 |10 |1+ |
58 |28 |10107 |10 |1+ |
58 |28 |10120 |5 |4+ |
58 |28 |10137.2 |12 |(10+) |
58 |28 |10144.7 |6 |(10-) |
58 |28 |10157 |10 |1+ |
58 |28 |10180.8 |6 |(11-) |
58 |28 |10190 |25 |8- |
58 |28 |10192.5 |7 |(11+) |
58 |28 |10209 |5 |3- |
58 |28 |10214 |10 |1+ |
58 |28 |10249 |5 |4+ |
58 |28 |10266 |10 |1+ |
58 |28 |10293.5 |11 |(9-) |
58 |28 |10304 |10 | |
58 |28 |10355 |10 |1+ |
58 |28 |10365 |5 |4+ |
58 |28 |10385 |10 |(1+) |
58 |28 |10394.1 |13 |(10+) |
58 |28 |10404.8 |7 |(9-) |
58 |28 |10434 |10 |(2+) |
58 |28 |10460 |5 |4+ |
58 |28 |10510 |10 |1+ |
58 |28 |10523 |5 |4+ |
58 |28 |10550 |10 |(1+,2-) |
58 |28 |10582 |10 |(1+) |
58 |28 |10586 |5 |3- |
58 |28 |10590 |50 |0+ |
58 |28 |10590.9 |6 |(11-) |
58 |28 |10630 |40 |4+ |
58 |28 |10633 |10 |1+ |
58 |28 |10638 |5 |3- |
58 |28 |10667 |10 |1+ |
58 |28 |10694.7 |7 |(10-) |
58 |28 |10720 |10 |(3-,4+) |
58 |28 |10744 |5 |4+ |
58 |28 |10781.7 |9 |(11+) |
58 |28 |10805 |10 |1+,2- |
58 |28 |10823 |5 |4+ |
58 |28 |10856 |10 |(1-,2+) |
58 |28 |10882.0 |14 |(11+) |
58 |28 |10891 |10 |2+ |
58 |28 |10902 |5 |4+ |
58 |28 |10950 |10 |1+ |
58 |28 |10967 |5 |4+ |
58 |28 |11005.6 |8 |(11-) |
58 |28 |11008 |10 |1+ |
58 |28 |11052 |10 |(1+) |
58 |28 |11080 |10 |(1+) |
58 |28 |11117.0 |8 |(11-) |
58 |28 |11135 |10 |(3-,4+) |
58 |28 |11158 |5 |3- |
58 |28 |11165 |10 |1+ |
58 |28 |11203 |5 |4+ |
58 |28 |11240 |25 |8- |
58 |28 |11255.2 |7 |(11-) |
58 |28 |11266 |10 |(1+) |
58 |28 |11297 |10 |2+ |
58 |28 |11297.7 |7 |(12-) |
58 |28 |11300 |5 |4+ |
58 |28 |11335 |10 |1-,2+ |
58 |28 |11363 |10 |(2-) |
58 |28 |11410 |10 |(2+,3-) |
58 |28 |11413.1 |9 |(11+) |
58 |28 |11434 |5 |4+ |
58 |28 |11450 |25 |(6+) |
58 |28 |11470 |10 |(2-) |
58 |28 |11474.5 |7 |(12+) |
58 |28 |11497 |10 |(3-) |
58 |28 |11536 |10 |(2-) |
58 |28 |11579.3 |8 |(12+) |
58 |28 |11593 |10 |2+ |
58 |28 |11639 |10 |2+,3- |
58 |28 |11678 |10 |1+ |
58 |28 |11728 |5 |4+ |
58 |28 |11734 |10 |2+ |
58 |28 |11792 |10 |(2+) |
58 |28 |11814.3 |8 |(12-) |
58 |28 |11824.7 |11 |(12+) |
58 |28 |11850 |40 |(3-) |
58 |28 |11860 |10 |1+ |
58 |28 |11887 |10 |1+ |
58 |28 |11933 |10 |(3-,4+) |
58 |28 |11990 |10 |(1+) |
58 |28 |11996.4 |7 |(12-) |
58 |28 |12040 |10 |2+ |
58 |28 |12090 |10 | |
58 |28 |12141 |10 |1-,2+ |
58 |28 |12155.1 |10 |(12-) |
58 |28 |12197 |10 |(1+,2+) |
58 |28 |12249 |10 | |
58 |28 |12283 |10 |(1) |
58 |28 |12330 |10 |(2-) |
58 |28 |12356.8 |9 |(12-) |
58 |28 |12364.6 |7 |(12+) |
58 |28 |12386 |10 |(1+) |
58 |28 |12447 |10 |(2+) |
58 |28 |12482 |10 |(2+,4+) |
58 |28 |12500 |25 |8- |
58 |28 |12570.1 |7 |(12+) |
58 |28 |12573 |10 |2+,3- |
58 |28 |12613 |10 |2+ |
58 |28 |12643 |10 |(1+,2+) |
58 |28 |12700 |10 |(2-) |
58 |28 |12719.2 |7 |(12+) |
58 |28 |12744 |10 |(1+,2+) |
58 |28 |12796 |10 |(1+) |
58 |28 |12831.6 |9 |(13-) |
58 |28 |12837 |10 |(2+) |
58 |28 |12858 |10 |2+ |
58 |28 |12912.1 |9 |(13-) |
58 |28 |12928 |4 | |
58 |28 |12931 |10 |2+,3- |
58 |28 |12971 |10 |2+ |
58 |28 |13016.6 |10 |(13-) |
58 |28 |13022 |10 |2+,4+ |
58 |28 |13048.2 |10 |(13-) |
58 |28 |13057 |10 |2+ |
58 |28 |13095.1 |19 |(12+) |
58 |28 |13125 |10 | |
58 |28 |13129.2 |18 |(12+) |
58 |28 |13176 |10 |(1+) |
58 |28 |13233 |10 |2+ |
58 |28 |13238.1 |7 |(13+) |
58 |28 |13260 |10 |2+ |
58 |28 |13305 |10 |(1+,2+) |
58 |28 |13345 |10 |2+ |
58 |28 |13356.6 |9 |(13+) |
58 |28 |13411 |10 |1+ |
58 |28 |13448 |10 |2+ |
58 |28 |13492 |10 | |
58 |28 |13556 |10 |(2+) |
58 |28 |13590 |10 |(1+,2-) |
58 |28 |13606.8 |13 |(12+) |
58 |28 |13632 |4 | |
58 |28 |13649 |10 |2+ |
58 |28 |13685 |10 |(2+) |
58 |28 |13.7E3 |3 | |4.7 MEV 3
58 |28 |13716 |10 |1+ |
58 |28 |13765 |10 |(1+) |
58 |28 |13814 |10 |2+ |
58 |28 |13850.1 |10 |(14-) |
58 |28 |13884.2 |17 |(13+) |
58 |28 |13902 |10 |(2+) |
58 |28 |13929 |10 |(2+) |
58 |28 |13943 |3 | |
58 |28 |13955 |10 |(2+) |
58 |28 |14000 |10 |2+ |
58 |28 |14045 |10 |(2+) |
58 |28 |14081 |10 |1+ |
58 |28 |14127.8 |8 |(14+) |
58 |28 |14138 |10 | |
58 |28 |14180 |10 |(1+) |
58 |28 |14213 |10 |(2+) |
58 |28 |14217.5 |13 |(14-) |
58 |28 |14272 |10 |1-,2+,3- |
58 |28 |14303 |10 |1-,2+,3- |
58 |28 |14337 |10 |2+ |
58 |28 |14383 |10 |2+ |
58 |28 |14441 |10 |(2+) |
58 |28 |14455.8 |16 |(13+) |
58 |28 |14470 |40 |(0+) |
58 |28 |14504 |10 |2+ |
58 |28 |14542 |10 |(2+) |
58 |28 |14598 |10 | |
58 |28 |14630 |10 |2+,3- |
58 |28 |14692 |10 | |
58 |28 |14736 |10 |(2+) |
58 |28 |14823 |10 |2+ |
58 |28 |14852 |10 |(1+) |
58 |28 |14853.1 |11 |(15-) |
58 |28 |14894 |10 |1-,2+ |
58 |28 |14920.9 |11 |(14+) |
58 |28 |14934.7 |12 |(15-) |
58 |28 |14940 |10 |(2+) |
58 |28 |15010.6 |8 |(14+) |
58 |28 |15031.0 |10 |(14+) |
58 |28 |15105.2 |19 | |
58 |28 |15187.0 |23 |(13+) |
58 |28 |15241.9 |14 |(13-) |
58 |28 |15242.0 |18 | |
58 |28 |15266.3 |10 |(14+) |
58 |28 |15294.3 |10 |(14+) |
58 |28 |15324.1 |12 |(14+) |
58 |28 |15400 |AP |(13-) |
58 |28 |15412.6 |14 |(13-) |
58 |28 |15434.1 |14 |(13-) |
58 |28 |15709.3 |9 |(15+) |
58 |28 |15736.9 |8 |(15+) |
58 |28 |15858.2 |9 |(15+) |
58 |28 |16167.2 |20 | |
58 |28 |16171.0 |13 |(15+) |
58 |28 |16246.6 |14 |(16-) |
58 |28 |16496.6 |23 |(16-) |
58 |28 |16567.0 |9 |(16+) |
58 |28 |16.64E3 |12 | |5.81 MEV +16-11
58 |28 |16673 |3 |(14-) |
58 |28 |16676.4 |8 |(16+) |
58 |28 |16707 |3 |(14-) |
58 |28 |16745 |3 |(14-) |
58 |28 |16758 |3 |(14-) |
58 |28 |16798.0 |10 |(15-) |17 PS 11
58 |28 |17019.6 |19 | |
58 |28 |17163.1 |13 |(16+) |
58 |28 |17197 |3 | |
58 |28 |17290.0 |11 |(16+) |
58 |28 |17.42E3 |25 | |3.9 MEV 4
58 |28 |17482 |3 |(15-) |
58 |28 |17530.0 |9 |(17+) |
58 |28 |17582 |3 |(15-) |
58 |28 |17607 |3 |(15-) |
58 |28 |17681.4 |9 |(17+) |
58 |28 |18261.1 |14 |(17+) |
58 |28 |18341.5 |24 |(16-) |
58 |28 |18.43E3 |15 | |7.41 MEV 13
58 |28 |18461.0 |12 |(17-) |
58 |28 |18638.9 |10 |(18+) |
58 |28 |19196 |4 | |
58 |28 |19205.4 |25 |(17-) |
58 |28 |19482.5 |16 |(18+) |
58 |28 |19566.9 |19 |(18+) |
58 |28 |19945.7 |11 |(19+) |
58 |28 |20135.4 |25 |(18-) |
58 |28 |20450.1 |18 |(19-) |
58 |28 |20826.2 |23 |(19+) |
58 |28 |21106.3 |25 |(19-) |
58 |28 |21248.0 |13 |(20+) |
58 |28 |22138 |3 |(20+) |
58 |28 |22211.3 |25 |(20-) |
58 |28 |22239.6 |25 |(20+) |
58 |28 |22767.9 |15 |(21+) |
58 |28 |22800.4 |22 |(21-) |
58 |28 |23331 |3 |(21-) |
58 |28 |23741 |4 |(21+) |
58 |28 |24.03E3 |19 | |4.3 MEV 26
58 |28 |24211.9 |17 |(22+) |
58 |28 |24611 |3 |(22-) |
58 |28 |25141 |4 |(22+) |
58 |28 |25552 |3 |(23-) |
58 |28 |25918 |3 |(23-) |
58 |28 |26059.7 |20 |(23+) |
58 |28 |27366 |4 |(24-) |
58 |28 |28709 |3 |(25-) |
58 |28 |28931 |3 |(25-) |
58 |28 |30491 |4 |(26-) |
58 |28 |31.13E3 |14 | |7.8 MEV 27
58 |28 |32175 |3 |(27-) |
58 |28 |32495 |3 |(27-) |
58 |28 |33972 |4 |(28-) |
58 |28 |36045 |4 |(29-) |
58 |28 |36535 |3 |(29-) |
58 |28 |37810 |4 |(30-) |
58 |28 |40333 |4 |(31-) |
58 |28 |40931 |3 |(31-) |
58 |28 |42007 |4 |(32-) |
58 |28 |X | | |
58 |28 |2868.1+X |10 | |
58 |28 |6083.2+X |15 | |
58 |28 |9667.3+X |18 | |
59 |28 |0.0 | |3/2- |7.6E+4 Y 5
59 |28 |339.421 |13 |5/2- |68 PS 8
59 |28 |464.976 |18 |1/2- |20 PS 4
59 |28 |877.947 |16 |3/2- |0.47 PS 9
59 |28 |1188.792 |20 |5/2- |0.23 PS 4
59 |28 |1301.409 |19 |1/2- |0.111 PS 20
59 |28 |1337.89 |5 |7/2- |0.95 PS 19
59 |28 |1679.704 |23 |5/2- |196 FS 31
59 |28 |1695 |7 | |
59 |28 |1734.722 |21 |3/2- |108 FS 19
59 |28 |1739.24 |20 |(9/2-) |
59 |28 |1746.1 |10 |5/2-,7/2- |76 FS 44
59 |28 |1767.45 |6 |(9/2)- |0.60 PS 13
59 |28 |1947.93 |8 |7/2- |123 FS 21
59 |28 |2330 | |5/2-,7/2- |
59 |28 |2414.970 |20 |3/2- |37 FS 5
59 |28 |2428 |5 | |
59 |28 |2480 | |(3/2+,5/2+) |
59 |28 |2530.40 |13 |(9/2-) |
59 |28 |2535.50 |22 |( 5/2) |
59 |28 |2553.4 | | |
59 |28 |2627.07 |12 |7/2- |
59 |28 |2640 | |(1/2-,3/2-) |
59 |28 |2681.4 |5 |(5/2-) |
59 |28 |2692 |5 | |
59 |28 |2705.02 |8 |(11/2)- |0.35 PS 8
59 |28 |2713 |2 | |
59 |28 |2893.623 |22 |3/2- |30 FS 6
59 |28 |3025.83 |4 |1/2-,3/2- |
59 |28 |3037.5 |20 |7/2- |
59 |28 |3054.33 |11 |9/2+ |
59 |28 |3061 |5 | |
59 |28 |3125.43 |15 |7/2- |
59 |28 |3132 |10 |(1/2-,3/2-) |
59 |28 |3164 | |7/2- |
59 |28 |3181.634 |19 |3/2 |26 FS 3
59 |28 |3196 |10 | |
59 |28 |3296.7 |15 | |
59 |28 |3308.1 |20 | |
59 |28 |3320 |4 | |
59 |28 |3339.4 |13 | |
59 |28 |3353.5 |20 | |
59 |28 |3376.89 |10 |(11/2)- |
59 |28 |3377.40 |5 |(1/2-,3/2) |
59 |28 |3380.5 |19 |(7/2-) |
59 |28 |3414 |5 | |
59 |28 |3429 | | |
59 |28 |3447 |5 |(1/2+) |
59 |28 |3452.46 |5 |3/2- |
59 |28 |3515 |5 | |
59 |28 |3528 |3 | |
59 |28 |3538.54 |21 |(9/2-) |
59 |28 |3540.08 |5 |5/2+ |
59 |28 |3546.0 |3 | |0.21 PS 5
59 |28 |3559.42 |8 |(11/2)- |
59 |28 |3563.12 |4 |1/2-,3/2- |
59 |28 |3600 |10 | |
59 |28 |3640 |4 |5/2- |
59 |28 |3686.206 |25 |(3/2+) |
59 |28 |3730 |10 |7/2- |
59 |28 |3730.43 |5 |(1/2-,3/2) |
59 |28 |3745 |10 | |
59 |28 |3791 |10 | |
59 |28 |3807 | | |
59 |28 |3818 | | |
59 |28 |3853.72 |5 |(1/2-,3/2) |
59 |28 |3858.29 |6 |3/2- |
59 |28 |3889.67 |8 |1/2,3/2,5/2+ |
59 |28 |3910 |10 | |
59 |28 |3944 |10 | |
59 |28 |4005 |10 | |
59 |28 |4021.92 |5 |1/2,3/2,5/2+ |
59 |28 |4036 |10 |(3/2)- |
59 |28 |4087 |10 | |
59 |28 |4103.03 |17 |(11/2+) |
59 |28 |4120 |10 | |
59 |28 |4133 |10 | |
59 |28 |4140.34 |4 |(1/2-,3/2) |4.5 FS 10
59 |28 |4141.06 |9 |(13/2)- |
59 |28 |4154 |10 |1/2-,3/2- |
59 |28 |4160 |20 |7/2- |
59 |28 |4177 |10 |(1/2-,3/2-) |
59 |28 |4213 |10 |(3/2+,5/2+) |
59 |28 |4230 |20 |7/2- |
59 |28 |4253.03 |4 |(3/2-) |
59 |28 |4286 |10 |7/2- |
59 |28 |4328 |10 |(7/2-) |
59 |28 |4352.42 |6 |(1/2-,3/2) |
59 |28 |4397 |11 |7/2- |
59 |28 |4418.78 |21 |(13/2-) |
59 |28 |4419 |10 |(1/2+) |
59 |28 |4441 |10 |5/2-,7/2- |
59 |28 |4455.10 |14 |(13/2)+ |
59 |28 |4470 |10 |7/2- |
59 |28 |4506 |10 |5/2+ |
59 |28 |4542 |7 |5/2-,7/2- |
59 |28 |4557 |10 | |
59 |28 |4615 | |7/2- |
59 |28 |4615.75 |23 |(9/2+) |
59 |28 |4648 | |(1/2+) |
59 |28 |4650 |10 |5/2-,7/2- |
59 |28 |4709 |10 |5/2-,7/2- |
59 |28 |4709 |10 |9/2+ |
59 |28 |4715.38 |5 |(1/2-,3/2) |
59 |28 |4728 |10 |1/2-,3/2- |
59 |28 |4769 | | |
59 |28 |4799 |10 |5/2+ |
59 |28 |4822 |10 | |
59 |28 |4856 |10 | |
59 |28 |4869 |10 | |
59 |28 |4887 |10 | |
59 |28 |4920 |10 | |
59 |28 |4939 |10 | |
59 |28 |4947.19 |11 |(15/2)- |
59 |28 |4960 |10 |1/2-,3/2- |
59 |28 |4968.92 |5 |1/2-,3/2- |
59 |28 |4977 | |7/2- |
59 |28 |5029 | | |
59 |28 |5044 | | |
59 |28 |5062 |10 | |
59 |28 |5068.97 |5 |1/2-,3/2- |
59 |28 |5098.15 |21 |(13/2-) |
59 |28 |5110 | |(1/2+) |
59 |28 |5149 |10 |1/2+ |
59 |28 |5201 | |7/2- |
59 |28 |5213 |10 |5/2+ |
59 |28 |5251.33 |16 |(17/2)+ |
59 |28 |5258 |10 | |
59 |28 |5269 | | |
59 |28 |5292 |10 |(1/2-,3/2-) |
59 |28 |5292.98 |22 |(15/2-) |
59 |28 |5310 |35 |5/2-,7/2- |
59 |28 |5372 |10 |7/2- |
59 |28 |5381.28 |15 |(15/2+) |
59 |28 |5384.72 |5 |(3/2)+ |
59 |28 |5429 |10 |(9/2)+ |
59 |28 |5451 | |7/2- |
59 |28 |5458 |10 |(5/2)+ |
59 |28 |5508 |10 | |
59 |28 |5528 |10 |1/2+ |
59 |28 |5569 |10 |(1/2+) |
59 |28 |5608 |10 | |
59 |28 |5617.30 |7 |1/2(-),3/2,5/2+ |
59 |28 |5632.12 |5 |1/2-,3/2- |
59 |28 |5648 |10 |1/2+ |
59 |28 |5692 |10 |1/2+ |
59 |28 |5702.17 |7 |(1/2-,3/2) |
59 |28 |5747 |10 | |
59 |28 |5754.78 |9 |(1/2-,3/2) |
59 |28 |5771 | | |
59 |28 |5783 |10 | |
59 |28 |5805 |10 |(3/2+,5/2+) |
59 |28 |5821 |10 | |
59 |28 |5844 |10 |(3/2+,5/2+) |
59 |28 |5872 |10 |1/2+,3/2+,5/2+ |
59 |28 |5894 |10 |(5/2)+ |
59 |28 |5924 |10 | |
59 |28 |5943 | | |
59 |28 |5946 |10 |(7/2-) |
59 |28 |5957.23 |5 |1/2+ |
59 |28 |5988 |10 |1/2-,3/2- |
59 |28 |5989.02 |24 |(19/2+) |
59 |28 |5994.10 |7 |1/2(-),3/2,5/2+ |
59 |28 |6013 |10 |(7/2-) |
59 |28 |6030.54 |5 |1/2-,3/2- |
59 |28 |6071 |10 |(9/2+) |
59 |28 |6076.10 |16 |(15/2,17/2)- |
59 |28 |6082 | | 7/2 |
59 |28 |6101.46 |9 |3/2+,5/2+ |
59 |28 |6141.52 |8 |1/2-,3/2- |
59 |28 |6189 |10 |(3/2+) |
59 |28 |6206 |10 |(5/2)+ |
59 |28 |6225 |10 |3/2+,5/2+ |
59 |28 |6245 |10 | |
59 |28 |6269 |10 | |
59 |28 |6284 |10 | |
59 |28 |6305 |10 |(5/2)+ |
59 |28 |6339 |10 |3/2+,5/2+ |
59 |28 |6354 |10 | |
59 |28 |6380 |10 |1/2+ |
59 |28 |6434 |10 | |
59 |28 |6454 |10 |3/2+,5/2+ |
59 |28 |6481 |10 |3/2+,5/2+ |
59 |28 |6502.46 |19 |(19/2-) |
59 |28 |6507 |10 |(3/2+,5/2+) |
59 |28 |6521 |10 | |
59 |28 |6535 |10 | |
59 |28 |6567 |10 | |
59 |28 |6583 |10 | |
59 |28 |6598.37 |7 |(3/2+,5/2+) |
59 |28 |6648 |10 |3/2+,5/2+ |
59 |28 |6679 |10 |(1/2+) |
59 |28 |6690 |10 |(3/2+,5/2+) |
59 |28 |6709 |10 |3/2+,5/2+ |
59 |28 |6726 |10 |3/2+,5/2+ |
59 |28 |6749 |10 |3/2+,5/2+ |
59 |28 |6771 |10 | |
59 |28 |6788 |10 | |
59 |28 |6806 |10 | |
59 |28 |6834 |10 |3/2+,5/2+ |
59 |28 |6859 |10 | |
59 |28 |6880 |10 | |
59 |28 |6895 | | |
59 |28 |6919 |10 |1/2+ |
59 |28 |6942 | |7/2- |
59 |28 |6955 |10 |1/2+ |
59 |28 |6978 | | |
59 |28 |6994 |10 | |
59 |28 |7023 |10 | |
59 |28 |7042 |10 |(7/2)- |
59 |28 |7073 |10 |1/2+,3/2+,5/2+ |
59 |28 |7092 |10 | |
59 |28 |7111 |10 | |
59 |28 |7124 |10 | |
59 |28 |7141 |10 | |
59 |28 |7160 |10 |1/2+ |
59 |28 |7164.0 |3 |(19/2-,21/2-) |
59 |28 |7187 |10 | |
59 |28 |7204 |10 |1/2+,3/2+,5/2+ |
59 |28 |7237 |10 |3/2+,5/2+ |
59 |28 |7263 |10 |(7/2)- |
59 |28 |7270.41 |9 |1/2(-),3/2,5/2+ |
59 |28 |7282 |10 |3/2+,5/2+ |
59 |28 |7302 |9 |7/2- |
59 |28 |7324 |10 |(7/2)- |
59 |28 |7342 |9 |(7/2)- |
59 |28 |7353 |10 |3/2+,5/2+ |
59 |28 |7384 |10 |3/2+,5/2+ |
59 |28 |7408 |10 |3/2+,5/2+ |
59 |28 |7434 |10 |3/2+,5/2+ |
59 |28 |7455 |10 |3/2+,5/2+ |
59 |28 |7478 |10 | |
59 |28 |7491 |10 | |
59 |28 |7504 |10 | |
59 |28 |7521 |10 | |
59 |28 |7539 |10 |3/2+,5/2+ |
59 |28 |7564 | |1/2+ |
59 |28 |7574 | | |
59 |28 |7584 | | |
59 |28 |7604 | |3/2+,5/2+ |
59 |28 |7626 | |3/2+,7/2+ |
59 |28 |7654 | |3/2+,5/2+ |
59 |28 |7684 | |3/2+,5/2+ |
59 |28 |7707 | | |
59 |28 |7733 | | |
59 |28 |7753 | | |
59 |28 |7775 | | |
59 |28 |7802 | |3/2+,5/2+ |
59 |28 |7825 | |3/2+,5/2+ |
59 |28 |7845 | | |
59 |28 |7865 | |1/2+ |
59 |28 |7884 | |3/2+,5/2+ |
59 |28 |7914 | | |
59 |28 |7930 | | |
59 |28 |7950.5 |3 |(19/2-,21/2-) |
59 |28 |7972 | |3/2+,5/2+ |
59 |28 |8019 | |3/2+,5/2+ |
59 |28 |8055 | |3/2+,5/2+ |
59 |28 |8131 | |(21/2+) |
59 |28 |8183 | |3/2+,5/2+ |
59 |28 |8216 | |3/2+,5/2+ |
59 |28 |8240 | |3/2+,5/2+ |
59 |28 |8269 | |3/2+,5/2+ |
59 |28 |8296 | |3/2+,5/2+ |
59 |28 |8337 | |3/2+,5/2+ |
59 |28 |8377 | |3/2+,5/2+ |
59 |28 |8417 | |3/2+,5/2+ |
59 |28 |8469 | |3/2+,5/2+ |
59 |28 |8482 | |(3/2)- |
59 |28 |9081 | |(7/2)- |
59 |28 |9898 | |(25/2+) |
59 |28 |10085 | |(1/2)+ |
59 |28 |10419 | |(23/2-) |
59 |28 |10527 | |(3/2)+ |
59 |28 |10600 | |1/2+ |
59 |28 |11642 | |(27/2-) |
59 |28 |11908 | |(29/2+) |
59 |28 |13226 | |(31/2-) |
59 |28 |14280 | |(33/2+) |
59 |28 |15177 | |(35/2-) |
59 |28 |16465 | | |
59 |28 |17.04E3 |30 |(3/2-) |
59 |28 |17583 | |(37/2+) |
59 |28 |17683 | |(39/2-) |
59 |28 |21101 | |(43/2-) |
59 |28 |22240 | |(41/2+) |
59 |28 |0+X | | |
59 |28 |1771+X | | |
59 |28 |2704+X | | |
59 |28 |3652+X | | |
59 |28 |5802+X | | |
59 |28 |8379+X | | |
59 |28 |11439+X | | |
59 |28 |0+Y | | |
59 |28 |579+Y | | |
59 |28 |1873+Y | | |
59 |28 |3608+Y | | |
59 |28 |5660+Y | | |
59 |28 |8020+Y | | |
59 |28 |8185+Y | | |
59 |28 |11355+Y | | |
60 |28 |0.0 | |0+ |STABLE
60 |28 |1332.514 |4 |2+ |0.735 PS 21
60 |28 |2158.632 |18 |2+ |0.59 PS 17
60 |28 |2284.80 |4 |0+ |1.5 PS GT
60 |28 |2505.753 |4 |4+ |3.3 PS 10
60 |28 |2626.06 |5 |3+ |0.6 PS AP
60 |28 |3119.87 |7 |4+ |0.24 PS 10
60 |28 |3123.698 |25 |2+ |0.23 PS +17-10
60 |28 |3185.98 |6 |(3+) |0.14 PS 4
60 |28 |3193.87 |3 |1+ |53 FS 14
60 |28 |3269.19 |10 |2+ |71 FS 21
60 |28 |3317.829 |25 |0+ |0.24 PS +28-11
60 |28 |3381 |5 | |0.23 PS +35-11
60 |28 |3393.14 |3 |2+ |0.13 PS +6-4
60 |28 |3587.72 |3 |0+ |40 PS LT
60 |28 |3619.46 |9 |3+ |0.2 PS +5-1
60 |28 |3671.16 |11 |4+ |0.06 PS 4
60 |28 |3702.9 |10 |4+ |
60 |28 |3730.82 |8 |4+ |0.21 PS +29-9
60 |28 |3734.44 |6 |2+ |0.11 PS 4
60 |28 |3798.0 |10 |1 |118 FS 15
60 |28 |3871.050 |22 |2+ |3.0 PS GT
60 |28 |3887.36 |7 |2+ |0.07 PS +7-4
60 |28 |3895 |4 | |59 FS 25
60 |28 |3908 |3 |1 |27 FS 5
60 |28 |3925.18 |9 |2+,3+ |0.19 PS +19-8
60 |28 |4006.444 |24 |2+ |21 FS 7
60 |28 |4019.886 |24 |1+ |12 FS 3
60 |28 |4035 |4 | |25 FS 14
60 |28 |4039.89 |6 |3- |22 FS 10
60 |28 |4077.99 |5 |1+,2+ |12 FS GT
60 |28 |4111.96 |9 |2+ |
60 |28 |4165.50 |8 |5+ |0.8 PS 4
60 |28 |4186.19 |24 |(4+) |
60 |28 |4191.2 |10 | |
60 |28 |4265.00 |8 |6+ |0.45 PS +11-21
60 |28 |4294.5 |3 | |
60 |28 |4300.8 |7 | |
60 |28 |4318.58 |5 |2+ |
60 |28 |4335.52 |4 |2 |
60 |28 |4341 |4 |(0+) |29 FS +31-21
60 |28 |4355.56 |14 |2+ |45 FS +26-18
60 |28 |4400.0 |7 | |
60 |28 |4407.46 |8 |5+ |
60 |28 |4450.7 |7 | |
60 |28 |4493.16 |5 |2+ |16 FS 14
60 |28 |4534.14 |14 |2+ |
60 |28 |4547.96 |3 |1+,2+ |
60 |28 |4577.45 |6 |2+ |18 FS LT
60 |28 |4579.0 |5 |(4+) |
60 |28 |4613 |7 | |
60 |28 |4760.23 |9 |1,2 |
60 |28 |4768 |4 | |0.05 PS +6-3
60 |28 |4779.13 |6 | |
60 |28 |4800.0 |5 | |
60 |28 |4843.93 |8 |2+ |6.9 FS 21
60 |28 |4848.9 |6 |1,2,3 |
60 |28 |4859 |4 | |
60 |28 |4891 |10 | |
60 |28 |4928.98 |14 | |
60 |28 |4953.36 |7 | |
60 |28 |4958 |4 |4+ |61 FS 21
60 |28 |4970.6 |10 | |0.06 PS +5-3
60 |28 |4986.00 |8 |(6+) |1.0 PS +25-7
60 |28 |5014.45 |8 |(5-) |
60 |28 |5048.3 |7 |1,2 |
60 |28 |5065.02 |6 |(1-) |2.98 FS 28
60 |28 |5091.1 |10 | |
60 |28 |5106 |4 | |0.03 PS +5-3
60 |28 |5110 |20 |8- |
60 |28 |5120.7 |7 |4+ |
60 |28 |5127.16 |17 | |
60 |28 |5133 |5 | |
60 |28 |5148.51 |8 |6+ |
60 |28 |5174 |5 | |
60 |28 |5191.7 |8 | |
60 |28 |5205 |5 | |16 FS 16
60 |28 |5236.20 |10 |5(+) |
60 |28 |5244 |5 |4+ |0.05 PS +5-3
60 |28 |5264 |10 | |
60 |28 |5288.55 |14 | |
60 |28 |5307 |8 | |
60 |28 |5318 |5 | |
60 |28 |5348.79 |7 |7- |250 PS 21
60 |28 |5379 |5 | |
60 |28 |5396 |10 |3- |
60 |28 |5410.8 |10 | |
60 |28 |5428 |10 | |
60 |28 |5446.98 |11 |2+ |
60 |28 |5449.5 |4 |6+ |
60 |28 |5476.04 |21 | |
60 |28 |5530 |4 |(2+) |20 FS 14
60 |28 |5612.40 |4 | |
60 |28 |5642 |10 | |
60 |28 |5650 | | |
60 |28 |5663.03 |11 |7+ |0.7 PS +21-3
60 |28 |5672.36 |7 | |
60 |28 |5710.79 |4 | |
60 |28 |5741 |10 | |
60 |28 |5780.5 |5 | |
60 |28 |5785.1 |4 |(7+) |
60 |28 |5799 |4 |2+ |
60 |28 |5830.8 |7 | |
60 |28 |5859.9 |5 | |
60 |28 |5878.05 |9 | |
60 |28 |5901.69 |10 |6- |
60 |28 |5902.44 |7 | |
60 |28 |5918.54 |21 | |
60 |28 |5931.1 |11 |1 |21 FS 6
60 |28 |5946 |10 | |
60 |28 |5967.8 |3 | |
60 |28 |5973 |10 |5- |
60 |28 |5992 |10 | |
60 |28 |6028 |10 | |
60 |28 |6054 |10 | |
60 |28 |6066.72 |11 | |
60 |28 |6076.6 |9 |(8) |
60 |28 |6111.5 |10 | |
60 |28 |6112.43 |15 |7+ |
60 |28 |6142 |10 | |
60 |28 |6181.0 |7 |1- |1.80 FS 28
60 |28 |6192 |10 | |
60 |28 |6229.3 |11 |(2+) |20 FS 4
60 |28 |6239.2 |3 | |
60 |28 |6278.34 |11 |(6-) |
60 |28 |6292 |10 | |
60 |28 |6327.21 |15 |2+ |
60 |28 |6362.05 |17 | |
60 |28 |6382.4 |4 |1 |12 FS 3
60 |28 |6403 |10 | |
60 |28 |6431 |10 | |
60 |28 |6461.10 |14 |8+ |1.2 PS +16-5
60 |28 |6465.25 |16 |1- |1.7 FS 5
60 |28 |6489.28 |22 | |
60 |28 |6515.0 |9 |1+ |3.0 FS 5
60 |28 |6516.72 |23 | |
60 |28 |6551 |10 | |
60 |28 |6567.33 |20 | |
60 |28 |6587.6 |6 |1- |1.25 FS 28
60 |28 |6610 |10 | |
60 |28 |6623 |10 | |
60 |28 |6647.17 |9 | |
60 |28 |6658 |10 | |
60 |28 |6672.4 |9 |(9) |
60 |28 |6687 |10 | |
60 |28 |6718.5 |10 |1- |6.7 FS 13
60 |28 |6736.5 |10 |(1) |6 FS 3
60 |28 |6756.4 |3 | |
60 |28 |6761.39 |14 |7(+) |
60 |28 |6765 |10 | |
60 |28 |6791 |10 | |
60 |28 |6810.95 |16 |9- |0.55 PS 28
60 |28 |6834.92 |19 | |
60 |28 |6835.18 |24 | |
60 |28 |6837.2 |3 |8- |0.6 PS +5-2
60 |28 |6859 |10 | |
60 |28 |6892 |10 | |
60 |28 |6911.93 |9 |1+ |1.46 FS 28
60 |28 |6950.4 |13 |(10) |
60 |28 |6996.86 |20 | |
60 |28 |7027.83 |15 |8+ |
60 |28 |7038.7 |7 |1- |1.3 FS 4
60 |28 |7056.27 |14 | |
60 |28 |7101.4 |13 |(10) |
60 |28 |7110 |30 | |
60 |28 |7207.6 |3 | |
60 |28 |7222.80 |11 | |
60 |28 |7250.0 |4 |8+ |
60 |28 |7290 |30 | |
60 |28 |7316.13 |16 | |
60 |28 |7339.68 |25 | |
60 |28 |7360.97 |24 |(8) |
60 |28 |7380.3 |5 |8+ |
60 |28 |7414.16 |23 | |
60 |28 |7433.45 |16 |9+ |
60 |28 |7465.66 |25 |(7-) |
60 |28 |7473.49 |24 |1+ |2.1 FS 3
60 |28 |7495.2 |4 | |
60 |28 |7531.4 |4 |8+ |
60 |28 |7550 |8 |8- |
60 |28 |7552.0 |3 | |
60 |28 |7559.5 |8 |1- |6.5 FS 22
60 |28 |7570 |AP | |
60 |28 |7590 |50 | |
60 |28 |7627.4 |17 | |
60 |28 |7647.4 |7 |1- |0.27 FS 3
60 |28 |7657.6 |8 |1+ |0.97 FS 14
60 |28 |7684.1 |4 | |
60 |28 |7690.0 |3 |1- |0.208 FS 28
60 |28 |7691.4 |3 |(9-) |
60 |28 |7732.5 |4 |8+ |
60 |28 |7747.6 |5 |1- |0.55 FS 21
60 |28 |7760.33 |18 |8- |
60 |28 |7761.8 |3 |1+ |1.7 FS 4
60 |28 |7798.9 |3 | |
60 |28 |7813.5 |13 | |
60 |28 |7818.02 |13 | |
60 |28 |7850.3 |10 |1+ |1.66 FS 28
60 |28 |7880.4 |12 |1+ |2.6 FS 6
60 |28 |7926.7 |17 |1+ |8.2 FS 36
60 |28 |7950.93 |24 |1+ |0.76 FS 14
60 |28 |7980.81 |21 |9+ |
60 |28 |8042.6 |16 |1+ |7.7 FS 28
60 |28 |8044.26 |17 |9- |0.04 PS +31-4
60 |28 |8074.4 |4 |8+ |
60 |28 |8086.0 |5 |1- |0.201 FS 35
60 |28 |8111.8 |12 |1+ |3.0 FS 7
60 |28 |8126.6 |7 |1- |0.45 FS 6
60 |28 |8189.1 |7 |1 |1.04 FS 21
60 |28 |8261.5 |8 |1- |0.40 FS 6
60 |28 |8272.09 |19 |10- |
60 |28 |8286.3 |3 |(1+) |
60 |28 |8294.0 |8 |1- |0.76 FS 28
60 |28 |8351.8 |13 |1+ |2.4 FS 6
60 |28 |8359.3 |15 |1+ |3.4 FS 11
60 |28 |8389.9 |4 |9- |
60 |28 |8407 |4 |1- |6.3 FS 37
60 |28 |8426.69 |12 |9- |
60 |28 |8430 |30 |3- |
60 |28 |8433 |10 |8- |
60 |28 |8451.5 |16 |1 |2.3 FS 6
60 |28 |8464.0 |13 |1- |2.7 FS 7
60 |28 |8485.50 |24 |9- |
60 |28 |8504.7 |3 | |
60 |28 |8515.2 |9 |1- |0.69 FS 14
60 |28 |8521.11 |17 |10- |0.5 PS +6-2
60 |28 |8565.60 |18 | |
60 |28 |8638.5 |3 | |
60 |28 |8655.4 |9 |1- |1.32 FS 28
60 |28 |8656.8 |8 |1+ |0.7 FS 6
60 |28 |8666.21 |22 | |
60 |28 |8688.4 |13 |1+ |2.6 FS 7
60 |28 |8688.92 |23 |10+ |
60 |28 |8747.0 |12 |1- |0.90 FS 21
60 |28 |8768 |4 |1+ |8 FS 8
60 |28 |8778.6 |10 |1+ |1.25 FS 35
60 |28 |8781.6 |10 |1- |1.25 FS 35
60 |28 |8793.6 |9 |1+ |1.11 FS 35
60 |28 |8846.5 |14 |1+ |1.5 FS 4
60 |28 |8871.7 |16 |1+ |1.6 FS 4
60 |28 |8890.5 |12 |1+ |0.83 FS 21
60 |28 |8924.1 |10 |1- |0.36 FS 6
60 |28 |8959 |10 |8- |79 KEV
60 |28 |9010.5 |19 |1- |2.1 FS 7
60 |28 |9045.20 |24 | |
60 |28 |9053.3 |24 |1- |2.9 FS 12
60 |28 |9060 |50 | |
60 |28 |9068.9 |13 |1+ |1.04 FS 28
60 |28 |9076.66 |17 | |
60 |28 |9092.3 |8 |1- |0.132 FS 28
60 |28 |9123.01 |21 |10- |
60 |28 |9132.2 |15 |1- |0.90 FS 21
60 |28 |9132.27 |20 |11- |0.18 PS +10-8
60 |28 |9149 |3 |1- |0.69 FS 35
60 |28 |9208 |10 |8- |127 KEV
60 |28 |9256.0 |25 |1- |1.5 FS 7
60 |28 |9264.30 |24 |11- |
60 |28 |9266.5 |24 |1- |1.4 FS 7
60 |28 |9274.7 |15 |1 |2.6 FS 19
60 |28 |9301.2 |15 |1+ |0.55 FS 21
60 |28 |9308.3 |14 |1- |0.49 FS 21
60 |28 |9346.82 |18 | |
60 |28 |9352.6 |21 |1- |1.9 FS 8
60 |28 |9395.5 |15 |1- |0.83 FS 35
60 |28 |9410.7 |17 |1- |1.2 FS 5
60 |28 |9426.2 |4 |10+ |
60 |28 |9453.1 |16 |1+ |1.0 FS 4
60 |28 |9463.9 |11 |1- |0.21 FS 21
60 |28 |9468 |4 |1+ |1.9 FS 12
60 |28 |9504.9 |17 |1- |10 FS 4
60 |28 |9599.0 |15 |1- |0.62 FS 28
60 |28 |9622.5 |8 |10- |
60 |28 |9640.2 |21 |1- |3.0 FS 26
60 |28 |9659.3 |8 |1- |0.049 FS 14
60 |28 |9665.67 |22 |10+ |
60 |28 |9701.4 |15 |1- |0.8 FS 5
60 |28 |9714.9 |4 |(10+) |
60 |28 |9718.27 |22 |11- |
60 |28 |9721.0 |18 |1- |1.2 FS 8
60 |28 |9751.5 |23 |1- |4.2 FS 35
60 |28 |9760.42 |24 |11- |
60 |28 |9774.8 |20 |1- |1.9 FS 14
60 |28 |9807.5 |19 |1- |1.6 FS 10
60 |28 |9831 |4 |1+ |1.3 FS 6
60 |28 |9832.0 |21 |1- |1.3 FS 6
60 |28 |9871.3 |20 |1- |0.8 FS 6
60 |28 |9887.9 |4 |10+ |
60 |28 |9893.5 |17 |1- |0.49 FS 28
60 |28 |9953.7 |3 | |
60 |28 |9960.14 |23 |11- |
60 |28 |9989.27 |24 |(12-) |0.21 PS +21-7
60 |28 |10029.02 |17 | |
60 |28 |10054.23 |25 |(11-) |
60 |28 |10158.6 |3 |(12-) |
60 |28 |10241.7 |5 |(11-) |
60 |28 |10697.3 |3 |12- |
60 |28 |10788.66 |22 |12- |
60 |28 |10825.23 |25 |11+ |
60 |28 |10872.60 |24 |11+ |
60 |28 |10977.68 |23 |11+ |
60 |28 |10985 |AP | |
60 |28 |11030.60 |21 |11+ |
60 |28 |11044.14 |24 |12+ |
60 |28 |11079.1 |4 |(12-) |
60 |28 |11112.8 |3 |13- |
60 |28 |11120.6 |9 |12- |
60 |28 |11138 |AP | |
60 |28 |11149 |AP | |
60 |28 |11158 |AP | |
60 |28 |11207 |AP |2+ |
60 |28 |11224.9 |5 |(11+) |
60 |28 |11255.23 |20 |12+ |
60 |28 |11387.700 |17 |(1-,2-) |
60 |28 |11429 |AP | |
60 |28 |11443.40 |25 |13- |
60 |28 |11493.6 |5 |(12+) |
60 |28 |11553.3 |3 |13- |
60 |28 |11599 |AP | |
60 |28 |11620 |20 |(1+) |
60 |28 |11647 |AP | |
60 |28 |11702 |AP | |
60 |28 |11732 |AP | |
60 |28 |11750 |30 | |
60 |28 |11785.6 |5 |(12+) |
60 |28 |11851.17 |23 |13+ |
60 |28 |11860 |20 |(1+) |
60 |28 |11878.0 |5 |(13) |
60 |28 |11932 |AP | |
60 |28 |11950 |30 | |
60 |28 |12130 |AP | |
60 |28 |12273.7 |4 |14- |
60 |28 |12333 |10 |8- |
60 |28 |12355 |AP | |
60 |28 |12465 |AP | |
60 |28 |12486.2 |5 |(13+) |
60 |28 |12515 |16 |8- |
60 |28 |12578.4 |3 |14+ |
60 |28 |12742.1 |5 |13+ |
60 |28 |12774.7 |4 |14+ |
60 |28 |12859.3 |6 |13+ |
60 |28 |13037.5 |10 |14- |
60 |28 |13246.3 |4 |13+ |
60 |28 |13282.3 |5 |(14+) |
60 |28 |13353.0 |6 |(14+) |
60 |28 |13615.4 |5 |15- |
60 |28 |13662.2 |4 |15+ |
60 |28 |13760 |30 | |
60 |28 |13810.0 |5 |(15-) |
60 |28 |13908 |10 |8- |
60 |28 |14201.0 |6 |(15+) |
60 |28 |14463.7 |4 |15+ |
60 |28 |14645.5 |5 |16+ |
60 |28 |14670 |30 | |
60 |28 |14803.2 |4 |16+ |
60 |28 |14817 |10 |8- |64 KEV
60 |28 |14933.9 |5 |16+ |
60 |28 |15164.8 |7 |(16+) |
60 |28 |15281.5 |11 |(16-) |
60 |28 |15499 |10 |8- |
60 |28 |16026.6 |5 |17+ |
60 |28 |16098.1 |4 |(17+) |
60 |28 |16110 |23 |8- |
60 |28 |16194.4 |8 |17- |
60 |28 |16242.0 |13 |(17+) |
60 |28 |16842.4 |7 |18+ |
60 |28 |17235.8 |8 |18+ |
60 |28 |17911.6 |7 |19+ |
60 |28 |18131.4 |13 |(18-) |
60 |28 |19238.4 |11 |(19-) |
60 |28 |19504.4 |10 |20+ |
60 |28 |20017.9 |11 |(20+) |
60 |28 |20177.5 |9 |21+ |
60 |28 |22863.5 |13 |(22+) |
60 |28 |22996.5 |12 |23+ |
61 |28 |0.0 | |3/2- |STABLE
61 |28 |67.418 |7 |5/2- |5.34 NS 16
61 |28 |282.956 |7 |1/2- |23 PS 3
61 |28 |656.019 |7 |1/2- |17 PS 4
61 |28 |908.613 |11 |5/2- |0.7 PS 4
61 |28 |917.5 |7 |(7/2)- |
61 |28 |1014.78 |8 |7/2- |4.4 PS 6
61 |28 |1099.624 |11 |3/2- |0.16 PS 4
61 |28 |1132.333 |17 |5/2- |0.32 PS 3
61 |28 |1185.243 |10 |3/2- |0.12 PS 3
61 |28 |1454.82 |10 |7/2- |0.58 PS 25
61 |28 |1609.655 |21 |5/2- |0.26 PS 4
61 |28 |1729.481 |11 |3/2- |0.065 PS 11
61 |28 |1807.5 |3 |9/2- |0.6 PS 5
61 |28 |1978 |7 | |
61 |28 |1987.75 |21 |9/2- |0.51 PS 18
61 |28 |1998.07 |7 |5/2- |0.045 PS 7
61 |28 |2018.1 |5 |7/2- |0.12 PS +8-3
61 |28 |2121.27 |20 |9/2+ |0.40 PS +74-12
61 |28 |2123.913 |17 |1/2- |0.044 PS 15
61 |28 |2128.87 |21 |11/2- |2 PS GT
61 |28 |2409.7 |3 |9/2- |0.19 PS 4
61 |28 |2415 |6 |(3/2-) |
61 |28 |2465 |6 |7/2- |0.236 PS +21-7
61 |28 |2530 |4 |5/2-,7/2- |
61 |28 |2593 |5 |7/2- |
61 |28 |2639.50 |5 |1/2-,3/2- |
61 |28 |2696 |4 |5/2+ |
61 |28 |2707.62 |9 |(3/2-,5/2+) |
61 |28 |2734 | |(7/2-) |
61 |28 |2764.99 |7 |3/2- |
61 |28 |2786 |6 |5/2-,7/2- |
61 |28 |2800 |7 | |
61 |28 |2853 |6 |5/2-,7/2- |
61 |28 |2862.90 |8 |1/2-,3/2- |
61 |28 |2913 |8 |7/2- |
61 |28 |3040 |8 |(1/2-,3/2-) |
61 |28 |3062.14 |5 |1/2+ |
61 |28 |3099 |7 |(3/2-) |
61 |28 |3115 |6 |5/2-,7/2- |
61 |28 |3138 |6 |7/2- |
61 |28 |3144.943 |24 |(1/2-,3/2) |
61 |28 |3175 |8 |(1/2-,3/2-) |
61 |28 |3231.61 |4 |1/2-,3/2- |
61 |28 |3247 |6 | |
61 |28 |3259.2 |5 |(11/2-) |0.46 PS 8
61 |28 |3275 |7 |(1/2-,3/2-) |
61 |28 |3286 |7 | |
61 |28 |3295 | |7/2- |
61 |28 |3298 |10 |(1/2-,3/2-) |
61 |28 |3298.6 |6 |11/2+ |0.60 PS +23-14
61 |28 |3308 |9 |(7/2)- |
61 |28 |3346 |7 | |
61 |28 |3382 |6 |1/2-,3/2- |
61 |28 |3406 |7 | |
61 |28 |3415.11 |4 |(1/2-,3/2) |
61 |28 |3426.23 |21 |13/2- |0.7 PS GT
61 |28 |3427 |10 |(1/2-,3/2-) |
61 |28 |3435.26 |23 |13/2+ |1.0 PS 4
61 |28 |3449 |6 |3/2+,5/2+ |
61 |28 |3470 |6 | |
61 |28 |3488 |6 |9/2+ |
61 |28 |3506 |6 |3/2+,5/2+ |
61 |28 |3525.57 |8 |(1/2,3/2) |
61 |28 |3548 |7 | |
61 |28 |3564 |6 | |
61 |28 |3587 |7 | |
61 |28 |3610 |6 | |
61 |28 |3629 |9 |5/2-,7/2- |
61 |28 |3644.3 |8 |(7/2+) |
61 |28 |3647 |10 |3/2+,5/2+ |
61 |28 |3657 |7 |7/2- |
61 |28 |3665.3 |8 |(9/2+) |
61 |28 |3668.97 |4 |(1/2-,3/2) |
61 |28 |3686 |6 |1/2-,3/2- |
61 |28 |3711.46 |6 |(1/2-,3/2) |
61 |28 |3728 |6 |1/2-,3/2- |
61 |28 |3738.32 |18 |(1/2+) |
61 |28 |3768 | |7/2- |
61 |28 |3776.75 |9 |(1/2-,3/2-) |
61 |28 |3819 |10 |(1/2-,3/2-) |
61 |28 |3837 |7 | |
61 |28 |3857 |6 | |
61 |28 |3869.97 |7 |(1/2,3/2) |
61 |28 |3919 |7 | |
61 |28 |3938 |6 |7/2- |
61 |28 |3963 |5 | |
61 |28 |3994 |6 | |
61 |28 |4019.24 |22 |15/2+ |1.4 PS GT
61 |28 |4024 |7 |7/2- |
61 |28 |4049 |6 |(1/2-,3/2-) |
61 |28 |4080 |6 | |
61 |28 |4103 |7 | |
61 |28 |4126 |6 |(1/2+) |
61 |28 |4143 |7 |7/2- |
61 |28 |4165 |6 |3/2+,5/2+ |
61 |28 |4178.88 |14 |(3/2+) |
61 |28 |4204.2 |4 |(3/2+) |
61 |28 |4215 |10 | |
61 |28 |4231 |6 | |
61 |28 |4239.70 |5 |(3/2+) |
61 |28 |4259 |7 |5/2-,7/2- |
61 |28 |4267 |7 | |
61 |28 |4288 |6 | |
61 |28 |4306 |8 | |
61 |28 |4314 |10 |(1/2+) |
61 |28 |4336 |6 |(1/2+) |
61 |28 |4354 |6 | |
61 |28 |4376 |6 |7/2- |
61 |28 |4389 |9 | |
61 |28 |4403 |10 | |
61 |28 |4427 |6 | |
61 |28 |4439.87 |13 |(1/2-,3/2) |
61 |28 |4455 |7 | |
61 |28 |4476 |6 |(3/2+,5/2+) |
61 |28 |4487 | |7/2- |
61 |28 |4502 |6 |(3/2+,5/2+) |
61 |28 |4514.66 |13 |(1/2-,3/2) |
61 |28 |4522 |10 | |
61 |28 |4544 |6 | |
61 |28 |4568 |6 |(3/2+,5/2+) |
61 |28 |4578 |8 |3/2+,5/2+ |
61 |28 |4586 | |7/2- |
61 |28 |4601 |6 | |
61 |28 |4624 |6 | |
61 |28 |4641 |6 | |
61 |28 |4652 |9 |7/2- |
61 |28 |4667 |6 | |
61 |28 |4685 |6 | |
61 |28 |4701 |7 | |
61 |28 |4720 |7 | |
61 |28 |4736 |10 |7/2- |
61 |28 |4741 |7 | |
61 |28 |4756 |6 |3/2+,5/2+ |
61 |28 |4793.10 |16 |7/2- |
61 |28 |4818.6 |6 |(17/2+) |1.1 PS LT
61 |28 |4833 |6 | |
61 |28 |4854 |9 |(1/2-,3/2-) |
61 |28 |4861 |7 | |
61 |28 |4872 |10 |7/2- |
61 |28 |4881 |7 | |
61 |28 |4883 |10 |(1/2+) |
61 |28 |4907 |6 |(1/2+) |
61 |28 |4930 |7 | |
61 |28 |4951 |6 |7/2- |
61 |28 |4968 |6 |(3/2+,5/2+) |
61 |28 |4989 |6 |(3/2+,5/2+) |
61 |28 |5008 |7 | |
61 |28 |5024 |7 |(7/2-) |
61 |28 |5036.21 |9 |(1/2-,3/2-) |
61 |28 |5060 |7 |1/2+ |
61 |28 |5079 |10 |7/2- |
61 |28 |5098 |7 |1/2-,3/2- |
61 |28 |5116.57 |17 |1/2-,3/2- |
61 |28 |5152 |10 | |
61 |28 |5166 |7 |(1/2+) |
61 |28 |5185 |7 |1/2+ |
61 |28 |5208 |8 |3/2+,5/2+ |
61 |28 |5220 |10 | |
61 |28 |5244 |7 |7/2- |
61 |28 |5267 |7 | |
61 |28 |5280 |10 | |
61 |28 |5295 |10 |(1/2-,3/2-) |
61 |28 |5309 |10 |1/2+ |
61 |28 |5316.3 |11 |(15/2,17/2,19/2+) |
61 |28 |5337 |7 | |
61 |28 |5356 |10 |(1/2-,3/2-) |
61 |28 |5370 |7 | |
61 |28 |5390.82 |14 |(1/2,3/2) |
61 |28 |5406 |7 | |
61 |28 |5439 |7 |1/2-,3/2- |
61 |28 |5460 |7 | |
61 |28 |5487 |7 | |
61 |28 |5508 |7 | |
61 |28 |5528 |7 |3/2+,5/2+ |
61 |28 |5550 |10 | |
61 |28 |5574 |10 |1/2-,3/2- |
61 |28 |5588 |10 |1/2+ |
61 |28 |5601 |10 | |
61 |28 |5622 |7 |3/2+,5/2+ |
61 |28 |5645 |10 |(1/2-,3/2-) |
61 |28 |5652 | |(3/2+) |
61 |28 |5659 |10 |1/2-,3/2- |
61 |28 |5703 |10 |1/2+ |
61 |28 |5723 |10 |(3/2+,5/2+) |
61 |28 |5742 |10 |3/2+,5/2+ |
61 |28 |5761 | | |
61 |28 |5796 |10 | |
61 |28 |5804 |10 | |
61 |28 |5821 |10 | |
61 |28 |5842 |10 | |
61 |28 |5859 |10 |(1/2+) |
61 |28 |5883 |10 | |
61 |28 |5894 |10 |(3/2+,5/2+) |
61 |28 |5914 |10 |(3/2+,5/2+) |
61 |28 |5934 |10 |(3/2+,5/2+) |
61 |28 |5955.48 |17 |3/2+ |
61 |28 |5987 |10 |1/2+ |
61 |28 |6016 |10 |(3/2+,5/2+) |
61 |28 |6041 |10 | |
61 |28 |6072 |10 | |
61 |28 |6085 |10 |(3/2+,5/2+) |
61 |28 |6102 |10 |(3/2+,5/2+) |
61 |28 |6135 |10 |(3/2+,5/2+) |
61 |28 |6148 |10 | |
61 |28 |6166 |10 | |
61 |28 |6176 |10 | |
61 |28 |6184 |10 | |
61 |28 |6200 | | |
61 |28 |6227 |10 | |
61 |28 |6249 |10 |(3/2+,5/2+) |
61 |28 |6269 |10 | |
61 |28 |6289 |10 |(1/2+) |
61 |28 |6314 |10 | |
61 |28 |6346 |10 |3/2+,5/2+ |
61 |28 |6371 |10 |3/2+,5/2+ |
61 |28 |6391 |10 | |
61 |28 |6413 |10 | |
61 |28 |6427 |10 |(3/2+,5/2+) |
61 |28 |6444 |10 |(3/2+,5/2+) |
61 |28 |6471 |10 | |
61 |28 |6492 |10 | |
61 |28 |6515 |10 |(1/2-,3/2-) |
61 |28 |6538 |10 |(1/2-,3/2-) |
61 |28 |6556 |10 | |
61 |28 |6575.67 |18 |(3/2+) |
61 |28 |6589 |10 |(3/2+,5/2+) |
61 |28 |6609 |10 |3/2+,5/2+ |
61 |28 |6615.8 |3 | |
61 |28 |6630 |10 | |
61 |28 |6661 |10 |(3/2+,5/2+) |
61 |28 |6676 |10 |(3/2+,5/2+) |
61 |28 |6706 |10 | |
61 |28 |6732 |10 | |
61 |28 |6748 |10 | |
61 |28 |6767 |10 | |
61 |28 |6776 |10 | |
61 |28 |6803 |10 | |
61 |28 |6818 |10 | |
61 |28 |6838 |10 | |
61 |28 |6849 |10 | |
61 |28 |6878 |10 | |
61 |28 |6908 |10 | |
61 |28 |6923 |10 | |
61 |28 |6928 |10 | |
61 |28 |6939 |10 | |
61 |28 |6971 |10 | |
61 |28 |6993 |10 | |
61 |28 |7008 |10 | |
61 |28 |7036 |10 | |
61 |28 |7051 |10 | |
61 |28 |7099 |50 | |
61 |28 |7137 |50 | |
61 |28 |7185 |50 | |
61 |28 |7206 |50 | |
61 |28 |7232 |50 | |
61 |28 |7276 |50 | |
61 |28 |7312 |50 | |
61 |28 |7374 |50 | |
61 |28 |7437 |50 | |
61 |28 |7469 |50 | |
61 |28 |7509 |50 | |
61 |28 |7557 |50 | |
61 |28 |7604 |50 | |
61 |28 |7620 |50 | |
61 |28 |7698 |50 | |
61 |28 |7722 |50 | |
61 |28 |7747 |50 | |
61 |28 |7811 |50 | |
61 |28 |7820.081 |18 |1/2+ |
61 |28 |7821.42 |5 | |
61 |28 |7822.6 |6 |3/2- |
61 |28 |7825.56 |5 |3/2- |
61 |28 |7826 |50 | |
61 |28 |7832.12 |5 |1/2- |
61 |28 |7832.5 |7 |1/2+ |
61 |28 |7833.50 |5 |1/2- |
61 |28 |7841.05 |5 |1/2- |
61 |28 |7843.53 |5 |1/2-,3/2- |
61 |28 |7843.64 |5 | |
61 |28 |7848.11 |5 |1/2- |
61 |28 |7848.16 |5 |1/2- |
61 |28 |7848.32 |5 |1/2+ |
61 |28 |7849.13 |5 |1/2- |
61 |28 |7849.90 |5 |1/2-,3/2- |
61 |28 |7852.61 |5 |1/2-,3/2- |
61 |28 |7852.98 |5 |1/2-,3/2- |
61 |28 |7859.03 |5 |1/2-,3/2- |
61 |28 |7862.15 |5 |1/2-,3/2- |
61 |28 |7862.42 |5 |1/2- |
61 |28 |7862.54 |5 |1/2+ |
61 |28 |7865 |50 | |
61 |28 |7866.90 |5 |1/2- |
61 |28 |7866.96 |5 |1/2-,3/2- |
61 |28 |7866.99 |5 |1/2- |
61 |28 |7868.5 |10 |1/2- |
61 |28 |7869.13 |5 |1/2- |
61 |28 |7870.24 |5 |1/2- |
61 |28 |7870.89 |5 | |
61 |28 |7871.94 |5 |1/2- |
61 |28 |7875.52 |5 | |
61 |28 |7876.10 |5 |1/2- |
61 |28 |7883.97 |5 |1/2- |
61 |28 |7884.13 |5 |1/2- |
61 |28 |7884.28 |5 |1/2+ |
61 |28 |7884.66 |5 |1/2-,3/2- |
61 |28 |7890.36 |5 | |
61 |28 |7892.17 |5 |1/2-,3/2- |
61 |28 |7897 |50 | |
61 |28 |7897.11 |5 |1/2- |
61 |28 |7898.91 |5 |1/2-,3/2- |
61 |28 |7900.80 |5 |1/2-,3/2- |
61 |28 |7903.77 |5 |1/2-,3/2- |
61 |28 |7904.93 |5 |1/2-,3/2- |
61 |28 |7905.58 |5 |1/2+ |
61 |28 |7906.62 |5 |1/2-,3/2- |
61 |28 |7908.45 |5 |1/2- |
61 |28 |7910.32 |5 |1/2-,3/2- |
61 |28 |7912.41 |5 |1/2-,3/2- |
61 |28 |7914.11 |5 |1/2- |
61 |28 |7915.64 |5 |1/2-,3/2- |
61 |28 |7916.58 |5 |1/2+ |
61 |28 |7917.96 |5 |1/2-,3/2- |
61 |28 |7920.59 |5 |1/2- |
61 |28 |7926.26 |5 |1/2+ |
61 |28 |7926.86 |5 |3/2- |
61 |28 |7929.85 |5 | |
61 |28 |7930.34 |5 |1/2-,3/2- |
61 |28 |7930.61 |5 |1/2-,3/2- |
61 |28 |7931.65 |5 |1/2-,3/2- |
61 |28 |7932.20 |5 |1/2- |
61 |28 |7938.63 |5 |1/2- |
61 |28 |7938.76 |5 | |
61 |28 |7939.08 |5 |1/2-,3/2- |
61 |28 |7941.81 |5 |1/2-,3/2- |
61 |28 |7942.20 |5 | |
61 |28 |7945.45 |5 | |
61 |28 |7945.78 |5 |1/2-,3/2- |
61 |28 |7947.86 |5 |1/2-,3/2- |
61 |28 |7951.55 |5 |1/2-,3/2- |
61 |28 |7952 |50 | |
61 |28 |7953.51 |5 |1/2- |
61 |28 |7954.00 |5 |1/2-,3/2- |
61 |28 |7954.27 |5 |1/2-,3/2- |
61 |28 |7955.19 |5 |1/2-,3/2- |
61 |28 |7955.42 |5 |1/2-,3/2- |
61 |28 |7957.00 |5 |1/2+ |
61 |28 |7957.48 |5 |1/2-,3/2- |
61 |28 |7957.83 |5 |1/2 |
61 |28 |7957.95 |5 | |
61 |28 |7962.97 |5 |1/2- |
61 |28 |7963.58 |5 | |
61 |28 |7965.32 |5 |1/2-,3/2- |
61 |28 |7966.58 |5 | |
61 |28 |7969.15 |5 |1/2-,3/2- |
61 |28 |7972.04 |5 |1/2-,3/2- |
61 |28 |7974.04 |5 |1/2+ |
61 |28 |7974.32 |5 |1/2-,3/2- |
61 |28 |7977.81 |5 |1/2-,3/2- |
61 |28 |7978.81 |5 | |
61 |28 |7979.28 |5 |1/2+ |
61 |28 |7979.73 |5 |1/2- |
61 |28 |7983.72 |5 | |
61 |28 |7984.68 |5 |(3/2+,5/2+) |
61 |28 |7985.10 |5 |1/2- |
61 |28 |7988.03 |5 | |
61 |28 |7989.53 |5 |1/2- |
61 |28 |7990.03 |5 |1/2- |
61 |28 |7991.92 |5 |1/2-,3/2- |
61 |28 |7992.32 |5 |1/2-,3/2- |
61 |28 |7997.22 |5 |1/2- |
61 |28 |8000.09 |5 |3/2- |
61 |28 |8000.76 |5 |1/2-,3/2- |
61 |28 |8003.05 |5 |1/2+ |
61 |28 |8003.84 |5 |1/2-,3/2- |
61 |28 |8008.55 |11 |1/2-,3/2- |
61 |28 |8009.71 |5 |3/2- |
61 |28 |8011.24 |5 |1/2-,3/2- |
61 |28 |8011.50 |6 | |
61 |28 |8012.89 |5 | |
61 |28 |8013.64 |5 | |
61 |28 |8015.80 |5 |1/2+ |
61 |28 |8017.68 |6 |1/2+ |
61 |28 |8018.38 |6 |5/2+ |
61 |28 |8019.48 |6 |1/2-,3/2- |
61 |28 |8022.85 |6 |1/2-,3/2- |
61 |28 |8023.42 |6 |1/2-,3/2- |
61 |28 |8025.46 |7 |1/2-,3/2- |
61 |28 |8025.76 |7 | |
61 |28 |8026.57 |7 | |
61 |28 |8029.68 |7 | |
61 |28 |8030.91 |6 |1/2-,3/2- |
61 |28 |8031.48 |5 |1/2-,3/2- |
61 |28 |8036.74 |6 |1/2-,3/2- |
61 |28 |8037.29 |5 |1/2-,3/2- |
61 |28 |8037.62 |5 | |
61 |28 |8040.48 |7 | |
61 |28 |8042.86 |5 |1/2- |
61 |28 |8045.76 |5 |1/2-,3/2- |
61 |28 |8046.70 |5 |5/2+ |
61 |28 |8050.00 |6 |1/2-,3/2- |
61 |28 |8050.36 |6 |1/2-,3/2- |
61 |28 |8051.52 |6 |1/2-,3/2- |
61 |28 |8053.10 |5 |1/2-,3/2- |
61 |28 |8054.40 |6 |1/2- |
61 |28 |8054.65 |6 |1/2-,3/2- |
61 |28 |8060.36 |6 |1/2-,3/2- |
61 |28 |8062.89 |7 |1/2-,3/2- |
61 |28 |8065.04 |6 |3/2- |
61 |28 |8068.05 |5 |1/2+ |
61 |28 |8068.57 |7 |1/2-,3/2- |
61 |28 |8069.25 |7 |3/2- |
61 |28 |8070.19 |7 | |
61 |28 |8070.53 |7 |1/2-,3/2- |
61 |28 |8072.05 |5 |1/2+ |
61 |28 |8072.15 |7 |1/2-,3/2- |
61 |28 |8073.35 |7 |1/2-,3/2- |
61 |28 |8073.75 |5 |1/2+ |
61 |28 |8074.55 |7 |1/2-,3/2- |
61 |28 |8075.84 |11 |1/2-,3/2- |
61 |28 |8076.86 |7 |1/2-,3/2- |
61 |28 |8078.38 |7 |1/2-,3/2- |
61 |28 |8079.08 |7 |1/2-,3/2- |
61 |28 |8081.50 |7 |1/2-,3/2- |
61 |28 |8081.97 |7 |1/2- |
61 |28 |8084.43 |7 |1/2- |
61 |28 |8084.81 |7 |1/2-,3/2- |
61 |28 |8085.07 |7 |1/2-,3/2- |
61 |28 |8089.35 |7 |1/2- |
61 |28 |8089.54 |7 | |
61 |28 |8092.60 |7 |1/2- |
61 |28 |8092.88 |7 | |
61 |28 |8093.96 |7 |3/2- |
61 |28 |8094.85 |5 |1/2+ |
61 |28 |8095.86 |7 |3/2- |
61 |28 |8097.37 |7 |1/2-,3/2- |
61 |28 |8098.37 |7 |1/2-,3/2- |
61 |28 |8098.78 |7 |3/2- |
61 |28 |8101.09 |7 |1/2- |
61 |28 |8104.04 |7 |1/2-,3/2- |
61 |28 |8106.25 |7 |1/2-,3/2- |
61 |28 |8107.49 |5 |1/2+ |
61 |28 |8108.23 |7 |3/2- |
61 |28 |8109.16 |9 | |
61 |28 |8109.62 |9 |1/2-,3/2- |
61 |28 |8109.99 |9 |1/2-,3/2- |
61 |28 |8111.22 |9 |1/2- |
61 |28 |8112.79 |11 |1/2- |
61 |28 |8114.84 |9 |1/2- |
61 |28 |8115.73 |9 |3/2+ |
61 |28 |8117.51 |7 |3/2+ |
61 |28 |8121.66 |11 |1/2-,3/2- |
61 |28 |8122.65 |7 |3/2- |
61 |28 |8123.22 |7 | |
61 |28 |8123.97 |11 |1/2-,3/2- |
61 |28 |8125.73 |7 | |
61 |28 |8126.54 |11 |1/2-,3/2- |
61 |28 |8127.74 |7 | |
61 |28 |8128.68 |11 | |
61 |28 |8132.07 |5 |1/2+ |
61 |28 |8132.09 |11 | |
61 |28 |8133.28 |7 | |
61 |28 |8136.57 |11 |3/2- |
61 |28 |8137.64 |11 |1/2-,3/2- |
61 |28 |8139.39 |11 |1/2- |
61 |28 |8140.04 |5 |1/2+ |
61 |28 |8141.12 |11 |1/2- |
61 |28 |8142.31 |11 |3/2+ |
61 |28 |8144.0 |5 |1/2-,3/2- |
61 |28 |8144.47 |11 |1/2- |
61 |28 |8145.92 |11 |1/2- |
61 |28 |8148.99 |11 |3/2- |
61 |28 |8150.46 |7 |(1/2)- |
61 |28 |8150.92 |11 |3/2+ |
61 |28 |8153.12 |5 |1/2+ |
61 |28 |8153.74 |11 |1/2- |
61 |28 |8155.87 |11 |1/2- |
61 |28 |8156.09 |11 |1/2- |
61 |28 |8157.31 |11 |1/2- |
61 |28 |8158.50 |11 | |
61 |28 |8159.93 |11 |1/2- |
61 |28 |8162.77 |5 | |
61 |28 |8163.39 |11 |(1/2)- |
61 |28 |8163.99 |11 |3/2+ |
61 |28 |8164.50 |7 | |
61 |28 |8166.79 |9 |3/2+ |
61 |28 |8168.71 |11 |3/2+ |
61 |28 |8169.90 |11 |3/2+ |
61 |28 |8171.96 |5 |1/2+ |
61 |28 |8173.07 |11 |1/2- |
61 |28 |8173.76 |11 |3/2- |
61 |28 |8175.36 |11 |1/2- |
61 |28 |8180.10 |11 |1/2- |
61 |28 |8182.80 |7 | |
61 |28 |8183.05 |11 |3/2+ |
61 |28 |8183.84 |11 |1/2- |
61 |28 |8184.72 |5 |3/2+ |
61 |28 |8185.67 |5 |3/2+ |
61 |28 |8187.04 |7 | |
61 |28 |8187.66 |11 |1/2- |
61 |28 |8188.72 |11 |1/2- |
61 |28 |8190.78 |5 |1/2+ |
61 |28 |8190.80 |11 |1/2- |
61 |28 |8191.85 |7 |1/2- |
61 |28 |8192.52 |11 | |
61 |28 |8193.58 |11 | |
61 |28 |8193.76 |11 |3/2- |
61 |28 |8195.28 |11 |1/2- |
61 |28 |8195.65 |11 | |
61 |28 |8196.40 |7 | |
61 |28 |8197.31 |7 |1/2+ |
61 |28 |8199.84 |11 | |
61 |28 |8200.23 |7 | |
61 |28 |8201.89 |11 |3/2+ |
61 |28 |8202.32 |11 |1/2- |
61 |28 |8202.93 |7 | |
61 |28 |8203.06 |7 | |
61 |28 |8206.94 |11 |3/2 |
61 |28 |8208.60 |11 |1/2- |
61 |28 |8210.69 |11 |1/2- |
61 |28 |8211.94 |11 |3/2+ |
61 |28 |8212.77 |11 |1/2- |
61 |28 |8214.58 |11 |1/2- |
61 |28 |8215.81 |11 |1/2- |
61 |28 |8216.64 |11 |3/2- |
61 |28 |8217.36 |11 |1/2- |
61 |28 |8217.82 |7 | |
61 |28 |8219.23 |7 | |
61 |28 |8220.81 |11 |1/2- |
61 |28 |8221.68 |11 |1/2-,3/2- |
61 |28 |8223.61 |11 |3/2+ |
61 |28 |8227.13 |7 |1/2+ |
61 |28 |8228.64 |11 |3/2+ |
61 |28 |8228.94 |11 |3/2+ |
61 |28 |8231.38 |11 | |
61 |28 |8232.12 |11 | |
61 |28 |8233.28 |11 |1/2- |
61 |28 |8235.61 |7 | |
61 |28 |8235.92 |5 |1/2+ |
61 |28 |8237.30 |7 | |
61 |28 |8238.12 |11 |3/2+ |
61 |28 |8239.74 |11 |1/2- |
61 |28 |8240.49 |11 |1/2- |
61 |28 |8242.85 |11 |1/2- |
61 |28 |8243.63 |11 |3/2+ |
61 |28 |8244.40 |11 |1/2- |
61 |28 |8245.49 |11 |3/2+ |
61 |28 |8248.81 |21 |3/2+ |
61 |28 |8250.00 |21 |1/2- |
61 |28 |8250.94 |5 |1/2+ |
61 |28 |8251.79 |11 |3/2+ |
61 |28 |8252.27 |7 | |
61 |28 |8252.89 |7 | |
61 |28 |8253.54 |7 | |
61 |28 |8254.17 |11 |3/2+ |
61 |28 |8254.92 |7 | |
61 |28 |8257.34 |21 |1/2+ |
61 |28 |8258.42 |7 | |
61 |28 |8260.00 |21 |1/2- |
61 |28 |8260.86 |7 |1/2+ |
61 |28 |8261.70 |7 | |
61 |28 |8262.19 |7 | |
61 |28 |8264.19 |7 |3/2- |
61 |28 |9550 | |7/2- |
62 |28 |0.0 | |0+ |STABLE
62 |28 |1172.98 |10 |2+ |1.45 PS 4
62 |28 |2048.68 |12 |0+ |0.76 PS +76-28
62 |28 |2301.84 |13 |2+ |0.58 PS +16-9
62 |28 |2336.52 |14 |4+ |0.86 PS +24-13
62 |28 |2890.63 |20 |0+ |3.1 PS GT
62 |28 |3058.76 |17 |3+ |2.3 PS +14-7
62 |28 |3157.96 |16 |2+ |0.62 PS +11-10
62 |28 |3176.7 |3 |4+ |0.73 PS 17
62 |28 |3257.62 |21 |2+ |0.71 PS 17
62 |28 |3262 |8 |(2,4)+ |
62 |28 |3269.97 |20 |1+,2+ |0.125 PS 14
62 |28 |3277.69 |23 |4+ |0.195 PS +34-18
62 |28 |3369.98 |20 |1+ |0.19 PS 9
62 |28 |3378 |3 | |
62 |28 |3462 |3 |1+:4+ |
62 |28 |3486 |3 | |
62 |28 |3518.23 |22 |2+ |0.201 PS 38
62 |28 |3522.54 |18 |2+,3+ |0.15 PS +6-5
62 |28 |3524.4 |5 |0+ |0.7 PS +5-2
62 |28 |3756.5 |3 |3- |0.149 PS +34-22
62 |28 |3849.4 |3 |0+,1+,2+ |
62 |28 |3859.6 |4 |1+,2+ |0.277 PS +17-9
62 |28 |3967 |3 |+ |
62 |28 |3972.9 |4 |2+ |0.111 PS 35
62 |28 |4000.5 |10 |4+ |0.042 PS +28-21
62 |28 |4011.0 |15 | |0.90 PS GT
62 |28 |4018.88 |25 |(6)+ |0.62 PS 28
62 |28 |4035 |7 |(0:3)+ |
62 |28 |4055.3 |3 |4+ |0.042 PS +15-10
62 |28 |4062.4 |5 |1+,2+ |
62 |28 |4146.0 |8 |(4+) |0.34 PS +21-11
62 |28 |4151.4 |3 |2+,3+ |0.034 PS 9
62 |28 |4154.2 |4 |(4+) |
62 |28 |4161.26 |24 |(5-) |1.4 PS LT
62 |28 |4179 |3 | |
62 |28 |4201.0 |4 |(3,4)- |
62 |28 |4208.8 |21 | |
62 |28 |4230.0 |10 |0+ |
62 |28 |4317.2 |11 |1+,2+ |
62 |28 |4393 |7 |(1:5)+ |
62 |28 |4407 |4 |2+ |
62 |28 |4415.9 |5 |1+,2+ |
62 |28 |4424 |3 | |
62 |28 |4437 |4 |(3-) |
62 |28 |4455 |4 | |
62 |28 |4503 |4 |(3)- |
62 |28 |4623 |5 |0+ |
62 |28 |4627.5 |10 |2+,3+ |
62 |28 |4648.9 |3 |(7-) |509 PS 24
62 |28 |4655 |5 |3- |
62 |28 |4704 |7 | |
62 |28 |4712 |5 |2+ |
62 |28 |4719.9 |7 |(3)- |
62 |28 |4781 |5 |2+ |
62 |28 |4835 |7 | |
62 |28 |4847 |7 |(1:5)(+) |
62 |28 |4861 |5 |(2+) |
62 |28 |4863.3 |3 |5-,6- |8.39 PS 14
62 |28 |4882 |5 |4+ |
62 |28 |4949 |7 | |
62 |28 |4967 |7 | |
62 |28 |4981 |7 |(4+) |
62 |28 |4994 |6 |3- |
62 |28 |4999.7 |14 |1+,2+ |
62 |28 |5016 |5 |4+ |
62 |28 |5041 |10 |(3-:6-) |
62 |28 |5071 |10 | |
62 |28 |5121 |10 | |
62 |28 |5148 |5 |(2+) |
62 |28 |5154 |10 |(2+,4+) |
62 |28 |5203 |5 |2+ |
62 |28 |5222 |10 | |
62 |28 |5233 |10 | |
62 |28 |5280 |10 | |
62 |28 |5286 |6 |(2+) |
62 |28 |5310 | |2+ |
62 |28 |5331 |10 |(3)- |
62 |28 |5355 |5 |4+ |
62 |28 |5393 |10 | |
62 |28 |5420 |5 |(4+) |
62 |28 |5447 |5 |0+ |
62 |28 |5465 |6 | |
62 |28 |5488 |10 | |
62 |28 |5511 |10 | |
62 |28 |5.53E3 |10 |6+ |
62 |28 |5541 |5 |2+ |
62 |28 |5545 |10 |3-:6- |
62 |28 |5565 |10 | |
62 |28 |5574 |5 |2+ |
62 |28 |5587 |10 | |
62 |28 |5601 |10 | |
62 |28 |5628 |6 |3- |
62 |28 |5673 |10 |5- |
62 |28 |5679 |8 | |
62 |28 |5709 |10 | |
62 |28 |5739 |10 | |
62 |28 |5751.2 |3 |(9-) |0.55 PS 21
62 |28 |5772 |10 | |
62 |28 |5806.1 |4 |(7,8,9) |1.4 PS LT
62 |28 |5808 |6 |(3-) |
62 |28 |5834 |10 |- |
62 |28 |5846 |10 | |
62 |28 |5859 |10 | |
62 |28 |5870 |10 | |
62 |28 |5888 |8 |(4+) |
62 |28 |5901 |10 | |
62 |28 |5912 |8 |4+ |
62 |28 |5930 | |2+ |
62 |28 |5961 |10 | |
62 |28 |5979 |10 | |
62 |28 |5993 |10 |(1-,2-) |
62 |28 |6023 |10 | |
62 |28 |6026 |10 | |
62 |28 |6047 |8 |(3-) |
62 |28 |6059 |10 |7- |
62 |28 |6073 |8 | |
62 |28 |6103 |10 |1-:4- |
62 |28 |6126 |8 | |
62 |28 |6133 |10 | |
62 |28 |6143 |10 | |
62 |28 |6160 |9 | |
62 |28 |6170 |10 | |
62 |28 |6253 |9 |(4+) |
62 |28 |6313 |9 |1-:4- |
62 |28 |6354 |8 |2+ |
62 |28 |6398 |8 |4+ |
62 |28 |6454 |8 | |
62 |28 |6520 | |3- |
62 |28 |6540 |80 |1-,2- |
62 |28 |6647.0 |3 |(9-) |
62 |28 |6680 | | |
62 |28 |6750 |80 |1-,2- |
62 |28 |6900 |25 |(1-,2-) |
62 |28 |7030 | |3- |
62 |28 |7080 |30 | |
62 |28 |7170 | |8+ |
62 |28 |7260 | |1-:4- |
62 |28 |7559.4 |4 |(11-) |0.83 PS 42
62 |28 |7620 | |6+ |
62 |28 |7645.6 |4 |1- |
62 |28 |7700 | | |
62 |28 |7800 |25 |1-:4- |
62 |28 |8130 |25 |(1-:4-) |
62 |28 |8460 |25 |(2-:5-) |
62 |28 |10596.1 |4 |1-,2- |
62 |28 |10597.1 |3 |1- |
62 |28 |10598.9 |3 |1+ |
62 |28 |10599.0 |3 |2- |
62 |28 |10602.0 |3 |1+ |
62 |28 |10602.2 |3 |1+ |
62 |28 |10602.8 |3 |1- |
62 |28 |10603.2 |3 |2- |
62 |28 |10604.1 |3 |2- |
62 |28 |10605.7 |3 |1+ |
62 |28 |10608.2 |3 |2- |
62 |28 |10608.9 |3 |1+ |
62 |28 |10609.2 |3 |2- |
62 |28 |10609.5 |3 |2+ |
62 |28 |10609.9 |3 |1+ |
62 |28 |10612.1 |3 |1- |
62 |28 |10613.3 |3 |1- |
62 |28 |10614.3 |3 |2- |
62 |28 |10616.8 |3 |2- |
62 |28 |10616.9 |3 |1+ |
62 |28 |10619.9 |3 |1- |
62 |28 |10623.5 |3 |2- |
62 |28 |10624.3 |3 |1- |
62 |28 |10624.4 |3 |2- |
62 |28 |10625.8 |3 |2- |
62 |28 |10626.3 |3 |1- |
62 |28 |10627.0 |3 |2- |
62 |28 |10627.9 |3 |2- |
62 |28 |10628.8 |3 |1- |
62 |28 |10629.8 |3 |1+ |
62 |28 |10632.2 |3 |1- |
62 |28 |10632.2 |3 |2- |
62 |28 |10632.5 |3 |1+ |
62 |28 |10636.4 |3 |1- |
62 |28 |10638.6 |3 |2- |
62 |28 |10640.4 |3 |1- |
62 |28 |10640.4 |3 |2+ |
62 |28 |10641.1 |3 |1- |
62 |28 |10641.6 |3 |1- |
62 |28 |10645.3 |3 |2- |
62 |28 |10645.6 |3 |2- |
62 |28 |10646.2 |3 |1+ |
62 |28 |10646.4 |3 |1+ |
62 |28 |10647.3 |3 |1+ |
62 |28 |10648.1 |3 |2- |
62 |28 |10649.6 |3 |1- |
62 |28 |10651.3 |3 |2- |
62 |28 |10652.8 |3 |2- |
62 |28 |10653.0 |3 |2- |
62 |28 |10654.1 |3 |1+ |
62 |28 |10655.5 |3 |2- |
62 |28 |10655.6 |3 |2- |
62 |28 |10658.0 |3 |1+ |
62 |28 |10658.4 |3 |1+ |
62 |28 |10658.7 |3 |2- |
62 |28 |10660.4 |3 |2- |
62 |28 |10663.0 |3 |2- |
62 |28 |10664.3 |3 |2- |
62 |28 |10664.3 |3 |1- |
62 |28 |10665.3 |3 |1+ |
62 |28 |10667.5 |3 |2- |
62 |28 |10671.8 |3 |2- |
62 |28 |10671.8 |3 |1- |
62 |28 |10673.4 |3 |1+ |
62 |28 |10673.5 |3 |2- |
62 |28 |10674.9 |3 |2- |
62 |28 |10677.3 |3 |1- |
62 |28 |10677.6 |3 |1- |
62 |28 |10678.4 |3 |2- |
62 |28 |10681.1 |3 |1+ |
62 |28 |10682.8 |3 |1- |
62 |28 |10688.3 |3 |2- |
62 |28 |10690.6 |3 |1- |
62 |28 |10690.9 |3 |2+ |
62 |28 |10691.2 |3 |1+ |
62 |28 |10692.2 |3 |1- |
62 |28 |10692.5 |3 |2- |
62 |28 |10695.7 |3 |2- |
62 |28 |10698.7 |3 |1- |
62 |28 |10699.2 |3 |2- |
62 |28 |10700.0 |3 |1- |
62 |28 |10702.2 |3 |2- |
62 |28 |10703.3 |3 |1+ |
62 |28 |10703.5 |3 |2- |
62 |28 |10704.0 |3 |1+ |
62 |28 |10704.7 |3 |1+ |
62 |28 |10706.2 |3 |2- |
62 |28 |10708.4 |3 |2- |
62 |28 |10711.2 |3 |2- |
62 |28 |10712.1 |3 |1- |
62 |28 |10712.8 |3 |2- |
62 |28 |10714.3 |3 |2- |
62 |28 |10715.0 |3 |2- |
62 |28 |10716.6 |3 |2- |
62 |28 |10719.2 |3 |2- |
62 |28 |10720.7 |3 |2- |
62 |28 |10721.1 |3 |1- |
62 |28 |10721.8 |3 |2- |
62 |28 |10723.8 |3 |1- |
62 |28 |10724.4 |3 |1- |
62 |28 |10724.8 |3 |2- |
62 |28 |10729.7 |3 |2- |
62 |28 |10730.7 |3 |2- |
62 |28 |10731.7 |3 |2- |
62 |28 |10734.2 |3 |2- |
62 |28 |10735.4 |3 |1- |
62 |28 |10736.1 |3 |2- |
62 |28 |10736.8 |3 |2- |
62 |28 |10738.6 |3 |2- |
62 |28 |10740.7 |3 |1+ |
62 |28 |10741.2 |3 |2- |
62 |28 |10742.7 |3 |2- |
62 |28 |10746.3 |3 |2- |
62 |28 |10747.1 |3 |1- |
62 |28 |10748.0 |3 |2- |
62 |28 |10748.5 |3 |2- |
62 |28 |10749.7 |3 |1- |
62 |28 |10752.3 |3 |1- |
62 |28 |10753.1 |3 |2- |
62 |28 |10754.9 |3 |2- |
62 |28 |10757.8 |3 |1- |
62 |28 |10759.7 |3 |1- |
62 |28 |10760.6 |3 |2- |
62 |28 |10763.7 |3 |2- |
62 |28 |10766.1 |3 |2- |
62 |28 |10767.0 |3 |1- |
62 |28 |10769.8 |3 |1- |
62 |28 |10772.4 |3 |2- |
62 |28 |10774.7 |3 |2- |
62 |28 |10776.5 |3 |2- |
62 |28 |10778.3 |3 |1- |
62 |28 |10781.5 |3 |2- |
62 |28 |10786.5 |3 |1- |
62 |28 |10787.8 |3 |2- |
62 |28 |10790.9 |3 |2- |
62 |28 |10793.3 |3 |1- |
62 |28 |10796.0 |3 |2- |
62 |28 |10798.5 |3 |1+ |
62 |28 |10799.1 |3 |1- |
62 |28 |10800.6 |3 |1+ |
62 |28 |10802.2 |3 |3+ |
62 |28 |10803.0 |3 |2- |
62 |28 |10804.6 |3 |3+ |
62 |28 |10805.9 |3 |1+ |
62 |28 |10807.1 |3 |2- |
62 |28 |10810.3 |3 |2- |
62 |28 |10812.4 |3 |2- |
62 |28 |10817.1 |3 |2- |
62 |28 |10819.2 |3 |2- |
62 |28 |10822.7 |3 |2- |
62 |28 |10824.3 |4 |2- |
62 |28 |10824.4 |5 |1- |
62 |28 |10827.8 |3 |2- |
62 |28 |10828.5 |3 |1- |
62 |28 |10832.2 |3 |2- |
62 |28 |10832.3 |5 |1- |
62 |28 |10845.6 |3 |2- |
62 |28 |10849.8 |3 |1- |
62 |28 |10851.4 |3 |2- |
62 |28 |10855.3 |3 |2- |
62 |28 |10858.7 |3 |2- |
62 |28 |10868.7 |3 |2- |
62 |28 |10876.1 |3 |2- |
62 |28 |10878.9 |3 |2- |
62 |28 |10882.5 |3 |2- |
62 |28 |10884.4 |3 |2- |
62 |28 |10885.7 |3 |2- |
62 |28 |10888.2 |3 |2- |
62 |28 |10891.2 |3 |2- |
62 |28 |10970 |20 |2- |
62 |28 |11010 |20 |1- |
63 |28 |0.0 | |1/2- |101.2 Y 15
63 |28 |87.15 |11 |5/2- |1.67 US 3
63 |28 |155.55 |15 |3/2- |
63 |28 |517.55 |20 |3/2- |
63 |28 |1001.1 |4 |1/2- |0.29 PS +21-16
63 |28 |1068.99 |23 |(5/2)- |
63 |28 |1251.1 |4 | |
63 |28 |1291.83 |21 |(9/2)+ |3.33 NS 21
63 |28 |1324.04 |22 |3/2- |
63 |28 |1451.7 |4 |(5/2,7/2,9/2)- |
63 |28 |1657 |10 | |
63 |28 |1677 |10 | |
63 |28 |1787 |10 |5/2-,7/2- |
63 |28 |1899 |10 |5/2-,7/2- |
63 |28 |2149 |10 |3/2- |
63 |28 |2183.5 |3 |(11/2+,13/2+) |3.60 PS 55
63 |28 |2261.7 |5 |(5/2,7/2)- |
63 |28 |2297 |10 |5/2+ |
63 |28 |2353.1 |4 | |
63 |28 |2519 |10 |(9/2)+ |
63 |28 |2573 |10 |(7/2+,9/2+) |
63 |28 |2675 |10 |(3/2+,5/2+) |
63 |28 |2696.6 |4 |1/2- |
63 |28 |2814.5 |3 | |0.49 PS 21
63 |28 |2822 |10 |(1/2-,3/2-) |
63 |28 |2953 |10 |1/2+ |
63 |28 |2980 | | |
63 |28 |3013 |10 | |
63 |28 |3022 |10 | |
63 |28 |3075 |10 | |
63 |28 |3104 |10 |3/2+,5/2+ |
63 |28 |3179 |10 |5/2-,7/2- |
63 |28 |3237 | | |
63 |28 |3254 |10 | |
63 |28 |3284.1 |24 | |
63 |28 |3292 |10 |5/2+ |
63 |28 |3336 |10 |3/2+,5/2+ |
63 |28 |3427 |10 |(1/2-,3/2-) |
63 |28 |3471 |10 | |
63 |28 |3522 |10 |3/2+,5/2+ |
63 |28 |3551 |10 |5/2-,7/2- |
63 |28 |3594 |10 |(5/2-,7/2-) |
63 |28 |3608 |10 | |
63 |28 |3632.6 |5 | |
63 |28 |3680 |10 | |
63 |28 |3694 |10 | |
63 |28 |3723 |10 |3/2+,5/2+ |
63 |28 |3739.7 |4 | |
63 |28 |3769 |10 | |
63 |28 |3780 |10 | |
63 |28 |3792 |10 | |
63 |28 |3804 |10 | |
63 |28 |3836 |10 | |
63 |28 |3889 |10 | |
63 |28 |3932 |10 |5/2+ |
63 |28 |3951 |10 |5/2+ |
63 |28 |4022 |10 | |
63 |28 |4033 |10 |(1/2-,3/2-) |
63 |28 |4055.8 |9 | |
63 |28 |4074 |10 |1/2+ |
63 |28 |4106 |10 | |
63 |28 |4267 |10 |1/2+ |
63 |28 |4313 |10 |(1/2-,3/2-) |
63 |28 |4331 | | |
63 |28 |4358 |10 |(5/2-,7/2-) |
63 |28 |4387 |10 |5/2+ |
63 |28 |4449 |10 |3/2+,5/2+ |
63 |28 |4461.0 |12 | |
63 |28 |4488 |10 |(1/2-,3/2-) |
63 |28 |4555 |10 | |
63 |28 |4586 |10 | |
63 |28 |4622 |10 |3/2+,5/2+ |
63 |28 |4692 |10 |1/2+ |
63 |28 |4722 |10 | |
63 |28 |4799 |10 | |
63 |28 |4812 |10 | |
63 |28 |4828 |10 | |
63 |28 |4876 |10 |1/2+ |
63 |28 |4919 |10 | |
63 |28 |4957 |10 |1/2+ |
63 |28 |5026 |10 | |
63 |28 |5060 |10 |(3/2+,5/2+) |
63 |28 |5093 |10 | |
63 |28 |5123 |10 | |
63 |28 |5142 |10 |(5/2-,7/2-) |
63 |28 |5178 |10 |(1/2+) |
63 |28 |5240 |30 |3/2+,5/2+ |
63 |28 |5370 |30 |3/2+,5/2+ |
63 |28 |5450 |30 |3/2+,5/2+ |
63 |28 |5600 |30 |3/2+,5/2+ |
63 |28 |5710 |30 |3/2+,5/2+ |
63 |28 |5860 |30 | |
63 |28 |5930 |30 |3/2+,5/2+ |
63 |28 |6000 |30 | |
63 |28 |6070 |30 |3/2+,5/2+ |
63 |28 |6160 |30 | |
63 |28 |6280 |30 |3/2+,5/2+ |
63 |28 |6320 |30 | |
63 |28 |6440 |30 |1/2+ |
63 |28 |6500 |30 |3/2+,5/2+ |
63 |28 |11850 |15 |(7/2)- |
64 |28 |0.0 | |0+ |STABLE
64 |28 |1345.75 |5 |2+ |1.088 PS 35
64 |28 |2276.56 |5 |(2)+ |
64 |28 |2485 |6 | |
64 |28 |2610.1 |1 |4+ |1.73 PS 28
64 |28 |2867.3 |4 |(0)+ |0.04 PS 2
64 |28 |2972.08 |5 |(1,2+) |0.13 PS +13-5
64 |28 |3025.83 |5 |(0+) |
64 |28 |3166.1 |5 |4+ |0.13 PS +17-5
64 |28 |3275.98 |5 |2+ |0.21 PS 2
64 |28 |3395.7 |3 |(4)+ |
64 |28 |3463.61 |5 |(0+,1,2,3-) |
64 |28 |3482 |5 |(2+,3,4+) |
64 |28 |3560.4 |4 |3- |3.3 PS AP
64 |28 |3647.98 |6 |1+,2+ |
64 |28 |3749.00 |6 |(1,2+) |
64 |28 |3749.4 |4 |(4+) |
64 |28 |3797 |5 |(1+to4+) |
64 |28 |3808 |7 | |
64 |28 |3848.9 |3 |5- |
64 |28 |3965 |5 | |
64 |28 |4085.2 |4 |4+ |
64 |28 |4137 |7 | |
64 |28 |4172.3 |4 |(6-) |
64 |28 |4174 |7 | |
64 |28 |4216 |3 |4+ |
64 |28 |4244 |6 | |
64 |28 |4263 |5 | |
64 |28 |4285 |7 |(1+to5+) |
64 |28 |4348 |4 | |
64 |28 |4369 |7 | |
64 |28 |4398 |6 | |
64 |28 |4412 |7 | |
64 |28 |4455 |6 | |
64 |28 |4475 |7 | |
64 |28 |4493 |4 |2+ |
64 |28 |4521 |6 | |
64 |28 |4531.7 |4 |(7-) |
64 |28 |4548 |7 | |
64 |28 |4573.14 |5 |2+ |0.036 PS 6
64 |28 |4584 |7 | |
64 |28 |4615.60 |6 |(1,2+) |
64 |28 |4640.67 |5 |2+ |0.025 PS 4
64 |28 |4670 |7 | |
64 |28 |4692 |6 | |
64 |28 |4704.08 |6 |(0+,1,2,3-) |
64 |28 |4721 |3 |4+ |
64 |28 |4741 |7 | |
64 |28 |4762 |4 |(1,2) |
64 |28 |4801 |7 |(1+to5+) |
64 |28 |4868.52 |5 |(1,2+) |
64 |28 |4889 |4 |(2)+ |
64 |28 |4925 |6 | |
64 |28 |4962.0 |8 | |
64 |28 |4991 |5 |2+ |
64 |28 |5010 |7 | |
64 |28 |5027 |7 | |
64 |28 |5065 |10 | |
64 |28 |5093 |3 |4+ |
64 |28 |5107 |10 | |
64 |28 |5123 |10 | |
64 |28 |5155.51 |6 |(0+,1,2,3-) |
64 |28 |5169 |7 | |
64 |28 |5188 |10 | |
64 |28 |5215 |3 |4+ |
64 |28 |5229 |10 | |
64 |28 |5264 |10 | |
64 |28 |5287 |7 |(2+,3,4+) |
64 |28 |5332 |10 | |
64 |28 |5354 |7 | |
64 |28 |5370 |3 |3- |
64 |28 |5386 |7 | |
64 |28 |5408 |6 |2+ |
64 |28 |5418.21 |6 |(1)- |
64 |28 |5441 |10 |(5-) |
64 |28 |5484 |3 |(3-) |
64 |28 |5507 |10 | |
64 |28 |5536 |7 | |
64 |28 |5567 |10 | |
64 |28 |5614 |10 |(2+) |
64 |28 |5663 |7 |(1+to5+) |
64 |28 |5734 |3 |4+ |
64 |28 |5768.66 |7 |(1,2,3)- |
64 |28 |5812.1 |7 |(8+) |
64 |28 |5817 |6 |3- |
64 |28 |5843 |10 | |
64 |28 |5870 |10 | |
64 |28 |5902 |10 |(1-,2-) |
64 |28 |5976 |10 |(1+to5+) |
64 |28 |6018 |3 |3- |
64 |28 |6030 |50 |(6+) |
64 |28 |6060 |10 |(1,2)- |
64 |28 |6116 |3 |3- |
64 |28 |6182 |10 | |
64 |28 |6220 |10 | |
64 |28 |6452 |8 |(1+,2+) |
64 |28 |6512 |10 |(1-,2-) |
64 |28 |6622 |10 | |
64 |28 |6656 |10 | |
64 |28 |6687 |10 |(1,2)- |
64 |28 |6754 |10 | |
64 |28 |6822 |10 | |
64 |28 |6838 |10 | |
64 |28 |6861 |10 | |
64 |28 |7020 |10 |(1,2) |
64 |28 |7130 |10 | |
64 |28 |7220 |10 |(1,2) |
64 |28 |7.30E3 |10 |( 4-) |
64 |28 |7730 |10 |(1,2) |
64 |28 |7.95E3 |10 |( 4-) |
64 |28 |8240 |10 |(1,2) |
65 |28 |0.0 | |5/2- |2.5175 H 5
65 |28 |63.37 |5 |1/2- |69 US 3
65 |28 |310.08 |22 |3/2- |
65 |28 |693.23 |22 |3/2- |
65 |28 |1017.01 |10 |9/2+ |25.6 NS 11
65 |28 |1141.7 |8 |(7/2-,9/2-) |
65 |28 |1274.1 |5 |(5/2-) |
65 |28 |1417.6 |10 |1/2- |
65 |28 |1556 |10 |7/2+,9/2+ |
65 |28 |1594 |10 |7/2- |
65 |28 |1772 |10 |(3/2)- |
65 |28 |1920.4 |3 |5/2+ |
65 |28 |2096 |10 | |
65 |28 |2146.8 |5 |3/2- |
65 |28 |2163 |10 | |
65 |28 |2185.74 |21 |(11/2+) |
65 |28 |2302 |10 | |
65 |28 |2324.7 |5 | |
65 |28 |2336 |10 | |
65 |28 |2510 | |7/2+,9/2+ |
65 |28 |2519.34 |22 |(13/2+) |
65 |28 |2520 |10 |3/2+,5/2+ |
65 |28 |2574 |10 | |
65 |28 |2698 |10 | |
65 |28 |2711.5 |5 |3/2+ |
65 |28 |2793 |10 |5/2+ |
65 |28 |2829 |10 |1/2+ |
65 |28 |2902 |10 |3/2+,5/2+ |
65 |28 |2906.36 |25 |(13/2+) |
65 |28 |3009.8 |7 |3/2+ |
65 |28 |3044 |10 | |
65 |28 |3108 |10 |(1/2-,3/2-) |
65 |28 |3197 |10 | |
65 |28 |3261 |10 | |
65 |28 |3278.7 |6 |3/2+,5/2+ |
65 |28 |3354 |10 |5/2+ |
65 |28 |3401 |10 |1/2+ |
65 |28 |3411 |10 |(3/2+,5/2+) |
65 |28 |3451 |10 |(3/2+,5/2+) |
65 |28 |3463 |10 | |
65 |28 |3483 |10 | |
65 |28 |3509 |10 |(3/2+,5/2+) |
65 |28 |3522.8 |3 |(15/2+) |
65 |28 |3563 |10 |5/2+ |
65 |28 |3569 |10 | |
65 |28 |3743 |10 |3/2+,5/2+ |
65 |28 |3907 |10 |3/2+,5/2+ |
65 |28 |3937 |10 | |
65 |28 |3962.2 |10 |(3/2+,5/2+) |
65 |28 |3984 |10 | |
65 |28 |4011.1 |5 |(17/2+) |
65 |28 |4012 |10 |3/2+,5/2+ |
65 |28 |4061 |10 | |
65 |28 |4084 |10 |3/2+,5/2+ |
65 |28 |4108 |10 |3/2+,5/2+ |
65 |28 |4134 |10 |3/2+,5/2+ |
65 |28 |4165 |10 | |
65 |28 |4199 |10 |1/2+ |
65 |28 |4252 |10 |(1/2+) |
65 |28 |4299 |10 | |
65 |28 |4343 |10 |1/2+ |
65 |28 |4373 |10 | |
65 |28 |4391 |10 |3/2+,5/2+ |
65 |28 |4408 |10 | |
65 |28 |4443 |10 |3/2+,5/2+ |
65 |28 |4482 |10 | |
65 |28 |4507 |10 | |
65 |28 |4536 |10 | |
65 |28 |4568 |10 |3/2+,5/2+ |
65 |28 |4590 |10 | |
65 |28 |4632 |10 | |
65 |28 |4650 |10 |3/2+,5/2+ |
65 |28 |4677 |10 | |
65 |28 |4712 |10 | |
65 |28 |4750 |10 | |
65 |28 |4781 |10 | |
65 |28 |4808 |10 | |
65 |28 |4834 |10 |3/2+,5/2+ |
65 |28 |4860 |10 | |
65 |28 |4879 |10 |1/2+ |
65 |28 |4902 |10 | |
65 |28 |4916 |10 | |
65 |28 |4934 |10 | |
65 |28 |4949 |10 | |
65 |28 |4972 |10 |3/2+,5/2+ |
65 |28 |5009 |10 | |
65 |28 |5029 |10 | |
65 |28 |5066 |10 |3/2+,5/2+ |
65 |28 |5090 |10 | |
65 |28 |5123 |10 |3/2+,5/2+ |
65 |28 |5133 |10 | |
65 |28 |5193 |10 |3/2+,5/2+ |
65 |28 |5212 |10 | |
65 |28 |5340 |15 |3/2+,5/2+ |
65 |28 |5530 |15 | |
65 |28 |5600 |15 | |
65 |28 |5650 |15 | |
65 |28 |5710 |15 | |
65 |28 |5810 |20 | |
65 |28 |5860 |20 | |
65 |28 |5900 |15 | |
65 |28 |6000 |20 | |
65 |28 |6090 |20 | |
65 |28 |6120 |15 | |
65 |28 |6180 |15 | |
65 |28 |6250 |15 |3/2+,5/2+ |
65 |28 |6330 |15 | |
65 |28 |6380 |15 | |
65 |28 |6470 |15 |(3/2+,5/2+) |
65 |28 |6510 |15 |(3/2+,5/2+) |
65 |28 |6620 |15 | |
65 |28 |6690 |20 | |
65 |28 |6740 |15 | |
65 |28 |6870 |15 | |
66 |28 |0 | |0+ |54.6 H 3
66 |28 |1424.8 |10 |2+ |0.8 PS 2
66 |28 |2445 |1 |0+ |
66 |28 |2664 |10 |(0+) |
66 |28 |2670.8 |13 |(3+) |
66 |28 |2916 |1 |2+ |
66 |28 |2965 |10 |0+ |
66 |28 |3185.44 |15 |(4+) |
66 |28 |3230.6 |3 |2+ |
66 |28 |3370.9 |4 |3- |
66 |28 |3390 |50 |(5-) |
66 |28 |3541.34 |18 | |
66 |28 |3599.3 |6 |(6-) |4.3 NS 4
66 |28 |3646 |10 | |
66 |28 |3678 |10 |3- |
66 |28 |3725.2 |6 | |
66 |28 |3746 |10 |2+ |
66 |28 |3782 |10 | |
66 |28 |4028 |10 | |
66 |28 |4070.4 |7 | |
66 |28 |4089.4 |6 |7- |
66 |28 |4125 |10 |(4+) |
66 |28 |4407 |10 | |
66 |28 |4500 |10 | |
66 |28 |4655 |10 | |
66 |28 |4696 |10 | |
66 |28 |4738 |10 | |
66 |28 |4760 |50 |(5-) |
66 |28 |4796 |10 | |
66 |28 |4919 |10 | |
66 |28 |4967 |10 | |
66 |28 |5109 |10 | |
66 |28 |5157 |10 | |
66 |28 |5174.9 |7 |(8)+ |
66 |28 |5192 |10 | |
66 |28 |5237 |10 | |
66 |28 |5260 |10 | |
66 |28 |5327 |10 | |
66 |28 |5368 |10 | |
66 |28 |5503 |10 | |
66 |28 |5584 |10 | |
66 |28 |5612 |10 | |
66 |28 |5660 |10 | |
66 |28 |5745 |10 | |
66 |28 |5787 |10 | |
66 |28 |5836 |10 | |
66 |28 |5885 |10 | |
66 |28 |6004 |10 | |
66 |28 |6027 |10 | |
66 |28 |6074 |10 | |
66 |28 |6122 |10 | |
66 |28 |6166 |10 | |
66 |28 |6217 |10 | |
66 |28 |6267 |10 | |
66 |28 |6304 |10 | |
66 |28 |6339 |10 | |
66 |28 |6384 |10 | |
66 |28 |6457 |10 | |
66 |28 |6525 |10 | |
66 |28 |6556 |10 | |
66 |28 |6579.8 |9 |(10+) |
66 |28 |6600 |10 | |
66 |28 |6665 |10 | |
66 |28 |6730 |10 | |
67 |28 |0 | |(1/2)- |21 S 1
67 |28 |694.1 | |(5/2-) |150 PS 4
67 |28 |1007.2 | |(9/2+) |13.3 US 2
67 |28 |1140 |30 | |
67 |28 |1710 |22 | |
67 |28 |1970 |40 | |
67 |28 |2155 | |(5/2-) |
67 |28 |2390 | | |
67 |28 |3680 |50 | |
68 |28 |0.0 | |0+ |29 S 2
68 |28 |1770 |30 |0+ |270 NS 5
68 |28 |2034.08 |16 |2+ |0.31 PS 5
68 |28 |2511.9 |3 |(0+) |15 NS LT
68 |28 |2743.82 |16 |(2)+ |
68 |28 |2849.1 |3 |5- |0.86 MS 5
68 |28 |3120.9 |3 | |
68 |28 |3149.2 |3 |(4+) |
68 |28 |3444.4 |3 |(6-,7-) |
68 |28 |3543.4 |3 | |
68 |28 |3557.9 |3 |(6-) |
68 |28 |3935.3 |5 |(7) |
68 |28 |3988.5 |3 | |
68 |28 |4000.7 |7 |(6+) |
68 |28 |4026.7 |3 |(1,2) |
68 |28 |4165.8 |3 |(0,1,2) |
68 |28 |4210.0 |7 |(8+) |23 NS 1
68 |28 |5513.2 |20 |(0+,1+,2+) |
68 |28 |5550.2 |20 |(0+,1+,2+) |
68 |28 |5775.2 |20 |(0+,1+,2+) |
69 |28 |0.0 | |(9/2+) |11.4 S 3
69 |28 |321 |2 |(1/2-) |3.5 S 4
69 |28 |915.3 | |(5/2-) |120 PS 34
69 |28 |1517.4 | |(5/2-) |
69 |28 |1821.0 | | |
69 |28 |1959 | |(9/2-) |
69 |28 |2241 | |(13/2+) |
69 |28 |2552 | |(13/2-) |519 PS 24
69 |28 |2700 | |(17/2-) |0.439 US 3
70 |28 |0.0 | |0+ |6.0 S 3
70 |28 |1259.6 |2 |(2+) |
70 |28 |1867.5 |2 |(2+) |
70 |28 |2229.5 |3 |(4+) |
70 |28 |2678.4 |3 |(6+) |1.05 NS 3
70 |28 |2860 |2 |(8+) |0.232 US 1
70 |28 |3146 | |(5-) |
70 |28 |3361.2 |4 |(7-) |
71 |28 |0 | |(9/2+) |2.56 S 3
71 |28 |280.5 |2 |(7/2+) |
71 |28 |499 | |(1/2-) |2.3 S 3
71 |28 |813.0 |5 |(5/2+) |
71 |28 |1065.2 |6 |(5/2-) |
71 |28 |1273.4 | |(5/2-) |
72 |28 |0.0 | |0+ |1.57 S 5
72 |28 |1096.0 |20 |(2+) |
72 |28 |1941 |3 |(4+) |
72 |28 |2396 |3 |(6+) |
72 |28 |3593 |4 |(5-,6-,7-) |
73 |28 |0 | |(9/2+) |0.84 S 3
74 |28 |0.0 | |0+ |0.68 S 18
74 |28 |1024 |1 |(2+) |
74 |28 |1763 |1 |(4+) |
75 |28 |0.0 | | |344 MS 25
76 |28 |0 | |0+ |0.238 S +15-18
76 |28 |992 |2 |(2+) |
76 |28 |1922 |3 |(4+) |
76 |28 |2276 |4 |(6+) |
76 |28 |2420 |4 |(8+) |0.59 US +18-11
77 |28 |0 | | |128 MS +27-33
78 |28 |0.0 | |0+ |0.11 S +10-6
79 |28 |0 | | |43.0 MS +86-75
80 |28 |0 | |0+ |24 MS +26-17
