54 |30 |0.0 | |0+ |1.59 MS +60-35
55 |30 |0.0 | |5/2- |20 MS
56 |30 |0.0 | |0+ |30.0 MS 17
57 |30 |0.0 | |(7/2-) |40 MS 10
58 |30 |0.0 | |0+ |86.7 MS 24
58 |30 |1356 |3 |(2+) |
58 |30 |2499 |4 |(4+) |
58 |30 |2609 |6 |(2+) |
58 |30 |2862 |3 |(2+) |
58 |30 |2902 |3 |(1+) |
58 |30 |3263 |4 |(2+) |
58 |30 |3378 |6 |(3+) |
59 |30 |0.0 | |3/2- |182.0 MS 18
59 |30 |540 |50 | |
59 |30 |894.2 |10 |(5/2-) |
59 |30 |1320 |50 | |
59 |30 |1397.0 |20 |(7/2-) |
59 |30 |1814.4 |12 |(7/2-) |
59 |30 |2333.2 |22 |(9/2-) |
59 |30 |2609.4 |16 | |
59 |30 |3386.2 |25 |(13/2-) |
60 |30 |0.0 | |0+ |2.38 M 5
60 |30 |1003.90 |20 |2+ |
60 |30 |2193.0 |5 |4+ |
60 |30 |2559.0 |5 |(2+) |
60 |30 |3034.9 |11 | |
60 |30 |3.2E+3 |1 | |
60 |30 |3510.3 |6 |(3+) |
60 |30 |3627.0 |11 | |
60 |30 |3710 |50 |(4+) |
60 |30 |3808.4 |7 |6+ |
60 |30 |3812.0 |11 | |
60 |30 |3972.4 |8 |2 |
60 |30 |4180 |30 |(0+,2+) |
60 |30 |4200.1 |8 |5(+) |
60 |30 |4351.0 |11 |5(+) |
60 |30 |4400 |50 |(5-) |
60 |30 |4776.0 |11 |5(+) |
60 |30 |4852.2 |7 |(2+) |
60 |30 |4913.3 |9 |2+ |
60 |30 |5200 |60 |2+ |
60 |30 |5292.1 |9 |8+ |
60 |30 |5300 |50 |(7-) |
60 |30 |5337.3 |11 |3(+),4(+) |
60 |30 |5503.5 |13 |2+ |
60 |30 |5970 |70 | |
60 |30 |6360 |70 | |
60 |30 |6639.2 |10 | |
60 |30 |6950 |50 |(8+) |
60 |30 |7130 |70 | |
60 |30 |7372.5 |22 |4 |
60 |30 |7380 |30 |0+ |
60 |30 |7660 |70 | |
60 |30 |7980 |50 |(8+) |
60 |30 |8300 |50 |(6+) |
60 |30 |8475.7 |14 |10+ |
60 |30 |8636.3 |18 |(10+) |
60 |30 |8702.3 |13 | |
60 |30 |9620.4 |19 |(8+) |
60 |30 |10756.4 |18 |(10+) |
60 |30 |10.8E+3 |2 | |
60 |30 |12132.1 |17 |(12+) |
60 |30 |13.2E+3 |2 | |
60 |30 |13698.0 |18 |(14+) |
60 |30 |15437.3 |19 |(16+) |
60 |30 |17322.8 |20 |(18+) |
60 |30 |19352.7 |21 |(20+) |
60 |30 |21596.9 |23 |(22+) |
60 |30 |24132.0 |25 |(24+) |
60 |30 |27007 |3 |(26+) |
60 |30 |30257 |3 |(28+) |
60 |30 |33899 |5 |(30+) |
60 |30 |0+X | | |
60 |30 |567.3+X |9 | |
60 |30 |1575.6+X |23 | |
60 |30 |3046+X |3 | |
60 |30 |4967+X |3 | |
60 |30 |7300+X |3 | |
60 |30 |0+Y | | |
60 |30 |756.6+Y |9 | |
60 |30 |2005.0+Y |13 | |
60 |30 |3697.0+Y |15 | |
60 |30 |5832.7+Y |18 | |
60 |30 |8414.4+Y |22 | |
61 |30 |0.0 | |3/2- |89.1 S 2
61 |30 |88.55 |19 |1/2- |
61 |30 |123.84 |9 |5/2- |5.5 NS AP
61 |30 |418.80 |14 |3/2- |
61 |30 |755.42 |10 |5/2- |
61 |30 |938.5 |3 |(1/2-) |
61 |30 |996.66 |10 |7/2- |
61 |30 |1239 |9 | |
61 |30 |1264.99 |13 |9/2- |
61 |30 |1361.8 |5 |3/2-,5/2- |
61 |30 |1387 |9 | |
61 |30 |1402.64 |18 |7/2- |
61 |30 |1636 |20 | |
61 |30 |1657.8 |6 |5/2-,7/2- |
61 |30 |1730 | | |
61 |30 |2002.60 |19 |9/2- |
61 |30 |2030 |10 | |
61 |30 |2098.9 |10 | |
61 |30 |2198 |20 | |
61 |30 |2250 |10 | |
61 |30 |2269.8 |4 |11/2- |
61 |30 |2399.0 |5 |9/2+ |
61 |30 |2520 |10 | |
61 |30 |2646 |20 | |
61 |30 |2698.7 |4 |11/2- |
61 |30 |2715 |10 | |
61 |30 |2798.7 |4 |(13/2-) |
61 |30 |2804 |9 | |
61 |30 |3090 |10 | |
61 |30 |3243.8 |8 |(11/2+) |
61 |30 |3300 |10 | |
61 |30 |3335.7 |6 |13/2+ |
61 |30 |3345 |20 | |
61 |30 |3380 | |(3/2-) |
61 |30 |3460.8 |7 |(13/2-) |
61 |30 |3494.0 |10 | |
61 |30 |3645 |20 | |
61 |30 |3843.8 |7 |(15/2-) |
61 |30 |3880 |80 | |
61 |30 |4263.7 |7 |15/2+ |
61 |30 |4308.8 |11 |(13/2) |
61 |30 |4380 |80 | |
61 |30 |4414.6 |8 |17/2+ |
61 |30 |4644.2 |7 |17/2- |
61 |30 |4670 |30 | |
61 |30 |4914.7 |11 | |
61 |30 |5100 |30 | |
61 |30 |5194.6 |9 |(17/2-) |
61 |30 |5254.1 |8 | |
61 |30 |5320 |30 | |
61 |30 |5467.8 |13 | |
61 |30 |5542.9 |8 |(19/2-) |
61 |30 |5552.2 |8 |19/2+ |
61 |30 |5590 |90 | |
61 |30 |6090.3 |12 |21/2+ |
61 |30 |6211.7 |10 | |
61 |30 |7283.7 |9 |(21/2-) |
61 |30 |7295.9 |10 |(23/2+) |
61 |30 |7486.3 |15 |25/2+ |
61 |30 |7628.5 |9 |23/2- |
61 |30 |8335.2 |11 |(21/2-) |
61 |30 |8496.4 |12 |(25/2+) |
61 |30 |8775.1 |11 |(23/2-) |
61 |30 |8879.1 |12 |(25/2-) |
61 |30 |9036.5 |21 | |
61 |30 |9160.5 |12 |27/2- |
61 |30 |9303.1 |11 |(25/2-) |
61 |30 |9367.2 |11 |(25/2-) |
61 |30 |9950.8 |11 |(27/2-) |
61 |30 |9990 |70 |(3/2-) |
61 |30 |10057.6 |12 |29/2- |
61 |30 |10154.6 |13 |31/2- |
61 |30 |10664.6 |12 |(29/2-) |
61 |30 |10871 |6 |(25/2+) |
61 |30 |11183 |5 |(27/2+) |
61 |30 |11261 |5 |(25/2+) |
61 |30 |11368 |3 |(25/2+) |
61 |30 |11505.4 |12 |(31/2-) |
61 |30 |11527 |5 |(29/2-) |
61 |30 |11770 |5 |(29/2+) |
61 |30 |12042 |6 |(29/2-) |
61 |30 |12232 |4 |(29/2+) |
61 |30 |12337 |4 |(29/2-) |
61 |30 |12469.1 |13 |(33/2-) |
61 |30 |12537 |4 |(29/2+) |
61 |30 |12665 |3 |(31/2-) |
61 |30 |12725.7 |24 |(33/2-) |
61 |30 |12761 |5 |(31/2-) |
61 |30 |12802 |3 |(29/2+) |
61 |30 |12865 |4 |(31/2-) |
61 |30 |13210 |4 |(33/2) |
61 |30 |13264 |5 |(33/2-) |
61 |30 |13319.3 |15 |(35/2-) |
61 |30 |13664 |6 |(33/2-) |
61 |30 |13882 |4 |(33/2+) |
61 |30 |13886 |4 |(33/2-) |
61 |30 |14061 |6 |(35/2-) |
61 |30 |14072 |5 |(35/2-) |
61 |30 |14114 |5 |(33/2) |
61 |30 |14144 |6 |(35/2-) |
61 |30 |14299.5 |17 |(37/2-) |
61 |30 |14325 |3 |(35/2-) |
61 |30 |14431 |4 |(33/2+) |
61 |30 |14433 |7 |(31/2-) |
61 |30 |14449 |5 |(35/2-) |
61 |30 |14769 |6 | |
61 |30 |14817 |4 |(35/2-) |
61 |30 |15020 |6 |(33/2-) |
61 |30 |15206 |5 |(37/2-) |
61 |30 |15224 |4 |(33/2-) |
61 |30 |15261.3 |25 |(39/2-) |
61 |30 |15293 |6 | |
61 |30 |15475 |5 |(37/2-) |
61 |30 |15565 |5 |(37/2+) |
61 |30 |15739 |4 |(37/2-) |
61 |30 |16099 |4 |(35/2-) |
61 |30 |16230 |5 |(39/2-) |
61 |30 |16280 |4 |(37/2+) |
61 |30 |16438 |4 |(39/2-) |
61 |30 |17119 |5 |(37/2-) |
61 |30 |17126 |5 |(39/2-) |
61 |30 |17310 |5 |(41/2-) |
61 |30 |17455 |6 |(41/2-) |
61 |30 |17610 |5 |(41/2+) |
61 |30 |17987 |5 |(41/2-) |
61 |30 |18196 |5 |(39/2-) |
61 |30 |18363 |5 |(41/2+) |
61 |30 |18471 |6 |(43/2-) |
61 |30 |19149 |5 |(43/2-) |
61 |30 |19270 |5 |(41/2-) |
61 |30 |19653 |6 |(45/2-) |
61 |30 |19690 |6 |(45/2-) |
61 |30 |19773 |6 |(43/2-) |
61 |30 |20060 |6 |(45/2+) |
61 |30 |20531 |5 |(43/2-) |
61 |30 |20642 |6 |(45/2-) |
61 |30 |20674 |5 |(45/2+) |
61 |30 |20999 |6 |(47/2-) |
61 |30 |21745 |6 |(45/2-) |
61 |30 |22239 |7 |(49/2-) |
61 |30 |22397 |7 |(49/2-) |
61 |30 |22584 |6 |(47/2-) |
61 |30 |22901 |7 |(47/2-) |
61 |30 |22965 |7 |(49/2+) |
61 |30 |23180 |6 |(47/2-) |
61 |30 |23222 |6 |(49/2+) |
61 |30 |23856 |7 |(51/2-) |
61 |30 |23900 |6 |(49/2-) |
61 |30 |24604 |7 |(49/2-) |
61 |30 |25280 |8 |(53/2-) |
61 |30 |25449 |8 |(53/2-) |
61 |30 |26042 |7 |(53/2+) |
61 |30 |26220 |7 |(51/2-) |
61 |30 |26696 |8 |(53/2+) |
61 |30 |27084 |8 |(55/2-) |
61 |30 |29171 |7 |(57/2+) |
62 |30 |0.0 | |0+ |9.193 H 15
62 |30 |953.84 |9 |2+ |2.93 PS 14
62 |30 |1804.67 |11 |2+ |2.63 PS 42
62 |30 |2186.06 |13 |4+ |0.53 PS +24-14
62 |30 |2341.95 |23 |0+ |
62 |30 |2384.50 |15 |3+ |1.7 PS 11
62 |30 |2743.60 |15 |4+ |2.36 PS 21
62 |30 |2803.14 |17 |2+ |0.146 PS 21
62 |30 |2884.05 |25 |2+ |0.132 PS 21
62 |30 |3042.9 |8 |(0+) |
62 |30 |3060 |10 |2+ |
62 |30 |3160 |10 |(2+) |
62 |30 |3181.2 |4 |(1+) |
62 |30 |3209.86 |21 |4+ |0.250 PS 35
62 |30 |3223.5 |4 |3(-) |
62 |30 |3310 |50 |(4+) |
62 |30 |3374.2 |3 |(1-) |
62 |30 |3470 |10 |2+ |
62 |30 |3586.55 |23 |(5+) |0.63 PS +63-21
62 |30 |3590 |10 |(2+) |
62 |30 |3640 |10 |2+ |
62 |30 |3707.60 |24 |6+ |0.250 PS 35
62 |30 |3730 |10 |(3-,4+) |
62 |30 |3830 |10 |2+ |
62 |30 |3870 |20 |1- |
62 |30 |3920 |10 |(3-,4+) |
62 |30 |3960.5 |4 |(1+) |
62 |30 |4008.4 |7 |0+ |
62 |30 |4021.6 |5 |(1+) |
62 |30 |4040 |20 |(1-) |
62 |30 |4043.20 |24 |(5)- |0.270 PS 42
62 |30 |4090 |10 |(4+) |
62 |30 |4217.6 |8 |(3-) |
62 |30 |4330 |20 |(2+) |
62 |30 |4347.86 |24 |6+ |0.48 PS 13
62 |30 |4380 |20 |(4+) |
62 |30 |4448.0 |3 |(1+) |
62 |30 |4515 |20 |6+ |
62 |30 |4535.4 |8 | |
62 |30 |4600 | |(7-) |
62 |30 |4620 |20 |(0+) |
62 |30 |4680 |10 |4+ |
62 |30 |4810 |30 |(2+,3-) |
62 |30 |4860 |30 |(3-,4+) |
62 |30 |4895.3 |4 |(1+) |
62 |30 |4904.7 |3 |(7-) |8.3 PS 35
62 |30 |4910 |30 |(2+) |
62 |30 |5050 |30 |(2+) |
62 |30 |5090 |20 |1- |
62 |30 |5123.5 |4 |(7)- |2.1 PS 14
62 |30 |5131.0 |4 |(6-) |0.7 PS GT
62 |30 |5143.3 |5 |(7)+ |0.42 PS +21-14
62 |30 |5211.5 |5 |(1+) |
62 |30 |5240 |20 |(0+) |
62 |30 |5340 |30 |0+ |
62 |30 |5370 |20 |(4+) |
62 |30 |5470 | | |
62 |30 |5481.5 |6 |(8+) |0.28 PS +14-7
62 |30 |5560 |20 | |
62 |30 |5700 |30 | |
62 |30 |5920.8 |17 |(1+) |
62 |30 |6081.6 |5 |(9-) |3.9 PS 32
62 |30 |6113.7 |6 |(8-) |
62 |30 |6300 |50 |(8+) |
62 |30 |6400 | | |
62 |30 |6629.5 |21 | |
62 |30 |7200 | | |
62 |30 |7400 | | |
62 |30 |7422.5 |7 |(11-) |
62 |30 |7422.7 |8 |(10-) |
62 |30 |7500.0 |9 |(10+) |
62 |30 |7540 |50 |(8+) |
62 |30 |7629.7 |9 | |
62 |30 |7701.5 |12 | |
62 |30 |7976.1 |7 |(9+) |
62 |30 |8300 |50 |(6+) |
62 |30 |8437.2 |8 |(10+) |
62 |30 |9024.7 |8 |(12-) |
62 |30 |9048.6 |7 |(11+) |
62 |30 |9214.0 |8 |(13-) |
62 |30 |9465.2 |8 |(12+) |
62 |30 |9800 | | |
62 |30 |9823.7 |10 |(12+) |
62 |30 |9960.4 |8 |(13+) |
62 |30 |10247.4 |8 |(11+) |
62 |30 |10300 | | |
62 |30 |10316.4 |10 |(13+) |
62 |30 |10375.1 |8 |(14+) |
62 |30 |10635.8 |8 |(12+) |
62 |30 |10725.9 |10 |(14-) |
62 |30 |10800 | | |
62 |30 |11182.8 |8 |(13+) |
62 |30 |11546.8 |9 |(14+) |
62 |30 |11651.6 |8 |(13-) |
62 |30 |11755.8 |9 |(14+) |
62 |30 |11788.3 |11 |(15+) |
62 |30 |11961.6 |9 |(16+) |
62 |30 |12329.3 |8 |(14-) |
62 |30 |12536.7 |9 |(15+) |
62 |30 |12812.9 |10 |(15-) |
62 |30 |12993.0 |8 |(15-) |
62 |30 |13156.3 |10 |(16+) |
62 |30 |13236.6 |9 |(16+) |
62 |30 |13400 | | |
62 |30 |13726.7 |8 |(16-) |
62 |30 |14125.5 |9 |(17+) |
62 |30 |14445.8 |9 |(17-) |
62 |30 |14541.8 |8 |(17-) |
62 |30 |14646.3 |12 |(16+) |
62 |30 |14832.3 |12 |(16+) |
62 |30 |15041.8 |11 |(16+) |
62 |30 |15049.6 |9 |(18+) |
62 |30 |15295.5 |13 |(18+) |
62 |30 |15415.6 |8 |(18-) |
62 |30 |15482.7 |16 |(16+) |
62 |30 |15705.8 |14 |(19-) |
62 |30 |16372.9 |9 |(19+) |
62 |30 |16374.6 |9 |(19-) |
62 |30 |16574.8 |15 |(17-) |
62 |30 |16717.2 |10 |(18+) |
62 |30 |16807 | | |
62 |30 |16818.5 |11 |(18+) |
62 |30 |17350.7 |12 |(18+) |
62 |30 |17365.8 |11 |(18-) |
62 |30 |17408.6 |10 |(18-) |
62 |30 |17480.5 |9 |(20-) |
62 |30 |17509.7 |14 |(18-) |
62 |30 |17590.7 |11 |(20+) |
62 |30 |18416.8 |12 |(19-) |
62 |30 |18504.6 |9 |(21-) |
62 |30 |18678.9 |12 |(20+) |
62 |30 |19400.7 |9 |(20-) |
62 |30 |19478.7 |13 |(20+) |
62 |30 |19507.7 |15 |(21+) |
62 |30 |19602.4 |15 | |
62 |30 |19679.7 |10 |(22-) |
62 |30 |20474.9 |11 |(21-) |
62 |30 |20858.9 |16 |(22+) |
62 |30 |21042.0 |11 |(23-) |
62 |30 |21617.5 |11 |(22-) |
62 |30 |21853.8 |17 |(22+) |
62 |30 |22784.4 |12 |(23-) |
62 |30 |23185.7 |14 |(24-) |
62 |30 |23344.0 |19 |(24+) |
62 |30 |24057.0 |14 |(24-) |
62 |30 |24469.8 |20 |(24+) |
62 |30 |25349.4 |16 |(25-) |
62 |30 |26176.1 |21 |(26+) |
62 |30 |26746.8 |17 |(26-) |
62 |30 |27318.9 |22 |(26+) |
62 |30 |28165.5 |19 |(27-) |
62 |30 |29475.2 |24 |(28+) |
62 |30 |29686.0 |21 |(28-) |
62 |30 |30437.0 |24 |(28+) |
62 |30 |31216.6 |21 |(29-) |
62 |30 |32922 |3 |(30-) |
62 |30 |33362 |3 |(30+) |
62 |30 |33800 |3 |(30+) |
62 |30 |34603.7 |24 |(31-) |
62 |30 |36501 |3 |(32-) |
62 |30 |38369 |3 |(33-) |
62 |30 |40459 |3 |(34-) |
62 |30 |42521 |3 |(35-) |
63 |30 |0 | |3/2- |38.47 M 5
63 |30 |192.92 |4 |5/2- |0.53 NS 12
63 |30 |247.84 |5 |1/2- |33 PS 8
63 |30 |627.11 |6 |1/2- |
63 |30 |637.07 |6 |3/2- |0.53 PS GT
63 |30 |650.10 |4 |5/2- |0.28 PS GT
63 |30 |1023.22 |5 |3/2- |3.5 PS GT
63 |30 |1063.34 |7 |7/2- |0.29 PS GT
63 |30 |1065.28 |12 |1/2- |0.22 PS GT
63 |30 |1206.38 |7 |7/2- |0.42 PS GT
63 |30 |1284.26 |6 |5/2- |0.40 PS GT
63 |30 |1395.44 |10 |3/2- |0.097 PS 21
63 |30 |1420 | |1/2-,3/2- |
63 |30 |1436.26 |11 |9/2- |0.69 PS 21
63 |30 |1664.86 |9 |7/2- |0.24 PS +6-5
63 |30 |1691.22 |9 |5/2- |0.069 PS +14-12
63 |30 |1702.96 |14 |9/2+ |32 PS 4
63 |30 |1704 |15 |5/2-,7/2- |
63 |30 |1860.84 |14 |9/2- |0.43 PS +16-11
63 |30 |1909.26 |14 |1/2,3/2- |0.28 PS GT
63 |30 |1978.40 |19 |- |0.19 PS +7-5
63 |30 |2050.42 |19 |9/2- |0.31 PS GT
63 |30 |2158.10 |22 |3/2- |0.028 PS +14-10
63 |30 |2233.30 |23 |11/2- |1.4 PS GT
63 |30 |2249.2 |4 |- |0.12 PS 3
63 |30 |2261.53 |17 |3/2- |0.07 PS +3-2
63 |30 |2288.31 |17 |7/2- |0.21 PS GT
63 |30 |2291.46 |15 |3/2- |0.06 PS +3-2
63 |30 |2293.0 |3 |(3/2-) |0.030 PS +15-10
63 |30 |2318.8 |4 |11/2- |0.35 PS 9
63 |30 |2377.86 |24 |9/2+ |1.39 PS GT
63 |30 |2403.28 |19 | |0.11 PS +7-4
63 |30 |2521.14 |15 |3/2- |
63 |30 |2584.5 |3 |13/2+ |3.54 PS 28
63 |30 |2600.1 |3 |1/2-,3/2-,5/2- |
63 |30 |2609.1 |4 | |
63 |30 |2634.53 |22 |5/2-,7/2- |0.19 PS 5
63 |30 |2690.9 |10 | |
63 |30 |2750.7 |4 |(5/2,7/2)- |
63 |30 |2826.2 |4 |11/2+ |291 FS 90
63 |30 |2850 | |(5/2,7/2)- |
63 |30 |2911.9 |5 |9/2 |1.4 PS GT
63 |30 |2933.5 |5 |13/2- |215 FS 62
63 |30 |2940 | |(5/2,7/2)- |
63 |30 |3010 | |(5/2,7/2)- |
63 |30 |3380 | |(5/2,7/2)- |
63 |30 |3480.3 |7 |13/2+ |
63 |30 |3527.4 |6 |13/2- |
63 |30 |3762.8 |5 |(17/2+) |
63 |30 |3769.7 |7 |(15/2)+ |
63 |30 |3890.9 |9 | |
63 |30 |4000 |AP |(1/2,3/2)- |
63 |30 |4320 | |(5/2,7/2)- |
63 |30 |4354.6 |6 |(15/2)- |
63 |30 |4800 | |(5/2,7/2)- |
63 |30 |4902.2 |9 | |
63 |30 |5076.3 |7 |(19/2)+ |
63 |30 |5346.5 |7 |(21/2)+ |280 FS LT
63 |30 |5400 |AP |(1/2,3/2)- |
63 |30 |5405.9 |7 |17/2- |
63 |30 |5423.4 |6 |17/2- |
63 |30 |5915.7 |6 |19/2- |
63 |30 |6000 |AP |1/2- |
63 |30 |6233.8 |6 |21/2- |
63 |30 |6300 |AP |5/2- |
63 |30 |6487.3 |12 |(23/2)+ |
63 |30 |6570.0 |8 |23/2(-) |
63 |30 |6700 |AP |(5/2,7/2)- |
63 |30 |7200 |AP |(5/2,7/2)- |
63 |30 |7610.8 |12 |25/2- |
63 |30 |7927.0 |13 |27/2(-) |
63 |30 |9096.8 |16 |(29/2-) |
63 |30 |9774.0 |16 |(31/2-) |
64 |30 |0.0 | |0+ |STABLE
64 |30 |991.56 |5 |2+ |1.94 PS 5
64 |30 |1799.36 |6 |2+ |2.0 PS 2
64 |30 |1910.32 |6 |0+ |0.95 NS 5
64 |30 |2306.75 |8 |4+ |0.776 PS 28
64 |30 |2609.46 |15 |0+ |0.20 PS 8
64 |30 |2736.53 |8 |4+ |1.5 PS 3
64 |30 |2793.7 |3 |2+ |0.049 PS 14
64 |30 |2979.80 |9 |3+ |0.30 PS +39-11
64 |30 |2998.59 |19 |3- |0.152 PS 4
64 |30 |3005.71 |14 |2+ |0.057 PS 8
64 |30 |3071.2 |7 |(1,2+) |
64 |30 |3077.77 |11 |4+ |0.55 PS 6
64 |30 |3094.59 |15 |(3)+ |0.090 PS 11
64 |30 |3186.79 |10 |1+ |0.042 PS 10
64 |30 |3196.8 |4 |(2,3) |
64 |30 |3205.93 |10 |(3)+ |0.18 PS 5
64 |30 |3240 |20 |(0+) |
64 |30 |3261.99 |10 |1 |0.4 PS +7-2
64 |30 |3285 | |(1-:5-) |
64 |30 |3297.19 |15 |(2)+ |0.27 PS 5
64 |30 |3306.88 |16 |(4+) |0.26 PS 8
64 |30 |3321.8 |12 |(1) |
64 |30 |3365.96 |7 |1+ |0.023 PS 8
64 |30 |3369.83 |14 |3+ |0.35 PS +14-10
64 |30 |3415 | |(1-:5-) |
64 |30 |3425.15 |11 |1+ |0.031 PS 7
64 |30 |3452.3 |10 |(1,2+) |
64 |30 |3458.63 |18 |(2,3) |0.24 PS 6
64 |30 |3465 |5 |(4,5,6)- |
64 |30 |3500 |10 |(2+) |
64 |30 |3538.8 |10 |(2to6) |
64 |30 |3546.0 |9 |( 3) |
64 |30 |3552.4 |3 |4+ |1.0 PS GT
64 |30 |3586.8 |21 | |
64 |30 |3597.22 |21 |(2+,3,4+) |
64 |30 |3602.1 |10 |(1,2+) |
64 |30 |3606.5 |5 |( 4) |
64 |30 |3620.8 |10 |(2to6) |
64 |30 |3627 | |(0+,6-) |
64 |30 |3628.4 |5 |(4+) |0.16 PS 5
64 |30 |3681 | |(1-:5-) |
64 |30 |3698.8 |7 | |
64 |30 |3701.4 |4 |1- |0.025 PS 4
64 |30 |3710.6 |7 |(2+) |
64 |30 |3718.4 |3 |(0+:4+) |0.031 PS 10
64 |30 |3760 | |(1-:5-) |
64 |30 |3780 |10 |2+ |
64 |30 |3795.26 |18 |1+ |
64 |30 |3815.4 |5 |(0+:4+) |
64 |30 |3819.60 |21 |(0+:4+) |
64 |30 |3850.5 |4 |( 3)(+) |0.7 PS LT
64 |30 |3853.24 |22 |5+ |2 PS GT
64 |30 |3863.8 |10 |(2+:6+) |
64 |30 |3880 | |(0+:4+) |
64 |30 |3898.5 |4 |(2+,3,4+) |0.038 PS 10
64 |30 |3924.78 |18 |5- |1.4 PS LT
64 |30 |3932.1 |4 |(4,5) |
64 |30 |3952.0 |6 |(3+,4+) |
64 |30 |3993.40 |10 |6+ |0.12 PS 3
64 |30 |4020.4 |4 |(2+,3+) |
64 |30 |4039.7 |4 |(0+:4+) |
64 |30 |4076.54 |21 |(5)+ |0.49 PS +24-17
64 |30 |4113 |7 |2+ |
64 |30 |4140 |3 |(1+,2+) |
64 |30 |4154 |10 | |
64 |30 |4156.59 |20 |5- |0.11 PS 3
64 |30 |4159.4 |7 |1 |7.7 FS 25
64 |30 |4181.8 |5 | |
64 |30 |4205.3 |4 |(3+,4+) |
64 |30 |4219 |10 |(3+,4+,5+) |
64 |30 |4236.75 |12 |6+ |0.13 PS 4
64 |30 |4288.6 |4 |(4)+ |
64 |30 |4305 | |(1-:5-) |
64 |30 |4319 |3 |(3+,4+) |
64 |30 |4351 |10 |(1+,2+,3+) |
64 |30 |4385 |10 |3- |
64 |30 |4420 |10 |(3,4,5)+ |
64 |30 |4454.2 |5 |1+ |3.2 FS 6
64 |30 |4467 |10 |(0+) |
64 |30 |4488 |10 |(3+,4+,5+) |
64 |30 |4504 |10 | |
64 |30 |4522 |10 | |
64 |30 |4538 |10 |3+,4+,5+ |
64 |30 |4556 |3 | |
64 |30 |4573 |10 |(0-,1-,2-) |
64 |30 |4608.4 |9 |(1) |
64 |30 |4615 |10 |3+,4+,5+ |
64 |30 |4626 |10 | |
64 |30 |4634.91 |11 |7- |94 PS 6
64 |30 |4638.3 |5 | |
64 |30 |4664.2 |10 |(1) |41 FS 12
64 |30 |4668.93 |20 |(6-) |
64 |30 |4684 | |(1-:5-) |
64 |30 |4712.4 |12 |(1) |
64 |30 |4729 |10 | |
64 |30 |4751 |10 |(3+,4+,5+) |
64 |30 |4761 |10 | |
64 |30 |4786 |10 |(3+,4+,5+) |
64 |30 |4797 |10 | |
64 |30 |4816 |10 |(1+,2+,3+) |
64 |30 |4823.4 |6 |(5,6,7) |
64 |30 |4851 |10 |(3+,4+,5+) |
64 |30 |4902 |10 |(3+,4+,5+) |
64 |30 |4935 |10 |(2-,3-,4-) |
64 |30 |4947 |10 |(2+) |
64 |30 |4980.96 |19 |7- |1.3 PS 4
64 |30 |5005 |10 |(1+,2+,3+) |
64 |30 |5038 |10 | |
64 |30 |5050 |10 |(0:3)(+) |
64 |30 |5066.8 |20 | |
64 |30 |5081 |10 | |
64 |30 |5110 |10 | |
64 |30 |5121 |10 |(1+,2+,3+) |
64 |30 |5138 |10 | |
64 |30 |5151.80 |17 |(7-) |
64 |30 |5160 |10 | |
64 |30 |5171 |10 | |
64 |30 |5191 |10 |(2-,3-,4-) |
64 |30 |5197 |10 | |
64 |30 |5211 |10 | |
64 |30 |5224 |10 |(2+) |
64 |30 |5234 |10 | |
64 |30 |5256 |10 | |
64 |30 |5267 |10 | |
64 |30 |5292 |10 | |
64 |30 |5307 |10 | |
64 |30 |5319 |10 | |
64 |30 |5329 |10 | |
64 |30 |5337 |10 | |
64 |30 |5351 |10 | |
64 |30 |5361 |10 | |
64 |30 |5375 |10 |(3-) |
64 |30 |5384 |10 | |
64 |30 |5398 |10 | |
64 |30 |5413 |10 | |
64 |30 |5425 |10 | |
64 |30 |5443 |10 | |
64 |30 |5457 |10 | |
64 |30 |5474 |10 | |
64 |30 |5485 |10 |(0:3)(+) |
64 |30 |5495 |10 |(4+) |
64 |30 |5517 |10 | |
64 |30 |5530 |10 | |
64 |30 |5545 |10 | |
64 |30 |5553 |10 | |
64 |30 |5564 |10 | |
64 |30 |5576 |10 | |
64 |30 |5588 |10 | |
64 |30 |5601 |10 | |
64 |30 |5613 |10 | |
64 |30 |5623.7 |3 |(8-) |
64 |30 |5642 |10 | |
64 |30 |5652 |10 | |
64 |30 |5665 |10 | |
64 |30 |5676 |10 | |
64 |30 |5689 |10 | |
64 |30 |5699.40 |20 |(8-) |
64 |30 |5719 |10 | |
64 |30 |5729 |10 | |
64 |30 |5737 |10 | |
64 |30 |5760 |10 | |
64 |30 |5770 |10 | |
64 |30 |5780 |10 | |
64 |30 |5792 |10 | |
64 |30 |5812 |10 | |
64 |30 |5822 |10 | |
64 |30 |5833 |10 | |
64 |30 |5844 |10 | |
64 |30 |5860 |10 | |
64 |30 |5872 |10 | |
64 |30 |5882 |10 | |
64 |30 |5893 |10 | |
64 |30 |5909 |10 | |
64 |30 |5920 |10 | |
64 |30 |5933 |10 | |
64 |30 |5936.0 |7 |(8+) |
64 |30 |5951.8 |4 |(9-) |
64 |30 |6031.4 |4 |(8+) |
64 |30 |6124.1 |3 |(8+) |
64 |30 |6124.9 |5 |(9-) |
64 |30 |6300 |50 | |
64 |30 |6377.0 |8 |(9-) |
64 |30 |6700 |50 | |
64 |30 |6830 | | |
64 |30 |6998.3 |4 |(11-) |0.97 PS 21
64 |30 |7000 | |(4+) |
64 |30 |7062.3 |4 |(10-) |
64 |30 |7118.8 |4 |(10+) |
64 |30 |7212.6 |7 |(11-) |
64 |30 |7380 | | |
64 |30 |7556.7 |9 |(10-) |
64 |30 |7900 |50 | |
64 |30 |8181.7 |8 |(10-) |
64 |30 |8303.1 |6 |(12-) |
64 |30 |8322.1 |8 |(11) |
64 |30 |8426.1 |4 |(11-) |
64 |30 |8580.4 |4 |(12+) |
64 |30 |9364.5 |6 |(11-) |
64 |30 |9440.7 |6 |(11-) |
64 |30 |9666.4 |11 |(14) |
64 |30 |9804.2 |6 |(11-) |
64 |30 |9948.9 |5 |(12-) |
64 |30 |10460.6 |5 |(13-) |
64 |30 |11023.8 |6 |(14-) |
64 |30 |11458.4 |15 |(15) |
64 |30 |11626.8 |6 |(15-) |
64 |30 |12336.1 |7 |(16-) |
64 |30 |12461.7 |17 |(16) |
64 |30 |13082.6 |7 |(17-) |
64 |30 |13318.3 |17 |(17) |
64 |30 |13948.5 |8 |(18-) |
64 |30 |14385.3 |18 |(18) |
64 |30 |14856.6 |21 | |
64 |30 |14862.9 |8 |(19-) |
64 |30 |15417.6 |18 |(19) |
64 |30 |15938.7 |21 | |
64 |30 |15945.4 |9 |(20-) |
64 |30 |16680.7 |19 |(20) |
64 |30 |17078.2 |22 | |
64 |30 |17087.6 |9 |(21-) |
64 |30 |17847.2 |20 |(21) |
64 |30 |18483.8 |11 |(22-) |
64 |30 |19358.8 |21 |(22) |
64 |30 |19775.8 |12 |(23-) |
64 |30 |20651.3 |22 |(23) |
64 |30 |21298.3 |13 |(24-) |
64 |30 |22892.9 |15 |(25-) |
64 |30 |24869.4 |16 |(26-) |
65 |30 |0.0 | |5/2- |243.93 D 9
65 |30 |53.928 |10 |(1/2)- |1.6 US 6
65 |30 |115.127 |14 |3/2- |444 PS 9
65 |30 |206.94 |8 |3/2- |150 PS 7
65 |30 |768.70 |8 |5/2- |1.3 PS +7-4
65 |30 |864.21 |7 |7/2- |3 PS +5-2
65 |30 |866.92 |12 |1/2- |0.55 PS +27-15
65 |30 |909.65 |9 |3/2- |1.4 PS +5-3
65 |30 |1047.39 |12 |5/2- |0.37 PS 9
65 |30 |1062.1 |7 | |
65 |30 |1065.51 |10 |9/2+ |575 PS 26
65 |30 |1252.66 |12 |7/2- |1.1 PS 5
65 |30 |1263.42 |16 |9/2- |
65 |30 |1343.85 |11 |5/2- |1.7 PS AP
65 |30 |1369.08 |18 |5/2+ |1.4 PS AP
65 |30 |1469.73 |10 |3/2- |0.16 PS 4
65 |30 |1577.05 |25 |3/2- |0.17 PS 4
65 |30 |1588.08 |25 |7/2- |0.15 PS 6
65 |30 |1603 | | |
65 |30 |1779.6 |7 | |
65 |30 |1793.5 |7 | |
65 |30 |1907.5 |4 |(9/2) |
65 |30 |1908 |5 |1/2+ |
65 |30 |1941.1 |6 |(1/2,3/2,5/2+) |
65 |30 |1956 |5 |(5/2-,7/2-) |
65 |30 |1957.3 |8 |7/2+ |0.42 PS 7
65 |30 |1976 |5 | |
65 |30 |2052.2 |12 | |
65 |30 |2053.8 |3 |13/2+ |1.4 PS GT
65 |30 |2081.54 |20 |(1/2,3/2,5/2+) |
65 |30 |2135.2 |8 |9/2+ |1.4 PS GT
65 |30 |2137 |5 | |
65 |30 |2137.7 |4 |11/2+ |0.67 PS 12
65 |30 |2202 |5 |(1/2,3/2,5/2+) |
65 |30 |2216 |5 |(1/2,3/2,5/2+) |
65 |30 |2248 |5 |(5/2-,7/2-) |
65 |30 |2302.1 |4 | |
65 |30 |2310 |5 | |
65 |30 |2342 |5 | |
65 |30 |2410 |5 | |
65 |30 |2419.18 |21 |1/2- |
65 |30 |2430 |5 |(1/2,3/2,5/2+) |
65 |30 |2458 |5 |(1/2,3/2,5/2+) |
65 |30 |2486 |5 | |
65 |30 |2491 |5 |1/2+ |
65 |30 |2522 |5 | |
65 |30 |2528 |5 |3/2+,5/2+ |
65 |30 |2549.4 |4 |5/2-,7/2- |
65 |30 |2575 |10 |(1/2,3/2,5/2+) |
65 |30 |2639 | | |
65 |30 |2674 |10 |3/2+,5/2+ |
65 |30 |2730 |5 |(1/2,3/2,5/2+) |
65 |30 |2740 |5 | |
65 |30 |2803 |5 |(1/2-,3/2-) |
65 |30 |2830 |5 |(7/2+,9/2+) |
65 |30 |2860 |5 | |
65 |30 |2870 |5 |5/2-,7/2- |
65 |30 |2902 |5 | |
65 |30 |2914 |5 |5/2-,7/2- |
65 |30 |2923.1 |4 |(13/2+) |
65 |30 |2931.8 |9 |(9/2,13/2) |
65 |30 |2953 |5 | |
65 |30 |2971 |5 | |
65 |30 |2994 |5 |(1/2,3/2,5/2+) |
65 |30 |3010 |5 |3/2+,5/2+ |
65 |30 |3023 |5 |(7/2+,9/2+) |
65 |30 |3053 |5 |1/2+ |
65 |30 |3095 |5 | |
65 |30 |3108 |5 |3/2+,5/2+ |
65 |30 |3150 |5 |1/2-,3/2- |
65 |30 |3170 |20 |5/2-,7/2- |
65 |30 |3192 | |(1/2,3/2,5/2+) |
65 |30 |3211 |5 | |
65 |30 |3221 |5 | |
65 |30 |3227.3 |5 |17/2+ |0.30 PS +12-10
65 |30 |3239 |5 |(7/2+,9/2+) |
65 |30 |3329 | |(1/2,3/2,5/2+) |
65 |30 |3335.8 |6 | |
65 |30 |3340 |5 | |
65 |30 |3350 |5 |3/2+,5/2+ |
65 |30 |3409 |10 |(1/2,3/2,5/2+) |
65 |30 |3465 |5 |(1/2,3/2,5/2+) |
65 |30 |3472.6 |4 |(15/2+) |
65 |30 |3550 |5 |3/2+,5/2+ |
65 |30 |3563 |5 |5/2-,7/2- |
65 |30 |3589 | |(1/2,3/2,5/2+) |
65 |30 |3618 |10 |3/2+,5/2+ |
65 |30 |3672 |10 |1/2+ |
65 |30 |3712 | | |
65 |30 |3730 |5 |(1/2,3/2,5/2+) |
65 |30 |3776 |5 | |
65 |30 |3784.9 |6 |(17/2)+ |0.28 PS GE
65 |30 |3810 |5 |(1/2,3/2,5/2+) |
65 |30 |3844 |5 |1/2+ |
65 |30 |3880 |5 | |
65 |30 |3889 |5 | |
65 |30 |3902 |5 |(7/2+,9/2+) |
65 |30 |4024 | |(1/2,3/2,5/2+) |
65 |30 |4039 | |(1/2,3/2,5/2+) |
65 |30 |4079.2 |5 |(17/2+) |
65 |30 |4086 |5 |3/2+,5/2+ |
65 |30 |4200 |5 |3/2+,5/2+ |
65 |30 |4236.5 |5 |(21/2) |
65 |30 |4270 |20 | |
65 |30 |4350 |5 |1/2+ |
65 |30 |4393 | |1/2+ |
65 |30 |4490 |20 |5/2-,7/2- |
65 |30 |4500 |30 |(1/2+) |
65 |30 |4546.1 |5 |(21/2+) |
65 |30 |4580 |20 |(5/2-,7/2-) |
65 |30 |4620 | |(1/2,3/2,5/2+) |
65 |30 |4622.6 |4 |(21/2+) |
65 |30 |4639 | |(1/2,3/2,5/2+) |
65 |30 |4660 |20 |5/2-,7/2- |
65 |30 |4701.8 |5 |(21/2+) |
65 |30 |4740 |5 |1/2+ |
65 |30 |4780 |5 |5/2-,7/2- |
65 |30 |4880.2 |4 |(19/2+) |
65 |30 |4887.7 |10 | |
65 |30 |4920 |20 |(7/2+,9/2+) |
65 |30 |4937.9 |10 |(21/2+) |
65 |30 |4970 |5 | |
65 |30 |4980 |5 | |
65 |30 |4990 |5 |(1/2-,3/2-) |
65 |30 |5063.4 |4 |(21/2+) |
65 |30 |5100 |5 | |
65 |30 |5120 |5 | |
65 |30 |5339.5 |5 |(21/2+) |
65 |30 |5360 |20 |(5/2-,7/2-) |
65 |30 |5410.3 |4 |(23/2+) |
65 |30 |5413.6 |9 |(21/2) |
65 |30 |5547 | |(1/2,3/2,5/2+) |
65 |30 |5667.5 |5 |(25/2+) |
65 |30 |5772.9 |14 |(25/2+) |
65 |30 |5803.5 |5 |(25/2+) |
65 |30 |5810 |20 |5/2-,7/2- |
65 |30 |6278.3 |4 |(25/2+) |
65 |30 |6522.2 |5 |(25/2+) |
65 |30 |6752.3 |6 |(25/2+) |
65 |30 |6841.1 |4 |(29/2+) |
65 |30 |6847 | | |
65 |30 |6983.7 |5 |(29/2+) |
65 |30 |7061.2 |5 |(29/2+) |
65 |30 |7450 |20 |1/2-,3/2- |
65 |30 |7685.4 |5 |(29/2+) |
65 |30 |7996.0 |5 |(33/2+) |
65 |30 |8210 |20 |(1/2-,3/2-) |
65 |30 |8326.0 |7 |(29/2+) |
65 |30 |8560 |20 | |
65 |30 |8591.5 |6 |(29/2+) |
65 |30 |8920 |20 | |
65 |30 |9060 |20 | |
65 |30 |9120 |20 | |
65 |30 |9223.1 |6 |(37/2+) |
65 |30 |9520 |20 | |
65 |30 |10030 |50 | |
65 |30 |10571.7 |7 |(41/2+) |
65 |30 |X | |J |
65 |30 |1341+X | |J+2 |
65 |30 |2832+X | |J+4 |
65 |30 |4500+X | |J+6 |
65 |30 |6387+X | |J+8 |
65 |30 |8508+X | |J+10 |
65 |30 |10870+X | |J+12 |
65 |30 |13533+X | |J+14 |
65 |30 |16538+X | |J+16 |
65 |30 |19887+X | |J+18 |
65 |30 |Y | |J1 |
65 |30 |744+Y | |J1+1 |
65 |30 |1621+Y | |J1+2 |
65 |30 |2478+Y | |J1+3 |
65 |30 |3396+Y | |J1+4 |
65 |30 |4338+Y | |J1+5 |
65 |30 |5357+Y | |J1+6 |
65 |30 |6402+Y | |J1+7 |
65 |30 |7610+Y | |J1+8 |
65 |30 |8841+Y | |J1+9 |
65 |30 |10307+Y | |J1+10 |
65 |30 |11658+Y | |J1+11 |
65 |30 |13295+Y | |J1+12 |
65 |30 |Z | |J2 |
65 |30 |688+Z | |J2+1 |
65 |30 |1454+Z | |J2+2 |
65 |30 |2304+Z | |J2+3 |
65 |30 |3250+Z | |J2+4 |
65 |30 |4238+Z | |J2+5 |
65 |30 |5353+Z | |J2+6 |
65 |30 |6553+Z | |J2+7 |
65 |30 |7906+Z | |J2+8 |
65 |30 |9379+Z | |J2+9 |
65 |30 |11029+Z | |J2+10 |
66 |30 |0.0 | |0+ |STABLE
66 |30 |1039.2279 |21 |2+ |1.68 PS 3
66 |30 |1872.7653 |24 |2+ |0.19 PS 7
66 |30 |2372.353 |4 |0+ |0.21 PS GT
66 |30 |2451.01 |5 |4+ |0.34 PS 5
66 |30 |2703.6 |4 |(3) |
66 |30 |2762.8 |6 |(2) |
66 |30 |2765.56 |7 |4+ |7 PS GT
66 |30 |2780.157 |7 |2+ |0.26 PS 7
66 |30 |2826.69 |5 |3- |0.180 PS 7
66 |30 |2938.074 |3 |2+ |0.044 PS 16
66 |30 |3030 | |(0+) |
66 |30 |3077.73 |23 |4+ |1.04 PS 7
66 |30 |3105.040 |4 |0+ |
66 |30 |3212.582 |8 |2+ |0.083 PS +21-14
66 |30 |3226.2 |11 | |
66 |30 |3228.885 |3 |1+ |0.12 PS 3
66 |30 |3241.2 |11 | |
66 |30 |3331.441 |6 |2+ |0.083 PS +21-14
66 |30 |3380.944 |4 |1- |20 FS 5
66 |30 |3427.406 |18 |1,2- |
66 |30 |3432.408 |4 |1- |30 FS +19-8
66 |30 |3507.249 |23 |2+ |
66 |30 |3523.6 |8 | |
66 |30 |3531.692 |14 |0+ |
66 |30 |3576.370 |22 |4+ |
66 |30 |3670.72 |5 |2+ |
66 |30 |3689.01 |16 |1+,2+,3+ |
66 |30 |3709.4 |3 |(5) |0.6 PS +6-2
66 |30 |3725.3 |5 | |
66 |30 |3731.6 |5 | |
66 |30 |3738.207 |21 |+ |14 FS 2
66 |30 |3738.24 |4 |(4+) |
66 |30 |3747.03 |19 |5- |46 PS 3
66 |30 |3753.01 |4 |4+ |
66 |30 |3770 |30 |(1-) |
66 |30 |3791.123 |3 |1+ |
66 |30 |3806.4 |10 | |
66 |30 |3825.0 |3 |0+ |
66 |30 |3874 |5 | |
66 |30 |3882.424 |10 |(2)+ |
66 |30 |3898.3 |6 |5- |
66 |30 |3924.71 |20 | |
66 |30 |3946 |2 |(1-) |
66 |30 |3969 |2 |(4+) |
66 |30 |4005 |10 |4+ |
66 |30 |4011.7 | | |
66 |30 |4019.2 |15 |2+ |
66 |30 |4075.7 |3 |(6-) |29.8 PS 14
66 |30 |4081.0 |15 | |
66 |30 |4085.983 |4 |1+ |
66 |30 |4108.5 |10 | |
66 |30 |4119.0 |5 |(1-) |
66 |30 |4182.7 |5 |(6+) |0.15 PS 6
66 |30 |4186 |7 |(3-) |
66 |30 |4223 |2 |(1-) |
66 |30 |4251.9 |3 |(7-) |133 PS 10
66 |30 |4258 |2 | |
66 |30 |4267 |7 |4+ |
66 |30 |4295.339 |4 |1+ |4.2 FS +18-9
66 |30 |4321.83 |20 | |
66 |30 |4332 |7 |2+ |
66 |30 |4393.7 |16 |3- |0.07 PS +4-2
66 |30 |4424 |6 |1 |7.0 FS 12
66 |30 |4433 |6 |1- |
66 |30 |4439 |7 |2+ |
66 |30 |4454 |5 | |
66 |30 |4461.409 |5 |1+ |7 FS +12-3
66 |30 |4472 |7 |3- |
66 |30 |4497.6 |5 | |
66 |30 |4511 |5 |0+ |
66 |30 |4511 |5 |(2+) |
66 |30 |4527 |5 | |
66 |30 |4538 |7 |4+ |
66 |30 |4565 |2 |3- |
66 |30 |4567 |10 |5- |
66 |30 |4609 |2 |(1) |8.4 FS +33-18
66 |30 |4610 |5 |4+ |
66 |30 |4622 |6 | |
66 |30 |4635.3 |11 |(2) |
66 |30 |4638.24 |14 |1 |
66 |30 |4645 |10 | |
66 |30 |4655 |7 |(3-,4+) |
66 |30 |4675.6 |5 |1+ |
66 |30 |4680 |50 | |
66 |30 |4683 |10 |(1) |7.1 FS +24-14
66 |30 |4694 |7 |4+ |
66 |30 |4730 |7 |2+ |
66 |30 |4745 |10 | |
66 |30 |4758 |10 | |
66 |30 |4780 |7 |5- |
66 |30 |4796 |7 |(1-) |
66 |30 |4806.199 |5 |1+ |3.8 FS +13-8
66 |30 |4814.1 |4 |(7-) |0.6 PS 4
66 |30 |4832 |10 | |
66 |30 |4849.93 |3 |1+ |
66 |30 |4866.056 |16 |1+ |
66 |30 |4875 |10 | |
66 |30 |4885 |10 | |
66 |30 |4907 |10 | |
66 |30 |4918 |10 | |
66 |30 |4945 |10 | |
66 |30 |4958.2 |4 |1+ |
66 |30 |4984 |10 | |
66 |30 |5005.8 |3 |1+ |
66 |30 |5025 |10 | |
66 |30 |5038 |10 | |
66 |30 |5059 |10 | |
66 |30 |5073 |10 | |
66 |30 |5086 |10 | |
66 |30 |5097 |10 | |
66 |30 |5106 |10 | |
66 |30 |5111.9 |4 |(8-) |
66 |30 |5124 |10 | |
66 |30 |5143 |10 | |
66 |30 |5159 |10 | |
66 |30 |5169 |10 | |
66 |30 |5180 |10 | |
66 |30 |5198 |10 | |
66 |30 |5207.3 |5 |(8+) |6 PS GT
66 |30 |5222 |10 | |
66 |30 |5234 |10 | |
66 |30 |5245 |10 | |
66 |30 |5263 |10 | |
66 |30 |5274 |10 | |
66 |30 |5285 |10 | |
66 |30 |5305 |10 | |
66 |30 |5322 |10 | |
66 |30 |5331 |10 | |
66 |30 |5352 |10 | |
66 |30 |5364 |10 | |
66 |30 |5375 |10 | |
66 |30 |5389 |10 | |
66 |30 |5403 |10 | |
66 |30 |5420 |10 | |
66 |30 |5431 |10 | |
66 |30 |5446 |10 | |
66 |30 |5464.4 |5 |(9-) |1.9 PS 8
66 |30 |5500 |45 | |
66 |30 |5650 |30 |3- |
66 |30 |5740 |50 | |
66 |30 |6000 |50 | |
66 |30 |6292.6 |6 |(10+) |1.6 PS +7-3
66 |30 |6419.0 |8 | |
66 |30 |6850 |50 |(8+) |
66 |30 |7.17E3 |18 | |
66 |30 |7367.4 |4 |1 |1.47 FS 16
66 |30 |7517.3 |10 | |1.5 PS +6-3
66 |30 |7550 |50 |(6+) |
66 |30 |7693.3 |3 |1 |2.2 FS 4
66 |30 |11059.9 |10 |2-,3- |
66 |30 |11395 |10 | |
66 |30 |11411 |10 | |
66 |30 |11457 |10 | |
66 |30 |11514 |10 | |
66 |30 |11593 |10 | |
66 |30 |11654 |10 | |
66 |30 |11698 |10 | |
66 |30 |11757 |10 | |
66 |30 |11841 |10 |(2+) |
66 |30 |11916 |10 | |
66 |30 |12194 |10 | |
66 |30 |12218 |10 | |
66 |30 |12293 |10 | |
66 |30 |12324 |10 | |
66 |30 |12401 |10 | |
66 |30 |12433 |10 | |
66 |30 |12552 |10 | |
66 |30 |12602 |10 | |
66 |30 |12651 |10 | |
66 |30 |12688 |10 | |
66 |30 |12714 |10 | |
67 |30 |0.0 | |5/2- |STABLE
67 |30 |93.312 |5 |1/2- |9.07 US 4
67 |30 |184.579 |6 |3/2- |1.04 NS 2
67 |30 |393.531 |7 |3/2- |2.4 PS GT
67 |30 |604.48 |5 |9/2+ |333 NS 14
67 |30 |814.77 |5 |7/2- |2.0 PS +14-7
67 |30 |870.91 |20 |3/2(-) |
67 |30 |887.701 |8 |5/2- |1.6 PS +8-2
67 |30 |979.84 |5 |5/2+ |1.5 PS +6-3
67 |30 |990 |20 |(1/2-,3/2-) |
67 |30 |1060 |20 | |
67 |30 |1142.81 |6 |1/2- |0.42 PS 12
67 |30 |1363.59 |6 |5/2- |0.18 PS 6
67 |30 |1407 |5 | |
67 |30 |1446.09 |9 |3/2- |0.5 PS +4-1
67 |30 |1517.14 |18 |9/2- |0.21 PS 6
67 |30 |1543.50 |9 |3/2- |0.19 PS 5
67 |30 |1603.68 |10 |7/2+ |0.42 PS +21-7
67 |30 |1640.11 |17 |13/2+ |0.83 PS +4-3
67 |30 |1643 |2 | |
67 |30 |1656.71 |6 |7/2- |0.42 PS +2-1
67 |30 |1677.53 |7 |1/2+ |0.15 PS 4
67 |30 |1686.81 |10 |3/2,5/2 |0.24 PS 8
67 |30 |1732.65 |15 |11/2+ |0.48 PS +10-7
67 |30 |1780.24 |16 | |
67 |30 |1783.16 |10 |(3/2,5/2)+ |0.29 PS +7-6
67 |30 |1800.50 |11 |7/2- |0.12 PS 4
67 |30 |1802 |2 |(1/2+) |
67 |30 |1807.89 |14 |9/2+ |0.7 PS GT
67 |30 |1842.81 |18 |3/2- |0.17 PS 8
67 |30 |1875.42 |12 |5/2- |0.13 PS 4
67 |30 |2027.19 |13 |7/2+ |1.2 PS +4-5
67 |30 |2065.36 |13 |3/2,5/2,7/2- |2.4 PS +21-11
67 |30 |2083.12 |17 |1/2-,3/2,5/2- |30 FS 8
67 |30 |2092.61 |20 | |55 FS 21
67 |30 |2101.81 |14 | |
67 |30 |2110 | |(3/2+,5/2+) |
67 |30 |2136.73 |9 |9/2(-) |0.9 PS +12-3
67 |30 |2158.5 |4 | |40 FS 14
67 |30 |2175.29 |19 | |
67 |30 |2242.81 |24 |1/2(+),3/2,5/2- |45 FS 7
67 |30 |2272.9 |3 |3/2+,5/2+ |0.33 FS +14-11
67 |30 |2399 |4 |3/2+,5/2+ |
67 |30 |2408.9 |3 |1/2+ |
67 |30 |2428.1 |4 | |
67 |30 |2434.93 |17 |11/2- |0.30 PS +21-8
67 |30 |2451.81 |20 |13/2+ |0.8 PS +6-3
67 |30 |2487 |3 |(7/2+,9/2+) |
67 |30 |2503.52 |21 |11/2+ |0.38 PS +10-8
67 |30 |2511.4 |7 | |
67 |30 |2554.5 |7 |1/2-,3/2- |
67 |30 |2579 |1 |7/2+,9/2+ |
67 |30 |2599.6 |10 |3/2+,5/2+ |
67 |30 |2642 |3 |3/2+,5/2+ |
67 |30 |2732.2 |3 |11/2- |0.41 PS +12-8
67 |30 |2753 |2 | |
67 |30 |2794 |2 |3/2+,5/2+ |
67 |30 |2847 |3 |1/2+ |
67 |30 |2883 |12 | |
67 |30 |2926.5 |5 |(15/2+) |
67 |30 |2928.40 |17 | |
67 |30 |2937.3 |5 | |
67 |30 |2998 |12 | |
67 |30 |3029.8 |3 |(11/2+,15/2+) |
67 |30 |3057 |7 | |
67 |30 |3065.7 |5 |13/2- |0.28 PS 2
67 |30 |3091 |12 | |
67 |30 |3119 |12 | |
67 |30 |3153 |12 | |
67 |30 |3195.6 |4 | |
67 |30 |3228 |2 |3/2+,5/2+ |
67 |30 |3291 |5 |1/2+ |
67 |30 |3326 |12 | |
67 |30 |3350 | | |
67 |30 |3386 |2 |1/2+ |
67 |30 |3429 |12 | |
67 |30 |3468 |3 |3/2+, 5/2+ |
67 |30 |3473.4 |11 |(11/2-,13/2-) |
67 |30 |3487.4 |4 | |40 FS LT
67 |30 |3490.0 |6 | |
67 |30 |3490.7 |6 | |
67 |30 |3534 |2 |3/2+,5/2+ |
67 |30 |3557 |5 |1/2+ |
67 |30 |3599 |3 |1/2+ |
67 |30 |3637 |2 | |
67 |30 |3642 |4 | |
67 |30 |3679 |20 | |
67 |30 |3696.7 |6 | |
67 |30 |3699 |3 |3/2+,5/2+ |
67 |30 |3764 |3 |1/2+ |
67 |30 |3785 |20 | |
67 |30 |3819 |3 | |
67 |30 |3832 |3 | |
67 |30 |3857 |2 |1/2+ |
67 |30 |3880 | | |
67 |30 |3907 |4 | |
67 |30 |3929.2 |6 | |
67 |30 |3946 |2 | |
67 |30 |3981 |2 | |
67 |30 |4024 |3 | |
67 |30 |4074 |2 |1/2+ |
67 |30 |4115 |5 | |
67 |30 |4135 |5 | |
67 |30 |4186 |3 |3/2+,5/2+ |
67 |30 |4219.9 |6 | |
67 |30 |4225 |4 | |
67 |30 |4257 |4 |3/2+,5/2+ |
67 |30 |4286 |4 | |
67 |30 |4307 |4 |3/2+,5/2+ |
67 |30 |4315 |20 |(5/2-,7/2-) |
67 |30 |4368 |3 | |
67 |30 |4388 |3 |3/2+,5/2+ |
67 |30 |4419 |4 |3/2+,5/2+ |
67 |30 |4457 |5 | |
67 |30 |4480 | |(5/2-,7/2-) |
67 |30 |4500 |3 |3/2+, 5/2+ |
67 |30 |4556 |6 |(5/2-,7/2-) |
67 |30 |4593 |8 | |
67 |30 |4630.0 |8 |(21/2+) |
67 |30 |4660 |30 |(5/2-,7/2-) |
67 |30 |4684.0 |7 |(21/2-) |
67 |30 |4770 |30 | |
67 |30 |5010 |30 | |
67 |30 |5070 |20 | |
67 |30 |5150 |30 | |
67 |30 |5210 |20 | |
67 |30 |5340 |30 | |
67 |30 |9020 | | |
67 |30 |9280 | | |
67 |30 |11470 | | |
68 |30 |0.0 | |0+ |STABLE
68 |30 |1077.37 |4 |2+ |1.61 PS 2
68 |30 |1655.91 |8 |0+ |96 PS 16
68 |30 |1883.20 |5 |2+ |1.01 PS 5
68 |30 |2338.45 |5 |2+ |0.31 PS 3
68 |30 |2370.3 |15 | |
68 |30 |2417.40 |6 |4+ |0.73 PS 7
68 |30 |2510.2 |15 | |
68 |30 |2750.76 |8 |3- |0.257 PS 6
68 |30 |2821.79 |8 |2+ |0.15 PS 3
68 |30 |2955.9 |22 | |
68 |30 |2959.49 |13 |(4+) |
68 |30 |3009.27 |7 |3+ |0.28 PS +14-8
68 |30 |3102.51 |11 |0+ |
68 |30 |3153.8 |4 | |
68 |30 |3160.1 |3 | |
68 |30 |3164.4 |14 | |
68 |30 |3184.18 |13 |1,2+ |22 FS 6
68 |30 |3186.6 |11 |(1,2+) |
68 |30 |3281.58 |16 |4+ |
68 |30 |3287.09 |13 |2+ |0.08 PS +2-1
68 |30 |3334.7 | | |
68 |30 |3346.09 |20 |1+ |6.1 FS 16
68 |30 |3386 |3 | |
68 |30 |3400.9 |5 |1,2+ |45 FS +17-14
68 |30 |3425.07 |15 | |
68 |30 |3429.46 |15 |1,2+ |
68 |30 |3451.0 |3 | |
68 |30 |3458.83 |16 |5- |
68 |30 |3487.7 |15 | |
68 |30 |3496.08 |11 |3+,4+ |62 FS 10
68 |30 |3586.64 |10 |4+ |
68 |30 |3610.8 |6 |(6)- |2.5 NS LT
68 |30 |3622 |5 |3- |
68 |30 |3624.32 |21 |(1,2+) |
68 |30 |3630.32 |11 |(2+) |
68 |30 |3664.7 |3 |(1,2)+ |
68 |30 |3687.5 |5 |(6+) |
68 |30 |3709.8 |3 |(2+) |
68 |30 |3717.47 |20 |1,2+ |
68 |30 |3725.79 |17 | |33 FS +9-6
68 |30 |3732.4 |10 | |
68 |30 |3776.32 |23 |1,2+ |
68 |30 |3814 |4 |(3)- |
68 |30 |3814.83 |21 |1,2+ |24 FS +8-6
68 |30 |3849.30 |22 |4+ |0.16 PS +15-6
68 |30 |3895.83 |17 |4+ |
68 |30 |3910.99 |24 |(3)- |
68 |30 |3929 |4 | |
68 |30 |3935.08 |18 |3+ |
68 |30 |3942.9 |8 |(7-) |6 NS LT
68 |30 |3970.7 |12 | |
68 |30 |3989 |5 | |
68 |30 |4027.7 |4 |(1-,2+) |
68 |30 |4061.0 |3 |(2)+ |62 FS +21-17
68 |30 |4096 |10 | |
68 |30 |4102 |5 | |
68 |30 |4110 | |4+ |
68 |30 |4124 |10 |(4-,5-,6-) |
68 |30 |4139.2 |17 |1- |33 FS +12-9
68 |30 |4148 |7 |0+ |
68 |30 |4215.4 |6 |1+,2+ |
68 |30 |4229 |4 | |
68 |30 |4234 |4 |(0,1,2)- |
68 |30 |4252 | | |
68 |30 |4284.0 |4 |(2,3)+ |
68 |30 |4325 |6 | |
68 |30 |4339.1 |20 |(1) |12.0 FS +43-25
68 |30 |4345 |10 |3+,4+,5+ |
68 |30 |4355 |10 | |
68 |30 |4393 |7 |3+,4+ |
68 |30 |4396.8 |7 |(8+) |
68 |30 |4408.4 |4 | |
68 |30 |4414 |6 |1+,2+ |
68 |30 |4437 |5 | |
68 |30 |4444 |6 |(1,2+) |
68 |30 |4466.2 |20 |1- |7.0 FS +29-16
68 |30 |4496 |6 |(1,2+) |
68 |30 |4503.2 |20 |(1) |
68 |30 |4512.2 |3 |(2+) |
68 |30 |4520.6 |4 |1,2+ |
68 |30 |4535.6 |4 |1,2+ |
68 |30 |4578 |6 |(1,2+) |
68 |30 |4587 |4 |(1+,2+) |
68 |30 |4608 |6 |(1-) |
68 |30 |4642 |4 |1,2+ |
68 |30 |4656 |10 |2-,3- |
68 |30 |4670 |6 |(1,2+) |
68 |30 |4680 |6 | |
68 |30 |4724.1 |5 |1+,2+ |
68 |30 |4732.8 |11 |1,2+ |
68 |30 |4743 |5 |2-,3- |
68 |30 |4792 |6 | |
68 |30 |4851.2 |6 |2-,3- |
68 |30 |4857.9 |6 |1,2+ |
68 |30 |4865.9 |8 |(9-) |
68 |30 |4873 |4 |2-,3-,4- |
68 |30 |4910.6 |4 |1,2+ |
68 |30 |4951.5 |4 |1-,2-,3- |
68 |30 |4963.0 |7 | |
68 |30 |4982 |6 | |
68 |30 |4992.0 |10 |1,2+ |
68 |30 |5019 |10 |- |
68 |30 |5120 |10 |- |
68 |30 |5146 |5 | |
68 |30 |5162 |10 | |
68 |30 |5187.7 |7 | |
68 |30 |5200 |10 |2-,3- |
68 |30 |5283.4 |6 | |
68 |30 |5298.0 |4 |1-,2+ |
68 |30 |5307.5 |10 |- |
68 |30 |5400.4 |5 | |
68 |30 |5403.2 |5 |1,2+ |
68 |30 |5415.3 |8 |1,2+ |
68 |30 |5420 | | |
68 |30 |5565.0 |8 | |
68 |30 |5610 | | |
68 |30 |5635 |10 |(-) |
68 |30 |5693.8 |6 | |
68 |30 |5860 | |- |
68 |30 |5990.7 |9 |(11-) |
68 |30 |6760 | |- |
68 |30 |7110 | |2-,3- |
68 |30 |7362.3 |5 |1- |0.240 FS +14-12
68 |30 |X | |J |
68 |30 |1506.0+X |10 |J+2 |
68 |30 |3223.0+X |15 |J+4 |
68 |30 |5141.1+X |18 |J+6 |
68 |30 |7262.1+X |20 |J+8 |
68 |30 |9593.1+X |23 |J+10 |
68 |30 |12148.2+X |25 |J+12 |
68 |30 |14943+X |3 |J+14 |
68 |30 |18016+X | |J+16 |
69 |30 |0 | |1/2- |56.4 M 9
69 |30 |438.636 |18 |9/2+ |13.756 H 18
69 |30 |531.30 |13 |5/2- |
69 |30 |834.46 |12 |3/2- |
69 |30 |872 |5 |5/2+ |
69 |30 |967 |10 | |
69 |30 |1007.66 |14 |3/2- |
69 |30 |1136 |10 | |
69 |30 |1180.73 |14 |5/2- |
69 |30 |1224 |10 | |
69 |30 |1251.68 |19 |1/2,3/2 |
69 |30 |1338 |10 | |
69 |30 |1409 |10 | |
69 |30 |1429.56 |15 |1/2-,3/2-,5/2- |
69 |30 |1458.3 |5 |5/2- |
69 |30 |1595 | |(1/2-,3/2-) |
69 |30 |1610 |20 |(5/2-,7/2-) |
69 |30 |1633.2 |6 |5/2+ |
69 |30 |1650 |20 |(5/2-,7/2-) |
69 |30 |1696 |10 |1/2+ |
69 |30 |1761 |10 | |
69 |30 |1791 |10 |- |
69 |30 |1828.01 |17 |3/2- |
69 |30 |1850 |20 | |
69 |30 |1893.4 |5 |- |
69 |30 |1941 |10 | |
69 |30 |1968 |10 |1/2-,3/2- |
69 |30 |1983 | |1/2-,3/2- |
69 |30 |2032.8 |3 |5/2- |
69 |30 |2052 | |1/2,3/2,5/2+ |
69 |30 |2085 |10 |5/2- |
69 |30 |2210 |10 | |
69 |30 |2256 | | |
69 |30 |2262 |10 |1/2+ |
69 |30 |2281 |10 |1/2-,3/2- |
69 |30 |2344 | |1/2+,3/2,5/2+ |
69 |30 |2378 | |1/2,3/2,5/2+ |
69 |30 |2410 | |5/2+ |
69 |30 |2420 |20 |5/2-,7/2- |
69 |30 |2460 |30 |1/2-,3/2- |
69 |30 |2510 | |1/2-,3/2- |
69 |30 |2562 |10 |3/2+,5/2+ |
69 |30 |2580 |10 |1/2-,3/2- |
69 |30 |2607 |10 | |
69 |30 |2625 |10 | |
69 |30 |2663 |10 |1/2+ |
69 |30 |2700 |20 |5/2-,7/2- |
69 |30 |2740 |10 |(3/2+,5/2+) |
69 |30 |2790 |30 |1/2-,3/2- |
69 |30 |2828 |10 |1/2+ |
69 |30 |2905 |10 |3/2+,5/2+ |
69 |30 |2919 |10 | |
69 |30 |2950 |10 |3/2+,5/2+ |
69 |30 |3014 |10 |5/2+ |
69 |30 |3061 |10 |1/2+ |
69 |30 |3091 |10 | |
69 |30 |3120 |10 | |
69 |30 |3134 |10 | |
69 |30 |3194 |10 |(3/2+,5/2+) |
69 |30 |3338 |10 | |
69 |30 |3385 |10 |1/2+ |
69 |30 |3438 |10 |(1/2+) |
69 |30 |3457 |10 |(3/2+,5/2+) |
69 |30 |3671 |10 | |
69 |30 |3913 |10 | |
69 |30 |3978 |10 |1/2+ |
69 |30 |4089 |10 | |
69 |30 |4193 |10 |(1/2-,3/2-) |
69 |30 |4262 |10 | |
69 |30 |4518 |10 | |
69 |30 |4620 |10 | |
69 |30 |4661 |10 | |
69 |30 |4722 |10 | |
70 |30 |0.0 | |0+ |1.3E+16 Y GT
70 |30 |884.90 |8 |2+ |3.7 PS 2
70 |30 |1070.24 |8 |0+ |3.90 NS 20
70 |30 |1554 |5 | |
70 |30 |1758.76 |10 |(2)+ |0.24 PS +24-12
70 |30 |1786.33 |11 |4+ |
70 |30 |1957.22 |17 |2+ |
70 |30 |2140.20 |17 |0+ |
70 |30 |2375 |5 |(2)+ |
70 |30 |2537.88 |11 |(2+) |0.21 PS +28-8
70 |30 |2665 |5 |2+ |
70 |30 |2692.98 |11 |4+ |0.3 PS +5-1
70 |30 |2805 |5 | |
70 |30 |2859.03 |11 |3- |
70 |30 |2894.67 |14 |6+ |
70 |30 |2949.23 |19 |1+,2+,3+ |0.04 PS +2-1
70 |30 |2977.84 |23 |4+ |
70 |30 |3037.61 |12 |5- |
70 |30 |3222.72 |9 |1 |
70 |30 |3235 |5 |(4)+ |
70 |30 |3246.23 |11 |(4-) |
70 |30 |3328 |5 |(0+) |
70 |30 |3341.6 |4 |3- |
70 |30 |3419 |5 |(3)- |
70 |30 |3464 |5 |4+ |
70 |30 |3476.20 |15 | |
70 |30 |3506 |5 |5- |
70 |30 |3598.41 |16 |(5+) |
70 |30 |3634.57 |22 |2+ |
70 |30 |3680 |5 |0+ |
70 |30 |3710.3 |6 |2+ |
70 |30 |3750 |5 |(1-) |
70 |30 |3755.0 |4 |(8+) |
70 |30 |3787.65 |23 |(6+) |
70 |30 |3813 |5 | |
70 |30 |3844 |5 |1- |
70 |30 |3848.0 |6 | |
70 |30 |3888 |5 |(4)+ |
70 |30 |3903.6 |5 | |
70 |30 |3914 |10 | |
70 |30 |3948 |5 |1- |
70 |30 |4000.92 |16 |2+ |
70 |30 |4018 |10 |(4)+ |
70 |30 |4060.93 |16 |4+ |
70 |30 |4145.5 |4 |1+,2+,3+ |
70 |30 |4172 |10 |(5)- |
70 |30 |4263.9 |7 | |
70 |30 |4297 |10 |2+ |
70 |30 |4308.50 |19 | |
70 |30 |4367 |10 |(4)+ |
70 |30 |4444 |10 |(4)+ |
70 |30 |4464.29 |17 | |
70 |30 |4513.73 |24 | |
70 |30 |4557.7 |3 | |
70 |30 |4588.2 |4 | |
70 |30 |4709.7 |6 | |
70 |30 |4791.2 |11 | |
70 |30 |4848.8 |3 | |
70 |30 |4935.5 |5 |(10+) |
70 |30 |5060.9 |6 | |
70 |30 |6115.8 |6 |(12+) |
71 |30 |0.0 | |1/2- |2.45 M 10
71 |30 |157.7 |13 |9/2+ |3.96 H 5
71 |30 |286.3 |14 |(5/2)+ |
71 |30 |465 |5 |5/2-,7/2- |
71 |30 |489.8 |3 |1/2-,3/2- |
71 |30 |674.7 |3 |(3/2)- |
71 |30 |853 |5 |(5/2)+ |
71 |30 |1052 |10 | |
71 |30 |1078 |10 | |
71 |30 |1261.3 |5 |(5/2)+ |
71 |30 |1421 |10 |(3/2)- |
71 |30 |1629 |10 |1/2+ |
71 |30 |1661 |10 |(5/2)+ |
71 |30 |1742 |10 | |
71 |30 |1791.3 |8 |(1/2,3/2,5/2-) |
71 |30 |1856.5 |6 |(3/2+,5/2+) |
71 |30 |2179.5 |5 |(5/2)+ |
71 |30 |2377.0 |5 |1/2+ |
71 |30 |2417 |10 |3/2+,5/2+ |
71 |30 |2523 |10 |3/2+,5/2+ |
71 |30 |2538 |10 |(3/2+,5/2+) |
71 |30 |2612 |10 |3/2+,5/2+ |
71 |30 |2713 |10 |3/2+,5/2+ |
71 |30 |2752 |10 |3/2+,5/2+ |
71 |30 |3039 |10 |3/2+,5/2+ |
71 |30 |3098 |10 |3/2+,5/2+ |
71 |30 |3178 |10 |3/2+,5/2+ |
71 |30 |3350 |10 |(1/2+) |
71 |30 |3412 |10 |(3/2+,5/2+) |
71 |30 |3498 |10 |(1/2+) |
71 |30 |3626 |10 |(3/2+,5/2+) |
71 |30 |3654 |10 | |
71 |30 |3746 |10 | |
71 |30 |3765 |10 | |
71 |30 |3779 |10 | |
71 |30 |3842 |10 | |
71 |30 |3860 |10 | |
71 |30 |3890 |10 | |
71 |30 |3926 |10 | |
71 |30 |5846.246 |5 |1/2-,3/2- |
71 |30 |5847.499 |5 |1/2-,3/2- |
71 |30 |5847.766 |5 |1/2+ |
71 |30 |5848.455 |5 |1/2-,3/2- |
71 |30 |5848.781 |5 |1/2-,3/2- |
71 |30 |5853.300 |5 |1/2+ |
71 |30 |5858.024 |10 |1/2-,3/2- |
71 |30 |5858.228 |10 |1/2+ |
71 |30 |5866.756 |10 |1/2-,3/2- |
71 |30 |5866.871 |10 |1/2-,3/2- |
71 |30 |5867.05 |1 |1/2+ |
71 |30 |5872.98 |1 |1/2-,3/2- |
71 |30 |5879.169 |15 |1/2+ |
71 |30 |5886.494 |15 |1/2+ |
71 |30 |5890.451 |15 |1/2+ |
71 |30 |5890.814 |15 |1/2-,3/2- |
71 |30 |5890.892 |15 |1/2-,3/2- |
71 |30 |5893.790 |15 |1/2-,3/2- |
71 |30 |5894.504 |15 |1/2+ |
71 |30 |5895.728 |20 |1/2-,3/2- |
71 |30 |5897.226 |20 |1/2-,3/2- |
71 |30 |5905.666 |20 |1/2+ |
71 |30 |5913.10 |2 |1/2+ |
71 |30 |5918.547 |20 |1/2-,3/2- |
71 |30 |5919.044 |20 |1/2+ |
71 |30 |5919.348 |20 |1/2-,3/2- |
71 |30 |5922.480 |20 |1/2-,3/2- |
71 |30 |5924.554 |20 |1/2-,3/2- |
71 |30 |5925.719 |20 |1/2+ |
71 |30 |5926.49 |2 |1/2+ |
71 |30 |5928.660 |20 | |
71 |30 |5932.87 |2 |1/2-,3/2- |
71 |30 |5935.83 |3 |1/2-,3/2- |
71 |30 |5937.11 |3 |1/2-,3/2- |
71 |30 |5940.10 |3 |1/2+ |
71 |30 |5941.00 |3 |1/2-,3/2- |
71 |30 |5941.45 |3 |1/2-,3/2- |
71 |30 |5947.10 |3 | |
71 |30 |5947.39 |3 |1/2-,3/2- |
71 |30 |5947.53 |3 |1/2-,3/2- |
71 |30 |5947.68 |3 |1/2-,3/2- |
71 |30 |5948.18 |3 |1/2-,3/2- |
71 |30 |5948.71 |3 |1/2-,3/2- |
71 |30 |5949.10 |3 |1/2-,3/2- |
71 |30 |5950.54 |3 |1/2+ |
71 |30 |5953.20 |3 |1/2-,3/2- |
71 |30 |5953.56 |3 |1/2+ |
71 |30 |5961.34 |3 |1/2+ |
71 |30 |5963.48 |3 |1/2-,3/2- |
71 |30 |5964.48 |3 |1/2-,3/2- |
71 |30 |5964.61 |3 |1/2-,3/2- |
71 |30 |5966.32 |3 |1/2+ |
71 |30 |5967.58 |3 |1/2-,3/2- |
71 |30 |5968.71 |3 |1/2-,3/2- |
71 |30 |5970.89 |3 |1/2-,3/2- |
71 |30 |5971.96 |3 |1/2-,3/2- |
71 |30 |5972.07 |3 |1/2+ |
71 |30 |5972.37 |3 |1/2-,3/2- |
71 |30 |5975.21 |3 |1/2+ |
71 |30 |5976.27 |3 |1/2-,3/2- |
71 |30 |5976.93 |3 |1/2-,3/2- |
71 |30 |5977.06 |3 |1/2-,3/2- |
71 |30 |5978.27 |3 |1/2+ |
71 |30 |5978.79 |3 |1/2-,3/2- |
71 |30 |5979.15 |3 |1/2-,3/2- |
71 |30 |5979.67 |3 |1/2-,3/2- |
71 |30 |5980.04 |3 |1/2-,3/2- |
71 |30 |5981.74 |3 |1/2-,3/2- |
71 |30 |5982.67 |3 |1/2-,3/2- |
71 |30 |5984.05 |4 |1/2-,3/2- |
71 |30 |5985.81 |4 |1/2-,3/2- |
71 |30 |5986.28 |4 |1/2-,3/2- |
71 |30 |5986.82 |4 |1/2+ |
71 |30 |5988.28 |4 |1/2-,3/2- |
71 |30 |5988.72 |4 |1/2-,3/2- |
71 |30 |5991.03 |4 |1/2-,3/2- |
71 |30 |5996.08 |3 |1/2-,3/2- |
71 |30 |5996.38 |4 |1/2+ |
71 |30 |5998.35 |4 |1/2-,3/2- |
71 |30 |5998.53 |4 |1/2-,3/2- |
71 |30 |5999.78 |4 |1/2-,3/2- |
71 |30 |6001.90 |4 |1/2-,3/2- |
71 |30 |6004.43 |4 |1/2-,3/2- |
71 |30 |6004.82 |4 |1/2-,3/2- |
71 |30 |6006.16 |4 |1/2-,3/2- |
71 |30 |6009.20 |4 |1/2+ |
71 |30 |6010.38 |4 |1/2-,3/2- |
71 |30 |6011.56 |4 |1/2-,3/2- |
71 |30 |6011.96 |4 |1/2-,3/2- |
71 |30 |6012.13 |4 |1/2-,3/2- |
71 |30 |6014.27 |4 |1/2-,3/2- |
71 |30 |6014.51 |4 |1/2-,3/2- |
71 |30 |6017.10 |4 |1/2+ |
71 |30 |6017.97 |4 |1/2-,3/2- |
71 |30 |6021.90 |4 |1/2-,3/2- |
71 |30 |6024.45 |4 |1/2+ |
71 |30 |6026.92 |4 |1/2+ |
71 |30 |6027.52 |4 |1/2-,3/2- |
71 |30 |6031.80 |4 |1/2-,3/2- |
71 |30 |6036.27 |5 |1/2+ |
71 |30 |6036.90 |4 |1/2-,3/2- |
71 |30 |6037.67 |4 |1/2-,3/2- |
71 |30 |6038.19 |5 |1/2+ |
71 |30 |6040.47 |5 |1/2-,3/2- |
71 |30 |6040.81 |5 |1/2-,3/2- |
71 |30 |6041.41 |5 |1/2-,3/2- |
71 |30 |6042.32 |5 |1/2-,3/2- |
71 |30 |6042.95 |5 |1/2-,3/2- |
71 |30 |6044.51 |5 |1/2-,3/2- |
71 |30 |6045.40 |5 |1/2-,3/2- |
71 |30 |6046.11 |5 |1/2-,3/2- |
71 |30 |6048.00 |5 |1/2-,3/2- |
71 |30 |6048.32 |5 |1/2-,3/2- |
71 |30 |6048.78 |5 |1/2-,3/2- |
71 |30 |6049.32 |5 |1/2-,3/2- |
71 |30 |6049.73 |5 |1/2-,3/2- |
71 |30 |6050.53 |5 |1/2-,3/2- |
71 |30 |6051.78 |5 |1/2+ |
71 |30 |6053.44 |5 |1/2+ |
72 |30 |0.0 | |0+ |46.5 H 1
72 |30 |652.70 |5 |2+ |14 PS 3
72 |30 |1499.52 |8 |(4+) |
72 |30 |1511.00 |12 |0+ |
72 |30 |1612.6 |3 | |
72 |30 |1657.30 |10 |2+ |
72 |30 |2057.0 |5 | |
72 |30 |2169.0 |3 | |
72 |30 |2192.52 |11 | |
72 |30 |2441.97 |22 |(3,4) |
72 |30 |2476 |10 |0+ |
72 |30 |2645.63 |12 |(3,4) |
72 |30 |2653.4 |5 |(6+) |
72 |30 |2792.1 |4 | |
72 |30 |2804.82 |15 | |
72 |30 |2908.66 |11 |(3,4) |
72 |30 |2924.2 |5 | |
72 |30 |2978 |10 | |
72 |30 |3026.8 |5 | |
72 |30 |3048 |10 | |
72 |30 |3061.9 |3 | |
72 |30 |3094 |10 | |
72 |30 |3110.0 |5 | |
72 |30 |3154 |10 | |
72 |30 |3192.7 |20 | |
72 |30 |3246.6 |4 |(1,2) |
72 |30 |3395.5 |6 | |
72 |30 |3569.7 |6 |(8+) |
72 |30 |3574.6 |3 | |
72 |30 |3661.65 |13 | |
72 |30 |3697.8 |4 | |
72 |30 |3707.27 |13 |(2+) |
72 |30 |3752.2 |4 | |
72 |30 |3865.6 |5 |(1,2) |
72 |30 |4001.2 |6 | |
72 |30 |4130.2 |6 | |
72 |30 |4174.8 |5 | |
72 |30 |4358.8 |4 | |
72 |30 |4427.2 |5 | |
72 |30 |4429.1 |4 | |
72 |30 |4594.4 |7 | |
72 |30 |4770.3 |7 |(10+) |
73 |30 |0.0 | |(1/2)- |23.5 S 10
73 |30 |0+X | | |5.8 S 8
73 |30 |195.5 |2 |(5/2+) |13.0 MS 2
73 |30 |307.2 |2 |( 5/2) |
73 |30 |449.6 |2 |(3/2-) |
73 |30 |502.2 |2 |( 5/2) |
73 |30 |1124.0 |3 |( 5/2) |
73 |30 |2008.9 |3 |( 5/2) |
74 |30 |0.0 | |0+ |95.6 S 12
74 |30 |605.90 |8 |2+ |17.7 PS 13
74 |30 |1418.56 |12 |(0+,4+) |
74 |30 |1670.25 |8 |(2+) |
74 |30 |1788.9 |10 | |
74 |30 |2099.23 |13 | |
74 |30 |2148.2 |3 |(1,2+) |
74 |30 |2353.6 |9 | |
74 |30 |2551.88 |13 | |
74 |30 |2657.6 |3 | |
74 |30 |2698.0 |17 |(1,2+) |
74 |30 |2809.04 |11 | |
74 |30 |2904.73 |21 | |
74 |30 |2969.3 |3 | |
74 |30 |2985.9 |20 | |
74 |30 |3063.9 |17 | |
74 |30 |3067 |3 | |
74 |30 |3571 |5 | |
74 |30 |4562.4 |3 | |
74 |30 |4861.8 |18 | |
74 |30 |4896.8 |6 | |
74 |30 |5628 |3 | |
75 |30 |0.0 | |(7/2+) |10.2 S 2
75 |30 |126.94 |9 |(1/2-) |
75 |30 |152.12 |10 |(1/2+,3/2-) |
75 |30 |236.22 |10 |(3/2,5/2-) |
75 |30 |344.95 |8 |(3/2+,5/2-) |
75 |30 |420.52 |8 |(3/2+,5/2-) |
75 |30 |475.66 |8 |(9/2+) |
75 |30 |725.14 |9 |(3/2,5/2-) |
75 |30 |933.47 |17 | |
75 |30 |1012.58 |10 | |
75 |30 |1102.01 |11 |(3/2,5/2-) |
75 |30 |1144.24 |8 |(7/2-) |
75 |30 |1303.90 |11 |(5/2+) |
75 |30 |1317.8 |5 | |
75 |30 |1551.08 |18 | |
75 |30 |1605.83 |12 |(5/2+,7/2) |
75 |30 |1787.64 |16 | |
75 |30 |1864.30 |25 | |
75 |30 |1915.96 |14 |(5/2+,7/2) |
75 |30 |2042.5 |5 | |
75 |30 |2230.1 |3 |(5/2+,7/2) |
75 |30 |2239.60 |23 | |
75 |30 |2315.91 |22 | |
75 |30 |2339.9 |3 | |
75 |30 |2851.26 |19 | |
75 |30 |2871.4 |3 | |
75 |30 |2904.66 |17 | |
75 |30 |2906.54 |15 |(7/2-) |
75 |30 |2969.77 |20 | |
75 |30 |3000.1 |3 | |
75 |30 |3020.37 |18 | |
75 |30 |3087.25 |13 |(3/2-,5/2,7/2) |
75 |30 |3126.55 |16 |(3/2-,5/2,7/2) |
75 |30 |3166.9 |4 | |
75 |30 |3235.04 |13 |(3/2-,5/2,7/2) |
75 |30 |3266.6 |3 | |
75 |30 |3341.48 |23 |(5/2+,7/2) |
75 |30 |3361.99 |15 |(3/2-,5/2,7/2) |
75 |30 |3406.7 |3 | |
75 |30 |3424.88 |21 | |
75 |30 |3492.30 |23 | |
75 |30 |3530.73 |22 |(5/2+,7/2) |
75 |30 |3546.4 |3 | |
75 |30 |3574.1 |4 |(5/2+,7/2) |
75 |30 |3576.9 |4 | |
75 |30 |3668.0 |3 | |
75 |30 |3818.3 |3 | |
75 |30 |3840.38 |18 |(5/2+,7/2-) |
75 |30 |3886.7 |7 | |
75 |30 |3897.4 |7 | |
75 |30 |3900.1 |8 | |
75 |30 |3999.0 |11 | |
75 |30 |4010.0 |5 | |
75 |30 |4016.4 |4 | |
75 |30 |4035.4 |5 | |
75 |30 |4359.0 |10 | |
75 |30 |4599.0 |6 | |
75 |30 |4686.1 |5 | |
75 |30 |4989.6 |8 | |
75 |30 |5022.0 |6 | |
76 |30 |0.0 | |0+ |5.7 S 3
76 |30 |598.68 |10 |(2+) |
76 |30 |1030.51 |10 |(0+) |
76 |30 |1296.46 |10 |(4+) |
76 |30 |1715.96 |10 | |
76 |30 |1760.88 |10 | |
76 |30 |2633.54 |10 | |
76 |30 |2813.94 |10 | |
76 |30 |2974.43 |10 | |
77 |30 |0.0 | |(7/2+) |2.08 S 5
77 |30 |114.721 |10 |(9/2+) |
77 |30 |772.440 |15 |(1/2-) |1.05 S 10
77 |30 |801.89 |11 |(11/2+) |
77 |30 |1130.5 |3 | |
77 |30 |1235.1 |5 | |
77 |30 |1277.690 |15 |(5/2-,3/2+) |
77 |30 |1284.62 |15 | |
77 |30 |1363.786 |25 |(1/2+,3/2-) |
77 |30 |1409.078 |20 | |
77 |30 |1427.3 |3 | |
77 |30 |1637.48 |21 | |
77 |30 |1875.66 |11 | |
77 |30 |2082.81 |4 | |
77 |30 |2152.6 |23 | |
77 |30 |2235.378 |24 |(5/2+) |
77 |30 |2380.4 |3 | |
77 |30 |2527.2 |5 | |
77 |30 |2545.84 |12 | |
77 |30 |2574.2 |4 | |
77 |30 |2654.14 |9 | |
77 |30 |2872.67 |5 | |
77 |30 |2891.8 |3 | |
77 |30 |3001.12 |10 | |
77 |30 |3083.18 |9 | |
77 |30 |3095.1 |5 | |
77 |30 |3139.30 |15 | |
77 |30 |3204.56 |5 | |
77 |30 |3386.92 |13 | |
77 |30 |3426.98 |13 | |
77 |30 |3709.9 |15 | |
77 |30 |3744.00 |9 | |
77 |30 |3823.88 |16 | |
77 |30 |4334.35 |20 | |
77 |30 |4531.9 |4 | |
77 |30 |4605.27 |21 | |
78 |30 |0.0 | |0+ |1.47 S 15
78 |30 |730.2 |4 |2+ |18 PS 4
78 |30 |1620.7 |6 |(4+) |
78 |30 |2529.0 |9 |(6+) |
78 |30 |2673.7 |10 |(8+) |319 NS 9
78 |30 |3106 | |(4+:8+) |
79 |30 |0.0 | |(9/2+) |0.746 S 42
79 |30 |983 |3 |(5/2+) |
79 |30 |110E1 |15 |(1/2+) |
79 |30 |1336 |1 |(1/2,3/2) |
79 |30 |1424 |4 |(3/2+,5/2+) |
79 |30 |2312 |4 | |
79 |30 |2521 |3 | |
79 |30 |3195 |4 | |
79 |30 |3198 |6 | |
79 |30 |3304 |5 | |
80 |30 |0 | |0+ |561.9 MS 30
80 |30 |1492 |1 |2+ |0.52 PS 11
81 |30 |0 | |(5/2+) |0.32 S 5
82 |30 |0 | |0+ |228 MS 10
83 |30 |0.0 | | |117 MS 20
84 |30 |0 | |0+ |633 NS GT
85 |30 |0 | | |637 NS GT
