60 |31 |0 | |(2+) |70 MS 13
61 |31 |0.0 | |3/2- |167 MS 3
61 |31 |220 |1 |(1/2-) |
61 |31 |271 |1 |(5/2-) |
61 |31 |1397 |1 |(9/2-) |
61 |31 |2903 |2 |(13/2-) |
61 |31 |3420 |50 |(3/2-) |
62 |31 |0.0 | |0+ |116.121 MS 21
62 |31 |571.2 |1 |1(+) |
62 |31 |817.2 |1 |3(+) |3.4 NS 11
62 |31 |1016.7 |3 |(2) |
62 |31 |1193.5 |2 |(5+) |
62 |31 |1439.4 |2 |(4+,5+) |
62 |31 |2234.0 |5 | |
62 |31 |2373.6 |3 |(6+) |
62 |31 |2434.3 |2 |(7+) |
62 |31 |2674.5 |3 |(6) |
62 |31 |3014.8 |3 |(6+,7+) |
62 |31 |3491.8 |3 |(7) |
62 |31 |3922.0 |3 |(8+) |
62 |31 |4657.8 |4 |(8) |
62 |31 |4789.1 |3 |(9+) |
62 |31 |4945.2 |4 |(9+,10+) |
62 |31 |5735.0 |4 |(11+) |
62 |31 |6842.3 |5 | |
63 |31 |0.0 | |3/2- |32.4 S 5
63 |31 |75.32 |18 |5/2- |25 NS AP
63 |31 |443.34 |15 | |
63 |31 |722.46 |15 | |
63 |31 |1152.65 |21 |9/2- |
63 |31 |1422.00 |14 |7/2- |
63 |31 |2046.48 |20 |9/2+ |2 NS LT
63 |31 |2940.5 |3 |13/2+ |
63 |31 |4080.6 |4 |17/2+ |
63 |31 |4959.0 |4 | |
63 |31 |5243.9 |5 | |
63 |31 |5715.7 |4 |21/2+ |
63 |31 |5853.0 |4 |19/2(-) |
63 |31 |6251.1 |6 | |
63 |31 |6501.5 |4 |23/2(-) |
63 |31 |6984.9 |5 |(25/2+) |
63 |31 |7655.2 |5 | |
63 |31 |7710.7 |5 |27/2(-) |
63 |31 |7914.4 |5 |25/2 |
63 |31 |8411.5 |5 |29/2+ |
63 |31 |9015.3 |5 | |
63 |31 |9040.9 |5 |31/2 |
63 |31 |9254.8 |5 |(29/2) |
63 |31 |9635.2 |6 | |
63 |31 |10333.4 |7 |(33/2+) |
63 |31 |10826.8 |6 | |
63 |31 |10870.8 |5 |35/2(-) |
63 |31 |10965.5 |5 |35/2(-) |
63 |31 |10978.2 |5 |(33/2) |
63 |31 |12738.3 |6 |(37/2) |
63 |31 |12830.9 |9 | |
63 |31 |12834.1 |6 |39/2(-) |
63 |31 |13039.9 |9 | |
63 |31 |14465.2 |6 |43/2(-) |
64 |31 |0.0 | |0+ |2.627 M 12
64 |31 |42.85 |8 |(2+) |21.9 US 7
64 |31 |128.05 |10 |(1+) |6.9 NS 7
64 |31 |170.95 |9 |(3+) |3 NS AP
64 |31 |322.99 |8 |(2+,1+) |
64 |31 |427.03 |6 |(1+) |
64 |31 |534.53 |11 |(3+) |
64 |31 |538.00 |10 |(4+) |
64 |31 |550.29 |11 |(1,2+) |
64 |31 |605.12 |12 |(2+,3-) |
64 |31 |666.94 |16 |(1+) |
64 |31 |707.48 |10 |(4+) |
64 |31 |712.15 |15 | |
64 |31 |765.23 |15 |(3,2+) |
64 |31 |817.4 |3 |(1+) |
64 |31 |828.92 |15 | |
64 |31 |852 |3 |(2+,1+) |
64 |31 |937 |2 |(1+,0+) |
64 |31 |1020.79 |11 |(5+) |
64 |31 |1035 |6 | |
64 |31 |1054 |4 | |
64 |31 |1136 |5 | |
64 |31 |1233 |4 | |
64 |31 |1279.79 |15 |(4+) |
64 |31 |1357.10 |17 |(5+) |
64 |31 |1421 |3 | |
64 |31 |1460 |3 | |
64 |31 |1478.71 |17 | |
64 |31 |1552 |5 | |
64 |31 |1578 |6 | |
64 |31 |1685.09 |16 |(5+) |
64 |31 |1785 |4 | |
64 |31 |1798.50 |11 |(6+) |
64 |31 |1818 |4 | |
64 |31 |1842.80 |12 |(5-) |
64 |31 |1859.4 |17 | |
64 |31 |1905.1 |23 |(0+) |
64 |31 |1949.51 |18 |(6+) |
64 |31 |2004 |4 | |
64 |31 |2033.20 |12 |(7-) |
64 |31 |2052.90 |15 |(6+) |
64 |31 |2104.3 |4 | |
64 |31 |2180.9 |17 | |
64 |31 |2336.7 |18 | |
64 |31 |2353.6 |4 | |
64 |31 |2384 |4 | |
64 |31 |2396.3 |3 |(7-) |
64 |31 |2415 |3 | |
64 |31 |2446.2 |19 | |
64 |31 |2547.6 |17 | |
64 |31 |2940 | |(2+) |
64 |31 |3089.51 |15 |(8-) |
64 |31 |3102.71 |15 |(9-) |
64 |31 |3163.9 |3 | |
64 |31 |3573.9 |2 |(9+) |
64 |31 |4473.0 |3 |(11+) |
64 |31 |5629.1 |4 |(12) |
65 |31 |0.0 | |3/2- |15.2 M 2
65 |31 |61.94 |12 |(1/2)- |1.2 NS LT
65 |31 |190.81 |14 |5/2- |700 PS LT
65 |31 |649.67 |14 |1/2-,3/2- |
65 |31 |809.18 |13 |1/2-,3/2- |
65 |31 |814.89 |20 |3/2- |
65 |31 |1075.84 |17 |7/2- |
65 |31 |1084 |8 |7/2+,9/2+ |
65 |31 |1135 | | |
65 |31 |1287.41 |18 |(9/2)- |1.4 PS LT
65 |31 |1298.59 |24 | |
65 |31 |1326.2 |8 | |
65 |31 |1353.37 |16 | |
65 |31 |1370.9 |10 | |
65 |31 |1377.4 |3 |5/2-,7/2- |
65 |31 |1469 | | |
65 |31 |1661.95 |17 |1/2-,3/2- |
65 |31 |1807 | | |
65 |31 |1864 |7 |1/2-,3/2- |
65 |31 |1879.38 |20 | |
65 |31 |1902 |2 | |
65 |31 |1966.7 |3 | |
65 |31 |1983.1 |5 | |
65 |31 |2038.15 |17 |9/2+ |7 PS 4
65 |31 |2046.3 |4 | |
65 |31 |2161.7 |4 | |
65 |31 |2206.6 |5 |5/2- |
65 |31 |2280 | | |
65 |31 |2323.8 |5 | |
65 |31 |2357 | | |
65 |31 |2388 | | |
65 |31 |2426.5 |10 | |
65 |31 |2447.0 |5 | |
65 |31 |2470 | | |
65 |31 |2502.8 |5 | |
65 |31 |2548 | | |
65 |31 |2575 | | |
65 |31 |2647 | | |
65 |31 |2669 | | |
65 |31 |2704.1 |15 | |
65 |31 |2716 | | |
65 |31 |2754 | | |
65 |31 |2788.93 |19 |13/2- |0.6 PS 3
65 |31 |2811.0 |13 |(3/2,5/2) |
65 |31 |2813.91 |19 |(11/2+) |0.55 PS 21
65 |31 |2820 |7 |3/2+,5/2+ |
65 |31 |2906 | | |
65 |31 |2924 |11 |3/2+,5/2+ |
65 |31 |2929.4 |7 | |
65 |31 |2960 | | |
65 |31 |3006 |15 |(3/2+,5/2+) |
65 |31 |3036 | | |
65 |31 |3065.06 |18 |13/2+ |
65 |31 |3077.2 |11 | |
65 |31 |3085.1 |4 | |
65 |31 |3095.0 |11 | |
65 |31 |3143 | | |
65 |31 |3173 | | |
65 |31 |3197.0 |7 | |
65 |31 |3229 | | |
65 |31 |3250 | | |
65 |31 |3279.3 |7 | |
65 |31 |3310 | | |
65 |31 |3415 | | |
65 |31 |3488 | | |
65 |31 |3733.24 |18 |(15/2+) |
65 |31 |3910.50 |20 |15/2(+) |
65 |31 |4123.28 |19 |17/2+ |0.62 PS LE
65 |31 |4331.18 |19 |17/2+ |
65 |31 |4434.08 |19 |17/2+ |
65 |31 |4547.57 |19 |19/2(+) |
65 |31 |4633.32 |20 |17/2+ |
65 |31 |4850.64 |20 | |
65 |31 |5023.3 |11 | |
65 |31 |5065 |5 | |
65 |31 |5116 |1 | |
65 |31 |5192 |10 | |
65 |31 |5240 |1 | |
65 |31 |5298 |1 | |
65 |31 |5339 |1 | |
65 |31 |5352 |1 |(1/2+) |
65 |31 |5384 |1 | |
65 |31 |5393 |1 | |
65 |31 |5438 |1 | |
65 |31 |5467.58 |19 |19/2- |
65 |31 |5481 |1 | |
65 |31 |5498.34 |19 |21/2+ |
65 |31 |5507 |1 | |
65 |31 |5553 |5 | |
65 |31 |5563 |10 | |
65 |31 |5597 |5 | |
65 |31 |5643.6 |11 | |
65 |31 |5656 |5 | |
65 |31 |5678 |5 | |
65 |31 |5709 |5 | |
65 |31 |5758.5 |12 | |
65 |31 |5760.0 |10 | |
65 |31 |5799 |5 | |
65 |31 |5820.6 |9 | |
65 |31 |5844 |5 | |
65 |31 |5853.7 |9 | |
65 |31 |5868 |5 | |
65 |31 |5898.34 |22 | |
65 |31 |5917.82 |19 |21/2+ |
65 |31 |5927 |10 | |
65 |31 |5935.8 |10 | |
65 |31 |5945.29 |20 |21/2(-) |
65 |31 |5993 |10 | |
65 |31 |6121.79 |22 | |
65 |31 |6295.64 |20 |23/2(-) |
65 |31 |6671.6 |6 |1/2- |
65 |31 |6717.9 |6 |3/2- |
65 |31 |6815 |5 | |
65 |31 |6817.11 |20 |25/2+ |
65 |31 |6824 |5 |(9/2) |
65 |31 |6835 |5 | |
65 |31 |6840 |5 | |
65 |31 |7035.4 | |(27/2+) |
65 |31 |7090.07 |22 |25/2(-) |
65 |31 |7114.8 |6 |5/2+ |
65 |31 |7138 |5 |(3/2) |
65 |31 |7142 |5 |(5/2) |
65 |31 |7146 |5 |(5/2) |
65 |31 |7152 |5 | |
65 |31 |7363.49 |22 |27/2(-) |
65 |31 |7660 |5 |1/2+ |
65 |31 |7690 |5 | |
65 |31 |7942.31 |22 |29/2+ |
65 |31 |8199.83 |22 |(27/2+) |
65 |31 |8499.25 |23 |29/2(-) |
65 |31 |8605 |5 | |
65 |31 |8605.60 |24 |31/2(-) |
65 |31 |8833 |5 | |
65 |31 |8888 |5 | |
65 |31 |9332.32 |23 |33/2+ |
65 |31 |9402.75 |22 |(31/2+) |
65 |31 |10169.5 |4 | |
65 |31 |10192.9 |3 | |
65 |31 |10508.2 |4 | |
65 |31 |10978.01 |23 |(35/2+) |
65 |31 |11069.52 |24 |37/2+ |
65 |31 |12188.8 |4 | |
65 |31 |12791.04 |25 |(39/2+) |
65 |31 |13239.1 |3 |41/2+ |
65 |31 |14025.0 |4 | |
65 |31 |15043.9 |4 |(43/2+) |
65 |31 |15981.2 |5 | |
66 |31 |0.0 | |0+ |9.49 H 3
66 |31 |43.812 |16 |1+ |18.0 NS 9
66 |31 |66.139 |19 |(2)+ |23.0 NS 14
66 |31 |108.893 |15 |1+ |1.2 NS 2
66 |31 |162.472 |20 |(3)+ |13 NS 5
66 |31 |234.043 |17 |2+ |
66 |31 |290.908 |25 |(0,1)+ |
66 |31 |335.404 |20 |(2)+ |
66 |31 |381.859 |20 |1+ |
66 |31 |415.34 |3 |(4)+ |2 NS LT
66 |31 |423.77 |3 |(3)+ |
66 |31 |459.878 |22 |2+ |
66 |31 |516.20 |4 |(4)+ |2 NS LT
66 |31 |536.618 |21 |1+ |
66 |31 |552.90 |3 |(3)+ |
66 |31 |620.98 |3 |(2)+ |
66 |31 |639.58 |3 |(3)+ |
66 |31 |664.202 |24 |(1,2)+ |
66 |31 |705.995 |21 |1+ |
66 |31 |721.89 |3 |(3)+ |
66 |31 |783.96 |15 |(3) |
66 |31 |790.08 |3 |(1,2)+ |
66 |31 |838.93 |3 | |
66 |31 |845.03 |5 |(2+,3,4+) |
66 |31 |863.55 |6 |(5) |2 NS LT
66 |31 |866.09 |5 |1+ |
66 |31 |943.86 |5 |(2+,3,4+) |
66 |31 |974.48 |4 |(1,2+) |
66 |31 |998.62 |7 |(1+,2,3+) |
66 |31 |1001.39 |15 | |
66 |31 |1018.31 |17 | |
66 |31 |1062.12 |22 | |
66 |31 |1065.15 |19 |(1+,2,3+) |
66 |31 |1076.6 |4 | |
66 |31 |1081.2 |4 | |
66 |31 |1141.99 |10 | |
66 |31 |1164.22 |22 | |
66 |31 |1210.20 |4 | |
66 |31 |1350.63 |11 |(5) |
66 |31 |1380 |30 |(6-) |
66 |31 |1450 | | |
66 |31 |1456.08 |6 |1+ |
66 |31 |1464.33 |15 |(7) |57.3 NS 14
66 |31 |1513.37 |13 |(6) |
66 |31 |1556.65 |3 |1+ |
66 |31 |1573.7 |3 |1(+) |
66 |31 |1617.66 |21 |(6) |
66 |31 |1769.36 |20 |1+ |
66 |31 |1774.90 |19 |(7) |
66 |31 |2408.43 |25 |(8) |
66 |31 |2512.44 |21 |(8) |2 NS LT
66 |31 |2652.99 |21 |(9+) |2 NS LT
66 |31 |3043.45 |18 |(9+) |0.208 NS 8
66 |31 |3362.3 |3 | |
66 |31 |3420.1 |3 |(10) |
66 |31 |3850 | |(0+) |
66 |31 |4110.4 |3 |(10) |
66 |31 |4162.1 |3 |(11) |2 NS LT
66 |31 |4192.7 |3 | |
66 |31 |4271.7 |4 |(12) |
66 |31 |4302.7 |3 | |
66 |31 |5109.2 |4 |(13) |
67 |31 |0 | |3/2- |3.2617 D 5
67 |31 |166.98 |3 |1/2- |42 NS 21
67 |31 |359.123 |15 |5/2- |49 PS 5
67 |31 |828.082 |25 |3/2- |0.16 PS 7
67 |31 |910.928 |18 |5/2- |0.25 PS +9-5
67 |31 |1081.63 |4 |1/2- |0.28 PS 12
67 |31 |1202.274 |21 |7/2- |1.5 PS 10
67 |31 |1240 |5 |(13/2) |
67 |31 |1412.713 |21 |7/2- |0.61 PS 24
67 |31 |1519.17 |3 |9/2- |1.9 PS 8
67 |31 |1554.61 |3 |5/2- |0.18 PS 4
67 |31 |1639.41 |6 |3/2- |0.14 PS 4
67 |31 |1735 |5 |(15/2,17/2) |
67 |31 |1808.99 |6 |3/2- |0.23 PS 10
67 |31 |1975.2 |11 | |0.09 PS GT
67 |31 |1977.90 |5 |5/2,7/2 |0.3 PS +6-2
67 |31 |2040.90 |5 |5/2- |0.09 PS +3-2
67 |31 |2073.755 |25 |9/2+ |
67 |31 |2124.46 |5 |5/2- |0.21 PS +14-7
67 |31 |2141.85 |8 |3/2- |0.25 PS GE
67 |31 |2145.37 |22 |(1/2) |
67 |31 |2172.13 |7 |(3/2)- |0.18 PS +8-5
67 |31 |2176.08 |5 |7/2- |0.06 PS +2-1
67 |31 |2176.32 |8 | |
67 |31 |2190.65 |6 |9/2- |0.68 PS 21
67 |31 |2262.7 |19 | |
67 |31 |2263.78 |11 |9/2- |0.68 PS 22
67 |31 |2281.94 |9 |7/2- |0.06 PS 2
67 |31 |2374.2 |3 |3/2+,7/2+ |0.69 PS GT
67 |31 |2393 |7 | |
67 |31 |2407 |4 |- |
67 |31 |2457.3 |10 |11/2- |1.04 PS GT
67 |31 |2526.7 |5 |(1/2-,3/2-) |
67 |31 |2545 |6 |1/2-,3/2- |
67 |31 |2568 |6 |- |
67 |31 |2596.7 |10 |- |
67 |31 |2619.5 |5 |- |
67 |31 |2644 |5 |- |
67 |31 |2653.4 |9 |11/2- |1.04 PS GT
67 |31 |2683 |6 | |
67 |31 |2730.6 |4 |3/2- |
67 |31 |2748 |5 | |
67 |31 |2797.9 |13 |(5/2-,9/2-) |0.38 PS 14
67 |31 |2837 |8 | |
67 |31 |2857 |7 |3/2+,5/2+ |
67 |31 |2862.45 |10 |11/2+ |0.87 PS 28
67 |31 |2873 |8 |3/2+,5/2+ |
67 |31 |2898 |5 |(-) |
67 |31 |2916 |7 | |
67 |31 |2930 |8 | |
67 |31 |2942 |5 |3/2- |
67 |31 |2978 |5 | |
67 |31 |2991 |7 | |
67 |31 |3014 |7 | |
67 |31 |3031.77 |6 |13/2+ |4.5 PS 4
67 |31 |3036 |5 |3/2- |
67 |31 |3079 |5 | |
67 |31 |3094 |7 | |
67 |31 |3113 |7 | |
67 |31 |3136 |7 | |
67 |31 |3150 |7 | |
67 |31 |3160.66 |11 |13/2- |
67 |31 |3191.1 |9 |11/2+ |1.04 PS GT
67 |31 |3225.0 |3 |3/2- |
67 |31 |3267 |8 | |
67 |31 |3291 |5 | |
67 |31 |3310 |5 | |
67 |31 |3337 |5 |3/2- |
67 |31 |3375 |5 |(3/2+,5/2+) |
67 |31 |3401.5 |4 |(1/2-,3/2-) |
67 |31 |3452 |5 |1/2-,3/2- |
67 |31 |3498 |5 | |
67 |31 |3525.3 |4 |9/2+,13/2+ |1.04 PS GT
67 |31 |3577.95 |6 |15/2+ |0.16 NS 4
67 |31 |3628.6 |7 |13/2+,17/2+ |0.48 PS GT
67 |31 |3632.1 |15 | |
67 |31 |3654.6 |8 |(1/2-,3/2-) |
67 |31 |3727.8 |9 |(1/2-,3/2-) |
67 |31 |3760 |20 | |
67 |31 |3820 |20 |1/2-,3/2- |
67 |31 |3855.99 |7 |17/2+ |11 PS 2
67 |31 |3884.5 |6 | |
67 |31 |3900 |20 | |
67 |31 |3940 |20 | |
67 |31 |3980 |20 |3/2+,5/2+ |
67 |31 |4070 |20 | |
67 |31 |4179.4 |5 | |
67 |31 |4198.58 |8 |17/2+ |0.69 PS LT
67 |31 |4200 |20 |3/2+,5/2+ |
67 |31 |4221.4 |3 | |
67 |31 |4280.2 |5 |13/2-,15/2- |
67 |31 |4290.49 |8 |19/2+ |12.5 PS 19
67 |31 |4330 |20 | |
67 |31 |4348.9 |4 |17/2+ |
67 |31 |4450 |20 | |
67 |31 |4500 |20 | |
67 |31 |4550 |20 |3/2+,5/2+ |
67 |31 |4720 |20 |3/2+,5/2+ |
67 |31 |4744.8 |12 | |
67 |31 |4749.9 |4 |17/2- |
67 |31 |4760 |20 |1/2+ |
67 |31 |4780.1 |6 | |
67 |31 |4820 |20 |5/2-,7/2- |
67 |31 |4995.5 |5 |21/2+,23/2+ |
67 |31 |5085.5 |4 |19/2(-) |
67 |31 |5186.3 |4 |21/2+ |
67 |31 |5225.7 |4 |(23/2+) |
67 |31 |5300 | | |
67 |31 |5370 | | |
67 |31 |5395.7 |4 |(19/2-) |
67 |31 |5417.0 |6 | |
67 |31 |5491.64 |10 |(21/2+) |
67 |31 |5574.3 |6 | |
67 |31 |5677.1 |6 |21/2+ |
67 |31 |5744.6 |5 |21/2(-) |
67 |31 |5751.2 |6 | |
67 |31 |6185.6 |5 |(23/2-) |
67 |31 |6380.19 |13 |25/2+ |
67 |31 |6390 | | |
67 |31 |6589.5 |5 |(27/2+) |
67 |31 |6870.2 |5 |23/2(-) |
67 |31 |7551.2 |10 | |
67 |31 |7601.2 |10 | |
67 |31 |7618.2 |10 |29/2+ |
67 |31 |7890 | | |
67 |31 |7957.5 |6 |(27/2-) |
67 |31 |7980 | | |
67 |31 |7988 | |5/2- |
67 |31 |8060 | | |
67 |31 |8076 | |1/2- |
67 |31 |8260 | | |
67 |31 |8400 | |3/2- |
67 |31 |8470 | | |
67 |31 |8552 |5 |(9/2+) |
67 |31 |8567 |5 |(9/2+) |
67 |31 |8615.9 |6 |33/2+ |
67 |31 |8640 | | |
67 |31 |8760 | | |
67 |31 |8960 | |5/2+ |
67 |31 |9420 | | |
67 |31 |9510 | | |
67 |31 |9630 | | |
67 |31 |10083.5 |9 | |
67 |31 |10250 | |5/2+ |
67 |31 |10390 | |5/2+ |
67 |31 |10600 | | |
67 |31 |10760 | |5/2+ |
68 |31 |0.0 | |1+ |67.71 M 8
68 |31 |175.017 |7 |2+ |5 NS LE
68 |31 |320.976 |10 |1+ |
68 |31 |374.581 |12 |2+ |
68 |31 |375.581 |10 |3+ |5 NS LE
68 |31 |496.092 |15 |4+ |5 NS LE
68 |31 |514.301 |15 |1+ |
68 |31 |555.471 |15 |(0,1,2)+ |
68 |31 |564.515 |12 |2+ |
68 |31 |583.788 |15 |2- |5 NS LE
68 |31 |676.046 |19 |3+ |
68 |31 |806.159 |17 |4+ |5 NS LE
68 |31 |825.340 |14 |1+,2+ |
68 |31 |838.720 |16 |1+,2+ |
68 |31 |841.189 |18 |3+ |
68 |31 |876.750 |17 |4- |5 NS LE
68 |31 |946.871 |17 |1+,2+,3+ |
68 |31 |952.43 |15 |2+,3+ |
68 |31 |1055.949 |25 |3- |5 NS LE
68 |31 |1064.115 |21 |1+,2,3+ |
68 |31 |1101.203 |20 |+ |
68 |31 |1103.52 |3 |5- |5 NS LE
68 |31 |1117.150 |22 |0+,1+,2+ |
68 |31 |1123.185 |18 |1+,2+,3+ |
68 |31 |1209.70 |4 | |
68 |31 |1216.19 |7 |2+,3,4+ |
68 |31 |1223.45 |7 |5+ |5 NS LE
68 |31 |1225.17 |3 |1+,2,3+ |
68 |31 |1228.81 |3 | |
68 |31 |1229.87 |4 |7- |62.0 NS 14
68 |31 |1231.70 |3 |3-,4- |
68 |31 |1239.85 |3 | |
68 |31 |1247.56 |3 |5- |5 NS LE
68 |31 |1267.21 |3 |1,2,3+ |
68 |31 |1275 |3 | |
68 |31 |1287.00 |5 |2+,3,4+ |
68 |31 |1296.39 |4 |2-,3,4- |
68 |31 |1317 |3 |+ |
68 |31 |1323.24 |3 |6- |5 NS LE
68 |31 |1342 |3 | |
68 |31 |1350.49 |13 | |
68 |31 |1412 |3 | |
68 |31 |1425 |4 | |
68 |31 |1442.48 |11 |3-,4,5+ |
68 |31 |1461 |4 | |
68 |31 |1489.17 |8 | |
68 |31 |1493.82 |4 |(5)- |5 NS LE
68 |31 |1510 |3 | |
68 |31 |1523.21 |7 | |
68 |31 |1539.44 |10 | |
68 |31 |1548.25 |10 | |
68 |31 |1570.47 |10 | |
68 |31 |1591 |5 | |
68 |31 |1617 |4 | |
68 |31 |1646 |5 | |
68 |31 |1656.61 |8 |2+,3,4+ |
68 |31 |1687.74 |3 |5-,6- |
68 |31 |1706 |5 | |
68 |31 |1721 |5 | |
68 |31 |1742.38 |7 | |
68 |31 |1798.22 |10 | |
68 |31 |1857.29 |6 |5-,6-,7- |
68 |31 |1913 |4 | |
68 |31 |1946.00 |6 |5-,6,7- |
68 |31 |1973.18 |23 | |
68 |31 |2028 |4 | |
68 |31 |2039 |5 | |
68 |31 |2075 |4 | |
68 |31 |2088.06 |12 |(6) |5 NS LE
68 |31 |2102.98 |6 |(7,8) |5 NS LE
68 |31 |2141 |5 | |
68 |31 |2179 |5 | |
68 |31 |2284.68 |11 |(7,8) |5 NS LE
68 |31 |2396.78 |11 |9(-) |5 NS LE
68 |31 |2611.85 |11 |(8-) |5 NS LE
68 |31 |2896.09 |14 |9+ |5 NS LE
68 |31 |2953.2 |6 |(8,9-) |5 NS LE
68 |31 |3817.58 |14 |(9) |5 NS LE
68 |31 |3853.1 |10 | |
68 |31 |3919.0 |6 | |
68 |31 |3965.01 |17 |11+ |5 NS LE
68 |31 |4646.2 |6 |(11) |
68 |31 |5167.1 |8 |(13+) |
68 |31 |6591.1 |13 |(15+) |
68 |31 |7725.2 |16 |(17+) |
69 |31 |0.0 | |3/2- |STABLE
69 |31 |318.706 |21 |1/2- |70 PS LT
69 |31 |574.220 |22 |5/2- |1.7 PS 7
69 |31 |872.147 |22 |3/2- |0.250 PS 21
69 |31 |1028.59 |4 |1/2- |1.2 PS 10
69 |31 |1107.04 |4 |5/2- |0.222 PS 21
69 |31 |1134 |15 | |
69 |31 |1336.69 |3 |7/2- |1.18 PS 6
69 |31 |1488.07 |4 |7/2- |1.9 PS +10-5
69 |31 |1525.76 |4 |3/2- |0.55 PS GE
69 |31 |1723.71 |4 |5/2- |0.15 PS +12-6
69 |31 |1764.78 |4 |9/2- |0.83 PS 14
69 |31 |1891.64 |6 |3/2- |22 FS 3
69 |31 |1924.25 |4 |7/2- |0.62 PS GE
69 |31 |1972.37 |5 |9/2(+) |2.8 PS GE
69 |31 |1973.08 |6 |(1/2)- |97 FS 28
69 |31 |2007.66 |5 |3/2(-),5/2(-) |0.35 PS +21-10
69 |31 |2023.91 |9 |5/2- |0.175 PS 19
69 |31 |2045.24 |8 |5/2- |111 FS 14
69 |31 |2197 |4 | |
69 |31 |2219.29 |19 | |0.21 PS GE
69 |31 |2250.99 |10 |(1/2,3/2)- |0.10 PS +5-3
69 |31 |2319.55 |20 |(5/2+,7/2+) |1.04 PS 21
69 |31 |2353.30 |24 |5/2 |0.17 PS GE
69 |31 |2423.29 |7 | |
69 |31 |2428.68 |21 |5/2-,7/2- |1.7 PS GE
69 |31 |2458.84 |11 |7/2(-) |0.15 PS +19-6
69 |31 |2485.70 |10 |5/2+ |70 FS +50-30
69 |31 |2529.81 |9 |(3/2)- |76 FS 21
69 |31 |2560 |3 |(7/2)- |
69 |31 |2564.3 |8 | |
69 |31 |2572.54 |21 |9/2+ |
69 |31 |2573 |5 |3/2- |
69 |31 |2600 |5 |- |
69 |31 |2614 |5 |- |
69 |31 |2660.3 |18 |3/2- |
69 |31 |2668.28 |6 |11/2 |1.7 PS GE
69 |31 |2680 |3 |5/2-,7/2- |
69 |31 |2717.99 |5 |13/2(+) |1.4 PS GE
69 |31 |2749 |5 |1/2-,3/2- |
69 |31 |2766 |3 | |
69 |31 |2789 |30 |1/2- |
69 |31 |2795.0 |5 |(7/2)- |
69 |31 |2847 |3 |+ |
69 |31 |2860 |5 | |
69 |31 |2932 |15 |3/2+,5/2+ |
69 |31 |2965 |3 |- |
69 |31 |2978.8 |22 |- |
69 |31 |2995 |5 | |
69 |31 |3052 |3 |3/2,7/2 |
69 |31 |3077 |4 |5/2+ |
69 |31 |3098 |5 |- |
69 |31 |3118.39 |17 |11/2- |0.24 PS 5
69 |31 |3135 |5 | |
69 |31 |3192 |5 |(-) |
69 |31 |3203 |4 |(3/2-) |
69 |31 |3211 |5 | |
69 |31 |3240 |5 |- |
69 |31 |3242.44 |7 |13/2- |0.5 PS 3
69 |31 |3283 |6 |3/2- |
69 |31 |3299 |5 |- |
69 |31 |3319 |6 |7/2 |
69 |31 |3328 |5 |- |
69 |31 |3358 |30 |3/2+,5/2+ |
69 |31 |3371 |5 |3/2- |
69 |31 |3389.33 |10 |(15/2+) |1.9 PS 10
69 |31 |3490 |5 |- |
69 |31 |3542.76 |10 |11/2(+) |0.42 PS 7
69 |31 |3578 |5 |- |
69 |31 |3633.95 |7 |17/2(+) |1.4 PS 7
69 |31 |3655 |5 |- |
69 |31 |3693 |5 | |
69 |31 |3722.30 |8 |(11/2,13/2) |1.6 PS 3
69 |31 |3757 |5 |3/2- |
69 |31 |3786.07 |12 |(15/2) |1.04 PS 21
69 |31 |3795 |5 |(-) |
69 |31 |3803 |30 |1/2+ |
69 |31 |3881 |5 |- |
69 |31 |3928 |5 |(-) |
69 |31 |3950 |5 | |
69 |31 |3966 |5 | |
69 |31 |3993 |5 | |
69 |31 |4032 |5 |- |
69 |31 |4078.20 |10 |(15/2)- |0.55 PS 10
69 |31 |4106 |5 | |
69 |31 |4115 |30 |1/2+ |
69 |31 |4152 |30 |1/2+ |
69 |31 |4160 |5 | |
69 |31 |4190 |30 |1/2+ |
69 |31 |4191 |5 | |
69 |31 |4251 |5 |3/2- |
69 |31 |4253 |30 |(1/2+) |
69 |31 |4291 |5 | |
69 |31 |4321 |30 |(1/2+) |
69 |31 |4430 |30 | |
69 |31 |4528.10 |14 |(17/2,19/2) |2.8 PS GE
69 |31 |4533 |30 |(1/2+) |
69 |31 |4830 |30 |1/2+ |
69 |31 |6874.2 |16 |1/2 |10 FS LT
69 |31 |7306.9 |7 |5/2+ |4.3 FS +11-7
69 |31 |9813.6 |6 | |1.5E-2 AS 5
69 |31 |10247.8 |7 | |
69 |31 |10251.7 |8 | |
69 |31 |10256.8 |7 | |
69 |31 |10586 | |(3/2-) |9.1E-1 AS
69 |31 |10597 | | |1.8E-1 AS
69 |31 |10621 | |3/2- |1.5E-2 AS
69 |31 |10655 | |(5/2+) |1.5E-2 AS
69 |31 |10686 | |(5/2+) |1.8E-1 AS
69 |31 |10698 | |(5/2+) |1.8E-1 AS
69 |31 |10717 | |(5/2+) |1.8E-1 AS
69 |31 |11404 | |5/2+ |1.5E-2 AS
69 |31 |11483 | |1/2+ |7.6E-3 AS
69 |31 |11601 | |(1/2-) |1.5E-2 AS
69 |31 |12028 | |1/2+ |1.1E-2 AS
69 |31 |12178 | |5/2+ |1.5E-2 AS
69 |31 |12331 | |5/2+ |1.5E-2 AS
69 |31 |12434 | |1/2+ |9.1E-2 AS
70 |31 |0.0 | |1+ |21.14 M 3
70 |31 |508.2 |1 |2+ |4 NS LT
70 |31 |651.1 |1 |1+,2+ |
70 |31 |690.9 |1 |2- |4 NS LT
70 |31 |879.1 |1 |4- |22.7 NS 5
70 |31 |901.4 |1 |+ |1.4 NS LT
70 |31 |995.5 |1 |2+ |
70 |31 |1002.6 |10 | |
70 |31 |1009.2 |10 | |
70 |31 |1009.4 |2 |1+,2+,3+ |
70 |31 |1014.9 |1 |1+,2+,3+ |
70 |31 |1023.9 |1 |2+,3+ |
70 |31 |1034.2 |2 |(5,6)- |4 NS LT
70 |31 |1086.3 |2 | |24 PS 4
70 |31 |1101.5 |2 |2-,3-,4- |
70 |31 |1135.4 |1 |1,2 |
70 |31 |1140.4 |1 |1,2 |
70 |31 |1180.6 |2 |5 |4 NS LT
70 |31 |1203.8 |2 |2+ |0.2 PS GT
70 |31 |1234.5 |2 |(6)- |4 NS LT
70 |31 |1244.6 |1 |2+ |0.5 PS GT
70 |31 |1253.5 |2 |3-,4- |
70 |31 |1258.7 |2 |1+to4+ |
70 |31 |1262.8 |1 | |
70 |31 |1306.3 |2 |(3)+ |
70 |31 |1307.0 |4 | |
70 |31 |1312.1 |3 |1+,2+ |0.17 PS +5-3
70 |31 |1325 |3 |- |
70 |31 |1336.6 |2 |2- |
70 |31 |1359.4 |2 |2+ |
70 |31 |1371.7 |2 |(7-) |4 NS LT
70 |31 |1413.2 |3 | |
70 |31 |1446.0 |2 |1+,2+ |0.27 PS +56-9
70 |31 |1456.5 |2 |1+,2+ |
70 |31 |1501.2 |5 |1+,2+ |
70 |31 |1518.3 |3 |1+,2+ |
70 |31 |1523.6 |1 | |4 NS LT
70 |31 |1533.5 |1 |2+ |
70 |31 |1539.0 |2 |(6,8-) |4 NS LT
70 |31 |1554.3 |5 |2+ |
70 |31 |1598 |5 | |
70 |31 |1621.2 |4 |1-,2- |
70 |31 |1633.6 |2 |1,2,3 |
70 |31 |1646 |2 |2-,3-,4- |
70 |31 |1661 |2 |- |
70 |31 |1687.8 |2 |6- |4 NS LT
70 |31 |1692.5 |1 | |
70 |31 |1722 |1 |1+,2+,3+ |
70 |31 |1725.4 |10 | |
70 |31 |1726.5 |11 | |
70 |31 |1735.5 |11 | |
70 |31 |1794.2 |8 |1+,2+,3+ |
70 |31 |1807.4 |10 | |
70 |31 |1824.1 |9 | |
70 |31 |1846.5 |21 | |
70 |31 |1866.0 |17 | |
70 |31 |1877 |3 | |
70 |31 |1906.7 |17 |+ |
70 |31 |1914 |2 |1-,2- |
70 |31 |1930.3 |17 |+ |
70 |31 |1937.5 |21 |+ |
70 |31 |1970.5 |11 |+ |
70 |31 |1984.5 |11 | |
70 |31 |2016.5 |21 |- |
70 |31 |2026.5 |21 | |
70 |31 |2074.5 |11 | |
70 |31 |2093 |4 | |
70 |31 |2100 |3 |+ |
70 |31 |2116.3 |15 | |
70 |31 |2127 |3 | |
70 |31 |2142.8 |15 |- |
70 |31 |2164.4 |10 | |
70 |31 |2189.8 |15 | |
70 |31 |2213.8 |15 | |
70 |31 |2232.3 |15 | |
70 |31 |2254.5 |21 | |
70 |31 |2300 |3 |+ |
70 |31 |2319.6 |10 | |
70 |31 |2351.2 |10 | |
70 |31 |2374 |5 | |
70 |31 |2390 |1 | |
70 |31 |2409.8 |10 | |
70 |31 |2430.5 |11 | |
70 |31 |2446 |3 |- |
70 |31 |2464.5 |10 | |
70 |31 |2477.5 |11 | |
70 |31 |2520.5 |11 |- |
70 |31 |2548.5 |21 | |
70 |31 |2571.5 |11 |- |
70 |31 |2601.6 |2 |(8) |4 NS LT
70 |31 |2624.5 |21 | |
70 |31 |2651.7 |11 |- |4 NS LT
70 |31 |2654.5 |11 | |
70 |31 |2682 |5 | |
70 |31 |2698.0 |17 | |
70 |31 |2702 |5 | |
70 |31 |2726 |5 | |
70 |31 |2886.4 |2 |(9) |4 NS LT
71 |31 |0.0 | |3/2- |STABLE
71 |31 |389.95 |3 |1/2- |0.40 PS +28-12
71 |31 |487.36 |3 |5/2- |
71 |31 |511.502 |25 |3/2- |1.5 PS 7
71 |31 |714 | | |
71 |31 |910.16 |4 |3/2- |0.24 PS 16
71 |31 |964.66 |3 |5/2- |1.3 PS 2
71 |31 |1107.52 |4 |7/2- |0.58 PS 11
71 |31 |1109.31 |20 |1/2- |95 FS 12
71 |31 |1395.06 |5 |7/2- |0.79 PS 8
71 |31 |1475.96 |4 |5/2- |0.6 PS GT
71 |31 |1493.74 |5 |9/2+ |154 PS 15
71 |31 |1498.39 |7 |(7/2-,9/2-) |
71 |31 |1631.40 |5 |3/2- |0.15 PS +12-6
71 |31 |1699.19 |8 |1/2+ |0.25 PS GT
71 |31 |1719.50 |5 |(5/2)- |0.10 PS +5-2
71 |31 |1752.32 |5 |3/2- |0.26 PS +24-10
71 |31 |1905.36 |5 |5/2- |0.24 PS +11-6
71 |31 |1941.65 |6 |(3/2+) |
71 |31 |1995 |7 |5/2-,7/2- |
71 |31 |2064.07 |24 |1/2-,3/2- |82 FS 40
71 |31 |2069.3 |4 |(11/2-) |
71 |31 |2082.04 |21 |(13/2+) |
71 |31 |2134.12 |5 |5/2-,7/2- |
71 |31 |2191 |3 |5/2-,7/2 |
71 |31 |2247.18 |7 |7/2+ |0.021 PS +6-5
71 |31 |2294.39 |23 |1/2- |
71 |31 |2327 |3 |1/2-,3/2- |
71 |31 |2396 |3 |- |
71 |31 |2421 |3 |1/2-,3/2- |
71 |31 |2450.61 |12 |7/2+ |
71 |31 |2488.27 |19 |7/2+,9/2+ |
71 |31 |2529 |10 |1/2-,3/2- |
71 |31 |2551 |10 |+ |
71 |31 |2600.7 |10 |7/2+,9/2+,11/2+ |
71 |31 |2614 |10 |+ |
71 |31 |2658 |10 |- |
71 |31 |2684.00 |22 |(11/2-,13/2-) |
71 |31 |2720.0 |4 |7/2,9/2 |
71 |31 |2723 |10 |+ |
71 |31 |2747 |10 |- |
71 |31 |2805.07 |14 |7/2+,9/2+ |
71 |31 |2812 |10 | |
71 |31 |2816.00 |10 |7/2+ |0.19 PS +13-6
71 |31 |2852 |30 | |
71 |31 |2932 |10 | |
71 |31 |2941.2 |3 |(17/2+) |
71 |31 |2967 |30 |(3/2+,5/2+) |
71 |31 |2974 |10 | |
71 |31 |3016 |30 | |
71 |31 |3153 |30 |3/2+,5/2+ |
71 |31 |3227 |30 |1/2-,3/2- |
71 |31 |3438 |30 | |
71 |31 |3506 |30 | |
71 |31 |3607 |30 |3/2+,5/2+ |
71 |31 |3683 | | |
71 |31 |3695.5 |3 |(15/2-,17/2-) |
71 |31 |3749 |30 |3/2+,5/2+ |
71 |31 |3813 |30 |1/2+ |
71 |31 |3863 |30 | |
71 |31 |3998.6 |6 | |
71 |31 |4028.1 |4 |(21/2+) |
71 |31 |4060 |30 | |
71 |31 |4130 |30 |1/2+ |
71 |31 |4165.2 |6 |(17/2:21/2)(-) |
71 |31 |4211 |30 |1/2+ |
71 |31 |4278 |30 | |
71 |31 |4382 |30 | |
71 |31 |4487 |30 | |
71 |31 |4644 |30 |1/2+ |
71 |31 |4692 |30 | |
71 |31 |4813 |30 |(3/2+,5/2+) |
71 |31 |5221 |30 |1/2+ |
71 |31 |11590 |10 |1/2- |20 KEV 5
71 |31 |11671 |3 |(3/2+) |2.0 KEV 2
71 |31 |11702 |3 |(3/2+) |7.0 KEV 7
71 |31 |11728 |3 |(3/2+) |0.50 KEV 5
71 |31 |11740 |3 |(3/2+) |4.0 KEV 4
71 |31 |11885 |10 | |23 KEV 5
71 |31 |12067 |10 | |34 KEV 5
71 |31 |12264 |10 |3/2- |39 KEV 4
71 |31 |12453 |10 |5/2+ |15 KEV 2
71 |31 |12862 | |5/2+ |19 KEV 1
71 |31 |13012 |10 |3/2- |11 KEV 1
71 |31 |13215 |10 |1/2+ |42 KEV 2
71 |31 |13267 |10 |5/2+ |38 KEV 1
71 |31 |13773 |10 |5/2+ |35 KEV 5
72 |31 |0 | |3- |14.10 H 2
72 |31 |16.44 |4 |2- |39.2 NS 7
72 |31 |119.66 |5 |(0+) |39.68 MS 13
72 |31 |128.79 |6 |1,2 |
72 |31 |161.53 |5 |1+ |0.59 NS 3
72 |31 |165.51 |4 |4-,5- |
72 |31 |197.94 |4 |- |
72 |31 |208.45 |5 |1+ |0.19 NS LT
72 |31 |228.86 |5 |3-,4- |
72 |31 |248.94 |4 |3-,4- |
72 |31 |271.90 |13 |4- |
72 |31 |282.57 |5 | |
72 |31 |330.06 |9 |3-,4- |
72 |31 |385 |4 |- |
72 |31 |392.53 |5 | |
72 |31 |400 |3 |4-,5-,6- |
72 |31 |408.14 |8 | |
72 |31 |512.97 |5 | |
72 |31 |514.73 |11 | |
72 |31 |544 |4 |- |
72 |31 |555 |4 |4-,5-,6- |
72 |31 |564.34 |7 | |
72 |31 |600.76 |6 |2+,3+ |
72 |31 |619.64 |5 |- |
72 |31 |636.04 |12 |3-,4- |
72 |31 |650.34 |7 | |
72 |31 |684 |3 |0+to3+ |
72 |31 |709 |3 |4-,5-,6- |
72 |31 |737.75 |6 | |
72 |31 |741.33 |10 |(3,4) |
72 |31 |760 |4 |- |
72 |31 |799 |2 | |
72 |31 |828 |2 |- |
72 |31 |850 |4 |- |
72 |31 |857 |2 |0+to3+ |
72 |31 |870 |2 | |
72 |31 |877 |2 | |
72 |31 |894 |2 |3-,4- |
72 |31 |900 |3 |+ |
72 |31 |919 |2 | |
72 |31 |945 |2 | |
72 |31 |979 |2 |0+to3+ |
72 |31 |1003 |2 | |
72 |31 |1022 |2 | |
72 |31 |1033 |2 | |
72 |31 |1051 |2 | |
72 |31 |1060 |2 |0+to3+ |
72 |31 |1077 |2 | |
72 |31 |1084 |6 |- |
72 |31 |1116 |2 | |
72 |31 |1130 |2 |- |
72 |31 |1144 |6 |- |
72 |31 |1150 |2 |0+to3+ |
72 |31 |1181 |2 | |
72 |31 |1187 |1 | |
72 |31 |1201 |2 | |
72 |31 |1206 |2 | |
72 |31 |1217 |2 |- |
72 |31 |1238 |2 | |
72 |31 |1249 |2 |- |
72 |31 |1263 |2 |3-,4- |
72 |31 |1286 |2 | |
72 |31 |1297 |2 | |
72 |31 |1324 |2 | |
72 |31 |1338 |3 | |
72 |31 |1360 |2 |- |
72 |31 |1380 |3 |0-to4- |
72 |31 |1396 |2 | |
72 |31 |1428 |2 | |
72 |31 |1435 |3 | |
72 |31 |1442 |2 | |
72 |31 |1466 |2 | |
72 |31 |1473 |2 | |
72 |31 |1489 |2 | |
72 |31 |1505 |2 | |
72 |31 |1516 |2 | |
72 |31 |1533 |2 | |
72 |31 |1558 |3 |3-,4- |
72 |31 |1592 |3 |1-,2- |
72 |31 |1613 |2 | |
72 |31 |1626 |6 |- |
72 |31 |1630 |2 |1-,2- |
72 |31 |1653 |2 | |
72 |31 |1681 |2 | |
72 |31 |1691 |6 |- |
72 |31 |1714 |2 | |
72 |31 |1728 |2 | |
72 |31 |1750 |2 |- |
72 |31 |1759 |2 | |
72 |31 |1777 |2 |0-to4- |
72 |31 |1791 |2 | |
72 |31 |1802 |2 |1-,2- |
72 |31 |1816 |2 |- |
72 |31 |1834 |2 | |
72 |31 |1842 |2 | |
72 |31 |1856 |2 | |
72 |31 |1870 |2 | |
72 |31 |1882 |2 | |
72 |31 |1898 |2 | |
72 |31 |1913 |3 | |
72 |31 |1918 |2 | |
72 |31 |1925 |2 | |
72 |31 |1942 |2 | |
72 |31 |1977 |2 | |
72 |31 |1989 |3 | |
72 |31 |2007 |2 | |
72 |31 |2018 |2 | |
72 |31 |2024 |2 | |
72 |31 |2043 |2 | |
72 |31 |2056 |3 | |
72 |31 |2073 |3 | |
73 |31 |0 | |3/2- |4.86 H 3
73 |31 |198 |3 |5/2-,7/2- |
73 |31 |217.95 |20 |3/2- |
73 |31 |495.82 |20 |5/2-,7/2- |
73 |31 |910.97 |23 |3/2- |
73 |31 |956 |3 |5/2-,7/2- |
73 |31 |1117 |3 |1/2-,3/2- |
73 |31 |1235 |3 |(9/2+) |
73 |31 |1396 |3 |(5/2:11/2)- |
73 |31 |1528 |3 |5/2-,7/2- |
73 |31 |1578 |3 |(5/2-) |
73 |31 |1618 |3 |5/2-,7/2- |
73 |31 |1692.4 |4 |(1/2:7/2-) |
73 |31 |1700 |3 |(1/2:7/2)- |
73 |31 |1771 |3 |(5/2,7/2)- |
73 |31 |1800 |3 |(3/2-) |
73 |31 |1924.3 |5 |(1/2:7/2)- |
73 |31 |1952 |3 |(1/2:7/2)- |
73 |31 |2001 |3 |(1/2:7/2)- |
73 |31 |2067 |3 |(3/2:9/2)+ |
73 |31 |2108.5 |4 |3/2- |
73 |31 |2160 |3 |(1/2:7/2)- |
73 |31 |2221 |3 |(1/2:7/2)- |
73 |31 |2277 |3 |(5/2:11/2)- |
73 |31 |2380 |3 |(5/2:11/2)- |
73 |31 |2411 |3 |(1/2:7/2)(-) |
73 |31 |2467 |3 |(3/2:9/2)(+) |
73 |31 |2498 |3 |(3/2:9/2)+ |
73 |31 |2582 |6 |(1/2:7/2)- |
73 |31 |2726 |6 |(5/2-,7/2-) |
73 |31 |2989.5 |22 |(1/2:7/2-) |
74 |31 |0.0 | |(3-) |8.12 M 12
74 |31 |56.550 |9 |(2) |31 NS 5
74 |31 |59.571 |14 |(0) |9.5 S 10
74 |31 |102.276 |14 | |
74 |31 |108.654 |12 |(1+) |
74 |31 |141.334 |15 |(1-,2,3+) |
74 |31 |145.032 |18 | |
74 |31 |227.803 |12 |(0,1,2,3+) |
74 |31 |251.787 |14 |(1+) |
74 |31 |455.06 |5 |(1+) |
74 |31 |894.11 |5 |(1+) |
74 |31 |1085.72 |9 |(1+) |
75 |31 |0.0 | |3/2- |126 S 2
75 |31 |22.39 |5 |(1/2-) |
75 |31 |178.29 |5 |3/2- |4 NS LT
75 |31 |228.64 |4 |5/2- |2 NS LT
75 |31 |432.18 |4 |(5/2-) |
75 |31 |606.44 |4 |(7/2-) |
75 |31 |881.64 |4 |7/2- |
75 |31 |1167 |7 |5/2- |
75 |31 |1256 |7 |3/2- |
75 |31 |1273.93 |6 |(9/2-) |
75 |31 |1392.80 |23 |(5/2,7/2,9/2-) |
75 |31 |1505.65 |21 |(11/2-) |
75 |31 |1507.75 |11 | |
75 |31 |1509.58 |5 |9/2+ |
75 |31 |1544.98 |5 |7/2- |
75 |31 |1621.85 |19 |7/2- |
75 |31 |1655.27 |14 | |
75 |31 |1865.24 |13 |(5/2,7/2,9/2) |
75 |31 |1935 |7 |1/2- |
75 |31 |1976 |7 | |
75 |31 |2015.48 |16 |7/2- |
75 |31 |2086.89 |21 |(13/2+) |
75 |31 |2233.67 |7 |(5/2,7/2,9/2-) |
75 |31 |2257.57 |6 |(5/2,7/2,9/2-) |
75 |31 |2272.79 |8 |(5/2,7/2-) |
75 |31 |2365.13 |21 |(13/2-) |
75 |31 |2369.15 |17 |(5/2,7/2,9/2-) |
75 |31 |2413.58 |9 |(5/2) |
75 |31 |2436.66 |21 |(5/2,7/2,9/2-) |
75 |31 |2505.6 |4 |(5/2,7/2,9/2) |
75 |31 |2556.63 |13 | |
75 |31 |2563.79 |21 |(5/2,7/2,9/2) |
75 |31 |2599.34 |9 |(5/2+,7/2+) |
75 |31 |2602.16 |15 |(5/2,7/2,9/2) |
75 |31 |2634.51 |11 |(5/2+) |
75 |31 |2639.76 |16 | |
75 |31 |2658.6 |3 |(15/2-) |
75 |31 |2736.28 |15 |(5/2+,7/2+,9/2-) |
75 |31 |2738.86 |15 |(5/2,7/2,9/2) |
75 |31 |2812.3 |3 |(5/2,7/2-) |
75 |31 |2864.92 |10 |(5/2+,7/2+) |
75 |31 |2868.8 |3 |(5/2,7/2,9/2) |
75 |31 |2877.40 |25 |(5/2,7/2,9/2-) |
75 |31 |2913.76 |19 |(5/2,7/2,9/2-) |
75 |31 |2945.6 |3 |(17/2+) |
75 |31 |2955.09 |25 |(5/2,7/2,9/2-) |
75 |31 |2998.83 |12 |(5/2,7/2,9/2+) |
75 |31 |3105.47 |17 |(5/2,7/2,9/2) |
75 |31 |3194.96 |8 |(5/2+,7/2+,9/2+) |
75 |31 |3209.00 |21 |(5/2,7/2,9/2) |
75 |31 |3520.6 |6 |(17/2-) |
75 |31 |3747.7 |6 | |
75 |31 |3896.5 |6 |(19/2-) |
75 |31 |4147.9 |4 |(21/2+) |
76 |31 |0.0 | |(2+,3+) |32.6 S 6
76 |31 |172.29 |3 |(1+,2+,3+) |
76 |31 |199.50 |3 |1+ |
76 |31 |275.28 |3 |1+ |
76 |31 |281.57 |3 |( 3) |
76 |31 |369.81 |6 |( 3) |
76 |31 |565.53 |3 |1+ |
76 |31 |680.83 |3 |( 3) |
76 |31 |781.55 |5 |( 3) |
76 |31 |1030.30 |3 |1+ |
76 |31 |1106.03 |8 | |
76 |31 |1545.44 |3 |1+ |
76 |31 |1568.12 |4 |1+ |
76 |31 |1621.22 |8 |(1+) |
76 |31 |1750.14 |3 |1+ |
76 |31 |1810.50 |6 |(1+) |
76 |31 |1825.99 |7 |1+ |
76 |31 |1896.05 |6 | |
76 |31 |1977.41 |6 |(1+) |
76 |31 |2091.02 |4 |1+ |
76 |31 |2166.64 |12 |(1+) |
76 |31 |2422.73 |11 |(1+) |
76 |31 |2602.44 |11 |(1+) |
77 |31 |0.0 | |3/2(-) |13.2 S 2
77 |31 |105.66 |4 |(1/2-) |4 NS LT
77 |31 |160.95 |3 |(3/2-) |2 NS LT
77 |31 |189.49 |3 |(5/2-) |2 NS LT
77 |31 |474.064 |25 |(5/2-) |
77 |31 |626.41 |3 |(7/2-) |
77 |31 |873.35 |3 |(7/2-) |
77 |31 |1116.33 |4 |(9/2-) |
77 |31 |1233.97 |5 |(3/2-,5/2-) |
77 |31 |1282.38 |5 |(7/2-,9/2-) |
77 |31 |1403.19 |8 | |
77 |31 |1477.33 |6 |(11/2-) |
77 |31 |1515.89 |6 | |
77 |31 |1797.11 |21 | |
77 |31 |1831.99 |4 |(+) |
77 |31 |1857.85 |6 | |
77 |31 |1872.55 |4 | |
77 |31 |1970.01 |4 |(11/2-) |
77 |31 |2028.29 |5 | |
77 |31 |2028.81 |7 |(9/2+) |4.4 NS 8
77 |31 |2138.03 |4 |(+) |
77 |31 |2149.31 |6 | |
77 |31 |2207.14 |21 |(13/2-) |
77 |31 |2327.5 |8 | |
77 |31 |2348.52 |5 | |
77 |31 |2357.15 |5 | |
77 |31 |2385.01 |6 | |
77 |31 |2425.68 |5 | |
77 |31 |2620.91 |22 |(13/2+) |
77 |31 |2698.77 |5 |(+) |
77 |31 |2805.72 |6 |(+) |
77 |31 |2828.59 |21 | |
77 |31 |2861.8 |3 | |
77 |31 |3217.7 |3 |(17/2-) |
77 |31 |3242.97 |12 | |
77 |31 |3267.63 |5 |(+) |
77 |31 |3529.92 |16 | |
77 |31 |3945.89 |21 | |
78 |31 |0.0 | |(3+) |5.09 S 5
78 |31 |281.38 |9 |(1+,2,3+) |
78 |31 |341.62 |8 |(1+,2,3+) |
78 |31 |453.91 |8 | |
78 |31 |559.6 |7 | |500 NS LT
78 |31 |635.59 |8 |(1+,2,3+) |
78 |31 |727.73 |9 |(1+,2,3+) |
78 |31 |860.37 |8 |1+ |
78 |31 |957.58 |16 |(1+) |
78 |31 |979.72 |9 |1+ |
78 |31 |1031.08 |11 |1+ |
78 |31 |1048.21 |10 |0:3+ |
78 |31 |1122.56 |19 |(1) |
78 |31 |1397.83 |17 |0:3+ |
78 |31 |1866.60 |15 |1+ |
78 |31 |2205.69 |14 |1+ |
78 |31 |2627.0 |10 |(1+,2,3+) |
78 |31 |2654.88 |25 |1+ |
78 |31 |2831.1 |4 |(1+) |
78 |31 |3424.6 |4 |(1+) |
78 |31 |3553.9 |4 |(1+) |
79 |31 |0.0 | |(3/2-) |2.847 S 3
79 |31 |5.4 |2 |(5/2-) |
79 |31 |278.7 |2 |(7/2-) |
79 |31 |707.6 |2 |(7/2-) |
79 |31 |802.6 |2 | |
79 |31 |871.2 |2 |(7/2,9/2-) |
79 |31 |962.6 |2 | |
79 |31 |1066.0 |4 | |
79 |31 |1582.2 |2 | |
79 |31 |1616.0 |2 | |
79 |31 |1838.3 |5 | |
79 |31 |1919.5 |4 | |
79 |31 |2214.3 |5 | |
79 |31 |2561.5 |3 | |
79 |31 |2649.0 |5 | |
79 |31 |2741.3 |3 | |
79 |31 |2919.7 |4 | |
79 |31 |2977.7 |4 | |
79 |31 |3020.1 |4 | |
79 |31 |3334.8 |5 | |
80 |31 |0 | |6(-) |1.9 S 1
80 |31 |22.4 | |3(-) |1.3 S 2
80 |31 |97.20 |8 |(4) |
80 |31 |403.48 |3 | |
80 |31 |577.42 |8 | |
80 |31 |707.90 |11 |(1+) |18.3 NS 5
80 |31 |734.76 |10 | |
80 |31 |911.39 |10 | |
80 |31 |951.34 |12 |(1-,2-) |
80 |31 |987.20 |10 |(1-,2-) |
80 |31 |990.15 |11 | |
80 |31 |1141.79 |11 | |
80 |31 |1152.79 |11 | |
80 |31 |1193.90 |10 | |
80 |31 |1213.95 |10 | |
80 |31 |1290.32 |12 | |
80 |31 |1300.39 |13 | |
80 |31 |1356.47 |10 | |
80 |31 |1449.92 |10 |1+ |
80 |31 |1526.06 |10 | |
80 |31 |2044.42 |11 | |
80 |31 |2092.21 |10 |1+ |
80 |31 |2560.40 |12 |(1+) |
80 |31 |2676.94 |12 |1+ |
80 |31 |2822.11 |16 |(1+) |
80 |31 |3329.5 |4 | |
80 |31 |3380.0 |4 | |
81 |31 |0 | |(5/2-) |1.217 S 5
81 |31 |351.1 | |(3/2-) |
81 |31 |802.8 | |(3/2-) |
81 |31 |1236 | |(9/2)- |
81 |31 |1621.6 | | |
82 |31 |0 | |(1,2,3) |0.599 S 2
83 |31 |0 | | |308.1 MS 10
84 |31 |0.0 | |(0-) |0.085 S 10
84 |31 |0.0+X | |(3-,4-) |0.085 S LT
85 |31 |0 | |(5/2-) |92 MS 4
86 |31 |0.0 | | |43 MS +21-15
87 |31 |0 | | |634 NS GT
