60 |32 |0 | |0+ |110 NS GT
61 |32 |0 | |(3/2-) |44 MS 6
62 |32 |0 | |0+ |129 MS 35
62 |32 |964 | | |
62 |32 |2285 | | |
63 |32 |0 | |3/2- |150 MS 9
64 |32 |0 | |0+ |63.7 S 25
64 |32 |901.7 |3 |2+ |
64 |32 |1578.7 |3 |(2+) |
64 |32 |2052.6 |4 |4+ |
64 |32 |2154.8 |4 |(4+) |
64 |32 |2669.6 |5 |(4+) |
64 |32 |2969.7 |5 |(3-) |
64 |32 |3406.7 |5 |(6+) |
64 |32 |3465.6 |6 |(6+) |
64 |32 |3716.9 |7 |(5-) |16.8 PS +24-20
64 |32 |4245.7 |6 |(7-) |29.9 PS +20-17
64 |32 |5025.5 |8 | |
64 |32 |5175.2 |7 |(8+) |
64 |32 |5180.0 |8 |(8+) |
64 |32 |5372.9 |7 |(9-) |2.8 PS LE
64 |32 |6564.4 |8 |(11-) |
64 |32 |6606.8 |20 |(10) |
64 |32 |7578.9 |20 |(10) |
64 |32 |8006.8 |10 |(13-) |
64 |32 |8426.9 |21 |(12) |
64 |32 |9299.9 |23 |(14) |
65 |32 |0.0 | |3/2- |30.9 S 5
65 |32 |111.02 |10 |5/2- |
65 |32 |604.50 |9 |5/2- |
65 |32 |771.0 |10 |9/2- |
65 |32 |890.10 |9 |7/2- |
65 |32 |1077.0 |10 | |
65 |32 |1155.22 |14 |7/2- |
65 |32 |1215.86 |11 |9/2+ |7 NS 1
65 |32 |1419.0 |15 |9/2,13/2- |
65 |32 |2080.17 |14 |13/2+ |2 NS LT
65 |32 |2122.08 |19 |(11/2+) |
65 |32 |2146.08 |25 |(11/2-) |
65 |32 |2573.29 |23 |11/2- |
65 |32 |2837.18 |21 |(13/2+) |
65 |32 |3035.70 |19 |(15/2+) |
65 |32 |3436.48 |16 |(17/2+) |
65 |32 |3737.99 |23 |(17/2+) |
65 |32 |3843.27 |22 |(15/2-) |
65 |32 |4188.50 |24 |15/2- |
65 |32 |4228.38 |22 |15/2- |
65 |32 |4504.20 |20 |(17/2-) |
65 |32 |4691.19 |17 |19/2- |
65 |32 |5152.99 |20 |(21/2-) |
65 |32 |5210.39 |20 |23/2- |2 NS LT
65 |32 |5397.4 |11 |25/2(-) |
65 |32 |5580.1 |4 | |
65 |32 |5739.2 |4 | |
65 |32 |6329.4 |4 |(25/2-,27/2-) |
65 |32 |6348.0 |4 | |
65 |32 |6348.9 |4 | |
65 |32 |6555.4 |4 | |
65 |32 |6689.4 |11 | |
65 |32 |7789.9 |5 | |
65 |32 |8152.4 |5 | |
65 |32 |X | |25/2(-) |
65 |32 |X+1417 | |(27/2-) |
65 |32 |X+1656 | |(27/2-) |
65 |32 |X+1920 | |(29/2-) |
65 |32 |X+3535 | |(33/2-) |
66 |32 |0.0 | |0+ |2.26 H 5
66 |32 |956.94 |8 |2+ |3.7 PS 7
66 |32 |1693.19 |8 |2+ |4.5 PS 17
66 |32 |2173.29 |10 |4+ |1.4 PS LT
66 |32 |2495.26 |11 |3+ |
66 |32 |2725.70 |12 |4+ |
66 |32 |2796.86 |11 |3- |
66 |32 |3022.43 |12 |4(+) |
66 |32 |3242.21 |22 | |
66 |32 |3639.04 |19 | |
66 |32 |3654.00 |13 |6+ |4.2 PS LT
66 |32 |3683.40 |11 |5- |22 PS 2
66 |32 |3736.80 |12 |5+ |2 PS GT
66 |32 |3828.01 |14 |5- |0.76 PS +35-21
66 |32 |3980.00 |16 | |
66 |32 |4080.91 |19 |6+ |
66 |32 |4204.82 |13 |7- |191 PS 9
66 |32 |4320.21 |14 |6(-) |
66 |32 |4425.40 |14 |6(+) |
66 |32 |4543.01 |14 |7- |60 PS 4
66 |32 |4680.01 |22 | |
66 |32 |4845.62 |16 |7- |
66 |32 |4920 |50 | |
66 |32 |5172.01 |18 | |
66 |32 |5184.22 |14 | |0.6 PS +5-3
66 |32 |5307.40 |14 |(8-) |
66 |32 |5358.42 |17 |8+ |
66 |32 |5492.33 |14 |9- |1.94 PS 21
66 |32 |5532.32 |15 |8+ |
66 |32 |5557.99 |17 | |
66 |32 |5947.32 |14 |9- |
66 |32 |6033.41 |15 |9- |
66 |32 |6163.23 |18 | |
66 |32 |6418.44 |21 |9- |
66 |32 |6502.11 |16 |10+ |1.4 PS GT
66 |32 |6580.93 |15 |10(+) |
66 |32 |6635.84 |16 |(10-) |
66 |32 |6948.02 |20 | |
66 |32 |7130.43 |16 |11- |
66 |32 |7270 |50 | |
66 |32 |7280.88 |22 | |
66 |32 |7575.41 |18 |(11+) |
66 |32 |7601.31 |19 |11,12 |
66 |32 |7636.74 |15 |11- |
66 |32 |7727.01 |16 |12+ |
66 |32 |7737.41 |16 |11- |
66 |32 |7847.79 |17 |11- |
66 |32 |7994.69 |20 |12(+) |
66 |32 |8427.18 |18 |13(+) |
66 |32 |8543.00 |15 |13- |
66 |32 |8801.31 |18 |14+ |
66 |32 |9404.51 |18 |15- |
66 |32 |9653.0 |3 | |
66 |32 |9685.71 |22 |15(+) |
66 |32 |10473.94 |20 |(16+) |
66 |32 |10691.4 |4 |17- |
66 |32 |11549.1 |3 | |
66 |32 |12660.9 |4 |19- |
66 |32 |13439.2 |5 | |
66 |32 |15327.9 |11 |21- |
66 |32 |18080.0 |23 |(23-) |
67 |32 |0 | |1/2- |18.9 M 3
67 |32 |18.20 |5 |5/2- |13.7 US 9
67 |32 |122.58 |14 |3/2(-) |
67 |32 |243.61 |16 |3/2(-) |
67 |32 |711.55 |24 |5/2(-) |
67 |32 |714.70 |25 | |
67 |32 |751.70 |6 |9/2+ |146 NS 4
67 |32 |808.13 |18 | |
67 |32 |929.4 |3 | |
67 |32 |1019.90 |20 |5/2(-) |
67 |32 |1080 |30 | |
67 |32 |1150.0 |3 | |
67 |32 |1159.0 |4 | |
67 |32 |1256.7 |3 | |
67 |32 |1273.8 |4 | |
67 |32 |1293.9 |4 | |
67 |32 |1431.8 |10 | |
67 |32 |1641.89 |14 |11/2+ |
67 |32 |1652.8 |4 | |
67 |32 |1698.4 |4 | |
67 |32 |1747.29 |7 |13/2+ |
67 |32 |1900.8 |4 | |
67 |32 |2096.8 |8 | |
67 |32 |2156.4 |8 | |
67 |32 |2218.2 |10 | |
67 |32 |2251.3 |8 | |
67 |32 |2421.12 |15 |(13/2+) |
67 |32 |2524.4 |8 | |
67 |32 |2597.2 |8 | |
67 |32 |2690 |30 | |
67 |32 |3074.12 |10 |(17/2+) |
67 |32 |3603.96 |10 |(15/2-) |
67 |32 |4313.60 |11 |(19/2-) |
67 |32 |4733.05 |12 |(21/2-) |
67 |32 |4847.98 |11 |(23/2-) |
68 |32 |0 | |0+ |270.93 D 13
68 |32 |1015.81 |8 |2+ |2.08 PS 11
68 |32 |1754.5 |4 |0+ |
68 |32 |1777.42 |10 |2+ |1.80 PS 14
68 |32 |2267.83 |11 |4+ |0.87 PS 10
68 |32 |2428.59 |12 |3+ |2.1 PS 7
68 |32 |2457.15 |13 |2+ |1.3 PS 4
68 |32 |2617 |3 |0+ |
68 |32 |2648.67 |11 |3- |2.1 PS +14-7
68 |32 |2831.86 |11 |4+ |0.8 PS +7-3
68 |32 |2900.2 |7 |(4-) |
68 |32 |2947.1 |5 |2+ |
68 |32 |3023.1 |5 |2+ |
68 |32 |3040.73 |23 |(4)+ |
68 |32 |3061.87 |11 |(3-) |
68 |32 |3087.5 |4 |2(+) |
68 |32 |3182.26 |11 |4+ |
68 |32 |3204 |3 |0+ |
68 |32 |3287.8 |7 |2(+) |
68 |32 |3400.3 |4 |2+ |
68 |32 |3417.0 |4 | |
68 |32 |3474.7 |10 | |
68 |32 |3476 |3 |0+ |
68 |32 |3509.67 |12 |4- |
68 |32 |3522.1 |10 |2+ |
68 |32 |3581.98 |12 |5- |1.2 PS 4
68 |32 |3604 |3 |4+ |
68 |32 |3649.05 |11 |5- |0.4 PS +3-1
68 |32 |3675.34 |14 |5+ |
68 |32 |3695.94 |12 |6+ |0.49 PS 14
68 |32 |3735 |3 |(2+) |
68 |32 |3809.3 |10 |2+ |
68 |32 |3882.95 |12 |6- |132 PS 35
68 |32 |4021 |3 |4+ |
68 |32 |4037 |3 |(2+) |
68 |32 |4053.72 |11 |7- |118 PS 21
68 |32 |4078 |3 |0+ |
68 |32 |4144.07 |11 |6+ |
68 |32 |4238.5 |10 |(2+) |
68 |32 |4322 |3 |2+ |
68 |32 |4358 |3 |0+ |
68 |32 |4453.89 |13 |7- |0.97 PS 21
68 |32 |4567.5 |10 |(2+) |
68 |32 |4614 |3 |(3-) |
68 |32 |4659.46 |13 |7- |0.3 PS 1
68 |32 |4736 |3 |0+ |
68 |32 |4789 |3 |0+ |
68 |32 |4836.97 |12 |8+ |1.04 PS 21
68 |32 |4857 |10 | |
68 |32 |4877.7 |10 | |
68 |32 |4957.40 |15 |8- |0.9 PS +4-2
68 |32 |4999 | | |0.35 PS GT
68 |32 |5049.58 |12 |8+ |0.49 PS +21-14
68 |32 |5074 |10 | |
68 |32 |5148.69 |13 |(8-) |1.2 PS 3
68 |32 |5217 |10 | |
68 |32 |5266.6 |10 |7+ |
68 |32 |5330.11 |13 |9- |0.69 PS +21-14
68 |32 |5366.08 |13 |8+ |0.83 PS +28-21
68 |32 |5560 |50 | |
68 |32 |5678.02 |13 |9- |0.5 PS 2
68 |32 |5821.61 |14 |9- |0.8 PS 4
68 |32 |5873.98 |23 |9+ |1.5 PS +10-6
68 |32 |5961.49 |14 |10+ |0.76 PS +21-14
68 |32 |6214.89 |14 |10+ |0.7 PS LT
68 |32 |6300 |50 |(8+) |
68 |32 |6420.36 |25 |10- |
68 |32 |6556.52 |14 |(10)- |
68 |32 |6595.71 |16 |10+ |
68 |32 |6663.81 |24 |10+ |
68 |32 |6671.10 |16 | |
68 |32 |6960 |50 |(6+) |
68 |32 |7044.83 |16 |11- |1.0 PS +4-3
68 |32 |7145.30 |16 |11- |
68 |32 |7242.1 |10 |(10+) |0.7 PS +7-4
68 |32 |7251.12 |13 |11- |
68 |32 |7320.1 |10 |(12+) |
68 |32 |7371.21 |15 |12+ |0.7 PS +14-3
68 |32 |7495.95 |16 |(11-) |
68 |32 |7516.89 |14 |12+ |
68 |32 |7532.5 |10 |12+ |
68 |32 |7559.38 |14 |12+ |0.8 PS +6-4
68 |32 |7761.85 |14 |12+ |
68 |32 |7881.5 |10 | |
68 |32 |8043.38 |16 |13+ |
68 |32 |8171.94 |14 |13- |
68 |32 |8621.5 |10 | |
68 |32 |8660.57 |15 |14+ |
68 |32 |8663.3 |10 | |
68 |32 |8781.4 |10 | |
68 |32 |8790.26 |17 |15- |
68 |32 |8868.18 |19 |14- |
68 |32 |8930.9 |10 |(14+) |
68 |32 |9012.1 |6 |14+ |
68 |32 |9112.5 |6 |14+ |
68 |32 |9170.0 |5 |14+ |0.4 PS 2
68 |32 |9386.56 |17 |15(-) |
68 |32 |9418.9 |14 |14+ |
68 |32 |9563.9 |8 |15(-) |
68 |32 |9605.7 |7 |15+ |
68 |32 |10024.58 |18 | |
68 |32 |10126.6 |8 |16(-) |
68 |32 |10217.53 |24 |16+ |
68 |32 |10295.51 |25 |17(-) |
68 |32 |10493.4 |6 |16(-) |
68 |32 |10664.0 |7 |16+ |
68 |32 |10665.6 |6 |17(-) |
68 |32 |10688.8 |10 | |
68 |32 |10896.0 |7 |16+ |
68 |32 |10897.0 |12 | |
68 |32 |10927.0 |5 |17(-) |
68 |32 |10957.9 |7 |16+ |
68 |32 |10988.1 |6 |16+ |
68 |32 |10989.8 |12 |17+ |
68 |32 |10990.0 |11 |16+ |
68 |32 |11085.6 |17 |16+ |
68 |32 |11406.4 |10 | |
68 |32 |11417.4 |17 |16+ |
68 |32 |11542.7 |19 |(17+) |
68 |32 |11793.4 |13 | |
68 |32 |11794.2 |10 |(19-) |
68 |32 |11832.2 |10 |(20-) |
68 |32 |11994.4 |6 |18+ |
68 |32 |12136.9 |3 |19(-) |
68 |32 |12165.0 |8 |(19-) |
68 |32 |12246.0 |6 |18+ |
68 |32 |12262.5 |8 |(18-) |
68 |32 |12363.4 |7 |(19-) |
68 |32 |12501.8 |12 | |
68 |32 |12535.8 |10 | |
68 |32 |12641.7 |17 |(18+) |
68 |32 |12652.3 |13 |(18-) |
68 |32 |12719.4 |19 |18+ |
68 |32 |12779.1 |12 | |
68 |32 |12817.2 |16 |19+ |
68 |32 |12884.1 |12 | |
68 |32 |13104.3 |10 | |
68 |32 |13265.3 |10 | |
68 |32 |13617.4 |12 | |
68 |32 |13751.3 |10 | |
68 |32 |13953.0 |12 |20+ |
68 |32 |13991.0 |12 | |
68 |32 |14085.5 |7 |(20-) |
68 |32 |14116.5 |12 |20+ |
68 |32 |14360.9 |10 | |
68 |32 |14401.9 |10 |21(-) |
68 |32 |14426.6 |16 |(21) |
68 |32 |14485.6 |8 |(21-) |
68 |32 |14504.9 |19 |21+ |
68 |32 |14560.4 |6 |(21) |
68 |32 |15562.8 |15 |22+ |
68 |32 |15835.1 |15 |22+ |
68 |32 |16130.5 |12 |22(-) |
68 |32 |16733.9 |21 |23+ |
68 |32 |17360.5 |21 | |
68 |32 |17496.0 |14 |23(-) |
68 |32 |18022.1 |18 |24+ |
68 |32 |18132.5 |16 |24(-) |
68 |32 |18274.1 |18 | |
68 |32 |19785.0 |23 |25+ |
68 |32 |20356.6 |19 |26(-) |
68 |32 |20821.2 |21 |26+ |
68 |32 |22958.6 |21 |28(-) |
68 |32 |X | |(14) |
68 |32 |1575.0+X |6 |(16) |
68 |32 |1620.0+X |10 |(16) |
68 |32 |3425.0+X |12 |(18) |
68 |32 |5440.1+X |16 |(20) |
68 |32 |7677.1+X |19 |(22) |
68 |32 |10126.2+X |21 |(24) |
68 |32 |12815.2+X |23 |(26) |
69 |32 |0 | |5/2- |39.05 H 10
69 |32 |86.76 |2 |1/2- |5.1 US 2
69 |32 |232.70 |2 |3/2- |176 PS 12
69 |32 |373.95 |2 |3/2- |
69 |32 |397.94 |2 |9/2+ |2.81 US 5
69 |32 |812.18 |2 |5/2+ |
69 |32 |862.02 |3 |7/2- |1.9 PS +6-4
69 |32 |933.142 |23 |5/2- |1.5 PS 7
69 |32 |994.92 |4 |1/2- |0.62 PS +21-10
69 |32 |1159.90 |4 |3/2- |1.2 PS 6
69 |32 |1195.72 |3 |5/2- |0.68 PS 20
69 |32 |1210.11 |6 |7/2+ |
69 |32 |1278.39 |5 |1/2-,3/2- |1.8 PS 12
69 |32 |1306.90 |4 |3/2- |0.50 PS 17
69 |32 |1350.60 |4 |11/2+ |0.56 PS 6
69 |32 |1407.18 |3 |13/2+ |1.6 PS 1
69 |32 |1414.79 |5 |5/2- |1.0 PS 4
69 |32 |1430.18 |6 |9/2- |0.58 PS 7
69 |32 |1432.63 |7 |3/2+ |1.4 PS +10-5
69 |32 |1438 |2 |(1/2+) |
69 |32 |1465.96 |5 |9/2+ |2.1 PS 14
69 |32 |1478.72 |6 |7/2- |0.30 PS 8
69 |32 |1539.25 |9 |3/2- |0.35 PS 14
69 |32 |1590.82 |9 |7/2+ |0.63 PS +23-14
69 |32 |1601.33 |6 |5/2+ |0.52 PS 17
69 |32 |1610.84 |19 |5/2- |
69 |32 |1613.29 |8 |7/2- |0.69 PS GT
69 |32 |1666.23 |12 |1/2(-) |
69 |32 |1725.8 |3 |1/2-,3/2- |
69 |32 |1763.45 |22 |1/2+ |
69 |32 |1767.11 |12 |3/2- |
69 |32 |1882.42 |11 |5/2(-) |
69 |32 |1891.00 |16 |3/2- |
69 |32 |1919.65 |8 |7/2- |
69 |32 |1920.28 |7 |9/2- |1.04 PS GT
69 |32 |1989 |5 |3/2+,5/2+ |
69 |32 |2000.7 |3 |5/2- |
69 |32 |2009.87 |20 |3/2- |
69 |32 |2012.53 |8 |5/2- |
69 |32 |2018.11 |5 |13/2+ |1.46 PS 24
69 |32 |2025.21 |9 |5/2+ |
69 |32 |2057.56 |9 |5/2(-) |
69 |32 |2067.50 |10 |5/2- |
69 |32 |2091 |4 |1/2+ |
69 |32 |2106 |4 |1/2-,3/2- |
69 |32 |2119.21 |8 |11/2+ |
69 |32 |2143.4 |3 |7/2+,9/2+ |
69 |32 |2148.58 |6 |9/2- |
69 |32 |2151.23 |10 | |
69 |32 |2178.23 |15 |7/2+ |
69 |32 |2194 |4 |1/2-,3/2- |
69 |32 |2223.17 |6 |9/2- |
69 |32 |2236.4 |3 |3/2- |
69 |32 |2246.70 |16 |5/2- |
69 |32 |2248.16 |7 |11/2- |0.49 PS +28-21
69 |32 |2258.10 |8 |9/2- |
69 |32 |2353.74 |17 |5/2- |
69 |32 |2359 |4 |1/2-,3/2- |
69 |32 |2370.14 |11 |5/2- |
69 |32 |2386.54 |18 |9/2- |
69 |32 |2395 |4 |(7/2+,9/2+) |
69 |32 |2462.13 |15 |11/2- |
69 |32 |2483.22 |6 |15/2+ |0.62 PS 21
69 |32 |2500.45 |16 |5/2- |
69 |32 |2552.29 |12 |11/2- |
69 |32 |2553.83 |13 |7/2+ |
69 |32 |2569.71 |9 |7/2- |
69 |32 |2584.60 |19 | |
69 |32 |2589.67 |21 |13/2+ |
69 |32 |2594.55 |24 |3/2-,5/2- |
69 |32 |2604.06 |19 | |
69 |32 |2615.35 |14 | |
69 |32 |2617 |5 |1/2-,3/2- |
69 |32 |2621.19 |14 |(9/2+) |
69 |32 |2637.52 |10 |9/2+ |
69 |32 |2638.78 |11 |9/2+ |
69 |32 |2654.72 |22 | |
69 |32 |2730.07 |9 |13/2- |
69 |32 |2735.37 |21 |3/2- |
69 |32 |2755.10 |6 |17/2+ |0.6 PS 1
69 |32 |2772.89 |24 |5/2- |
69 |32 |2812 |7 |1/2-,3/2- |
69 |32 |2814.80 |9 |13/2- |
69 |32 |2834.11 |8 |13/2- |
69 |32 |2856.25 |18 |5/2-,7/2- |
69 |32 |2869.4 |3 | |
69 |32 |2887.3 |3 | |
69 |32 |2902.31 |9 |15/2+ |
69 |32 |2909.95 |23 | |
69 |32 |2946.7 |4 | |
69 |32 |2959 |5 |1/2-,3/2- |
69 |32 |2980.61 |24 |7/2- |
69 |32 |3073 |5 |3/2+,5/2+ |
69 |32 |3075.83 |3 |15/2- |0.33 PS 7
69 |32 |3075.84 |19 |11/2- |
69 |32 |3092.4 |3 |11/2- |
69 |32 |3095.2 |3 | |
69 |32 |3144.31 |11 |9/2- |
69 |32 |3157.27 |6 |17/2+ |1.0 PS 3
69 |32 |3173 |5 |5/2-,7/2- |
69 |32 |3207.83 |9 |15/2+ |
69 |32 |3232 |5 |1/2-,3/2- |
69 |32 |3256.1 |3 | |
69 |32 |3291.71 |21 | |
69 |32 |3343.28 |15 |7/2- |
69 |32 |3361.25 |25 | |
69 |32 |3374 |5 | |
69 |32 |3395.89 |11 |15/2- |
69 |32 |3410 |5 |5/2-,7/2- |
69 |32 |3433.1 |3 |3/2-,5/2-,7/2- |
69 |32 |3460 |5 |(7/2+,9/2+) |
69 |32 |3482 |5 | |
69 |32 |3508.24 |9 |15/2+ |
69 |32 |3519.54 |21 | |
69 |32 |3541.1 |3 |7/2- |
69 |32 |3560.00 |16 | |
69 |32 |3562.0 |3 |11/2+ |
69 |32 |3605.09 |11 |17/2- |2.1 PS 7
69 |32 |3615 |7 |1/2-,3/2- |
69 |32 |3622 |7 | |
69 |32 |3636.83 |21 | |
69 |32 |3645.11 |10 |11/2- |
69 |32 |3666.80 |8 |17/2- |
69 |32 |3680 |7 |1/2-,3/2- |
69 |32 |3721.63 |21 | |
69 |32 |3729 |7 | |
69 |32 |3749.14 |5 |19/2- |6.5 PS 6
69 |32 |3759.7 |3 | |
69 |32 |3798 |7 |5/2-,7/2- |
69 |32 |3813.71 |13 |13/2- |
69 |32 |3828 | | |
69 |32 |3925.9 |3 |15/2+ |
69 |32 |3940.04 |21 |13/2+ |
69 |32 |3956.17 |16 |13/2+ |
69 |32 |3963.87 |9 | |
69 |32 |3990.5 |4 | |
69 |32 |4067.89 |7 |19/2- |
69 |32 |4107.7 |3 | |
69 |32 |4267.11 |8 |21/2- |3.1 PS 3
69 |32 |4305.73 |15 |21/2(+) |0.6 PS 3
69 |32 |4493.5 |3 | |
69 |32 |4566.38 |13 | |
69 |32 |4594.28 |8 |23/2- |13.6 PS 4
69 |32 |4714.77 |11 | |
69 |32 |4837.09 |23 | |
69 |32 |5006.2 |4 |(25/2-) |
69 |32 |5089.9 |3 | |
69 |32 |5467 | | |
69 |32 |5593.04 |14 |23/2- |
69 |32 |5737.82 |11 | |
69 |32 |5802 | | |
69 |32 |5834.78 |12 |27/2- |3.5 PS 6
69 |32 |5841.7 |5 | |
69 |32 |5897.96 |24 |(25/2+) |0.3 PS LT
69 |32 |6041.85 |13 | |
69 |32 |6086.85 |14 | |
69 |32 |6291.74 |13 |(25/2+) |
69 |32 |6504.2 |8 | |
69 |32 |6548.47 |14 |(25/2+) |
69 |32 |6591.1 |6 | |
69 |32 |6839.56 |11 |25/2(-) |1.5 PS 4
69 |32 |7000 |50 |1/2-,3/2- |
69 |32 |7147.58 |13 |29/2(+) |
69 |32 |7405.5 |4 | |
69 |32 |7412.4 |4 | |
69 |32 |7578.56 |23 |29/2(-) |3.5 PS 21
69 |32 |7780.21 |16 |31/2(-) |0.21 PS 14
69 |32 |7903.58 |17 |33/2(+) |0.8 PS 4
69 |32 |8708.87 |25 |(33/2-) |
69 |32 |9012.32 |19 |(35/2-) |
69 |32 |9182.29 |19 |(37/2+) |
70 |32 |0.0 | |0+ |STABLE
70 |32 |1039.485 |22 |2+ |1.30 PS 2
70 |32 |1215.54 |3 |0+ |3.7 NS 2
70 |32 |1707.622 |18 |2+ |1.1 PS +10-4
70 |32 |2153.16 |3 |4+ |0.8 PS 2
70 |32 |2156.72 |3 |2+ |
70 |32 |2306.9 |5 |0+ |40 PS LE
70 |32 |2451.29 |3 |3+ |1.7 PS +10-3
70 |32 |2534.92 |5 |2+ |0.6 PS 2
70 |32 |2562.04 |3 |3- |0.4 PS 1
70 |32 |2806.24 |3 |4+ |0.6 PS 2
70 |32 |2887.3 |7 |0+ |
70 |32 |2944.9 |10 |2+ |
70 |32 |3046.427 |25 |3+ |
70 |32 |3058.707 |24 |4+ |1.4 PS 3
70 |32 |3107.0 |7 |(0+) |
70 |32 |3130 |10 | |
70 |32 |3180.6 |10 |2+ |0.015 PS 6
70 |32 |3194.2 |6 |4+ |
70 |32 |3242 |2 |(1)+ |
70 |32 |3294.75 |9 |3+,4+ |
70 |32 |3297.06 |4 |6+ |0.5 PS 1
70 |32 |3314.1 |10 |1- |
70 |32 |3334.8 |10 |0+to3+ |
70 |32 |3345 |2 | |
70 |32 |3351 |2 | |
70 |32 |3371.63 |11 |(3,4) |0.3 PS 2
70 |32 |3416.36 |5 |5- |13.7 PS 10
70 |32 |3423 |2 |(2+) |
70 |32 |3428 |2 |5- |
70 |32 |3432 |2 |3- |
70 |32 |3456 |2 |4+ |
70 |32 |3466 |6 | |
70 |32 |3482.3 |5 |1+,2+,3+ |
70 |32 |3488.228 |24 |(3,4) |
70 |32 |3517 |6 | |
70 |32 |3540 | | |
70 |32 |3562.7 |6 | |
70 |32 |3570.51 |7 |(2,3,4)- |
70 |32 |3580.8 |10 |4+ |0.6 PS 2
70 |32 |3590.3 |5 | |
70 |32 |3631.4 |10 |(2)+ |0.5 PS 1
70 |32 |3637 |10 |0+ |
70 |32 |3666.83 |7 |6- |35 PS 3
70 |32 |3669.4 |10 | |1 PS 1
70 |32 |3675.74 |8 |4+ |
70 |32 |3683 |3 |0+ |
70 |32 |3687 |3 |1+,2+,3+ |
70 |32 |3708.5 |9 | |
70 |32 |3733 |3 |1+,2+,3+ |
70 |32 |3740 |3 |0+ |
70 |32 |3752.9 |4 |(6)+ |1.6 PS 5
70 |32 |3776 |2 |3- |
70 |32 |3782 |2 |2+ |
70 |32 |3850 |3 | |
70 |32 |3856 |2 |(2)- |
70 |32 |3870 |2 |3- |
70 |32 |3890 |3 |1+,2+,3+ |
70 |32 |3900.6 |7 |(1-) |
70 |32 |3903.9 |7 |+ |
70 |32 |3911 |3 | |
70 |32 |3928 |3 |4+ |
70 |32 |3941 |10 | |
70 |32 |3955.15 |9 |7- |17.0 PS 10
70 |32 |3964 |3 |(2)- |
70 |32 |3976 |3 |2+ |
70 |32 |3990 |3 | |
70 |32 |4003 |2 | |
70 |32 |4024 |3 |4+ |
70 |32 |4037 |3 |(4+) |
70 |32 |4053 |10 |(6+) |
70 |32 |4054 |3 | |
70 |32 |4061 |2 |1+,2+,3+ |
70 |32 |4080 |3 |1+,2+,3+ |
70 |32 |4086 |3 |4+ |
70 |32 |4096.1 |20 |3- |
70 |32 |4101.44 |6 |(3-) |
70 |32 |4119 |3 | |
70 |32 |4131 |2 |2- |
70 |32 |4144.7 |20 |1- |
70 |32 |4155 |2 |1+,2+,3+ |
70 |32 |4166 |3 | |
70 |32 |4180 |3 |2+ |
70 |32 |4203.7 |4 |8+ |8 PS 2
70 |32 |4212 |3 |4+ |
70 |32 |4226 |3 |2+ |
70 |32 |4238 |3 |1+,2+,3+ |
70 |32 |4243.10 |16 | |
70 |32 |4261 |10 |2+ |
70 |32 |4268 |10 |5- |
70 |32 |4282 |10 |4+ |
70 |32 |4287 |3 |1+,2+,3+ |
70 |32 |4299.2 |3 |7- |3 PS 1
70 |32 |4330 |3 | |
70 |32 |4352 |3 |(2)- |
70 |32 |4356.6 |7 |1(-) |
70 |32 |4357 |10 |+ |
70 |32 |4365 |10 |(3-) |
70 |32 |4378 |10 | |
70 |32 |4391 |3 |1+,2+,3+ |
70 |32 |4409 |10 |4+ |
70 |32 |4419 |3 |2-,3-,4- |
70 |32 |4431.7 |4 |(8)+ |0.4 PS 2
70 |32 |4447.3 |8 |1- |
70 |32 |4448 |2 |2+ |
70 |32 |4473 |2 |4+ |
70 |32 |4520 |3 |2-,3-,4- |
70 |32 |4520.7 |9 |1- |
70 |32 |4534 |10 |(4+) |
70 |32 |4539 |3 |0+ |
70 |32 |4546 |10 | |
70 |32 |4550.5 |4 |(8) |104 PS +70-35
70 |32 |4555 |3 | |
70 |32 |4574 |3 | |
70 |32 |4577.22 |16 |(3,4) |
70 |32 |4606 |10 | |
70 |32 |4613 |3 |1+,2+,3+ |
70 |32 |4629 |3 |(4+) |
70 |32 |4642 |3 |(2)- |
70 |32 |4657 |10 | |
70 |32 |4675.40 |22 |(3,4) |
70 |32 |4687 |2 |(2)- |
70 |32 |4707 |10 | |
70 |32 |4716 |10 |(2+) |
70 |32 |4727 |10 | |
70 |32 |4736 |3 | |
70 |32 |4768 |3 |(2)- |
70 |32 |4775 |10 |(4+) |
70 |32 |4790.4 |19 |1 |
70 |32 |4810 |10 |3- |
70 |32 |4852.0 |4 |(8-) |3 PS GT
70 |32 |4877 |3 |2- |
70 |32 |4886.4 |13 |1 |
70 |32 |4905 |3 |3- |
70 |32 |4908.2 |10 |(9-) |
70 |32 |4915 |10 | |
70 |32 |4935 |3 |1- |
70 |32 |4940 |10 |3- |
70 |32 |4943 |3 |(2)- |
70 |32 |4979 |3 |(2)- |
70 |32 |4985.1 |10 | |
70 |32 |5008 |3 |2- |
70 |32 |5024 |3 |2+ |
70 |32 |5040 |10 |(3-) |
70 |32 |5048.4 |10 |2- |
70 |32 |5050 |3 |0+ |
70 |32 |5078 |3 |1+,2+,3+ |
70 |32 |5102 |3 |1+,2+,3+ |
70 |32 |5113 |10 |(3-) |
70 |32 |5129.4 |7 |1- |
70 |32 |5145 |3 |(3-) |
70 |32 |5184 |3 |0+ |
70 |32 |5195 |10 |(4+) |
70 |32 |5222 |10 |(8+) |
70 |32 |5227 |10 |(3-) |
70 |32 |5242.9 |11 | |
70 |32 |5263.2 |8 |1(-) |
70 |32 |5265.80 |15 | |
70 |32 |5290 |3 |0+ |
70 |32 |5299.3 |4 |(6,7,8) |
70 |32 |5338 |3 |0+ |
70 |32 |5370.06 |6 | |
70 |32 |5403 |3 |0+ |
70 |32 |5410 |3 | |
70 |32 |5441 |3 |(2+) |
70 |32 |5465.1 |10 |1- |
70 |32 |5467 |3 |0+ |
70 |32 |5512.3 |10 |1(-) |
70 |32 |5540.0 |6 |(10-) |5 NS 2
70 |32 |5876.6 |7 |1(-) |
70 |32 |5989.4 |7 |1(+) |
70 |32 |6007.0 |11 | |
70 |32 |6160.2 |15 |(11-) |
70 |32 |6296.7 |14 |1 |
70 |32 |6362.5 |8 |1 |
70 |32 |6549.2 |15 | |
70 |32 |6587.4 |12 |1(+) |
70 |32 |6604.3 |11 | |
70 |32 |6636.3 |15 |1 |
70 |32 |6702.2 |13 |1(-) |
70 |32 |6786.2 |18 |(13-) |
70 |32 |7305.9 |8 |1(+) |
70 |32 |7425.6 |16 |1(-) |
70 |32 |7753.0 |10 |1(-) |
70 |32 |8058.2 |20 |(15-) |
70 |32 |8283.2 |15 |1(+) |
70 |32 |8877.9 |14 |1 |
70 |32 |9619.2 |23 |(17-) |
70 |32 |11336.2 |25 |(19-) |
70 |32 |13173 |3 |(21-) |
71 |32 |0.0 | |1/2- |11.43 D 3
71 |32 |174.943 |9 |5/2- |79 NS 2
71 |32 |198.354 |14 |9/2+ |20.41 MS 18
71 |32 |499.916 |10 |3/2- |
71 |32 |525.099 |12 |5/2+ |
71 |32 |589.749 |16 |7/2+ |
71 |32 |708.189 |12 |3/2- |10.7 PS GT
71 |32 |747.244 |10 |5/2- |
71 |32 |801 |3 | |
71 |32 |808.221 |19 |1/2(-) |
71 |32 |817 |3 | |
71 |32 |831.278 |13 |3/2- |
71 |32 |886.94 |10 |(3/2,5/2-) |
71 |32 |1026.569 |12 |5/2- |1.2 PS GT
71 |32 |1037.84 |9 |9/2+ |
71 |32 |1095.515 |12 |3/2- |0.62 PS 14
71 |32 |1096.14 |17 |7/2- |
71 |32 |1139.429 |13 |3/2- |4.0 PS 14
71 |32 |1154 |3 | |
71 |32 |1171 |3 |5/2+ |
71 |32 |1172.56 |10 |13/2+ |0.87 PS 17
71 |32 |1192.26 |10 |11/2+ |0.90 PS 18
71 |32 |1205.122 |15 |5/2+ |1.11 PS 28
71 |32 |1212.492 |12 |5/2- |1.2 PS GT
71 |32 |1237 |5 | |
71 |32 |1288.59 |6 |1/2- |
71 |32 |1298.734 |23 |3/2- |0.42 PS 9
71 |32 |1349.08 |6 |1/2+ |0.46 PS 11
71 |32 |1378.60 |4 |(3/2+,5/2,7/2) |
71 |32 |1378.68 |10 |(1/2-) |
71 |32 |1406.644 |12 |(7/2)- |
71 |32 |1416.22 |13 |(1/2-,3/2,5/2-) |
71 |32 |1422.06 |9 |9/2- |1.0 PS 2
71 |32 |1449.7 |3 | |
71 |32 |1454.3 |10 |(1/2+) |
71 |32 |1475.9 |3 |(5/2-) |
71 |32 |1477.01 |8 |11/2+ |0.54 PS 10
71 |32 |1485 |3 | |
71 |32 |1506.405 |15 |7/2- |0.51 PS 16
71 |32 |1542.47 |8 |(1/2+,3/2-) |
71 |32 |1558.758 |15 |5/2+ |
71 |32 |1566.1 |6 |(5/2-,7/2+) |
71 |32 |1598.528 |19 |3/2- |0.55 PS 15
71 |32 |1629.193 |14 |(3/2+,5/2-) |
71 |32 |1631.2 |4 |(1/2-,3/2,5/2-) |
71 |32 |1698.3 |7 |(9/2)+ |
71 |32 |1743.399 |21 |3/2- |0.42 PS 15
71 |32 |1780.751 |20 |5/2-,7/2- |
71 |32 |1792.085 |12 |(3/2+,5/2-) |
71 |32 |1801.11 |7 |(5/2+,7/2) |
71 |32 |1814 |3 | |
71 |32 |1835.96 |12 | |
71 |32 |1841 |3 | |
71 |32 |1868 |5 | |
71 |32 |1891 |3 | |
71 |32 |1909 |5 | |
71 |32 |1937.44 |4 |(3/2+,5/2-) |0.69 PS 28
71 |32 |1940.55 |11 |(1/2,3/2,5/2-) |
71 |32 |1941 |3 |(9/2)+ |
71 |32 |1949.2 |4 | |
71 |32 |1959.67 |15 |11/2(+),13/2(+) |
71 |32 |1965.03 |5 |3/2- |
71 |32 |1979 |3 | |
71 |32 |2031.98 |9 |(1/2-,3/2) |
71 |32 |2043 |2 |1/2-,3/2- |
71 |32 |2075.7 |7 |(1/2,3/2) |
71 |32 |2082 |5 | |
71 |32 |2094 |3 | |
71 |32 |2139 |5 |(5/2-,7/2-) |
71 |32 |2141.1 |7 |(1/2,3/2) |
71 |32 |2146.13 |5 |(1/2,3/2) |
71 |32 |2180 |5 | |
71 |32 |2210 |5 |(1/2+,5/2-,7/2-) |
71 |32 |2224.48 |11 |1/2+ |
71 |32 |2240 |3 | |
71 |32 |2256.99 |11 |(1/2,3/2) |
71 |32 |2278 |3 |(5/2+,1/2-,3/2-) |
71 |32 |2297 |5 | |
71 |32 |2299.17 |15 |17/2(+) |
71 |32 |2314.27 |23 |15/2(+) |
71 |32 |2330 |5 | |
71 |32 |2345 |3 |5/2+ |
71 |32 |2348.9 |4 |13/2(-) |
71 |32 |2351.50 |24 |1/2-,3/2- |
71 |32 |2364.0 |7 |(1/2+) |
71 |32 |2386 |3 |5/2-,7/2- |
71 |32 |2426.8 |10 |1/2,3/2,5/2+ |
71 |32 |2435.2 |10 |1/2,3/2,5/2+ |
71 |32 |2455 |3 | |
71 |32 |2462.35 |15 |(1/2,3/2) |
71 |32 |2479 |4 | |
71 |32 |2486 |2 |1/2+ |
71 |32 |2515.3 |3 |1/2,3/2,5/2+ |
71 |32 |2518.5 |10 |(1/2,3/2) |
71 |32 |2523 |3 |5/2+ |
71 |32 |2533.95 |7 |(1/2,3/2) |
71 |32 |2543 |3 | |
71 |32 |2572 |5 | |
71 |32 |2590 |3 | |
71 |32 |2616 |3 | |
71 |32 |2644 |3 |5/2+ |
71 |32 |2675.8 |7 |1/2-,3/2- |
71 |32 |2696 |3 | |
71 |32 |2709 |4 |7/2+,9/2+ |
71 |32 |2725 |5 | |
71 |32 |2742 |5 |(1/2-,3/2-) |
71 |32 |2756 |3 |3/2+,5/2+ |
71 |32 |2775 |2 |(1/2,3/2-) |
71 |32 |2789 |3 | |
71 |32 |2802 |5 | |
71 |32 |2830 |3 | |
71 |32 |2857 |3 |3/2+,5/2+ |
71 |32 |2868.2 |7 |1/2+ |
71 |32 |2881 |3 |3/2+ |
71 |32 |2893 |3 |1/2-,3/2- |
71 |32 |2912 |2 |3/2+,5/2+ |
71 |32 |2922 |5 | |
71 |32 |2940 |3 | |
71 |32 |2952.0 |7 |(1/2,3/2) |
71 |32 |2960 |3 |1/2+ |
71 |32 |3003 |3 |5/2+ |
71 |32 |3024.8 |7 |(1/2,3/2) |
71 |32 |3035 |3 |5/2+ |
71 |32 |3065 |3 |3/2+,5/2+ |
71 |32 |3076.7 |7 | |
71 |32 |3087 |3 |1/2+ |
71 |32 |3101 |3 | |
71 |32 |3114 |3 | |
71 |32 |3129 |3 | |
71 |32 |3157.6 |7 |(1/2,3/2) |
71 |32 |3183.5 |7 |1/2+ |
71 |32 |3200 |5 |3/2+,5/2+ |
71 |32 |3208.4 |7 |(1/2,3/2) |
71 |32 |3214.0 |7 |(1/2,3/2) |
71 |32 |3223.8 |7 |(1/2,3/2) |
71 |32 |3232 |3 |(1/2+) |
71 |32 |3260.7 |10 | |
71 |32 |3286 |3 |(1/2-) |
71 |32 |3293 |5 | |
71 |32 |3311 |5 |(1/2-) |
71 |32 |3334 |3 |(3/2+,5/2+) |
71 |32 |3339.5 |7 |(1/2,3/2) |
71 |32 |3365 |4 | |
71 |32 |3375 |3 | |
71 |32 |3382.0 |7 |(1/2+) |
71 |32 |3404.5 |7 |(1/2,3/2) |
71 |32 |3407.4 |7 |(1/2,3/2) |
71 |32 |3422 |5 |3/2+,5/2+ |
71 |32 |3444 |5 | |
71 |32 |3462.8 |7 |(1/2,3/2) |
71 |32 |3473 |5 |3/2+,5/2+ |
71 |32 |3481.6 |7 |(3/2)+ |
71 |32 |3496 |5 | |
71 |32 |3514 |5 |1/2-,3/2- |
71 |32 |3533 |5 | |
71 |32 |3556.1 |7 |(3/2)+ |
71 |32 |3569.9 |7 |1/2-,3/2- |
71 |32 |3597 |3 |3/2- |
71 |32 |3615 |5 |(1/2+) |
71 |32 |3633 |3 | |
71 |32 |3647 |5 | |
71 |32 |3661 |3 | |
71 |32 |3679.5 |7 | |
71 |32 |3681 |3 |(1/2-,3/2,5/2+) |
71 |32 |3721 |3 |1/2+ |
71 |32 |3744 |3 | |
71 |32 |3767 |3 |(5/2+) |
71 |32 |3774 |5 |5/2-,7/2- |
71 |32 |3792 |4 |1/2-,3/2- |
71 |32 |3824 |5 | |
71 |32 |3843 |3 | |
71 |32 |3855 |3 | |
71 |32 |3866.0 |7 |(1/2,3/2) |
71 |32 |3884 |5 | |
71 |32 |3893.5 |7 |1/2-,3/2- |
71 |32 |3899 |3 |(3/2)+ |
71 |32 |3910 |3 |(5/2+) |
71 |32 |3924 |3 | |
71 |32 |3942 |5 |1/2-,3/2- |
71 |32 |3960 |3 |(1/2,3/2-) |
71 |32 |3980 |5 | |
71 |32 |3996 |5 | |
71 |32 |4062 |7 | |
71 |32 |4080 |10 | |
71 |32 |4090 |10 | |
71 |32 |4140 |10 | |
71 |32 |4226.5 |7 |(1/2,3/2) |
71 |32 |4306.8 |10 |(1/2,3/2) |
71 |32 |4410 |10 |(1/2+) |
71 |32 |4.5E3 |29 | |
71 |32 |4520 |10 | |
71 |32 |5E3 |3 | |
71 |32 |6E3 |2 | |
71 |32 |7415.942 |16 |1/2+ |
71 |32 |7417.03 |11 |1/2+ |
71 |32 |7417.39 |11 |1/2+ |
71 |32 |7417.85 |11 | |
71 |32 |7419.05 |11 | |
71 |32 |7420.11 |11 | |
71 |32 |7420.28 |11 |1/2+ |
71 |32 |7421.46 |11 |1/2+ |
71 |32 |7422.64 |11 |1/2+ |
71 |32 |7424.52 |11 |1/2+ |
71 |32 |7425.76 |12 |1/2+ |
71 |32 |7426.16 |12 |1/2+ |
71 |32 |7427.61 |12 |1/2+ |
71 |32 |7429.04 |12 |1/2+ |
71 |32 |7434.28 |12 |1/2+ |
71 |32 |7439.67 |13 |1/2+ |
71 |32 |7441.60 |13 |1/2+ |
71 |32 |7443.44 |14 |1/2+ |
71 |32 |7444.66 |14 |1/2+ |
71 |32 |7451.99 |16 |1/2+ |
71 |32 |7455.70 |16 |1/2+ |
71 |32 |7.94E3 |52 | |
71 |32 |8932 |13 |3/2- |
72 |32 |0 | |0+ |STABLE
72 |32 |691.43 |4 |0+ |444.2 NS 8
72 |32 |834.011 |19 |2+ |3.35 PS 5
72 |32 |1463.99 |3 |2+ |4.5 PS +8-6
72 |32 |1728.30 |3 |4+ |1.55 PS 16
72 |32 |2029 |3 |0+ |
72 |32 |2049 |10 |4+ |
72 |32 |2064.93 |3 |3+ |2 PS GE
72 |32 |2116.9 |4 |1 |0.41 FS 8
72 |32 |2396.10 |20 | |
72 |32 |2402.30 |3 |2+ |
72 |32 |2463.90 |3 |4+ |1.4 PS +35-7
72 |32 |2505 |5 | |
72 |32 |2514.79 |3 |3- |4.7 PS 9
72 |32 |2572 |10 | |
72 |32 |2583.4 |4 | |
72 |32 |2754.27 |12 |(0+) |
72 |32 |2772.03 |14 |6+ |0.7 PS +7-4
72 |32 |2875.61 |20 | |
72 |32 |2897 |5 |0+ |
72 |32 |2939.96 |5 |1- |
72 |32 |2943.47 |4 |3- |
72 |32 |2950.4 |3 |1+,2+ |
72 |32 |3034 |3 |2+ |
72 |32 |3035.64 |4 |2- |
72 |32 |3080.34 |20 |4+ |
72 |32 |3089.4 |9 |1 |0.38 FS 19
72 |32 |3094.18 |14 |2+ |
72 |32 |3128.86 |11 |5- |3.5 PS +7-21
72 |32 |3131 |10 |(4+) |
72 |32 |3139 |3 |0+ |
72 |32 |3182 |3 |4+ |
72 |32 |3223 |3 |+ |
72 |32 |3228 |10 |- |
72 |32 |3250 |4 |3+,4+,5+ |
72 |32 |3325.01 |3 |3- |
72 |32 |3327 |3 |2+ |
72 |32 |3338.0 |3 |1(+) |89 PS 21
72 |32 |3341.76 |4 |(2)- |
72 |32 |3358.4 |24 |+ |
72 |32 |3378 |3 |4+ |
72 |32 |3394 |10 |5- |
72 |32 |3402.06 |12 |(6+) |1 PS +4-1
72 |32 |3403 |5 | |
72 |32 |3409 |10 |3- |
72 |32 |3419.79 |18 |2+ |
72 |32 |3427 |5 |4+ |
72 |32 |3439.34 |10 |+ |
72 |32 |3455.32 |4 |2-,3- |
72 |32 |3468 |3 |0-,1-,2- |
72 |32 |3509 |3 |2+ |
72 |32 |3511 |10 |4+ |
72 |32 |3528 |3 |4+ |
72 |32 |3536 |10 |1- |
72 |32 |3550.66 |17 |(1)- |
72 |32 |3565.9 |3 |(-) |
72 |32 |3586 |4 |0+ |
72 |32 |3591 |4 |3+,4+,5+ |
72 |32 |3619.3 |3 |2+ |
72 |32 |3624 |10 | |
72 |32 |3644 |10 |(+) |
72 |32 |3652 |5 | |
72 |32 |3666.2 |5 |1+ |
72 |32 |3667.26 |23 |6+ |2.1 PS GT
72 |32 |3667.3 |3 |+ |
72 |32 |3678.08 |7 |2-,3- |
72 |32 |3688 |10 |6-,7-,8- |
72 |32 |3691 |3 |1+,2+,3+ |
72 |32 |3708.5 |5 |2+ |
72 |32 |3722 |10 |3- |
72 |32 |3745 |10 | |
72 |32 |3757.2 |3 |- |
72 |32 |3760.50 |22 |8+ |0.8 PS +5-2
72 |32 |3777 |3 |3+,4+,5+ |
72 |32 |3784.18 |17 |7- |2.8 PS GE
72 |32 |3803.55 |6 |1,2+ |
72 |32 |3815.4 |3 |2-,3- |
72 |32 |3821 |3 |5- |
72 |32 |3840.2 |3 |4+ |
72 |32 |3858 |10 |3+,4+,5+ |
72 |32 |3872.2 |4 |2+ |
72 |32 |3882 |5 |1+,2+,3+ |
72 |32 |3892 |10 |(3-) |
72 |32 |3895.0 |5 |1 |
72 |32 |3898.48 |21 |(7-) |
72 |32 |3915 |10 | |
72 |32 |3937 |10 |4-,5-,6- |
72 |32 |3965 |10 |3- |
72 |32 |3966 |5 |2+ |
72 |32 |3983.75 |16 | |
72 |32 |3985.91 |15 | |
72 |32 |3995 |10 |0-,1-,2- |
72 |32 |3995.24 |25 |1+ |
72 |32 |4004 |10 | |
72 |32 |4017 |6 |4+ |
72 |32 |4027 |5 |3+,4+,5+ |
72 |32 |4031 |10 |5- |
72 |32 |4041.0 |4 |0-,1-,2- |
72 |32 |4046 |10 |+ |
72 |32 |4047 |10 |- |
72 |32 |4049.6 |3 |1 |
72 |32 |4065 |10 |5- |
72 |32 |4075.8 |6 |5- |
72 |32 |4077.57 |22 |8+ |0.8 PS +15-7
72 |32 |4082 |10 |3+,4+,5+ |
72 |32 |4090.4 |5 |+ |
72 |32 |4108 |3 |2+ |
72 |32 |4144 |3 |4+ |
72 |32 |4147 |5 |+ |
72 |32 |4171 |3 |+ |
72 |32 |4191 |3 |0+ |
72 |32 |4194 |5 |- |
72 |32 |4228 |3 |3- |
72 |32 |4245 |5 |+ |
72 |32 |4256.1 |3 |1 |
72 |32 |4257 |10 |(3-) |
72 |32 |4285 |3 |3- |
72 |32 |4291.85 |25 |+ |0.5 PS +7-1
72 |32 |4315 |5 |+ |
72 |32 |4335 |5 | |
72 |32 |4358.7 |3 |1 |
72 |32 |4369 |10 |3- |
72 |32 |4374 |5 |+ |
72 |32 |4419 |5 | |
72 |32 |4454 |3 |(2)- |
72 |32 |4458 |5 |- |
72 |32 |4483 |5 | |
72 |32 |4512 |5 |(2)- |
72 |32 |4521.07 |24 | |
72 |32 |4534 |10 |3- |
72 |32 |4575 |5 | |
72 |32 |4601 |10 | |
72 |32 |4620 |3 |+ |
72 |32 |4634 |10 |(5-) |
72 |32 |4650 |5 |- |
72 |32 |4679 |3 |- |
72 |32 |4705 |5 |(4+) |
72 |32 |4724 |10 |(3-) |
72 |32 |4741.34 |22 |9- |0.90 PS +14-7
72 |32 |4755 |5 |- |
72 |32 |4766 |10 |(4+) |
72 |32 |4804 |10 |(4+) |
72 |32 |4820.0 |3 |(10+) |0.51 PS +7-4
72 |32 |4840 |3 |+ |
72 |32 |4875 | |(+) |
72 |32 |4903 |5 |(4)+ |
72 |32 |4926 |10 | |
72 |32 |4950.2 |3 | |
72 |32 |5004 |5 | |
72 |32 |5076 |5 |(2)- |
72 |32 |5082.5 |3 | |
72 |32 |5100 |3 |- |
72 |32 |5160 |3 |- |
72 |32 |5164.8 |3 |1+ |
72 |32 |5199.2 |11 |1 |
72 |32 |5280.4 |6 |1 |
72 |32 |5315.0 |6 |1 |
72 |32 |5395.5 |3 | |
72 |32 |5421.4 |3 | |
72 |32 |5435.8 |5 |1+ |
72 |32 |5837.8 |3 |11- |0.9 PS +4-2
72 |32 |5849.8 |3 |1(-) |
72 |32 |5919.8 |4 |1- |
72 |32 |5974.6 |12 |1 |
72 |32 |6115.0 |4 |(12+) |0.33 PS +7-4
72 |32 |6131.7 |7 |1 |
72 |32 |6146.0 |11 |1 |
72 |32 |6163.5 |4 |1(-) |
72 |32 |6383.2 |7 |1 |
72 |32 |6470.0 |7 |1 |
72 |32 |6629.9 |6 |1 |
72 |32 |6736.8 |6 |1 |
72 |32 |6811.7 |12 |1- |
72 |32 |7061.2 |10 |1 |
72 |32 |7450.4 |11 |1 |
72 |32 |7518.5 |8 |1 |
72 |32 |7673.7 |4 |1- |
72 |32 |7805.0 |13 |1(-) |
72 |32 |8441.7 |8 |1(-) |
72 |32 |8486.9 |10 |1(-) |
72 |32 |8867.9 |5 |1 |
73 |32 |0 | |9/2+ |STABLE
73 |32 |13.2845 |15 |5/2+ |2.92 US 3
73 |32 |66.726 |9 |1/2- |0.499 S 11
73 |32 |68.752 |7 |(7/2)+ |1.74 NS 13
73 |32 |353.68 |12 |(5/2)- |
73 |32 |364.05 |5 |3/2- |
73 |32 |392.46 |5 |3/2- |
73 |32 |499.09 |12 |7/2+ |2.2 PS +6-14
73 |32 |501.37 |15 |5/2+ |
73 |32 |551 |10 |(5/2:13/2)+ |
73 |32 |554.94 |12 |1/2+ |
73 |32 |597.79 |9 |5/2-,7/2- |
73 |32 |658.90 |8 |9/2+ |
73 |32 |741.83 |15 |(7/2-) |
73 |32 |777.60 |18 |3/2+,5/2+ |
73 |32 |809 |2 |5/2-,7/2- |
73 |32 |820 |5 | |
73 |32 |825.71 |10 |(13/2)+ |2.68 PS 14
73 |32 |868.02 |7 |(11/2)+ |
73 |32 |894.1 |4 |1/2-,3/2- |
73 |32 |904 |5 |1/2-,3/2- |
73 |32 |906.68 |15 |(5/2+) |
73 |32 |915.82 |19 |3/2+,5/2+ |
73 |32 |931.57 |25 |(1/2+) |
73 |32 |994.02 |12 |(9/2)+ |
73 |32 |1010.15 |12 |(5/2+) |
73 |32 |1026 |5 | |
73 |32 |1039 |4 |(5/2:13/2)+ |
73 |32 |1043.27 |14 |3/2- |
73 |32 |1130.27 |22 |(9/2-) |
73 |32 |1131.56 |20 |(5/2,7/2,9/2)+ |
73 |32 |1131.88 |6 |1/2- |
73 |32 |1133 |3 |5/2-,7/2- |
73 |32 |1153 |3 |5/2-,7/2- |
73 |32 |1192 |3 | |
73 |32 |1262.90 |20 |1/2-,3/2- |
73 |32 |1312.67 |21 |1/2-,3/2- |
73 |32 |1318 |10 |(5/2:13/2)+ |
73 |32 |1339.7 |3 |(5/2)+ |
73 |32 |1386.1 |3 |(1/2-,3/2-) |
73 |32 |1525.69 |23 |5/2-,7/2- |
73 |32 |1544.7 |16 | |
73 |32 |1599 |10 |1/2+ |
73 |32 |1610.20 |15 |(9/2)+ |
73 |32 |1611 |7 |(5/2,7/2)- |
73 |32 |1623 |10 |5/2+ |
73 |32 |1744 |5 |1/2+ |
73 |32 |1757.89 |25 |7/2+,9/2+ |
73 |32 |1871.51 |23 |(17/2+) |
73 |32 |1892.1 |16 | |
73 |32 |1912.4 |6 |5/2+ |
73 |32 |1962 |10 |5/2+ |
73 |32 |1992.7 |3 |3/2+,5/2+ |
73 |32 |2003.8 |3 |(5/2+) |
73 |32 |2038.1 |5 |1/2-,3/2- |
73 |32 |2066.0 |5 |1/2+ |
73 |32 |2088 | |1/2+,3/2+,5/2+ |
73 |32 |2102.1 |3 |(3/2+,5/2+) |
73 |32 |2132.7 |16 |1/2-,3/2- |
73 |32 |2141.5 |5 |3/2+,5/2+ |
73 |32 |2188.8 |5 |1/2-,3/2- |
73 |32 |2210.7 |16 | |
73 |32 |2217.1 |3 |5/2+ |
73 |32 |2267 |7 |1/2-,3/2- |
73 |32 |2291.0 |16 | |
73 |32 |2319.8 |4 |3/2+ |
73 |32 |2335 |5 |1/2-,3/2- |
73 |32 |2361.4 |6 |(1/2-) |
73 |32 |2374 |10 |1/2+ |
73 |32 |2401.8 |16 | |
73 |32 |2419.5 |16 | |
73 |32 |2454 |10 |(3/2:15/2)- |
73 |32 |2459 |10 |1/2+ |
73 |32 |2483.9 |16 |1/2-,3/2- |
73 |32 |2508 |7 |1/2-,3/2- |
73 |32 |2565.3 |16 |1/2-,3/2- |
73 |32 |2576 |10 |5/2+ |
73 |32 |2618 |10 |(3/2+,5/2+) |
73 |32 |2678 |7 |1/2-,3/2- |
73 |32 |2696 |7 |1/2-,3/2- |
73 |32 |2706.4 |16 | |
73 |32 |2720.7 |16 | |
73 |32 |2743 |7 |3/2+,5/2+ |
73 |32 |2775.0 |16 | |
73 |32 |2796 |7 |5/2-,7/2- |
73 |32 |2831 |7 |(3/2+,5/2+) |
73 |32 |2884.6 |16 | |
73 |32 |2915 |10 |1/2+ |
73 |32 |2930.6 |16 | |
73 |32 |2973 |10 | |
73 |32 |3017 |7 |1/2-,3/2- |
73 |32 |3037 |7 |1/2-,3/2- |
73 |32 |3058 |7 |1/2-,3/2- |
73 |32 |3172 |7 |1/2-,3/2- |
73 |32 |3223 |15 | |
73 |32 |3277 |15 | |
73 |32 |3305 |15 | |
73 |32 |3356 |7 |1/2-,3/2- |
73 |32 |3384 |7 | |
73 |32 |3418 |15 |3/2+,5/2+ |
73 |32 |3514 |15 |(1/2+) |
73 |32 |3551 |15 |(1/2+) |
73 |32 |3623 |10 |(1/2:7/2)- |
73 |32 |3631 |7 | |
73 |32 |3703 |7 | |
73 |32 |3727 |15 |(3/2+,5/2+) |
73 |32 |3766 |15 |(3/2+,5/2+) |
73 |32 |3805 |10 | |
73 |32 |3849 |15 | |
73 |32 |3924 |7 |1/2-,3/2- |
73 |32 |3945 |7 | |
73 |32 |4000 |7 | |
73 |32 |4059 |7 | |
73 |32 |4073 |7 | |
73 |32 |4370 |7 | |
73 |32 |4437 |7 | |
73 |32 |4569 |7 | |
73 |32 |4601 |7 | |
73 |32 |4653 |7 | |
73 |32 |4667 |7 | |
74 |32 |0.0 | |0+ |STABLE
74 |32 |595.850 |6 |2+ |12.41 PS 9
74 |32 |1204.205 |7 |2+ |5.4 PS 8
74 |32 |1463.759 |8 |4+ |1.53 PS 10
74 |32 |1482.81 |4 |0+ |6 PS +15-3
74 |32 |1697.140 |8 |(3)+ |
74 |32 |1724.954 |14 |(0+) |
74 |32 |1913 |14 |0+ |
74 |32 |2165 |4 |(1-) |
74 |32 |2165.259 |8 |(3,4)+ |
74 |32 |2197.933 |24 |2+ |
74 |32 |2227.77 |10 |0+ |
74 |32 |2300 | | |
74 |32 |2403.5 |4 |1 |0.0004 EV 1
74 |32 |2490 |5 | |
74 |32 |2536.310 |13 |3- |0.24 PS +14-10
74 |32 |2569.329 |14 |(6+) |
74 |32 |2572 |5 |4+ |
74 |32 |2600.32 |9 |(1,2,3)+ |0.31 PS +12-10
74 |32 |2669.62 |4 |4+ |
74 |32 |2690.6 |3 |1 |0.0015 EV 3
74 |32 |2693.68 |4 |(3,4+) |0.052 PS +24-16
74 |32 |2696.918 |10 |(2+) |
74 |32 |2711 |6 |(4+) |
74 |32 |2750.61 |23 |0+ |
74 |32 |2828.507 |11 |4+ |
74 |32 |2833.41 |15 |(2+) |0.009 PS +4-3
74 |32 |2835.923 |24 |(2+) |
74 |32 |2842 |5 |(3-,5-) |
74 |32 |2856.04 |25 |0+ |
74 |32 |2878.14 |17 |(5-) |
74 |32 |2925.45 |9 |(3,4+) |
74 |32 |2935.475 |12 |3- |
74 |32 |2936.8 | |(5-) |
74 |32 |2938.7 |2 |2+ |0.26 PS +15-7
74 |32 |2949.48 |10 |(3-) |
74 |32 |2961.0 |2 |(5-) |
74 |32 |2973.472 |13 |(3) |
74 |32 |2999.2 | |2+ |
74 |32 |3017 |3 |2+ |
74 |32 |3032.8 |2 |1 |0.0112 EV 6
74 |32 |3034.00 |3 |(3,4+) |0.059 PS +10-7
74 |32 |3048.564 |24 |4+ |
74 |32 |3060.1 |5 |(2+:6+) |
74 |32 |3081.321 |15 |(3+) |0.21 PS +7-5
74 |32 |3092.2 |2 |1(+) |0.0104 EV 11
74 |32 |3104.506 |19 |5- |
74 |32 |3118.0 |5 |3-,4-,5-,6- |
74 |32 |3139.32 |22 | |
74 |32 |3140.30 |4 |3- |
74 |32 |3175.47 |3 |3- |0.097 PS +35-28
74 |32 |3199.5 | |2+ |0.024 PS +8-4
74 |32 |3211.8 |7 | |
74 |32 |3224.680 |13 |4+ |
74 |32 |3242 |5 | 9+ |
74 |32 |3271.51 |5 |(2+) |
74 |32 |3276.3 |2 |1 |0.0013 EV 4
74 |32 |3293 |5 |3-,4-,5-,6- |
74 |32 |3315.72 |3 |4+ |
74 |32 |3342.94 |7 |(3-,4+) |
74 |32 |3356 |3 |0+ |
74 |32 |3358.517 |22 |(2+,3,4+) |
74 |32 |3360 |4 |5- |
74 |32 |3372.4 |5 |2+,3+,4+,5+,6+ |
74 |32 |3381.74 |5 |3- |
74 |32 |3392.618 |18 |2+ |
74 |32 |3409.931 |25 |(3,4+) |
74 |32 |3423.8 |6 |(2:6) |
74 |32 |3436.3 |9 |(2:6) |
74 |32 |3478.37 |3 |(2,3)+ |
74 |32 |3501.4 |10 |4 |
74 |32 |3515.441 |13 |(3,4+) |
74 |32 |3557.9 |3 |1(-) |0.050 EV 8
74 |32 |3566.75 |8 |(2+,3,4+) |
74 |32 |3578.93 |3 |2+ |
74 |32 |3603 |5 | |
74 |32 |3617 |7 |0+ |
74 |32 |3629 |7 |(6+) |
74 |32 |3639.5 |2 | |
74 |32 |3642 |2 |(4+) |
74 |32 |3647 |10 |1- |
74 |32 |3647 |10 |2+ |
74 |32 |3647.9 |7 |1+ |0.028 EV 6
74 |32 |3654.4 |11 |(4+,5+) |
74 |32 |3681 |1 |(8+) |
74 |32 |3683 |4 |5- |
74 |32 |3685.42 |12 |(2:5+) |
74 |32 |3691.79 |4 |3- |
74 |32 |3696.59 |9 |(3,4) |
74 |32 |3700 |10 |(0+) |
74 |32 |3707.20 |14 |(3,4,5) |
74 |32 |3716.7 |4 |(1-,2+) |
74 |32 |3720.79 |5 |(3,4+) |
74 |32 |3733 |7 |4+ |
74 |32 |3743.348 |23 |(3-,4+) |
74 |32 |3748 |5 |2+ |
74 |32 |3771.74 |5 |(2+,3,4+) |
74 |32 |3778 |5 |0+ |
74 |32 |3783.41 |5 |(2+,3,4+) |
74 |32 |3790.90 |8 |(3,4+) |
74 |32 |3806.772 |23 |3- |
74 |32 |3807.03 |11 | |
74 |32 |3828.23 |10 |(1-:4+) |
74 |32 |3832.23 |5 |(2+,3,4+) |
74 |32 |3835.27 |4 |(2+,3,4+) |
74 |32 |3853 |10 | |
74 |32 |3870 | |(6+,7-,8+) |
74 |32 |3874.17 |4 |2+ |
74 |32 |3874.9 |3 |1+ |0.099 EV 18
74 |32 |3876 |10 |3- |
74 |32 |3889.69 |3 |(2+,3,4+) |
74 |32 |3895.01 |6 |(2,3,4+) |
74 |32 |3897.98 |4 |(2+:6+) |
74 |32 |3916 |5 |0+ |
74 |32 |3932.98 |4 |(1+,2,3,4+) |
74 |32 |3941.09 |16 |(2+,3-) |
74 |32 |3949.80 |10 |(2+,3,4+) |
74 |32 |3958.03 |20 |3- |
74 |32 |3975.86 |9 |(2+) |
74 |32 |3976.23 |9 |(2,3,4+) |
74 |32 |3995.05 |10 |(2+,3,4+) |
74 |32 |3995.83 |6 |(2+) |
74 |32 |3999 |10 |5- |
74 |32 |4006.8 |4 |1 |0.044 EV 6
74 |32 |4008 |10 |(0+) |
74 |32 |4022.94 |7 |2+ |
74 |32 |4024 |7 |5- |
74 |32 |4030.1 |5 |(2+,3,4+) |
74 |32 |4045.43 |4 | |
74 |32 |4064.66 |3 |(2:5) |
74 |32 |4069 |5 |3-,4-,5-,6- |
74 |32 |4083 |10 |(0+) |
74 |32 |4084.9 |5 |1+ |0.060 EV 8
74 |32 |4085 |10 |4+ |
74 |32 |4093 |10 |(5-) |
74 |32 |4119 |5 |3-,4-,5-,6- |
74 |32 |4130 | |(7-,8+) |
74 |32 |4138 |10 |2+ |
74 |32 |4144.48 |10 | |
74 |32 |4155.25 |13 | |
74 |32 |4164 |10 |2+ |
74 |32 |4171.5 |3 |1 |
74 |32 |4174 |4 |3- |
74 |32 |4191.32 |5 | |
74 |32 |4201.55 |8 |2+ |
74 |32 |4202.94 |5 | |
74 |32 |4204.67 |16 |(2+:5-) |
74 |32 |4217.30 |5 |(2+,3,4+) |
74 |32 |4222.9 |3 |(2+,3+,4+) |
74 |32 |4224.9 |8 |1- |0.090 EV 10
74 |32 |4234.77 |6 |(3,4+) |
74 |32 |4235.33 |13 |(2,3,4)+ |
74 |32 |4239 |10 |0+ |
74 |32 |4273 |10 |(0+) |
74 |32 |4276.4 |3 | |
74 |32 |4290 |7 |2+ |
74 |32 |4305.8 |13 |1 |0.047 EV 7
74 |32 |4320 |10 |4+ |
74 |32 |4339.67 |5 |(2+) |
74 |32 |4342.6 |3 |1 |
74 |32 |4344.25 |5 | |
74 |32 |4353 |5 |4+ |
74 |32 |4367.2 |5 |(1-:5-) |
74 |32 |4368.15 |7 |(2+) |
74 |32 |4387 |5 |2+ |
74 |32 |4408.58 |10 |(4+) |
74 |32 |4413.54 |10 |2+ |
74 |32 |4439.98 |5 |(2,3,4) |
74 |32 |4442.18 |5 |(2+,3,4+) |
74 |32 |4477.49 |6 |(0+:4+) |
74 |32 |4493 |7 |4+ |
74 |32 |4527.89 |4 |(2+) |
74 |32 |4535 |10 |0+ |
74 |32 |4538 |10 |2+ |
74 |32 |4544 |5 |4+,5+ |
74 |32 |4586 |9 |4+ |
74 |32 |4591 |10 |2+ |
74 |32 |4594 |5 |3-,4-,5-,6- |
74 |32 |4611.42 |16 |(2-,3-,4-) |
74 |32 |4630.43 |7 |(2+) |
74 |32 |4664 |10 |4+ |
74 |32 |4685 |6 |(0+) |
74 |32 |4698.29 |13 |(2-,3-,4-) |
74 |32 |4731 |5 |4+,5+ |
74 |32 |4767 |11 |(0+,1-) |
74 |32 |4824 |5 |4+,5+ |
74 |32 |4840.92 |13 |(2+) |
74 |32 |4853 |8 |(0+,2+) |
74 |32 |4874 |5 | |
74 |32 |4920 |10 |(2+) |
74 |32 |4951 |10 |(2+) |
74 |32 |4972.55 |9 |(2+) |
74 |32 |4981 |5 | |
74 |32 |5021 |10 |(2+) |
74 |32 |5062 |5 |4+,5+ |
74 |32 |5107.82 |5 | |
74 |32 |5131.45 |8 |(2:6) |
74 |32 |5147 |5 |4+,5+ |
74 |32 |5288.5 | | |
74 |32 |5323 |5 |4+,5+ |
74 |32 |5352 |10 | |
74 |32 |5434.8 |5 |1- |0.40 EV 3
74 |32 |5435.76 |7 | |
74 |32 |5485.1 |12 |1 |0.075 EV 11
74 |32 |5493.1 |10 |1 |0.087 EV 17
74 |32 |5510.3 | | |
74 |32 |5514.8 |8 |1 |0.23 EV 4
74 |32 |5580 |10 |(0+) |
74 |32 |5617 |5 | |
74 |32 |5717 |5 | |
74 |32 |5743.7 |10 |1 |0.110 EV 13
74 |32 |5758.76 |4 | |
74 |32 |5766.7 |4 |1(+) |0.167 EV 26
74 |32 |5787 |5 | |
74 |32 |5850 |5 | |
74 |32 |5926.86 |6 | |
74 |32 |5934.16 |9 | |
74 |32 |6017.4 |24 |1- |0.120 EV 15
74 |32 |6190 | | |
74 |32 |6200 | |(6+,8+) |
74 |32 |6330 | |(4+,5+) |
74 |32 |6445.1 |11 |1 |0.39 EV 11
74 |32 |6477.9 |6 |1- |0.226 EV 21
74 |32 |6530 | | |
74 |32 |6650.3 |3 |1- |0.92 EV 7
74 |32 |6660.5 |5 |1- |0.337 EV 20
74 |32 |6680 | | |
74 |32 |6732.7 |8 |1+ |0.29 EV 3
74 |32 |6862.00 |7 | |
74 |32 |6942.6 |6 |1- |0.35 EV 3
74 |32 |6992.70 |6 | |
74 |32 |7150.8 |16 |1- |0.58 EV 9
74 |32 |7173.18 |4 | |
74 |32 |7264.6 |6 |1- |0.81 EV 3
74 |32 |7275.90 |4 | |
74 |32 |7359.39 |9 | |
74 |32 |7379.9 |10 |1 |0.25 EV 4
74 |32 |7445.3 |11 |1 |
74 |32 |7493.60 |6 | |
74 |32 |7506.7 |10 |1(-) |0.40 EV 3
74 |32 |7550.7 |7 |1- |0.80 EV 11
74 |32 |7578.96 |5 | |
74 |32 |7616.0 |8 |1 |
74 |32 |7621.77 |7 | |
74 |32 |7652.1 |6 |1- |1.51 EV 12
74 |32 |7702.02 |5 | |
74 |32 |7882.23 |4 | |
74 |32 |7980.64 |6 | |
74 |32 |8219.0 |8 |1 |0.36 EV 5
74 |32 |8250.2 |8 |1 |0.33 EV 8
74 |32 |8361.1 |12 |1 |0.88 EV 18
74 |32 |8375.70 |8 | |
74 |32 |8440.13 |9 | |
74 |32 |8560.09 |6 | |
74 |32 |8873.33 |7 | |
74 |32 |8928.00 |8 | |
74 |32 |9004.38 |6 | |
74 |32 |9133.79 |8 | |
74 |32 |9457.91 |5 | |
75 |32 |0.0 | |1/2- |82.78 M 4
75 |32 |61.92 |10 | |
75 |32 |139.69 |3 |7/2+ |47.7 S 5
75 |32 |192.19 |6 |5/2+ |216 NS 5
75 |32 |199.89 |11 |9/2+ |
75 |32 |253.15 |6 |3/2- |
75 |32 |316.81 |7 |5/2- |
75 |32 |457.07 |7 |5/2- |
75 |32 |574.70 |5 |3/2- |
75 |32 |584.42 |8 |5/2+ |
75 |32 |651 |2 |5/2-,7/2- |
75 |32 |673.67 |8 |1/2+ |
75 |32 |759.5 |11 |(7/2+,9/2+) |
75 |32 |762.20 |9 |(3/2) |
75 |32 |830 | | |
75 |32 |885.47 |7 |1/2- |
75 |32 |901.9 |3 | |
75 |32 |946.4 |6 | |
75 |32 |986.8 |14 |(5/2,7/2,9/2)+ |
75 |32 |1062.2 |4 |(5/2:13/2)+ |
75 |32 |1081.0 |4 | |
75 |32 |1127.8 |5 | |
75 |32 |1136.93 |10 |3/2- |
75 |32 |1190 |5 |9/2+ |
75 |32 |1222.20 |21 | |
75 |32 |1240.75 |16 |(5/2)- |
75 |32 |1257.0 |3 |(7/2+) |
75 |32 |1334.8 |6 | |
75 |32 |1394.41 |10 |5/2+ |
75 |32 |1405.5 |4 |9/2+ |
75 |32 |1416.21 |11 |1/2-,3/2- |
75 |32 |1428.21 |11 |(1/2,3/2) |
75 |32 |1494.9 |4 | |
75 |32 |1501.56 |12 |1/2-,3/2- |
75 |32 |1502.04 |12 |7/2+,9/2+ |
75 |32 |1514.46 |6 |1/2+ |
75 |32 |1537.7 |3 |5/2+ |
75 |32 |1602.8 |19 |5/2-,7/2- |
75 |32 |1682 |4 |9/2+ |
75 |32 |1688.10 |10 |(1/2,3/2,5/2+) |
75 |32 |1696 |9 | |
75 |32 |1718.49 |7 |5/2+ |
75 |32 |1757.63 |12 |(1/2,3/2) |
75 |32 |1796.3 |4 |1/2-,3/2- |
75 |32 |1869.43 |13 |3/2+ |
75 |32 |1901 |8 |9/2+ |
75 |32 |2003.89 |11 |3/2+ |
75 |32 |2054 |11 | |
75 |32 |2065.50 |10 |(1/2,3/2) |
75 |32 |2091.03 |10 |(1/2,3/2) |
75 |32 |2103.73 |20 | |
75 |32 |2110.1 |6 | |
75 |32 |2127 |5 |(5/2:13/2)+ |
75 |32 |2151 |10 | |
75 |32 |2197.1 |6 | |
75 |32 |2214.8 |4 |(5/2+) |
75 |32 |2281 |3 | |
75 |32 |2311.63 |16 |(1/2,3/2) |
75 |32 |2320 |6 |9/2+ |
75 |32 |2321 |2 |1/2-,3/2- |
75 |32 |2359 |4 |1/2-,3/2- |
75 |32 |2382.88 |17 |5/2+ |
75 |32 |2384 |3 |9/2+ |
75 |32 |2478 |4 |7/2+,9/2+ |
75 |32 |2493.9 |7 |(1/2,3/2) |
75 |32 |2527.27 |25 |3/2+,5/2+ |
75 |32 |2534 |4 |5/2-,7/2- |
75 |32 |2544.4 |7 |(1/2,3/2) |
75 |32 |2570.3 |7 |1/2-,3/2- |
75 |32 |2574.2 |17 |3/2+,5/2+ |
75 |32 |2660.75 |20 |1/2-,3/2- |
75 |32 |2664.43 |21 |(1/2,3/2,5/2) |
75 |32 |2665.1 |4 |( 7/2) |
75 |32 |2679.6 |7 |(1/2,3/2) |
75 |32 |2740 |6 |(3/2:15/2)- |
75 |32 |2744.2 |7 |(1/2,3/2) |
75 |32 |2748.5 |23 |3/2+,5/2+ |
75 |32 |2757.3 |7 |(1/2,3/2) |
75 |32 |2759.2 |7 | |
75 |32 |2781 |8 |9/2+ |
75 |32 |2783.9 |7 |(1/2,3/2) |
75 |32 |2835 |8 |(3/2:15/2)- |
75 |32 |2836 |3 |3/2+,5/2+ |
75 |32 |2840.0 |7 |(1/2,3/2) |
75 |32 |2852.8 |4 |(3/2)- |
75 |32 |2866.0 |7 |(1/2,3/2) |
75 |32 |2897.4 |7 |(1/2,3/2) |
75 |32 |2928.3 |7 |(1/2,3/2) |
75 |32 |2939 |7 |(3/2:15/2)- |
75 |32 |2952.5 |7 |(1/2,3/2) |
75 |32 |2964.4 |7 |(1/2,3/2) |
75 |32 |2994.9 |7 |(1/2,3/2) |
75 |32 |3004.2 |7 |(1/2,3/2) |
75 |32 |3031.7 |6 |3/2+,5/2+ |
75 |32 |3042 |9 |(9/2+) |
75 |32 |3048.7 |9 |3/2+,5/2+ |
75 |32 |3067.4 |4 |1/2+ |
75 |32 |3082.3 |4 |1/2+ |
75 |32 |3092 |16 |(3/2:15/2)- |
75 |32 |3126 |3 |3/2+,5/2+ |
75 |32 |3136 |11 |9/2+ |
75 |32 |3162.5 |5 |1/2-,3/2- |
75 |32 |3170.4 |7 |1/2-,3/2- |
75 |32 |3202.0 |7 |1/2-,3/2- |
75 |32 |3214 |3 |5/2+ |
75 |32 |3226.5 |7 |(1/2,3/2) |
75 |32 |3279.6 |5 |7/2- |
75 |32 |3290.0 |5 |(3/2)+ |
75 |32 |3361 |4 |3/2+,5/2+ |
75 |32 |3370 |16 |7/2-,9/2-,11/2- |
75 |32 |3393 |7 |3/2+,5/2+ |
75 |32 |3438 |5 |3/2+,5/2+ |
75 |32 |3450 |4 |7/2-,9/2-,11/2- |
75 |32 |3494 |7 | |
75 |32 |3532 |15 | |
75 |32 |3560 |15 | |
75 |32 |3626 |7 |(-) |
75 |32 |3719 |6 |(1/2+) |
75 |32 |3759 |15 | |
75 |32 |3812 |15 | |
75 |32 |3839 |6 | |
75 |32 |3862 |15 | |
75 |32 |6505.60 |5 |1/2+ |
75 |32 |6508.13 |7 |1/2+ |
75 |32 |6508.32 |7 |1/2+ |
75 |32 |6509.42 |8 |1/2+ |
75 |32 |6510.27 |8 |1/2+ |
75 |32 |6517.23 |11 |1/2+ |
75 |32 |6524.63 |18 |1/2+ |
75 |32 |6527.03 |24 |1/2+ |
75 |32 |6529.7 |3 |1/2+ |
75 |32 |6547.9 |6 |1/2+ |
75 |32 |6565.7 |10 |1/2+ |
76 |32 |0.0 | |0+ |STABLE
76 |32 |562.93 |3 |2+ |18.2 PS 2
76 |32 |1108.44 |4 |2+ |8.0 PS 15
76 |32 |1410.08 |5 |4+ |1.8 PS 4
76 |32 |1539.46 |6 |3(+) |
76 |32 |1911.07 |11 |0+ |0.8 PS GT
76 |32 |2019.87 |10 |(4+) |
76 |32 |2204.9 |4 |(1,2+) |0.010 PS 4
76 |32 |2284.22 |24 |(3)- |
76 |32 |2456 |5 | |
76 |32 |2478.2 |5 |(1,2+) |
76 |32 |2503.6 |4 |2+ |0.24 PS +55-10
76 |32 |2554 |5 | |
76 |32 |2591.10 |16 |(1+,2+) |
76 |32 |2624 |5 | |
76 |32 |2654.51 |21 |( 4) |
76 |32 |2692.40 |8 |3- |0.28 PS +15-8
76 |32 |2733.4 |7 |4+ |0.17 PS +18-8
76 |32 |2747.76 |8 |(1to4) |0.33 PS +33-12
76 |32 |2768.76 |14 |2+ |
76 |32 |2841.57 |13 |2+ |0.028 PS 8
76 |32 |2897.7 |5 |0+ |
76 |32 |2919.79 |7 |(1,2+) |0.21 PS +10-6
76 |32 |2921 |5 |3- |
76 |32 |2962.2 | |(5)- |
76 |32 |2994 |5 |4+ |
76 |32 |3007.8 |4 |(1,2+) |0.026 PS +28-13
76 |32 |3041.0 |6 |(2+) |0.23 PS +35-10
76 |32 |3052.5 |7 |(1to5) |0.030 PS +14-10
76 |32 |3071 |5 | |
76 |32 |3090 |5 | |
76 |32 |3131.8 |7 |( 4) |
76 |32 |3141.51 |7 |2+ |0.06 PS +7-4
76 |32 |3166 |5 | |
76 |32 |3182.21 |6 |(2+) |0.25 PS +35-11
76 |32 |3195 |5 |(4-,5-,6-) |
76 |32 |3224 |5 | |
76 |32 |3231.8 |4 |4+ |
76 |32 |3268 |5 |(4+) |
76 |32 |3312.33 |12 |3- |
76 |32 |3317 |5 |(0+) |
76 |32 |3322.85 |7 |(2+,3,4+) |0.16 PS +14-6
76 |32 |3334.7 |3 |(2+) |
76 |32 |3349 |5 | |
76 |32 |3391 |5 |(4+,5-) |
76 |32 |3409.19 |19 |(1to4) |
76 |32 |3420.4 |5 |(1,2+) |
76 |32 |3439 |5 | |
76 |32 |3453 |5 |(3+,4+,5+) |
76 |32 |3477.65 |17 |(1to4) |
76 |32 |3484.1 |9 |3- |
76 |32 |3506 |5 | |
76 |32 |3533 |5 | |
76 |32 |3545 |5 |2+ |
76 |32 |3585 |5 |(2)+ |
76 |32 |3606 |5 | |
76 |32 |3632.75 |10 |(2+) |
76 |32 |3640 |5 |(4-,5-,6-) |
76 |32 |3658 |5 | |
76 |32 |3691 |5 | |
76 |32 |3721 |5 |(5)- |
76 |32 |3748 |5 |2+ |
76 |32 |3788 |5 | |
76 |32 |3805 |5 | |
76 |32 |3815 |5 | |
76 |32 |3848 |5 | |
76 |32 |3868 |5 | |
76 |32 |3883 |5 | |
76 |32 |3887.05 |19 |(3-) |
76 |32 |3951.89 |7 |(1,2+) |
76 |32 |3972 |5 |(4+) |
76 |32 |3997 |5 |4+ |
76 |32 |4026 |5 | |
76 |32 |4056 |5 | |
76 |32 |4073 |5 | |
76 |32 |4099 |5 |5- |
76 |32 |4122.3 |4 |(1,2+) |
76 |32 |4153 |5 | |
76 |32 |4192.85 |12 |(2+,3,4+) |
76 |32 |4209 |5 |3- |
76 |32 |4239.40 |15 |(1to4) |
76 |32 |4249 |5 |4+ |
76 |32 |4272 |5 | |
76 |32 |4326.5 |2 |(1to4) |
76 |32 |4363.5 |2 |4+ |
76 |32 |4399 |5 |(3+,4+,5+) |
76 |32 |4426 |10 | |
76 |32 |4444 |10 |(3+,4+,5+) |
76 |32 |4476.5 |2 |( 4) |
76 |32 |4488 |10 |3- |
76 |32 |4536 |10 |(3+,4+,5+) |
76 |32 |4570 |10 | |
76 |32 |4611 |10 |(3-) |
76 |32 |4659 |10 |(5-) |
76 |32 |4698 |10 | |
76 |32 |4719.9 |2 |(2,3,4) |
76 |32 |4736 |10 | |
76 |32 |4767 |10 | |
76 |32 |4784.1 |3 |(1to4) |
76 |32 |4812.5 |2 |(2+,3,4+) |
76 |32 |4814.8 |3 |(1to4) |
76 |32 |4839 |10 |(3+,4+,5+) |
76 |32 |4868 |10 | |
76 |32 |4939 |10 | |
76 |32 |5122.48 |14 |(1to4) |
76 |32 |5276 |10 | |
76 |32 |5522.6 |2 |(1to4) |
76 |32 |5663.37 |15 |(2+) |
76 |32 |5749.9 |4 |(1to4) |
76 |32 |5883.0 |3 |(1to4) |
76 |32 |6021.1 |3 |(1to4) |
76 |32 |6065.2 |4 |(1to4) |
77 |32 |0.0 | |7/2+ |11.211 H 3
77 |32 |159.71 |6 |1/2- |53.7 S 6
77 |32 |224.96 |7 |9/2+ |
77 |32 |421.39 |6 |5/2+ |
77 |32 |492.05 |6 |5/2- |
77 |32 |504.76 |6 |5/2+ |
77 |32 |618.86 |6 |(3/2+) |
77 |32 |629.68 |7 |3/2- |
77 |32 |760.53 |6 |7/2(+) |
77 |32 |809.09 |17 | |
77 |32 |884.19 |9 |5/2+ |
77 |32 |910.61 |9 |(5/2+,7/2+) |
77 |32 |1021.58 |6 |3/2- |
77 |32 |1048.05 |8 |(1/2,3/2) |
77 |32 |1052.73 |8 |1/2-,3/2- |
77 |32 |1110.68 |17 | |
77 |32 |1189 |10 |(7/2+,9/2+) |
77 |32 |1247.00 |8 |1/2+ |
77 |32 |1275.41 |13 | |
77 |32 |1286.53 |13 | |
77 |32 |1344.67 |21 | |
77 |32 |1359.08 |13 |(1/2,3/2,5/2) |
77 |32 |1385.28 |6 |5/2+ |
77 |32 |1408.46 |21 | |
77 |32 |1535.28 |10 |1/2+ |
77 |32 |1610 |10 | |
77 |32 |1663.76 |8 |(1/2+,3/2) |
77 |32 |1775.34 |9 |1/2+ |
77 |32 |1804 |10 |3/2+ |
77 |32 |1834.96 |10 |(1/2,3/2) |
77 |32 |1836.08 |21 |(1/2+) |
77 |32 |1879.25 |8 |(1/2+,3/2) |
77 |32 |1901.09 |12 |(1/2,3/2) |
77 |32 |1951.79 |11 |(3/2+) |
77 |32 |2063.28 |8 |(3/2) |
77 |32 |2088 |10 |(7/2+,9/2+) |
77 |32 |2118.81 |10 |(3/2+) |
77 |32 |2178.12 |12 |(1/2+,3/2) |
77 |32 |2195.22 |8 |(1/2,3/2) |
77 |32 |2260 |10 | |
77 |32 |2305 |10 |(3/2+,5/2+) |
77 |32 |2368.38 |11 |(1/2,3/2) |
77 |32 |2442 |10 |(3/2+,5/2+) |
77 |32 |2479 |10 |(1/2+) |
77 |32 |2506.82 |10 |(1/2,3/2) |
77 |32 |2556 |10 | |
77 |32 |2783 |10 | |
77 |32 |2814.31 |13 |(1/2:7/2-) |
77 |32 |2873 |10 |(1/2+) |
77 |32 |2929 |10 | |
77 |32 |2960 |10 |(1/2+) |
77 |32 |2998 |10 | |
77 |32 |3090 |15 | |
77 |32 |3135 |10 | |
77 |32 |3147 |10 | |
77 |32 |3242 |10 |(3/2+,5/2+) |
77 |32 |3257 |10 |(1/2+) |
77 |32 |3287.2 |10 |(1/2+,3/2) |
77 |32 |3364 |15 |(3/2+,5/2+) |
77 |32 |3388 |15 | |
77 |32 |3443 |15 | |
77 |32 |3496 |15 | |
77 |32 |3547 |15 | |
77 |32 |6071.44 |6 |1/2+ |
77 |32 |6071.95 |7 |1/2+ |
77 |32 |6076.23 |7 |1/2+ |
77 |32 |6077.51 |7 |1/2+ |
77 |32 |6085.40 |7 |1/2+ |
77 |32 |6086.34 |7 |1/2+ |
77 |32 |6092.20 |7 |1/2+ |
77 |32 |6093.82 |7 |1/2+ |
77 |32 |6100.62 |7 |1/2+ |
77 |32 |6119.1 |6 |1/2+ |
78 |32 |0.0 | |0+ |88.0 M 10
78 |32 |619.36 |12 |2+ |13.5 PS 24
78 |32 |1186.51 |12 |2+ |12 PS 6
78 |32 |1546.6 |4 |0+ |25 PS 11
78 |32 |1570.20 |19 |4+ |3.5 PS LT
78 |32 |1644.58 |14 |(2,3,4+) |15 PS 6
78 |32 |1842.73 |22 |2+ |
78 |32 |2292 |3 |(4+) |
78 |32 |2319.57 |20 |(2,3,4) |43 PS 5
78 |32 |2330 |3 | |
78 |32 |2404 |5 | |
78 |32 |2438.71 |19 |(2+) |7 PS LT
78 |32 |2652 |3 |(5-) |
78 |32 |2665.63 |17 |(2,3,4+) |4.2 PS 25
78 |32 |2706.01 |19 |(2+) |
78 |32 |2748.2 |11 |(6+) |
78 |32 |2759 |10 |(3-,4+) |
78 |32 |2850 |10 |(5-) |
78 |32 |2857.14 |19 |(2,3,4+) |
78 |32 |2952.9 |3 |(4+) |9 PS 4
78 |32 |3120.60 |20 |(2,3,4+) |2.8 PS LT
78 |32 |3183 |10 |(2+) |
78 |32 |3236 |10 |(1-&amp;3-) |
78 |32 |3287 |10 |(6+) |
78 |32 |3350 |10 |(0+) |
78 |32 |3389.91 |22 |(2+,3,4+) |
78 |32 |3615 |10 |(3-) |
78 |32 |3638 |10 |(2+) |
78 |32 |3667 |10 |0+ |
78 |32 |3687.73 |17 |(4+) |
78 |32 |3714.2 |15 |(8+) |
78 |32 |3797 |10 |(3-) |
78 |32 |3816 |10 |(2+) |
78 |32 |3898 |10 |0+ |
78 |32 |3965 |10 |(2+) |
78 |32 |4015 |10 |(0+) |
78 |32 |4036 |10 |(5-) |
78 |32 |4070 |10 |(2+) |
78 |32 |4083.7 |5 |(2,3,4+) |
78 |32 |4115 |10 |(1-) |
78 |32 |4134 |10 |(2+) |
78 |32 |4270.08 |23 |(2,3,4+) |
78 |32 |4279.4 |4 |(2,3,4+) |
78 |32 |4305 |10 | |
78 |32 |4335 |10 | |
78 |32 |4378 |10 | |
78 |32 |4745 |10 | |
78 |32 |4816 |10 | |
78 |32 |5078.2 |10 |(2,3,4+) |
78 |32 |5191 |10 | |
78 |32 |5324 |10 | |
79 |32 |0.0 | |(1/2)- |18.98 S 3
79 |32 |185.95 |4 |(7/2+) |39.0 S 10
79 |32 |390.59 |6 |(9/2+) |
79 |32 |464.73 |3 |(5/2-) |
79 |32 |516.41 |3 |(3/2-,5/2-) |
79 |32 |607.16 |3 |(5/2-) |
79 |32 |1045.09 |5 | |
79 |32 |1087.78 |4 | |
79 |32 |1104.40 |4 | |
79 |32 |1187.31 |3 | |
79 |32 |1473.63 |5 | |
79 |32 |1556.38 |4 | |
79 |32 |2049.95 |8 | |
79 |32 |2070.13 |4 |(1/2-,3/2-,5/2-) |
79 |32 |2140.32 |4 |(1/2-,3/2-,5/2-) |
79 |32 |2387.9 |1 | |
79 |32 |2487.38 |6 | |
79 |32 |2513.58 |4 |(1/2-,3/2-,5/2-) |
79 |32 |2774.59 |9 |(1/2-,3/2-,5/2-) |
79 |32 |2779.37 |21 | |
79 |32 |2827.26 |10 | |
79 |32 |2894.94 |6 |(1/2-,3/2-,5/2-) |
79 |32 |2998.81 |8 | |
79 |32 |3168.02 |12 |(1/2-,3/2-,5/2-) |
79 |32 |3196.7 |3 | |
79 |32 |3205.41 |15 |(1/2-,3/2-,5/2-) |
79 |32 |3289.81 |10 |(1/2-,3/2-,5/2-) |
79 |32 |3318.97 |21 | |
79 |32 |3352.34 |9 |(1/2-,3/2-,5/2-) |
79 |32 |3421.08 |6 | |
79 |32 |3440.50 |5 |(1/2-,3/2-,5/2-) |
79 |32 |3783.77 |22 |(5/2-) |
79 |32 |3803.1 |3 | |
79 |32 |3831.9 |5 | |
79 |32 |3892.56 |21 |(1/2-,3/2-,5/2-) |
79 |32 |3911.5 |3 |(1/2-,3/2-,5/2-) |
79 |32 |4056.76 |13 |(1/2-,3/2-,5/2-) |
79 |32 |4083.7 |3 |(5/2-) |
79 |32 |4184.3 |3 |(1/2-,3/2-,5/2-) |
79 |32 |4277.7 |5 | |
80 |32 |0.0 | |0+ |29.5 S 4
80 |32 |659.15 |4 |2+ |16.4 PS 32
80 |32 |1573.56 |4 |(2+) |
80 |32 |1742.59 |5 |(4+) |
80 |32 |1972.16 |5 | |
80 |32 |2265.77 |5 | |
80 |32 |2851.93 |5 | |
80 |32 |2978.35 |7 |(6+) |
80 |32 |3036.95 |6 | |
80 |32 |3423.00 |6 | |
80 |32 |3423.66 |6 | |
80 |32 |3445.11 |8 |(8+) |2.95 NS 6
80 |32 |3498.33 |14 | |
80 |32 |3515.41 |6 | |
80 |32 |3685.89 |6 | |
80 |32 |3913.73 |11 | |
80 |32 |3982.64 |8 | |
80 |32 |3987.89 |6 | |
80 |32 |4025.84 |8 | |
80 |32 |4323.85 |5 | |
80 |32 |4413.15 |7 | |
80 |32 |4532.58 |7 | |
80 |32 |4851.13 |9 | |
80 |32 |4992.70 |7 | |
80 |32 |5232.74 |9 | |
80 |32 |5338.18 |14 | |
80 |32 |5451.26 |17 | |
80 |32 |5568.01 |12 | |
80 |32 |5573.20 |7 | |
80 |32 |5800.48 |8 | |
80 |32 |6047.14 |21 | |
80 |32 |6155.32 |21 | |
81 |32 |0 | |(9/2+) |7.6 S 6
81 |32 |679.14 |4 |(1/2+) |7.6 S 6
81 |32 |711.207 |23 |(5/2+) |3.9 NS 2
81 |32 |895.63 |4 |(1/2-) |0.5 NS LT
81 |32 |1241.44 |3 |(1/2+,3/2,5/2+) |
81 |32 |1286.466 |23 |(5/2+,7/2-) |
81 |32 |1303.23 |3 |(5/2+,7/2,9/2+) |
81 |32 |1409.93 |4 | |
81 |32 |1548.504 |24 |(5/2+,7/2,9/2+) |
81 |32 |1577.02 |11 | |
81 |32 |1723.97 |3 |(3/2-,5/2-) |
81 |32 |1731.04 |4 |(5/2+,7/2,9/2+) |
81 |32 |1805.54 |7 |(5/2+,7/2,9/2+) |
81 |32 |1816.23 |5 |(3/2-) |
81 |32 |1832.23 |4 |(3/2,5/2-) |
81 |32 |1855.34 |5 | |
81 |32 |2138.38 |4 |(5/2+,7/2,9/2+) |
81 |32 |2174.87 |7 | |
81 |32 |2419.90 |4 | |
81 |32 |2529.30 |5 |(3/2,5/2-) |
81 |32 |2549.97 |11 |(5/2+,7/2,9/2+) |
81 |32 |2563.18 |5 |(3/2,5/2-) |
81 |32 |2693.67 |10 | |
81 |32 |2996.71 |3 |(3/2-,5/2-,7/2-) |
81 |32 |3021.39 |6 |(3/2,5/2-) |
81 |32 |3129.05 |5 |(3/2,5/2,7/2) |
81 |32 |3437.23 |4 |(3/2-,5/2-) |
81 |32 |3503.08 |4 |(7/2-) |
81 |32 |3665.56 |8 |(7/2-) |
81 |32 |3697.95 |10 |(7/2) |
81 |32 |3772.88 |4 |(7/2-) |
81 |32 |3820.15 |19 |(3/2,5/2,7/2) |
81 |32 |4012.91 |4 |(3/2-,5/2-,7/2-) |
81 |32 |4035.31 |7 |(7/2-) |
81 |32 |4168.17 |5 |(3/2-) |
81 |32 |4276.77 |16 |(3/2,5/2,7/2) |
81 |32 |4470.53 |20 |(7/2-) |
82 |32 |0 | |0+ |4.56 S 26
82 |32 |1347.51 |7 |2+ |0.50 PS 8
82 |32 |2028.6 |4 |(4+) |
82 |32 |2214.91 |3 |(2+) |
82 |32 |2286.33 |13 |(4+) |
82 |32 |2332.57 |15 |(0+) |
82 |32 |2523.62 |21 | |
82 |32 |2701.9 |3 | |
82 |32 |2713.2 |7 | |
82 |32 |2882.75 |20 | |
82 |32 |2932.3 |4 |(5,6+) |
82 |32 |3013.9 |4 | |
82 |32 |3227.3 |4 |(6+) |
82 |32 |3256.88 |15 | |
82 |32 |3606.1 |5 |(6+) |
82 |32 |3681.8 |5 | |
82 |32 |4402 | |(8+) |
83 |32 |0.0 | |(5/2)+ |1.85 S 6
83 |32 |247.2 |3 |1/2+ |
83 |32 |1045.52 |20 | |
83 |32 |1237.97 |13 | |
84 |32 |0.0 | |0+ |0.954 S 14
84 |32 |624.3 |7 |(2+) |
84 |32 |1389 | | |
84 |32 |1670.4 |10 |(4+) |
85 |32 |0 | |(3/2+,5/2+) |503 MS 18
85 |32 |107.2 |1 |(5/2+,3/2+) |30 NS LT
85 |32 |250 | | |
85 |32 |472.1 |1 |(3/2+) |
85 |32 |703.1 |1 | |
85 |32 |895.2 |1 | |
85 |32 |903.2 |1 | |
85 |32 |2348.2 |1 | |
86 |32 |0 | |0+ |226 MS 21
86 |32 |527 | |(2+) |
87 |32 |0.0 | |(5/2+) |0.14 S AP
88 |32 |0.0 | |0+ |300 NS GT
89 |32 |0 | | |300 NS GT
90 |32 |0 | |0+ |635 NS GT
