63 |33 |0 | |3/2- |43 NS LT
64 |33 |0 | | |18 MS +43-7
65 |33 |0.0 | | |128 MS 16
65 |33 |3420 |87 | |
66 |33 |0.0 | |[0+] |95.77 MS 23
66 |33 |837.07 |10 |(1+) |
66 |33 |963.62 |23 |(2+) |
66 |33 |1231.24 |14 |(3+) |
66 |33 |1356.63 |17 |(5+) |1.1 US 1
66 |33 |1901.6 |3 |(5+) |
66 |33 |2908.63 |24 |(7+) |
66 |33 |3023.8 |3 |(9+) |8.2 US 5
66 |33 |3863.8 |11 |(11+) |
66 |33 |5324.9 |15 |(13+) |
66 |33 |5810.9 |15 |(12) |
66 |33 |6532.9 |18 |(14) |
66 |33 |7794.9 |21 |(16) |
66 |33 |9792.9 |23 |(18) |
67 |33 |0 | |(5/2-) |42.5 S 12
67 |33 |68.56 |19 | |
67 |33 |352.0 |10 | |
67 |33 |697.19 |10 |(7/2) |
67 |33 |1103.57 |17 | |
67 |33 |1422.57 |13 |9/2+ |12 NS 2
67 |33 |2282.34 |24 |(11/2+) |
67 |33 |2365.14 |16 |(13/2+) |
67 |33 |3180.42 |19 |(13/2+) |
67 |33 |3593.61 |19 |(17/2+) |
67 |33 |3885.66 |21 |(15/2+) |
67 |33 |4524.31 |20 |(19/2+) |
67 |33 |4951.12 |20 |(21/2+) |
67 |33 |5726.02 |23 |(25/2+) |
67 |33 |6710.3 |3 |29/2+ |
67 |33 |7791.3 |6 |(33/2+) |
68 |33 |0.0 | |3+ |151.6 S 8
68 |33 |158.1 |1 |3+ |5 NS LT
68 |33 |160.7 |1 |(2+) |10 NS LT
68 |33 |214.1 |1 |4+ |5 NS LT
68 |33 |313.2 |1 |3+ |5 NS LT
68 |33 |352.7 |3 |1+ |
68 |33 |363.4 |3 |1+ |
68 |33 |425.1 |2 |1+ |107 NS +23-16
68 |33 |500.1 |1 |4+ |5 NS LT
68 |33 |549.7 |1 |4+ |5 NS LT
68 |33 |582.6 |2 | |
68 |33 |733.4 |1 |5+ |5 NS LT
68 |33 |893.4 |1 |4(-) |5 NS LT
68 |33 |964.8 |1 |5(-) |5 NS LT
68 |33 |1214.3 |2 |6(-) |5 NS LT
68 |33 |1303.8 |2 |7(-) |5 NS LT
68 |33 |1322.9 |1 |6(-) |5 NS LT
68 |33 |1427.6 |1 |6(-) |5 NS LT
68 |33 |1571.2 |2 |(6-) |19 NS 3
68 |33 |1762.0 |5 | |
68 |33 |1850.0 |2 |7(-) |
68 |33 |1859.2 |3 |(7-) |5 NS LT
68 |33 |1955.4 |2 |7(-) |5 NS LT
68 |33 |2058.0 |4 | |5 NS LT
68 |33 |2093.9 |2 |8(-) |5 NS LT
68 |33 |2157.8 |2 |9(+) |36 NS 2
68 |33 |2251.2 |2 |(7) |5 NS LT
68 |33 |2302.1 |2 |8(-) |5 NS LT
68 |33 |2474.4 |2 |8 |5 NS LT
68 |33 |2659.2 |7 | |
68 |33 |2829.8 |2 |9(-) |5 NS LT
68 |33 |2933.1 |11 | |
68 |33 |2938.8 |2 |9 |5 NS LT
68 |33 |2983.0 |2 |9(-) |
68 |33 |3126.6 |3 | |5 NS LT
68 |33 |3170.2 |2 |10(+) |5 NS LT
68 |33 |3183.2 |2 |11(+) |5 NS LT
68 |33 |3341.0 |3 | |5 NS LT
68 |33 |3626.8 |5 |10(-) |
68 |33 |3719.1 |4 |10(-) |
68 |33 |3843.5 |7 | |
68 |33 |4320.3 |5 |(11-) |
68 |33 |4366.2 |3 | |5 NS LT
68 |33 |4388.2 |2 |12(+) |5 NS LT
68 |33 |4585.8 |3 | |5 NS LT
68 |33 |4897.3 |3 |12(-) |5 NS LT
68 |33 |5002.5 |12 | |
68 |33 |5087.2 |2 |13(+) |5 NS LT
68 |33 |5652.7 |3 |(13-) |5 NS LT
68 |33 |6063.5 |3 |(15+) |5 NS LT
68 |33 |6803.7 |3 |(15-) |
68 |33 |7709.5 |10 | |
68 |33 |8499.7 |10 | |
69 |33 |0.0 | |5/2- |15.2 M 2
69 |33 |98.01 |4 |3/2- |2 NS LT
69 |33 |164.52 |6 |1/2-,3/2- |
69 |33 |497.34 |12 | |
69 |33 |760.2 | | |
69 |33 |789.46 |12 |1/2-,3/2- |
69 |33 |863.39 |17 |7/2- |5.5 PS 21
69 |33 |933.38 |24 | |
69 |33 |1075.78 |23 | |
69 |33 |1216.41 |13 |7/2- |
69 |33 |1305.85 |15 |9/2+ |1.35 NS 4
69 |33 |1409.9 | | |
69 |33 |1470.34 |18 |9/2- |
69 |33 |1534.12 |22 |(5/2+) |
69 |33 |1678.9 | | |
69 |33 |1691.1 |7 | |
69 |33 |1744.4 |7 | |
69 |33 |1865.0 |4 | |
69 |33 |1987.58 |15 |7/2- |
69 |33 |2002.1 |7 | |
69 |33 |2119.1 |8 | |
69 |33 |2151.3 | | |
69 |33 |2159.54 |12 |13/2+ |1.04 PS 21
69 |33 |2169.15 |18 |9/2(+) |
69 |33 |2184.0 |10 | |
69 |33 |2199.88 |20 |11/2- |
69 |33 |2211.67 |18 |11/2+ |1.4 PS LT
69 |33 |2311.31 |15 |9/2- |
69 |33 |2346.8 |5 | |
69 |33 |2408.9 |3 | |
69 |33 |2421.8 |5 | |
69 |33 |2532.9 |4 | |
69 |33 |2627.72 |12 |11/2- |
69 |33 |2777.20 |16 |13/2- |
69 |33 |2808.22 |14 |13/2+ |
69 |33 |2873.0 |11 | |
69 |33 |2930.4 | | |
69 |33 |3031.0 |5 | |
69 |33 |3045.48 |14 |13/2- |
69 |33 |3144.4 |8 | |
69 |33 |3220.1 | | |
69 |33 |3257.14 |12 |17/2+ |4.2 PS LT
69 |33 |3263.41 |15 |15/2+ |1.4 PS LT
69 |33 |3302.2 | | |
69 |33 |3346.5 |5 | |
69 |33 |3355.4 | | |
69 |33 |3394.5 |6 | |
69 |33 |3418.64 |13 |15/2- |
69 |33 |3468.8 |7 | |
69 |33 |3507.35 |16 |15/2+ |
69 |33 |3560.9 | | |
69 |33 |3651.5 |10 | |
69 |33 |3660.55 |14 |17/2+ |
69 |33 |3840.39 |15 |17/2+ |
69 |33 |3844.73 |13 |17/2- |
69 |33 |3947.90 |18 |15/2- |
69 |33 |3999.5 |7 | |
69 |33 |4148.38 |15 |17/2+ |
69 |33 |4206.4 | | |
69 |33 |4306.1 |3 |(19/2+) |
69 |33 |4356.34 |22 |19/2- |
69 |33 |4461.33 |13 |21/2+ |5.4 PS 7
69 |33 |4488.87 |15 |19/2- |
69 |33 |4554.14 |12 |19/2- |
69 |33 |4653.04 |19 |21/2- |
69 |33 |4713.3 |3 | |
69 |33 |4847.34 |24 |21/2- |
69 |33 |4880.3 | | |
69 |33 |4929.53 |16 |21/2+ |
69 |33 |5150.0 |7 | |
69 |33 |5152.4 |3 | |
69 |33 |5170.9 |4 | |
69 |33 |5193.33 |19 |25/2+ |6.9 PS 9
69 |33 |5245.75 |18 |23/2- |
69 |33 |5452.5 |5 |23/2- |
69 |33 |5477.4 |6 | |
69 |33 |5679.9 | | |
69 |33 |5711.20 |25 |23/2+ |
69 |33 |5918.4 |3 |25/2- |
69 |33 |5941.14 |15 |25/2+ |
69 |33 |6089.3 |3 |25/2- |
69 |33 |6359.7 |3 |29/2+ |
69 |33 |6369.42 |18 |29/2+ |
69 |33 |6571.6 |4 |27/2- |
69 |33 |6742.2 |6 |27/2- |
69 |33 |6847.32 |19 |25/2+ |
69 |33 |7446.6 |5 |27/2+ |
69 |33 |7448.5 |3 |29/2- |
69 |33 |7519.6 |5 |29/2- |
69 |33 |7614.7 |4 |29/2- |
69 |33 |7627.3 |4 |29/2+ |
69 |33 |7689.92 |16 |27/2+ |
69 |33 |7716.8 |3 |33/2+ |
69 |33 |7896.6 |4 |33/2+ |
69 |33 |8142.9 |5 |31/2- |
69 |33 |8186.0 |6 |31/2- |
69 |33 |8382.4 |4 |29/2+ |
69 |33 |8455.42 |22 |(29/2+) |
69 |33 |8641.7 |4 |33/2- |
69 |33 |9095.5 |4 |(33/2-) |
69 |33 |9393.1 |3 |35/2- |
69 |33 |9472.2 |8 |37/2+ |
69 |33 |9738.7 |6 |35/2- |
69 |33 |9819.4 |5 |37/2+ |
69 |33 |9985.8 |5 |37/2- |
69 |33 |10097.0 |6 |(33/2+) |
69 |33 |10795.88 |20 |(37/2-) |
69 |33 |11180.4 |9 |39/2- |
69 |33 |11434.8 |3 |39/2- |
69 |33 |11551.9 |4 |41/2- |
69 |33 |11977.3 |3 |41/2+ |
69 |33 |12677.3 |9 |(41/2-) |
69 |33 |13325.2 |12 |(43/2-) |
69 |33 |13546.0 |3 |45/2- |
69 |33 |13871.6 |5 |(45/2+) |
69 |33 |14567.1 |10 |(45/2+) |
69 |33 |15765.1 |7 |(49/2+) |
69 |33 |16005.8 |9 |(49/2-) |
69 |33 |18180.8 |8 |(53/2+) |
70 |33 |0.0 | |4+ |52.6 M 3
70 |33 |32.008 |23 |2+ |96 US 3
70 |33 |81.49 |3 |1+ |3 NS LT
70 |33 |166.740 |25 |3+ |6.0 NS 5
70 |33 |167.66 |3 |(2)+ |3 NS LT
70 |33 |234.70 |3 |1+ |1 NS LT
70 |33 |325.61 |3 |2+ |
70 |33 |328.60 |3 |1+ |
70 |33 |344.60 |3 |(0)+ |1 NS LT
70 |33 |383.29 |3 |2- |1 NS LT
70 |33 |390.193 |25 |3+ |1 NS LT
70 |33 |425.29 |6 |(0)+ |
70 |33 |458.12 |3 |1+ |
70 |33 |485.324 |23 |4- |4.1 NS 3
70 |33 |508.82 |6 |3+ |
70 |33 |539.96 |4 |2+ |
70 |33 |566.52 |4 |5(-) |2 NS LT
70 |33 |571.91 |4 |2+ |
70 |33 |581.56 |4 |1+ |
70 |33 |592.48 |4 |1+,2+ |
70 |33 |625.25 |4 |4+ |
70 |33 |641.78 |5 |3+ |
70 |33 |683.93 |7 |(0) |
70 |33 |688.10 |5 |(3+,4+) |
70 |33 |698.85 |4 |3- |
70 |33 |721.86 |4 |(3) |
70 |33 |772.27 |4 |3- |
70 |33 |778.94 |4 |(4) |
70 |33 |815.43 |5 |(3) |
70 |33 |868.91 |6 |6(-) |
70 |33 |887.76 |22 |7(-) |4.5 NS 3
70 |33 |890.43 |5 |1+ |5.5 NS 10
70 |33 |898.27 |6 |(5) |
70 |33 |928.11 |5 |(2,1) |
70 |33 |933.16 |14 | |
70 |33 |938.93 |5 |4(-) |
70 |33 |939.29 |5 |(2,1) |
70 |33 |950.23 |10 |(0) |
70 |33 |966.92 |10 |(5) |
70 |33 |987.76 |9 |(0,3) |
70 |33 |1003.58 |6 |1,2 |
70 |33 |1026.30 |5 |(1-,2) |
70 |33 |1045.87 |10 |6(+) |
70 |33 |1046.38 |6 |(1,2) |
70 |33 |1115.03 |8 |(1,2) |
70 |33 |1454.3 |4 | |
70 |33 |1651.1 |4 |1+ |
70 |33 |1676.11 |20 |8(+) |2 NS LT
70 |33 |1752.21 |23 |9+ |2 NS LT
70 |33 |1774.9 |10 |8- |
70 |33 |1809.4 |3 | |
70 |33 |2467.5 |8 | |
70 |33 |2579.9 |6 |(10+) |
70 |33 |2732.9 |6 |11+ |0.76 PS 21
70 |33 |2888.9 |15 |(10-) |
70 |33 |3129.9 |10 | |
70 |33 |3272.7 |9 | |
70 |33 |3344.9 |10 | |
70 |33 |3513.9 |18 |(11-) |
70 |33 |3691.9 |12 |(12+) |
70 |33 |4022.9 |14 | |
70 |33 |4075.6 |11 | |0.42 PS 7
70 |33 |4204.9 |18 |(12-) |
70 |33 |4787.9 |20 |(13-) |
70 |33 |4901.9 |16 |(14+) |
70 |33 |5591.7 |15 |15+ |
70 |33 |5680.0 |20 |(14-) |
70 |33 |7205.7 |18 |(17+) |
70 |33 |8941.7 |21 |(19+) |
71 |33 |0.0 | |5/2- |65.30 H 7
71 |33 |143.50 |7 |(1/2)- |59 NS 10
71 |33 |147.44 |4 |(3/2)- |0.85 NS 25
71 |33 |506.18 |8 |(3/2)- |
71 |33 |828.64 |13 |(3/2)- |
71 |33 |870.29 |7 |(5/2)- |
71 |33 |924.55 |6 |(7/2-) |2.1 PS 17
71 |33 |977.88 |5 |(3/2-,5/2-) |
71 |33 |990.56 |7 |(3/2,5/2-) |
71 |33 |1000.31 |13 |9/2+ |19.8 NS 3
71 |33 |1007 |5 |1/2-,3/2- |
71 |33 |1129.13 |12 |3/2+,5/2+ |2.1 PS LE
71 |33 |1242.61 |4 |(3/2,5/2)- |
71 |33 |1245.32 |23 |(5/2-) |
71 |33 |1264 |7 |(5/2-,7/2-) |
71 |33 |1284.79 |16 | |
71 |33 |1339.54 |20 |(9/2-) |0.55 NS 17
71 |33 |1394.65 |13 |9/2- |1.4 PS GT
71 |33 |1412.72 |7 |1/2-,3/2- |
71 |33 |1443.12 |6 |(3/2,5/2-) |
71 |33 |1463.08 |8 |(3/2,5/2-) |
71 |33 |1471.22 |12 | |
71 |33 |1488 |4 | |
71 |33 |1534 |4 |1/2+ |
71 |33 |1609 |5 |1/2-,3/2- |
71 |33 |1615.67 |9 |3/2,5/2,7/2(-) |
71 |33 |1714.33 |15 |13/2+ |4.0 PS 4
71 |33 |1728.59 |19 |(7/2-) |
71 |33 |1751.72 |8 |(3/2,5/2-) |
71 |33 |1759.2 |4 |(7/2-) |
71 |33 |1798.21 |14 |(9/2-) |
71 |33 |1816.54 |24 | |
71 |33 |1904.36 |21 |11/2+ |2.1 PS 14
71 |33 |1974 |5 |7/2+,9/2+ |
71 |33 |1981.56 |5 |3/2-,5/2-,7/2- |
71 |33 |2061.8 |3 |(9/2-) |
71 |33 |2100.09 |21 | |
71 |33 |2110.85 |14 |(11/2-) |
71 |33 |2166 |10 |3/2+,5/2+ |
71 |33 |2305 |10 |3/2+,5/2+ |
71 |33 |2360 |5 | |
71 |33 |2369.93 |17 |3/2,5/2,7/2 |
71 |33 |2416.20 |21 |(13/2+) |
71 |33 |2416.5 |5 |(11/2-) |
71 |33 |2429.21 |9 |(3/2,5/2-) |
71 |33 |2469.87 |14 |13/2- |1.4 PS GT
71 |33 |2488 |5 | |
71 |33 |2506.91 |13 |3/2,5/2,7/2(-) |
71 |33 |2526 |10 | |
71 |33 |2657 |5 |3/2+,5/2+ |
71 |33 |2689.24 |18 |17/2+ |0.53 PS 15
71 |33 |2748.6 |3 |(13/2+) |
71 |33 |2793.25 |18 |(15/2+) |21 PS LE
71 |33 |2803 |10 |1/2+ |
71 |33 |2820.0 |5 |(13/2-) |
71 |33 |2892 |10 |1/2+ |
71 |33 |2920.92 |16 |15/2- |
71 |33 |2947 |5 | |
71 |33 |2989.3 |3 | |0.428 NS 35
71 |33 |3119 |10 | |
71 |33 |3172.64 |9 |3/2-,5/2-,7/2- |
71 |33 |3237.4 |3 |(17/2+) |
71 |33 |3260 |10 | |
71 |33 |3262.5 |5 |(15/2-) |
71 |33 |3290.39 |16 |17/2- |1.29 PS 23
71 |33 |3303 |10 |3/2+,5/2+ |
71 |33 |3394 |10 | |
71 |33 |3506 |10 |3/2+,5/2+ |
71 |33 |3602.0 |3 |(17/2+) |
71 |33 |3626 |10 |5/2-,7/2- |
71 |33 |3738.3 |6 |(17/2-) |
71 |33 |3789.32 |25 |21/2+ |0.29 PS 13
71 |33 |3855 |10 | |
71 |33 |3916.91 |19 |19/2- |
71 |33 |3925 |10 |1/2+ |
71 |33 |4070.3 |11 | |
71 |33 |4188.3 |11 |(15/2,17/2,19/2+) |4.2 PS +35-14
71 |33 |4232.5 |6 |(19/2-) |
71 |33 |4233.8 |3 |21/2- |0.59 PS 16
71 |33 |4372.1 |4 |(21/2-) |
71 |33 |4417.4 |3 |(19/2) |
71 |33 |4463.5 |3 |(19/2) |
71 |33 |4764.0 |3 |(21/2) |
71 |33 |4774.1 |6 |(21/2-) |
71 |33 |5022.1 |5 |25/2+ |0.21 PS 7
71 |33 |5073.8 |4 |(23/2-) |
71 |33 |5358.5 |7 |(23/2-) |
71 |33 |5370.9 |6 |25/2- |0.23 PS 8
71 |33 |5823.1 |4 |(23/2-) |1.4 PS GT
71 |33 |5906.5 |5 | |
71 |33 |5982 |5 | |
71 |33 |6015 |5 | |
71 |33 |6150 |5 | |
71 |33 |6270 |5 | |
71 |33 |6360.5 |7 |(29/2+) |
71 |33 |6393 |5 | |
71 |33 |6479 |5 | |
71 |33 |6506 |5 | |
71 |33 |6546 |5 | |
71 |33 |6587 |5 | |
71 |33 |6606 |5 | |
71 |33 |6620.7 |15 | |
71 |33 |6669 |5 | |
71 |33 |6672.3 |6 |29/2- |0.13 PS LT
71 |33 |6762 |5 | |
71 |33 |6824 |5 | |
71 |33 |6867 |5 | |
71 |33 |6889 |5 | |
71 |33 |6922 |5 | |
71 |33 |6984 |5 | |
71 |33 |7000 |5 | |
71 |33 |7018.3 |15 | |
71 |33 |7046 |5 | |
71 |33 |8114.3 |7 |(33/2-) |
71 |33 |8199 |11 |1/2-,3/2- |8 KEV
71 |33 |8381 |11 |1/2+ |7 KEV
71 |33 |8493 |11 |1/2,3/2- |
71 |33 |8693 |11 |1/2+ |35 KEV
71 |33 |8912 |11 |1/2+ |17 KEV
71 |33 |8928 | | |
71 |33 |9049 |11 |1/2+ |12 KEV
71 |33 |9066 | | |
71 |33 |9160 |11 |1/2+ |12 KEV
71 |33 |9352 | |1/2+ |
71 |33 |9524 |11 |3/2- |18 KEV
71 |33 |9559 |11 |1/2+ |17 KEV
71 |33 |9593 |11 |5/2+ |25 KEV
71 |33 |9601 |11 |1/2+ |63 KEV
71 |33 |9617 |11 |1/2+ |28 KEV
71 |33 |9684.4 |8 |(37/2-) |
71 |33 |9686 |11 |5/2+ |21 KEV
71 |33 |9766 | |3/2+,5/2+ |
71 |33 |9909 | |1/2+ |
71 |33 |10062 | |3/2+,5/2+ |
71 |33 |10485 | |1/2+ |
71 |33 |10594 | |1/2+ |
71 |33 |10761 | |3/2+,5/2+ |
71 |33 |10929 | |3/2+,5/2+ |
71 |33 |11037 | |1/2+ |
71 |33 |11126 | |1/2+ |
71 |33 |11816 | |1/2+ |
72 |33 |0 | |2- |26.0 H 1
72 |33 |46.025 |18 |1+ |10.7 NS 3
72 |33 |213.563 |22 |3+ |85 NS 5
72 |33 |288.473 |22 |(2)+ |2 NS 1
72 |33 |309.741 |23 |4- |27 NS 5
72 |33 |318.19 |4 |4+ |27 NS 1
72 |33 |362.82 |4 |5- |
72 |33 |380.13 |4 |0+ |
72 |33 |390.14 |3 |1+,2+ |
72 |33 |414.40 |3 |3- |
72 |33 |438.74 |3 |1+,2+ |
72 |33 |439.88 |3 |3+ |
72 |33 |482.63 |3 |2+ |
72 |33 |501.38 |3 |2+ |
72 |33 |514.19 |4 |(0)+ |
72 |33 |525.33 |3 |3- |
72 |33 |559.00 |3 |4- |
72 |33 |562.85 |8 |7- |87.9 NS 17
72 |33 |565.16 |4 |1-,2- |
72 |33 |565.71 |3 |1+,2+ |
72 |33 |586.42 |4 |1+,2+ |
72 |33 |593.55 |4 |4- |
72 |33 |624.66 |3 |1+,2+ |
72 |33 |644.84 |4 |2+ |
72 |33 |650.16 |3 |3+ |
72 |33 |662.86 |8 |6- |
72 |33 |673.63 |3 |2+ |
72 |33 |708.07 |16 |(5)- |
72 |33 |715.32 |5 |3+ |
72 |33 |729.52 |4 |3- |
72 |33 |732.50 |5 |(0to4)- |
72 |33 |742.71 |16 |4to7 |
72 |33 |744.99 |6 |4-,5-,6- |
72 |33 |746.96 |3 |2+,3+ |
72 |33 |794.26 |5 |(3,4) |
72 |33 |800.27 |3 |1,2 |
72 |33 |801.94 |7 |(4)+ |
72 |33 |806.40 |4 |1,3 |
72 |33 |813.32 |10 |4to6 |
72 |33 |816.77 |4 |1,2 |
72 |33 |828.25 |9 |6+ |
72 |33 |834.20 |12 |6- |
72 |33 |837.66 |5 |(1,2) |
72 |33 |839.91 |7 |4-,5- |
72 |33 |841.46 |4 |(2,3) |
72 |33 |843.79 |3 |1,2 |
72 |33 |866.91 |10 |4- |
72 |33 |981.13 |12 |8+ |402 PS 14
72 |33 |1033.55 |13 |(5)+ |
72 |33 |1179.05 |13 |(7)+ |
72 |33 |1191.1 |7 |4+,5+ |
72 |33 |1346.33 |17 |(7)- |
72 |33 |1401.82 |21 |9+ |
72 |33 |1665.64 |18 |(8)- |
72 |33 |1875.05 |21 |10+ |0.9 PS 3
72 |33 |2133.79 |22 |(9)- |
72 |33 |2307.60 |23 |11+ |0.27 PS 16
72 |33 |2326.4 |4 |(10-) |
72 |33 |2516.92 |24 |(10)- |
72 |33 |2925.0 |4 |(11-) |
72 |33 |3043.9 |3 |(11-) |
72 |33 |3151.2 |3 |12+ |0.22 PS 7
72 |33 |3445.7 |4 |(12)- |
72 |33 |3504.8 |3 |13+ |0.17 PS 5
72 |33 |4777.8 |8 |(15)+ |0.22 PS 7
72 |33 |6088.0 |9 |(17+) |0.29 PS 10
73 |33 |0 | |3/2- |80.30 D 6
73 |33 |67.039 |8 |5/2- |4.95 NS 7
73 |33 |84.340 |25 |(1/2)- |
73 |33 |253.990 |17 |(1/2)- |
73 |33 |393.428 |13 |(3/2)- |
73 |33 |427.906 |21 |9/2+ |5.7 US 2
73 |33 |510.055 |17 |(5/2)+ |
73 |33 |574.57 |3 |(1/2)- |
73 |33 |577.897 |16 |(5/2)- |
73 |33 |628 |5 | |
73 |33 |655.469 |18 |3/2- |
73 |33 |674 |1 | |
73 |33 |715 |10 | |
73 |33 |769.835 |12 |(5/2)- |
73 |33 |850.507 |20 |(5/2)- |
73 |33 |860.544 |14 |(7/2)- |
73 |33 |886.11 |5 |1/2+ |
73 |33 |928.99 |18 |(9/2-) |
73 |33 |993.766 |12 |(7/2)- |0.57 PS +26-18
73 |33 |1013.56 |5 |(1/2-) |
73 |33 |1037.13 |3 |(13/2)+ |8.3 PS 6
73 |33 |1077.75 |5 |(3/2)- |
73 |33 |1086.99 |4 |(5/2)- |0.28 PS +28-12
73 |33 |1178.052 |21 |(7/2) |
73 |33 |1188.76 |10 |(3/2-) |
73 |33 |1216.4 |5 |1/2-,3/2- |
73 |33 |1217.95 |4 |(3/2)+ |
73 |33 |1221.290 |15 |(7/2)- |0.35 PS +10-8
73 |33 |1275.14 |7 |(7/2)+ |
73 |33 |1293.09 |10 |(11/2)+ |
73 |33 |1293.37 |3 |(7/2)+ |
73 |33 |1299.35 |5 |(1/2-,3/2) |
73 |33 |1302.20 |7 |(5/2-) |
73 |33 |1324.195 |24 |(5/2+) |
73 |33 |1328.89 |5 |(7/2,9/2)+ |0.090 PS 21
73 |33 |1344.514 |21 |(7/2)- |
73 |33 |1400.9 |10 | |
73 |33 |1489.46 |20 |(5/2+) |0.29 PS +14-9
73 |33 |1544 |5 | |
73 |33 |1557.28 |9 |(3/2-,5/2,7/2-) |
73 |33 |1588.72 |18 |5/2-,7/2- |
73 |33 |1592.1 |11 |(3/2)- |
73 |33 |1612.76 |17 |5/2-,7/2- |
73 |33 |1649.7 |3 |(1/2,3/2,5/2-) |0.30 PS +16-10
73 |33 |1658.13 |14 |(7/2:11/2-) |
73 |33 |1690 |5 | |
73 |33 |1706 |5 | |
73 |33 |1715.7 |20 | |
73 |33 |1755 |5 | |
73 |33 |1761.55 |13 |(13/2+) |
73 |33 |1796.5 |3 | |
73 |33 |1836 | | |
73 |33 |1850.59 |5 |(9/2)+ |0.27 PS +10-7
73 |33 |1861.1 |11 | |
73 |33 |1876.74 |20 |(1/2:7/2-) |0.065 PS 14
73 |33 |1903.7 |3 |(1/2-:9/2-) |0.26 PS 6
73 |33 |1910.13 |12 |(9/2+,11/2) |
73 |33 |1949.84 |21 |(17/2+) |
73 |33 |1962.23 |17 |(3/2,5/2,7/2) |0.50 PS +15-12
73 |33 |1972.99 |11 |(1/2-,3/2,5/2-) |
73 |33 |1975.41 |11 |(7/2,9/2,11/2+) |
73 |33 |1977.55 |20 |(1/2:7/2-) |0.22 PS 6
73 |33 |1981 |7 |1/2-,3/2- |
73 |33 |1982.50 |13 |5/2- |
73 |33 |2032 |10 |1/2+ |
73 |33 |2039.34 |22 |(13/2-) |
73 |33 |2039.72 |15 |(15/2+) |
73 |33 |2096 |10 | |
73 |33 |2125 |3 | |
73 |33 |2136 |5 |1/2-,3/2- |
73 |33 |2180.66 |10 |(7/2,9/2+) |
73 |33 |2211.59 |18 |(1/2-,3/2,5/2-) |
73 |33 |2239 |5 | |
73 |33 |2311.63 |6 |(7/2,9/2+) |
73 |33 |2377 |5 | |
73 |33 |2386 |10 |3/2+,5/2+ |
73 |33 |2415.40 |22 | |
73 |33 |2436 |10 |3/2+,5/2+ |
73 |33 |2461 |5 | |
73 |33 |2475.49 |20 |(11/2,15/2) |
73 |33 |2482.87 |23 |(7/2,9/2+) |
73 |33 |2484.78 |10 |(3/2-) |
73 |33 |2552 |10 |3/2+,5/2+ |
73 |33 |2584.09 |11 |(7/2,9/2-) |
73 |33 |2605 |10 |1/2+ |
73 |33 |2622.7 |11 | |
73 |33 |2633 |5 | |
73 |33 |2716 |10 |1/2+&amp;(1/2,3/2)- |
73 |33 |2738 |10 | |
73 |33 |2823 |10 |+ |
73 |33 |2847.8 |3 |(17/2-) |
73 |33 |2903 |10 |3/2+,5/2+ |
73 |33 |2931 |15 | |
73 |33 |2965.0 |3 |(21/2+) |
73 |33 |3003 |15 | |
73 |33 |3050.4 |3 | |
73 |33 |3087 |15 | |
73 |33 |3157 |15 |1/2+ |
73 |33 |3203 |15 | |
73 |33 |3257 |15 |5/2-,7/2- |
73 |33 |3294.4 |3 | |
73 |33 |3393 |10 |(1/2+) |
73 |33 |3532 |15 |(-) |
73 |33 |3610 |15 | |
73 |33 |3666 |15 | |
73 |33 |3724 |15 | |
73 |33 |3791 |15 | |
73 |33 |3880 |15 | |
73 |33 |3994 |15 | |
73 |33 |4082.9 |4 | |
73 |33 |4267 |15 | |
73 |33 |4470 |15 | |
73 |33 |4518 |15 | |
73 |33 |4600 |15 | |
73 |33 |4650 |15 |1/2+ |
73 |33 |4712 |15 |3/2+,5/2+ |
73 |33 |4780 |15 | |
73 |33 |4860 |15 | |
73 |33 |4900 |15 |7/2+,9/2+ |
73 |33 |4952 |15 |3/2+,5/2+ |
73 |33 |5010 |15 | |
73 |33 |5070 |15 |1/2+&amp;(3/2,5/2)+ |
73 |33 |5190 |15 |3/2+,5/2+ |
73 |33 |5278 |15 |3/2+,5/2+ |
73 |33 |7861.4 |3 |(1/2-,3/2,5/2-) |
73 |33 |8988 | |(5/2)+ |
73 |33 |9034 | | |
73 |33 |9340 | |(3/2)- |
73 |33 |9364 | | |
73 |33 |9478 | | |
73 |33 |9532 | | |
73 |33 |9634 | | |
73 |33 |9685 | | |
73 |33 |9764 | | |
73 |33 |9818 | | |
73 |33 |9858 | | |
73 |33 |9887 | | |
73 |33 |10016 | |(3/2)- |
73 |33 |10084 | | |
73 |33 |10134 | | |
73 |33 |10203 | | |
73 |33 |10262 | | |
73 |33 |10583 | |1/2+ |
73 |33 |10612 | |(5/2)+ |
73 |33 |10681 | |1/2+ |
74 |33 |0.0 | |2- |17.77 D 2
74 |33 |173.135 |9 |(1)- |
74 |33 |183.055 |9 |(3)- |0.6 NS LE
74 |33 |202.130 |10 |(2)- |
74 |33 |206.558 |8 |(1)+ |
74 |33 |259.187 |13 |(4)+ |26.8 NS 5
74 |33 |267.435 |20 |(3)- |
74 |33 |271.606 |17 |(4)- |1.0 NS 1
74 |33 |278.298 |13 |(3)+ |0.3 NS LT
74 |33 |315.14 |6 |(5) |0.5 NS LT
74 |33 |332.298 |22 |(4)- |
74 |33 |335.28 |6 |(5-) |0.5 NS LT
74 |33 |372.947 |23 |(4)- |
74 |33 |385.141 |16 |(2)- |
74 |33 |422.223 |11 |(1)+ |
74 |33 |425.946 |14 |(2)+ |0.3 NS LT
74 |33 |446.768 |15 |(2)+ |
74 |33 |447.971 |23 |(3)- |
74 |33 |465.33 |3 |(0)+ |
74 |33 |507.211 |25 |(3,4)- |
74 |33 |513.757 |18 |(1)+ |
74 |33 |516.34 |21 |(6) |
74 |33 |527.25 |5 |(4-) |
74 |33 |533.66 |5 |(4)- |
74 |33 |546.88 |21 |(6)- |
74 |33 |552.054 |20 |(2)+ |
74 |33 |586.037 |22 |(2)+ |
74 |33 |595.62 |22 |(7) |
74 |33 |616.93 |5 |(3)- |
74 |33 |626.378 |22 |(1)- |
74 |33 |632.952 |23 |(2)+ |
74 |33 |650.029 |17 |(1)- |
74 |33 |674.40 |11 |(4+,5+) |
74 |33 |683 |5 |(6)- |
74 |33 |686.87 |4 |(3,4)+ |
74 |33 |699.9 |3 |(7) |
74 |33 |701.364 |20 |(1)+ |
74 |33 |715.71 |13 | |
74 |33 |716.234 |22 |(2)- |
74 |33 |719.87 |12 | |
74 |33 |732.19 |4 |(2)+ |
74 |33 |734.18 |13 |(4,5) |
74 |33 |743.498 |18 |(1)- |
74 |33 |746.80 |4 |(3)+ |
74 |33 |753.459 |21 |(1)+ |
74 |33 |754.51 |3 |(2)+ |
74 |33 |756.96 |17 | |
74 |33 |758.84 |3 |(2)- |
74 |33 |776 |5 |(3:6)- |
74 |33 |779.17 |6 |(2) |
74 |33 |781.94 |7 |(3)+ |
74 |33 |784.19 |5 |(3,4)+ |
74 |33 |794.75 |8 |(3,4) |
74 |33 |798.94 |6 |(3) |
74 |33 |802.13 |4 |(2+) |
74 |33 |819.6 |3 | |
74 |33 |823.326 |25 |(1)+ |
74 |33 |831 |5 |(3:6)- |
74 |33 |835.76 |4 |(2+,3+) |
74 |33 |838.26 |14 |(3) |
74 |33 |845 |5 |( 3)+ |
74 |33 |883 |5 | |
74 |33 |895 |5 |( 3)+ |
74 |33 |903.3 |5 |(3,4)- |
74 |33 |922 |5 | |
74 |33 |955 |10 |(1:8)- |
74 |33 |958 |10 |(+) |
74 |33 |1007 |10 |(3:6)- |
74 |33 |1021 |5 |( 3)+ |
74 |33 |1052 |5 | |
74 |33 |1099 |5 | |
74 |33 |1112 |10 |(9)+ |
74 |33 |1129.0 |5 |( 4) |
74 |33 |1159 |5 | |
74 |33 |1174 |5 | |
74 |33 |1207 |5 | |
74 |33 |1230 |5 | |
74 |33 |1265 |5 | |
74 |33 |1300 |5 |( 3)+ |
74 |33 |1332 |5 | |
74 |33 |1372 |5 |(1,2,3)+ |
74 |33 |1400 |5 | |
74 |33 |1431 |5 |( 3)+ |
74 |33 |1471 |10 |(3:6)- |
74 |33 |1530 |10 |(3:6)- |
74 |33 |1627 |10 |(1:8)- |
74 |33 |1676 |15 | |
74 |33 |1755 |10 |(1:8)- |
74 |33 |1875 |10 |( 3)+ |
74 |33 |1913 |10 | |
74 |33 |2061 |10 |( 3)+ |
74 |33 |2108 |10 |(9)+ |
74 |33 |2194 |10 |(1:8)- |
74 |33 |2720 |30 | |
75 |33 |0.0 | |3/2- |STABLE
75 |33 |198.6063 |8 |1/2- |885 PS 30
75 |33 |264.6581 |6 |3/2- |11.2 PS 3
75 |33 |279.5428 |8 |5/2- |273 PS 3
75 |33 |303.9243 |8 |9/2+ |17.62 MS 23
75 |33 |400.6583 |6 |5/2+ |1.67 NS 5
75 |33 |468.74 |17 |1/2- |
75 |33 |572.41 |3 |5/2- |2.9 PS 3
75 |33 |585 |7 |1/2- |
75 |33 |617.68 |4 |1/2-,3/2- |
75 |33 |821.62 |15 |7/2- |3.0 PS 3
75 |33 |860.0 |4 |1/2+ |
75 |33 |865.4 |5 |(3/2-,5/2-) |0.60 PS 5
75 |33 |886.4 |5 | |
75 |33 |1043.4 |6 |7/2- |
75 |33 |1063.3 |5 |3/2- |
75 |33 |1074.5 |7 |3/2- |0.199 PS 13
75 |33 |1080.8 |8 |(5/2+) |
75 |33 |1096.3 |7 |(7/2-) |
75 |33 |1100.2 |6 |(5/2+,7/2-) |
75 |33 |1126.7 |6 |(1/2+) |1.02 PS 11
75 |33 |1127 |6 |1/2-,3/2- |
75 |33 |1172.0 |6 |(1/2-:7/2-) |
75 |33 |1203.5 |6 |3/2- |
75 |33 |1260 |4 | |
75 |33 |1261 |5 |9/2+ |
75 |33 |1302.3 |7 |5/2+ |
75 |33 |1309.5 |4 |7/2- |
75 |33 |1349.4 |6 |3/2- |0.125 PS 22
75 |33 |1370.8 |7 |(3/2-) |0.15 PS 3
75 |33 |1420.2 |5 |(5/2-) |
75 |33 |1430 |8 |9/2+ |
75 |33 |1430.5 |6 |3/2- |
75 |33 |1503.4 |5 |3/2(+) |
75 |33 |1579.8 |7 |1/2- |
75 |33 |1595 |10 |+ |
75 |33 |1606.3 |5 |1/2-,3/2- |
75 |33 |1654.6 |6 |3/2(+) |
75 |33 |1660 |10 |5/2-,7/2- |
75 |33 |1684.2 |5 |(3/2-) |
75 |33 |1687.9 |6 |1/2(-) |
75 |33 |1691 |9 |7/2- |
75 |33 |1765 |7 | |
75 |33 |1808 |2 |9/2+ |
75 |33 |1842 |5 | |
75 |33 |1873.2 |5 |3/2- |
75 |33 |1900.9 |6 |(5/2+) |
75 |33 |1909.2 |7 |1/2+ |
75 |33 |1928 |10 |7/2- |
75 |33 |1942 |10 |1/2-,3/2- |
75 |33 |1987.8 |6 |1/2 |
75 |33 |2001.0 |5 |5/2 |
75 |33 |2009.8 |6 |(5/2) |
75 |33 |2021.3 |6 |(1/2-,3/2+) |
75 |33 |2061 |3 | |
75 |33 |2066.8 |6 |(5/2+) |
75 |33 |2098 | | |
75 |33 |2103.9 |8 |1/2(+) |
75 |33 |2111.1 |5 |3/2- |
75 |33 |2148.2 |6 | |
75 |33 |2159.8 |10 |1/2+ |
75 |33 |2175.8 |10 |1/2 |
75 |33 |2210 |10 |5/2-,7/2- |
75 |33 |2228.0 |7 |1/2-,3/2 |
75 |33 |2237.8 |6 |3/2- |
75 |33 |2258.6 |10 |1/2 |
75 |33 |2296 |5 |5/2-,7/2- |
75 |33 |2303.2 |6 |(3/2-,5/2+) |
75 |33 |2326.6 |16 | |
75 |33 |2358.2 |18 | |
75 |33 |2379.6 |6 |3/2- |
75 |33 |2419.0 |20 | |
75 |33 |2446 |10 |1/2-,3/2- |
75 |33 |2469 |5 | |
75 |33 |2485 |10 |1/2-,3/2- |
75 |33 |2503.5 |6 |(1/2-,3/2,5/2+) |
75 |33 |2508.2 |6 |(5/2+) |
75 |33 |2528 |10 | |
75 |33 |2570.9 |6 |(5/2+) |
75 |33 |2595 |5 | |
75 |33 |2608.9 |20 | |
75 |33 |2663 |4 | |
75 |33 |2683 | | |
75 |33 |2798 |5 | |
75 |33 |2920 |5 | |
75 |33 |2938 |4 | |
75 |33 |3046 |10 |1/2-,3/2- |
75 |33 |3099 |10 |(1/2-,3/2-) |
75 |33 |3152 |10 |(1/2-,3/2,5/2+) |
75 |33 |3222 |15 |1/2-,3/2- |
75 |33 |3308 |10 | |
75 |33 |3355 |10 | |
75 |33 |3414 |15 | |
75 |33 |3460 |15 | |
75 |33 |3565 |15 |(1/2-,3/2-) |
75 |33 |3608 |10 |(3/2+,5/2+) |
75 |33 |3716 |10 |(1/2-,3/2,5/2+) |
75 |33 |3778 |10 |(1/2-,3/2,5/2+) |
75 |33 |3869 |10 |(1/2-,3/2,5/2+) |
75 |33 |3906 |10 | |
75 |33 |7645.4 |10 |1/2(+) |1.3 FS 4
75 |33 |9399 | | |
75 |33 |10421 |3 |(1/2-) |
75 |33 |10639 |3 |(9/2+) |
75 |33 |10668 |3 |(1/2-) |
75 |33 |10999 |3 |(3/2-) |
75 |33 |11027 |3 |(3/2+) |
75 |33 |11092 | | |
75 |33 |11118 | |(1/2+) |
75 |33 |11334 |3 |(1/2-) |
75 |33 |11570 | |(3/2-) |
75 |33 |11842 |3 |(5/2+) |
75 |33 |11871 | | |
75 |33 |11884 |3 | |
75 |33 |11958 |3 | |
75 |33 |12108 | | |
75 |33 |12273 | | |
75 |33 |12411 | | |
75 |33 |12657 | | |
75 |33 |12782 | | |
75 |33 |12953 | | |
75 |33 |13068 | | |
75 |33 |13282 | | |
76 |33 |0.0 | |2- |26.24 H 9
76 |33 |44.425 |1 |(1)+ |1.84 US 6
76 |33 |86.787 |1 |(1)+ |
76 |33 |120.258 |1 |(1)+ |
76 |33 |122.248 |1 |(1)- |
76 |33 |165.048 |1 |(3)- |
76 |33 |203.542 |1 |(0,1)+ |
76 |33 |211.146 |1 |(4)- |
76 |33 |264.807 |1 |(1,2)+ |
76 |33 |280.302 |1 |(1,2)+ |
76 |33 |286.017 |1 |(3,4)- |
76 |33 |292.557 |2 |(2,3,4)- |
76 |33 |300.460 |1 |(2,3) |
76 |33 |308.319 |1 |(2)+ |
76 |33 |328.478 |1 |(3,4)- |
76 |33 |352.361 |2 |(3)- |
76 |33 |363.906 |1 |(1-,2-) |
76 |33 |366.228 |1 |(2to5) |
76 |33 |377.383 |1 |(2,3,4)- |
76 |33 |401.833 |1 |(1,2)+ |
76 |33 |436.802 |1 |(1,2,3)- |
76 |33 |447.170 |2 |(1,2)+ |
76 |33 |457.349 |2 |(2-,3) |
76 |33 |460.2 |2 | |
76 |33 |471.000 |1 |(2)- |
76 |33 |479.295 |2 |(2to5)- |
76 |33 |499.580 |2 |(1+,2+) |
76 |33 |505.204 |2 |(2,3)+ |
76 |33 |508.687 |1 |(2to6)- |
76 |33 |517.579 |1 |(1+,2+) |
76 |33 |519.608 |2 |(1-,2,3+) |
76 |33 |544.023 |2 |(2,3)- |
76 |33 |550.435 |2 |(1-,2-) |
76 |33 |553.5 |2 |(1,2,3) |
76 |33 |600.2 |3 |( 3) |
76 |33 |609.970 |4 |(1,2,3+) |
76 |33 |624.6 |3 |( 4) |
76 |33 |628.744 |1 |(1,2,3-) |
76 |33 |637.249 |3 |(1+,2+) |
76 |33 |640.122 |10 |(1-,2-) |
76 |33 |669.115 |4 |(1+,2+) |
76 |33 |681.0 |7 |( 4) |
76 |33 |686.128 |4 |(1to4) |
76 |33 |703.248 |5 |(1to4) |
76 |33 |707.94 |8 |( 3) |
76 |33 |715.8 |9 |(1,2,3)+ |
76 |33 |727.82 |5 |( 3) |
76 |33 |734.390 |2 |( 4)- |
76 |33 |741.458 |9 |( 3) |
76 |33 |742.9 |8 |( 4) |
76 |33 |744.945 |4 |(1+,2+) |
76 |33 |751.8 |4 |(0-,1,2) |
76 |33 |756.574 |2 |(0+,3+) |
76 |33 |774.408 |7 |(1,2,3)+ |
76 |33 |785.833 |5 |( 3) |
76 |33 |793.570 |3 |(1,2,3)+ |
76 |33 |802.452 |10 |(1-,2-,3+) |
76 |33 |863.35 |13 |(1,2,3)+ |
76 |33 |893.811 |8 |(1-,2-,3+) |
76 |33 |909.125 |11 |(1,2)+ |
76 |33 |924.756 |8 |( 3-) |
76 |33 |935.376 |8 |( 3) |
76 |33 |939.750 |5 |(1,2,3) |
76 |33 |947.90 |24 |( 3) |
76 |33 |958.393 |4 |( 3) |
76 |33 |964.1 |3 |( 3) |
76 |33 |970.98 |8 |( 3) |
76 |33 |985.526 |12 |(1,2,3)+ |
76 |33 |1013.8 |6 |( 3) |
76 |33 |1023.17 |4 |(1+,2+) |
76 |33 |1026.2 |6 |(1+,2+) |
76 |33 |1034.206 |10 |(1,2,3)+ |
76 |33 |1064.485 |7 |(1+,2+) |
76 |33 |1089.9 |5 |( 3) |
76 |33 |1097.30 |5 |( 3) |
76 |33 |1105.48 |4 |( 3) |
76 |33 |1124.98 |6 |( 3) |
76 |33 |1148.40 |6 |( 3) |
76 |33 |1156.56 |14 |( 3-) |
76 |33 |1185.75 |4 |( 3) |
76 |33 |1201.97 |20 |( 3) |
76 |33 |1230 |10 | |
76 |33 |1244.70 |19 |( 3) |
76 |33 |1260.10 |23 |( 3) |
76 |33 |1269.07 |4 |( 3-) |
76 |33 |1301.03 |4 |( 3) |
76 |33 |1309.38 |17 |( 3) |
76 |33 |1314.55 |12 |( 3) |
76 |33 |1322.21 |7 |( 3) |
76 |33 |1341.89 |4 |( 3) |
76 |33 |1352.37 |8 |( 3) |
76 |33 |1358.43 |7 |( 3) |
76 |33 |1369.3 |4 |( 3) |
76 |33 |1385.59 |14 |( 3) |
76 |33 |1397.34 |14 |( 3) |
76 |33 |1404.0 |3 |( 3) |
76 |33 |1422.32 |13 |( 3) |
76 |33 |1443.84 |5 |( 3) |
76 |33 |1450.87 |9 |( 3) |
76 |33 |1458.89 |9 |( 3) |
76 |33 |1473.65 |20 |( 3) |
76 |33 |1477.7 |4 |( 3) |
76 |33 |1494.35 |10 |( 3) |
76 |33 |1498.9 |11 |( 3) |
76 |33 |1512.18 |7 |( 3) |
76 |33 |1520.2 |3 |( 3) |
76 |33 |1524.8 |3 |( 3) |
76 |33 |1541.74 |4 |( 3) |
76 |33 |1550.45 |5 |( 3) |
76 |33 |1571.34 |4 |( 3) |
76 |33 |1584.0 |3 |( 3) |
76 |33 |1597.6 |6 |( 3) |
76 |33 |1605.17 |10 |( 3) |
76 |33 |1630.52 |5 |( 3) |
76 |33 |1638.03 |5 |( 3) |
76 |33 |1644.37 |6 |( 3) |
76 |33 |1652.67 |4 |( 3) |
76 |33 |1664.75 |4 |( 3) |
76 |33 |1673.34 |9 |( 3) |
76 |33 |1682.81 |12 |( 3) |
76 |33 |1694.6 |5 |( 3) |
76 |33 |1699.03 |11 |( 3) |
76 |33 |1704.32 |19 |( 3) |
76 |33 |1713.58 |20 |( 3) |
76 |33 |1715.6 |6 |( 3) |
76 |33 |1727.19 |10 |( 3) |
76 |33 |1748.36 |5 |( 3) |
76 |33 |1759.58 |7 |( 3) |
76 |33 |1782.53 |13 |( 3) |
76 |33 |1788.10 |23 |( 3) |
76 |33 |1794.62 |4 |( 3) |
76 |33 |1801.55 |18 |( 3) |
76 |33 |1821 |10 | |
76 |33 |1830 |10 | |
76 |33 |1849 |10 | |
76 |33 |1872 |10 |(1-,2-) |
76 |33 |1885 |10 |(1-,2-) |
76 |33 |1928 |10 | |
76 |33 |1960 |10 | |
76 |33 |1988 |10 | |
76 |33 |2004 |10 | |
76 |33 |2032 |10 | |
76 |33 |2067 |10 | |
76 |33 |2114 |10 | |
76 |33 |2136 |10 | |
76 |33 |2147 |10 | |
76 |33 |2206 |10 | |
76 |33 |2239 |10 | |
76 |33 |2272 |10 | |
76 |33 |2306 |10 | |
76 |33 |2338 |10 | |
76 |33 |2366 |10 | |
76 |33 |2392 |10 | |
76 |33 |2419 |10 | |
76 |33 |2446 |10 | |
76 |33 |2485 |10 | |
76 |33 |2505 |10 | |
77 |33 |0.0 | |3/2- |38.79 H 5
77 |33 |194.71 |6 |3/2- |7.4 NS 3
77 |33 |215.54 |3 |3/2- |0.3 NS LT
77 |33 |264.426 |20 |5/2- |304 PS 3
77 |33 |475.48 |4 |9/2+ |114.0 US 25
77 |33 |503.88 |17 |1/2- |
77 |33 |614.48 |4 |3/2- |
77 |33 |631.88 |3 |5/2+ |60 PS 6
77 |33 |634.47 |5 |5/2+,7/2- |
77 |33 |784.70 |4 |7/2- |
77 |33 |875.22 |5 |3/2-,5/2+ |
77 |33 |889.02 |6 |3/2-,5/2,7/2- |
77 |33 |1008 |10 |(1/2-,3/2-) |
77 |33 |1048.36 |18 |(13/2+) |
77 |33 |1052 |4 |1/2-,3/2- |
77 |33 |1058.66 |8 |(9/2-) |
77 |33 |1158 |5 |1/2+ |
77 |33 |1165.00 |9 |5/2- |
77 |33 |1189.83 |4 |7/2- |0.2 NS LT
77 |33 |1201.41 |6 |1/2+ |
77 |33 |1221.30 |7 |(11/2+) |
77 |33 |1279.99 |9 |( 7/2) |
77 |33 |1319.76 |6 |7/2- |
77 |33 |1345.19 |7 |(3/2-,5/2,7/2-) |
77 |33 |1350.29 |13 |(3/2-,5/2,7/2-) |
77 |33 |1397.65 |25 |(5/2-,7/2-) |
77 |33 |1398.70 |5 |(7/2+) |
77 |33 |1457.75 |5 |(5/2,7/2-) |
77 |33 |1528.33 |4 |5/2+ |
77 |33 |1538.86 |6 |(1/2+,3/2,5/2+) |
77 |33 |1560.46 |5 |5/2+ |0.1 NS LT
77 |33 |1573.77 |5 |(3/2-,5/2,7/2-) |
77 |33 |1604.67 |8 |1/2-,3/2- |
77 |33 |1617 |5 |1/2-,3/2- |
77 |33 |1654 |5 |1/2-,3/2- |
77 |33 |1654 |5 |7/2+,9/2+ |
77 |33 |1676.46 |12 |1/2-,3/2- |
77 |33 |1732.80 |9 |(3/2-,5/2+) |
77 |33 |1736.81 |21 |(13/2+) |
77 |33 |1760 |10 | |
77 |33 |1837.73 |12 |( 7/2) |
77 |33 |1888.43 |23 |(15/2+) |
77 |33 |1929.9 |4 | |
77 |33 |1971.17 |6 |7/2+,9/2+ |
77 |33 |2000.19 |4 |5/2+ |
77 |33 |2000.4 |3 |(17/2+) |
77 |33 |2110.94 |5 |5/2+ |
77 |33 |2123.7 |10 | |
77 |33 |2195.8 |3 |1/2- |
77 |33 |2335 |10 |1/2-,3/2- |
77 |33 |2341.75 |4 |(5/2)+ |
77 |33 |2354.21 |5 |(7/2-) |
77 |33 |2372 | |(3/2+,5/2+) |
77 |33 |2424.53 |9 |(7/2-) |
77 |33 |2463.3 |3 |(5/2,7/2,9/2+) |
77 |33 |2512.8 |3 | |
77 |33 |2513.47 |8 |(7/2)+ |
77 |33 |2543.96 |8 |(5/2,7/2-) |
77 |33 |2544 |6 |1/2-,3/2- |
77 |33 |2585.0 |4 |(13/2-) |
77 |33 |2623 |10 |1/2-,3/2- |
77 |33 |2623 |10 |7/2+,9/2+ |
77 |33 |2655 |5 |1/2-,3/2- |
77 |33 |2745.3 |4 |(15/2-) |
77 |33 |2750 |10 |3/2+,5/2+ |
77 |33 |2846 |10 | |
77 |33 |2934 |10 |(3/2:9/2)+ |
77 |33 |3002.8 |4 |(17/2-) |
77 |33 |3009 |5 |(5/2-,7/2,9/2+) |
77 |33 |3086 |10 | |
77 |33 |3118 |5 |(3/2+,5/2+) |
77 |33 |3151.0 |4 |(21/2+) |
77 |33 |3190 |10 | |
77 |33 |3258 |10 | |
77 |33 |3312 |10 |3/2+,5/2+ |
77 |33 |3363.7 |5 |(19/2-) |
77 |33 |3376 |10 | |
77 |33 |3483 |10 |1/2+ |
77 |33 |3559 |10 |1/2-,3/2- |
77 |33 |3593 |10 |1/2+&amp;3/2+,5/2+ |
77 |33 |3633 |15 |1/2+ |
77 |33 |3676 |15 |1/2+&amp;7/2+,9/2+ |
77 |33 |3742 |15 |1/2+ |
77 |33 |3770 |15 |(3/2:9/2)+ |
77 |33 |3835 |15 |1/2+&amp;7/2,9/2+ |
77 |33 |3855.7 |5 |(21/2-) |
77 |33 |3885 |15 |1/2+&amp;1/2-,3/2- |
77 |33 |3960 |15 |1/2+&amp;3/2+,5/2+ |
77 |33 |4022 |20 |1/2+ |
77 |33 |4102 |20 |3/2+,5/2+ |
77 |33 |4192 |20 |(1/2:9/2) |
77 |33 |4325 |20 |1/2+&amp;3/2+,5/2+ |
77 |33 |4456.3 |7 |(25/2+) |
77 |33 |12070 |7 |(1/2-) |
77 |33 |12128 |7 |(9/2+) |
77 |33 |12426 |5 |(5/2+) |
77 |33 |12544 |5 |(3/2-) |
77 |33 |12804 |5 |(5/2+) |
77 |33 |12924 |5 | |
77 |33 |13094 |14 | |
77 |33 |13243 |9 | |
77 |33 |13439 |12 |(1/2+) |
77 |33 |13697 |12 | |
78 |33 |0.0 | |2- |90.7 M 2
78 |33 |184.5 |3 |(3-) |
78 |33 |211.7 |3 |(4-) |3.9 NS 8
78 |33 |277.3 |3 |1+ |
78 |33 |293.9 |5 |1+ |
78 |33 |364.7 |3 |(5-) |3.0 NS 6
78 |33 |371.9 |4 |(4+) |0.90 NS 28
78 |33 |439.4 |3 |(5-) |
78 |33 |459 |4 | |
78 |33 |504 |3 |0-,1-,2- |
78 |33 |536 |4 |1+ |
78 |33 |567.6 |3 |(5+) |0.69 NS LT
78 |33 |617 |5 |0-,1-,2- |
78 |33 |622.1 |4 |(6+) |
78 |33 |664 |6 | |
78 |33 |735.7 |5 | |
78 |33 |750.0 |5 |(7+) |
78 |33 |752 |6 |0-,1-,2- |
78 |33 |758.4 |4 |(6-) |
78 |33 |848 |6 |(0-,1-,2-) |
78 |33 |891 |7 | |
78 |33 |939 |9 | |
78 |33 |967 |14 |1+ |
78 |33 |1007.6 |6 |(8+) |
78 |33 |1072 |4 |1+ |
78 |33 |1105.0 |5 | |
78 |33 |1131 |7 | |
78 |33 |1178 |13 | |
78 |33 |1273 |10 | |
78 |33 |1355 |30 | |
78 |33 |1428 |20 | |
78 |33 |1480 |20 | |
78 |33 |1503.4 |7 |(9+) |
78 |33 |1558 |20 | |
78 |33 |1626 |20 | |
78 |33 |1710 |25 | |
78 |33 |1757 |30 | |
78 |33 |1875 |30 | |
78 |33 |1973 |20 | |
78 |33 |2024.0 |7 |(10+) |
78 |33 |2068 |20 | |
78 |33 |2285 |20 | |
78 |33 |2383 |30 | |
79 |33 |0.0 | |3/2- |9.01 M 15
79 |33 |100.45 |5 |(1/2-) |
79 |33 |109.58 |4 |(3/2)- |
79 |33 |230.57 |4 |(5/2)- |
79 |33 |499 |2 |(1/2)- |
79 |33 |603.69 |4 |(1/2,3/2) |
79 |33 |634.06 |4 |(5/2,7/2) |
79 |33 |772.81 |6 |(9/2)+ |0.87 US 6
79 |33 |875.16 |4 |( 7/2) |
79 |33 |1012.03 |8 |(5/2+) |
79 |33 |1016 |5 |(3/2)- |
79 |33 |1048 |4 |(1/2)- |
79 |33 |1143 |3 |(5/2)- |
79 |33 |1411.98 |6 | |
79 |33 |1434 |4 | |
79 |33 |1490.23 |8 | |
79 |33 |1496.89 |10 |(5/2+,7/2+,9/2+) |
79 |33 |1505.96 |5 |(3/2)- |
79 |33 |1517.89 |8 | |
79 |33 |1710 |6 | |
79 |33 |1811 |5 |(9/2)+ |
79 |33 |1869.42 |6 |(1/2-,3/2-) |
79 |33 |1890.36 |5 |(5/2+,7/2+,9/2+) |
79 |33 |1895 |4 |(1/2)- |
79 |33 |1942 |8 | |
79 |33 |1964.84 |9 |(9/2)+ |
79 |33 |2056 |4 |(3/2)- |
79 |33 |2128 |10 |(1/2+) |
79 |33 |2219 |7 | |
79 |33 |2329 |13 | |
79 |33 |2553 |3 |1/2+ |
79 |33 |2636 |13 |1/2+ |
79 |33 |2835 |9 | |
79 |33 |2945 |13 | |
79 |33 |3071 |10 |(5/2)- |
79 |33 |3166 |10 | |
79 |33 |3332 |8 | |
79 |33 |3479 |10 | |
80 |33 |0.0 | |1+ |15.2 S 2
80 |33 |243 |10 | |
80 |33 |265.35 |6 |1+ |
80 |33 |310.65 |6 |( 3) |
80 |33 |360.82 |5 |( 3) |
80 |33 |470 |15 | |
80 |33 |517 |15 | |
80 |33 |649 |15 | |
80 |33 |680.26 |5 |1+ |
80 |33 |805 |20 | |
80 |33 |910 |20 | |
80 |33 |937.05 |6 |1+ |
80 |33 |949 |20 | |
80 |33 |1045 |20 | |
80 |33 |1170 |20 | |
80 |33 |1270 |30 | |
80 |33 |1310 |30 | |
80 |33 |1385 |30 | |
80 |33 |1494 |25 | |
80 |33 |1616 |25 | |
80 |33 |1690 |25 | |
80 |33 |1790 |25 | |
80 |33 |1873.1 |2 |1+ |
81 |33 |0 | |3/2- |33.3 S 8
81 |33 |93.10 |5 |1/2-,3/2-,5/2- |
81 |33 |290.40 |4 |(3/2)- |
81 |33 |335.96 |4 |(5/2)- |0.7 NS LT
81 |33 |737.72 |4 |(5/2-) |
81 |33 |757 |9 |7/2+,9/2+ |
81 |33 |758.42 |7 |(3/2+,5/2-) |
81 |33 |864.27 |15 | |
81 |33 |1015 |4 |1/2-,3/2- |
81 |33 |1042.00 |7 |(7/2-) |
81 |33 |1083.39 |9 |(3/2+,5/2,7/2-) |
81 |33 |1128.98 |8 |(7/2,9/2-) |
81 |33 |1195.04 |9 | |
81 |33 |1496 |5 |1/2-,3/2- |
81 |33 |1613.55 |10 | |
81 |33 |1614 |4 |1/2+ |
81 |33 |1672 |4 |(5/2-,7/2-) |
81 |33 |1870.0 |4 |(1/2,3/2) |
81 |33 |1879 |8 |7/2+,9/2+ |
81 |33 |1914.95 |15 |(7/2,9/2-) |
81 |33 |2077 |13 |(-) |
81 |33 |2142.10 |10 |(7/2+,9/2+) |
81 |33 |2250.87 |23 | |
81 |33 |2518 |AP | |
81 |33 |2624.53 |7 |(7/2+) |
81 |33 |2723 |9 |1/2-,3/2- |
81 |33 |2758.28 |9 |(7/2+,9/2+,11/2+) |
81 |33 |2862.47 |17 |(1/2-,3/2) |
81 |33 |2912.07 |16 |(3/2-) |
81 |33 |2965.92 |10 |(7/2+) |
81 |33 |2999 |3 |1/2-,3/2- |
81 |33 |3098 |6 |5/2-,7/2- |
81 |33 |3136.27 |13 |(3/2+) |
81 |33 |3195.44 |19 |(3/2+) |
81 |33 |3290.4 | |(7/2+,9/2+,11/2+) |
81 |33 |3306 |9 | |
81 |33 |3368.4 |3 |(1/2,3/2) |
81 |33 |3480 |7 |1/2+ |
81 |33 |3531.1 |10 |(1/2-,3/2) |
81 |33 |3562.73 |15 |(1/2+,3/2+) |
81 |33 |3596 |12 |1/2+ |
81 |33 |3742 |9 | |
81 |33 |3818 |12 |1/2-,3/2- |
81 |33 |3914 |8 |(1/2+,5/2-,7/2-) |
81 |33 |3995 |7 |(1/2+,5/2-,7/2-) |
82 |33 |0 | |(1+) |19.1 S 5
82 |33 |0+X | |(5-) |13.6 S 4
82 |33 |124+X |15 | |
82 |33 |214+X |15 | |
82 |33 |340+X |15 | |
82 |33 |535+X |20 | |
82 |33 |559+X |20 | |
82 |33 |600+X |20 | |
82 |33 |700+X |25 | |
82 |33 |818+X |20 | |
82 |33 |843.19 |4 | |
82 |33 |912+X |25 | |
82 |33 |1091.97 |4 | |
83 |33 |0.0 | |(5/2-) |13.4 S 4
83 |33 |306.51 |4 |(3/2-) |
83 |33 |711.67 |5 | |
83 |33 |1193.70 |10 | |
83 |33 |1196.53 |14 | |
83 |33 |1256.76 |9 | |
83 |33 |1329.87 |10 | |
83 |33 |1415.11 |10 | |
83 |33 |1434.92 |9 | |
83 |33 |1525.48 |13 | |
83 |33 |1543.41 |15 |(9/2) |
83 |33 |1804.78 |11 | |
83 |33 |1866.21 |25 |(11/2) |
83 |33 |1977.86 |18 | |
83 |33 |2222.89 |21 | |
83 |33 |2777.3 |4 | |
83 |33 |3093.9 |3 |(13/2) |
83 |33 |3100.2 |3 | |
83 |33 |3206.4 |5 | |
83 |33 |3456.7 |5 |(15/2) |
83 |33 |3522.6 |3 | |
83 |33 |3733.5 |4 | |
83 |33 |3956.5 |3 | |
83 |33 |3999.7 |4 | |
83 |33 |4030.6 |5 | |
83 |33 |4130.11 |23 | |
83 |33 |4191.5 |4 | |
83 |33 |4221.2 |4 | |
83 |33 |4228.3 |4 | |
83 |33 |4364.4 |5 | |
83 |33 |4405.7 |3 | |
83 |33 |4434.1 |3 | |
83 |33 |4841.8 |7 | |
84 |33 |0.0 | |(3-) |4.2 S 5
84 |33 |99.9 |3 | |
84 |33 |142.6 |4 | |
84 |33 |242.4 |3 | |
84 |33 |589.5 |7 | |
84 |33 |1198.3 |9 | |
85 |33 |0 | |(3/2-) |2.021 S 12
86 |33 |0.0 | | |0.945 S 8
87 |33 |0.0 | |(3/2-) |0.56 S 8
88 |33 |0.0 | | |0.20 S +20-9
89 |33 |0 | | |300 NS GT
90 |33 |0 | | |300 NS GT
91 |33 |0.0 | | |
92 |33 |0.0 | | |
