64 |34 |0 | |0+ |180 NS GT
65 |34 |0.0 | |(3/2-) |33 MS 4
66 |34 |0.0 | |0+ |42 MS 12
66 |34 |929 |7 |(2+) |
67 |34 |0 | | |136 MS 12
68 |34 |0 | |0+ |35.5 S 7
68 |34 |853.75 |21 |2+ |2.8 PS 4
68 |34 |1196.7 |10 |(2+) |
68 |34 |1593.9 |5 |2+ |
68 |34 |1942.1 |3 |4+ |
68 |34 |2433.3 |8 | |
68 |34 |2545.1 |4 |4+ |
68 |34 |2766.0 |9 |(6+) |
68 |34 |3073.5 |8 | |
68 |34 |3303.7 |4 |6+ |
68 |34 |3571.2 |8 |(5-) |
68 |34 |3705.7 |4 |6+ |
68 |34 |4198.5 |10 |(7-) |
68 |34 |4752.3 |4 |8+ |
68 |34 |4870.7 |11 |8+ |
68 |34 |5959.7 |5 |10+ |
68 |34 |6603.8 |15 |10+ |
68 |34 |7331.8 |6 |12+ |
68 |34 |8823.7 |7 |14+ |
68 |34 |9871.4 |8 |16+ |
68 |34 |11040.0 |9 |18+ |
68 |34 |12797.1 |10 |(20+) |
68 |34 |15185.2 |22 |(22+) |
68 |34 |18075 |4 |(24+) |
68 |34 |21201 |5 |(26+) |
69 |34 |0.0 | |1/2- |27.4 S 2
69 |34 |38.85 |22 |5/2- |2.0 US 2
69 |34 |129.12 |20 |3/2- |
69 |34 |289.91 |24 |3/2- |
69 |34 |574.0 |4 |9/2+ |960 NS 23
69 |34 |712.58 |25 |5/2- |
69 |34 |915.0 |3 |7/2- |
69 |34 |1100.7 |4 |9/2- |
69 |34 |1122.94 |23 |7/2- |
69 |34 |1134.13 |25 |5/2- |
69 |34 |1194.0 |3 |9/2- |
69 |34 |1250.1 |3 |11/2+ |
69 |34 |1361.0 |4 |9/2+ |
69 |34 |1653.4 |4 |13/2+ |
69 |34 |2023.2 |4 |13/2+ |
69 |34 |2079.08 |24 |9/2- |
69 |34 |2158.8 |3 |(9/2-) |
69 |34 |2399.0 |3 |11/2- |
69 |34 |2434.1 |3 |11/2- |
69 |34 |2492.4 |4 |15/2+ |
69 |34 |2580.3 |4 |13/2+ |
69 |34 |2618.2 |4 |13/2- |
69 |34 |2899.4 |4 |17/2+ |
69 |34 |2935.2 |5 |13/2- |
69 |34 |2980.0 |3 |13/2- |
69 |34 |3206.2 |3 |15/2- |
69 |34 |3226.4 |4 |17/2+ |
69 |34 |3497.9 |4 |17/2+ |
69 |34 |3576.4 |4 |17/2+ |
69 |34 |3618.1 |3 |(17/2-) |
69 |34 |3674.3 |4 |19/2- |
69 |34 |3723.3 |4 |17/2- |
69 |34 |4005.5 |5 |(19/2+) |
69 |34 |4255.1 |5 |21/2+ |
69 |34 |4272.3 |4 |21/2- |
69 |34 |4389.1 |5 |23/2- |
69 |34 |4436.4 |5 |23/2- |
69 |34 |5257.3 |6 |(25/2+) |
69 |34 |5387.2 |5 |(25/2-) |
69 |34 |5437.5 |6 |25/2+ |
69 |34 |5830.2 |6 |25/2+ |
69 |34 |6149.0 |5 |(27/2-) |
69 |34 |6467.3 |6 |(29/2-) |
69 |34 |6476.7 |7 |(29/2+) |
69 |34 |6567.7 |6 |29/2+ |
69 |34 |6888.5 |5 |(29/2-) |
69 |34 |7103.7 |6 |(29/2+) |
69 |34 |7684.7 |7 |(33/2-) |
69 |34 |8034.5 |8 |(33/2+) |
69 |34 |8044.8 |6 |(33/2-) |
69 |34 |8059.2 |6 |(31/2-) |
69 |34 |8493.5 |7 |(33/2+) |
69 |34 |9008.4 |8 |(37/2-) |
69 |34 |9713.7 |9 |(37/2+) |
69 |34 |9956.7 |7 |(37/2-) |
69 |34 |10414.8 |9 |(41/2-) |
69 |34 |11382.1 |12 |(41/2+) |
69 |34 |13362.7 |15 |(45/2+) |
70 |34 |0.0 | |0+ |41.1 M 3
70 |34 |944.52 |5 |2+ |1.0 PS 2
70 |34 |1599.9 |4 |2+ |3.3 PS 9
70 |34 |2011.2 |10 |(0+) |
70 |34 |2038.1 |7 |4+ |1.0 PS 2
70 |34 |2382.6 |4 |4+ |12 PS LT
70 |34 |2517.9 |7 |3(-) |4.2 PS 6
70 |34 |2553.1 |10 |(4+) |
70 |34 |3002.3 |6 |6+ |2.7 PS 6
70 |34 |3139.6 |3 | |
70 |34 |3218.5 |6 |(6+) |
70 |34 |3356.5 |11 |(6+) |
70 |34 |3386.6 |6 |5(-) |6.1 PS 17
70 |34 |3523.2 |7 |(5-) |9 PS LT
70 |34 |3644 |10 |(6+) |
70 |34 |3788.0 |7 |(6-) |
70 |34 |3914.6 |6 |7- |15 PS LT
70 |34 |4036.8 |7 |8+ |4 PS LT
70 |34 |4187.5 |9 |(8+) |
70 |34 |4323.7 |10 |(7-) |
70 |34 |4409.9 |7 |(8-) |
70 |34 |4606.1 |7 |8+ |
70 |34 |4895.9 |7 |(9-) |
70 |34 |4954.1 |13 |(9) |
70 |34 |5204.9 |7 |10+ |
70 |34 |5208.2 |7 |(9-) |
70 |34 |5308.2 |11 |(10+) |
70 |34 |5692.4 |7 |10+ |
70 |34 |5804.6 |7 |(11-) |
70 |34 |6016.1 |16 | |
70 |34 |6489.1 |7 |(11-) |
70 |34 |6509.4 |7 |12+ |
70 |34 |6602 |6 |(12+) |
70 |34 |6873.8 |12 |(13-) |
70 |34 |6956.0 |7 |12+ |
70 |34 |7304.9 |10 |(13-) |1.6 NS 2
70 |34 |7553.1 |8 |(13-) |
70 |34 |7940.0 |7 |(14+) |
70 |34 |8018.5 |13 |(15-) |
70 |34 |8029 |6 |(14+) |
70 |34 |8315.4 |7 |14+ |
70 |34 |8348.6 |14 |(14,15-) |
70 |34 |8770.9 |9 |(15-) |
70 |34 |9429.4 |7 |16+ |
70 |34 |9495.3 |7 |(16+) |
70 |34 |9625.0 |13 |(17-) |
70 |34 |10083.2 |9 |(17-) |
70 |34 |10645.3 |7 |(18+) |
70 |34 |11119.6 |10 |(18+) |
70 |34 |11267.6 |12 |(18+) |
70 |34 |11533.1 |15 |(19-) |
70 |34 |11777.7 |13 |(19-) |
70 |34 |12266.8 |8 |(20+) |
70 |34 |13159.6 |16 |(20+) |
70 |34 |13182.3 |15 |(21-) |
70 |34 |13726.1 |14 |(21-) |
70 |34 |14256.9 |12 |(22+) |
70 |34 |15252 |4 |(23-) |
70 |34 |15805 |8 |(23-) |
70 |34 |16489 |4 |(24+) |
70 |34 |17870 |4 |(25-) |
70 |34 |17965 |8 |(25-) |
70 |34 |19217 |6 |(26+) |
70 |34 |20245 |9 |(27-) |
71 |34 |0.0 | |(5/2-) |4.74 M 5
71 |34 |48.79 |5 |(1/2-) |5.6 US 7
71 |34 |171.52 |6 | |
71 |34 |260.48 |10 |(9/2+) |19.0 US 5
71 |34 |282.44 |8 |(3/2-) |
71 |34 |647.80 |18 | |
71 |34 |756.97 |15 | |
71 |34 |796.4 |4 | |
71 |34 |1040.6 |7 |(7/2-) |1.0 PS 7
71 |34 |1154.3 |9 |(11/2+) |
71 |34 |1298.1 |9 |(13/2+) |0.90 PS 28
71 |34 |1493.5 |9 |(13/2+) |
71 |34 |1639.3 |9 |(13/2+) |
71 |34 |1680.5 |13 |(11/2-) |1.7 PS 7
71 |34 |2326.9 |10 |(17/2+) |
71 |34 |2418.2 |10 |(15/2+) |
71 |34 |2448.8 |12 |(17/2+) |0.53 PS 21
71 |34 |2481.2 |16 |(15/2-) |0.53 PS 28
71 |34 |3236.7 |15 |(21/2+) |
71 |34 |3426.6 |19 |(19/2-) |0.7 PS LT
71 |34 |3452.1 |12 |(19/2+) |
71 |34 |3635.3 |14 |(21/2+) |0.40 PS 28
71 |34 |4300.9 |18 | |
71 |34 |4497.2 |14 |(23/2+) |
71 |34 |4504.1 |22 | |
71 |34 |4834.5 |17 |(25/2+) |
71 |34 |6035.5 |20 | |
72 |34 |0 | |0+ |8.40 D 8
72 |34 |862.07 |8 |2+ |2.82 PS 20
72 |34 |937.22 |15 |0+ |17.5 NS 17
72 |34 |1316.68 |8 |2+ |8.7 PS 3
72 |34 |1636.86 |12 |4+ |2.07 PS 16
72 |34 |1876.23 |17 |(2,4) |
72 |34 |1998.93 |13 |2+ |
72 |34 |2150.1 |8 |(2+) |
72 |34 |2293.69 |11 |(2) |1.0 PS LT
72 |34 |2371.50 |21 | |
72 |34 |2405.74 |21 |3- |1.0 PS LT
72 |34 |2433.76 |10 |3- |1.0 PS LT
72 |34 |2466.77 |15 |6+ |1.24 PS 8
72 |34 |2586.35 |16 |(3) |
72 |34 |2843 | |5- |
72 |34 |2929 | |3- |
72 |34 |2965.75 |23 | |
72 |34 |3124.07 |21 |(4+) |
72 |34 |3173.20 |12 |5- |1.0 PS LT
72 |34 |3213.51 |16 |(2+,3,4+) |
72 |34 |3226.2 |3 |(2,3,4+) |
72 |34 |3232.09 |13 | |
72 |34 |3239.3 |9 | |
72 |34 |3349.91 |13 |5- |1.0 PS LT
72 |34 |3382.6 |3 | |
72 |34 |3424.77 |25 |8+ |0.51 PS 5
72 |34 |3450 | |2+ |
72 |34 |3521.95 |14 |6- |2.9 PS 3
72 |34 |3762 | |4+ |
72 |34 |3769.99 |14 |7- |2.8 PS 2
72 |34 |3917.25 |15 |7- |0.79 PS 17
72 |34 |4092.8 |3 | |
72 |34 |4217.7 |3 | |
72 |34 |4310 | |6+ |
72 |34 |4325.7 |4 | |
72 |34 |4504.3 |3 |10+ |0.22 PS 2
72 |34 |4713.20 |25 | |
72 |34 |4762.83 |19 |(9-) |0.59 PS 8
72 |34 |5709.7 |3 |12+ |0.14 PS 2
72 |34 |5830.8 |9 |(11-) |0.83 PS 10
72 |34 |6686.5 |9 |(11-) |
72 |34 |7038.1 |6 |14+ |0.097 PS 8
72 |34 |7041.9 |12 |(13-) |0.69 PS LT
72 |34 |7190.7 |10 |(12-) |
72 |34 |7795.7 |14 |(13-) |
72 |34 |8089.7 |12 |(14-) |
72 |34 |8495.1 |12 |16+ |0.040 PS 7
72 |34 |10095.1 |15 |18+ |0.042 PS 10
72 |34 |11832.2 |18 |20+ |0.069 PS 14
72 |34 |13742.2 |21 |22+ |0.05 PS LT
72 |34 |15896.2 |23 |24+ |0.3 PS LT
72 |34 |18216 |3 |(26+) |0.3 PS LT
72 |34 |20798 |3 |(28+) |0.3 PS LT
73 |34 |0 | |9/2+ |7.15 H 8
73 |34 |25.71 |4 |3/2- |39.8 M 13
73 |34 |26.30 |12 |(3/2-) |
73 |34 |90.60 |6 |(1/2,3/2)- |
73 |34 |151.25 |5 |5/2- |222 PS 33
73 |34 |192.40 |8 |(5/2+) |0.97 NS 21
73 |34 |295.41 |8 |7/2+ |
73 |34 |400.22 |7 |(5/2-) |
73 |34 |426.52 |7 |(1/2-,3/2-) |
73 |34 |505.47 |7 |7/2- |4.7 PS 5
73 |34 |565.71 |13 |(1/2,3/2) |
73 |34 |574.76 |10 |(5/2+) |
73 |34 |639.26 |12 |9/2+ |
73 |34 |640.99 |7 |(1/2-,3/2) |
73 |34 |644.81 |22 | |
73 |34 |684.90 |20 |(5/2-) |
73 |34 |724.61 |11 |(7/2+) |
73 |34 |790.38 |6 |(1/2-,3/2-) |
73 |34 |790.72 |16 |5/2- |
73 |34 |804.76 |10 |9/2- |2.50 PS 14
73 |34 |940.09 |7 |(1/2-,3/2-) |
73 |34 |942.89 |13 |11/2+ |0.97 PS 21
73 |34 |971.29 |15 |13/2+ |0.88 PS 7
73 |34 |999.33 |14 |11/2+ |
73 |34 |1021.96 |7 |(1/2-,3/2-) |
73 |34 |1091.66 |24 | |
73 |34 |1091.81 |22 |(9/2) |
73 |34 |1179.56 |15 |11/2- |1.52 PS 14
73 |34 |1230.15 |17 |(9/2-) |
73 |34 |1295.0 |4 | |
73 |34 |1356.33 |18 |9/2- |
73 |34 |1550.70 |11 |(1/2,3/2) |
73 |34 |1552.45 |16 |13/2- |1.08 PS 14
73 |34 |1564.49 |23 | |
73 |34 |1564.61 |24 |(11/2) |
73 |34 |1572.96 |15 |13/2+ |1.3 PS 4
73 |34 |1619.4 |3 |(1/2,3/2) |
73 |34 |1698.5 |5 | |
73 |34 |1862.97 |16 |15/2+ |0.14 PS 7
73 |34 |1883.1 |4 |(11/2-) |
73 |34 |1932.7 |4 | |1.7 PS 4
73 |34 |2002.40 |17 |15/2- |0.49 PS 14
73 |34 |2009.63 |19 |(13/2-) |
73 |34 |2014.7 |3 |17/2+ |0.18 PS 4
73 |34 |2041.4 |4 |(13/2+) |
73 |34 |2089.91 |20 |13/2- |
73 |34 |2210.15 |21 |(15/2+) |0.76 PS 21
73 |34 |2267.6 |4 | |
73 |34 |2432.67 |20 |17/2- |0.44 PS 8
73 |34 |2485.6 |4 | |
73 |34 |2626.4 |5 | |
73 |34 |2638.9 |3 |(17/2+) |0.45 PS 14
73 |34 |2868.4 |5 |(17/2-) |
73 |34 |2872.5 |4 |(19/2+) |0.56 PS 14
73 |34 |2949.91 |23 |(19/2-) |0.20 PS 6
73 |34 |3003.77 |21 |(17/2-) |0.76 PS 21
73 |34 |3097.9 |3 |19/2- |1.8 PS 6
73 |34 |3171.8 |4 |(21/2+) |0.139 PS 35
73 |34 |3203.5 |5 | |0.28 PS 14
73 |34 |3303.6 |5 | |0.42 PS 14
73 |34 |3440.3 |3 |(21/2-) |0.125 PS 21
73 |34 |3834.4 |11 |(21/2-) |
73 |34 |3854.4 |6 | |
73 |34 |3913.9 |5 |(23/2+) |
73 |34 |4012.2 |4 |(23/2-) |0.104 PS 14
73 |34 |4386.8 |5 |(25/2+) |0.062 PS 21
73 |34 |4589.6 |4 |(25/2-) |0.062 PS 21
73 |34 |4944.5 |15 |(25/2-) |
73 |34 |4952.3 |5 |(27/2+) |
73 |34 |5219.6 |7 |(27/2-) |0.069 PS 14
73 |34 |5636.9 |5 |(29/2+) |0.118 PS 14
73 |34 |5853.4 |8 |(29/2-) |0.055 PS 14
73 |34 |5890.8 |11 | |
73 |34 |6526.9 |10 |(31/2-) |0.069 PS 14
73 |34 |7015.0 |6 |(33/2+) |0.097 PS LE
73 |34 |7232.7 |11 |(33/2-) |0.15 PS LE
73 |34 |7954.9 |14 |(35/2-) |0.26 PS LE
73 |34 |8531.0 |12 |(37/2+) |
73 |34 |8754.7 |15 |(37/2-) |
73 |34 |9532.9 |17 |(39/2-) |
73 |34 |10215.0 |16 |(41/2+) |
73 |34 |10467.7 |18 |(41/2-) |
74 |34 |0.0 | |0+ |STABLE
74 |34 |634.74 |6 |2+ |7.08 PS 9
74 |34 |853.83 |9 |0+ |0.75 NS 5
74 |34 |1269.01 |6 |2+ |4.0 PS 11
74 |34 |1363.17 |7 |4+ |1.86 PS 8
74 |34 |1657.47 |10 |(0+) |
74 |34 |1838.65 |9 |(2+) |
74 |34 |1884.24 |8 |3+ |1.5 PS 6
74 |34 |2107.96 |8 |4+ |1.9 PS 7
74 |34 |2146 |25 | |
74 |34 |2231.45 |10 |6+ |0.86 PS 17
74 |34 |2314.05 |9 |(2+) |
74 |34 |2349.66 |10 |3- |23 PS 3
74 |34 |2378.59 |11 |(1,2+) |
74 |34 |2477.7 |6 |(2) |
74 |34 |2482 |25 |(2+) |
74 |34 |2563.43 |9 |(2+,3,4+) |
74 |34 |2661.98 |12 |5+ |1.7 PS 6
74 |34 |2718 |10 |0+ |
74 |34 |2818.32 |19 |(2+,3,4+) |
74 |34 |2831.56 |12 |4- |10 PS 3
74 |34 |2842.63 |10 |5- |7.3 PS 8
74 |34 |2843.72 |24 |3- |
74 |34 |2903 |2 |4+ |
74 |34 |2918 |25 |(0+) |
74 |34 |2918.43 |14 |(2+,3,4+) |
74 |34 |2986.65 |13 |6+ |
74 |34 |3002 |4 | |
74 |34 |3037.3 |4 |(2+) |
74 |34 |3078.01 |14 |(4)+ |
74 |34 |3112.30 |23 |(2+,3,4+) |
74 |34 |3198.41 |14 |8+ |0.38 PS 4
74 |34 |3200.17 |17 |(4) |
74 |34 |3250.11 |12 |(1,2+) |
74 |34 |3250.9 |4 |(2to5) |
74 |34 |3253.3 |3 |(2to6) |
74 |34 |3306.0 |3 |(2to6) |
74 |34 |3379.38 |25 |(2+) |
74 |34 |3382.63 |14 |6- |4.9 PS 17
74 |34 |3515.95 |15 |7- |3.5 PS 3
74 |34 |3525.04 |21 |7+ |0.72 PS 24
74 |34 |3529 |4 |5- |
74 |34 |3538 |25 |(6+) |
74 |34 |3539.72 |11 |(1,2+) |
74 |34 |3580.30 |25 |(2+) |
74 |34 |3602 |4 |5- |
74 |34 |3624.46 |16 |(2+) |
74 |34 |3674.85 |21 |(2+,3,4+) |
74 |34 |3733.64 |16 |(1,2+) |
74 |34 |3749 |4 |(4+) |
74 |34 |3771.91 |16 |(4+) |
74 |34 |3781.7 |3 | |
74 |34 |3788.27 |11 |(1,2+) |
74 |34 |3841.69 |19 |7- |
74 |34 |3845 |4 |3- |
74 |34 |3928.62 |24 |(2to6) |
74 |34 |3929.2 |4 |(8+) |
74 |34 |3930.56 |18 |(0+,1) |
74 |34 |3972.90 |17 |(2+) |
74 |34 |3980 |4 |(6+) |
74 |34 |4005 |4 |2+ |
74 |34 |4044.37 |25 |(1,2+) |
74 |34 |4089.9 |4 | |
74 |34 |4094.44 |20 |(2+) |
74 |34 |4118 |4 | |
74 |34 |4198.21 |20 |8- |1.4 PS 3
74 |34 |4224 |4 | |
74 |34 |4256.29 |17 |10+ |0.21 PS 4
74 |34 |4266.7 |4 |(1,2+) |
74 |34 |4279 |4 |4+ |
74 |34 |4309.17 |18 |(3,4+) |
74 |34 |4342.5 |4 |(2+) |
74 |34 |4362 |4 | |
74 |34 |4379.9 |3 |(1,2+) |
74 |34 |4403.20 |21 |9- |0.58 PS 6
74 |34 |4441.67 |21 |(3,4+) |
74 |34 |4449.64 |23 |9+ |0.57 PS 9
74 |34 |4487.2 |3 |(1,2+) |
74 |34 |4496.29 |17 |(3,4+) |
74 |34 |4516.24 |18 |(3,4+) |
74 |34 |4536.49 |24 |(1,2+) |
74 |34 |4544.5 |3 | |
74 |34 |4579.94 |25 |(3,4,5) |
74 |34 |4586.15 |20 |(3,4+) |
74 |34 |4592.08 |16 |(4+) |
74 |34 |4661.91 |19 |(3,4+) |
74 |34 |4677 |4 |3- |
74 |34 |4699.5 |3 |(3,4+) |
74 |34 |4757.2 |4 |(3,4+) |
74 |34 |4794.45 |21 |(3,4,5) |
74 |34 |4848.7 |3 |(9-) |0.40 PS +13-11
74 |34 |4877.49 |24 |(10+) |
74 |34 |5060.2 |4 | |
74 |34 |5146 |4 |3- |
74 |34 |5209.2 |4 |10- |0.9 PS 3
74 |34 |5426 |4 |3- |
74 |34 |5443.1 |4 |12+ |0.12 PS 3
74 |34 |5491.2 |4 |11- |0.23 PS 2
74 |34 |5492.9 |4 |11+ |
74 |34 |5928.5 |4 |(11-) |0.26 PS 7
74 |34 |6014.8 |4 |(12+) |
74 |34 |6253.6 |5 |12- |0.74 PS LT
74 |34 |6685.9 |5 |(13+) |
74 |34 |6686.9 |5 |13- |0.22 PS 10
74 |34 |6735.6 |5 |14+ |0.135 PS 14
74 |34 |7063.7 |8 |(13-) |0.76 PS LT
74 |34 |7206.9 |8 |(14+) |
74 |34 |7451.6 |7 |14- |
74 |34 |7844.8 |7 |15- |
74 |34 |7944.0 |6 |(15+) |
74 |34 |7978.7 |6 |15- |
74 |34 |8116.7 |7 |16+ |0.075 PS 15
74 |34 |8537.3 |8 |(16+) |
74 |34 |8815.6 |8 |16- |
74 |34 |9294.4 |9 |(17+) |
74 |34 |9300.3 |7 |17- |
74 |34 |9680.5 |9 |18+ |0.076 PS 21
74 |34 |10128.8 |11 |(18+) |
74 |34 |10370.5 |11 |(18-) |
74 |34 |10826.4 |13 |(19+) |
74 |34 |10926.3 |12 |(19-) |
74 |34 |11360.2 |12 |20+ |
74 |34 |12104.5 |15 |(20-) |
74 |34 |13202.3 |15 |22+ |
75 |34 |0.0 | |5/2+ |119.78 D 5
75 |34 |112.3876 |12 |7/2+ |0.69 NS 12
75 |34 |133.040 |3 |9/2+ |5.3 NS 6
75 |34 |286.5714 |21 |3/2- |1.29 NS 15
75 |34 |293.106 |3 |1/2- |30.0 NS 4
75 |34 |427.8853 |21 |5/2- |
75 |34 |585.9510 |23 |3/2- |
75 |34 |610.716 |3 |1/2+ |
75 |34 |628.4310 |22 |5/2+ |
75 |34 |663.9569 |23 |5/2- |
75 |34 |747.6502 |25 |7/2- |
75 |34 |761.14 |20 | |
75 |34 |777.3231 |25 |5/2- |
75 |34 |789.989 |6 |7/2(+) |
75 |34 |814.32 |11 |11/2+ |
75 |34 |839.893 |3 |3/2+ |
75 |34 |859.537 |3 |3/2- |
75 |34 |895.274 |3 |1/2-,3/2- |
75 |34 |934.10 |9 |13/2+ |
75 |34 |953.297 |10 |5/2+,7/2 |
75 |34 |962.644 |3 |3/2- |
75 |34 |1003.846 |6 |5/2+ |0.054 PS +29-18
75 |34 |1020.470 |9 |1/2-,3/2- |
75 |34 |1047.187 |8 |5/2-,7/2- |0.11 PS +10-3
75 |34 |1066.39 |20 | |
75 |34 |1073.825 |3 |5/2- |0.073 PS +45-24
75 |34 |1078.67 |7 |9/2- |
75 |34 |1087.12 |17 | |
75 |34 |1088.15 |22 |(7/2) |0.2 PS +10-1
75 |34 |1144.460 |18 |3/2+,5/2+ |0.09 PS +6-3
75 |34 |1162.3 |3 |(7/2+,9/2+) |
75 |34 |1181.86 |18 |5/2-,7/2- |
75 |34 |1184.189 |5 |1/2,3/2,5/2 |
75 |34 |1189.2 |3 | |
75 |34 |1198.535 |4 |5/2+ |0.13 PS +17-6
75 |34 |1245.245 |7 |3/2- |0.25 PS +69-10
75 |34 |1259.94 |24 | |0.044 PS +18-12
75 |34 |1301.707 |17 |5/2,7/2 |0.14 PS +10-5
75 |34 |1369 |15 |(7/2+,9/2+) |
75 |34 |1374.513 |18 |1/2,3/2,5/2 |
75 |34 |1380.36 |21 | |
75 |34 |1406.69 |20 |(5/2-,7/2-) |
75 |34 |1431.96 |6 | |
75 |34 |1433 |5 |1/2+ |
75 |34 |1439.0 |4 |(7/2+) |0.037 PS +13-8
75 |34 |1454.676 |18 | |
75 |34 |1456.64 |22 |(5/2-) |0.19 PS +18-7
75 |34 |1484 |15 |5/2-,7/2- |
75 |34 |1487.53 |9 |(11/2-) |
75 |34 |1491.45 |13 |(7/2-) |0.10 PS +6-3
75 |34 |1550.12 |20 |(7/2+,9/2+) |0.064 PS +21-17
75 |34 |1551 |5 |3/2+,5/2+ |
75 |34 |1560.890 |14 |(5/2,7/2-) |0.083 PS +31-21
75 |34 |1589.533 |13 |5/2+ |0.050 PS +15-8
75 |34 |1603 |5 |(3/2+,5/2+) |
75 |34 |1628.43 |23 |(13/2+) |
75 |34 |1652.76 |8 |5/2+ |0.026 PS +14-7
75 |34 |1667.77 |18 |(5/2-) |0.037 PS +18-12
75 |34 |1673.37 |8 |(1/2-,3/2-) |
75 |34 |1740.96 |13 |(15/2+) |0.25 PS 5
75 |34 |1764 |10 |(5/2-,7/2-) |
75 |34 |1784 |5 |1/2+ |
75 |34 |1802.08 |8 |3/2+,5/2+ |
75 |34 |1810.71 |9 |1/2-,3/2- |
75 |34 |1894.98 |8 | |
75 |34 |1905.21 |10 |(13/2-) |
75 |34 |1910.84 |21 |(17/2+) |0.30 PS 6
75 |34 |1912.3 |20 | |
75 |34 |1913 |20 |(1/2-,3/2-) |
75 |34 |1943.35 |10 | |
75 |34 |1958.35 |15 | |
75 |34 |1986.04 |8 |1/2,3/2,5/2+ |
75 |34 |2030.37 |12 |3/2+,5/2+ |
75 |34 |2072 |10 | |
75 |34 |2093 |10 | |
75 |34 |2119 |10 | |
75 |34 |2159 |10 | |
75 |34 |2166.70 |10 |1/2,3/2,5/2+ |
75 |34 |2235 |10 | |
75 |34 |2242.10 |16 | |
75 |34 |2271.20 |15 | |
75 |34 |2297 |10 |(-) |
75 |34 |2349 |10 |(3/2+,5/2+) |
75 |34 |2390.93 |12 |(15/2-) |
75 |34 |2437 |10 |3/2+,5/2+ |
75 |34 |2456.44 |6 |3/2+,5/2+ |
75 |34 |2519 |10 | |
75 |34 |2565.39 |6 |1/2+ |
75 |34 |2573 |25 |1/2-,3/2- |
75 |34 |2595.77 |25 |(17/2+) |
75 |34 |2597.77 |9 |1/2,3/2,5/2+ |
75 |34 |2631.80 |9 |1/2+ |
75 |34 |2670 |25 | |
75 |34 |2713 |10 |3/2+,5/2+ |
75 |34 |2737.42 |8 |1/2,3/2,5/2+ |
75 |34 |2766.03 |23 |(19/2+) |0.18 PS 3
75 |34 |2782.09 |10 | |
75 |34 |2824 |10 |1/2+ |
75 |34 |2840.42 |12 |(17/2-) |0.43 PS 20
75 |34 |2871.71 |14 |(17/2-) |0.48 PS 21
75 |34 |2887.19 |7 | |
75 |34 |2932 |10 | |
75 |34 |2940.93 |12 |3/2+,5/2+ |
75 |34 |3018.5 |3 |(21/2+) |0.23 PS 6
75 |34 |3020 |10 |(3/2+,5/2+) |
75 |34 |3101 |10 |3/2+,5/2+ |
75 |34 |3152.61 |8 |3/2+,5/2+ |
75 |34 |3170 |10 |3/2+,5/2+ |
75 |34 |3182.32 |9 | |
75 |34 |3210.43 |15 | |
75 |34 |3289.04 |23 |(19/2-) |0.62 PS 19
75 |34 |3290 |10 |1/2+ |
75 |34 |3305.92 |15 |(19/2-) |
75 |34 |3333.10 |23 |3/2+,5/2+ |
75 |34 |3340.11 |25 | |
75 |34 |3432.1 |8 |(19/2-) |
75 |34 |3457 |10 | |
75 |34 |3483 |10 | |
75 |34 |3619.37 |15 |1/2+ |
75 |34 |3646.42 |15 |(21/2-) |
75 |34 |3746.4 |3 |(23/2+) |0.17 PS 3
75 |34 |3767 |10 | |
75 |34 |3884.7 |20 |(21/2-) |
75 |34 |3895 |10 | |
75 |34 |3917 |10 |3/2+,5/2+ |
75 |34 |4079 |10 | |
75 |34 |4130 |10 | |
75 |34 |4199.3 |4 |(25/2+) |0.10 PS 2
75 |34 |4255 |10 | |
75 |34 |4267.6 |10 |(23/2-) |
75 |34 |4296 |10 | |
75 |34 |4472.2 |13 |(23/2-) |
75 |34 |4601 |10 | |
75 |34 |4706.73 |25 |(25/2-) |
75 |34 |4726 |10 |3/2+,5/2+ |
75 |34 |4831.4 |5 |(27/2+) |0.32 PS 6
75 |34 |5037.5 |23 |(25/2-) |
75 |34 |5476.1 |5 |(29/2+) |0.11 PS 2
75 |34 |5585.9 |16 |(27/2-) |
75 |34 |6059.4 |11 |(29/2-) |
75 |34 |6172.6 |8 |(31/2+) |
75 |34 |6870.7 |17 |(33/2+) |
75 |34 |7649.7 |15 |(33/2-) |
75 |34 |7756.0 |20 |(35/2+) |
75 |34 |8027.52 |10 |1/2+ |
75 |34 |8027.54 |8 |1/2+ |
75 |34 |8027.59 |4 |1/2+ |
75 |34 |8028.61 |7 |1/2+ |
75 |34 |8028.96 |7 |1/2+ |
75 |34 |8029.21 |7 |1/2+ |
75 |34 |8029.31 |7 |1/2+ |
75 |34 |8029.87 |8 |1/2+ |
75 |34 |8034.72 |8 |1/2+ |
75 |34 |8448.3 |25 |(37/2+) |
75 |34 |10243 |4 |(41/2+) |
76 |34 |0.0 | |0+ |STABLE
76 |34 |559.102 |5 |2+ |12.3 PS 2
76 |34 |1122.283 |7 |0+ |11 PS 5
76 |34 |1216.147 |7 |2+ |3.4 PS 2
76 |34 |1330.860 |8 |4+ |1.52 PS 5
76 |34 |1688.962 |7 |3+ |3.2 PS +12-6
76 |34 |1787.648 |8 |2+ |6 PS +6-2
76 |34 |1791.2 |2 | |
76 |34 |1881.2 |4 |(1,2,3) |
76 |34 |2025.994 |9 |4+ |1.8 PS 4
76 |34 |2127.215 |8 |(2)+ |
76 |34 |2170.554 |12 |(0+) |
76 |34 |2262.4 |3 |6+ |0.62 PS 7
76 |34 |2346.9 |8 | |
76 |34 |2362.955 |14 |(2+,3+) |
76 |34 |2429.095 |11 |3- |14 PS 7
76 |34 |2489.3 |3 |5+ |0.9 PS +3-2
76 |34 |2514.663 |13 |(2)+ |
76 |34 |2570 |10 | |
76 |34 |2605.7 |5 | |
76 |34 |2619.2 |4 |(4)+ |
76 |34 |2630.8 |5 |(1,2) |
76 |34 |2655.32 |4 |1 |
76 |34 |2669.88 |4 |2- |
76 |34 |2691 |2 |(3-) |
76 |34 |2804.5 |4 |(4+) |
76 |34 |2812.4 |2 | |
76 |34 |2816.8 |3 | |
76 |34 |2824.762 |12 |5- |6.2 PS +21-14
76 |34 |2853 |2 |(4+) |
76 |34 |2859.75 |3 |4- |1.2 PS 5
76 |34 |2869.7 |3 |(1to4) |
76 |34 |2910.98 |2 |(1to4) |
76 |34 |2919.9 |10 |(4)+ |
76 |34 |2950.53 |5 |1+,2+ |
76 |34 |2968.4 |7 |(2-,3-,4-) |
76 |34 |2976.2 |4 |6+ |1.2 PS +7-4
76 |34 |3009.4 |5 |(2+) |
76 |34 |3042 |4 |(6+) |
76 |34 |3045.7 |3 |(5-) |0.28 NS LT
76 |34 |3069.75 |4 |(1,2)+ |
76 |34 |3084.4 |5 |(1+,2+,3+) |
76 |34 |3105.7 |3 |(3-) |
76 |34 |3160.07 |6 |(2) |
76 |34 |3191.6 |4 |(1+,2+,3+) |
76 |34 |3216 |4 |(3-&amp;4+) |
76 |34 |3219.2 |4 |(1+,2+,3+) |
76 |34 |3225.7 |6 |(6,8+) |
76 |34 |3239.0 |5 | |
76 |34 |3262.3 |3 |6- |12 PS 6
76 |34 |3268.8 |4 |(2-,3-,4-) |
76 |34 |3269.8 |5 |8+ |0.35 PS 7
76 |34 |3294.7 |5 |(4+) |
76 |34 |3297.4 |5 |(1+,2+,3+) |
76 |34 |3312.0 |4 |(6-) |0.14 NS +14-7
76 |34 |3351.54 |7 |(1,2)+ |
76 |34 |3378 |10 |(1+,2+,3+) |
76 |34 |3408 |4 |(4+) |
76 |34 |3417 |10 |- |
76 |34 |3432.1 |4 |7+ |0.8 PS +4-2
76 |34 |3441.5 |3 |7- |3.6 PS 7
76 |34 |3442 |10 |(1+,2+,3+) |
76 |34 |3443 |4 |(3-) |
76 |34 |3459.40 |8 |(2+) |
76 |34 |3475 |4 |(4+) |
76 |34 |3530 |10 |(1+,2+,3+) |
76 |34 |3556.46 |8 |(1,2) |
76 |34 |3604.08 |8 |1+,2+ |
76 |34 |3630 |5 |(1+,2+,3+) |
76 |34 |3651.2 |3 | |
76 |34 |3696.3 |3 |(7-) |28 PS 7
76 |34 |3697 |4 |(1+,2+,3+) |
76 |34 |3730.7 |10 |(3-) |
76 |34 |3741 |10 |(1+,2+,3+) |
76 |34 |3776 |4 |(4+) |
76 |34 |3785.7 |5 |(8+) |0.9 PS +5-3
76 |34 |3790 |10 |( 3+) |
76 |34 |3806 |4 |(5-) |
76 |34 |3808 |10 |(1+,2+,3+) |
76 |34 |3853.6 |5 |(8)+ |0.23 PS +8-5
76 |34 |3861.0 |4 | |
76 |34 |3906.3 |3 |(1+,2+,3+) |
76 |34 |3915.8 |6 |(4+) |
76 |34 |3929.1 |6 |(1,2) |
76 |34 |3932.6 |4 | |
76 |34 |3948 |4 |(4+) |
76 |34 |3966.2 |6 | |
76 |34 |3970.6 |4 |(1+,2+) |
76 |34 |4001.7 |3 |(3-) |
76 |34 |4005.6 |6 | |
76 |34 |4008.6 |6 |(8-) |2.2 PS 7
76 |34 |4019.3 |5 | |
76 |34 |4044.5 |2 |(1+,2+,3+) |
76 |34 |4084.3 |2 |(1,2) |
76 |34 |4119 |4 |(2-,3-,4-) |
76 |34 |4137 |10 |(1+,2+,3+) |
76 |34 |4170 |4 |(4+) |
76 |34 |4173.1 |9 |(1,2) |
76 |34 |4199.6 |4 |(1,2) |
76 |34 |4206.4 |5 | |
76 |34 |4214.0 |5 |(8-) |1.7 PS +15-8
76 |34 |4215.5 |2 |(1+,2+) |
76 |34 |4218 |4 |(3-) |
76 |34 |4240.4 |2 |(1to4) |
76 |34 |4257.4 |2 |(1to4) |
76 |34 |4282.7 |5 |(2-,3-,4-) |
76 |34 |4299.5 |6 |(10)+ |0.49 PS +10-7
76 |34 |4324.5 |6 |(9)- |1.4 PS 4
76 |34 |4340 |4 |(3-) |
76 |34 |4351.2 |7 |(1to4) |
76 |34 |4369.3 |3 |(4+) |
76 |34 |4383.9 |2 |(1+,2+,3+) |
76 |34 |4399 |4 |(4+) |
76 |34 |4405.2 |7 |(9+) |0.9 PS 2
76 |34 |4425 |10 |(1+,2+,3+) |
76 |34 |4436.9 |10 |(1,2) |
76 |34 |4473.8 |3 |(1+,2+,3+) |
76 |34 |4488.9 |3 |(1to4) |
76 |34 |4523 |3 |(3-) |
76 |34 |4567 |10 | |
76 |34 |4605.8 |7 |(1+,2+) |
76 |34 |4611 |4 |(3-) |
76 |34 |4647 |10 |(1+,2+,3+) |
76 |34 |4658 |4 |(3-) |
76 |34 |4687.5 |5 |(10)+ |0.49 PS 7
76 |34 |4723 |4 |(+) |
76 |34 |4728.4 |5 | |
76 |34 |4751.5 |5 |(1+,2+,3+) |
76 |34 |4771 |4 |(3-) |
76 |34 |4811 |4 |(1+,2+,3+) |
76 |34 |4836 |10 |(1+,2+,3+) |
76 |34 |4859 |4 |(+) |
76 |34 |4911 |10 |(1+,2+,3+) |
76 |34 |4935 |4 |(3-) |
76 |34 |4974 |10 |(1+,2+,3+) |
76 |34 |4998 |4 |(1+,2+,3+) |
76 |34 |5032.0 |2 |(2-,3-,4-) |
76 |34 |5068.0 |8 |(10)- |1.0 PS +4-2
76 |34 |5081 |4 |(3)- |
76 |34 |5139.8 |6 |(1to4) |
76 |34 |5174 |4 |(3-) |
76 |34 |5195.3 |2 |(1to4) |
76 |34 |5261 |4 |(4+) |
76 |34 |5303 |4 |(3-) |
76 |34 |5401 |4 | |
76 |34 |5432.5 |8 |(12+) |0.2 PS 1
76 |34 |5510 |10 | |
76 |34 |5938.9 |6 |(1to4) |
76 |34 |6005 |10 | |
76 |34 |12528 | | |
76 |34 |12578 | | |
76 |34 |12678 | | |
76 |34 |12718 | | |
76 |34 |12788 | | |
76 |34 |12888 | | |
76 |34 |12938 | | |
76 |34 |13138 | | |
76 |34 |13278 | | |
76 |34 |13418 | | |
76 |34 |13478 | | |
76 |34 |13528 | | |
76 |34 |13598 | | |
76 |34 |13728 | | |
76 |34 |13928 | | |
76 |34 |14038 | | |
76 |34 |14118 | | |
76 |34 |14198 | | |
77 |34 |0.0 | |1/2- |STABLE
77 |34 |161.9223 |10 |7/2+ |17.36 S 5
77 |34 |175.3059 |17 |9/2+ |
77 |34 |238.9988 |12 |3/2- |18 PS 4
77 |34 |249.7885 |12 |5/2- |9.68 NS 6
77 |34 |301.1496 |12 |5/2+ |
77 |34 |439.4517 |14 |5/2- |23.0 PS 13
77 |34 |520.6388 |15 |3/2- |4 PS 2
77 |34 |581.0106 |17 |7/2- |34 PS 6
77 |34 |680.1035 |17 |5/2+ |
77 |34 |796.151 |5 |7/2(+) |0.62 PS +21-17
77 |34 |808.185 |3 |7/2- |0.31 PS +14-7
77 |34 |817.8563 |20 |1/2- |
77 |34 |824.4310 |20 |(5/2)- |0.45 PS +21-14
77 |34 |911.5317 |18 |(3/2)+ |
77 |34 |946.9823 |21 |1/2+ |
77 |34 |970.04 |18 |(11/2+) |0.62 PS 21
77 |34 |978.30 |10 |9/2- |0.69 PS +35-21
77 |34 |999.2 |7 | |
77 |34 |1005.1838 |20 |3/2- |0.14 PS +28-7
77 |34 |1024.15 |16 |(13/2+) |0.35 PS +14-10
77 |34 |1051 | | |
77 |34 |1089 | | |
77 |34 |1126.64 |13 |(11/2+) |0.76 PS +35-21
77 |34 |1128.113 |4 |1/2+ |
77 |34 |1132.457 |4 | |
77 |34 |1172.49 |16 |9/2- |0.38 PS +14-10
77 |34 |1179.3 |7 |(5/2,7/2,9/2-) |0.90 PS +28-14
77 |34 |1186.9837 |22 |(3/2) |
77 |34 |1193.1 |4 |(9/2+) |1.18 PS 21
77 |34 |1230.629 |5 |(5/2)- |0.21 PS GT
77 |34 |1252.963 |5 |5/2+ |0.62 PS +28-14
77 |34 |1282.8 |4 |(7/2-) |
77 |34 |1351.58 |12 |(11/2-) |0.49 PS +21-10
77 |34 |1364.273 |4 |(3/2-,5/2+) |0.49 PS GT
77 |34 |1402.485 |4 |(3/2-) |
77 |34 |1411.626 |4 |(3/2-) |
77 |34 |1439 |5 |3/2+ |
77 |34 |1488.237 |4 |(3/2)- |
77 |34 |1511.023 |3 |(3/2) |
77 |34 |1529 | |5/2-,7/2- |
77 |34 |1607.702 |8 |3/2+,5/2+ |0.42 PS GT
77 |34 |1616.61 |21 |(11/2-) |
77 |34 |1620.5 |7 |(11/2+) |
77 |34 |1623.145 |5 |(1/2-) |0.14 PS +14-7
77 |34 |1714.755 |8 |1/2-,3/2- |
77 |34 |1721.94 |19 |(13/2+) |
77 |34 |1817.638 |6 |1/2- |0.055 PS +28-21
77 |34 |1830.861 |12 |(1/2-,3/2) |
77 |34 |1886.52 |17 |13/2- |0.49 PS +21-14
77 |34 |1888.64 |4 | |
77 |34 |1916.065 |11 |(1/2+,3/2) |
77 |34 |1998.6 |10 | |0.31 PS +10-7
77 |34 |2055.45 |22 |(15/2+) |0.24 PS 7
77 |34 |2057 |12 |5/2+ |
77 |34 |2092.09 |19 |(13/2-) |0.69 PS 14
77 |34 |2103.38 |21 |(17/2+) |0.35 PS +14-7
77 |34 |2142.54 |6 |(1/2,3/2,5/2-) |
77 |34 |2157 |12 |5/2+ |
77 |34 |2212.03 |3 |1/2-,3/2- |
77 |34 |2240.22 |22 |(15/2+) |0.97 PS 35
77 |34 |2248.929 |8 |3/2+,5/2+ |
77 |34 |2264.18 |6 |(15/2-) |0.42 PS +17-10
77 |34 |2264.43 |6 |(3/2-) |
77 |34 |2320.13 |9 |(1/2+,3/2,5/2+) |
77 |34 |2339.95 |4 |(3/2-,5/2+) |
77 |34 |2375.3 |3 |(3/2+,5/2+) |
77 |34 |2392.951 |23 |3/2- |0.10 PS +6-3
77 |34 |2455.456 |11 |(1/2+,3/2,5/2+) |
77 |34 |2491.94 |4 |(3/2+) |
77 |34 |2551.94 |8 |(3/2-) |
77 |34 |2553.82 |9 |(1/2,3/2,5/2+) |
77 |34 |2579.8 |10 |(15/2+) |
77 |34 |2584 |12 |(3/2+,5/2+) |
77 |34 |2611.20 |23 |(15/2-) |
77 |34 |2640.970 |24 |(3/2+,5/2+) |
77 |34 |2716.33 |6 |(3/2) |
77 |34 |2776.75 |4 |(1/2-,3/2) |
77 |34 |2789.6 |3 |(17/2+) |
77 |34 |2809.13 |6 |(1/2,3/2) |
77 |34 |2815.48 |10 |(1/2-,3/2,5/2+) |
77 |34 |2818.3 |4 |(15/2-) |
77 |34 |2853.09 |4 |(1/2-,3/2-) |
77 |34 |2864.47 |21 |(17/2-) |0.42 PS +14-7
77 |34 |2869.2 |4 |(15/2-) |
77 |34 |2873.00 |7 |(3/2) |
77 |34 |2891.94 |4 |(3/2-) |0.049 PS +21-14
77 |34 |2950 | |3/2+,5/2+ |
77 |34 |2966.81 |17 |(17/2-) |
77 |34 |2982.93 |9 |(1/2,3/2) |
77 |34 |2994.13 |5 |(1/2,3/2,5/2+) |
77 |34 |3014.69 |24 |(17/2-) |
77 |34 |3040.33 |8 |(3/2-,5/2+) |
77 |34 |3051.19 |9 |(1/2+,3/2,5/2+) |
77 |34 |3063.92 |9 |(3/2,5/2+) |
77 |34 |3071.93 |21 |(17/2-) |
77 |34 |3107 |12 | |
77 |34 |3132.06 |11 |(1/2,3/2,5/2+) |
77 |34 |3147.5 |3 |(17/2-) |
77 |34 |3168.21 |18 |(3/2+,5/2+) |
77 |34 |3191.58 |16 |(1/2+,3/2,5/2+) |
77 |34 |3201.4 |4 |(17/2-) |
77 |34 |3232.82 |11 |(1/2,3/2) |
77 |34 |3243.94 |10 |(1/2-,3/2,5/2+) |
77 |34 |3245.57 |24 |(19/2+) |
77 |34 |3264.91 |20 |(19/2-) |
77 |34 |3268 |12 |(3/2+,5/2+) |
77 |34 |3312.71 |14 |(1/2,3/2) |
77 |34 |3327.04 |17 |(3/2-,5/2+) |
77 |34 |3333.7 |3 |(21/2+) |0.28 PS +14-7
77 |34 |3348.67 |14 |(1/2,3/2) |
77 |34 |3354.30 |14 |(1/2,3/2) |
77 |34 |3362.25 |11 |(1/2-,3/2,5/2+) |
77 |34 |3395.99 |17 |(1/2,3/2,5/2+) |
77 |34 |3403.98 |19 |(19/2-) |
77 |34 |3409.6 |4 |(19/2+) |
77 |34 |3412.44 |10 |(1/2,3/2) |
77 |34 |3415.03 |6 |(1/2,3/2) |
77 |34 |3439.71 |20 |(19/2-) |
77 |34 |3450.45 |14 |(3/2+,5/2+) |
77 |34 |3472.1 |3 |(19/2-) |
77 |34 |3472.84 |14 |(1/2,3/2,5/2+) |
77 |34 |3480.52 |11 |(1/2,3/2,5/2+) |
77 |34 |3517.91 |10 |(3/2+) |
77 |34 |3545.64 |12 |(3/2+,5/2+) |
77 |34 |3552.43 |15 |(3/2-) |
77 |34 |3561.25 |16 |(1/2,3/2,5/2+) |
77 |34 |3641.4 |5 |(19/2-) |
77 |34 |3642.23 |16 |(5/2+) |
77 |34 |3694.43 |24 |(3/2+,5/2+) |
77 |34 |3718.49 |9 |(1/2-,3/2,5/2+) |
77 |34 |3764.79 |18 |(21/2-) |
77 |34 |3772.37 |14 |(5/2+) |
77 |34 |3798.21 |14 |(3/2+,5/2+) |
77 |34 |3827.0 |3 |(1/2,3/2,5/2+) |
77 |34 |3864.6 |3 |(21/2+) |
77 |34 |3868.61 |11 |(5/2+) |
77 |34 |3880.4 |4 |(21/2-) |
77 |34 |3885.1 |4 |(21/2+) |
77 |34 |3934.71 |21 |(3/2-,5/2+) |
77 |34 |3988.5 |9 |(21/2-) |
77 |34 |4068.49 |15 |(5/2+) |
77 |34 |4180.3 |3 |(23/2+) |
77 |34 |4212.22 |20 |(1/2,3/2,5/2+) |
77 |34 |4243.63 |10 | |
77 |34 |4288.9 |3 |(1/2,3/2) |
77 |34 |4301.70 |23 |(23/2-) |
77 |34 |4321.1 |3 |(23/2-) |
77 |34 |4340 | |(3/2+,5/2+) |
77 |34 |4391.9 |20 |(23/2-) |
77 |34 |4430 | |(3/2+,5/2+) |
77 |34 |4531.8 |4 |(23/2+) |
77 |34 |4625.8 |4 |(25/2+) |0.21 PS +14-7
77 |34 |4640 | | |
77 |34 |4670.5 |7 |(23/2+) |
77 |34 |4750 | | |
77 |34 |4846.9 |4 |(25/2-) |
77 |34 |4862.3 |4 |(25/2+) |
77 |34 |5001.4 |21 |(25/2-) |
77 |34 |5258.9 |5 |(27/2+) |
77 |34 |5584 |3 |(27/2-) |
77 |34 |5941.4 |15 |(29/2+) |
77 |34 |6654.9 |21 |(31/2+) |
77 |34 |7418.868 |16 |1/2+ |
77 |34 |7419.22 |6 |1/2+ |
77 |34 |7419.70 |6 |1/2+ |
77 |34 |7419.76 |6 |1/2-,3/2- |
77 |34 |7420.05 |6 |1/2-,3/2- |
77 |34 |7420.19 |6 |1/2-,3/2- |
77 |34 |7420.31 |6 |1/2-,3/2- |
77 |34 |7420.47 |6 |1/2-,3/2- |
77 |34 |7420.94 |6 | |
77 |34 |7421.39 |6 |1/2+ |
77 |34 |7421.98 |6 |1/2-,3/2- |
77 |34 |7422.19 |6 |1/2+ |
77 |34 |7422.74 |7 | |
77 |34 |7423.10 |7 |1/2+ |
77 |34 |7423.82 |6 | |
77 |34 |7424.17 |8 |1/2+ |
77 |34 |7425.21 |8 |1/2+ |
77 |34 |7425.91 |9 |1/2+ |
77 |34 |7427.22 |14 |1/2+ |
77 |34 |7428.93 |13 |1/2+ |
77 |34 |7430.02 |21 |1/2+ |
77 |34 |7431.96 |26 |1/2+ |
78 |34 |0.0 | |0+ |STABLE
78 |34 |613.727 |3 |2+ |9.79 PS 21
78 |34 |1308.644 |5 |2+ |4.2 PS 3
78 |34 |1498.599 |9 |0+ |45 PS 8
78 |34 |1502.825 |13 |4+ |1.04 PS 5
78 |34 |1758.689 |17 |0+ |
78 |34 |1853.927 |12 |3+ |1.2 PS 4
78 |34 |1995.897 |8 |2+ |4.6 PS +32-14
78 |34 |2190.65 |18 |4+ |0.7 PS 3
78 |34 |2267.07 |12 | |
78 |34 |2299.8 |5 |1,2(+) |
78 |34 |2327.329 |19 |2+ |0.28 PS +13-8
78 |34 |2335.24 |5 |0+ |
78 |34 |2361.85 |14 |(0+) |
78 |34 |2507.32 |5 |3- |6.2 PS 14
78 |34 |2536.94 |4 |2+ |0.055 PS 7
78 |34 |2546.3 |3 | |
78 |34 |2546.51 |15 |6+ |0.49 PS 14
78 |34 |2560 | |(1-,2-,3-) |
78 |34 |2629.6 |5 | |
78 |34 |2647.472 |13 |(1,2)+ |
78 |34 |2682.110 |16 |4+ |
78 |34 |2719.3 |5 | |
78 |34 |2735.0 |6 |(5+) |0.62 PS 21
78 |34 |2742.52 |14 |4- |0.42 NS 14
78 |34 |2753.03 |18 |0+ |
78 |34 |2754.46 |17 |2+ |
78 |34 |2838.49 |7 |(2+) |
78 |34 |2864.12 |7 | |
78 |34 |2889.90 |11 |5- |18 PS 5
78 |34 |2898.13 |6 |2 |
78 |34 |2914.7 |5 |4+ |0.24 NS +15-8
78 |34 |2949.19 |16 |4- |1.4 PS GT
78 |34 |3003 |9 |3- |
78 |34 |3005.70 |17 |1,2+ |
78 |34 |3013.96 |13 |6- |3.0 NS 5
78 |34 |3039.81 |6 |(1+:4+) |
78 |34 |3048.6 |10 |(3-) |
78 |34 |3061 |12 |0+&amp;5- |
78 |34 |3088.7 |21 |(5-) |
78 |34 |3089.73 |15 |(0+) |
78 |34 |3130 | |0+,1+,2+ |
78 |34 |3133.3 |5 |3- |
78 |34 |3139.7 |15 |4+ |
78 |34 |3140.2 |4 |(6+) |0.28 PS +14-7
78 |34 |3144.46 |11 |3- |
78 |34 |3181.9 |5 |(2)+ |
78 |34 |3186.37 |14 |2+ |
78 |34 |3229.71 |13 |(1-,2,3) |
78 |34 |3242.68 |7 |2+ |
78 |34 |3254.83 |20 |(0,1,2)+ |
78 |34 |3288.27 |6 |1- |
78 |34 |3294.35 |23 |4+ |
78 |34 |3306.79 |16 |6- |11 PS 4
78 |34 |3309.9 |20 | |
78 |34 |3329 |10 | |
78 |34 |3372.6 |3 |3- |
78 |34 |3383.69 |13 |0+:4+ |
78 |34 |3386.0 |5 |(2+) |
78 |34 |3391 |8 |(5-) |
78 |34 |3411.29 |18 |3- |
78 |34 |3439.6 |4 |(1) |
78 |34 |3450.94 |14 |0+ |
78 |34 |3453 |4 |3- |
78 |34 |3488.2 |6 | |0.12 PS 4
78 |34 |3494.40 |8 |1,2(+) |
78 |34 |3496.26 |11 | |
78 |34 |3522.91 |22 |7- |1.4 PS +7 -4
78 |34 |3523.5 |5 |1,2(+) |
78 |34 |3527 |14 |1- |
78 |34 |3546 |4 |(2-,3-,4-) |
78 |34 |3550.15 |24 |(7-) |3.5 PS 21
78 |34 |3585.0 |3 |8+ |0.42 PS 14
78 |34 |3591.64 |15 |(1-) |
78 |34 |3603.8 |10 |2+ |
78 |34 |3624.2 |4 |1,2(+) |
78 |34 |3628.1 |5 | |
78 |34 |3632.2 |4 |(1+,2+) |
78 |34 |3686.50 |16 |3- |
78 |34 |3704.0 |8 |(7+) |0.83 PS 21
78 |34 |3711.3 |5 |(1,2,3) |
78 |34 |3735.03 |17 |0+:4+ |
78 |34 |3754 |15 | |
78 |34 |3774 |4 |3- |
78 |34 |3830 | |1-,2-,3- |
78 |34 |3830.7 |3 |8+ |0.55 PS 14
78 |34 |3881 |4 |3- |
78 |34 |3894.55 |15 |2+ |
78 |34 |3933 |9 |2+ |
78 |34 |3959.93 |24 |1,2(+) |
78 |34 |3995 |4 |5- |
78 |34 |3999.33 |15 |1- |
78 |34 |4037.01 |21 |(1-,3-) |
78 |34 |4038 |10 |(1-,3-) |
78 |34 |4048.0 |6 |8- |0.9 PS 3
78 |34 |4050 |4 |(5-) |
78 |34 |4079.7 |3 |1,2(+) |
78 |34 |4106 |12 |1- |
78 |34 |4120 | |0-,1- |
78 |34 |4121.2 |3 |8+ |0.7 PS GT
78 |34 |4122 |4 |4+ |
78 |34 |4153.10 |16 |(1) |
78 |34 |4155 |4 |3- |
78 |34 |4181.85 |14 |0+ |
78 |34 |4190 | |0-,1- |
78 |34 |4214.1 |4 |(8-) |1.4 PS GT
78 |34 |4224 |10 |3- |
78 |34 |4245.4 |5 |(1) |
78 |34 |4253.11 |12 |(2+) |
78 |34 |4253.64 |17 |(5-) |
78 |34 |4265 |10 |0+ |
78 |34 |4297.38 |15 |2+ |
78 |34 |4341.61 |13 |1,2(+) |
78 |34 |4345 |11 |3- |
78 |34 |4366.61 |15 |(1)- |
78 |34 |4369 |11 |(3-) |
78 |34 |4386.68 |13 |(1,2+) |
78 |34 |4409 |11 |2+ |
78 |34 |4412.02 |24 |(9-) |
78 |34 |4424 |4 |(2+) |
78 |34 |4448.24 |15 |1,2(+) |
78 |34 |4451 |11 |(0+&amp;3-) |
78 |34 |4468.6 |4 |1,2(+) |
78 |34 |4483 |11 |4+ |
78 |34 |4493 |4 |(3)- |
78 |34 |4509 |11 |2+ |
78 |34 |4528.8 |4 | |
78 |34 |4557 |4 | |
78 |34 |4569 |11 |(0+&amp;4+) |
78 |34 |4591 |11 |(3)- |
78 |34 |4616 |11 |4+ |
78 |34 |4622 |4 |5- |
78 |34 |4625.1 |5 |(10+) |
78 |34 |4639 |11 |3- |
78 |34 |4672.8 |3 | |
78 |34 |4684.30 |17 | |
78 |34 |4689.8 |3 |(2+) |
78 |34 |4697.07 |13 |(2+) |
78 |34 |4723.21 |18 |2+ |
78 |34 |4758 |11 |4+&amp;1- |
78 |34 |4786.9 |5 |(10+) |1.4 PS GT
78 |34 |4787.93 |21 |(1)- |
78 |34 |4791.5 |5 |0+ |
78 |34 |4811.5 |3 |2+ |
78 |34 |4819.2 |6 |(9-) |0.9 PS 3
78 |34 |4857.0 |9 |(9+) |1.1 PS 4
78 |34 |4857 |11 |1- |
78 |34 |4879 |11 |3- |
78 |34 |4902 |4 |3- |
78 |34 |4904 |10 |2+ |
78 |34 |4944 |11 |2+ |
78 |34 |4957.3 |3 |1,2(+) |
78 |34 |4972.3 |3 |1- |
78 |34 |4998.3 |5 | |
78 |34 |5004.65 |23 |1,2(+) |
78 |34 |5022.14 |17 | |
78 |34 |5029.63 |24 |2+ |
78 |34 |5055 |12 | |
78 |34 |5090.8 |3 | |
78 |34 |5094.8 |8 | |
78 |34 |5101.9 |5 | |
78 |34 |5120 | |0-,1- |
78 |34 |5126.52 |16 |(2,3,4) |
78 |34 |5136 |15 | |
78 |34 |5164.05 |16 | |
78 |34 |5180.75 |22 |1(+),2(+) |
78 |34 |5205 |15 |1-,2-,3- |
78 |34 |5235 |15 | |
78 |34 |5247 |15 | |
78 |34 |5290.22 |18 |1,2(+) |
78 |34 |5295.2 |3 |3- |
78 |34 |5339.7 |3 |1,2(+) |
78 |34 |5356.51 |17 |(2+) |
78 |34 |5391.0 |3 | |
78 |34 |5422 |15 | |
78 |34 |5440.3 |3 | |
78 |34 |5451.2 |4 |1,2(+) |
78 |34 |5480 | |(1+,2+,3+) |
78 |34 |5513.26 |19 |1,2(+) |
78 |34 |5580 |15 | |
78 |34 |5610 | |2+ |
78 |34 |5689.1 |8 | |
78 |34 |5709 |15 | |
78 |34 |5783.8 |7 |(12+) |0.6 PS GT
78 |34 |5837 |15 | |
78 |34 |6161 |15 | |
79 |34 |0.0 | |7/2+ |2.95E+5 Y 38
79 |34 |95.77 |3 |1/2- |3.92 M 1
79 |34 |128 |5 |(1/2-) |
79 |34 |136.97 |7 |9/2+ |
79 |34 |364.86 |8 |5/2- |94 PS 24
79 |34 |499 |3 | |
79 |34 |527.93 |9 |3/2- |3.1 PS +24-10
79 |34 |534 |4 |(5/2+,7/2+) |
79 |34 |571.97 |10 |5/2- |16 PS +5-2
79 |34 |586 |6 |(1/2+,3/2+) |
79 |34 |629.81 |12 |5/2+ |
79 |34 |722.5 |6 |( 5/2) |
79 |34 |728.5 |2 |5/2+ |
79 |34 |750 |10 |(1/2+,3/2+) |
79 |34 |790.38 |10 |(7/2-) |13 PS 5
79 |34 |818.81 |10 |(7/2+) |0.76 PS +35-21
79 |34 |897.16 |10 |11/2+ |0.62 PS +14-7
79 |34 |974.84 |17 |3/2- |
79 |34 |982.9 |10 |( 7/2) |
79 |34 |1008.21 |14 |11/2+ |1.2 PS +7-4
79 |34 |1060.5 |5 |(5/2+,7/2,9/2+) |
79 |34 |1072.36 |17 |13/2+ |0.83 PS +28-21
79 |34 |1080.46 |14 |(3/2) |
79 |34 |1088.65 |12 |(3/2-) |
79 |34 |1110.07 |13 |(9/2)+ |1.0 PS 3
79 |34 |1134 |8 |1/2- |
79 |34 |1156 |1 |1/2+ |
79 |34 |1231.18 |19 |(7/2+) |1.0 PS +4-3
79 |34 |1253.5 |2 |5/2+ |0.48 PS +35-21
79 |34 |1256.81 |15 |(9/2-) |0.7 PS +4-3
79 |34 |1312.0 |3 |(7/2-) |0.21 PS GT
79 |34 |1322.2 |2 |(5/2-) |0.42 PS +14-11
79 |34 |1339.98 |14 |9/2- |0.62 PS +21-14
79 |34 |1346 |9 |(5/2+,7/2+) |
79 |34 |1385 |10 |(5/2-,7/2-) |
79 |34 |1417.6 |3 |(7/2) |
79 |34 |1441 |9 |(3/2-,5/2-) |
79 |34 |1489.8 |4 |(9/2-) |0.21 PS +10-7
79 |34 |1491 |5 |1/2+ |
79 |34 |1526.4 |2 |( 5/2) |
79 |34 |1561 |25 | |
79 |34 |1596.6 |2 |3/2+ |
79 |34 |1636.52 |20 |(13/2+) |
79 |34 |1647 |10 |(5/2+,7/2+) |
79 |34 |1667.8 |3 |(11/2+) |
79 |34 |1671 |9 |5/2+ |
79 |34 |1713.0 |8 |(7/2to11/2) |
79 |34 |1738.9 |2 |3/2+ |
79 |34 |1760.09 |22 | |
79 |34 |1763.9 |10 |(7/2,9/2+,11/2) |0.8 PS +4-3
79 |34 |1765.0 |4 |(11/2-) |
79 |34 |1797.30 |19 |(3/2) |
79 |34 |1817 |10 |(5/2-,7/2-) |
79 |34 |1863 |8 |3/2- |
79 |34 |1934.0 |5 |(5/2) |
79 |34 |1935.7 |4 |(9/2+) |
79 |34 |1959 |5 |3/2- |
79 |34 |1967.8 |3 |(13/2+) |0.35 PS +17-7
79 |34 |2039 |20 |1/2-,3/2- |
79 |34 |2092 |10 |5/2-,7/2- |
79 |34 |2113.93 |21 |15/2+ |0.42 PS +28-14
79 |34 |2127 |7 |(3/2)- |
79 |34 |2172 |8 |5/2+ |
79 |34 |2182.05 |24 |(13/2-) |1.0 PS +7-4
79 |34 |2182.2 |4 |(13/2-) |0.28 PS +21-14
79 |34 |2210.3 |4 |(9/2+) |
79 |34 |2255 |8 |(3/2)- |
79 |34 |2258.3 |4 |17/2+ |0.7 PS +4-3
79 |34 |2280.0 |5 |(11/2,13/2) |
79 |34 |2303.3 |5 |(13/2-) |
79 |34 |2306 |11 |(3/2-,5/2-) |
79 |34 |2327.8 |8 |(15/2+) |
79 |34 |2336 |7 |(3/2-,5/2-) |
79 |34 |2340 |20 |(5/2)+ |
79 |34 |2373 |12 |5/2+ |
79 |34 |2416 |9 |(3/2-,5/2-) |
79 |34 |2467 |6 |(1/2+,3/2+) |
79 |34 |2475 |12 |5/2+ |
79 |34 |2543 |7 | |
79 |34 |2552 |6 |(1/2+,3/2+) |
79 |34 |2581 |12 |5/2+ |
79 |34 |2599 |6 |(3/2-,5/2-) |
79 |34 |2651 |5 |(5/2+,7/2+) |
79 |34 |2663.20 |14 |(5/2+) |
79 |34 |2689.09 |18 |(5/2+) |
79 |34 |2712 |11 |(5/2+) |
79 |34 |2736 |6 |(3/2-,5/2-) |
79 |34 |2738.4 |11 |(11/2,13/2+,15/2+) |0.49 PS +35-21
79 |34 |2769 |12 |(5/2+) |
79 |34 |2834.12 |17 |5/2+ |
79 |34 |2904.24 |23 |(1/2-,3/2) |
79 |34 |2941 |12 |1/2+ |
79 |34 |2963.0 |6 |( 5/2) |
79 |34 |2987 |7 |1/2- |
79 |34 |3031.5 |3 |1/2- |
79 |34 |3061.76 |15 |(3/2-) |
79 |34 |3121 |5 |(5/2+,7/2+) |
79 |34 |3171.02 |23 |1/2-,3/2,5/2+ |
79 |34 |3176.52 |17 |(3/2,5/2+) |
79 |34 |3221 |7 |(1/2+,3/2+) |
79 |34 |3280 |20 |1/2+ |
79 |34 |3340 |20 |(3/2)+ |
79 |34 |3410 |12 |3/2+ |
79 |34 |3505.8 |3 |(1/2,3/2) |
79 |34 |3564.38 |17 |(5/2+) |
79 |34 |3611 |1 | |
79 |34 |3676.8 |5 |1/2+ |
79 |34 |3755 |12 |(3/2+) |
79 |34 |3796 |12 |(3/2+) |
79 |34 |3845 |12 |(3/2+) |
79 |34 |3954 |12 |(3/2+) |
79 |34 |4090 |20 |(3/2+) |
79 |34 |4147 |12 |3/2+ |
79 |34 |4360 |20 |(3/2+) |
80 |34 |0.0 | |0+ |STABLE
80 |34 |666.27 |7 |2+ |8.52 PS 21
80 |34 |1449.35 |7 |2+ |1.95 PS 7
80 |34 |1478.82 |9 |0+ |11.4 PS 17
80 |34 |1701.45 |11 |4+ |0.66 PS 2
80 |34 |1873.40 |12 |(0)+ |
80 |34 |1959.82 |9 |2+ |0.38 PS +22-12
80 |34 |2121.12 |14 |(3+) |
80 |34 |2311.29 |9 |(2+) |0.152 PS +28-14
80 |34 |2344.17 |9 |(1+,2+) |0.35 PS +17-10
80 |34 |2494.77 |23 |(4+) |1.1 PS 7
80 |34 |2513.57 |10 |(2+) |0.048 PS 7
80 |34 |2627.40 |19 |(0+) |
80 |34 |2716.65 |11 |3- |0.38 PS 14
80 |34 |2774.3 |10 |(1,2+) |
80 |34 |2787 |5 | |
80 |34 |2814.50 |16 |(2+,1+) |
80 |34 |2825.55 |23 |(6+) |
80 |34 |2826.99 |11 |(2+) |0.18 PS 4
80 |34 |2836.3 |10 |(1,2+) |
80 |34 |2895.5 |10 |(6+) |
80 |34 |2947.54 |15 |(2+,4+) |0.18 PS +11-6
80 |34 |2998 |5 | |
80 |34 |3025.17 |16 |(1+,2+) |0.049 PS 14
80 |34 |3033 |4 |(4+) |
80 |34 |3036 |10 |(6+) |
80 |34 |3037.74 |13 |(1+,2+) |0.13 PS +9-5
80 |34 |3125.79 |16 |(2+) |0.028 PS 14
80 |34 |3160 |9 |0+ |
80 |34 |3176.92 |19 |(1,2+) |
80 |34 |3199.4 |3 |(2) |
80 |34 |3224.28 |19 |(1,2) |0.070 PS 28
80 |34 |3226 |4 |(4+) |
80 |34 |3248.3 |5 |(2+) |
80 |34 |3280.4 |4 |(1,2+) |
80 |34 |3284 |4 |(3-) |
80 |34 |3314 |5 | |
80 |34 |3316.4 |10 |(0) |
80 |34 |3349.95 |20 |(1+) |
80 |34 |3354 |4 |(3-) |
80 |34 |3390.75 |24 |(2+) |
80 |34 |3441.88 |22 |(0+) |
80 |34 |3491 |5 | |
80 |34 |3567 |5 | |
80 |34 |3606.4 |3 |(2) |
80 |34 |3619.7 |4 |(0+,2+) |
80 |34 |3635.5 |15 |(8+) |
80 |34 |3640 |5 | |
80 |34 |3655.4 |10 |(0,1,2) |
80 |34 |3675 |5 | |
80 |34 |3727.2 |5 |(0,1,2) |
80 |34 |3753 |4 |(3-) |
80 |34 |3774 |5 | |
80 |34 |3813.7 |4 |(6+) |
80 |34 |3814.9 |5 |(8+) |
80 |34 |3826 |5 | |
80 |34 |3845 |10 | |
80 |34 |3870.0 |4 |(1-) |
80 |34 |3931 |4 |(2+) |
80 |34 |3951.9 |4 |(2+) |
80 |34 |3976 |8 |(1-) |
80 |34 |3996 |4 |(5-) |
80 |34 |4039 |4 | |
80 |34 |4047.1 |5 |(2+) |
80 |34 |4062.2 |4 |(0+) |
80 |34 |4129 |8 |0+ |
80 |34 |4130 |4 |(3-) |
80 |34 |4173 |4 |2+ |
80 |34 |4225 |4 | |
80 |34 |4247 |7 |2+ |
80 |34 |4295 |4 | |
80 |34 |4322 |4 |(2+) |
80 |34 |4352 |4 |2+ |
80 |34 |4420 |4 |(2+) |
80 |34 |4436.6 |4 |(5-) |
80 |34 |4464 |5 |(1-) |
80 |34 |4511 |4 |(4+) |
80 |34 |4570 |4 | |
80 |34 |4673.5 |18 |(10+) |
80 |34 |4682 |4 |(4+) |
80 |34 |4950 |4 | |
80 |34 |4993 |4 | |
80 |34 |5180 |30 | |
80 |34 |5325 |4 |(3-) |
80 |34 |7818.52 |9 |1(-) |
81 |34 |0 | |1/2- |18.45 M 12
81 |34 |103.00 |6 |7/2+ |57.28 M 2
81 |34 |294.30 |17 |9/2+ |
81 |34 |467.74 |8 |3/2- |
81 |34 |491.06 |9 |(5/2)- |
81 |34 |615.8 |4 | |
81 |34 |624.11 |11 |5/2- |
81 |34 |782 |25 |7/2+,9/2+ |
81 |34 |889.43 |20 |(3/2+,5/2,7/2+) |
81 |34 |1052.75 |14 |5/2+ |
81 |34 |1109 |25 |3/2+,5/2+ |
81 |34 |1232.77 |19 |1/2+ |
81 |34 |1303.46 |15 |5/2+ |
81 |34 |1406.33 |14 |3/2- |
81 |34 |1628 |25 |1/2-,3/2- |
81 |34 |1702.59 |25 |3/2+ |
81 |34 |1711.25 |21 |(1/2,3/2,5/2-) |
81 |34 |1724.89 |15 |(3/2)+ |
81 |34 |1812 |25 |7/2+,9/2+ |
81 |34 |1828.1 |3 |3/2+ |
81 |34 |2029.64 |15 |1/2-,3/2- |
81 |34 |2150 |25 |1/2-,3/2- |
81 |34 |2173.9 |5 | |
81 |34 |2179.33 |17 | |
81 |34 |2253.02 |23 |(5/2+) |
81 |34 |2282 |25 |1/2-,3/2- |
81 |34 |2332.73 |14 |5/2+ |
81 |34 |2383.4 |3 |(5/2-,7/2,9/2-) |
81 |34 |2475 |25 | |
81 |34 |2532 |6 |(5/2)+ |
81 |34 |2568.9 |9 |(1/2,3/2) |
81 |34 |2570.18 |16 |1/2-,3/2-,5/2- |
81 |34 |2596 |6 |1/2-,3/2- |
81 |34 |2659.65 |20 |5/2- |
81 |34 |2734 |6 | |
81 |34 |2769.76 |16 |(5/2)- |
81 |34 |2773.7 |5 |5/2+ |
81 |34 |2891 |6 |(7/2+,9/2+) |
81 |34 |2935.19 |15 |(5/2)- |
81 |34 |2938 |6 |(1/2+) |
81 |34 |2953.4 |20 |1/2,3/2,5/2+ |
81 |34 |2965.11 |18 |(5/2)- |
81 |34 |2985 |25 | |
81 |34 |2986 |6 |(1/2+) |
81 |34 |3053 |6 |3/2+ |
81 |34 |3093 |6 | |
81 |34 |3150 |25 |(-) |
81 |34 |3208 |6 | |
81 |34 |3222.7 |16 |(5/2)- |
81 |34 |3287 |6 | |
81 |34 |3308 |6 | |
81 |34 |3349 |25 |1/2-,3/2- |
81 |34 |3379 |6 | |
81 |34 |3411 |6 | |
81 |34 |3435 |6 | |
81 |34 |3477 |6 | |
81 |34 |3525.7 |12 |1/2,3/2,5/2+ |
81 |34 |3562 |6 | |
81 |34 |3682 |6 |3/2+ |
81 |34 |3774 |6 |3/2+,5/2+ |
81 |34 |3830 |6 |1/2+ |
81 |34 |3920 | |(1/2+) |
81 |34 |3970 | |(1/2+) |
81 |34 |4095 |6 | |
81 |34 |4137 |6 | |
81 |34 |4164 |6 | |
81 |34 |4215 |6 |(3/2+,5/2+) |
81 |34 |4260 |6 |(3/2+,5/2+) |
81 |34 |4437 |6 | |
81 |34 |4559 |6 | |
81 |34 |4656 |6 | |
81 |34 |4708 |6 | |
81 |34 |4845 |6 | |
81 |34 |4958 |6 | |
81 |34 |5080 |6 | |
81 |34 |5180 | | |
81 |34 |5330 | | |
82 |34 |0 | |0+ |STABLE
82 |34 |654.75 |16 |2+ |13.1 PS 2
82 |34 |1410.30 |18 |0+ |30 PS
82 |34 |1731.51 |10 |2+ |0.94 PS 11
82 |34 |1735.12 |25 |4+ |0.96 PS 15
82 |34 |2550.31 |16 |(3,4+) |
82 |34 |2625.78 |19 |(0+) |0.04 PS 1
82 |34 |2893.70 |19 |5- |
82 |34 |3009.19 |19 |3- |0.020 PS 5
82 |34 |3103.3 |4 |(4+) |
82 |34 |3145.0 |4 |(6+) |
82 |34 |3238.80 |21 |(4+) |0.30 PS +12-8
82 |34 |3378.47 |24 |(3-) |0.12 PS 4
82 |34 |3445.9 |4 |0+ |
82 |34 |3454.18 |20 |(5-) |
82 |34 |3518.5 |5 |(8+) |6.6 NS 4
82 |34 |3591.69 |20 |2+ |0.28 PS +12-8
82 |34 |3631.29 |21 |(0+) |
82 |34 |3664.0 |4 |2+ |
82 |34 |3688.9 |6 |4+ |
82 |34 |3757.0 |5 |2+ |
82 |34 |3798 |4 |(4+) |
82 |34 |3831.0 |6 |0+ |
82 |34 |3865.08 |25 |(3-) |
82 |34 |3917.9 |6 |2+ |
82 |34 |4036.2 |3 |2+ |0.17 PS +10-5
82 |34 |4094.3 |3 |(5-) |
82 |34 |4134 |6 |2+ |
82 |34 |4391.4 |4 |2+ |0.13 PS 3
82 |34 |4466 |4 |(4+) |
82 |34 |4535 |7 |(4+) |
82 |34 |4566.2 |10 |(0+,1,2) |
82 |34 |4584 |4 |(4+) |
82 |34 |4809 |13 |(1-) |
82 |34 |4881 |13 |(4+) |
82 |34 |4969 |11 | |
82 |34 |5029 |12 |(1-) |
82 |34 |5458.6 |12 | |
82 |34 |5688.6 |15 | |
83 |34 |0.0 | |9/2+ |22.3 M 2
83 |34 |228.92 |7 |1/2- |70.1 S 4
83 |34 |360 |20 |(1/2+) |
83 |34 |430 |20 |3/2+,5/2+ |
83 |34 |539.74 |9 |1/2+ |
83 |34 |582.22 |6 |5/2+ |3.6 NS 6
83 |34 |822 |3 |3/2+ |
83 |34 |963.40 |5 |3/2+ |
83 |34 |1062.99 |7 |(1/2+,3/2,5/2-) |
83 |34 |1100.47 |7 |3/2+ |
83 |34 |1265.09 |10 |(5/2+,7/2+) |
83 |34 |1296.34 |9 |(11/2+) |
83 |34 |1331.63 |5 |5/2+ |
83 |34 |1472.97 |10 |(3/2)+ |
83 |34 |1526.52 |8 |(7/2+,9/2+) |
83 |34 |1587 |3 |3/2+,5/2+ |
83 |34 |1664.82 |18 |5/2+ |
83 |34 |1710.48 |7 |(1/2+,3/2) |
83 |34 |1807.98 |16 |(13/2+) |
83 |34 |1822.54 |6 |(5/2+,7/2,9/2+) |
83 |34 |1908.0 |3 | |
83 |34 |1943.41 |8 |(5/2+,7/2+) |
83 |34 |2076.92 |5 |(5/2+,7/2+) |
83 |34 |2120 |3 |(5/2-,7/2-) |
83 |34 |2137.85 |11 |(1/2+,3/2) |
83 |34 |2178 |3 | |
83 |34 |2189.86 |20 |(5/2+) |
83 |34 |2298.7 |3 |(15/2+) |
83 |34 |2314 |3 |5/2+ |
83 |34 |2409 |3 | |
83 |34 |2477.9 |4 |17/2 |
83 |34 |2482.35 |8 |5/2+ |
83 |34 |2545.71 |21 |3/2+ |
83 |34 |2678.82 |10 | |
83 |34 |2724.71 |7 |(5/2+,7/2+) |
83 |34 |2741 |3 |5/2+ |
83 |34 |2803 |15 | |
83 |34 |2858.10 |6 |5/2+ |
83 |34 |2880.62 |5 | |
83 |34 |2900 |15 | |
83 |34 |2971.2 |3 |(3/2-) |
83 |34 |2981.10 |6 |(5/2+,7/2+) |
83 |34 |3023 |15 | |
83 |34 |3106 |18 | |
83 |34 |3167.31 |7 |(1/2+,3/2) |
83 |34 |3211 |15 |5/2+ |
83 |34 |3243.59 |7 |(5/2+,7/2+) |
83 |34 |3282.02 |8 |(1/2+,3/2,5/2+) |
83 |34 |3333.32 |8 | |
83 |34 |3353 |13 |5/2+ |
83 |34 |3386.5 |3 | |
83 |34 |3424.0 |6 | |
83 |34 |3463.7 |10 |5/2+ |
83 |34 |3558.5 |10 | |
83 |34 |3610 |15 | |
83 |34 |3647 |12 | |
83 |34 |3690.0 |5 | |
83 |34 |3777 |12 |(1/2+) |
83 |34 |3800 |15 | |
83 |34 |3827.8 |8 |(1/2+) |
83 |34 |3898.8 |6 | |
83 |34 |3911.7 |20 | |
83 |34 |4001.5 |11 | |
83 |34 |4020 |20 | |
83 |34 |4080 |20 |(3/2+,5/2+) |
83 |34 |4180 |20 |3/2+,5/2+ |
83 |34 |4286.3 |9 | |
83 |34 |4290 |20 | |
83 |34 |4420 |20 | |
83 |34 |4520 |20 | |
83 |34 |4680 |20 | |
83 |34 |4770 |20 | |
83 |34 |4950 |20 | |
84 |34 |0.0 | |0+ |3.26 M 10
84 |34 |1454.55 |8 |(2+) |
84 |34 |1967 |3 |(0+) |
84 |34 |2097 |11 |(1-) |
84 |34 |2121.65 |10 |(4+) |
84 |34 |2244 |7 |0+ |
84 |34 |2461.38 |9 |(1,2+) |
84 |34 |2654 |4 |0+ |
84 |34 |2699.47 |12 |(2,3,4) |
84 |34 |2716 |10 |(0+) |
84 |34 |2740 |11 |(0+) |
84 |34 |2984.75 |13 |2+ |
84 |34 |3024.30 |12 |(2+) |
84 |34 |3069.77 |22 | |
84 |34 |3125.97 |15 | |
84 |34 |3232.43 |14 | |
84 |34 |3297.05 |12 | |
84 |34 |3370.54 |16 | |
84 |34 |3408.73 |14 | |
84 |34 |3439.15 |13 | |
84 |34 |3481.7 |10 | |
84 |34 |3537.09 |18 |(5+) |
84 |34 |3541.23 |10 |2+ |
84 |34 |3548.3 |3 | |
84 |34 |3698 |6 | |
84 |34 |3701.47 |19 |(6+) |
84 |34 |3862.5 |10 | |
84 |34 |3872.01 |14 | |
84 |34 |3934 |8 |2+ |
84 |34 |3985.27 |22 |2+ |
84 |34 |4082.18 |22 | |
84 |34 |4106 |17 |0+ |
84 |34 |4116.33 |17 | |
84 |34 |4226 |4 |2+ |
84 |34 |4282.12 |11 | |
84 |34 |4307 |7 |(2+) |
84 |34 |4405.8 |3 |(7+) |
84 |34 |4445.19 |22 |(4+) |
84 |34 |4602 |6 |2+ |
84 |34 |4670 |9 |(2+) |
84 |34 |4723 |6 | |
84 |34 |4813 |5 |(2+) |
84 |34 |4898.5 |4 | |
84 |34 |4903 |7 |(2+,0+) |
84 |34 |4981 |9 |1- |
84 |34 |5139 |6 |2+ |
84 |34 |5161.17 |18 | |
84 |34 |5185 |6 |2+ |
84 |34 |5221.96 |16 | |
84 |34 |5258 |6 |4+ |
84 |34 |5295 |9 |2+ |
84 |34 |5373 |9 | |
84 |34 |5437 |9 |(5-) |
84 |34 |5507 |9 |2+ |
84 |34 |5596.16 |20 |3- |
84 |34 |5627 |9 |2+ |
84 |34 |5637.6 |3 | |
84 |34 |5661.53 |23 | |
84 |34 |5725 |14 | |
84 |34 |5815 |12 |2+ |
84 |34 |5869.34 |23 | |
84 |34 |5890.1 |3 |(3-,1-) |
84 |34 |5922 |9 |(4+) |
84 |34 |6005 |12 |(4+) |
84 |34 |6019.90 |19 | |
84 |34 |6249.60 |21 | |
84 |34 |6329 |21 |2+ |
84 |34 |6400.4 |3 |4+ |
84 |34 |6541.5 |3 | |
84 |34 |6604.6 |3 | |
85 |34 |0 | |(5/2)+ |32.9 S 3
85 |34 |461.9 |3 |1/2+ |
85 |34 |1115.01 |10 |(7/2)+ |
85 |34 |1436.69 |17 |(9/2+) |
85 |34 |1444.42 |20 |(3/2+,5/2+) |
85 |34 |1610.1 |4 |(1/2,3/2,5/2+) |
85 |34 |1635.2 |3 | |
85 |34 |1804.8 |3 | |
85 |34 |1975.9 |5 |(11/2+) |
85 |34 |1990.1 |3 | |
85 |34 |2003.4 |4 |(1/2,3/2,5/2+) |
85 |34 |2137.8 |8 | |
85 |34 |2145.9 |5 | |
85 |34 |2320.1 |6 |(11/2+) |
85 |34 |2373.3 |6 |(13/2+) |
85 |34 |2451.0 |5 | |
85 |34 |2781.0 |4 | |
85 |34 |3058.4 |4 | |
85 |34 |3810.4 |7 |(15/2+) |
85 |34 |3954.0 |5 | |
85 |34 |4126.0 |5 | |
85 |34 |4219.1 |4 | |
85 |34 |4254.2 |11 |(17/2+) |
85 |34 |4283.0 |5 | |
85 |34 |4291.3 |4 | |
85 |34 |4369.0 |3 | |
85 |34 |4498.0 |5 | |
85 |34 |4557.5 |4 | |
85 |34 |4560.4 |4 | |
85 |34 |4636.1 |3 | |
85 |34 |4654.0 |6 | |
85 |34 |4666.9 |5 | |
85 |34 |4709.23 |25 | |
85 |34 |4792.2 |4 | |
85 |34 |5164.81 |21 | |
86 |34 |0.0 | |0+ |14.3 S 3
86 |34 |704.1 |2 |2+ |
86 |34 |1567.9 |3 |4+ |
86 |34 |2073.4 |3 |(4) |
86 |34 |2846.0 |4 |(6+) |
86 |34 |3062.6 |6 |(5,6) |
86 |34 |3302.0 |6 |(7) |
87 |34 |0.0 | |(5/2+) |5.50 S 12
88 |34 |0.0 | |0+ |1.53 S 6
89 |34 |0 | |(5/2+) |0.43 S 5
90 |34 |0 | |0+ |195 MS +95-65
91 |34 |0 | | |0.27 S 5
92 |34 |0.0 | |0+ |
93 |34 |0.0 | |(1/2+) |
94 |34 |0.0 | |0+ |150 NS GT
95 |34 |0 | | |392 NS GT
