69 |35 |0.0 | |(5/2-) |24 NS LT
69 |35 |0+X | |(3/2-) |
69 |35 |3153 |55 |(5/2-) |
70 |35 |0.0 | |0+ |79.1 MS 8
70 |35 |933.6 |3 |2+ |
70 |35 |1336.4 |4 |3+ |
70 |35 |1657.0 |5 |5+ |
70 |35 |1760.4 |7 |(3+) |
70 |35 |2002.3 |4 |4+ |
70 |35 |2292.3 |8 |9+ |2.2 S 2
70 |35 |2350.9 |5 |(5+) |
70 |35 |2677.0 |6 |(6+) |
70 |35 |2683.0 |7 |7+ |
70 |35 |3027.3 |8 |(8+) |
70 |35 |3098.5 |9 |(10+) |
70 |35 |3547.2 |8 |11+ |
70 |35 |3681.1 |8 |(8+) |
70 |35 |4446.2 |9 |(10+) |
70 |35 |4531.2 |10 |(12+) |
70 |35 |4884.8 |9 |(13+) |
70 |35 |5443.3 |10 |(12+) |
70 |35 |6050.9 |11 |(14+) |
70 |35 |6487.4 |10 |(15+) |
70 |35 |6787.9 |11 |(14+) |
70 |35 |7659.1 |13 |(16+) |
70 |35 |7712.4 |12 |(16+) |
70 |35 |8069.8 |11 |(17+) |
70 |35 |8430.7 |13 |(16+) |
70 |35 |9470.4 |13 |(18+) |
70 |35 |9507.4 |14 |(18+) |
70 |35 |9782.0 |12 |(19+) |
70 |35 |11667.1 |14 |(21+) |
70 |35 |13786.0 |15 |(23+) |
70 |35 |16157.7 |19 |(25+) |
70 |35 |18662.8 |23 |(27+) |
70 |35 |21411.9 |25 |(29+) |
71 |35 |0.0 | |(5/2)- |21.4 S 6
71 |35 |9.81 |20 |(1/2-) |
71 |35 |207.80 |14 |(3/2-) |
71 |35 |407.03 |17 |(5/2-) |
71 |35 |615.06 |24 |(3/2,7/2-) |
71 |35 |669.56 |14 |(5/2+) |
71 |35 |722.0 |3 |(7/2-) |
71 |35 |759.06 |19 |(9/2+) |32.5 NS 25
71 |35 |776.1 |4 |(5/2-) |
71 |35 |806.5 |3 |(7/2-) |
71 |35 |892.07 |22 |(7/2+) |
71 |35 |929.26 |25 |(7/2-) |
71 |35 |1055.4 |4 |(9/2-) |
71 |35 |1070.2 |4 |(7/2-) |
71 |35 |1174.02 |22 |(9/2+) |
71 |35 |1490.2 |3 |(11/2+) |
71 |35 |1491.8 |3 |(9/2-) |
71 |35 |1496.6 |3 |(13/2+) |
71 |35 |1586.1 |4 |(11/2+) |
71 |35 |1683.4 |4 |(9/2-) |
71 |35 |1714.1 |3 |(11/2-) |
71 |35 |2122.0 |3 |(13/2+) |
71 |35 |2216.5 |4 |(13/2-) |
71 |35 |2217.1 |4 |(13/2+) |
71 |35 |2352.4 |4 |(15/2+) |
71 |35 |2392.7 |4 |(17/2+) |
71 |35 |2477.6 |4 |(13/2-) |
71 |35 |2519.9 |4 |(15/2-) |
71 |35 |3046.6 |4 |(17/2+) |
71 |35 |3187.8 |5 |(17/2-) |
71 |35 |3262.0 |5 |(17/2+) |
71 |35 |3376.9 |4 |(17/2-) |
71 |35 |3434.0 |6 |(19/2+) |
71 |35 |3475.2 |5 |(21/2+) |
71 |35 |3529.3 |4 |(19/2-) |
71 |35 |4015.8 |4 |(21/2-) |
71 |35 |4092.2 |7 |(21/2+) |
71 |35 |4311.1 |4 |(21/2-) |
71 |35 |4313.7 |6 |(21/2+) |
71 |35 |4503.0 |6 |(25/2+) |
71 |35 |4741.8 |5 |(23/2-) |
71 |35 |4743.6 |7 |(25/2+) |
71 |35 |4745.9 |9 |(23/2+) |
71 |35 |4969.4 |6 |(25/2+) |
71 |35 |5313.7 |8 |(25/2+) |
71 |35 |5375.1 |5 |(25/2-) |
71 |35 |5811.7 |7 |(29/2+) |
71 |35 |5994.8 |10 |(27/2+) |
71 |35 |6167.2 |6 |(27/2-) |
71 |35 |6190.8 |8 |(29/2+) |
71 |35 |6613.4 |6 |(29/2-) |
71 |35 |6709.2 |9 |(29/2+) |
71 |35 |7157.1 |8 |(33/2+) |
71 |35 |7424.7 |9 | |
71 |35 |7470.8 |11 |(31/2+) |
71 |35 |7759.1 |17 |(31/2-) |
71 |35 |7785.5 |8 |(33/2-) |
71 |35 |7789.8 |12 |(33/2+) |
71 |35 |8244.8 |12 |(33/2+) |
71 |35 |8422.6 |9 | |
71 |35 |8955.7 |17 |(37/2+) |
71 |35 |9090.4 |14 |(35/2+) |
71 |35 |9194.8 |10 |(37/2-) |
71 |35 |9320.4 |22 |(35/2-) |
71 |35 |9526.7 |23 |(37/2+) |
71 |35 |9721.6 |13 | |
71 |35 |9996.8 |24 |(37/2+) |
71 |35 |10752.1 |20 |(39/2+) |
71 |35 |10992.4 |23 |(41/2+) |
71 |35 |11030.8 |23 |(41/2-) |
71 |35 |11434 |3 |(41/2+) |
71 |35 |11487.6 |24 | |
71 |35 |12381 |3 |(43/2+) |
71 |35 |12875 |3 |(45/2+) |
71 |35 |13472 |4 |(45/2+) |
71 |35 |14959 |4 |(49/2+) |
72 |35 |0 | |1+ |78.6 S 24
72 |35 |100.76 |15 |(3-) |10.6 S 3
72 |35 |124.13 |9 |(1) |
72 |35 |131.09 |15 |(2-) |
72 |35 |162.67 |7 | |
72 |35 |218.07 |13 |(1,3) |
72 |35 |229.66 |23 |(3+) |
72 |35 |289.35 |8 |(3+) |
72 |35 |309.84 |6 |1+ |
72 |35 |313.61 |21 |1(-) |
72 |35 |328.44 |12 |1(-) |
72 |35 |332.98 |13 |(3-) |0.51 NS 12
72 |35 |370.56 |18 |(4-) |2.1 NS 4
72 |35 |379.01 |22 |1(-) |
72 |35 |392.65 |15 | |
72 |35 |398.04 |9 |(2-) |101 PS 20
72 |35 |402.51 |15 |(4-) |
72 |35 |415.05 |9 |1+ |
72 |35 |467.30 |12 |(5-) |0.37 NS 16
72 |35 |509.6 |3 |1(-) |
72 |35 |543.90 |11 |(5+) |
72 |35 |545.28 |12 | |
72 |35 |575.72 |12 |1+ |
72 |35 |576.74 |21 |1+ |
72 |35 |603.1 |4 | |
72 |35 |659.11 |16 |(5-) |155 PS 16
72 |35 |668.05 |9 |(4-) |106 PS 14
72 |35 |682.3 |4 |1 |
72 |35 |707.85 |17 |1 |
72 |35 |716.70 |16 |(6-) |1.7 NS 2
72 |35 |722.05 |15 |1 |
72 |35 |748.69 |19 |(5-) |
72 |35 |755.51 |23 |1+ |
72 |35 |795.80 |14 | |
72 |35 |901.86 |19 |1+ |
72 |35 |939.18 |15 |1+ |
72 |35 |958.32 |23 |(7-) |9.0 PS 21
72 |35 |991.10 |13 |(6-) |85 PS 8
72 |35 |1027.61 |17 |1+ |
72 |35 |1154.20 |19 |1(-) |
72 |35 |1172.8 |3 |1 |
72 |35 |1187.86 |16 |(7-) |16 PS 2
72 |35 |1260.04 |16 |(7-) |
72 |35 |1318.98 |19 |(7-) |
72 |35 |1322.8 |4 |1 |
72 |35 |1344.73 |19 |(8-) |71 PS 4
72 |35 |1385.92 |15 |1+ |
72 |35 |1448.28 |22 |(9+) |59 PS 4
72 |35 |1604.84 |19 |1+ |
72 |35 |1612.37 |18 |(8-) |
72 |35 |1703.7 |4 |1+ |
72 |35 |1721.8 |4 | |
72 |35 |1771.93 |18 |1+ |
72 |35 |1799.4 |3 |1+ |
72 |35 |1835.46 |18 |1+ |
72 |35 |1943.5 |7 |1(-) |
72 |35 |1950.0 |7 |1(-) |
72 |35 |1988.4 |10 |1(-) |
72 |35 |1989.50 |20 |(9-) |
72 |35 |2082.2 |3 |(9-) |
72 |35 |2186.4 |3 |(10-) |
72 |35 |2479.7 |3 |(10-) |
72 |35 |2497.6 |3 |(11+) |
72 |35 |3026.7 |3 |(11-) |
72 |35 |3078.0 |4 |(11-) |
72 |35 |3304.9 |10 |1+ |
72 |35 |3329.6 |3 |(12-) |
72 |35 |3516.1 |4 |(12-) |
72 |35 |3628.9 |3 |(13+) |0.35 PS 10
72 |35 |4204.0 |4 |(13-) |
72 |35 |4326.7 |4 |(13-) |
72 |35 |4715.6 |3 |(14-) |
72 |35 |4718.4 |4 |(14-) |
72 |35 |4886.9 |3 |(15+) |
72 |35 |5324.1 |4 |(15-) |
72 |35 |5361.1 |4 | |
72 |35 |5516.2 |9 |(15-) |
72 |35 |5653.1 |7 |(14+) |
72 |35 |5991.7 |4 |(16-) |
72 |35 |6242.3 |3 |(16-) |
72 |35 |6264.9 |3 |(17+) |
72 |35 |6562.7 |4 |(17-) |
72 |35 |7048.6 |13 |(17-) |
72 |35 |7104.1 |11 |(16+) |
72 |35 |7376.4 |4 |(18-) |
72 |35 |7876.6 |4 |(19+) |
72 |35 |7912.5 |4 |(18-) |
72 |35 |7966.8 |4 |(19-) |
72 |35 |8089.6 |4 | |
72 |35 |8753.2 |15 |(18+) |
72 |35 |8803.7 |17 |(19-) |
72 |35 |8809.0 |4 |(20-) |
72 |35 |9529.9 |4 |(21-) |
72 |35 |9745.6 |7 |(20-) |
72 |35 |9818.9 |4 |(21+) |
72 |35 |10406.7 |5 |(22-) |
72 |35 |10543.2 |15 |(20+) |
72 |35 |11298.9 |5 |(23-) |
72 |35 |11802.4 |12 |(22-) |
72 |35 |11846.0 |5 |(23+) |
72 |35 |12367.9 |5 |(24-) |
72 |35 |12534.7 |22 |(22+) |
72 |35 |13382.3 |5 |(25-) |
72 |35 |13938.4 |6 |(25+) |
72 |35 |14809.7 |7 |(26-) |
72 |35 |15899.3 |9 |(27-) |
72 |35 |16232.4 |10 |(27+) |
72 |35 |17800.7 |15 |(28-) |
72 |35 |18808 |3 |(29+) |
72 |35 |18967.9 |20 |(29-) |
73 |35 |0 | |1/2- |3.4 M 2
73 |35 |26.92 |9 |5/2- |
73 |35 |178.08 |13 |3/2- |0.35 NS 15
73 |35 |240.50 |13 |(3/2,5/2)- |35.0 NS 14
73 |35 |286.13 |14 |(5/2)+ |
73 |35 |419.06 |24 |(1/2,3/2,5/2) |
73 |35 |423.40 |23 |(1/2,3/2,5/2) |
73 |35 |473.5 |4 |(1/2-,3/2,5/2-) |
73 |35 |473.63 |17 |9/2+ |1.1 NS 2
73 |35 |481.39 |14 |(5/2-) |
73 |35 |635.26 |21 |(1/2,3/2,5/2) |
73 |35 |681.25 |17 |7/2- |15 PS 2
73 |35 |713.3 |3 |(1/2,3/2,5/2) |
73 |35 |943.21 |13 |(9/2-) |2.77 PS 14
73 |35 |1056.74 |20 |13/2+ |3.3 PS 3
73 |35 |1137.56 |21 |(1/2,3/2,5/2) |
73 |35 |1255.16 |20 |11/2- |3.0 PS 2
73 |35 |1473.0 |4 |(1/2,3/2,5/2) |
73 |35 |1542.4 |4 |(1/2,3/2,5/2) |
73 |35 |1662.21 |16 |(13/2-) |0.97 PS 14
73 |35 |1861.1 |3 |17/2+ |1.04 PS 21
73 |35 |1989.66 |22 |15/2- |0.90 PS 17
73 |35 |2154.0 |4 |(1/2,3/2,5/2) |
73 |35 |2261.6 |5 |(1/2,3/2,5/2) |
73 |35 |2512.42 |19 |(17/2-) |0.69 PS 14
73 |35 |2555.0 |5 |(1/2,3/2,5/2) |
73 |35 |2856.3 |4 |21/2+ |0.43 PS 6
73 |35 |2874.27 |25 |(19/2-) |0.59 PS 7
73 |35 |3017.4 |4 |(1/2,3/2,5/2)- |
73 |35 |3252.2 |8 |(1/2,3/2,5/2) |
73 |35 |3285.2 |8 |(1/2,3/2,5/2) |
73 |35 |3462.3 |6 |(1/2,3/2,5/2) |
73 |35 |3464.9 |4 |(21/2-) |0.38 PS 7
73 |35 |3469.2 |8 |(1/2,3/2,5/2) |
73 |35 |3910.0 |4 |(23/2-) |0.26 PS 5
73 |35 |3967.4 |21 |(25/2+) |
73 |35 |4020.4 |18 |(25/2+) |0.14 PS 5
73 |35 |4067.3 |18 |(25/2+) |
73 |35 |4280 | | |
73 |35 |4330 | | |
73 |35 |4380 | | |
73 |35 |4430 | | |
73 |35 |4460 | | |
73 |35 |4500 | | |
73 |35 |4530 | | |
73 |35 |4536.9 |7 |(25/2-) |0.28 PS 6
73 |35 |4600 | | |
73 |35 |4640 | | |
73 |35 |4670 | | |
73 |35 |4710 | | |
73 |35 |4740 | | |
73 |35 |4780 | | |
73 |35 |4830 | | |
73 |35 |4890 | | |
73 |35 |4960 | | |
73 |35 |5040 | | |
73 |35 |5090 | | |
73 |35 |5091.0 |11 |(27/2-) |0.12 PS 5
73 |35 |5170 | | |
73 |35 |5230 | | |
73 |35 |5270 | | |
73 |35 |5310 | | |
73 |35 |5334.7 |24 |(29/2+) |0.11 PS 5
73 |35 |5340 | | |
73 |35 |5390 | | |
73 |35 |5450 | | |
73 |35 |5500 | | |
73 |35 |5560 | | |
73 |35 |5610 | | |
73 |35 |5641.2 |20 |(29/2+) |
73 |35 |5650 | | |
73 |35 |5700 | | |
73 |35 |5750 | | |
73 |35 |5752.9 |21 |(29/2-) |
73 |35 |5790 | | |
73 |35 |5830 | | |
73 |35 |5890 | | |
73 |35 |5960 | | |
73 |35 |6060 | | |
73 |35 |6140 | | |
73 |35 |6190 | | |
73 |35 |6240 | | |
73 |35 |6290 | | |
73 |35 |6380 | | |
73 |35 |6403.0 |23 |(31/2-) |
73 |35 |6480 | | |
73 |35 |6801 |3 |(33/2+) |
73 |35 |7100 |3 |(33/2-) |
73 |35 |7250.0 |24 |(33/2+) |
73 |35 |7874 |3 |(35/2-) |
73 |35 |8452 |4 |(37/2+) |
73 |35 |8563 |4 |(37/2-) |
73 |35 |9007 |4 |(37/2+) |
73 |35 |9511 |4 |(39/2-) |
73 |35 |9621 |4 |(39/2-) |
73 |35 |10156 |4 |(41/2-) |
73 |35 |10277 |5 |(41/2+) |
73 |35 |10793 |4 |(41/2+) |
73 |35 |11291 |5 |(43/2-) |
73 |35 |11583 |5 |(43/2-) |
73 |35 |11958 |5 |(45/2-) |
73 |35 |12236 |5 |(45/2+) |
73 |35 |12668 |5 |(45/2+) |
73 |35 |13286 |5 |(47/2-) |
73 |35 |13999 |5 |(47/2-) |
73 |35 |14019 |5 |(49/2-) |
73 |35 |14336 |5 |(49/2+) |
73 |35 |15532 |5 |(51/2-) |
73 |35 |16373 |6 |(53/2-) |
73 |35 |16632 |6 |(53/2+) |
73 |35 |16660 |6 |(53/2+) |
73 |35 |18116 |6 |(55/2-) |
73 |35 |18317 |6 |(55/2-) |
73 |35 |19094 |6 |(57/2-) |
73 |35 |19110 |6 |(57/2-) |
73 |35 |19163 |6 |(57/2+) |
73 |35 |20679 |6 |(59/2-) |
73 |35 |21972 |6 |(61/2+) |
73 |35 |22272 |6 |(61/2-) |
73 |35 |23702 |6 |(63/2-) |
73 |35 |25180 |7 |(65/2+) |
73 |35 |25968 |6 |(65/2-) |
74 |35 |0.0 | |(0-) |25.4 M 3
74 |35 |9.84 |4 |(1-) |
74 |35 |13.58 |21 |4(+) |46 M 2
74 |35 |72.63 |7 |(2-) |0.5 NS LE
74 |35 |85.71 |21 |(3-) |13.3 NS 4
74 |35 |89.63 |9 |(1-) |0.5 NS LE
74 |35 |132.6 |2 |(1,2-) |
74 |35 |179.1 |3 |(1) |
74 |35 |180.59 |16 |(2-) |0.5 NS LE
74 |35 |200.82 |15 |(3-) |
74 |35 |201.95 |21 |(4-) |0.7 NS 3
74 |35 |202.12 |23 |5(+) |114 PS 21
74 |35 |212.84 |7 |1+ |
74 |35 |238.5 |3 |(4-) |
74 |35 |239.32 |9 |(1) |
74 |35 |271.9 |3 | |
74 |35 |296.36 |22 |(1,2-) |
74 |35 |306.58 |6 |1+ |
74 |35 |329.40 |18 |(4-) |
74 |35 |339.67 |21 |(3-) |
74 |35 |371.18 |21 |(5-) |277 PS 35
74 |35 |380.00 |16 |(4-) |
74 |35 |390.05 |19 |(1) |
74 |35 |394.54 |23 |(4-) |
74 |35 |396.95 |22 |6+ |35.4 PS 35
74 |35 |406.29 |22 |(1,2-) |
74 |35 |406.9 |4 | |
74 |35 |424.36 |23 |(5-) |
74 |35 |434.9 |3 |(1,2-) |
74 |35 |443.3 |3 |(4) |
74 |35 |462.9 |4 |(5-) |
74 |35 |469.1 |4 |(1,2-) |
74 |35 |485.76 |22 |(6-) |0.7 NS 4
74 |35 |534.7 |7 |(1) |
74 |35 |543.29 |19 |(5-) |
74 |35 |588.0 |4 |(1-,2) |
74 |35 |593.26 |19 |(5-) |
74 |35 |609.12 |16 |(1+) |
74 |35 |612.9 |7 |(1) |
74 |35 |619.76 |23 |(6-) |18.7 PS 28
74 |35 |663.1 |3 |(5+) |
74 |35 |669.72 |23 |7(+) |9.2 PS 14
74 |35 |701.28 |17 |(1+) |
74 |35 |736.2 |4 |(6-) |
74 |35 |802.7 |3 |(6+) |
74 |35 |815.54 |23 |(5-) |
74 |35 |820.48 |19 |(6-) |
74 |35 |826.13 |23 |8(+) |23.6 PS 21
74 |35 |831.8 |6 |(1) |
74 |35 |861.51 |23 |(7-) |12.5 PS 7
74 |35 |922.31 |22 |(6-) |
74 |35 |969.9 |4 |(1+) |
74 |35 |978.3 |8 |(1) |
74 |35 |989.99 |25 |(7-) |
74 |35 |1049.4 |4 |(7-) |
74 |35 |1164.35 |22 |(7-) |
74 |35 |1170.4 |3 |(7+) |
74 |35 |1173.89 |24 |9(+) |1.66 PS 35
74 |35 |1197.2 |3 |(8+) |
74 |35 |1201.71 |24 |(7-) |
74 |35 |1272.77 |24 |(8-) |
74 |35 |1384.1 |4 |(8-) |
74 |35 |1485.4 |3 |(8+) |
74 |35 |1487.9 |3 |(9+) |
74 |35 |1489.1 |3 |(8-) |
74 |35 |1633.7 |3 |(8-) |
74 |35 |1660.1 |3 |(10+) |0.82 PS 10
74 |35 |1688.0 |3 |(9-) |0.42 PS 14
74 |35 |1728.7 |5 |(9-) |
74 |35 |1893.0 |3 |(9-) |
74 |35 |1983.0 |4 |(9+) |
74 |35 |2000.1 |4 |(9-) |
74 |35 |2067.9 |3 |11(+) |0.326 PS 35
74 |35 |2133.8 |3 |(10+) |
74 |35 |2140.2 |3 |(10-) |0.49 PS 12
74 |35 |2263.0 |4 |(10+) |
74 |35 |2331.5 |4 |(10-) |
74 |35 |2440.8 |4 |(10+) |
74 |35 |2506.1 |4 |(10-) |
74 |35 |2616.2 |3 |(11-) |0.291 PS 21
74 |35 |2765.9 |4 |12(+) |0.146 PS 21
74 |35 |2833.4 |5 |(11-) |
74 |35 |3156.1 |5 |(12-) |0.28 PS 7
74 |35 |3176.6 |6 |13(+) |0.139 PS 15
74 |35 |3307.9 |5 |(12+) |
74 |35 |3446.5 |6 |(12+) |
74 |35 |3684.3 |5 |(13-) |0.173 PS 15
74 |35 |4097.1 |7 |(14+) |0.090 PS 7
74 |35 |4341.0 |7 |(14-) |0.15 PS LT
74 |35 |4492.1 |8 |(15+) |0.055 PS 15
74 |35 |4908.7 |7 |(15-) |0.14 PS LT
74 |35 |5614.5 |8 |(16+) |0.16 PS LT
74 |35 |5962.1 |9 |(17+) |0.14 PS LT
74 |35 |7614.3 |11 |(19+) |
75 |35 |0.0 | |3/2- |96.7 M 13
75 |35 |119.52 |4 |5/2- |1.7 NS 3
75 |35 |132.46 |6 |(5/2)+ |6.1 NS 4
75 |35 |154.61 |8 |(3/2)+ |1.2 NS 3
75 |35 |179.32 |9 |(1/2-) |
75 |35 |220.80 |7 |(9/2)+ |31.7 NS 3
75 |35 |273.10 |9 |(1/2,3/2)- |
75 |35 |295.64 |12 |(3/2,5/2)- |
75 |35 |352.47 |9 |(5/2)- |
75 |35 |373.97 |7 |(7/2)+ |57 PS 5
75 |35 |518.050 |19 |(7/2-) |7.1 PS 5
75 |35 |524.33 |15 | |
75 |35 |701.6 |4 | |
75 |35 |735.6 |3 | |
75 |35 |773.49 |6 |(9/2-) |4.0 PS 4
75 |35 |777.45 |20 | |
75 |35 |783.74 |10 |(13/2+) |4.7 PS 4
75 |35 |802.5 |4 | |
75 |35 |819.95 |22 | |
75 |35 |833.2 |4 | |
75 |35 |847.8 |5 |(9/2+) |
75 |35 |901.51 |14 |(3/2,5/2) |
75 |35 |928.9 |4 | |
75 |35 |939.64 |10 |(11/2+) |4.6 PS 9
75 |35 |947.02 |22 | |
75 |35 |1023.4 |4 | |
75 |35 |1047.81 |22 | |
75 |35 |1072.49 |24 |(5/2+,7/2) |
75 |35 |1145.47 |23 | |
75 |35 |1149.81 |4 |(11/2-) |2.29 PS 7
75 |35 |1178.5 |4 | |
75 |35 |1223.6 |4 | |
75 |35 |1226.3 |4 | |
75 |35 |1240.0 |4 | |
75 |35 |1258.2 |7 |(9/2-) |
75 |35 |1447.4 |4 | |
75 |35 |1500.54 |22 |(3/2+,5/2,7/2+) |
75 |35 |1512.1 |5 |(13/2+) |
75 |35 |1515.91 |7 |(13/2-) |0.9 PS 3
75 |35 |1601.99 |19 |(3/2+,5/2+) |
75 |35 |1612.26 |19 |(5/2,7/2)+ |
75 |35 |1613.90 |10 |(17/2+) |0.80 PS 13
75 |35 |1636.0 |4 | |
75 |35 |1744.7 |3 | |
75 |35 |1789.2 |4 | |
75 |35 |1791.25 |14 |(15/2+) |0.75 PS 15
75 |35 |1801.37 |21 | |
75 |35 |1897.43 |9 |(15/2-) |0.76 PS 7
75 |35 |2069.7 |4 |(13/2-) |
75 |35 |2123.5 |4 | |
75 |35 |2133.3 |5 |(13/2-) |
75 |35 |2208.2 |3 |(3/2,5/2) |
75 |35 |2301.4 |6 |(17/2+) |
75 |35 |2355.96 |8 |(17/2-) |0.81 PS 17
75 |35 |2606.3 |6 |(15/2-) |
75 |35 |2659.31 |14 |(21/2+) |0.31 PS 4
75 |35 |2756.14 |11 |(19/2-) |0.55 PS 14
75 |35 |2775.8 |4 |(17/2-) |
75 |35 |2863.66 |25 |(19/2+) |0.326 PS 35
75 |35 |2945.9 |20 | |
75 |35 |3223.1 |5 |(21/2+) |
75 |35 |3225.8 |6 |(19/2-) |
75 |35 |3274.02 |10 |(21/2-) |0.50 PS 7
75 |35 |3326.3 |9 |(19/2-) |
75 |35 |3438.7 |8 |(21/2+) |
75 |35 |3665.3 |5 |(21/2-) |
75 |35 |3777.77 |13 |(23/2-) |0.37 PS 8
75 |35 |3870.42 |18 |(25/2+) |0.13 PS 3
75 |35 |4016.5 |11 | |
75 |35 |4137.1 |10 |(23/2+) |
75 |35 |4171.8 |8 |(23/2-) |
75 |35 |4198.7 |6 |(25/2+) |0.24 PS +2-3
75 |35 |4349.60 |13 |(25/2-) |0.28 PS 4
75 |35 |4416.6 |11 |(25/2+) |
75 |35 |4525.1 |9 |(25/2+) |
75 |35 |4782.1 |11 |(25/2-) |
75 |35 |4968.80 |16 |(27/2-) |0.18 PS 3
75 |35 |5192.33 |20 |(29/2+) |0.13 PS 3
75 |35 |5293.9 |12 |(27/2-) |
75 |35 |5526.4 |7 |(29/2+) |
75 |35 |5603.80 |16 |(29/2-) |0.12 PS 3
75 |35 |5708.8 |14 |(29/2+) |
75 |35 |5811.2 |13 |(29/2+) |
75 |35 |6237.81 |19 |(31/2-) |0.21 PS 11
75 |35 |6587.3 |15 |(31/2-) |
75 |35 |6630.8 |3 |(33/2+) |55 FS 14
75 |35 |6940.11 |19 |(33/2-) |62 FS +21-14
75 |35 |6991.9 |11 |(33/2+) |
75 |35 |7062 |7 |(1/2)- |15.1 KEV 23
75 |35 |7076.7 |8 |(33/2+) |
75 |35 |7225.2 |16 |(33/2+) |
75 |35 |7400 |7 |1/2+ |9.0 KEV 19
75 |35 |7641.82 |22 |(35/2-) |
75 |35 |7903 |7 |1/2+ |4.2 KEV 35
75 |35 |7921 |7 |(1/2-,3/2-) |9.5 KEV 38
75 |35 |7990 |7 |1/2+ |13.5 KEV 24
75 |35 |8016 |7 |(3/2-) |7.3 KEV 27
75 |35 |8051.7 |18 |(35/2-) |
75 |35 |8157 |7 |1/2+ |29.3 KEV 19
75 |35 |8278.7 |4 |(37/2+) |21 FS +7-6
75 |35 |8307 |7 |(3/2+,5/2+) |19.9 KEV 14
75 |35 |8334.33 |22 |(37/2-) |21 FS 7
75 |35 |8384 |7 |(3/2+,5/2+) |22.9 KEV 28
75 |35 |8503 |7 |(3/2+,5/2+) |6.8 KEV 34
75 |35 |8547 |7 |1/2+ |9.5 KEV 24
75 |35 |8645.0 |15 |(37/2+) |
75 |35 |8692.5 |12 |(37/2+) |
75 |35 |9212.5 |3 |(39/2-) |
75 |35 |9704.7 |20 |(39/2-) |
75 |35 |9883.8 |3 |(41/2-) |14 FS 4
75 |35 |10151.0 |6 |(41/2+) |0.09 PS +1-5
75 |35 |10412.5 |16 |(41/2+) |
75 |35 |10444.5 |16 |(41/2+) |
75 |35 |10452.8 |17 |(41/2+) |
75 |35 |10909.3 |5 |(43/2-) |
75 |35 |11515.7 |23 |(43/2-) |
75 |35 |11656.4 |5 |(45/2-) |0.13 PS +1-5
75 |35 |12107.0 |12 |(45/2+) |
75 |35 |12208.0 |12 |(45/2+) |
75 |35 |12799.0 |8 |(47/2-) |
75 |35 |13682.4 |11 |(49/2-) |
76 |35 |0.0 | |1- |16.2 H 2
76 |35 |45.47 |2 |(2)- |1.13 NS 6
76 |35 |102.58 |3 |(4)+ |1.31 S 2
76 |35 |150.52 |12 |( 3) |
76 |35 |212.1 |3 |(3-) |111 PS 28
76 |35 |244.8 |2 |(5)+ |76 PS 14
76 |35 |252.28 |10 |(2)+ |2.18 NS 9
76 |35 |301.6 |3 |(4-) |0.52 NS 7
76 |35 |315.78 |10 |1+ |
76 |35 |317.11 |10 |(2+) |
76 |35 |355.33 |10 |1+ |0.5 NS 2
76 |35 |356.8 |2 |(6)+ |118 PS 21
76 |35 |363.1 |3 |(4-) |59 PS 10
76 |35 |425.7 |10 | |45 PS 17
76 |35 |446.18 |14 |0+,1+ |
76 |35 |451.99 |10 |1+ |0.4 NS 1
76 |35 |467.3 |3 |(5-) |242 PS 35
76 |35 |487.4 |2 |(0,1) |
76 |35 |495.6 |3 |(0,1,2) |
76 |35 |505.1 |3 |( 3) |
76 |35 |527.8 |3 |( 3) |
76 |35 |548.4 |3 |( 3) |
76 |35 |583.5 |4 |(5-) |
76 |35 |583.5+X | | |0.8 NS 2
76 |35 |594.7 |2 |(7)+ |21 PS 4
76 |35 |616.13 |13 |1+ |
76 |35 |687.7 |3 |(6-) |73 PS 24
76 |35 |688.2 |3 |(8)+ |69 PS 21
76 |35 |761.1 |3 | |
76 |35 |815.2 |2 |(0,1) |
76 |35 |868.2 |3 |1+ |
76 |35 |882.5 |10 | |2.4 PS 4
76 |35 |898.41 |15 |1+ |
76 |35 |936.55 |18 |1+ |
76 |35 |988.3 |4 |J |17 PS 6
76 |35 |1025.4 |4 |(7-) |7.6 PS 2
76 |35 |1047.89 |21 |1+ |
76 |35 |1120.5 |3 |(9)+ |0.59 PS 6
76 |35 |1338.3 |4 |(8-) |5.5 PS 14
76 |35 |1511.3 |4 |(10)+ |0.49 PS 6
76 |35 |1610.5 |6 | |
76 |35 |1747.8 |4 |(J+2) |
76 |35 |1825.3 |5 |(9-) |0.76 PS 21
76 |35 |1993.3 |4 |(11+) |0.21 PS 4
76 |35 |2080.1 |4 | |
76 |35 |2197.8 |7 | |
76 |35 |2219.1 |5 |(10-) |0.69 PS 21
76 |35 |2577.3 |11 | |
76 |35 |2626.1 |5 |(12+) |
76 |35 |2689.8 |5 |(J+4) |
76 |35 |2736.5 |7 |(11-) |
76 |35 |3107.6 |6 |(13+) |0.20 PS 2
76 |35 |3118 |1 | |
76 |35 |3286.2 |7 |(12-) |
76 |35 |3706.7 |8 |(J+6) |
76 |35 |3835.3 |23 | |
76 |35 |4000 |3 |(14+) |
76 |35 |4434 |2 |(15+) |0.11 PS 3
76 |35 |4900 | |(0+) |
76 |35 |5400 | |(2+) |
76 |35 |5550 |5 |(16+) |
76 |35 |5930 |4 |(17+) |0.055 PS 28
76 |35 |6100 | |(0+,2+,4+) |
76 |35 |6500 | |(2+) |
76 |35 |6900 | |(4+) |
76 |35 |7200 | |(3-) |
76 |35 |7303 |6 |(18+) |
76 |35 |7585 |6 |(19+) |0.06 PS LT
76 |35 |9415 |8 |(21+) |
77 |35 |0.0 | |3/2- |57.04 H 12
77 |35 |105.86 |8 |9/2+ |4.28 M 10
77 |35 |129.64 |4 |5/2+ |9.3 NS 3
77 |35 |161.93 |11 |5/2- |498 PS 35
77 |35 |166.73 |21 |(3/2)- |
77 |35 |226.7 |3 |3/2- |
77 |35 |276.22 |6 |(3/2)+ |90 PS 20
77 |35 |336.7 |3 |1/2-,3/2- |
77 |35 |417.71 |12 |7/2(+) |
77 |35 |424.7 |3 |5/2- |
77 |35 |471.2 |4 |3/2- |
77 |35 |575.86 |9 |7/2- |9.8 PS 15
77 |35 |640.13 |11 |(13/2)+ |9.8 PS 6
77 |35 |649.2 |5 |(5/2)- |
77 |35 |715.7 |4 |5/2(-) |
77 |35 |771.0 |5 |(1/2+) |
77 |35 |781.1 |4 |(7/2-) |
77 |35 |782.49 |16 |(9/2)+ |3.0 PS 6
77 |35 |790.68 |12 |(9/2)- |4.3 PS 6
77 |35 |831.5 |4 |1/2-,3/2- |
77 |35 |864.53 |14 |(3/2+) |
77 |35 |886.9 |4 |1/2-,3/2- |
77 |35 |947.62 |14 |(11/2+) |
77 |35 |967.21 |17 |(7/2+) |
77 |35 |969.5 |5 |(5/2)+ |
77 |35 |1024.46 |20 |(5/2)+ |
77 |35 |1093.8 |3 |(11/2+) |
77 |35 |1097.71 |23 |(5/2+,7/2) |
77 |35 |1122.6 |16 |(5/2-,7/2-) |
77 |35 |1127.9 |4 |(1/2,3/2) |
77 |35 |1138.9 |24 | |
77 |35 |1239.9 |15 |7/2+,9/2+ |
77 |35 |1274.44 |12 |(11/2)- |2.8 PS 7
77 |35 |1275.5 |15 |5/2-,7/2- |
77 |35 |1286.8 |5 |(9/2-) |
77 |35 |1304.90 |21 |(13/2)+ |2.8 PS 7
77 |35 |1362.6 |15 |(5/2-,7/2-) |
77 |35 |1393.2 |23 |1/2-,3/2- |
77 |35 |1462.2 |15 |(1/2+) |
77 |35 |1482.53 |15 |(17/2)+ |0.42 PS 14
77 |35 |1484.3 |21 |(7/2+,9/2+) |
77 |35 |1539.03 |14 |(13/2-) |
77 |35 |1554.1 |16 | |
77 |35 |1576.15 |14 |(5/2-) |
77 |35 |1602.8 |7 | |
77 |35 |1645.0 |4 |(13/2+) |
77 |35 |1651.5 |15 |(3/2+,5/2+) |
77 |35 |1716.4 |18 | |
77 |35 |1746.3 |15 |7/2+,9/2+ |
77 |35 |1747.38 |21 |(15/2+) |
77 |35 |1774.0 |17 |3/2+,5/2+ |
77 |35 |1789.1 |23 | |
77 |35 |1827.04 |24 |(15/2+) |
77 |35 |1855.1 |15 |(1/2+) |
77 |35 |1879 | |(5/2-,7/2-) |
77 |35 |1907.6 |15 |7/2+,9/2+ |
77 |35 |1998.8 |15 |1/2-,3/2- |
77 |35 |2018.9 |19 |3/2+,5/2+ |
77 |35 |2021.86 |13 |(15/2-) |
77 |35 |2047.0 |4 |(17/2)+ |0.2 PS LT
77 |35 |2129.1 |4 |(3/2)- |
77 |35 |2149.9 |18 |1/2-,3/2- |
77 |35 |2172.4 |20 |(3/2+,5/2+) |
77 |35 |2193.6 |6 |(3/2,5/2,7/2) |
77 |35 |2224.0 |15 |1/2-,3/2- |
77 |35 |2248.3 |19 |(3/2+,5/2+) |
77 |35 |2274.7 |19 |(1/2-,3/2-) |
77 |35 |2296.7 |15 |(3/2+,5/2+) |
77 |35 |2339.90 |15 |(17/2-) |0.2 PS LT
77 |35 |2344.3 |5 |(3/2,5/2,7/2+) |
77 |35 |2550.77 |24 |(21/2)+ |0.16 PS 4
77 |35 |2648.18 |22 |(19/2+) |
77 |35 |2792.81 |14 |(19/2-) |
77 |35 |2926.9 |4 |(19/2+) |
77 |35 |2932.02 |23 |(17/2-) |
77 |35 |3037.0 |4 |(21/2+) |
77 |35 |3201.02 |23 |(21/2-) |
77 |35 |3219.85 |24 |(19/2-) |
77 |35 |3610.1 |3 |(21/2-) |
77 |35 |3642.7 |4 |(23/2-) |
77 |35 |3728.29 |25 |(23/2+) |
77 |35 |3729.8 |4 |(23/2-) |
77 |35 |3774.9 |6 |(25/2+) |0.118 PS 35
77 |35 |4150.0 |5 |(23/2-) |
77 |35 |4216.3 |6 |(25/2+) |
77 |35 |4247.3 |4 |(25/2-) |0.21 PS 6
77 |35 |4903.0 |4 |(27/2-) |
77 |35 |4981.1 |4 |(27/2+) |
77 |35 |5149.4 |8 |(29/2+) |0.042 PS 21
77 |35 |5517.4 |5 |(29/2-) |0.111 PS 35
77 |35 |5528.3 |8 |(29/2+) |
77 |35 |6297.0 |11 |(31/2-) |
77 |35 |6410.8 |7 |(31/2+) |
77 |35 |6691.5 |9 |(33/2+) |0.069 PS LT
77 |35 |6979.5 |7 |(33/2-) |0.14 PS LT
77 |35 |7876.0 |15 |(35/2-) |
77 |35 |8028.8 |12 |(35/2+) |
77 |35 |8401 |11 |(1/2-) |
77 |35 |8421 |4 |(37/2+) |
77 |35 |8579.5 |12 |(37/2-) |
77 |35 |8608 |11 |(3/2-,5/2-) |
77 |35 |8922 |11 |(3/2-) |
77 |35 |9092 |11 |(5/2+) |
77 |35 |9364 |11 |(1/2+) |
77 |35 |9423 |11 |(3/2-) |
77 |35 |9488 |11 |(1/2-) |
77 |35 |9609.0 |18 |(39/2-) |
77 |35 |9632 |11 |(5/2+) |
77 |35 |10280 |5 |(41/2-) |
77 |35 |10316 |6 |(41/2+) |
77 |35 |11344 |2 |(43/2-) |
78 |35 |0.0 | |1+ |6.45 M 4
78 |35 |32.32 |8 |(2-) |11.3 NS 30
78 |35 |55.11 |10 |(1,2)+ |7.5 NS 11
78 |35 |125.14 |11 |(1,2)+ |
78 |35 |180.89 |13 |(4+) |119.4 US 10
78 |35 |193.40 |16 |(0:3)(+) |
78 |35 |197.24 |14 |(1,2,3)(+) |4.7 NS 5
78 |35 |204.40 |10 |(0:3)(+) |5.9 NS 6
78 |35 |227.67 |18 |(5+) |84 NS 8
78 |35 |242.82 |17 |(2,3)- |17 NS 2
78 |35 |244.62 |15 |(2,3)+ |
78 |35 |263.36 |15 |(3,4)- |
78 |35 |265.03 |18 |(5-) |5.1 NS 5
78 |35 |284.3 |5 | |
78 |35 |292.2 |5 | |
78 |35 |311.94 |12 | |
78 |35 |329.52 |13 |(1,2)+ |
78 |35 |337.85 |20 |(6+) |7.3 NS 12
78 |35 |367.4 |3 |(1:4)- |
78 |35 |389 |4 |(3,4)- |
78 |35 |390.9 |3 |(2,3)+ |
78 |35 |414.8 |5 | |
78 |35 |423.4 |4 |(6-) |25 NS LT
78 |35 |433.5 |4 |(1,2)+ |
78 |35 |437.74 |22 |(7+) |3 NS LT
78 |35 |447.05 |23 |(0+:3+) |
78 |35 |457.22 |18 |(0:3+) |
78 |35 |467.81 |24 |(8+) |
78 |35 |473.9 |3 | |
78 |35 |476.93 |15 |(3-,4-) |
78 |35 |498.5 |5 |(1,2)+ |
78 |35 |508 |10 | |
78 |35 |526.7 |6 | |
78 |35 |551 |4 |(0:3)+ |
78 |35 |579.43 |25 |(2,3)+ |
78 |35 |601.2 |3 | |
78 |35 |643 |4 |(0:3)+ |
78 |35 |647.59 |22 |(4) |
78 |35 |663 |4 |(0:3)+&amp;(2:6)- |
78 |35 |684.9 |4 |(7-) |
78 |35 |717 |4 |(1,2,3)+ |
78 |35 |793.3 |3 |(1,2)+ |
78 |35 |828.3 |7 |(8-) |
78 |35 |854 |4 |(1,2,3)+ |
78 |35 |868 |4 |(1,2,3)+ |
78 |35 |891 |4 |(1,2,3)+ |
78 |35 |912.0 |4 |(1,2)+ |
78 |35 |930 |4 |(1,2,3)+ |
78 |35 |977.1 |3 |(9+) |
78 |35 |989 |4 |(0:3)+ |
78 |35 |1001.0 |4 |(1,2,3)+ |
78 |35 |1026 |4 |(0:3)+ |
78 |35 |1030.2 |4 |(8-) |
78 |35 |1039 |4 |(0:3)+ |
78 |35 |1060 |4 |(1+,2+) |
78 |35 |1130 |4 |(1,2,3)(+) |
78 |35 |1173 |4 |(2,3)+ |
78 |35 |1188 |4 |(1,2,3)(+) |
78 |35 |1200 |4 |(0:3)(+) |
78 |35 |1243 |4 |(0:3)+ |
78 |35 |1261 |4 |(2,3)+ |
78 |35 |1371.8 |3 |(10+) |
78 |35 |1395 | |(2,3)+ |
78 |35 |1463.1 |5 |(9-) |
78 |35 |1486 | |(0,1)+ |
78 |35 |1570 | |( 3)+ |
78 |35 |1691 | |(2,3)+ |
78 |35 |1746 | |(0:3)+ |
78 |35 |1823 | |(2+,3+) |
78 |35 |1905.0 |7 |(10-) |
78 |35 |1940.5 |4 |(11+) |
78 |35 |1985 | | |
78 |35 |2062 | |(2+,3+) |
78 |35 |2162 | |(2+,3+) |
78 |35 |2455.5 |7 |(11-) |
78 |35 |2585.3 |5 |(12+) |
78 |35 |3016.5 |8 |(12-) |
78 |35 |3148.8 |6 |(13+) |
78 |35 |3619.9 |9 |(13-) |
78 |35 |4049.3 |10 |(14+) |
78 |35 |4296.5 |10 |(14-) |
78 |35 |4541.8 |10 |(15+) |
78 |35 |4921.9 |10 |(15-) |
78 |35 |5604.3 |10 |(16+) |
78 |35 |6086.9 |10 |(17+) |
79 |35 |0.0 | |3/2- |STABLE
79 |35 |207.61 |9 |9/2+ |4.86 S 4
79 |35 |217.10 |6 |5/2- |47 PS 4
79 |35 |261.33 |6 |3/2- |0.13 NS 2
79 |35 |306.51 |6 |1/2-,3/2- |4.23 PS 7
79 |35 |381.50 |22 |5/2+ |0.5 NS AP
79 |35 |397.48 |6 |1/2-,3/2- |13 PS 4
79 |35 |523.11 |8 |5/2- |1.91 PS 6
79 |35 |606.03 |6 |3/2- |1.87 PS 7
79 |35 |761.31 |7 |7/2- |1.50 PS 4
79 |35 |793.40 |21 |(3/2-,5/2) |2.08 PS 14
79 |35 |796.83 |11 |13/2+ |9.0 PS 21
79 |35 |831.97 |6 |1/2-,3/2- |0.20 PS 4
79 |35 |906.45 |24 |(7/2)- |
79 |35 |940.1 |4 |(3/2) |
79 |35 |954.04 |13 |(7/2-) |1.11 PS 7
79 |35 |954.7 |18 |3/2+,5/2+ |
79 |35 |1032.4 |5 | |
79 |35 |1038.8 |18 |1/2+ |
79 |35 |1068.29 |9 |9/2- |
79 |35 |1079.7 |22 |5/2-,7/2- |
79 |35 |1112.50 |11 |1/2-,3/2- |
79 |35 |1124.0 |4 |(3/2-,5/2) |
79 |35 |1131.67 |14 |1/2,3/2 |
79 |35 |1176.7 |3 |(5/2+) |
79 |35 |1180.68 |13 |11/2+ |0.55 PS 14
79 |35 |1189.4 |5 |(3/2-,5/2-,7/2-) |
79 |35 |1221.6 |6 |5/2-,7/2- |
79 |35 |1254.3 |4 | |
79 |35 |1256.5 |4 |(7/2) |
79 |35 |1313.8 |3 |(3/2-,5/2,7/2-) |
79 |35 |1332.28 |6 |3/2- |
79 |35 |1332.92 |17 |(9/2-) |
79 |35 |1376 | | |
79 |35 |1390.4 |4 |(9/2)+ |
79 |35 |1470.8 |5 | |
79 |35 |1491.7 |6 | |
79 |35 |1501.6 |3 |1/2,3/2 |
79 |35 |1512.7 |6 | |
79 |35 |1512.8 |6 | |
79 |35 |1517.3 |18 |1/2+ |
79 |35 |1561 | | |
79 |35 |1573.5 |5 |(5/2)+ |
79 |35 |1613.1 |5 | |
79 |35 |1621.6 |5 | |
79 |35 |1682.77 |15 |13/2+ |
79 |35 |1692.2 |6 |1/2-,3/2- |
79 |35 |1713.53 |10 |11/2- |0.55 PS 17
79 |35 |1732.02 |13 |17/2+ |0.76 PS 21
79 |35 |1742.3 |6 | |
79 |35 |1778.6 |5 | |
79 |35 |1780.79 |16 |(11/2-) |
79 |35 |1792.7 |8 | |
79 |35 |1794.7 |20 |3/2+,5/2+ |
79 |35 |1.8E3 |1 |(7/2-) |
79 |35 |1908.2 |19 | |
79 |35 |1946.7 |6 |3/2+,5/2+ |
79 |35 |1948.21 |11 |13/2- |
79 |35 |1957.22 |14 |15/2+ |0.21 PS 7
79 |35 |1973.8 |24 |1/2-,3/2- |
79 |35 |2016.1 |19 |3/2+,5/2+ |
79 |35 |2039.8 |25 | |
79 |35 |2048.9 |6 | |
79 |35 |2075.1 |19 |1/2+ |
79 |35 |2159.4 |18 |(1/2-,3/2-) |
79 |35 |2182.8 |24 | |
79 |35 |2202.7 |24 | |
79 |35 |2235.2 |29 | |
79 |35 |2260.2 |20 | |
79 |35 |2279.5 |3 | |
79 |35 |2314.6 |19 |(5/2-,7/2-) |
79 |35 |2344.7 |23 | |
79 |35 |2355.7 |4 | |
79 |35 |2363.3 |25 | |
79 |35 |2392.89 |13 |13/2- |3.5 PS 21
79 |35 |2414.4 |32 |5/2-,7/2- |
79 |35 |2421.32 |20 |17/2+ |
79 |35 |2424.8 |25 | |
79 |35 |2434.9 |28 | |
79 |35 |2463.4 |24 | |
79 |35 |2468.59 |18 |15/2- |
79 |35 |2478.71 |14 |(13/2-) |
79 |35 |2511.4 |24 | |
79 |35 |2528.9 |24 | |
79 |35 |2548.0 |22 | |
79 |35 |2568.5 |25 | |
79 |35 |2574.8 |6 | |
79 |35 |2580.12 |11 |15/2- |
79 |35 |2725.59 |14 |17/2- |0.55 PS 28
79 |35 |2773.78 |14 |17/2- |8 PS 3
79 |35 |2802.1 |10 | |
79 |35 |2866.24 |16 |21/2+ |0.28 PS 4
79 |35 |2902.36 |22 |19/2+ |0.17 PS 5
79 |35 |3088.04 |16 |(19/2)- |0.76 PS 21
79 |35 |3169.32 |20 |19/2- |
79 |35 |3235.3 |6 | |
79 |35 |3365.58 |22 |21/2+ |
79 |35 |3535.28 |18 |(21/2)- |0.38 PS 10
79 |35 |3559.62 |19 |21/2(-) |0.42 PS 14
79 |35 |3670.9 |3 |(21/2+) |
79 |35 |3816.9 |4 |(17/2+:23/2+) |
79 |35 |3908.4 |4 |(17/2-,19/2,21/2-) |
79 |35 |3936.09 |24 |(23/2)+ |0.187 PS 35
79 |35 |4066.7 |3 |23/2- |1.2 PS 4
79 |35 |4116.89 |19 |25/2+ |0.159 PS 21
79 |35 |4153.1 |3 |(23/2)- |0.139 PS 28
79 |35 |4340.9 |4 |(17/2+:23/2+) |
79 |35 |4530.2 |3 |25/2+ |0.35 PS 7
79 |35 |4581.3 |3 |(25/2)- |0.26 PS 6
79 |35 |4721.0 |3 |(25/2+) |
79 |35 |4803.6 |4 |(25/2)- |0.118 PS 21
79 |35 |4896.1 |7 | |
79 |35 |4965.1 |6 | |
79 |35 |5132.0 |3 |(27/2+) |
79 |35 |5214.1 |4 |(27/2-) |
79 |35 |5505.5 |3 |29/2+ |0.049 PS 21
79 |35 |5579.3 |5 |(27/2-) |
79 |35 |5824.1 |4 |(29/2)- |0.097 PS 28
79 |35 |5863.8 |6 |(29/2+) |
79 |35 |6019.3 |4 |(29/2+) |
79 |35 |6199.4 |8 | |
79 |35 |6384.6 |5 |(29/2-) |
79 |35 |6526.9 |5 |(31/2+) |0.17 PS 6
79 |35 |6536.9 |7 |(31/2-) |
79 |35 |7066.8 |5 |(33/2+) |
79 |35 |7224.3 |7 |(33/2-) |
79 |35 |7379.9 |8 |(33/2+) |
79 |35 |7591.8 |10 | |
79 |35 |8061.7 |9 |(35/2-) |
79 |35 |8149.4 |6 |(35/2+) |
79 |35 |8777.8 |8 |(37/2-) |
79 |35 |8811.5 |8 |(37/2+) |
79 |35 |10843 | |(3/2-) |
79 |35 |10966 |11 |(1/2+) |
79 |35 |11077 |11 |(5/2+) |
79 |35 |11352 |11 |(1/2+) |
79 |35 |11431 |11 |(3/2+) |
79 |35 |11557 |11 |(5/2+) |
79 |35 |11623 |11 |(3/2+) |
79 |35 |11831 | |(1/2-,3/2-) |
80 |35 |0.0 | |1+ |17.68 M 2
80 |35 |37.0526 |18 |2- |7.43 NS 6
80 |35 |85.843 |4 |5- |4.4205 H 8
80 |35 |256.431 |3 |(2)- |
80 |35 |271.3745 |25 |(2)+ |
80 |35 |281.292 |3 |(3)- |
80 |35 |299.891 |5 |(0+,1+,2+) |
80 |35 |309.471 |4 |(4)- |
80 |35 |314.982 |4 |(1)+ |
80 |35 |331.048 |5 |5+ |0.7 NS 2
80 |35 |331.404 |4 |(3)- |
80 |35 |357.23 |3 |(6+) |0.4 NS 2
80 |35 |366.608 |3 |(1,2)- |
80 |35 |379.91 |3 |(6-) |
80 |35 |380.459 |3 |(3)- |
80 |35 |385.731 |5 |(4-) |
80 |35 |390.519 |4 |(4)- |
80 |35 |447.87 |4 |(7+) |
80 |35 |456.375 |4 |(4)- |
80 |35 |468.983 |3 |(2)+ |
80 |35 |469.274 |4 |(3)- |
80 |35 |492.886 |3 |(2)- |
80 |35 |500.20 |4 |(4)- |
80 |35 |523.289 |19 |(5-) |
80 |35 |547 |8 |(3to6)- |
80 |35 |549.563 |3 |(3)+ |
80 |35 |572.933 |25 |(3,4,5)- |
80 |35 |586.122 |5 |(3+) |
80 |35 |608.818 |11 | |
80 |35 |615.32 |4 |(8+) |
80 |35 |615.51 |18 |(4-) |
80 |35 |646.45 |7 |(3to7) |
80 |35 |660.566 |4 |(2)+ |
80 |35 |682.91 |3 |(3,4-,5-) |
80 |35 |685.27 |10 |(3-) |
80 |35 |694.8 |4 |(4) |
80 |35 |717.55 |7 |(3,4-,5) |
80 |35 |723.989 |5 |(1,2) |
80 |35 |727.077 |13 |(1-,2,3) |
80 |35 |731.152 |5 |(2)+ |
80 |35 |737.140 |6 |(1-,2-) |
80 |35 |754.8 |7 |(4-) |
80 |35 |765.891 |5 |(1,2)+ |
80 |35 |771.20 |5 |(4-,5-,6-) |
80 |35 |774.16 |4 |(7-) |
80 |35 |805.126 |12 |(1,2,3) |
80 |35 |813.892 |7 |(2,3)+ |
80 |35 |821.9 | | |
80 |35 |825.27 |5 |(6,7+) |
80 |35 |830.877 |12 |(2)+ |
80 |35 |852.350 |10 |(3)+ |
80 |35 |860.655 |7 |(2+) |
80 |35 |883.59 |9 |( 3) |
80 |35 |908.054 |7 |(1-,2,3) |
80 |35 |914.581 |7 |(0+,1,2) |
80 |35 |918.5 | | |
80 |35 |958.460 |7 |(1,2,3)+ |
80 |35 |971.733 |9 |(1to4) |
80 |35 |987.7 | | |
80 |35 |997.318 |13 |(2,3)+ |
80 |35 |1021.326 |10 |( 4) |
80 |35 |1022.394 |8 |(1-,2,3+) |
80 |35 |1033.06 |8 |(8+) |
80 |35 |1051.59 |4 |( 3) |
80 |35 |1053.602 |15 |(1,2,3) |
80 |35 |1065.205 |11 |(2-,3,4-) |
80 |35 |1075.57 |3 |(1to4) |
80 |35 |1116.923 |19 |(1,2,3)+ |
80 |35 |1130.1 |6 |(5-,7-) |
80 |35 |1141.02 |11 |(9+) |
80 |35 |1143.428 |15 |(1-,2,3+) |
80 |35 |1146.386 |10 |(1,2,3)+ |
80 |35 |1148.047 |25 |(1-,2,3+) |
80 |35 |1190.73 |6 |(1-,2,3+) |
80 |35 |1198.221 |10 |( 4) |
80 |35 |1203.04 |4 |(1-,2,3+) |
80 |35 |1212.33 |3 |(1to4) |
80 |35 |1223.97 |11 |( 3) |
80 |35 |1248.813 |12 |( 3)+ |
80 |35 |1260.5 | | |
80 |35 |1274 |4 |(1,2,3)+ |
80 |35 |1279.4 |3 | |
80 |35 |1301 |4 | |
80 |35 |1320.256 |25 |( 3) |
80 |35 |1322.09 |9 |(1-,2,3+) |
80 |35 |1346.8 |3 | |
80 |35 |1357.8 | | |
80 |35 |1358.85 |3 |(3-) |
80 |35 |1383 |4 |(1,2,3)+ |
80 |35 |1401 |4 |(1+to5+) |
80 |35 |1405.9 |3 | |
80 |35 |1428 |4 |(1,2,3)+ |
80 |35 |1445 |4 | |
80 |35 |1499 |4 |( 3)+ |
80 |35 |1520 |4 |(1,2,3)+ |
80 |35 |1534.30 |21 |(7+,9+) |
80 |35 |1576 |4 |( 3)+ |
80 |35 |1588.11 |15 |(10+) |0.76 PS +27-21
80 |35 |1598 |4 |(3-to6-) |
80 |35 |1637 |4 | |
80 |35 |1665 |4 | |
80 |35 |1702 |4 |(1-to4-) |
80 |35 |1724 |4 |(1,2,3)+ |
80 |35 |1746 |8 |(1to4)- |
80 |35 |1759 |4 |(1+,2+,3+) |
80 |35 |1851.1 |3 |(9-) |
80 |35 |1857 |4 | |
80 |35 |1880 |8 |(1-to4-) |
80 |35 |1953 |4 | |
80 |35 |1954.2 |7 |(7-,9-) |
80 |35 |2001.72 |15 |(8+,10+) |
80 |35 |2257.02 |18 |(11+) |0.35 PS 14
80 |35 |2379.0 |6 | |
80 |35 |2796.8 |4 |(9+,11+) |
80 |35 |2914.9 |8 |(9-,11-) |
80 |35 |2944.13 |18 |(12+) |0.63 PS +21-14
80 |35 |3212.0 |4 | |
80 |35 |3605.0 |11 |(13+) |
80 |35 |3658.1 |7 | |
80 |35 |4450.1 |11 |(14+) |
81 |35 |0.0 | |3/2- |STABLE
81 |35 |275.985 |12 |5/2- |9.7 PS 14
81 |35 |536.20 |9 |9/2+ |34.6 US 28
81 |35 |538.20 |8 |1/2-,3/2- |0.76 PS 3
81 |35 |566.04 |5 |3/2- |77 PS 23
81 |35 |649.90 |8 |(3/2)- |2.6 PS 3
81 |35 |767.04 |9 |(5/2)- |0.55 PS 3
81 |35 |789.4 |7 |5/2+ |
81 |35 |828.29 |5 |3/2- |0.49 PS 7
81 |35 |836.78 |9 |7/2- |1.10 PS 10
81 |35 |906 |15 | |
81 |35 |975 |15 | |
81 |35 |1023.7 |4 |5/2(-) |
81 |35 |1076.2 |7 | |
81 |35 |1105.3 |6 |(1/2)- |
81 |35 |1170 |15 | |
81 |35 |1176.80 |22 |(13/2)+ |
81 |35 |1189.9 |21 |5/2-,7/2- |
81 |35 |1237.88 |10 | |
81 |35 |1266.4 |3 |9/2(-) |
81 |35 |1266.8 |6 |(3/2-,5/2,7/2-) |
81 |35 |1300 |15 | |
81 |35 |1323.0 |4 |(5/2)- |0.31 PS LE
81 |35 |1327.3 |4 | |
81 |35 |1349.8 |5 | |
81 |35 |1371.5 |13 |7/2+ |
81 |35 |1400.9 |10 | |
81 |35 |1481.7 |6 |(7/2-) |
81 |35 |1512.9 |10 |(1/2-,3/2-) |
81 |35 |1522.3 |8 |(11/2+) |
81 |35 |1535.9 |7 |(3/2-) |
81 |35 |1536.0 |5 | |
81 |35 |1541.6 |13 |(9/2+) |
81 |35 |1543.0 |6 | |
81 |35 |1543.2 |5 |(3/2-) |
81 |35 |1586.9 |13 |1/2+ |
81 |35 |1587.4 |7 | |
81 |35 |1615 |15 | |
81 |35 |1670.7 |3 | |
81 |35 |1681.2 |8 |(7/2-) |
81 |35 |1696.2 |13 |(3/2+) |
81 |35 |1751.5 |10 | |
81 |35 |1788.9 |13 |(7/2+) |
81 |35 |1798.9 |10 |(5/2-) |
81 |35 |1866.4 |10 |(3/2-) |
81 |35 |1885.2 |7 |(3/2-,5/2,7/2-) |
81 |35 |1945.6 |4 |11/2(-) |
81 |35 |1948.2 |13 |(9/2)+ |
81 |35 |1985.6 |26 |3/2+,5/2+ |
81 |35 |1995.9 |8 |7/2(-) |
81 |35 |2000.3 |11 | |
81 |35 |2022.2 |13 |(5/2+) |
81 |35 |2056.0 |21 |1/2-,3/2- |
81 |35 |2085 |4 |7/2+,9/2+ |
81 |35 |2118.1 |13 |3/2+,5/2+ |
81 |35 |2163.9 |22 |1/2-,3/2- |
81 |35 |2215 |4 | |
81 |35 |2221.3 |13 |(3/2,5/2) |
81 |35 |2245 |15 | |
81 |35 |2277.8 |11 |(17/2+) |
81 |35 |2288.3 |21 |1/2+ |
81 |35 |2305.0 |10 |(7/2-) |
81 |35 |2387.5 |4 |(13/2-) |
81 |35 |2410 |15 | |
81 |35 |2421.1 |11 | |
81 |35 |2477.6 |22 | |
81 |35 |2531.7 |22 | |
81 |35 |2549.4 |4 |(13/2-) |
81 |35 |2620 |15 | |
81 |35 |2657.0 |22 |3/2+,5/2+ |
81 |35 |2668.5 |4 |(15/2-) |0.2 NS LT
81 |35 |2704.3 |23 |1/2-,3/2- |
81 |35 |2732 |3 |+ |
81 |35 |2788 |15 | |
81 |35 |2797.4 |20 | |
81 |35 |2912.4 |21 | |
81 |35 |2940 |3 | |
81 |35 |2942.1 |4 |(17/2-) |
81 |35 |3001 |3 | |
81 |35 |3027 |3 | |
81 |35 |3067 |3 | |
81 |35 |3089.0 |5 | |
81 |35 |3101 |11 | |
81 |35 |3190 |15 | |
81 |35 |3196.1 |5 | |
81 |35 |3242 |15 | |
81 |35 |3322 |15 | |
81 |35 |3333.5 |4 |(19/2-) |0.69 PS 28
81 |35 |3429 |15 | |
81 |35 |3508 |20 | |
81 |35 |3526.8 |13 |(21/2+) |
81 |35 |3598 |20 | |
81 |35 |3680 |20 | |
81 |35 |3740 |20 | |
81 |35 |3759 |15 | |
81 |35 |3798.7 |5 |(21/2-) |
81 |35 |3835 |20 | |
81 |35 |3965 |15 | |
81 |35 |4106 |20 | |
81 |35 |4174 |20 | |
81 |35 |4302 |15 | |
81 |35 |4428 |15 | |
81 |35 |4512 |15 | |
81 |35 |4559 |15 | |
81 |35 |5632 |15 | |
81 |35 |5791 |20 | |
81 |35 |SP+3780 |10 |1/2- |18.7 KEV 23
81 |35 |SP+3885 |10 |7/2+ |
81 |35 |SP+4249 |10 |3/2- |18 KEV 3
81 |35 |SP+4791 |10 |5/2+ |18.1 KEV 24
81 |35 |SP+4922 |10 |1/2+ |48 KEV 4
81 |35 |SP+5003 |10 |5/2+ |32 KEV 3
81 |35 |SP+5162 | |3/2- |24 KEV 4
82 |35 |0 | |5- |35.282 H 7
82 |35 |45.9492 |10 |2- |6.13 M 5
82 |35 |75.0621 |14 |(1)+ |7.2 NS 8
82 |35 |290.7807 |14 |(3)- |
82 |35 |362.8011 |21 |(2)+ |
82 |35 |376.70 |9 |(6)- |0.2 NS LT
82 |35 |420.0682 |16 |(2) |
82 |35 |475.4248 |17 |(4)- |
82 |35 |540.9890 |23 |(2+,3+) |
82 |35 |627.2365 |23 |(2,3+) |
82 |35 |638 |8 | |
82 |35 |641.1642 |25 |(3+) |
82 |35 |689.249 |6 |(1-,2-,3-) |
82 |35 |759.949 |3 |(1+,2,3+) |
82 |35 |762.13 |7 | |
82 |35 |763.714 |17 |(1)+ |
82 |35 |792.276 |3 |(5) |
82 |35 |822.811 |4 | |
82 |35 |846.689 |4 |(1+,2,3+) |
82 |35 |886.70 |3 | |
82 |35 |910.770 |17 |(4,5+) |
82 |35 |935.301 |14 | |
82 |35 |967.51 |9 |(6)+ |
82 |35 |970.918 |12 |(2,3+) |
82 |35 |988.151 |5 | |
82 |35 |1007.897 |13 | |
82 |35 |1022.470 |24 | |
82 |35 |1058.981 |21 |(1,2,3) |
82 |35 |1068.73 |13 |(7)+ |0.14 NS LT
82 |35 |1082.854 |9 | |
82 |35 |1093.166 |11 | |
82 |35 |1109.794 |20 |(1-,2,3) |
82 |35 |1139.930 |9 | |
82 |35 |1155.10 |3 | |
82 |35 |1179.396 |19 |(2,3) |
82 |35 |1186.69 |6 | |
82 |35 |1216.522 |13 | |
82 |35 |1226.542 |18 | |
82 |35 |1232.572 |25 | |
82 |35 |1243.59 |4 | |
82 |35 |1261.03 |17 |(8)+ |0.2 NS LT
82 |35 |1276.204 |25 |(1,2,3+) |
82 |35 |1366 | | |
82 |35 |1386 |8 |(+) |
82 |35 |1432 | | |
82 |35 |1478 | | |
82 |35 |1489 | | |
82 |35 |1497 |4 |(-) |
82 |35 |1535 | | |
82 |35 |1548 | | |
82 |35 |1629 | | |
82 |35 |1650 |4 |- |
82 |35 |1678 | | |
82 |35 |1721 | | |
82 |35 |1743 |6 |1-,2- |
82 |35 |1774 | | |
82 |35 |1793.8 |3 |(9)+ |
82 |35 |1807 |6 |- |
82 |35 |1830 | | |
82 |35 |1866 | | |
82 |35 |1897 | | |
82 |35 |1916 | | |
82 |35 |1942 | | |
82 |35 |1955 |4 |(-) |
82 |35 |2026 |8 | |
82 |35 |2112 |8 | |
82 |35 |2212 |8 | |
82 |35 |2243.3 |4 |(10+) |
83 |35 |0.0 | |3/2- |2.374 H 4
83 |35 |356.703 |6 |5/2- |
83 |35 |799.190 |7 |(5/2,7/2)- |
83 |35 |866.878 |7 |7/2- |
83 |35 |871.8 |21 |(1/2-,3/2-) |
83 |35 |988.022 |21 |1/2-,3/2- |
83 |35 |1030.655 |21 |(3/2)- |
83 |35 |1053.78 |8 |1/2-,3/2- |
83 |35 |1092.096 |8 |9/2+ |4.1 NS 1
83 |35 |1114 |3 | |
83 |35 |1238.439 |11 |(5/2,7/2-) |
83 |35 |1352.779 |6 |(5/2)+ |
83 |35 |1421.038 |8 |(7/2-,5/2+) |
83 |35 |1423.1 |20 |+ |
83 |35 |1438.927 |9 |9/2- |1.5 PS 4
83 |35 |1660.08 |9 |1/2-,3/2- |
83 |35 |1700.6 |11 |3/2- |
83 |35 |1701.538 |15 |13/2+ |21 PS 4
83 |35 |1704.1 |18 |+ |
83 |35 |1804.443 |8 |(7/2) |
83 |35 |1810.356 |7 |(7/2+) |
83 |35 |1915.51 |9 |1/2(-),3/2 |
83 |35 |2051.47 |7 |1/2-,3/2- |
83 |35 |2058.746 |9 |(5/2+,7/2,9/2+) |
83 |35 |2073.301 |11 |(5/2-,7/2-) |
83 |35 |2127.33 |13 |11/2- |1.2 PS 4
83 |35 |2134.414 |19 |11/2+ |0.3 PS 2
83 |35 |2240 | |(1/2-,3/2-) |
83 |35 |2338.06 |18 |(11/2+) |
83 |35 |2398.023 |11 |9/2+,7/2+ |
83 |35 |2531.552 |11 | |
83 |35 |2647.146 |8 |(7/2)+ |
83 |35 |2694.261 |8 |(7/2)+ |
83 |35 |2729.6 |18 |1/2-,3/2- |
83 |35 |2738.330 |8 |(9/2)+ |
83 |35 |2759.9 |24 |(1/2-,3/2-) |
83 |35 |2765.83 |20 |17/2+ |1.4 PS 2
83 |35 |2777.077 |22 |(7/2,9/2) |
83 |35 |2788.97 |17 |13/2+ |1.0 PS 4
83 |35 |2809.71 |19 |1/2-,3/2- |
83 |35 |2811.70 |15 |13/2- |
83 |35 |2946.750 |9 |9/2+,11/2+ |
83 |35 |2953.3 |17 |3/2+,5/2+ |
83 |35 |2993.8 |22 | |
83 |35 |3024.21 |18 | |
83 |35 |3034.6 |20 |3/2+,5/2+ |
83 |35 |3050.66 |14 |15/2(+) |
83 |35 |3069.2 |4 |(19/2-) |0.7 US 1
83 |35 |3091.3 |3 |1/2-,3/2- |
83 |35 |3130.6 |23 |1/2+ |
83 |35 |3135.35 |20 |(17/2) |
83 |35 |3137.724 |15 |9/2+,11/2+ |
83 |35 |3260.37 |20 | |
83 |35 |3333.63 |22 |15/2- |
83 |35 |3369.0 |22 | |
83 |35 |3418.7 |4 |(15/2+) |
83 |35 |3441.0 |27 | |
83 |35 |3534.0 |4 | |
83 |35 |3548.4 |23 | |
83 |35 |3613.7 |22 | |
83 |35 |3667.8 |22 | |
83 |35 |3749.3 |22 | |
83 |35 |3804.9 |22 | |
83 |35 |3875.1 |5 | |
83 |35 |3967.5 |22 | |
83 |35 |4016.3 |22 | |
83 |35 |4049.2 |26 | |
83 |35 |4097.6 |25 | |
83 |35 |4160.3 |22 | |
83 |35 |4194.1 |27 | |
83 |35 |4222.3 |3 |(21/2+) |0.3 PS 1
83 |35 |4582.9 |4 | |
83 |35 |5118.6 |6 | |
83 |35 |5391.1 |7 | |
83 |35 |5635.4 |8 | |
83 |35 |SP+4861 |21 | |28 KEV 6
83 |35 |SP+4917 |7 | |25 KEV 6
83 |35 |SP+5079 |6 |1/2+ |38 KEV 1
83 |35 |SP+5121 |6 |5/2+ |37 KEV 2
83 |35 |SP+5400 | | |
83 |35 |SP+5640 |7 |(5/2)+ |45 KEV 11
83 |35 |SP+5903 |10 |5/2+ |14 KEV 2
83 |35 |SP+6233 |10 |5/2+ |33 KEV 2
83 |35 |SP+6267 |10 |1/2+ |32 KEV 1
83 |35 |SP+6917 |10 |5/2+ |20 KEV 6
83 |35 |SP+7056 |10 |(3/2+) |58 KEV 3
83 |35 |SP+7075 |10 |(1/2+) |64 KEV 4
83 |35 |SP+7341 |10 |5/2+ |23 KEV 4
83 |35 |SP+7460 |10 | |
83 |35 |SP+7531 |10 |5/2+ |42 KEV 22
84 |35 |0 | |2- |31.76 M 8
84 |35 |3.2E+2 |10 |(6)- |6.0 M 2
84 |35 |408.2 |4 |1+ |0.14 US LT
84 |35 |849.9 |2 |(7-) |
84 |35 |1821.5 |3 |(7+) |
84 |35 |2015.6 |4 |(8+) |
84 |35 |2016.0 |4 |(8-) |
84 |35 |2290.9 |4 |(9-) |
84 |35 |2710.4 |4 |(10-) |
84 |35 |2741.6 |11 |(9+) |
85 |35 |0.0 | |3/2- |2.90 M 6
85 |35 |344.96 |14 |5/2- |
85 |35 |955.75 |22 |3/2- |
85 |35 |1191.2 |4 |1/2- |
85 |35 |1427.08 |15 |(7/2-) |
85 |35 |1553.13 |23 |(1/2-:7/2-) |
85 |35 |1572.26 |16 |9/2(-) |
85 |35 |1724.6 |4 |(3/2,5/2,7/2) |
85 |35 |1795.1 |5 |1/2- |
85 |35 |1859.34 |23 |(9/2+) |
85 |35 |1943.7 |4 |(1/2-:7/2-) |
85 |35 |2165.64 |17 |(11/2-) |
85 |35 |2310 |31 |3/2- |
85 |35 |2800.3 |3 |(5/2,7/2) |
85 |35 |2991.6 |4 |(11/2+) |
85 |35 |3007.8 |5 |(3/2,5/2,7/2-) |
85 |35 |3326.2 |3 |(13/2-) |
85 |35 |3401 |36 |7/2- |
85 |35 |3421.6 |3 |(13/2+) |
85 |35 |3539.6 |5 |(3/2,5/2,7/2-) |
85 |35 |3644.5 |5 |(3/2,5/2,7/2) |
85 |35 |3680.3 |11 |(3/2,5/2,7/2) |
85 |35 |3685.5 |4 |(13/2+) |
85 |35 |3708.3 |6 |(15/2-) |
85 |35 |3741.6 |3 |(3/2)+ |
85 |35 |3824.4 |4 |(3/2,5/2-) |
85 |35 |3856.2 |4 |(15/2+) |
85 |35 |3955.7 |5 |(15/2) |
85 |35 |3970.2 |4 |(3/2,5/2,7/2)+ |
85 |35 |4000.3 |5 |(3/2,5/2,7/2)+ |
85 |35 |4028.7 |4 |(3/2)+ |
85 |35 |4118.8 |5 |(3/2,5/2,7/2)+ |
85 |35 |4172.2 |10 |(3/2,5/2,7/2) |
85 |35 |4299.2 |5 |(3/2,5/2,7/2)+ |
85 |35 |4341.9 |7 |(17/2-) |
85 |35 |4440.3 |4 |(17/2+) |
85 |35 |4510.8 |6 |(3/2,5/2,7/2-) |
85 |35 |4657.7 |4 |(17/2+) |
85 |35 |4678.7 |4 |(17/2+) |
85 |35 |4907.6 |4 |(19/2+) |
85 |35 |5114.1 |8 |(19/2-) |
85 |35 |5390.6 |11 |(21/2) |
86 |35 |0 | |(1-) |55.1 S 4
86 |35 |5.1 |3 |(2-) |
86 |35 |53.3 |3 |(3-) |
86 |35 |130.5 |4 |(4-) |
86 |35 |207.39 |24 |(1-,2-) |
86 |35 |243.6 |4 |(4-) |
86 |35 |298.2 |4 |(0-:4-) |
86 |35 |435.65 |25 |(1-,2) |
86 |35 |574.7 |4 |(5-) |
86 |35 |1047.2 |3 |(1-,2) |
86 |35 |1170.4 |4 |(1-,2-) |
86 |35 |1494.2 |5 | |
86 |35 |1624.3 |4 |(7+) |
86 |35 |1779.7 |7 | |
86 |35 |1920.2 |7 | |
86 |35 |2446.3 |3 |1+ |
86 |35 |2665.1 |4 |1+ |
86 |35 |2687.4 |5 | |
86 |35 |3073.9 |8 | |
86 |35 |3240.5 |6 | |
86 |35 |3763.3 |7 | |
86 |35 |3814.0 |6 | |
87 |35 |0.0 | |3/2- |55.65 S 13
87 |35 |242.51 |23 |(3/2,5/2,7/2-) |
87 |35 |334.0 |3 | |
87 |35 |573.17 |24 |(3/2,5/2,7/2-) |
87 |35 |710.51 |21 |(3/2,5/2,7/2-) |
87 |35 |1035.5 |6 | |
87 |35 |1878.14 |21 |(3/2+,5/2+) |
87 |35 |3926.4 |4 |(3/2+,5/2+) |
87 |35 |3987.1 |6 |(3/2,5/2,7/2) |
88 |35 |0.0 | |(2-) |16.34 S 8
88 |35 |159.20 |23 |(1-,2-,3-) |
88 |35 |259.2 |3 |(1,2,3+) |
88 |35 |270.1 |5 |(3-,4-,5-) |5.3 US 4
88 |35 |272.7 |3 |(1) |
88 |35 |408.7 |3 |(1) |
88 |35 |566.0 |4 |(1) |
88 |35 |1903.72 |25 |(1+) |
88 |35 |3154.1 |6 |(1+) |
89 |35 |0 | |(3/2-,5/2-) |4.357 S 22
90 |35 |0 | | |1.91 S 1
91 |35 |0.0 | | |0.543 S 4
92 |35 |0.0 | | |0.314 S 16
92 |35 |0.0+X | | |500 NS LT
93 |35 |0 | |(5/2-) |102 MS 10
94 |35 |0.0 | | |70 MS 20
95 |35 |0.0 | | |150 NS GE
96 |35 |0.0 | | |150 NS GE
97 |35 |0.0 | |(3/2-) |300 NS GT
98 |35 |0 | | |634 NS GT
