69 |36 |0.0 | |(5/2-) |28 MS 1
70 |36 |0.0 | |0+ |52 MS 17
71 |36 |0 | |(5/2-) |100 MS 3
72 |36 |0.0 | |0+ |17.1 S 2
72 |36 |671.0 |10 |0+ |26.3 NS 21
72 |36 |709.72 |14 |2+ |3.1 PS 4
72 |36 |1321.40 |20 |4+ |
72 |36 |1849.04 |24 |(3-) |
72 |36 |2112.9 |3 |6+ |
72 |36 |2455.51 |22 |(5-) |
72 |36 |3108.4 |3 |8+ |
72 |36 |3265.5 |20 |(7-) |
72 |36 |3797.1 |7 | |
72 |36 |4282.7 |22 |(9-) |
72 |36 |4293.3 |4 |10+ |
72 |36 |4756.8 |8 | |
72 |36 |5497.0 |22 |(11-) |
72 |36 |5648.4 |4 |12+ |
72 |36 |6048.8 |11 | |
72 |36 |6891.1 |24 |(13-) |
72 |36 |7157.2 |7 |14+ |
72 |36 |7164.2 |14 | |
72 |36 |8447 |3 |(15-) |
72 |36 |8526.4 |10 |(16+) |
72 |36 |8608.5 |16 | |
72 |36 |8745.1 |9 |(16+) |
72 |36 |8820.9 |13 |(16+) |
72 |36 |9766.9 |10 |(18+) |
72 |36 |10040.9 |18 | |
72 |36 |10141 |4 |(17-) |
72 |36 |10558.5 |17 |(18+) |
72 |36 |11233.6 |13 |(20+) |
72 |36 |11536.7 |20 | |
72 |36 |12387.5 |23 |(20+) |
72 |36 |13135.8 |23 | |
72 |36 |13179.6 |16 |(22+) |42 FS 22
72 |36 |14302.6 |24 |(22+) |9.7 FS 35
72 |36 |14914.8 |25 | |
72 |36 |15639.6 |23 |(24+) |
72 |36 |16337 |3 |(24+) |
72 |36 |16976 |4 | |
72 |36 |18474 |3 |(26+) |
72 |36 |18703 |4 |(26+) |
72 |36 |19491 |4 | |
72 |36 |20914 |3 |(28+) |
72 |36 |22420 |4 |(28+) |
72 |36 |22559 |4 | |
72 |36 |23620 |3 |(30+) |
73 |36 |0.0 | |3/2- |27.3 S 10
73 |36 |143.97 |10 |(5/2-) |
73 |36 |367.83 |10 |(5/2+) |
73 |36 |392.88 |13 |(7/2-) |
73 |36 |433.66 |12 |(9/2+) |107 NS 10
73 |36 |511.7 |6 |(7/2+) |
73 |36 |660.07 |13 |(9/2-) |
73 |36 |1003.88 |16 |(11/2-) |
73 |36 |1066.0 |4 |(11/2+) |
73 |36 |1177.77 |23 |(13/2+) |
73 |36 |1372.18 |16 |(13/2-) |
73 |36 |1830.6 |3 |(15/2-) |
73 |36 |1892.1 |4 |(15/2+) |
73 |36 |2069.8 |3 |(17/2+) |
73 |36 |2285.18 |19 |(17/2-) |
73 |36 |2864.6 |4 |(19/2-) |
73 |36 |2937.5 |5 |(19/2+) |
73 |36 |3155.2 |4 |(21/2+) |
73 |36 |3382.29 |22 |(21/2-) |
73 |36 |4087.7 |4 |(23/2-) |
73 |36 |4139.3 |8 |(23/2+) |
73 |36 |4401.3 |4 |(25/2+) |
73 |36 |4645.4 |3 |(25/2-) |
73 |36 |5407.6 |5 |(27/2-) |
73 |36 |5493.4 |22 |(27/2+) |
73 |36 |5504.6 |6 | |
73 |36 |5615.2 |5 |(29/2+) |
73 |36 |6027.4 |5 |(29/2-) |
73 |36 |6567.6 |6 |(31/2-) |
73 |36 |6700 |4 |(31/2+) |
73 |36 |6812.2 |6 |(33/2+) |
73 |36 |7002.1 |9 | |
73 |36 |7330.4 |6 |(33/2-) |
73 |36 |7890.7 |6 |(35/2-) |
73 |36 |8109.2 |7 |(37/2+) |
73 |36 |8741.4 |9 |(37/2-) |
73 |36 |9400.7 |7 |(39/2-) |
73 |36 |9534.2 |8 |(41/2+) |
73 |36 |10356.6 |10 |(41/2-) |
73 |36 |11105.6 |8 |(43/2-) |
73 |36 |11253.3 |10 |(45/2+) |
73 |36 |12099.7 |11 |(45/2-) |
73 |36 |12987.6 |10 |(47/2-) |
73 |36 |13388.3 |15 |(49/2+) |
73 |36 |13967.8 |13 |(49/2-) |
73 |36 |15031.5 |12 |(51/2-) |
73 |36 |16013 |6 |(53/2+) |
73 |36 |16146.8 |15 |(53/2-) |
73 |36 |17334.6 |16 |(55/2-) |
73 |36 |18768.9 |25 |(57/2-) |
73 |36 |19185 |10 |(57/2+) |
73 |36 |20029.6 |19 |(59/2-) |
73 |36 |21930 |10 |(61/2-) |
73 |36 |23237 |5 |(63/2-) |
74 |36 |0.0 | |0+ |11.50 M 11
74 |36 |455.61 |10 |2+ |23.4 PS 4
74 |36 |509 |1 |0+ |13.0 NS 7
74 |36 |1013.32 |14 |4+ |3.60 PS 14
74 |36 |1121.2 |5 | |
74 |36 |1203.2 |4 |(2+) |
74 |36 |1654 | |(0+) |
74 |36 |1742 |1 |(2+) |
74 |36 |1781.38 |23 |6+ |0.67 PS 7
74 |36 |1941.4 |3 |(3+) |
74 |36 |2112 | |(4+) |
74 |36 |2613.01 |25 |(5+) |
74 |36 |2655.73 |25 |(4-) |
74 |36 |2747.93 |25 |8+ |0.195 PS 28
74 |36 |2811.8 |3 |(5-) |
74 |36 |3005.1 |7 |(5-) |
74 |36 |3139.00 |25 |(6-) |
74 |36 |3366.9 |3 |(7-) |
74 |36 |3452.4 |5 |(7+) |
74 |36 |3698.4 |7 |(7-) |
74 |36 |3761.3 |9 |(8+) |
74 |36 |3840.3 |3 |(8-) |
74 |36 |3892.3 |3 |10+ |0.083 PS 21
74 |36 |4132.8 |4 |(9-) |0.82 PS 8
74 |36 |4244 |1 |(1+) |
74 |36 |4469.4 |11 | |
74 |36 |4556.5 |9 |(10+) |
74 |36 |4592.2 |7 |(9-) |
74 |36 |4721.3 |4 |(10-) |
74 |36 |5086.3 |5 |(11-) |0.270 PS 28
74 |36 |5179.6 |4 |12+ |0.084 PS 21
74 |36 |5570.3 |8 |(12+) |
74 |36 |5655.4 |15 | |
74 |36 |5658.1 |9 |(11-) |
74 |36 |5764.2 |4 |(12-) |
74 |36 |6210.6 |5 |(13-) |0.112 PS 21
74 |36 |6515.7 |5 |14+ |0.090 PS 21
74 |36 |6853.1 |8 |(14+) |
74 |36 |6874.3 |12 |(13-) |
74 |36 |6967.2 |11 |(14-) |
74 |36 |7487.6 |6 |(15-) |0.062 PS 14
74 |36 |7858.4 |6 |16+ |0.083 PS 21
74 |36 |8219.3 |16 |(15-) |
74 |36 |8318.2 |15 |(16-) |
74 |36 |8412.5 |12 |(16+) |
74 |36 |8898.0 |7 |(17-) |0.035 PS 14
74 |36 |9305.9 |8 |18+ |0.055 PS 21
74 |36 |9684.3 |19 |(17-) |
74 |36 |9803.2 |18 |(18-) |
74 |36 |9931.4 |12 |(18+) |
74 |36 |10135.5 |15 |(18+) |
74 |36 |10430.4 |8 |(19-) |
74 |36 |10880.9 |13 |20+ |
74 |36 |11051.9 |13 | |
74 |36 |11297.3 |21 |(19-) |
74 |36 |11430.2 |21 |(20-) |
74 |36 |11985.5 |18 |(20+) |
74 |36 |12088.4 |13 |(21-) |
74 |36 |12649.9 |16 |22+ |
74 |36 |13012 |3 |(21-) |
74 |36 |13193.3 |23 |(22-) |
74 |36 |13896.4 |16 |(23-) |
74 |36 |13926 |3 |(22+) |
74 |36 |14686.9 |19 |24+ |
74 |36 |14828 |4 |(23-) |
74 |36 |15126.3 |25 |(24-) |
74 |36 |15907.5 |19 |(25-) |
74 |36 |16011 |4 |(24+) |
74 |36 |17067.0 |22 |26+ |
74 |36 |17299 |4 |(26-) |
74 |36 |18172.5 |22 |(27-) |
74 |36 |19750 |4 |(28-) |
74 |36 |19859 |3 |28+ |
74 |36 |20735 |3 |(29-) |
74 |36 |22575 |4 |(30-) |
74 |36 |23127 |3 |(30+) |
74 |36 |23657 |3 |(31-) |
74 |36 |25854 |4 |(32-) |
74 |36 |26830 |4 |(32+) |
74 |36 |27030 |4 |(33-) |
74 |36 |30936 |4 |(35-) |
75 |36 |0.0 | |5/2+ |4.60 M 7
75 |36 |178.99 |4 |(3/2)- |2.08 NS 35
75 |36 |187.16 |6 |(7/2)+ |36 PS 4
75 |36 |358.13 |5 |(5/2)- |43 PS 10
75 |36 |377.86 |6 |(9/2)+ |13.9 PS 11
75 |36 |611.49 |6 |(7/2)- |5.84 PS 24
75 |36 |629.12 |10 |(1/2+,3/2,5/2) |
75 |36 |671.85 |6 |(3/2-,5/2-) |
75 |36 |726.49 |21 |(9/2+) |
75 |36 |770.04 |7 |(11/2)+ |1.73 PS 11
75 |36 |786.65 |21 |(5/2-) |
75 |36 |833.27 |8 |(1/2-,3/2,5/2) |
75 |36 |880.76 |10 |(1/2-,3/2,5/2) |
75 |36 |904.96 |6 |(9/2)- |2.0 PS 4
75 |36 |1026.5 |3 |(1/2+,3/2,5/2) |
75 |36 |1042.23 |9 |(3/2+,5/2) |
75 |36 |1067.50 |8 |(13/2)+ |1.32 PS 7
75 |36 |1099.4 |3 |(7/2-) |
75 |36 |1265.51 |7 |(11/2)- |0.76 PS 21
75 |36 |1363.79 |21 |(9/2-) |
75 |36 |1528.2 |3 |(13/2+) |
75 |36 |1593.96 |11 |(15/2+) |0.304 PS +15-16
75 |36 |1646.40 |9 |(13/2-) |0.69 PS 21
75 |36 |1755.37 |22 |(11/2+) |
75 |36 |1756.6 |4 |(13/2+) |
75 |36 |1758.87 |19 |(11/2-) |
75 |36 |1964.06 |11 |(17/2+) |0.252 PS +10-24
75 |36 |2109.40 |9 |(15/2-) |0.352 PS +34-28
75 |36 |2113.34 |20 |(13/2-) |
75 |36 |2262.3 |6 | |
75 |36 |2305.9 |5 |(17/2) |
75 |36 |2318.7 |6 | |
75 |36 |2562.61 |12 |(17/2-) |0.239 PS +26-24
75 |36 |2579.1 |3 |(17/2+) |
75 |36 |2610.8 |3 |(15/2-) |
75 |36 |2628.31 |24 |(19/2+) |0.095 PS 12
75 |36 |2655.0 |3 |(15/2-) |
75 |36 |2688.6 |20 | |
75 |36 |2708.7 |3 |(15/2+) |
75 |36 |2818.6 |9 |(17/2+) |
75 |36 |2818.8 |5 |(15/2-) |
75 |36 |2859.8 |13 | |
75 |36 |2918.4 |5 | |
75 |36 |2957.52 |21 |(17/2-) |
75 |36 |3040.2 |4 |(17/2-) |
75 |36 |3049.30 |22 |(21/2+) |0.110 PS +4-13
75 |36 |3110.53 |18 |(19/2-) |0.163 PS +17-23
75 |36 |3189.4 |20 | |
75 |36 |3342.61 |20 |(19/2-) |
75 |36 |3437.0 |14 | |
75 |36 |3464.8 |17 | |
75 |36 |3513.7 |4 |(19/2-) |
75 |36 |3588.1 |8 |(21/2+) |
75 |36 |3623.58 |20 |(21/2-) |0.143 PS LT
75 |36 |3644.7 |9 | |
75 |36 |3766.37 |20 |(21/2-) |
75 |36 |3778.4 |8 |(21/2+) |
75 |36 |3803.5 |5 | |
75 |36 |3823.7 |3 |(23/2+) |0.091 PS +17-14
75 |36 |3943.3 |5 |(21/2-) |
75 |36 |4031.0 |13 |(21/2+) |
75 |36 |4045.0 |16 | |
75 |36 |4129.66 |21 |(23/2-) |
75 |36 |4276.7 |3 |(25/2+) |0.076 PS +7-6
75 |36 |4290.54 |25 |(23/2-) |0.096 PS +26-32
75 |36 |4429.4 |6 |(23/2-) |
75 |36 |4647.6 |17 | |
75 |36 |4683.0 |11 |(25/2+) |
75 |36 |4722.8 |7 |(25/2+) |
75 |36 |4726.7 |12 | |
75 |36 |4737.9 |5 |(25/2-) |
75 |36 |4777.7 |14 | |
75 |36 |4818.2 |3 |(25/2-) |
75 |36 |4959.3 |6 |(25/2-) |
75 |36 |5025.7 |4 |(27/2+) |0.065 PS LT
75 |36 |5159.7 |5 |(27/2-) |
75 |36 |5464.2 |5 |(27/2-) |0.15 PS LT
75 |36 |5537.5 |7 |27/2- |
75 |36 |5557.5 |4 |(29/2+) |0.067 PS +9-12
75 |36 |5796.8 |13 |(29/2+) |
75 |36 |5920.6 |6 |(29/2-) |
75 |36 |5938.5 |7 |(29/2+) |
75 |36 |5972 |3 | |
75 |36 |6043.9 |6 |(29/2-) |
75 |36 |6137.5 |8 |(29/2-) |
75 |36 |6310.2 |5 |(31/2+) |
75 |36 |6356.1 |7 |(31/2-) |
75 |36 |6685.7 |6 |(31/2-) |
75 |36 |6828.3 |10 |(31/2-) |
75 |36 |6890.6 |5 |(33/2+) |0.072 PS LT
75 |36 |7034.8 |16 |(33/2+) |
75 |36 |7242.2 |9 |(33/2-) |
75 |36 |7363.8 |8 |(33/2-) |
75 |36 |7433.9 |8 |(33/2+) |
75 |36 |7497.5 |13 |(33/2-) |
75 |36 |7508 |4 | |
75 |36 |7593 |3 | |
75 |36 |7724.9 |10 |(35/2-) |
75 |36 |7841.7 |7 |(35/2+) |
75 |36 |8036.8 |9 |(35/2-) |
75 |36 |8301.3 |14 |(35/2-) |
75 |36 |8388.8 |7 |(37/2+) |
75 |36 |8401.9 |19 |(37/2+) |
75 |36 |8695.9 |11 |(37/2-) |
75 |36 |8838.5 |12 |(37/2-) |
75 |36 |8920.8 |21 | |
75 |36 |9069.5 |16 |(37/2-) |
75 |36 |9134.0 |13 |(37/2+) |
75 |36 |9276.7 |16 |(39/2-) |
75 |36 |9526.7 |11 |(39/2-) |
75 |36 |9642.7 |12 |(39/2+) |
75 |36 |9903.2 |21 |(41/2+) |
75 |36 |9971.0 |21 |(41/2+) |
75 |36 |9971.3 |17 |(39/2-) |
75 |36 |10194.2 |21 |41/2(+) |
75 |36 |10279.6 |14 |(41/2-) |
75 |36 |10491 |3 | |
75 |36 |10500.6 |16 |(41/2-) |
75 |36 |10855.5 |19 |(41/2-) |
75 |36 |11027.9 |15 |(43/2-) |
75 |36 |11147.7 |13 |(43/2-) |
75 |36 |11421.8 |24 | |
75 |36 |11545.2 |24 |(45/2+) |
75 |36 |11678.8 |16 |(43/2+) |
75 |36 |11785.2 |23 |(45/2+) |
75 |36 |11832.3 |20 |(43/2-) |
75 |36 |12020.2 |17 |(45/2-) |
75 |36 |12086.2 |24 |(45/2+) |
75 |36 |12139.8 |23 |(45/2+) |
75 |36 |12378.6 |19 |(45/2-) |
75 |36 |12862 |3 |(45/2-) |
75 |36 |12991.0 |17 |(47/2-) |
75 |36 |13017.8 |15 |(47/2-) |
75 |36 |13365 |3 |(49/2+) |
75 |36 |13996.2 |25 |(49/2+) |
75 |36 |14012.3 |20 |(49/2-) |
75 |36 |14173 |3 |(49/2+) |
75 |36 |14330 |3 |(49/2+) |
75 |36 |14405 |3 |(49/2-) |
75 |36 |15018 |4 |(49/2-) |
75 |36 |15216.7 |18 |(51/2-) |
75 |36 |15359 |3 |(53/2+) |
75 |36 |16352.3 |22 |(53/2-) |
75 |36 |16667 |4 |(53/2+) |
75 |36 |17602 |3 |(57/2+) |
75 |36 |17643 |4 |(55/2-) |
75 |36 |19135 |3 |(57/2-) |
76 |36 |0.0 | |0+ |14.8 H 1
76 |36 |423.96 |7 |2+ |24.9 PS 7
76 |36 |769.87 |10 |0+ |
76 |36 |1034.62 |10 |4+ |3.3 PS 3
76 |36 |1221.65 |7 |2+ |1 PS AP
76 |36 |1598.0 |10 |( 4) |
76 |36 |1687.28 |9 |2+ |
76 |36 |1733.29 |12 |(3+) |1 PS AP
76 |36 |1859.0 |6 |6+ |0.83 PS 7
76 |36 |1957.3 |3 |4+ |0.90 PS 30
76 |36 |2091.44 |12 |(1,2+) |
76 |36 |2104.31 |15 |(1,2+) |
76 |36 |2227.17 |10 |(2-) |
76 |36 |2257.41 |10 |3- |
76 |36 |2452.1 |5 |(5+) |0.76 PS 30
76 |36 |2570.95 |8 |(1,2+) |
76 |36 |2601 |15 | |
76 |36 |2622.2 |5 |(4-) |
76 |36 |2682.6 |7 |(5-) |
76 |36 |2697 |15 |2+ |
76 |36 |2763.0 |6 |(6+) |
76 |36 |2774.87 |12 |(0+,1,2) |
76 |36 |2816.7 |3 |(1,2+) |
76 |36 |2872 |15 |3- |
76 |36 |2878.7 |6 |8+ |0.22 PS 2
76 |36 |2926.54 |12 |(0,1,2) |
76 |36 |3024.18 |12 |(1-,2) |
76 |36 |3175.4 |7 |(6-) |
76 |36 |3246 |15 | |
76 |36 |3287.5 |7 |(7-) |0.26 PS 4
76 |36 |3332.0 |7 |(7+) |0.71 PS 21
76 |36 |3457 |15 | |
76 |36 |3571.0 |9 |(8+) |
76 |36 |3629 |15 | |
76 |36 |3796 |15 | |
76 |36 |3902.1 |12 |(8-) |
76 |36 |3978 |15 | |
76 |36 |4067.9 |12 |10+ |0.104 PS 14
76 |36 |4071.9 |8 |(9-) |0.35 PS 8
76 |36 |4403.0 |12 |(9+) |0.29 PS 7
76 |36 |4807.6 |13 |(10-) |
76 |36 |5050.4 |10 |(11-) |0.12 PS 5
76 |36 |5347.0 |15 |(12+) |0.17 PS 4
76 |36 |5874.2 |14 |(12-) |
76 |36 |6219.2 |12 |(13-) |0.24 PS 6
76 |36 |6647.0 |16 |(14+) |
76 |36 |7109.7 |15 |(14-) |
76 |36 |7577.2 |13 |(15-) |
76 |36 |7996.3 |18 |(16+) |
76 |36 |8520.9 |18 |(16-) |
76 |36 |9110.7 |15 |(17-) |
76 |36 |9396.0 |19 |(18+) |
76 |36 |10056.5 |21 |(18-) |
76 |36 |10725.8 |18 |(19-) |
76 |36 |10930 |3 |(20+) |
76 |36 |11650 |3 |(20-) |
76 |36 |12686 |3 |(22+) |
76 |36 |13347 |4 |(22-) |
76 |36 |14735 |3 |(24+) |
77 |36 |0.0 | |5/2+ |74.4 M 6
77 |36 |66.50 |5 |3/2- |118 NS 12
77 |36 |149.93 |9 |7/2+ |163 PS 14
77 |36 |245.32 |6 |5/2- |37 PS 4
77 |36 |278.83 |12 |9/2+ |133 PS 7
77 |36 |459.88 |9 |1/2- |
77 |36 |499.50 |11 |7/2- |5.2 PS 8
77 |36 |577.2 |6 |(3/2-,5/2,7/2-) |
77 |36 |674.98 |21 |(3/2+,5/2) |
77 |36 |714.36 |8 |(1/2-,3/2,5/2-) |
77 |36 |733.3 |6 |(1/2,3/2,5/2) |
77 |36 |747.17 |23 |(3/2+,5/2) |
77 |36 |784.1 |3 |11/2+ |1.5 PS 4
77 |36 |790.53 |12 |(1/2-,3/2,5/2) |
77 |36 |799.11 |13 |9/2- |2.6 PS 3
77 |36 |872.01 |7 |(3/2,5/2) |
77 |36 |955.5 |7 |(3/2+,5/2) |
77 |36 |957.83 |10 | |
77 |36 |1002.6 |3 |13/2+ |1.87 PS 21
77 |36 |1013.0 |6 |(1/2+,3/2,5/2-) |
77 |36 |1020.77 |22 | |
77 |36 |1024.8 |6 |(3/2,5/2) |
77 |36 |1037.42 |6 |(3/2,5/2) |
77 |36 |1055.5 |10 | |
77 |36 |1108.65 |12 |(5/2) |
77 |36 |1154.2 |7 | |
77 |36 |1176.44 |15 |11/2- |1.19 PS 12
77 |36 |1243.09 |14 |(1/2+,3/2,5/2-) |
77 |36 |1312.44 |15 |1/2,3/2,5/2(-) |
77 |36 |1444.1 |7 |1/2,3/2,5/2 |
77 |36 |1509.5 |7 |(3/2+,5/2) |
77 |36 |1568.36 |16 |13/2- |0.64 PS 9
77 |36 |1658.9 |3 |15/2+ |0.62 PS 15
77 |36 |1672.48 |12 |(3/2,5/2) |
77 |36 |1782.23 |11 |1/2,3/2,5/2 |
77 |36 |1838.37 |8 |(1/2+,3/2,5/2) |
77 |36 |1865.6 |9 |(3/2+,5/2) |
77 |36 |1907.6 |12 |(3/2-,5/2-) |
77 |36 |1913.49 |13 |(1/2-,3/2,5/2) |
77 |36 |1917.1 |4 |17/2+ |0.48 PS 11
77 |36 |2025.73 |7 |1/2-,3/2-,5/2- |
77 |36 |2061.97 |25 |15/2- |0.58 PS 12
77 |36 |2140 | | |
77 |36 |2280 | | |
77 |36 |2390 | | |
77 |36 |2519.1 |3 |17/2- |0.35 PS 7
77 |36 |2560 | | |
77 |36 |2605.1 |7 |(15/2-) |
77 |36 |2706.7 |5 |19/2+ |0.30 PS 9
77 |36 |2822.66 |19 |(3/2-,5/2-) |
77 |36 |2938.1 |3 |(17/2-) |
77 |36 |2988.8 |5 |21/2+ |0.17 PS 3
77 |36 |3007.68 |19 |(3/2,5/2)- |
77 |36 |3054.30 |15 |(1/2-,3/2-,5/2-) |
77 |36 |3110.4 |4 |19/2- |0.35 PS 7
77 |36 |3255.0 |3 |(19/2-) |
77 |36 |3602.6 |4 |21/2- |0.39 PS LT
77 |36 |3678.4 |5 |(21/2-) |
77 |36 |3769.0 |5 |23/2+ |0.21 PS 4
77 |36 |4025.2 |3 |(23/2-) |
77 |36 |4151.2 |5 |25/2+ |0.111 PS 21
77 |36 |4232.2 |5 |(23/2-) |
77 |36 |4642.9 |4 |(25/2-) |
77 |36 |4744.2 |5 |(25/2-) |
77 |36 |4811.0 |6 |27/2+ |0.17 PS 4
77 |36 |5019.6 |5 |(27/2-) |
77 |36 |5353.9 |7 |(27/2-) |
77 |36 |5373.5 |6 |29/2+ |0.16 PS 4
77 |36 |5829.6 |11 |(29/2-) |
77 |36 |5965.4 |7 |(29/2-) |
77 |36 |6081.3 |7 |31/2+ |0.111 PS LT
77 |36 |6207.6 |12 |(31/2-) |
77 |36 |6670.7 |8 |(31/2-) |0.17 PS LT
77 |36 |6703.5 |8 |(33/2+) |0.055 PS 14
77 |36 |7179.2 |23 |(33/2-) |
77 |36 |7389.3 |10 |(33/2-) |
77 |36 |7572.6 |13 |(35/2-) |
77 |36 |7639.4 |10 |35/2+ |
77 |36 |8208.3 |11 |37/2+ |0.076 PS LT
77 |36 |8677 |3 |(37/2-) |
77 |36 |8969.3 |11 |(37/2-) |
77 |36 |9116.8 |14 |(39/2-) |
77 |36 |9487.3 |16 |39/2+ |
77 |36 |9905.3 |14 |41/2+ |
77 |36 |10336 |5 |(41/2-) |
77 |36 |10853.7 |15 |(43/2-) |
77 |36 |11747.5 |19 |(45/2+) |
77 |36 |11839.9 |19 |(45/2+) |
77 |36 |12183 |6 |(45/2-) |
77 |36 |12796.6 |16 |(47/2-) |
77 |36 |14955.4 |19 |(51/2-) |
77 |36 |17354 |3 |(55/2-) |
78 |36 |0.0 | |0+ |STABLE
78 |36 |455.033 |23 |2+ |21.6 PS 7
78 |36 |1017.18 |3 |0+ |10.8 PS 9
78 |36 |1119.48 |4 |4+ |2.52 PS 12
78 |36 |1147.901 |24 |2+ |3.3 PS 6
78 |36 |1564.76 |4 |3+ |4.73 PS 35
78 |36 |1653.9 |4 | |
78 |36 |1755.86 |3 |2+ |5.3 PS 4
78 |36 |1772.93 |4 |(1,2)+ |
78 |36 |1872.91 |4 |4+ |1.58 PS 17
78 |36 |1977.91 |7 |6+ |0.65 PS 7
78 |36 |2007.41 |5 |(0to3) |
78 |36 |2234.19 |4 |(0:4)+ |
78 |36 |2240.69 |5 |(1,2)+ |
78 |36 |2299.78 |5 |5+ |0.57 PS 16
78 |36 |2399.03 |5 |3- |0.62 PS 14
78 |36 |2413.41 |11 |2+,3+,4+ |
78 |36 |2443.37 |5 |(1,2)+ |
78 |36 |2472.0 |5 |(2,3) |
78 |36 |2508.02 |9 | |
78 |36 |2573.36 |7 |1-,2-,3- |
78 |36 |2656.12 |5 |(0,1) |
78 |36 |2677.63 |9 |3- |
78 |36 |2731.7 |4 |(6+) |1.5 PS 7
78 |36 |2749.75 |7 |5- |1.36 PS 21
78 |36 |2764.10 |5 |(4)- |1.9 PS 5
78 |36 |2882.07 |9 |3- |
78 |36 |2882.84 |7 |(1) |
78 |36 |2890.66 |11 |(4-) |
78 |36 |2901.82 |24 |(4,5,6+) |
78 |36 |2968.48 |19 | |
78 |36 |2992.55 |7 | |
78 |36 |2993.52 |12 |8+ |0.31 PS 3
78 |36 |2999.37 |8 |3- |
78 |36 |3036.5 |5 | |
78 |36 |3064.71 |10 |(5)- |1.0 PS +8-4
78 |36 |3072.40 |7 |(5-) |
78 |36 |3105.36 |6 |3-,4-,5- |
78 |36 |3137.4 |3 | |
78 |36 |3161.18 |6 |3- |
78 |36 |3202.7 |3 |(7)+ |0.50 PS 14
78 |36 |3219.88 |22 |(6-) |5.0 PS 14
78 |36 |3230.48 |5 |(1) |
78 |36 |3233.55 |6 |3-,4- |
78 |36 |3288.36 |10 |7- |1.95 PS 21
78 |36 |3337.86 |25 | |
78 |36 |3340.64 |24 |(6-) |
78 |36 |3361.12 |11 |4-,5-,6- |
78 |36 |3437.42 |5 |(1) |
78 |36 |3440.4 |4 | |
78 |36 |3539.07 |4 |(1) |
78 |36 |3548.1 |4 | |
78 |36 |3575.08 |6 |(1) |
78 |36 |3607.6 |4 |7- |1.7 PS 5
78 |36 |3662.17 |5 |(1) |
78 |36 |3669.22 |6 |3-,4- |
78 |36 |3703.9 |3 |(7-) |
78 |36 |3725.48 |6 |3+,4+ |
78 |36 |3749.14 |9 |(3,4,5-) |
78 |36 |3770.9 |5 |(8+) |0.186 PS 30
78 |36 |3771.32 |25 |(7-) |0.62 PS +49-21
78 |36 |3774.59 |5 |(3)- |
78 |36 |3791.7 |5 | |0.7 PS GT
78 |36 |3829.45 |6 |(1) |
78 |36 |3893.27 |5 |(1) |
78 |36 |3918.4 |3 |(8-) |0.95 PS 21
78 |36 |3919.7 |6 | |
78 |36 |3922.8 |4 | |
78 |36 |3937.57 |4 |(1) |
78 |36 |4007.80 |5 |(1) |
78 |36 |4028.75 |14 |(9-) |0.81 PS 7
78 |36 |4040.39 |5 |(1) |
78 |36 |4089.32 |5 |(1) |
78 |36 |4106.0 |3 |10+ |0.21 PS 3
78 |36 |4201.68 |8 |(1) |
78 |36 |4213.3 |4 |(8-) |
78 |36 |4253.7 |5 |(9+) |0.19 PS 6
78 |36 |4396.5 |4 |(10+) |0.146 PS 28
78 |36 |4420.86 |9 |(1) |
78 |36 |4673.1 |5 |(9-) |
78 |36 |4732.0 |7 |(9-) |
78 |36 |4808.5 |3 |(10-) |1.6 PS LT
78 |36 |4858.7 |5 |(10+) |
78 |36 |4955.4 |7 |(10+) |0.45 PS 17
78 |36 |4965.86 |24 |(11-) |0.34 PS 6
78 |36 |5011.52 |7 |(1) |
78 |36 |5061.68 |17 |(1) |
78 |36 |5180.74 |8 |(1) |
78 |36 |5192.50 |11 |(1) |
78 |36 |5217.1 |7 |(10-) |
78 |36 |5217.8 |5 |12+ |0.18 PS 3
78 |36 |5222.58 |11 |(1) |
78 |36 |5244.01 |8 |(1) |
78 |36 |5333.04 |12 |(1) |
78 |36 |5369.56 |15 |(1) |
78 |36 |5441.7 |11 |(11+) |0.21 PS 8
78 |36 |5529.19 |11 |(1) |
78 |36 |5543.68 |16 |(1) |
78 |36 |5567.79 |16 |(1) |
78 |36 |5586.08 |16 |(1) |
78 |36 |5776.3 |9 |(11-) |
78 |36 |5838.0 |12 |(11-) |
78 |36 |5855.0 |6 |(12-) |
78 |36 |6087.2 |8 |(13-) |0.14 PS 3
78 |36 |6305.1 |12 |(12-) |
78 |36 |6480.3 |6 |14+ |0.092 PS 21
78 |36 |6832.7 |13 |(13+) |
78 |36 |6853.3 |13 |(13-) |
78 |36 |7066.8 |9 |(14-) |
78 |36 |7392.5 |11 |(15-) |0.083 PS 28
78 |36 |7457.1 |13 |(14-) |
78 |36 |7938.0 |10 |16+ |0.152 PS 35
78 |36 |8469.2 |12 |(16-) |
78 |36 |8882.4 |14 |(17-) |
78 |36 |9570.0 |14 |18+ |0.061 PS 23
78 |36 |10061.2 |16 |(18-) |
78 |36 |10551.4 |17 |(19-) |
78 |36 |11314.0 |18 |20+ |0.072 PS 35
78 |36 |12389.4 |20 |(21-) |
78 |36 |13159.0 |20 |22+ |0.062 PS 35
78 |36 |15163.2 |21 |(24+) |0.64 PS LT
78 |36 |15198.8 |21 |(24+) |
78 |36 |17296.5 |21 |(26+) |
79 |36 |0.0 | |1/2- |35.04 H 10
79 |36 |129.77 |5 |7/2+ |50 S 3
79 |36 |147.06 |6 |5/2- |78.7 NS 10
79 |36 |148.88 |6 |9/2+ |
79 |36 |182.78 |5 |3/2- |0.21 NS 10
79 |36 |290.52 |5 |5/2+ |0.62 NS 14
79 |36 |384.11 |6 |3/2- |21 PS 8
79 |36 |401.92 |6 |5/2- |33 PS 5
79 |36 |449.95 |6 |7/2- |51 PS 10
79 |36 |533.41 |6 |1/2+ |
79 |36 |635.79 |8 |5/2+ |10 PS +7-4
79 |36 |659.28 |9 |(5/2)- |
79 |36 |673.14 |10 |7/2(+) |
79 |36 |675.8 |6 |(1/2+,3/2,5/2-) |
79 |36 |688.17 |5 |3/2+ |
79 |36 |694.90 |9 |(7/2)- |5.5 PS 21
79 |36 |719.2 |7 |( 7/2) |
79 |36 |752.04 |6 |5/2+ |21 PS +7-4
79 |36 |809.5 |3 |1/2- |
79 |36 |814.27 |8 |9/2- |4.2 PS 14
79 |36 |835.5 |3 |(3/2) |
79 |36 |896.69 |9 |11/2+ |1.50 PS 16
79 |36 |907.23 |14 |(3/2,5/2-) |
79 |36 |931.1 |7 |(1/2,3/2,5/2-) |
79 |36 |958.31 |12 |(9/2+) |7 PS +7-4
79 |36 |975.92 |9 |(13/2)+ |1.98 PS 12
79 |36 |983.71 |11 |(7/2)- |6 PS 3
79 |36 |987.0 |6 |(1/2,3/2,5/2-) |
79 |36 |1038.84 |24 |(11/2)+ |
79 |36 |1063.48 |9 |9/2- |2.1 PS 7
79 |36 |1064.68 |7 |(5/2+,7/2) |
79 |36 |1079.13 |12 |(5/2+,7/2) |
79 |36 |1132.26 |8 |(3/2,5/2-) |
79 |36 |1171.49 |9 |11/2- |2.8 PS 7
79 |36 |1200.4 |6 |(3/2,5/2,7/2-) |0.55 PS 14
79 |36 |1299.91 |17 |(5/2+) |0.49 PS 14
79 |36 |1333.8 |10 |( 7/2) |
79 |36 |1363.15 |17 |(9/2-) |
79 |36 |1428.17 |8 |(5/2+) |0.42 PS 14
79 |36 |1450.59 |12 |(11/2-) |1.2 PS 4
79 |36 |1474.62 |6 |(3/2) |
79 |36 |1502.4 |10 |(1/2,3/2,5/2+) |
79 |36 |1507.9 |4 |(9/2,11/2) |
79 |36 |1549.8 |10 |( 7/2) |
79 |36 |1568.1 |10 |( 7/2) |0.42 PS 14
79 |36 |1598.5 |10 |( 9/2) |
79 |36 |1606.5 |10 |( 9/2) |
79 |36 |1609.93 |6 |(3/2+,5/2+) |
79 |36 |1662.05 |16 |(13/2+) |
79 |36 |1662.22 |11 |(13/2)- |0.77 PS 18
79 |36 |1707.35 |10 |(5/2+,7/2) |0.28 PS 7
79 |36 |1803.1 |11 | |
79 |36 |1812.41 |11 |(5/2+) |
79 |36 |1850.7 |10 |(13/2) |
79 |36 |1884.73 |13 |15/2+ |0.34 PS 3
79 |36 |1912 | |1/2+ |
79 |36 |1915.81 |14 |13/2- |0.81 PS 18
79 |36 |2002.18 |14 |(17/2)+ |0.55 PS 5
79 |36 |2056.72 |14 |15/2- |0.61 PS 5
79 |36 |2060 | |5/2+ |
79 |36 |2105.19 |19 |(5/2+,7/2-) |
79 |36 |2135.6 |4 |(15/2+) |
79 |36 |2366.58 |19 |(3/2,5/2) |
79 |36 |2415.59 |24 |(15/2-) |0.62 PS 14
79 |36 |2583.83 |14 |(5/2+) |
79 |36 |2586.29 |11 |(3/2+) |
79 |36 |2643.27 |16 |(17/2)- |0.83 PS 21
79 |36 |2768 | |7/2+,9/2+ |
79 |36 |2857.32 |20 |(17/2-) |1.2 PS +8-6
79 |36 |2930.24 |17 |(17/2)- |0.8 PS 4
79 |36 |2979.38 |18 |(19/2)+ |0.21 PS 4
79 |36 |3061.92 |19 |19/2- |0.69 PS 21
79 |36 |3146.15 |21 |(21/2)+ |0.30 PS 6
79 |36 |3214.39 |16 |19/2- |1.9 PS +12-11
79 |36 |3288.6 |11 |(19/2+) |
79 |36 |3383.2 |4 |(19/2-) |
79 |36 |3585.58 |18 |(21/2)- |0.7 PS +6-4
79 |36 |3619.01 |23 |(21/2+) |0.49 PS 14
79 |36 |3655.4 |4 |(21/2)- |0.55 PS 21
79 |36 |3846.17 |22 |(23/2)+ |0.21 PS 7
79 |36 |4063.3 |11 |(21/2-) |
79 |36 |4087.65 |25 |(23/2-) |0.42 PS 21
79 |36 |4133.11 |24 |(23/2-) |
79 |36 |4299.79 |25 |(25/2+) |0.24 PS 4
79 |36 |4657.7 |4 |(25/2+) |
79 |36 |4708.8 |5 |(25/2-) |
79 |36 |4899.8 |3 |(27/2+) |0.21 PS 7
79 |36 |5165.0 |6 |(27/2-) |
79 |36 |5524.0 |3 |(29/2+) |
79 |36 |5993.8 |21 |(29/2-) |
79 |36 |6250.2 |4 |(31/2+) |
79 |36 |6446.4 |10 |(31/2-) |
79 |36 |6890.7 |5 |(33/2+) |
79 |36 |7903.7 |8 |(35/2+) |
79 |36 |8400.8 |8 |(37/2+) |
79 |36 |8409 |17 |(3/2-) |
79 |36 |9704 |4 |(39/2+) |
79 |36 |10039.8 |22 |(41/2+) |
79 |36 |11822 |4 |(45/2+) |
80 |36 |0.0 | |0+ |STABLE
80 |36 |616.60 |10 |2+ |8.3 PS 5
80 |36 |1256.24 |12 |2+ |7.6 PS 14
80 |36 |1320.51 |22 |0+ |4.9 PS 21
80 |36 |1436.09 |16 |4+ |1.07 PS 15
80 |36 |1787.99 |14 |3+ |7.1 PS 9
80 |36 |2145.88 |16 |4+ |0.76 PS 42
80 |36 |2392.06 |18 |6+ |0.56 PS 14
80 |36 |2439.21 |22 |3- |1.4 PS +14-5
80 |36 |2659.74 |18 |5+ |0.83 PS 28
80 |36 |2793.05 |17 |4- |2.1 PS 4
80 |36 |2859.53 |17 |5- |2.4 PS 11
80 |36 |2969 |15 |3- |
80 |36 |2997.6 |4 | |
80 |36 |3039.57 |22 |(5-) |1.5 PS 4
80 |36 |3041.74 |17 |6- |2.2 NS 2
80 |36 |3110.21 |21 |(6+) |0.83 PS +62-35
80 |36 |3172.81 |24 |(5,6,7-) |
80 |36 |3345.81 |18 |6- |4.9 PS 21
80 |36 |3409.98 |23 |8+ |0.28 PS +28-14
80 |36 |3488.0 |3 |(6-) |
80 |36 |3530.31 |19 |7- |
80 |36 |3558.66 |21 |(7)- |
80 |36 |3581.69 |19 |7- |2.7 PS 3
80 |36 |3635.3 |4 |(7+) |0.7 PS GE
80 |36 |3699.75 |25 |8+ |
80 |36 |3916.6 |4 |(8+) |0.14 PS LE
80 |36 |4126.23 |20 |(8-) |1.7 PS GE
80 |36 |4153.2 |11 |(8+) |
80 |36 |4163.2 |3 |(8-) |
80 |36 |4377.9 |3 |10+ |0.40 PS +8-7
80 |36 |4393.70 |24 |(9-) |
80 |36 |4562.47 |25 |(9-) |
80 |36 |4648.9 |3 |(10+) |0.49 PS 21
80 |36 |4975.1 |6 |(10+) |
80 |36 |5159.0 |4 |(10-) |
80 |36 |5374.6 |5 |(10-) |
80 |36 |5397.4 |4 |(11-) |
80 |36 |5437.8 |4 |12+ |0.23 PS +4-5
80 |36 |5665.5 |4 |(11-) |
80 |36 |5889.9 |5 |(12+) |
80 |36 |6181.2 |6 |(12-) |
80 |36 |6522.2 |6 |(13-) |
80 |36 |6681.4 |6 |14+ |0.18 PS +6-5
80 |36 |7221.6 |9 |(14+) |
80 |36 |7771.0 |9 |(15-) |
80 |36 |8087.9 |9 |(16+) |0.21 PS 8
80 |36 |8564.6 |13 |(16+) |
80 |36 |9195.2 |11 |(17-) |
80 |36 |9690.6 |11 |(18+) |0.12 PS 5
80 |36 |10844.3 |15 |(19-) |
80 |36 |11483.6 |23 |(20+) |0.10 PS LT
81 |36 |0.0 | |7/2+ |2.29E+5 Y 11
81 |36 |49.57 |3 |9/2+ |3.9 NS 4
81 |36 |190.64 |4 |1/2- |13.10 S 3
81 |36 |456.74 |4 |5/2- |
81 |36 |548.98 |3 |5/2+ |
81 |36 |608.51 |5 |3/2+,5/2+ |
81 |36 |636.77 |4 |3/2- |
81 |36 |700.80 |5 |(5/2)- |
81 |36 |732.02 |6 |(5/2)+ |
81 |36 |873.68 |10 |(11/2)+ |
81 |36 |902.54 |7 |(7/2)- |
81 |36 |919.81 |6 |3/2- |
81 |36 |934.13 |17 |(11/2)+ |0.19 PS 6
81 |36 |976.18 |13 |(13/2)+ |1.5 PS 6
81 |36 |976.65 |9 |1/2+ |
81 |36 |981.59 |10 |(9/2+) |
81 |36 |994.34 |5 |(1/2,3/2,5/2)- |
81 |36 |1014.83 |12 | |
81 |36 |1025.64 |4 |3/2-,5/2- |
81 |36 |1093.5 |10 | |
81 |36 |1100.03 |7 |5/2+ |
81 |36 |1206.62 |9 |(7/2) |
81 |36 |1239.05 |8 |(3/2)+ |
81 |36 |1278.25 |13 |(1/2,3/2) |
81 |36 |1280.53 |8 |(1/2+,3/2,5/2-) |
81 |36 |1338.30 |13 | |
81 |36 |1349.07 |18 |(9/2)- |
81 |36 |1351.15 |10 |(3/2+,5/2,7/2-) |
81 |36 |1395.76 |16 |(3/2+,5/2,7/2-) |
81 |36 |1443.23 |11 |(9/2)- |
81 |36 |1491.64 |18 |1/2+ |
81 |36 |1506.21 |8 |(3/2+,5/2,7/2) |
81 |36 |1558.3 |4 |1/2,3/2,5/2 |
81 |36 |1607.61 |22 |(13/2)+ |3.5 PS 21
81 |36 |1677.98 |5 |1/2-,3/2- |
81 |36 |1682.7 |4 |7/2,9/2,11/2(+) |
81 |36 |1688.0 |3 |7/2,9/2,11/2(+) |
81 |36 |1743.61 |9 |(7/2)+ |
81 |36 |1744.77 |12 |(1/2)- |
81 |36 |1781.8 |5 |7/2,9/2,11/2(+) |
81 |36 |1828.90 |18 |(11/2-) |
81 |36 |1841.7 |11 |(13/2+) |
81 |36 |1853.97 |21 | |
81 |36 |1888 | |5/2+ |
81 |36 |1902.6 |6 |7/2,9/2,11/2(+) |
81 |36 |1990.93 |17 | |
81 |36 |1993.54 |19 |(15/2)+ |0.15 PS 6
81 |36 |2021.28 |21 | |
81 |36 |2064.83 |12 |(1/2,3/2)- |
81 |36 |2069.1 |11 | |
81 |36 |2096.89 |21 |(1/2,3/2,5/2-) |
81 |36 |2135.71 |23 |(17/2)+ |0.40 PS 8
81 |36 |2143.91 |21 |(1/2,3/2,5/2-) |
81 |36 |2165.90 |12 |(13/2)- |
81 |36 |2192.4 |4 |(15/2+) |2.1 PS GT
81 |36 |2217.2 |10 |(13/2)+ |
81 |36 |2218 | |5/2+ |
81 |36 |2290.57 |22 |(5/2+,7/2,9/2-) |
81 |36 |2363.0 |11 | |
81 |36 |2365 | |1/2+ |
81 |36 |2420.08 |16 |(13/2-) |
81 |36 |2421 | |1/2+ |
81 |36 |2530 | | |
81 |36 |2533.40 |14 |(15/2)- |1.4 PS 7
81 |36 |2680 | | |
81 |36 |2694.7 |3 |(17/2+) |
81 |36 |2699.44 |16 |(17/2)- |0.2 NS LT
81 |36 |2784.1 |4 |(15/2) |
81 |36 |2827.97 |16 |(17/2)- |2.4 PS 8
81 |36 |2830 | | |
81 |36 |3061.46 |17 |(19/2-) |1.5 PS 6
81 |36 |3070 | | |
81 |36 |3092.3 |4 |(17/2) |1.9 PS 6
81 |36 |3195.5 |3 |(19/2)+ |0.14 PS 6
81 |36 |3270 | | |
81 |36 |3310 | | |
81 |36 |3392.7 |3 |(21/2)+ |0.27 PS 6
81 |36 |3455.8 |7 |(19/2) |
81 |36 |3460 | | |
81 |36 |3490.6 |8 |(21/2-) |1.8 PS 8
81 |36 |3558.0 |4 |(19/2+) |
81 |36 |3623.9 |3 |(21/2)+ |0.33 PS 6
81 |36 |3630 | | |
81 |36 |3649.8 |4 |(21/2-) |
81 |36 |3750 | | |
81 |36 |3820 | | |
81 |36 |3854.8 |12 |(21/2) |
81 |36 |3957.0 |3 |(23/2)+ |0.28 PS 5
81 |36 |4099.3 |8 |(23/2-) |1.9 PS 6
81 |36 |4180 | | |
81 |36 |4300.8 |9 |(23/2-) |
81 |36 |4470 | | |
81 |36 |4472.1 |5 |(25/2)+ |0.16 PS 6
81 |36 |4560 | | |
81 |36 |4690 | | |
81 |36 |4714.1 |9 |(25/2-) |1.0 PS 6
81 |36 |4820 | | |
81 |36 |4960 | | |
81 |36 |5047.4 |5 |(27/2)+ |0.10 PS 4
81 |36 |5130 | | |
81 |36 |5759.4 |11 |(29/2+) |
81 |36 |9717 |15 |3/2- |
82 |36 |0.0 | |0+ |STABLE
82 |36 |776.520 |3 |2+ |4.45 PS 14
82 |36 |1474.897 |5 |2+ |15 PS AP
82 |36 |1487.60 |7 |0+ |10 PS 3
82 |36 |1820.530 |5 |4+ |0.67 PS 25
82 |36 |1885 | | |
82 |36 |1956.776 |17 |(2+) |0.8 PS AP
82 |36 |2094.011 |5 |3+ |
82 |36 |2171.67 |3 |0+ |2 PS AP
82 |36 |2426.881 |6 |(4+) |0.57 PS 11
82 |36 |2450.09 |9 |0(+),1,2 |
82 |36 |2479.72 |3 |1+,2+ |
82 |36 |2509.0 |5 | |
82 |36 |2547.71 |6 |(3-) |
82 |36 |2556.173 |13 |(4+) |1.4 PS 4
82 |36 |2561.7 |5 | |
82 |36 |2648.360 |5 |4- |7 PS LT
82 |36 |2655.859 |11 |1,2(+) |
82 |36 |2797.56 |5 | |
82 |36 |2828.10 |3 |5(-) |14 PS 7
82 |36 |2849.74 |9 |(4+) |
82 |36 |2919.81 |8 |(6+) |3 PS 1
82 |36 |2944.14 |4 |(2)+ |
82 |36 |3011.20 |5 |(5)- |2 PS 1
82 |36 |3037.84 |7 |(6-) |0.58 NS 7
82 |36 |3077 |10 | |
82 |36 |3167.58 |9 |(6+) |0.76 PS 21
82 |36 |3186.82 |5 |0+,1+,2+ |
82 |36 |3186.92 |20 |(5+) |
82 |36 |3255.95 |13 |(6+) |0.36 PS 10
82 |36 |3322 |7 |3- |
82 |36 |3348.49 |7 |(6-) |
82 |36 |3355.32 |19 |1,2(+) |
82 |36 |3392.2 |7 | |
82 |36 |3457.5 |7 |1,2(+) |
82 |36 |3461.72 |19 |(8+) |96 PS 12
82 |36 |3496.63 |10 |(7-) |14 PS +14-7
82 |36 |3564.6 |3 |0(+),1,2 |
82 |36 |3595.18 |8 |(7-) |
82 |36 |3655.60 |8 |4(+),5,6(+) |
82 |36 |3681 |10 | |
82 |36 |3709.42 |17 |(7+) |
82 |36 |3716.83 |15 |0(+),1,2 |
82 |36 |3741.96 |8 | |
82 |36 |3815.1 |10 |1,2(+) |
82 |36 |3835.8 |5 |1,2 |
82 |36 |3846.12 |17 | |
82 |36 |3881.1 |5 |1,2(+) |
82 |36 |3911.1 |10 |1,2(+) |
82 |36 |3951.4 |4 |4,5,6(+) |
82 |36 |3956.1 |10 |1,2(+) |
82 |36 |3997.90 |10 |4,5,6(+) |
82 |36 |4016.34 |13 |(8+) |1.0 PS +10-4
82 |36 |4033.80 |12 | |1.1 PS 3
82 |36 |4063.49 |10 |4,5,6(+) |
82 |36 |4068.04 |8 |4,5(+) |
82 |36 |4125.19 |14 |(8+) |6 PS 2
82 |36 |4135.6 |5 | |
82 |36 |4170.95 |16 |(8-) |2.4 PS +24-8
82 |36 |4343.1 |3 | |1.0 PS +24-3
82 |36 |4437.7 |3 | |0.17 PS +8-4
82 |36 |4609.56 |20 |(10+) |1.2 PS +7-3
82 |36 |4667.94 |17 |(9-) |1.1 PS 3
82 |36 |4746.84 |22 |(9-) |0.6 PS 1
82 |36 |4822.21 |16 |(10+) |1.2 PS 2
82 |36 |4896.7 |11 | |
82 |36 |5011.94 |22 |(8+,9,10+) |
82 |36 |5325.42 |22 |(10-) |
82 |36 |5702.8 |11 | |
82 |36 |5992.6 |4 | |0.3 PS 1
82 |36 |6009.6 |4 | |
82 |36 |6011.7 |4 | |0.39 PS 7
83 |36 |0.0 | |9/2+ |STABLE
83 |36 |9.4057 |6 |7/2+ |156.8 NS 5
83 |36 |41.5575 |7 |1/2- |1.83 H 2
83 |36 |561.9585 |8 |5/2- |6.2 PS 21
83 |36 |571.1538 |10 |(3/2-) |1.04 PS 35
83 |36 |690.146 |8 |5/2- |10.4 PS 35
83 |36 |799.48 |3 |5/2+ |1.7 PS 5
83 |36 |811 |8 |1/2-,3/2- |
83 |36 |1011.80 |9 |11/2+ |0.76 PS 14
83 |36 |1100 |10 |(1/2-,3/2-) |
83 |36 |1102.73 |11 |9/2+ |0.24 PS 8
83 |36 |1122.03 |8 |13/2+ |1.3 PS 4
83 |36 |1170.40 |7 |(7/2-) |2.1 PS 6
83 |36 |1214 | |3/2+,5/2+ |
83 |36 |1221.856 |20 |(5/2,7/2-) |1.3 PS 5
83 |36 |1277.9 |3 |1/2+ |
83 |36 |1517.05 |21 |(7/2+) |0.31 PS 14
83 |36 |1529.14 |16 |9/2- |0.90 PS 21
83 |36 |1533.66 |21 | |
83 |36 |1642.46 |21 |(7/2+,9/2,11/2+) |0.21 PS 7
83 |36 |1668 |15 |(5/2-,7/2-) |
83 |36 |1721.43 |11 |13/2+ |0.49 PS 14
83 |36 |1738.19 |12 |11/2+ |0.35 PS +14-7
83 |36 |1888.89 |23 |(-) |0.7 PS 3
83 |36 |2035 |15 |(5/2-,7/2-) |
83 |36 |2121 |15 |(3/2+,5/2,7/2-) |
83 |36 |2188 |15 |(3/2+,5/2,7/2-) |
83 |36 |2236 | |3/2+,5/2+ |
83 |36 |2261 |20 |(3/2+,5/2,7/2-) |
83 |36 |2265.80 |10 |(15/2+) |1.0 PS 5
83 |36 |2271.3 |3 | |
83 |36 |2290.31 |17 | |
83 |36 |2338.06 |15 |(11/2-) |
83 |36 |2379 | |1/2+ |
83 |36 |2470.42 |13 |(17/2-) |24 PS 10
83 |36 |2478.1 |3 |(15/2+) |
83 |36 |2483.84 |18 |17/2+ |0.21 PS +14-7
83 |36 |2495 |20 |(1/2-,3/2-) |
83 |36 |2510.15 |14 |(13/2-) |2.1 PS +21-10
83 |36 |2550.85 |15 |17/2+ |0.9 PS 7
83 |36 |2585 |20 |3/2+,5/2+ |
83 |36 |2640.63 |13 |(15/2-) |4 PS 2
83 |36 |2733 |20 |(5/2-,7/2-) |
83 |36 |2733.8 |3 |(9/2+,17/2+) |0.35 PS 10
83 |36 |2841.20 |13 |(17/2-) |1.73 PS 35
83 |36 |2944 | |3/2+,5/2+ |
83 |36 |2985.9 |3 |(11/2,13/2,15/2) |
83 |36 |3140 | |1/2+ |
83 |36 |3157.51 |16 |(19/2-) |1.11 PS 7
83 |36 |3322.0 |4 | |
83 |36 |3367.03 |24 |(21/2-) |4 PS +4-1
83 |36 |3411.54 |20 |(21/2+) |
83 |36 |3493.2 |7 | |
83 |36 |3603.06 |24 |(21/2-) |0.69 PS 14
83 |36 |3685.8 |6 | |
83 |36 |3718 | |3/2+,5/2+ |
83 |36 |3772 | |7/2+,9/2+ |
83 |36 |3804.4 |6 | |
83 |36 |3820.7 |3 | |
83 |36 |3906.4 |3 |(19/2+) |
83 |36 |4025.7 |3 |(21/2+) |
83 |36 |4172.3 |3 |(21/2+) |
83 |36 |4218.4 |3 |(23/2-) |0.42 PS 9
83 |36 |4585.2 |3 |(23/2+) |
83 |36 |4629.8 |5 | |
83 |36 |4694.6 |4 |(25/2-) |1.5 PS +4-3
83 |36 |4870.0 |3 |(25/2-) |0.6 PS 1
83 |36 |5103.3 |4 |(25/2+) |0.4 PS LE
83 |36 |5183.9 |4 | |
83 |36 |5641.2 |8 |(27/2-) |
83 |36 |5683.4 |6 |(27/2+) |
83 |36 |5736.0 |5 |(29/2-) |
83 |36 |5778.4 |4 | |
83 |36 |6373.4 |12 |(29/2+) |0.2 PS LE
84 |36 |0.0 | |0+ |STABLE
84 |36 |881.615 |3 |2+ |4.05 PS 13
84 |36 |1837.3 |20 |0+ |25 PS 10
84 |36 |1897.783 |10 |2+ |0.24 PS 5
84 |36 |2095.00 |7 |4+ |0.66 PS 13
84 |36 |2345.46 |7 |4+ |24 PS 3
84 |36 |2489.2 |4 |(2+,3-) |
84 |36 |2622.98 |17 |2+ |0.28 PS 14
84 |36 |2700.28 |8 |3- |1.7 PS +14-11
84 |36 |2759.28 |13 |2+ |
84 |36 |2770.94 |9 |5- |7.6 PS 21
84 |36 |2775 |20 |2+ |
84 |36 |2861.09 |8 |(2+,3,4+) |
84 |36 |3042.11 |7 |(2+,3,4+) |
84 |36 |3082.38 |8 |3 |
84 |36 |3172.55 |16 |6+ |2.6 PS 7
84 |36 |3183.29 |25 |(2+,3,4+) |
84 |36 |3219.35 |11 |5- |17 PS 4
84 |36 |3225 |20 |(1-) |
84 |36 |3236.07 |18 |8+ |1.83 US 4
84 |36 |3288.68 |12 |5+ |0.31 PS 10
84 |36 |3312.39 |13 |(3)- |
84 |36 |3335 |20 | |
84 |36 |3365.88 |20 |(1,2+) |
84 |36 |3408.15 |11 |(3-,4,5-) |
84 |36 |3426.74 |12 |(2+,3,4+) |
84 |36 |3463.0 |5 | |
84 |36 |3475.75 |21 |(1-) |
84 |36 |3570 |20 |(3-) |
84 |36 |3587.12 |11 |6- |5.5 PS 14
84 |36 |3638.50 |10 |(5-) |0.69 PS +28-21
84 |36 |3651.61 |18 |7- |
84 |36 |3705.87 |19 |1(-),2,3(-) |
84 |36 |3718.22 |22 |(3-) |
84 |36 |3777.0 |3 | |
84 |36 |3831.62 |12 |7- |4.9 PS 21
84 |36 |3870.1 |5 |1,2,3 |
84 |36 |3878.8 |3 |(2+,3) |
84 |36 |3927.33 |22 |1- |
84 |36 |3951.23 |16 |6+ |0.9 PS 5
84 |36 |4001.82 |11 |(4-) |0.35 PS 10
84 |36 |4084.3 |5 |(1,2+) |
84 |36 |4116.8 |5 |1-,2- |
84 |36 |4189.2 |5 |(2+,3) |
84 |36 |4214.43 |13 | |
84 |36 |4238.5 |6 | |
84 |36 |4278.3 |5 | |
84 |36 |4350.12 |23 |(5-) |0.28 PS +14-7
84 |36 |4388.20 |19 |8- |6.7 PS 17
84 |36 |4407.8 |4 |(6-) |0.31 PS 14
84 |36 |4455.6 |4 | |
84 |36 |4594.8 |5 | |
84 |36 |4676.62 |19 | |
84 |36 |4707 |20 | |
84 |36 |4718.54 |16 |8+ |5.5 PS 21
84 |36 |4852.25 |21 |9- |0.8 PS 4
84 |36 |4898 |20 | |
84 |36 |4928.99 |22 |(9-) |0.55 PS 21
84 |36 |4976.1 |11 |(9+) |
84 |36 |5204.1 |3 |10+ |0.14 PS 4
84 |36 |5358 |20 | |
84 |36 |5373.4 |4 |12+ |43.7 NS 21
84 |36 |5448.75 |19 |10+ |3.5 PS 14
84 |36 |5466 | | |
84 |36 |5640.70 |24 |(10-) |0.49 PS 21
84 |36 |5901.7 |3 |11- |1.9 PS 6
84 |36 |6067.4 |11 | |
84 |36 |6472.2 |4 | |
84 |36 |6572.1 |4 |(12)- |0.42 PS 14
84 |36 |6590.3 |6 | |
84 |36 |7015.8 |4 |(13)- |0.17 PS 7
84 |36 |7653.2 |5 |(14-) |0.28 PS 7
84 |36 |10520.6 |3 |4+,5+ |
85 |36 |0.0 | |9/2+ |10.739 Y 14
85 |36 |304.871 |20 |1/2- |4.480 H 8
85 |36 |1107.32 |7 |1/2-,3/2- |
85 |36 |1140.73 |7 |5/2+ |3.5 PS +28-14
85 |36 |1166.69 |6 |(1/2,3/2,5/2-) |
85 |36 |1223.98 |7 |(5/2-) |2.4 PS +6-4
85 |36 |1342.61 |5 |(3/2+) |
85 |36 |1416.57 |9 |(5/2+) |0.42 PS 7
85 |36 |1430.6 |10 |1/2+ |
85 |36 |1611.6 |1 |(11/2+) |0.12 PS 3
85 |36 |1847.0 |10 |(7/2+) |0.08 PS +3-2
85 |36 |1873.52 |18 |(5/2)+ |0.21 PS 14
85 |36 |1931.6 |1 |(13/2+) |0.33 PS 4
85 |36 |1938.83 |9 |(1/2+,3/2,5/2) |
85 |36 |1990.1 |8 |(9/2+) |0.23 PS 3
85 |36 |1991.8 |2 |(17/2+) |1.82 US 5
85 |36 |2004.4 |7 |(7/2+) |0.21 PS 4
85 |36 |2031.96 |8 |1/2-,3/2-,5/2- |
85 |36 |2055.1 |9 |3/2+ |
85 |36 |2113.4 |8 |(9/2+) |0.63 PS 6
85 |36 |2135.1 |10 |(9/2+) |0.22 PS 3
85 |36 |2137.34 |7 |(3/2,5/2)- |0.48 PS 21
85 |36 |2144.9 |6 |(7/2+) |0.31 PS 6
85 |36 |2235.2 |10 | |
85 |36 |2383.5 |10 |(7/2+) |0.08 PS 3
85 |36 |2425 |50 |(5/2-,7/2-) |
85 |36 |2497.9 |8 |(9/2-) |
85 |36 |2513.4 |16 |(3/2+,5/2+) |
85 |36 |2534.3 |19 |(3/2+,5/2+) |
85 |36 |2573.7 |22 | |
85 |36 |2593 |4 | |
85 |36 |2602.4 |13 | |
85 |36 |2617.9 |20 | |0.42 PS 14
85 |36 |2636.7 |13 |(11/2+) |0.17 PS 3
85 |36 |2742.1 |12 |1/2+ |
85 |36 |2784.5 |12 | |
85 |36 |2797.7 |12 |3/2+,5/2+ |
85 |36 |2814.9 |15 |(9/2+) |0.24 PS 6
85 |36 |2845.1 |12 |(5/2)+ |
85 |36 |2866.4 |14 |1/2+ |
85 |36 |2929.4 |13 | |
85 |36 |3060.9 |13 |3/2+ |
85 |36 |3079.4 |18 |(3/2+,5/2+) |
85 |36 |3113.9 |15 |1/2+ |
85 |36 |3139.2 |9 |(9/2+:15/2+) |0.31 PS +10-3
85 |36 |3153.5 |22 |1/2+ |
85 |36 |3193.0 |4 |(15/2,17/2+) |0.19 PS 3
85 |36 |3285.1 |19 |(1/2+) |
85 |36 |3300.4 |21 |(7/2+,9/2,11/2-) |
85 |36 |3320.4 |21 |7/2+,9/2+ |
85 |36 |3340.6 |19 |3/2+,5/2+ |
85 |36 |3355.8 |19 |(1/2+) |
85 |36 |3402.0 |18 |(1/2+,7/2+,9/2+) |
85 |36 |3412.8 |9 |(13/2-) |0.69 PS 21
85 |36 |3420.2 |19 |(1/2+,7/2+,9/2+) |
85 |36 |3470.6 |17 |(7/2+,9/2,11/2-) |
85 |36 |3535.4 |2 |(17/2-) |
85 |36 |3545.9 |22 | |
85 |36 |3575.4 |24 |3/2+,5/2+ |
85 |36 |3592.2 |23 |3/2+,5/2+ |
85 |36 |3638.0 |17 |1/2+ |
85 |36 |3729 |3 |1/2+ |
85 |36 |3745 |3 |3/2+,5/2+ |
85 |36 |3802 |3 |3/2+,5/2+ |
85 |36 |3804.4 |3 |(19/2-) |
85 |36 |3872.8 |22 | |
85 |36 |3912.1 |18 | |
85 |36 |3927.1 |20 |1/2+ |
85 |36 |3945.3 |20 | |
85 |36 |3974.9 |21 | |
85 |36 |4033.0 |23 |3/2+,5/2+ |
85 |36 |4046.3 |24 | |
85 |36 |4111.4 |3 |(21/2-) |
85 |36 |4146 |10 |1/2+ |
85 |36 |4335 |10 |3/2+,5/2+ |
85 |36 |4450 |10 |3/2+,5/2+ |
85 |36 |4547 |10 |3/2+,5/2+ |
85 |36 |4623 |10 | |
85 |36 |4692 |10 | |
85 |36 |4790.6 |4 |(23/2-) |
85 |36 |7112.81 | |1/2+ |
85 |36 |7113.45 | |(1/2-) |
85 |36 |7113.69 | |1/2+ |
85 |36 |7114.49 | |1/2+ |
85 |36 |7115.05 | | |
85 |36 |7117.54 | |1/2+ |
85 |36 |7117.88 | | |
85 |36 |7119.02 | | |
85 |36 |7120.51 | | |
85 |36 |7123.13 | |1/2+ |
85 |36 |7123.54 | | |
85 |36 |7125.67 | | |
85 |36 |7125.97 | | |
85 |36 |7126.87 | | |
85 |36 |7127.57 | | |
85 |36 |7128.79 | |1/2+ |
85 |36 |7129.38 | | |
85 |36 |7130.85 | | |
85 |36 |7131.41 | | |
85 |36 |7132.04 | | |
85 |36 |7133.88 | |1/2 |
85 |36 |7134.02 | | |
85 |36 |7135.29 | | |
85 |36 |7136.30 | |1/2+ |
85 |36 |7136.37 | | |
85 |36 |7136.48 | | |
85 |36 |7136.65 | | |
85 |36 |7136.98 | | |
85 |36 |7138.11 | |1/2+ |
85 |36 |7138.21 | | |
85 |36 |7138.92 | | |
85 |36 |7139.61 | | |
85 |36 |7140.27 | | |
85 |36 |7141.06 | | |
85 |36 |7141.84 | | |
85 |36 |7142.98 | | |
85 |36 |7144.01 | | |
85 |36 |7144.93 | |1/2+ |
85 |36 |7145.83 | | |
85 |36 |7146.04 | | |
85 |36 |7146.18 | | |
85 |36 |7146.49 | | |
85 |36 |7146.57 | | |
85 |36 |7147.14 | | |
85 |36 |7148.73 | | |
85 |36 |7150.47 | |1/2+ |
85 |36 |7151.58 | | |
85 |36 |7152.01 | | |
85 |36 |7152.40 | | |
85 |36 |7152.88 | |1/2+ |
85 |36 |7155.49 | | |
85 |36 |7155.80 | | |
85 |36 |7156.01 | | |
85 |36 |7156.38 | | |
85 |36 |7157.29 | | |
85 |36 |7158.94 | | |
85 |36 |7159.69 | | |
85 |36 |7160.05 | | |
85 |36 |7160.76 | |1/2+ |
85 |36 |7161.70 | | |
85 |36 |7161.90 | | |
85 |36 |7162.00 | | |
85 |36 |7162.92 | | |
85 |36 |7163.62 | |1/2+ |
85 |36 |7166.39 | | |
85 |36 |7166.48 | | |
85 |36 |7167.71 | | |
85 |36 |7170.00 | | |
85 |36 |7170.55 | | |
85 |36 |7171.57 | | |
85 |36 |7172.09 | | |
85 |36 |7172.27 | | |
85 |36 |7172.90 | |1/2+ |
85 |36 |7174.18 | | |
85 |36 |7174.63 | | |
85 |36 |7175.59 | | |
85 |36 |7175.73 | | |
85 |36 |7176.72 | | |
85 |36 |7177.87 | |1/2+ |
85 |36 |7178.22 | | |
85 |36 |7180.33 | | |
85 |36 |7181.28 | | |
85 |36 |7181.29 | |1/2+ |
85 |36 |7182.31 | | |
85 |36 |7182.40 | | |
85 |36 |7183.74 | | |
85 |36 |7184.95 | | |
85 |36 |7185.28 | | |
85 |36 |7186.03 | | |
85 |36 |7186.77 | | |
85 |36 |7186.78 | |1/2+ |
85 |36 |7188.27 | | |
85 |36 |7189.77 | | |
85 |36 |7189.97 | | |
85 |36 |7190.32 | | |
85 |36 |7190.79 | | |
85 |36 |7191.05 | | |
85 |36 |7192.19 | | |
85 |36 |7192.54 | | |
85 |36 |7192.99 | | |
85 |36 |7193.17 | | |
85 |36 |7196.29 | | |
85 |36 |7197.19 | | |
85 |36 |7197.46 | |1/2+ |
85 |36 |7197.64 | | |
85 |36 |7198.72 | | |
85 |36 |7199.15 | | |
85 |36 |7199.57 | | |
85 |36 |7200.13 | | |
85 |36 |7200.99 | | |
85 |36 |7201.52 | |1/2+ |
85 |36 |7201.52 | | |
85 |36 |7202.84 | | |
85 |36 |7203.21 | | |
85 |36 |7203.56 | | |
85 |36 |7204.40 | | |
85 |36 |7205.14 | | |
85 |36 |7205.39 | | |
85 |36 |7206.92 | | |
85 |36 |7207.50 | | |
85 |36 |7207.77 | | |
85 |36 |7208.79 | | |
85 |36 |7209.08 | | |
85 |36 |7210.09 | | |
85 |36 |7211.08 | | |
85 |36 |7212.26 | | |
85 |36 |7212.58 | | |
85 |36 |7213.31 | | |
85 |36 |7213.74 | | |
85 |36 |7213.93 | | |
85 |36 |7215.43 | | |
85 |36 |7216.97 | | |
85 |36 |7218.20 | | |
85 |36 |7218.91 | | |
85 |36 |7219.82 | | |
85 |36 |7220.12 | | |
85 |36 |7221.01 | | |
85 |36 |7222.01 | | |
85 |36 |7222.50 | | |
85 |36 |12900 | |(3/2-) |
85 |36 |13300 | |(5/2-) |
85 |36 |14200 | |(1/2-) |
86 |36 |0 | |0+ |STABLE
86 |36 |1564.61 |7 |2+ |0.286 PS +28-24
86 |36 |2250.01 |10 |4+ |3.1 NS 6
86 |36 |2349.47 |7 |2+ |
86 |36 |2726.4 |4 |0+ |
86 |36 |2850.72 |9 |(2,3)+ |
86 |36 |2916.83 |11 |(3-) |
86 |36 |2926.16 |8 |(2)+ |
86 |36 |3009.43 |11 |(1,2)+ |
86 |36 |3098.85 |9 |3- |
86 |36 |3328.1 |5 |(3+,4+) |
86 |36 |3541.3 |4 |0+ |
86 |36 |3583.4 |5 |(0+:4+) |
86 |36 |3782.8 |4 |( 3)(+) |
86 |36 |3816.32 |19 |(5+) |
86 |36 |3832 |10 |0+ |
86 |36 |3935.1 |3 |(5) |
86 |36 |3959 |10 |(3-,4+) |
86 |36 |4038.6 |3 |(2,3)- |
86 |36 |4064.12 |19 |(6+) |
86 |36 |4072 |10 |(5-) |
86 |36 |4111 |10 |2+ |
86 |36 |4175 |20 |(4+) |
86 |36 |4194 |10 |2+ |
86 |36 |4277 |10 |(7+) |
86 |36 |4315.82 |8 |(2-) |
86 |36 |4399 |20 |(4+) |
86 |36 |4400.82 |10 |1 |
86 |36 |4430.50 |25 |(6-) |
86 |36 |4559 |20 |(4+) |
86 |36 |4666 |10 |(3-,4+) |
86 |36 |4693.3 |3 |(7) |
86 |36 |4706 |9 | |
86 |36 |4755.77 |25 |(7+) |
86 |36 |4819 |12 |(2+) |
86 |36 |4867.5 |6 |(1-) |
86 |36 |4928 |10 |(4+) |
86 |36 |4932.55 |20 | |
86 |36 |4948 |10 |(2+) |
86 |36 |4991 |10 | |
86 |36 |5127 |20 | |
86 |36 |5203 |20 | |
86 |36 |5313.98 |20 | |
86 |36 |5406.10 |23 |(1,2) |
86 |36 |5438 |10 | |
86 |36 |5517.42 |18 |1- |
86 |36 |5571.2 |12 |1 |
86 |36 |5637 |10 | |
86 |36 |5660.3 |3 |(8+) |
86 |36 |5669.1 |5 | |
86 |36 |5707 |10 | |
86 |36 |5788.4 |3 |(1) |
86 |36 |5799 |9 | |
86 |36 |5814.5 |4 |(9+) |
86 |36 |5862 |9 | |
86 |36 |5924.3 |4 |1- |
86 |36 |5981 |10 | |
86 |36 |6085.1 |5 | |
86 |36 |6089.1 |5 |(1,2) |
86 |36 |6118 |10 | |
86 |36 |6160.34 |20 |1- |
86 |36 |6211.8 |3 |1 |
86 |36 |6248.0 |4 |(10) |
86 |36 |6318 |10 | |
86 |36 |6328.8 |3 |1- |
86 |36 |6397 |10 | |
86 |36 |6432.16 |20 |1- |
86 |36 |6463.2 |3 |1- |
86 |36 |6531.97 |20 |1- |
86 |36 |6678.9 |5 |1 |
86 |36 |6720.5 |6 |(1,2) |
86 |36 |6768.30 |22 |(1,2) |
86 |36 |6818.6 |4 |1- |
86 |36 |7028.4 |4 |1- |
86 |36 |7128.1 |5 |(10) |
86 |36 |7234.6 |4 |(1) |
86 |36 |7304.5 |5 |1- |
86 |36 |7314.6 |3 |1- |
86 |36 |7459.5 |5 |(11) |
86 |36 |7570.0 |4 |1- |
86 |36 |7675.7 |4 |1 |
86 |36 |7745.8 |4 |1 |
86 |36 |7797.9 |4 |1- |
86 |36 |7846.6 |5 |1- |
86 |36 |7874.2 |7 |1- |
86 |36 |7876.4 |6 |(12) |
86 |36 |7958.4 |4 |1- |
86 |36 |8428.6 |4 |1- |
86 |36 |8621.7 |8 |1- |
86 |36 |8651.3 |3 |1- |
86 |36 |8802.5 |6 |1 |
86 |36 |8841.6 |8 |1- |
86 |36 |9014.4 |6 |1- |
86 |36 |9068.1 |10 |1 |
86 |36 |9086.1 |8 |1- |
86 |36 |9452.9 |5 |1 |
86 |36 |9478.0 |18 | |
86 |36 |10116.2 |8 |1 |
87 |36 |0.0 | |5/2+ |76.3 M 5
87 |36 |532.01 |4 |1/2+ |
87 |36 |1419.63 |3 |(1/2+,3/2,5/2+) |
87 |36 |1476.13 |4 |3/2+,5/2+ |
87 |36 |1577.58 |4 |(1/2+,3/2,5/2+) |
87 |36 |1841.41 |5 | |
87 |36 |1881.21 |5 |(3/2+,5/2+) |
87 |36 |2005.41 |4 |3/2+,5/2+ |
87 |36 |2071.64 |5 | |
87 |36 |2087.6 |8 |(1/2+) |
87 |36 |2105.37 |9 | |
87 |36 |2122.52 |6 |3/2+,5/2+ |
87 |36 |2258 |10 |(9/2-,11/2-) |
87 |36 |2258.67 |7 | |
87 |36 |2300.04 |6 |(1/2+) |
87 |36 |2329.9 |3 | |
87 |36 |2369.50 |7 | |
87 |36 |2372.0 |4 |1/2,3/2,5/2+ |
87 |36 |2372.35 |6 |(1/2+,3/2,5/2+) |
87 |36 |2451.90 |5 | |
87 |36 |2462.86 |10 | |
87 |36 |2498.58 |5 | |
87 |36 |2513.77 |8 | |
87 |36 |2519.34 |5 |7/2+ |
87 |36 |2547.16 |10 | |
87 |36 |2565.8 |6 | |
87 |36 |2605.78 |16 | |
87 |36 |2641.74 |6 | |
87 |36 |2715.24 |10 | |
87 |36 |2757.67 |8 | |
87 |36 |2787.35 |11 |3/2+,5/2+ |
87 |36 |2821.05 |6 | |
87 |36 |2832.1 |6 | |
87 |36 |2836.55 |5 |(1/2+,3/2,5/2) |
87 |36 |2863.25 |10 | |
87 |36 |3004.0 |3 | |
87 |36 |3020.81 |16 | |
87 |36 |3026.83 |4 | |
87 |36 |3080.78 |15 | |
87 |36 |3142.91 |15 | |
87 |36 |3171.85 |16 | |
87 |36 |3217.85 |5 | |
87 |36 |3225.98 |11 | |
87 |36 |3237.18 |10 | |
87 |36 |3256.89 |5 | |
87 |36 |3288.4 |3 | |
87 |36 |3297.12 |21 | |
87 |36 |3301.9 |4 | |
87 |36 |3361.9 |7 | |
87 |36 |3434.76 |11 | |
87 |36 |3444.9 |3 | |
87 |36 |3559.7 |3 | |
87 |36 |3599.00 |15 | |
87 |36 |3645.59 |7 |3/2+,5/2 |
87 |36 |3657.3 |10 | |
87 |36 |3689.1 |5 | |
87 |36 |3777.4 |6 | |
87 |36 |3807.02 |11 | |
87 |36 |3809.41 |15 | |
87 |36 |3827 |10 | |
87 |36 |3874.20 |8 |3/2+,5/2 |
87 |36 |3909.8 |7 | |
87 |36 |3917.16 |10 |1/2+,3/2,5/2 |
87 |36 |3923.0 |6 | |
87 |36 |4027.2 |5 | |
87 |36 |4136.4 |4 | |
87 |36 |4180.82 |7 |1/2(+),3/2,5/2 |
87 |36 |4192.1 |10 | |
87 |36 |4197.90 |11 | |
87 |36 |4204.1 |15 | |
87 |36 |4223.4 |3 | |
87 |36 |4226.33 |9 | |
87 |36 |4265.1 |6 | |
87 |36 |4297.29 |15 |1/2+,3/2,5/2 |
87 |36 |4327.20 |10 |1/2+,3/2,5/2 |
87 |36 |4416.91 |6 |1/2,3/2,5/2 |
87 |36 |4524.16 |15 |1/2+,3/2,5/2 |
87 |36 |4548.29 |20 | |
87 |36 |4572.49 |15 |1/2+,3/2,5/2 |
87 |36 |4595.49 |6 |1/2+,3/2,5/2 |
87 |36 |4620.90 |20 |1/2+,3/2,5/2 |
87 |36 |4644.57 |13 |1/2+,3/2,5/2 |
87 |36 |4655.2 |3 | |
87 |36 |4668.18 |8 |1/2,3/2,5/2 |
87 |36 |4710.34 |6 |3/2,5/2 |
87 |36 |4711.24 |10 |1/2,3/2,5/2 |
87 |36 |4728.2 |10 | |
87 |36 |4734.55 |19 |1/2+,3/2,5/2 |
87 |36 |4752.71 |20 |1/2+,3/2,5/2 |
87 |36 |4784.46 |14 |1/2+,3/2,5/2 |
87 |36 |4807.9 |4 |1/2+,3/2,5/2 |
87 |36 |4824.9 |4 |1/2+,3/2,5/2 |
87 |36 |4836.29 |20 |1/2+,3/2,5/2 |
87 |36 |4858.87 |13 |1/2,3/2,5/2 |
87 |36 |4872.05 |15 |1/2+,3/2,5/2 |
87 |36 |4889.4 |5 | |
87 |36 |4917.7 |11 |1/2+,3/2,5/2 |
87 |36 |4925.7 |7 |1/2+,3/2,5/2 |
87 |36 |4961.54 |7 |1/2+,3/2,5/2 |
87 |36 |4962.43 |21 |1/2,3/2,5/2 |
87 |36 |4976.1 |9 | |
87 |36 |5003.2 |5 | |
87 |36 |5021.7 |3 |1/2+,3/2,5/2 |
87 |36 |5033.9 |6 | |
87 |36 |5044.7 |3 |1/2+,3/2,5/2 |
87 |36 |5059.69 |20 |1/2+,3/2,5/2 |
87 |36 |5065.9 |3 | |
87 |36 |5076.25 |17 |1/2+,3/2,5/2 |
87 |36 |5088.9 |4 | |
87 |36 |5103.55 |20 |1/2+,3/2,5/2 |
87 |36 |5120.39 |20 |1/2+,3/2,5/2 |
87 |36 |5136.08 |20 |1/2+,3/2,5/2 |
87 |36 |5155.1 |6 | |
87 |36 |5183.4 |3 |1/2+,3/2,5/2 |
87 |36 |5195.26 |18 |1/2+,3/2,5/2+ |
87 |36 |5201.21 |18 |1/2+,3/2,5/2+ |
87 |36 |5214.32 |14 |1/2+,3/2,5/2 |
87 |36 |5245.6 |3 |1/2+,3/2,5/2 |
87 |36 |5280.77 |14 |1/2+,3/2,5/2 |
87 |36 |5302.57 |21 |1/2,3/2,5/2+ |
87 |36 |5340.2 |3 |1/2+,3/2,5/2 |
87 |36 |5370.1 |3 |1/2+,3/2,5/2 |
87 |36 |5383.1 |3 |1/2+,3/2,5/2 |
87 |36 |5406.34 |20 |1/2+,3/2,5/2 |
87 |36 |5419.9 |5 | |
87 |36 |5424.2 |9 | |
87 |36 |5439.9 |9 | |
87 |36 |5455.0 |3 |1/2+,3/2,5/2 |
87 |36 |5466.75 |18 |1/2,3/2,5/2 |
87 |36 |5473.94 |20 |1/2+,3/2,5/2 |
87 |36 |5534.3 |7 |1/2- |15.0 EV 4
87 |36 |5546.7 |14 |(5/2-) |
87 |36 |5558.4 |10 |1/2- |127 EV 3
87 |36 |5561.9 |9 |(5/2-) |
87 |36 |5569.1 |8 |3/2- |201 EV 3
87 |36 |5588.2 |10 |(5/2-) |
87 |36 |5593.4 |8 |1/2- |93 EV 4
87 |36 |5594.0 |8 |(1/2-) |10.7 EV 12
87 |36 |5594.88 |24 |(5/2-) |
87 |36 |5606.4 |5 |(5/2-) |
87 |36 |5635.2 |3 |(5/2-) |
87 |36 |5638.5 | |(1/2-) |
87 |36 |5648.8 |9 |(5/2-) |
87 |36 |5651.3 |8 |1/2+ |3.2 KEV 2
87 |36 |5655.5 |10 |3/2- |0.34 KEV 4
87 |36 |5659.8 |4 |(5/2-) |
87 |36 |5670.5 |8 |3/2- |0.56 KEV 4
87 |36 |5672.7 |3 |(5/2-) |
87 |36 |5685.6 |5 |(5/2-) |
87 |36 |5698.8 |4 |(5/2-) |
87 |36 |5701.8 |8 |1/2- |1.50 KEV 12
87 |36 |5714.7 |9 |(5/2-) |
87 |36 |5724.6 |8 |3/2- |1.54 KEV 6
87 |36 |5761.4 |8 |3/2- |2.40 KEV 4
87 |36 |5779.9 |8 |(3/2+) |12 EV GE
87 |36 |5782.89 |24 |1/2- |0.58 KEV 4
87 |36 |5793.5 |4 |(5/2-) |
87 |36 |5821.5 |8 |(3/2+) |45 EV 25
87 |36 |5828.5 |8 |3/2- |67 EV GE
87 |36 |5862.1 |8 |3/2- |1508 EV 25
87 |36 |5863.5 |8 |1/2- |0.29 KEV 3
87 |36 |5908.2 |8 |3/2- |0.80 KEV 3
87 |36 |5922.3 |9 |1/2- |1.15 KEV 6
87 |36 |5925.6 |9 |3/2- |13.11 KEV 13
87 |36 |5926.2 |9 |(3/2+) |35 EV GE
87 |36 |5958.7 |9 |3/2+ |0.37 KEV 18
87 |36 |5977.0 |9 |3/2+ |0.28 KEV 17
87 |36 |6155.9 |10 |(5/2+) |38 EV GE
87 |36 |6164.8 |10 |1/2- |1.39 KEV 9
87 |36 |6191.9 |10 |3/2- |21.4 KEV 4
88 |36 |0.0 | |0+ |2.825 H 19
88 |36 |775.32 |4 |2+ |11.1 PS 12
88 |36 |1577.43 |4 |2+ |
88 |36 |1643.78 |6 |4+ |
88 |36 |2103.81 |8 |(4+) |
88 |36 |2216.08 |6 |2+ |
88 |36 |2341.99 |6 |(3,4+) |
88 |36 |2370.26 |7 | |
88 |36 |2419.62 |6 |(3-) |
88 |36 |2550.34 |11 |(4+) |
88 |36 |2630.58 |6 |(3,4+) |
88 |36 |2651.21 |6 |2+ |
88 |36 |2775.83 |10 |0+ |
88 |36 |2828.49 |7 |(1,2+) |
88 |36 |2855.5 |3 |(5) |1 PS LE
88 |36 |2875.04 |7 |(2+) |
88 |36 |2929.32 |8 |(3,4+) |
88 |36 |2945.45 |10 |(1,2+) |
88 |36 |2966 |10 |(3-) |
88 |36 |3044.64 |9 | |
88 |36 |3113.51 |21 |(1,2+) |
88 |36 |3160.93 |25 |(5) |
88 |36 |3163.43 |9 |(3,4+) |
88 |36 |3167.15 |25 |(6) |
88 |36 |3204.00 |11 | |
88 |36 |3246 |10 |3-,4+ |
88 |36 |3295.2 |3 |(5,6) |1 PS LE
88 |36 |3312 |10 | |
88 |36 |3331.62 |21 |(1,2+) |
88 |36 |3335.92 |8 |(3,4+) |
88 |36 |3341.49 |11 |(2+) |
88 |36 |3362.13 |7 | |
88 |36 |3399.19 |8 |(1,2+) |
88 |36 |3519 |10 | |
88 |36 |3553.3 |10 | |
88 |36 |3608 |10 |2+ |
88 |36 |3652 |10 |3-,4+ |
88 |36 |3710.04 |11 |(3) |
88 |36 |3761 |10 |3-,4+ |
88 |36 |3770.78 |8 |(1-,2+) |
88 |36 |3866 |10 | |
88 |36 |3904.7 |5 | |
88 |36 |3920.9 |3 |(7) |
88 |36 |3932 |10 | |
88 |36 |4048.4 |3 |(2+) |
88 |36 |4100.34 |11 |(3-) |
88 |36 |4220 |10 |(3-,4+) |
88 |36 |4268.32 |11 |(1-,2,3) |
88 |36 |4287.7 |3 |(1,2+) |
88 |36 |4342.6 |4 |(8) |
88 |36 |4372 |10 | |
88 |36 |4430 |10 |(2+) |
88 |36 |4479.2 |7 | |
88 |36 |4560.15 |22 |(1,2,3) |
88 |36 |4563.2 |3 |(1,2+) |
88 |36 |4596.85 |17 |(1-,2+) |
88 |36 |4707.78 |15 |(1-,2+) |
88 |36 |4857.5 |5 | |
88 |36 |4923.51 |10 |(1-,2,3) |
88 |36 |4985.75 |15 |(1,2+) |
88 |36 |5018.7 |3 |(1,2+) |
88 |36 |5070.27 |18 |(2+,3,4+) |
88 |36 |5088.2 |4 |(1,2+) |
88 |36 |5193.0 |5 |(9) |
88 |36 |5270.5 |5 |(1,2,3) |
88 |36 |5439.4 |5 |(1,2,3) |
88 |36 |5495.81 |20 |(1,2,3) |
88 |36 |5503.3 |3 |(1,2+) |
88 |36 |5627.1 |4 |(1,2,3) |
88 |36 |5693.4 |3 |(1,2,3) |
88 |36 |5726.2 |3 | |
88 |36 |5856.8 |6 | |
88 |36 |5914.99 |20 |(1-,2+,3-) |
88 |36 |5972.9 |5 |(1,2,3) |
88 |36 |5977.47 |23 |(1,2,3) |
88 |36 |5988.5 |3 |(1,2,3) |
88 |36 |6034.4 |4 |(1,2+) |
88 |36 |6071.2 |4 |(1,2+) |
88 |36 |6109.2 |12 | |
88 |36 |6231.7 |3 |(1,2+) |
88 |36 |6233.5 |7 | |
88 |36 |6539.2 |5 |(1,2,3) |
88 |36 |6718.3 |4 |(1,2,3) |
88 |36 |6758.0 |5 |(1,2,3) |
88 |36 |6999.5 |5 |(1,2+) |
88 |36 |7490.6 |10 | |
88 |36 |7969.5 |11 | |
89 |36 |0.0 | |3/2(+) |3.15 M 4
89 |36 |28.59 |3 |(5/2+) |21.7 NS 13
89 |36 |411.42 |3 | |
89 |36 |982.07 |4 |(9/2+) |
89 |36 |991.36 |4 | |
89 |36 |1026.58 |3 | |
89 |36 |1097.835 |25 | |
89 |36 |1379.85 |3 | |
89 |36 |1482.94 |3 | |
89 |36 |1536.37 |4 | |
89 |36 |1772.5 |5 |(11/2-) |
89 |36 |1833.92 |8 | |
89 |36 |1887.63 |5 | |
89 |36 |1894.59 |7 | |
89 |36 |1957.19 |9 | |
89 |36 |2038.86 |5 | |
89 |36 |2062.77 |6 | |
89 |36 |2104.43 |6 | |
89 |36 |2108.15 |6 | |
89 |36 |2146.99 |6 | |
89 |36 |2216.67 |7 | |
89 |36 |2278.5 |5 | |
89 |36 |2298.48 |8 | |
89 |36 |2373.72 |7 | |
89 |36 |2426.36 |14 | |
89 |36 |2468.2 |10 | |
89 |36 |2648.2 |6 | |
89 |36 |2735.40 |21 | |
89 |36 |2976.49 |11 | |
89 |36 |3215.0 |6 | |
89 |36 |3318.4 |3 | |
89 |36 |3753.92 |10 | |
89 |36 |3992.16 |11 | |
89 |36 |4114.72 |7 | |
89 |36 |4165.88 |10 | |
89 |36 |4185.66 |18 | |
89 |36 |4232.47 |8 | |
89 |36 |4238.45 |22 | |
89 |36 |4248.8 |3 | |
89 |36 |4288.85 |23 | |
89 |36 |4319.1 |3 | |
89 |36 |4375.3 |6 | |
89 |36 |4381.70 |7 | |
89 |36 |4403.0 |4 | |
89 |36 |4510.5 |4 | |
89 |36 |4516.00 |18 | |
89 |36 |4530.3 |3 | |
89 |36 |4610.7 |4 | |
89 |36 |4673.1 |4 | |
89 |36 |4707.3 |4 | |
90 |36 |0 | |0+ |32.32 S 9
90 |36 |707.13 |5 |(2+) |
90 |36 |1362.25 |6 | |
90 |36 |1830.50 |16 | |
90 |36 |1940.33 |8 | |
90 |36 |2103.13 |9 | |
90 |36 |2147.81 |10 | |
90 |36 |2193.1 |4 | |
90 |36 |2249.34 |14 | |
90 |36 |2318.09 |8 | |
90 |36 |2536.05 |21 | |
90 |36 |2543.70 |10 | |
90 |36 |2595.94 |14 | |
90 |36 |2685.83 |14 | |
90 |36 |2687.31 |13 | |
90 |36 |2730.76 |17 | |
90 |36 |2747.94 |15 | |
90 |36 |2780.60 |10 | |
90 |36 |2828.26 |22 | |
90 |36 |2864.15 |20 | |
90 |36 |2987.31 |12 | |
90 |36 |3140.25 |16 | |
90 |36 |3231.44 |18 | |
90 |36 |3285.10 |17 | |
90 |36 |3318.4 |3 | |
90 |36 |3372.6 |3 | |
90 |36 |3508.2 |3 | |
90 |36 |4291.0 |3 | |
90 |36 |4546.6 |5 | |
90 |36 |4785.78 |22 | |
90 |36 |5004.4 |3 | |
90 |36 |5080.0 |5 | |
90 |36 |5385.4 |6 | |
90 |36 |5683.3 |5 | |
90 |36 |5730.1 |4 | |
91 |36 |0 | |5/2(+) |8.57 S 4
91 |36 |144.3 |6 |(3/2+) |56 NS
91 |36 |300.7 |5 | |
91 |36 |482.8 |6 | |
91 |36 |707.0 |7 | |
91 |36 |781.4 |7 | |
91 |36 |843.9 |6 | |
91 |36 |966.7 |9 | |
91 |36 |1120.2 |6 | |
91 |36 |1155.5 | | |
91 |36 |1210.1 |10 | |
91 |36 |1356.8 |12 | |
91 |36 |1419.5 |12 | |
91 |36 |1422.0 |8 | |
91 |36 |1916.2 | | |
91 |36 |1917.0 |10 | |
91 |36 |2144.7 |8 | |
91 |36 |3675.1 |6 | |
91 |36 |3734.7 |8 | |
91 |36 |3773.8 |9 | |
91 |36 |3919.3 |10 | |
91 |36 |4153.8 |12 | |
91 |36 |4452.9 |12 | |
92 |36 |0.0 | |0+ |1.840 S 8
92 |36 |769.1 |5 |2+ |5.0 PS AP
92 |36 |1356.4 |9 | |
92 |36 |1446.3 |6 |(1,2+) |
92 |36 |1804.0 |10 |4+ |
92 |36 |1985.0 |13 |(4+) |
92 |36 |1994.2 |13 | |
92 |36 |2019.4 |8 | |
92 |36 |2046.6 |12 | |
92 |36 |2066.2 |10 |4(+) |
92 |36 |2077.4 |9 | |
92 |36 |2153.2 |8 |(1,2+) |
92 |36 |2164.3 |8 | |
92 |36 |2350.8 |7 |(1,2+) |
92 |36 |2471.7 |9 | |
92 |36 |2492.0 |12 |(6+) |
92 |36 |2587.2 |8 |(1,2+) |
92 |36 |2653.3 |14 |(6+) |
92 |36 |2684.1 |14 | |
92 |36 |2699.0 |14 | |
92 |36 |2820.9 |10 | |
92 |36 |2836.0 |13 | |
92 |36 |2875.3 |9 | |
92 |36 |3036.1 |12 |(6+) |
92 |36 |3073.7 |14 | |
92 |36 |3086.6 |10 | |
92 |36 |3114.9 |9 | |
92 |36 |3172.4 |11 |(6+) |
92 |36 |3178.6 |11 |(6+) |
92 |36 |3286.0 |12 | |
92 |36 |3595.3 |13 | |
92 |36 |3627.8 |11 |(8+) |
92 |36 |3846.1 |13 |(8+) |
92 |36 |4054.5 |9 | |
92 |36 |4124.0 |16 | |
92 |36 |4175.8 |13 |(10+) |
92 |36 |4185.1 |16 | |
92 |36 |4394.6 |16 | |
92 |36 |4482.5 |7 |(1,2+) |
92 |36 |4511.4 |12 | |
92 |36 |4980.3 |17 |(12+) |
92 |36 |5011.4 |12 | |
92 |36 |5078.8 |8 |(1,2+) |
93 |36 |0 | |1/2+ |1.286 S 10
93 |36 |117.45 |15 |(3/2+) |
93 |36 |354.85 |25 |(7/2+) |10 NS 2
93 |36 |359.46 |15 |(3/2+,5/2+) |
93 |36 |710.10 |18 |(3/2,5/2+) |
93 |36 |805.40 |20 | |
93 |36 |983.3 |11 |(11/2+) |
93 |36 |1029.0 |4 | |
93 |36 |1325.9 |8 | |
93 |36 |1337.1 |7 | |
93 |36 |1517.0 |15 |(15/2+) |
93 |36 |2401.8 |18 |(19/2+) |
93 |36 |3199.9 |21 |(23/2+) |
94 |36 |0.0 | |0+ |212 MS 5
94 |36 |665.5 | |2+ |
94 |36 |1518.7 | |(4)+ |
95 |36 |0.0 | |1/2(+) |0.114 S 3
95 |36 |113.8 |2 |(3/2+) |
95 |36 |195.5 |3 |(7/2+) |1.4 US 2
96 |36 |0.0 | |0+ |80 MS 8
97 |36 |0.0 | |(3/2+) |63 MS 4
98 |36 |0.0 | |0+ |46 MS 8
99 |36 |0 | | |13 MS +34-6
100 |36 |0 | |0+ |7 MS +11-3
101 |36 |0 | | |635 NS GT
