73 |37 |0 | | |30 NS LT
73 |37 |3.21E3 |40 | |
74 |37 |0.0 | |0+ |64.776 MS 30
74 |37 |478 | |(2+) |
74 |37 |1006 | |(3+) |
74 |37 |1053 | |(4+) |
74 |37 |1225 | |(4+) |
74 |37 |1489 | |(5+) |
74 |37 |1546 | |(6+) |
74 |37 |1793 | |(7+) |
74 |37 |1806 | |(6+) |
74 |37 |2241 | |(8+) |
74 |37 |2313 | |(9+) |
74 |37 |2972 | | |
74 |37 |3126 | |(10+) |
74 |37 |3137 | |(11+) |
74 |37 |4091 | |(13+) |
74 |37 |4177 | |(12+) |
74 |37 |5216 | |(15+) |
74 |37 |5360 | |(14+) |
74 |37 |6517 | |(17+) |
74 |37 |6686 | |(16+) |
74 |37 |8006 | |(19+) |
74 |37 |8193 | |(18+) |
74 |37 |9654 | |(21+) |
74 |37 |9881 | |(20+) |
74 |37 |11411 | |(23+) |
74 |37 |11701 | |(22+) |
74 |37 |13376 | |(25+) |
74 |37 |15699 | |(27+) |
74 |37 |18478 | |(29+) |
74 |37 |21612 | |(31+) |
75 |37 |0 | |3/2(-) |19.0 S 12
75 |37 |38.0 |8 |(3/2+) |
75 |37 |144.0 |7 |(5/2-) |
75 |37 |354.0 |8 |(7/2-) |
75 |37 |378.0 |7 |(5/2+) |
75 |37 |542.1 |11 |(7/2+) |
75 |37 |607.0 |9 |(9/2-) |
75 |37 |609.9 |11 |(9/2+) |
75 |37 |924.0 |11 |(11/2-) |
75 |37 |1037.3 |14 |(11/2+) |
75 |37 |1124.7 |14 |(13/2+) |
75 |37 |1276.0 |14 |(13/2-) |
75 |37 |1697.0 |15 |(15/2-) |
75 |37 |1785.5 |14 |(15/2+) |
75 |37 |1857.7 |17 |(17/2+) |
75 |37 |2138.0 |17 |(17/2-) |
75 |37 |2662.0 |18 |(19/2-) |
75 |37 |2779.7 |20 |(21/2+) |
75 |37 |3179.0 |20 |(21/2-) |
75 |37 |3803.0 |21 |(23/2-) |
75 |37 |3864.7 |22 |(25/2+) |
75 |37 |4380.0 |22 |(25/2-) |
75 |37 |5091.7 |24 |(29/2+) |
75 |37 |5102.0 |23 |(27/2-) |
75 |37 |5727.0 |24 |(29/2-) |
75 |37 |6444 |3 |(33/2+) |
75 |37 |6539.0 |25 |(31/2-) |
75 |37 |7195 |3 |(33/2-) |
75 |37 |7926 |3 |(37/2+) |
75 |37 |8094 |3 |(35/2-) |
75 |37 |8755 |3 |(37/2-) |
75 |37 |9543 |3 |(41/2+) |
75 |37 |9750 |3 |(39/2-) |
75 |37 |10401 |3 |(41/2-) |
75 |37 |11309 |4 |(45/2+) |
75 |37 |11519 |3 |(43/2-) |
75 |37 |12190 |4 |(45/2-) |
75 |37 |13285 |4 |(49/2+) |
75 |37 |13443 |4 |(47/2-) |
75 |37 |14181 |4 |(49/2-) |
75 |37 |15518 |4 |(53/2+) |
75 |37 |16419 |4 |(53/2-) |
75 |37 |18085 |4 |(57/2+) |
75 |37 |18938 |4 |(57/2-) |
75 |37 |21045 |4 |(61/2+) |
75 |37 |21774 |4 |(61/2-) |
75 |37 |24300 |4 |(65/2+) |
75 |37 |24916 |4 |(65/2-) |
75 |37 |28468 |4 |(69/2-) |
75 |37 |32365 |4 |(73/2-) |
76 |37 |0.0 | |1(-) |36.5 S 6
76 |37 |101.29 |4 |(2-) |
76 |37 |246.38 |6 |(3-) |
76 |37 |316.93 |8 |(4+) |3.20 US 10
76 |37 |454.4 |2 |(4-) |
76 |37 |476.8 |2 |(1+) |
76 |37 |497.2 |3 |(5+) |
76 |37 |516.0 |2 |(1+) |
76 |37 |689.6 |2 |(5-) |
76 |37 |707.2 |3 |(6+) |
76 |37 |977.8 |3 |(7+) |
76 |37 |982.9 |2 |(1+) |
76 |37 |1009.8 |3 |(6-) |
76 |37 |1256.4 |4 |(8+) |
76 |37 |1275 |1 |(1+) |
76 |37 |1332.9 |3 |(7-) |
76 |37 |1620.1 |4 |(9+) |
76 |37 |2019.1 |5 |(10+) |
76 |37 |0.0+X | | |
76 |37 |104.4+X | | |
76 |37 |345.9+X | | |
76 |37 |636.7+X | | |
76 |37 |969.7+X | | |
76 |37 |1362.1+X | | |
77 |37 |0.0 | |3/2- |3.78 M 4
77 |37 |144.83 |3 |5/2- |0.54 NS 3
77 |37 |146.934 |20 |5/2(+) |5.1 NS 4
77 |37 |307.03 |4 |(7/2+) |0.39 NS 3
77 |37 |331.63 |10 |9/2(+) |0.687 NS 25
77 |37 |368.18 |6 |7/2- |29.1 PS 21
77 |37 |614.75 |8 |9/2- |8.0 PS 6
77 |37 |788 |3 | |
77 |37 |804.33 |11 |(11/2+) |3.6 PS 7
77 |37 |833.46 |13 |(13/2+) |6.4 PS 4
77 |37 |943.93 |13 |11/2- |2.9 PS 3
77 |37 |1153.78 |18 |(9/2+) |
77 |37 |1249 |3 | |
77 |37 |1280.40 |15 |(13/2-) |0.96 PS 12
77 |37 |1541.2 |5 | |
77 |37 |1575.98 |17 |(17/2+) |0.65 PS 3
77 |37 |1590.40 |16 |(15/2+) |0.62 PS 4
77 |37 |1717.38 |17 |(15/2-) |0.46 PS 3
77 |37 |1882.56 |14 |(13/2+) |
77 |37 |2124.95 |20 |(17/2-) |0.32 PS 3
77 |37 |2149.5 |3 |(11/2-) |
77 |37 |2388.1 |3 |(13/2-) |
77 |37 |2390.6 |8 | |
77 |37 |2529.38 |22 |(21/2+) |0.252 PS 14
77 |37 |2596.81 |18 |(17/2+) |
77 |37 |2630.59 |20 |(19/2+) |0.132 PS 21
77 |37 |2668.1 |3 |(15/2-) |
77 |37 |2680.5 |3 |(19/2-) |0.23 PS 3
77 |37 |2991.4 |3 |(17/2-) |
77 |37 |3134.1 |3 |(21/2-) |0.17 PS 3
77 |37 |3229.8 |5 |(19/2-) |
77 |37 |3343.1 |3 |(19/2-) |
77 |37 |3353.7 |8 | |
77 |37 |3411.33 |25 |(21/2+) |0.64 PS 3
77 |37 |3674.41 |25 |(25/2+) |0.096 PS 17
77 |37 |3701.2 |6 |(21/2-) |
77 |37 |3776.2 |4 |(21/2-) |
77 |37 |3823.4 |4 |(23/2-) |0.118 PS 21
77 |37 |3894.58 |24 |(23/2+) |0.069 PS 14
77 |37 |4122.9 |6 |(23/2-) |
77 |37 |4216.7 |4 |(23/2-) |
77 |37 |4303.5 |4 |(25/2-) |0.111 PS 7
77 |37 |4329.7 |3 |(25/2+) |0.374 PS 21
77 |37 |4417.5 |8 | |
77 |37 |4711.6 |4 |(25/2-) |
77 |37 |4758.6 |7 |(25/2-) |
77 |37 |5006.1 |3 |(29/2+) |0.049 PS 7
77 |37 |5103.9 |4 |(27/2-) |0.146 PS 14
77 |37 |5176.5 |4 |(27/2-) |
77 |37 |5317.6 |8 |(27/2-) |
77 |37 |5345.4 |5 |(27/2+) |0.21 PS LE
77 |37 |5441.3 |3 |(29/2+) |0.201 PS 14
77 |37 |5478.5 |12 | |
77 |37 |5639.1 |4 |(29/2-) |0.17 PS LE
77 |37 |5681.5 |11 | |
77 |37 |5851.6 |9 |(29/2-) |
77 |37 |5956.4 |11 |(29/2-) |
77 |37 |6299.5 |4 |(31/2-) |0.24 PS LE
77 |37 |6525.5 |4 |(33/2+) |0.028 PS 7
77 |37 |6615.6 |13 |(31/2-) |
77 |37 |6642.5 |6 |(31/2-) |
77 |37 |6752.3 |4 |(33/2+) |0.118 PS 14
77 |37 |6806.6 |12 | |
77 |37 |6927.5 |7 |(31/2+) |
77 |37 |7087.1 |6 |(33/2-) |
77 |37 |7198.1 |11 |(33/2-) |
77 |37 |7358.4 |15 |(33/2-) |
77 |37 |7506 |3 | |
77 |37 |7635.0 |6 |(35/2-) |
77 |37 |8079.7 |24 |(35/2-) |
77 |37 |8168.4 |5 |(37/2+) |0.13 PS LE
77 |37 |8263.6 |16 | |
77 |37 |8300.5 |12 |(35/2-) |
77 |37 |8316.8 |4 |(37/2+) |0.042 PS 14
77 |37 |8519.8 |8 |(37/2-) |
77 |37 |8627.5 |13 |(35/2+) |
77 |37 |8832.1 |15 |(37/2-) |
77 |37 |8892.1 |15 |(37/2-) |
77 |37 |8954.5 |25 |(37/2-) |
77 |37 |9146.0 |12 |(39/2-) |
77 |37 |9794 |3 | |
77 |37 |9817.3 |10 |(41/2+) |
77 |37 |10096.8 |13 |(41/2-) |
77 |37 |10103.5 |24 |(39/2-) |
77 |37 |10209.6 |5 |(41/2+) |0.076 PS LE
77 |37 |10365.1 |18 |(41/2-) |
77 |37 |10774.1 |25 |(41/2-) |
77 |37 |10860.0 |16 |(43/2-) |
77 |37 |11476 |4 | |
77 |37 |11582.3 |14 |(45/2+) |
77 |37 |11869.8 |16 |(45/2-) |
77 |37 |12264.8 |10 |(45/2+) |
77 |37 |12558.6 |11 | |
77 |37 |12807.0 |19 |(47/2-) |
77 |37 |13551.3 |18 |(49/2+) |
77 |37 |13888 |3 |(49/2-) |
77 |37 |15013 |3 |(51/2-) |
77 |37 |15797 |3 |(53/2+) |
77 |37 |17485 |4 |(55/2-) |
77 |37 |18376 |4 |(57/2+) |
78 |37 |0.0 | |0(+) |17.66 M 3
78 |37 |46.84 |14 |(1-) |0.91 US 4
78 |37 |103.27 |9 |1(+) |
78 |37 |111.19 |22 |4(-) |5.74 M 3
78 |37 |114.9 |3 |(4+) |
78 |37 |119.70 |22 |(3+) |
78 |37 |134.07 |16 |(2-) |
78 |37 |160.73 |17 |2(+) |
78 |37 |232.40 |19 |(2+) |
78 |37 |263.79 |23 |(5-) |122 PS 18
78 |37 |270.1 |3 |(5+) |77 PS 11
78 |37 |274.39 |19 |(3-) |
78 |37 |290.07 |16 |(1) |
78 |37 |315.06 |18 |(0-,1,2+) |
78 |37 |327.49 |20 |(3+) |
78 |37 |334.22 |20 |(3+) |
78 |37 |351.03 |23 |(3+) |
78 |37 |395.59 |23 |(4-) |
78 |37 |398.9 |4 |(4+) |
78 |37 |422.8 |3 |(6+) |67 PS 11
78 |37 |440.09 |21 |(4-) |
78 |37 |475.89 |24 |(4-) |
78 |37 |488.79 |23 |6(-) |26.3 PS 35
78 |37 |504.60 |18 |(0-,1) |
78 |37 |528.83 |24 |(4+) |
78 |37 |538.3 |3 |(4+) |
78 |37 |595.29 |23 |(5-) |
78 |37 |663.5 |3 |(5-) |
78 |37 |667.3 |4 |(7+) |9.7 PS 21
78 |37 |688.9 |4 |(5+) |
78 |37 |699.5 |3 |(5-) |
78 |37 |736.8 |4 |(6+) |
78 |37 |767.1 |3 |(7-) |9.0 PS 21
78 |37 |785.9 |4 |(5+) |
78 |37 |824.9 |5 |(5+) |
78 |37 |852.9 |4 |(8+) |20.8 PS 35
78 |37 |872.19 |24 |(6-) |
78 |37 |896.3 |4 | |
78 |37 |949.3 |4 |(6-) |
78 |37 |1017.4 |4 |(6-) |
78 |37 |1080.9 |5 |(6+) |
78 |37 |1114.4 |3 |8(-) |3.5 PS 14
78 |37 |1114.6 |4 |(7+) |
78 |37 |1165.79 |25 |(7-) |
78 |37 |1219.7 |4 |(9+) |2.1 PS 7
78 |37 |1239.8 |4 |(7-) |
78 |37 |1350.7 |4 |(8+) |
78 |37 |1357.7 |7 |(7-) |
78 |37 |1454.2 |4 |(8+) |
78 |37 |1474.3 |3 |9(-) |2.8 PS 14
78 |37 |1603.6 |4 |(8-) |
78 |37 |1625.5 |4 |(10+) |1.23 PS +28-21
78 |37 |1678.0 |5 |(8-) |
78 |37 |1744.8 |4 |(9+) |
78 |37 |1941.6 |4 |10(-) |0.61 PS +11-9
78 |37 |1984.5 |4 |(9-) |
78 |37 |2023.6 |4 |(11+) |0.63 PS +12-10
78 |37 |2043.6 |7 |(9-) |
78 |37 |2369.2 |4 |11(-) |0.39 PS +7-6
78 |37 |2651.1 |5 |(12+) |
78 |37 |2955.4 |7 |12(-) |0.28 PS +7-6
78 |37 |3042.0 |5 |(13+) |0.28 PS +8-6
78 |37 |3452.8 |8 |(13-) |0.17 PS +6-5
78 |37 |3897.1 |21 |(14+) |0.21 PS LT
78 |37 |4151.4 |13 |(14-) |0.24 PS LT
78 |37 |4253.7 |10 |(15+) |0.14 PS +5-4
78 |37 |4730.8 |22 |(15-) |0.18 PS LT
78 |37 |5327.1 |21 |(16+) |
78 |37 |5638.7 |14 |(17+) |0.12 PS LT
78 |37 |6202.8 |24 |(17-) |
78 |37 |7191.7 |25 |(19+) |
78 |37 |7865.9 |26 |(19) |
78 |37 |8930.8 |27 |(21+) |
78 |37 |9722.9 |28 |(21) |
79 |37 |0.0 | |5/2+ |22.9 M 5
79 |37 |39.37 |5 |(3/2-) |20.5 NS 25
79 |37 |96.76 |7 |9/2+ |18.6 NS 5
79 |37 |119.60 |19 |(5/2+) |
79 |37 |144.38 |5 |3/2- |3 NS LT
79 |37 |147.01 |8 |(7/2+) |
79 |37 |174.20 |7 |(5/2-) |3 NS LT
79 |37 |285.34 |7 |1/2-,3/2- |3 NS LT
79 |37 |357.13 |8 |(1/2,3/2,5/2) |3 NS LT
79 |37 |363.37 |6 |(5/2-) |3 NS LT
79 |37 |452.89 |8 |1/2-,3/2- |3 NS LT
79 |37 |453.46 |7 |(7/2-) |
79 |37 |597.56 |12 |13/2+ |8.2 PS 4
79 |37 |643.93 |10 |(11/2)+ |5.7 PS 3
79 |37 |645 |10 |5/2-,7/2- |
79 |37 |651.75 |13 |1/2-,3/2- |3 NS LT
79 |37 |670.34 |8 |(7/2-) |
79 |37 |679.89 |9 |(9/2-) |6.4 PS 17
79 |37 |774.4 |4 |(9/2+) |
79 |37 |849 |10 |1/2+ |
79 |37 |997 |10 |+ |
79 |37 |1024.65 |10 |(9/2-) |
79 |37 |1049.89 |10 |(11/2-) |
79 |37 |1161.36 |21 |(11/2,13/2) |
79 |37 |1182 |10 |1/2+ |
79 |37 |1294 |10 | |
79 |37 |1349.27 |11 |(13/2-) |1.3 PS 3
79 |37 |1353.26 |16 |(17/2+) |0.79 PS 14
79 |37 |1400 |10 | |
79 |37 |1410.85 |12 |(11/2-) |
79 |37 |1454.44 |13 |(15/2+) |0.90 PS 14
79 |37 |1490 |10 |+ |
79 |37 |1517.3 |6 |(13/2+) |
79 |37 |1817.31 |17 |(13/2-) |
79 |37 |1821.92 |13 |(15/2-) |
79 |37 |1852.37 |16 | |
79 |37 |2093 |10 |1/2+ |
79 |37 |2164.97 |14 |(17/2-) |0.42 PS 10
79 |37 |2297.3 |3 |(15/2-) |
79 |37 |2315.77 |19 |(21/2+) |0.19 PS 2
79 |37 |2358.0 |7 |(17/2+) |
79 |37 |2510.25 |17 |(19/2+) |0.16 PS 4
79 |37 |2711.1 |5 |(17/2-) |
79 |37 |2767.62 |24 |(19/2-) |0.19 PS 5
79 |37 |3029.7 |8 |(19/2-) |
79 |37 |3111.47 |17 |(21/2-) |0.17 PS 3
79 |37 |3239.3 |15 | |
79 |37 |3276.2 |8 |(21/2+) |
79 |37 |3308.9 |4 |(19/2-) |
79 |37 |3457.58 |21 |(25/2+) |0.11 PS 3
79 |37 |3581.7 |11 |(21/2-) |
79 |37 |3687.0 |4 |(21/2-) |
79 |37 |3699.8 |4 |(23/2+) |0.097 PS 21
79 |37 |3879.2 |4 |(23/2-) |0.104 PS 21
79 |37 |3935.7 |12 |(23/2-) |
79 |37 |4151.7 |5 |(23/2-) |
79 |37 |4201.78 |20 |(25/2-) |0.09 PS 3
79 |37 |4213.1 |20 | |
79 |37 |4352.2 |10 |(25/2+) |
79 |37 |4600.7 |15 |(25/2-) |
79 |37 |4685.9 |5 |(25/2-) |
79 |37 |4774.49 |24 |(29/2+) |0.042 PS 14
79 |37 |4954.5 |5 |(27/2+) |0.16 PS LT
79 |37 |5144.4 |5 |(27/2-) |0.12 PS LT
79 |37 |5286.9 |11 |(27/2-) |
79 |37 |5463.49 |22 |(29/2-) |0.15 PS LT
79 |37 |5607.7 |11 |(29/2+) |
79 |37 |6275.7 |3 |(33/2+) |0.07 PS LT
79 |37 |6346.3 |7 |(31/2+) |
79 |37 |6573.0 |6 |(31/2-) |
79 |37 |6899.30 |25 |(33/2-) |
79 |37 |6944.9 |12 |(33/2+) |
79 |37 |7910.3 |9 |(35/2+) |
79 |37 |7964.3 |3 |(37/2+) |
79 |37 |8135.0 |8 |(35/2-) |
79 |37 |8340.6 |13 |(37/2+) |
79 |37 |8370.4 |4 |(37/2-) |
79 |37 |8489.7 |4 |(37/2-) |
79 |37 |9642.3 |13 |(39/2+) |
79 |37 |9828 |3 |(41/2+) |
79 |37 |9850.7 |5 |(41/2-) |
79 |37 |9881.0 |13 |(39/2-) |
79 |37 |9891.4 |14 |(41/2+) |
79 |37 |10028.3 |5 |(41/2-) |
79 |37 |11510.0 |16 |(43/2-) |
79 |37 |11519.1 |6 |(45/2-) |
79 |37 |11606.3 |17 |(43/2+) |
79 |37 |11665.8 |17 |(45/2+) |
79 |37 |11720.7 |6 |(45/2-) |
79 |37 |11834 |4 |(45/2+) |
79 |37 |13211 |5 |(47/2-) |
79 |37 |13525.1 |12 |(49/2-) |
79 |37 |13597.7 |12 |(49/2-) |
79 |37 |13689.8 |20 |(49/2+) |
79 |37 |13791 |4 | |
79 |37 |13996 |4 |(49/2+) |
79 |37 |15556 |5 |(53/2-) |
79 |37 |15984 |5 |(53/2+) |
80 |37 |0.0 | |1+ |33.4 S 7
80 |37 |175.25 |22 |(2-) |
80 |37 |235.9 |8 |( 3) |
80 |37 |334.5 |4 |(3-) |3.5 NS 7
80 |37 |375.87 |24 |(3+) |
80 |37 |397.6 |5 |(4-) |2.70 NS 21
80 |37 |418.5 |5 |(4-) |1.11 NS 21
80 |37 |469.7 |5 |(4-) |0.76 NS 21
80 |37 |472.5 |4 |(4+) |4.9 NS 7
80 |37 |485.9 |5 |(5-) |
80 |37 |493.9 |5 |(6+) |1.63 US 4
80 |37 |496.4 |5 |(5-) |0.42 NS 21
80 |37 |553.7 |4 |1+ |
80 |37 |580.7 |8 |(5-) |
80 |37 |589.2 |4 |1+ |
80 |37 |644.1 |5 |(6-) |
80 |37 |650.7 |6 |(8+) |13.9 NS 14
80 |37 |657.8 |5 |(7+,6-) |
80 |37 |764.8 |5 |(6-) |
80 |37 |884.0 |5 |(7-) |
80 |37 |1065.7 |8 |(7-) |
80 |37 |1108.2 |10 |(8-) |
80 |37 |1123.1 |6 |(9+) |
80 |37 |1205.1 |5 |(8-) |
80 |37 |1411.1 |6 |(8-) |
80 |37 |1542.0 |6 |(10+) |0.97 PS 35
80 |37 |1591.7 |5 |(9-) |
80 |37 |1849.2 |8 |(9-) |
80 |37 |1933.5 |10 |(10-) |
80 |37 |1999.6 |6 |(10-) |1.0 PS +10-4
80 |37 |2026.5 |7 |(11+) |0.30 PS 8
80 |37 |2115.1 |12 |(11+) |
80 |37 |2260.1 |12 |(10-) |
80 |37 |2506.8 |6 |(11-) |0.48 PS 14
80 |37 |2680.0 |7 |(12+) |0.22 PS 7
80 |37 |2787.2 |13 |(11-) |
80 |37 |2864.5 |14 |(12-) |
80 |37 |2998.8 |7 |(12-) |0.40 PS 9
80 |37 |3113.8 |12 |(12-) |
80 |37 |3130.1 |16 |(13+) |
80 |37 |3151.9 |7 |(13+) |0.23 PS 7
80 |37 |3269.1 |16 |(12-) |
80 |37 |3598.8 |12 |(13-) |0.31 PS 8
80 |37 |3906.2 |17 |(13-) |
80 |37 |4032.9 |9 |(14+) |0.12 PS 5
80 |37 |4124.5 |17 |(14-) |
80 |37 |4177.8 |16 |(14-) |
80 |37 |4184.9 |12 |(14-) |0.17 PS 6
80 |37 |4355.1 |19 |(14-) |
80 |37 |4445.9 |11 |(15+) |0.12 PS 3
80 |37 |4842.8 |16 |(15-) |0.28 PS LT
80 |37 |4901.8 |16 |(15-) |
80 |37 |5027.2 |19 |(15-) |
80 |37 |5379.1 |21 |(16-) |
80 |37 |5407.8 |19 |(16-) |
80 |37 |5543.0 |14 |(16+) |0.16 PS LT
80 |37 |5546.9 |16 |(16-) |0.21 PS LT
80 |37 |5906.9 |15 |(17+) |0.06 PS 3
80 |37 |6136.8 |19 |(17-) |
80 |37 |6261.8 |19 |(17-) |
80 |37 |6578.1 |24 |(18-) |
80 |37 |6790.8 |21 |(18-) |
80 |37 |7112.9 |19 |(18-) |
80 |37 |7185.0 |17 |(18+) |
80 |37 |7543.8 |21 |(19-) |0.06 PS +8-3
80 |37 |7554.0 |18 |(19+) |
80 |37 |7875 |3 |(20-) |
80 |37 |8861.9 |21 |(20-) |
80 |37 |9005.0 |20 |(20+) |
80 |37 |9037.9 |23 |(21-) |
80 |37 |9329.0 |21 |(21+) |0.083 PS LT
80 |37 |9397 |3 |(22-) |
80 |37 |10761.9 |24 |(22-) |
80 |37 |10785 |3 |(23-) |
80 |37 |11164.0 |23 |(23+) |
80 |37 |12756 |3 |(25-) |
80 |37 |13176.0 |25 |(25+) |
81 |37 |0.0 | |3/2- |4.572 H 4
81 |37 |86.31 |7 |9/2+ |30.5 M 3
81 |37 |153.481 |20 |5/2- |0.21 NS 10
81 |37 |188.228 |17 |1/2-,3/2- |
81 |37 |245.271 |25 |5/2+ |
81 |37 |301.241 |16 |(3/2)- |
81 |37 |433.8 |7 |(7/2+) |
81 |37 |443.387 |19 |1/2(-),3/2(-) |
81 |37 |457 | |(5/2)- |
81 |37 |463.00 |5 |1/2+,3/2,5/2+ |
81 |37 |486.68 |6 |(5/2-) |
81 |37 |574.729 |23 |(1/2)- |
81 |37 |612.2 |5 |(7/2)- |3.7 PS 3
81 |37 |630.59 |6 |(5/2+) |
81 |37 |702.16 |4 |1/2(-),3/2,5/2+ |
81 |37 |709.3 |5 |(13/2)+ |6.0 PS 3
81 |37 |711.93 |3 |(1/2-,3/2,5/2+) |
81 |37 |827.8 |12 |(5/2)+ |
81 |37 |896.2 |6 |(7/2-) |
81 |37 |909.090 |19 |(3/2)- |
81 |37 |913 | |(5/2+) |
81 |37 |913.1 |6 |(9/2)- |1.46 PS 21
81 |37 |923.02 |8 |1/2(-),3/2 |
81 |37 |987.2 |6 |(11/2+) |
81 |37 |1035.3 |8 |(11/2+) |
81 |37 |1061.42 |7 |1/2+ |
81 |37 |1130 | | |
81 |37 |1174.2 |7 |(9/2-) |
81 |37 |1218.9 |5 |1/2(+),3/2 |
81 |37 |1243.63 |13 |1/2(+),3/2 |
81 |37 |1305.0 |8 |(7/2,9/2+) |
81 |37 |1381.89 |3 |(3/2)- |
81 |37 |1390 | |(5/2)+ |
81 |37 |1416.4 |6 |(11/2)- |1.04 PS 14
81 |37 |1464.2 |12 | |
81 |37 |1513.10 |12 |1/2,3/2 |
81 |37 |1551 | |7/2+,9/2+ |
81 |37 |1553.67 |4 |1/2-,3/2- |
81 |37 |1584.2 |6 |(17/2)+ |0.84 PS 6
81 |37 |1596.2 |9 |(11/2-) |
81 |37 |1721 | |(5/2)+ |
81 |37 |1726 | |1/2+ |
81 |37 |1738.6 |5 |(13/2)- |3.33 PS 35
81 |37 |1774.8 |7 |(15/2+) |
81 |37 |1804.35 |13 |1/2,3/2 |
81 |37 |1848.15 |18 |1/2(+),3/2 |
81 |37 |1919.9 |7 |(15/2+) |
81 |37 |1967.6 |7 |(13/2-) |
81 |37 |2072 | |(5/2)+ |
81 |37 |2165.4 |4 |(1/2+) |
81 |37 |2205 | |(5/2)+ |
81 |37 |2264 | |+ |
81 |37 |2294.2 |6 |(15/2-) |
81 |37 |2393 | |(5/2)+ |
81 |37 |2394.5 |13 |(15/2-) |
81 |37 |2406 |AP |1/2+ |
81 |37 |2425.6 |13 |(13/2-) |
81 |37 |2575.7 |8 |(17/2-) |1.4 PS 3
81 |37 |2598 | | |
81 |37 |2599.7 |8 |(15/2-) |
81 |37 |2608.0 |7 |(21/2)+ |0.34 PS 6
81 |37 |2636.1 |6 |(15/2-) |
81 |37 |2638 | |3/2+,5/2+ |
81 |37 |2656.2 |6 |(17/2-) |1 PS GT
81 |37 |2697.1 |6 |(17/2-) |
81 |37 |2710.4 |10 |(19/2+) |
81 |37 |2759.9 |9 |(17/2-) |
81 |37 |2801 | |1/2+ |
81 |37 |2812 | |3/2+,5/2+ |
81 |37 |2907 | |3/2+,5/2+ |
81 |37 |2997.6 |6 |(19/2-) |
81 |37 |3031 | |3/2+,5/2+ |
81 |37 |3055.8 |7 |(19/2-) |
81 |37 |3069.5 |9 |(19/2-,21/2+) |
81 |37 |3192.7 | |(19/2-) |
81 |37 |3242 | |(5/2)+ |
81 |37 |3286.8 |16 |(19/2-) |
81 |37 |3295.2 |10 |(21/2-) |1.6 PS 7
81 |37 |3302 | |3/2+,5/2+ |
81 |37 |3427.4 |6 |(21/2-) |1.0 PS 4
81 |37 |3496.8 |10 |(21/2-) |1 PS GT
81 |37 |3665.6 |11 |(19/2,21/2,23/2) |
81 |37 |3765.7 |13 |(25/2)+ |0.17 PS 4
81 |37 |3956.4 |7 |(23/2-) |1.11 PS 14
81 |37 |3993.2 |9 |(23/2-) |
81 |37 |4317.3 |14 |(25/2-) |0.25 PS 5
81 |37 |4496.3 |14 |(25/2-) |
81 |37 |4591.2 |12 |(25/2-) |
81 |37 |5062.2 |12 |(27/2-) |0.49 PS 14
81 |37 |5072.2 |16 |(29/2)+ |0.18 PS LT
81 |37 |5243.3 |12 |(27/2-) |
81 |37 |5497.6 |17 |(29/2-) |0.24 PS 6
81 |37 |5644.9 |17 |(29/2-) |
81 |37 |5932.3 |14 |(29/2-) |
81 |37 |6259.3 |16 |(31/2-) |
81 |37 |6565.2 |19 |(33/2+) |
81 |37 |6683.3 |16 |(31/2-) |
81 |37 |6794.6 |20 |(33/2)- |0.24 PS LT
81 |37 |6904.7 |20 |(33/2-) |
81 |37 |7521.3 |19 |(35/2-) |
81 |37 |8195.4 |22 |(37/2-) |
81 |37 |8240.3 |22 |(37/2+) |
81 |37 |9741.4 |25 |(41/2-) |
81 |37 |10027.3 |24 |(41/2+) |
82 |37 |0 | |1+ |1.2575 M 2
82 |37 |69.0 |15 |5- |6.472 H 6
82 |37 |88.9 |9 |(2-) |1.66 NS 14
82 |37 |189.6 |12 |3(-) |0.21 NS 14
82 |37 |192.2 |16 |6+ |12.3 NS 6
82 |37 |210.0 |16 | |
82 |37 |225.7 |12 |(2) |0.28 NS 14
82 |37 |244.6 |12 |(3-) |0.35 NS 14
82 |37 |256.2 |16 |7(+) |5 NS LT
82 |37 |266.9 |9 |(2+) |
82 |37 |302.0 |16 |8(+) |5 NS LT
82 |37 |310.2 |13 |(4-) |
82 |37 |340.4 |12 |(3) |
82 |37 |394.2 |15 |(6-) |
82 |37 |439.9 |15 |(5-) |
82 |37 |484.9 |15 |6- |
82 |37 |534.0 |17 |(4) |
82 |37 |539.3 |16 |(6) |
82 |37 |576.1 |16 |(5) |
82 |37 |609.1 |15 |(5) |
82 |37 |617.8 |16 | |
82 |37 |661.4 |15 |(5,6) |
82 |37 |691.5 |15 |(7-) |
82 |37 |705.2 |16 |(6) |
82 |37 |734.9 |16 |(7) |
82 |37 |772.6 |16 | |
82 |37 |864.5 |16 |9(+) |0.19 PS 5
82 |37 |899.7 |16 |(7) |
82 |37 |1025.8 |16 |(8+) |
82 |37 |1085.1 |16 |(8-) |
82 |37 |1211.6 |16 |(9+) |
82 |37 |1282.3 |16 |(10+) |0.68 PS 6
82 |37 |1357.3 |16 |(8-) |
82 |37 |1704.3 |16 |10(+) |
82 |37 |1734.0 |16 |(9-) |
82 |37 |1844.3 |16 |(9-) |
82 |37 |1903.3 |16 |11(+) |0.38 PS LT
82 |37 |1963.6 |16 |10(+) |
82 |37 |2291.7 |16 |11(+) |
82 |37 |2395.8 |16 |(10-) |
82 |37 |2552.6 |16 |12(+) |0.62 PS LT
82 |37 |2618.3 |16 |(11-) |
82 |37 |2710.7 |16 |(11-) |
82 |37 |2961.4 |16 | |
82 |37 |3028.9 |16 |(12-) |0.40 PS 9
82 |37 |3043.0 |18 | |
82 |37 |3184.7 |16 |13(+) |
82 |37 |3501.7 |16 |(13-) |0.41 PS 8
82 |37 |3520.5 |17 | |
82 |37 |3651.0 |18 |(13-) |
82 |37 |3670.8 |16 | |
82 |37 |4017.1 |17 |14(+) |
82 |37 |4049.1 |16 |(14-) |0.24 PS 5
82 |37 |4532.2 |17 |(15+) |
82 |37 |4717.6 |16 |(15-) |0.69 PS LT
82 |37 |5486.0 |17 |(16-) |
82 |37 |5590.8 |17 |(16+) |
82 |37 |6013.7 |17 |(17+) |
83 |37 |0.0 | |5/2- |86.2 D 1
83 |37 |5.2357 |8 |3/2- |71.5 NS 8
83 |37 |42.0780 |20 |9/2+ |0.3 MS GT
83 |37 |99.36 |7 |3/2- |
83 |37 |389.42 |6 |3/2- |8 PS 3
83 |37 |423.612 |16 |5/2+ |74 PS +21-14
83 |37 |440 | |(3/2-) |
83 |37 |466.7 |4 | |
83 |37 |564.59 |5 |(3/2-,5/2,7/2-) |1.0 PS +8-4
83 |37 |737.14 |3 |7/2- |10.4 PS 69
83 |37 |793.63 |8 |13/2+ |4.2 PS 7
83 |37 |804.77 |3 |(7/2)+ |0.76 PS 14
83 |37 |821.62 |15 |(3/2)- |
83 |37 |853.98 |11 |(3/2-,5/2,7/2-) |
83 |37 |908.00 |11 |(3/2,5/2,7/2-) |
83 |37 |1010.34 |14 |(3/2-,5/2,7/2-) |
83 |37 |1035.14 |10 |(3/2-,5/2,7/2-) |
83 |37 |1037.92 |12 |11/2+ |0.55 PS 21
83 |37 |1083.19 |8 | |
83 |37 |1096.53 |8 |(7/2+,9/2+) |2.1 PS 7
83 |37 |1102.66 |13 |9/2- |0.83 PS 21
83 |37 |1202.04 |6 |(5/2,7/2,9/2)+ |
83 |37 |1242.90 |4 |(5/2)+ |
83 |37 |1277.5 |4 |(3/2-,5/2,7/2-) |
83 |37 |1296.07 |10 |(5/2,7/2-) |
83 |37 |1343 | |(3/2,5/2)- |
83 |37 |1366.1 |4 |(7/2+,9/2) |
83 |37 |1374.6 |6 | |
83 |37 |1424.6 |3 | |
83 |37 |1586.9 |7 |(9/2,13/2) |1.9 PS 6
83 |37 |1597.68 |10 |(5/2,7/2-) |
83 |37 |1606.2 |5 |(3/2,5/2,7/2-) |
83 |37 |1614.8 |4 |(5/2+,7/2,9/2+) |
83 |37 |1629 | |3/2+,5/2+ |
83 |37 |1649.4 |5 |(3/2-,5/2,7/2-) |
83 |37 |1695.45 |13 |(7/2,9/2)+ |
83 |37 |1749.33 |8 |(5/2+,7/2) |
83 |37 |1753.64 |16 |11/2- |0.69 PS 14
83 |37 |1780.4 |7 | |1.7 PS 6
83 |37 |1798.56 |8 |(5/2)+ |
83 |37 |1889.21 |12 |17/2+ |1.05 PS 12
83 |37 |1916.41 |19 |(5/2,7/2-) |
83 |37 |1942.66 |12 |15/2+ |1.25 PS 42
83 |37 |1952.04 |6 |5/2+ |
83 |37 |2036.5 |5 |(5/2,7/2-) |
83 |37 |2057.23 |10 |(7/2+,9/2) |
83 |37 |2062 | |1/2-,3/2- |
83 |37 |2067.3 |3 |11/2- |
83 |37 |2073.5 |4 |13/2- |0.55 PS 14
83 |37 |2089.90 |8 |(5/2+,7/2+) |
83 |37 |2095.0 |6 |(5/2+,7/2,9/2) |
83 |37 |2101.72 |14 |13/2- |1.18 PS 28
83 |37 |2134.86 |11 |(5/2+,7/2) |
83 |37 |2189.72 |14 |9/2+ |
83 |37 |2206.24 |23 |(13/2) |
83 |37 |2310.0 |10 | |
83 |37 |2313.54 |13 |13/2- |0.69 PS 21
83 |37 |2318.17 |19 |(17/2+) |1.4 PS 7
83 |37 |2334 | |1/2+,3/2+,5/2+ |
83 |37 |2413.75 |12 |15/2- |4.2 NS 21
83 |37 |2442 | | |
83 |37 |2568 | | |
83 |37 |2576.44 |21 |15/2- |0.62 PS 14
83 |37 |2584 | |3/2+,5/2+ |
83 |37 |2595.89 |13 |17/2- |70 PS 35
83 |37 |2691 | |1/2+ |
83 |37 |2699.50 |13 |17/2- |
83 |37 |2772.42 |20 |17/2- |
83 |37 |2782 | | |
83 |37 |2859.67 |25 |21/2+ |1.45 PS 14
83 |37 |2906 | |(5/2)+ |
83 |37 |2957.84 |15 |19/2- |6.9 PS +69-35
83 |37 |3016.1 |5 | |
83 |37 |3059 | |1/2+ |
83 |37 |3139.2 |6 |(19/2) |
83 |37 |3147 | |3/2+,5/2+ |
83 |37 |3194.98 |19 |19/2- |0.90 PS LT
83 |37 |3242 | |1/2+,3/2+,5/2+ |
83 |37 |3329.71 |19 |21/2+ |0.90 PS LT
83 |37 |3362.95 |17 |21/2- |1.9 PS 5
83 |37 |3421 | |(5/2)+ |
83 |37 |3440.27 |19 |21/2- |
83 |37 |3536.9 |4 | |
83 |37 |3559.30 |18 |21/2- |0.24 PS +14-10
83 |37 |3601.06 |20 |21/2- |0.28 PS 6
83 |37 |3616 | |1/2+,3/2+,5/2+ |
83 |37 |3726.78 |25 |23/2+ |0.17 PS 6
83 |37 |3765.5 |3 |(21/2+) |
83 |37 |3783 | |1/2+,3/2+,5/2+ |
83 |37 |3915 | |1/2+,3/2+,5/2+ |
83 |37 |3992.2 |3 |25/2+ |0.67 PS 6
83 |37 |4084.55 |20 |23/2- |0.229 PS 21
83 |37 |4129.6 |4 | |
83 |37 |4134.65 |22 |23/2- |
83 |37 |4163.9 |3 |23/2- |
83 |37 |4406.8 |10 | |
83 |37 |4435.37 |23 |25/2+ |0.31 PS 10
83 |37 |4461.1 |4 |(25/2+) |0.29 PS 8
83 |37 |4641.94 |21 |25/2- |0.270 PS 35
83 |37 |4686.27 |19 |25/2- |0.33 PS 4
83 |37 |4715.1 |4 | |
83 |37 |4963.5 |3 |(27/2+) |
83 |37 |5050.9 |7 | |
83 |37 |5216.2 |3 |(27/2+) |
83 |37 |5316.1 |3 |29/2+ |0.236 PS 35
83 |37 |5349.4 |3 |27/2- |
83 |37 |5421.8 |14 |(25/2-) |
83 |37 |5448.1 |3 |(27/2-) |0.035 PS 14
83 |37 |5577.20 |25 | |
83 |37 |5666.9 |3 |(29/2+) |0.40 PS LT
83 |37 |5869.1 |3 |29/2- |0.39 PS 6
83 |37 |5970.6 |3 |29/2- |0.312 PS 35
83 |37 |6088.0 |6 | |
83 |37 |6249.9 |7 | |
83 |37 |6356.5 |5 |(29/2-) |
83 |37 |6423.3 |7 | |
83 |37 |6438.2 |4 |(31/2+) |
83 |37 |6470.3 |5 |(31/2+) |
83 |37 |6556.9 |4 |(31/2-) |
83 |37 |6668.8 |5 | |
83 |37 |6687.8 |4 |(31/2-) |0.111 PS 21
83 |37 |6912.2 |8 | |
83 |37 |6913.1 |5 |(33/2+) |0.125 PS 14
83 |37 |6933.7 |5 |(31/2-) |
83 |37 |7068.0 |4 |33/2- |0.19 PS 6
83 |37 |7167.3 |4 |(33/2+) |
83 |37 |7372.3 |5 |(33/2-) |0.062 PS 21
83 |37 |7447.3 |4 |(33/2-) |
83 |37 |7633.2 |8 | |
83 |37 |7906.1 |4 |(35/2-) |
83 |37 |8032.6 |5 |(35/2-) |
83 |37 |8094.3 |6 |(35/2-) |0.17 PS 6
83 |37 |8193.5 |5 |(35/2+) |
83 |37 |8419.5 |5 |37/2- |
83 |37 |8671.9 |6 |(37/2-) |0.166 PS 28
83 |37 |8837.5 |8 |(37/2+) |
83 |37 |8962.4 |9 | |
83 |37 |9341.2 |6 |(39/2-) |
83 |37 |9633.6 |8 |(39/2-) |
83 |37 |9910.2 |6 |41/2- |
83 |37 |11714.9 |9 |(45/2-) |
83 |37 |13926.3 |12 |(49/2-) |
84 |37 |0 | |2- |32.82 D 7
84 |37 |248.06 |8 |3- |0.31 NS 6
84 |37 |463.59 |8 |6- |20.26 M 4
84 |37 |466.64 |16 |5- |9 NS 2
84 |37 |472.40 |12 |(4-) |
84 |37 |543.28 |12 |(5+) |11 NS 1
84 |37 |564 |3 |(2,3,4)+ |
84 |37 |572.9 |6 |(6+) |
84 |37 |602.1 |6 |4-,5,6 |
84 |37 |613.6 |4 |(4,5)- |
84 |37 |619.7 |4 |(7+) |
84 |37 |677.99 |13 |(7-) |
84 |37 |702.8 |4 |(8+) |
84 |37 |718 |8 | |
84 |37 |768 |5 |2-,3- |
84 |37 |797 |6 | |
84 |37 |832 |3 |(2,3,4)+ |
84 |37 |890 |5 |(2,3,4)+ |
84 |37 |929 |4 |(2,3,4)+ |
84 |37 |941 |7 |(2,3,4)- |
84 |37 |957 |8 | |
84 |37 |1007 |6 |(1)+ |
84 |37 |1066 |7 |(1+,2+,3+) |
84 |37 |1136 |5 |(2,3,4)+ |
84 |37 |1156.9 |8 |(6+,7,8+) |
84 |37 |1167.1 |12 | |
84 |37 |1218 |7 |(1+) |
84 |37 |1286 |3 |(2,3,4)+ |
84 |37 |1333.6 |4 |(9+) |0.59 PS 10
84 |37 |1397.8 |3 |(8-) |
84 |37 |1662.3 |4 |(8-) |
84 |37 |1745.1 |10 |(7-) |
84 |37 |1757.9 |4 |(10+) |1.11 PS 14
84 |37 |1871.7 |6 |(9+) |
84 |37 |2068.0 |5 |(9-) |
84 |37 |2428.7 |4 |(10+) |
84 |37 |2461.8 |4 |(9-) |
84 |37 |2469.3 |6 |(10-) |
84 |37 |2476.6 |4 |(11+) |0.194 PS 21
84 |37 |2710.6 |4 |(10-) |
84 |37 |2917.9 |5 |(11+) |
84 |37 |2936.8 |4 |(10-) |
84 |37 |2972.4 |5 |(9-) |
84 |37 |3028.2 |4 |(10-) |
84 |37 |3107.9 |5 |(10-) |
84 |37 |3122.1 |4 |(11-) |
84 |37 |3166.9 |4 |(12+) |0.83 PS LT
84 |37 |3394.9 |4 |(11-) |
84 |37 |3408.2 |5 |(12+) |
84 |37 |3561.2 |4 |(12-) |
84 |37 |3680.8 |4 |(12-) |
84 |37 |3721.5 |4 |(12-) |
84 |37 |3786.1 |4 |(13-) |
84 |37 |4131.0 |4 |(13-) |0.28 PS 5
84 |37 |4166.7 |4 |(13-) |0.57 PS 8
84 |37 |4246.4 |6 | |
84 |37 |4714.8 |4 |(14-) |0.263 PS 21
84 |37 |4801.4 |4 |(14-) |0.049 PS 14
84 |37 |4824.7 |7 |(14+) |
84 |37 |5254.5 |5 |(15-) |0.44 PS 6
84 |37 |5371.8 |5 |(15-) |0.173 PS 28
84 |37 |5933.3 |5 |(16-) |0.076 PS 14
84 |37 |6094.8 |5 |(16-) |0.111 PS 28
84 |37 |6471.7 |5 |(17-) |0.36 PS LT
84 |37 |6861.2 |7 |(17-) |0.31 PS LT
84 |37 |7382.7 |6 |(18-) |
85 |37 |0.0 | |5/2- |STABLE
85 |37 |151.192 |6 |3/2- |0.71 NS 5
85 |37 |281.005 |10 |1/2- |40 PS 3
85 |37 |514.0065 |22 |9/2+ |1.015 US 1
85 |37 |731.829 |11 |3/2- |4.4 PS 4
85 |37 |868.94 |4 |7/2- |2.5 PS 3
85 |37 |885.84 |14 |1/2- |0.78 PS +17-10
85 |37 |919.73 |3 |(3/2,5/2)- |0.46 PS 4
85 |37 |950.95 |3 |5/2+ |2.8 PS 6
85 |37 |1175.56 |4 |(5/2-) |0.66 PS 13
85 |37 |1293.34 |8 |(13/2)+ |8.4 PS 10
85 |37 |1295.96 |5 |1/2-,3/2- |0.17 PS 9
85 |37 |1384.24 |8 |5/2-,7/2- |1.0 PS 5
85 |37 |1445.05 |7 |(9/2-) |
85 |37 |1449.20 |11 |(5/2+,7/2+) |
85 |37 |1496.31 |9 |(1/2)- |0.35 PS +28-21
85 |37 |1631.42 |7 |(5/2)- |0.35 PS +21-14
85 |37 |1668.65 |6 |1/2,3/2,5/2- |0.18 PS 11
85 |37 |1747.88 |13 |(11/2+,13/2+) |
85 |37 |1786.93 |16 |(5/2+) |
85 |37 |1792.31 |9 |1/2- |0.12 PS LE
85 |37 |1802.2 |3 |(9/2+,11/2+,13/2+) |
85 |37 |1852.62 |24 |(3/2,5/2+) |
85 |37 |1891 |15 | |
85 |37 |1929.7 |3 |1/2,3/2,5/2- |0.10 PS LE
85 |37 |1950.06 |14 |(1/2)- |0.3 PS 3
85 |37 |1999.9 |7 |(1/2-) |
85 |37 |2028.14 |12 |(1/2-:7/2-) |0.9 PS 4
85 |37 |2039.5 |3 |(1/2,3/2,5/2-) |
85 |37 |2053 |5 |7/2+,9/2+ |
85 |37 |2083.34 |8 |(11/2-) |
85 |37 |2087.6 |6 |1/2,3/2,5/2- |0.3 PS LE
85 |37 |2120.97 |14 |(11/2+) |
85 |37 |2202.4 |5 |1/2-,3/2- |0.3 PS +3-2
85 |37 |2239.10 |15 |(5/2-:11/2-) |
85 |37 |2304 |12 | |
85 |37 |2364.44 |8 |(13/2+) |
85 |37 |2373.5 |4 |1/2-,3/2- |0.07 PS +28-7
85 |37 |2476.75 |12 |(17/2)+ |0.76 PS +21-14
85 |37 |2511.42 |11 |(13/2-) |
85 |37 |2514 |5 |7/2+,9/2+ |
85 |37 |2602 |5 |1/2-,3/2- |
85 |37 |2622.65 |19 |(11/2+) |
85 |37 |2659.25 |12 |(11/2+) |
85 |37 |2685.69 |10 |(15/2+) |
85 |37 |2730 |5 |3/2+,5/2+ |
85 |37 |2801 |10 |1/2+ |
85 |37 |2826.55 |14 |(19/2)- |12.5 NS 6
85 |37 |2843.65 |11 |(15/2-) |
85 |37 |2948 |10 |1/2+ |
85 |37 |2981.13 |13 |(15/2-) |
85 |37 |3016.95 |20 |(17/2-) |
85 |37 |3024 |10 |3/2+,5/2+ |
85 |37 |3042.13 |16 |(15/2-) |
85 |37 |3054.56 |15 |(21/2-) |69 PS GT
85 |37 |3073.2 |8 |(17/2:21/2+) |
85 |37 |3148 |10 |3/2+,5/2+ |
85 |37 |3198.29 |12 |(17/2-) |
85 |37 |3200 |10 |3/2+,5/2+ |
85 |37 |3203.27 |18 |(17/2+) |
85 |37 |3310 |10 |(1/2-,3/2-) |
85 |37 |3398 |10 |1/2-,3/2- |
85 |37 |3491.15 |15 |(21/2+) |5.5 PS 14
85 |37 |3541 |10 |3/2+,5/2+ |
85 |37 |3562.56 |21 |(19/2) |
85 |37 |3598 |10 |3/2+,5/2+ |
85 |37 |3656 |10 |1/2+&amp;3/2+,5/2+ |
85 |37 |3698 |10 |1/2+ |
85 |37 |3717.2 |5 |(23/2,25/2) |
85 |37 |3813.19 |15 |(19/2-) |
85 |37 |3886 |10 |3/2+,5/2+ |
85 |37 |3981 |10 |1/2+ |
85 |37 |4039 |10 |3/2+,5/2+ |
85 |37 |4117 |10 |3/2+,5/2+ |
85 |37 |4135.42 |18 |(23/2+) |0.069 PS 28
85 |37 |4154 |10 |(3/2+,5/2+) |
85 |37 |4195 |10 |(5/2-,7/2-) |
85 |37 |4220 |10 |(1/2+) |
85 |37 |4311.08 |18 |(21/2-) |
85 |37 |4343 |10 |3/2+,5/2+ |
85 |37 |4356.53 |21 |(21/2-) |0.28 PS 7
85 |37 |4379.8 |6 |(25/2:29/2) |
85 |37 |4484 |10 |3/2+,5/2+ |
85 |37 |4575 |10 |3/2+,5/2+ |
85 |37 |4631 |10 |1/2+ |
85 |37 |4729 |10 |1/2-,3/2- |
85 |37 |4756 |10 |3/2+,5/2+ |
85 |37 |4757.21 |23 |(25/2+) |0.21 PS 7
85 |37 |4847.0 |3 | |
85 |37 |4861 |10 |3/2+,5/2+ |
85 |37 |4913 |10 |1/2+ |
85 |37 |4940.4 |5 | |0.49 PS LE
85 |37 |5013 |10 |3/2+,5/2+ |
85 |37 |5074 |10 |3/2+,5/2+ |
85 |37 |5127 |10 |3/2+,5/2+ |
85 |37 |5186 |10 |1/2+ |
85 |37 |5245 |10 |3/2+,5/2+ |
85 |37 |5312.25 |20 |(25/2+) |0.28 PS +28-14
85 |37 |5367 |10 |(3/2+,5/2+) |
85 |37 |5419.30 |19 |(27/2+) |7 PS GT
85 |37 |5444 |10 |3/2+,5/2+ |
85 |37 |5516 |10 |1/2+ |
85 |37 |5563 |10 |(3/2+,5/2+) |
85 |37 |5611.80 |22 |(29/2+) |3.5 PS +14-7
85 |37 |5643 |10 |(3/2+,5/2+) |
85 |37 |5668 |10 |3/2+,5/2+ |
85 |37 |5719 |10 |(1/2-,3/2-) |
85 |37 |5815 |10 |(3/2+,5/2+) |
85 |37 |5996 |10 |(3/2+,5/2+) |
85 |37 |6065 |10 |1/2+ |
85 |37 |6185 |10 |3/2+,5/2+ |
85 |37 |6335.9 |3 |(31/2+) |0.14 PS 7
85 |37 |7107.1 |5 |(33/2+) |0.042 PS +35-21
85 |37 |11948 |17 |(5/2)+ |14.2 KEV
85 |37 |12232 |17 |1/2+ |23.7 KEV
86 |37 |0.0 | |2- |18.642 D 18
86 |37 |488.2 |4 |1+ |2.4 PS 3
86 |37 |556.05 |18 |6- |1.017 M 3
86 |37 |557.0 |3 |(3)- |
86 |37 |780.3 |3 |(7)- |
86 |37 |873.2 |4 |3-,4- |
86 |37 |978.7 |5 |3-,4- |
86 |37 |1027.2 |4 |1+,2+,3+ |
86 |37 |1032.7 |5 |(3,4)- |
86 |37 |1092.8 |4 |(5)- |
86 |37 |1105.6 |5 |(2,3)+ |
86 |37 |1122 |2 |( 3)+ |
86 |37 |1156 |2 |(0)+ |
86 |37 |1196.4 |5 |(3,4)- |
86 |37 |1248.0 |11 |4- |
86 |37 |1305.1 |4 |3+ |
86 |37 |1309 |3 | |
86 |37 |1389.4 |5 |(3)+ |
86 |37 |1412 |2 |4-,5-,6- |
86 |37 |1439.0 |5 |3-,4- |
86 |37 |1470.8 |6 |(2,3)+ |
86 |37 |1501.7 |10 |(3)+ |
86 |37 |1550 |2 |4-,5-,6- |
86 |37 |1558.5 |3 |(7+) |
86 |37 |1666.8 |4 |(1,2,3)+ |
86 |37 |1683.7 |3 |(8+) |
86 |37 |1709.2 |11 |(1,2,3)+ |
86 |37 |1738 |3 |(-) |
86 |37 |1761 |2 |(1)+ |
86 |37 |1820.0 |6 |(3+,4,5-) |
86 |37 |1889.3 |10 |1+,2+,3+ |
86 |37 |1901 |4 | |
86 |37 |1917.1 |15 | |
86 |37 |1926.1 |18 | |
86 |37 |1953.1 |16 | |
86 |37 |2024.9 |24 | |
86 |37 |2093 |3 |1+ |
86 |37 |2130.0 |10 |(-) |
86 |37 |2149.7 |10 |(1,2,3)+ |
86 |37 |2179.7 |6 |(1+,2+,3+) |
86 |37 |2255 |3 |(5+,6+,7+) |
86 |37 |2265.9 |7 | |
86 |37 |2282 |4 | |
86 |37 |2298.9 |6 | |
86 |37 |2331.8 |18 | |
86 |37 |2352.5 |10 | |
86 |37 |2369 |4 | |
86 |37 |2403.4 |19 | |
86 |37 |2416.5 |4 |(9+) |0.28 PS 7
86 |37 |2437 |4 | |
86 |37 |2462.2 |6 | |
86 |37 |2475.7 |10 | |
86 |37 |2508.2 |9 |(3+) |
86 |37 |2534 |4 |(1,2,3)+ |
86 |37 |2570.4 |10 | |
86 |37 |2585.7 |10 | |
86 |37 |2598.1 |10 |1+ |
86 |37 |2671.0 |5 |(1,2,3)+ |
86 |37 |2719.0 |7 | |
86 |37 |2765.5 |5 | |
86 |37 |2810.4 |9 | |
86 |37 |2827.9 |20 | |
86 |37 |2850.4 |7 | |
86 |37 |2890.1 |5 | |
86 |37 |2951 |4 |1+ |
86 |37 |2992 |5 |(2-) |
86 |37 |3113 |5 |1+ |
86 |37 |3137.5 |4 |(9+) |0.55 PS 14
86 |37 |3205 |5 |1+ |
86 |37 |3242 |5 |(0-,1-,2-) |
86 |37 |3271 |5 | |
86 |37 |3282.0 |4 |(10+) |0.69 PS 14
86 |37 |3319 |10 |1+ |
86 |37 |3411.9 |4 |(11+) |5.5 PS 14
86 |37 |3445 |5 |(1) |
86 |37 |3510 |5 |(1+) |
86 |37 |3578.4 |4 |(10+) |0.28 PS +7-14
86 |37 |3707 |5 | |
86 |37 |3743.4 |4 |(12+) |1.32 PS 14
86 |37 |3763 |7 |(1,2,3)+ |
86 |37 |3824 |5 | |
86 |37 |3866.1 |5 |(11+) |1.25 PS 35
86 |37 |3896 |6 |(1+) |
86 |37 |4078 |5 |(2-) |
86 |37 |4221 |5 |1+ |
86 |37 |4266 |8 |(1,2,3)+ |
86 |37 |4548 |5 |(1,2,3)+ |
86 |37 |4717.1 |5 |(13+) |0.08 PS +4-5
86 |37 |5293.6 |5 |(12-) |0.35 PS +7-14
86 |37 |5557.4 |5 |(13-) |0.76 PS +14-21
86 |37 |6113.6 |6 |(14-) |0.28 PS +7-14
86 |37 |6455.8 |6 |(14+) |0.035 PS +42-28
86 |37 |6799.6 |6 |(15-) |0.21 PS +7-14
86 |37 |7413.1 |7 |(15) |0.42 PS +7-14
86 |37 |7860.1 |7 |(16) |0.69 PS +14-21
86 |37 |8651.0 |10 |2-,3- |
87 |37 |0.0 | |3/2- |4.81E+10 Y 9
87 |37 |402.587 |10 |5/2- |0.08 NS 5
87 |37 |845.44 |4 |1/2-,3/2- |
87 |37 |1349.36 |10 | |
87 |37 |1389.78 |8 |(3/2)- |
87 |37 |1463.00 |15 |(1/2)- |
87 |37 |1577.9 |3 |9/2+ |6 NS 1
87 |37 |1578.05 |5 |1/2-,3/2- |
87 |37 |1740.57 |5 |(3/2,5/2)- |
87 |37 |1893 |10 |1/2-,3/2- |
87 |37 |1950.0 |3 | |
87 |37 |2013 |8 |- |
87 |37 |2284 |8 |- |
87 |37 |2378.39 |18 | |
87 |37 |2379 |8 |(+) |
87 |37 |2397 |4 |1/2-,3/2- |
87 |37 |2414.44 |6 |(3/2-) |
87 |37 |2415 |8 |(7/2,9/2)+ |
87 |37 |2530 | |1/2-,3/2- |
87 |37 |2554.81 |7 |3/2+,5/2+ |
87 |37 |2731 |4 |7/2+,9/2+ |
87 |37 |2811.25 |14 |3/2+,5/2+ |
87 |37 |2960.62 |7 |(3/2,5/2)+ |
87 |37 |2974 |4 |7/2+,9/2+ |
87 |37 |3002 |6 |+ |
87 |37 |3055.15 |24 |3/2,5/2,7/2- |
87 |37 |3060 |5 |1/2+ |
87 |37 |3099 |8 |+ |
87 |37 |3308.49 |12 |3/2+,5/2+ |
87 |37 |3338 |6 |1/2-,3/2- |
87 |37 |3356 |8 | |
87 |37 |3411 |8 | |
87 |37 |3436 |8 | |
87 |37 |3480 |8 |(7/2,9/2)+ |
87 |37 |3534 |8 | |
87 |37 |3586 |8 |- |
87 |37 |3618 |8 |+ |
87 |37 |3647 |8 | |
87 |37 |3685 |8 |(7/2,9/2)+ |
87 |37 |3692 |7 |1/2-,3/2- |
87 |37 |3707 |8 |- |
87 |37 |3744 |8 | |
87 |37 |3767 |4 |1/2-,3/2- |
87 |37 |3824 |8 |- |
87 |37 |3834 |5 |1/2+ |
87 |37 |3865 |8 |+ |
87 |37 |3910 |8 |+ |
87 |37 |3958 |8 |- |
87 |37 |3974 |4 |3/2+,5/2+ |
87 |37 |4014 |8 | |
87 |37 |4029 |8 |- |
87 |37 |4057 |8 | |
87 |37 |4068 |8 | |
87 |37 |4094 |8 | |
87 |37 |4106 |8 |- |
87 |37 |4146 |5 |3/2+,5/2+ |
87 |37 |4153 |8 |- |
87 |37 |4209 |8 |- |
87 |37 |4266 |5 | |
87 |37 |4379 |5 |3/2+,5/2+ |
87 |37 |4492 |5 |3/2+,5/2+ |
87 |37 |4681 |5 |1/2-,3/2- |
87 |37 |4862 |5 |(1/2+)&amp;(3/2+,5/ |2+)
87 |37 |4941 |5 |1/2+ |
87 |37 |5118 |9 |3/2+,5/2+ |
87 |37 |5196 |5 |1/2+ |
87 |37 |5233 |5 |3/2+,5/2+ |
87 |37 |5316 |5 |3/2+,5/2+ |
87 |37 |5347 |5 |3/2+,5/2+ |
87 |37 |5491 |5 |3/2+,5/2+ |
87 |37 |5542 |5 |(1/2+)&amp;(3/2+,5/ |2+)
87 |37 |5634 |7 |1/2+ |
87 |37 |5750 |5 |1/2+ |
87 |37 |5802 |5 |(1/2+)&amp;(3/2+,5/ |2+)
87 |37 |5845 |5 |3/2+,5/2+ |
87 |37 |5884 |5 |3/2+,5/2+ |
87 |37 |5978 |5 |3/2+,5/2+ |
87 |37 |6018 |5 |1/2+ |
87 |37 |6089 |5 |3/2+,5/2+ |
87 |37 |6176 |5 |1/2+ |
87 |37 |6206 |5 |3/2+,5/2+ |
87 |37 |6307 |5 |3/2+,5/2+ |
87 |37 |6375 |5 |(1/2+)&amp;(3/2+,5/ |2+)
87 |37 |6468 |5 |1/2+ |
87 |37 |6512 |5 |3/2+,5/2+ |
87 |37 |6548 |5 |1/2+ |
87 |37 |6618 |5 |3/2+,5/2+ |
87 |37 |6652 |5 |3/2+,5/2+ |
87 |37 |6744 |10 |3/2+,5/2+ |
87 |37 |6791 |9 |(1/2+)&amp;(3/2+,5/ |2+)
87 |37 |6838 |5 |1/2+ |
87 |37 |6989 |5 |1/2+ |
87 |37 |13968 | |5/2+ |36.0 KEV
87 |37 |14490 | |1/2+ |77.0 KEV
87 |37 |15446 | |3/2+,5/2+ |49.6 KEV
87 |37 |15854 | |3/2+,5/2+ |30.0 KEV
87 |37 |15968 | |3/2+,5/2+ |36.0 KEV
87 |37 |16040 | |1/2+ |60.0 KEV
87 |37 |16083 | |3/2+,5/2+ |62.0 KEV
87 |37 |16240 | |9/2-,11/2- |45.0 KEV
87 |37 |16512 | |7/2+ |30.0 KEV
87 |37 |16762 | |3/2+,5/2+ |65.0 KEV
87 |37 |16883 | |3/2+,5/2+ |65.0 KEV
87 |37 |16994 | |5/2-,7/2- |35.0 KEV
87 |37 |17193 | |1/2+ |70.0 KEV
87 |37 |17513 | |3/2+,5/2+ |38.0 KEV
88 |37 |0.0 | |2- |17.773 M 18
88 |37 |27.515 |9 |(3)- |
88 |37 |196.292 |8 |(1)- |
88 |37 |268.24 |3 |4- |
88 |37 |340.40 |22 |(4-) |
88 |37 |362.240 |10 |(2)- |
88 |37 |390.546 |10 |(2-) |
88 |37 |407 |12 | |
88 |37 |726.51 |23 |(5-) |
88 |37 |862.349 |9 |2- |
88 |37 |1086 |6 |2-,3-,4- |
88 |37 |1141.360 |22 |1-,2- |
88 |37 |1166 |20 |(1-,2-) |
88 |37 |1182.090 |17 |(0,1,2) |
88 |37 |1212.577 |21 |(1,2)- |
88 |37 |1245.24 |4 |(2)- |
88 |37 |1273 |6 |(0-,1-,2-) |
88 |37 |1352.494 |22 |1-,2- |
88 |37 |1372 |5 |(0-,1-,2-) |
88 |37 |1373.8 |3 |(7+) |123 NS 13
88 |37 |1441.51 |3 |(1,2-) |
88 |37 |1603.83 |3 |(0-,1-,2-) |
88 |37 |1622 |5 |(3+,4-) |
88 |37 |1661.15 |4 |1-,2- |
88 |37 |1714.714 |24 |0-,1- |
88 |37 |1793.3 |3 |0-,1-,2- |
88 |37 |1871 |7 | |
88 |37 |1915.52 |4 |(1,2)- |
88 |37 |1951 |9 |- |
88 |37 |2091 |4 |3+,4+,5+ |
88 |37 |2231.761 |14 |1+ |
88 |37 |2255 |9 | |
88 |37 |2345 |5 |2-,3-,4- |
88 |37 |2392.147 |9 |1+ |
88 |37 |2456.00 |16 |(0-,1-) |
88 |37 |2500 |12 | |
88 |37 |2548.420 |23 |1+ |
88 |37 |2562 |9 | |
88 |37 |2728 |10 |(1+) |
88 |37 |2771.11 |4 |1+ |
88 |37 |2807 |11 |(2-) |
88 |37 |2924.4 |5 |(9+) |
88 |37 |2932 |6 |(1+,2+,3+) |
88 |37 |2978 |6 |2- |
88 |37 |3119 |13 |0-,1-,2- |
88 |37 |3192.0 |5 |(9+) |
88 |37 |3258 |8 | |
88 |37 |3311 |13 | |
88 |37 |3389 |5 | |
88 |37 |3457 |5 |(3+) |
88 |37 |3540 |6 |(2-) |
88 |37 |3587.9 |5 |(10+) |
88 |37 |3724 |7 | |
88 |37 |3786.7 |6 | |
88 |37 |3851 |5 |1+ |
88 |37 |3973 |5 |(2-) |
88 |37 |4199 |5 |(1)+ |
88 |37 |4242.9 |11 | |
88 |37 |4256 |5 |(1+) |
88 |37 |4485 |5 |(2-) |
88 |37 |4611 |8 | |
88 |37 |4783 |7 |(2-,3-,4-) |
88 |37 |4831 |8 |1+,2+,3+ |
88 |37 |5009.0 |8 | |
88 |37 |5905.0 |13 | |
89 |37 |0 | |3/2- |15.32 M 10
89 |37 |220.948 |9 |5/2(-) |
89 |37 |497.400 |17 |(1/2-) |
89 |37 |577.07 |5 |(3/2,5/2,7/2-) |
89 |37 |586.00 |3 |7/2(-) |
89 |37 |867.11 |6 |(1/2:7/2-) |
89 |37 |931.01 |5 |(5/2+,7/2-) |
89 |37 |997.48 |5 |(7/2-) |
89 |37 |1195.36 |5 |(9/2+) |8 NS 2
89 |37 |1324.35 |4 |(3/2-,5/2-) |
89 |37 |1340.06 |18 |(3/2-,5/2,7/2-) |
89 |37 |1488.31 |10 |(3/2-,5/2,7/2-) |
89 |37 |1530.24 |7 |(3/2-,5/2,7/2-) |
89 |37 |1693.78 |4 |(5/2+) |
89 |37 |1821.69 |6 |(5/2+,7/2-) |
89 |37 |1864.74 |8 |(5/2+) |
89 |37 |1998.55 |5 |(3/2-,5/2-) |
89 |37 |2004.4 |3 |(13/2+) |
89 |37 |2141.35 |15 |(3/2-,5/2,7/2-) |
89 |37 |2159.98 |4 |(5/2+) |
89 |37 |2218.71 |15 | |
89 |37 |2269.7 |4 | |
89 |37 |2365.25 |16 | |
89 |37 |2387.98 |15 |(1/2-:7/2-) |
89 |37 |2400.90 |5 |1/2,3/2,5/2(-) |
89 |37 |2512 | | |
89 |37 |2598.10 |4 |(3/2-,5/2) |
89 |37 |2782.04 |7 |(3/2-,5/2) |
89 |37 |2788.73 |25 |(3/2-,5/2,7/2-) |
89 |37 |2840.4 |5 |(17/2+) |
89 |37 |2866.13 |6 |(3/2-,5/2) |
89 |37 |3017.53 |11 |1/2,3/2,5/2 |
89 |37 |3249.96 |20 | |
89 |37 |3327.93 |8 |(3/2-,5/2) |
89 |37 |3361.40 |9 |(3/2-,5/2) |
89 |37 |3370.81 |9 |1/2,3/2,5/2 |
89 |37 |3465.07 |20 |(3/2-,5/2) |
89 |37 |3532.88 |14 |(3/2-,5/2) |
89 |37 |3717.42 |13 |(5/2+) |
89 |37 |3719.95 |15 |(3/2-,5/2) |
89 |37 |3833.9 |3 |1/2,3/2,5/2 |
89 |37 |3898.8 |3 |1/2,3/2,5/2 |
89 |37 |3965.54 |18 |1/2(+),3/2,5/2 |
89 |37 |3977.38 |21 |1/2,3/2,5/2 |
89 |37 |4032.7 |6 |(21/2+) |
89 |37 |4048.63 |15 |(3/2-,5/2) |
89 |37 |4058.5 |3 | |
89 |37 |4080.90 |15 |(1/2+,3/2+,5/2+) |
89 |37 |4143.89 |17 |(1/2+,3/2+,5/2+) |
89 |37 |4198.6 |4 |1/2,3/2,5/2 |
89 |37 |4216.9 |4 |1/2,3/2,5/2 |
89 |37 |4230.7 |4 |1/2(+),3/2,5/2 |
89 |37 |4307.2 |4 |(3/2-,5/2) |
89 |37 |4338.75 |21 |(3/2-,5/2) |
89 |37 |4340.5 |4 |(1/2+,3/2+,5/2+) |
89 |37 |4367.37 |13 |(5/2+) |
89 |37 |4404.62 |23 |(3/2+,5/2+) |
89 |37 |4478.15 |22 |(1/2+,3/2+,5/2+) |
89 |37 |4487.8 |4 |(5/2+) |
89 |37 |4631.25 |16 |(5/2+) |
89 |37 |4686.2 |5 |(1/2+,3/2+,5/2+) |
89 |37 |5327.7 |5 |(23/2+) |
89 |37 |5605.9 |4 |(25/2+) |
89 |37 |6699.6 |6 | |
89 |37 |6704.8 |5 | |
89 |37 |7391.3 |6 | |
90 |37 |0 | |0- |158 S 5
90 |37 |106.90 |3 |3- |258 S 4
90 |37 |121.79 |3 |1- |
90 |37 |227.83 |3 |2- |
90 |37 |242.19 |3 | |
90 |37 |356.23 |3 | |
90 |37 |536.91 |6 | |
90 |37 |614.42 |4 | |
90 |37 |661.28 |3 | |
90 |37 |676.10 |5 | |
90 |37 |712.46 |8 | |
90 |37 |740.87 |5 | |
90 |37 |838.20 |4 | |
90 |37 |933.08 |6 | |
90 |37 |1102.19 |6 | |
90 |37 |1153.41 |7 | |
90 |37 |1400.6 |4 | |
90 |37 |1462.97 |16 | |
90 |37 |1688.17 |18 | |
90 |37 |1780.01 |3 |1+ |
90 |37 |1901.63 |12 | |
90 |37 |2127.58 |5 |1+ |
90 |37 |2271.34 |9 | |
90 |37 |2433.59 |19 | |
90 |37 |3083.07 |7 |1+ |
90 |37 |3093.74 |12 |1+ |
90 |37 |3238.68 |14 |1+ |
90 |37 |3475.6 |4 | |
90 |37 |3625.2 |4 |1+ |
90 |37 |3703.98 |20 |1+ |
90 |37 |3878.6 |3 |1+ |
90 |37 |3881.3 |3 |1+ |
91 |37 |0 | |3/2(-) |58.2 S 3
91 |37 |108.789 |6 |(5/2-) |0.8 NS 3
91 |37 |502.04 |9 | |
91 |37 |506.592 |9 |7/2(-) |0.3 NS LT
91 |37 |555.55 |4 | |
91 |37 |662.42 |7 | |
91 |37 |721.67 |4 |(7/2-) |0.4 NS LT
91 |37 |1133.79 |6 |(9/2+) |16.6 NS 6
91 |37 |1136.74 |6 | |
91 |37 |1178.07 |6 | |
91 |37 |1211.10 |9 | |
91 |37 |1267.69 |6 | |
91 |37 |1304.25 |6 | |
91 |37 |1324.27 |9 | |
91 |37 |1401.83 |12 | |
91 |37 |1501.63 |6 |3/2,5/2,7/2 |
91 |37 |1547.65 |12 | |
91 |37 |1615.22 |6 |3/2,5/2,7/2 |0.5 NS LT
91 |37 |1637.07 |14 | |
91 |37 |1722.87 |14 | |
91 |37 |1775.51 |14 | |
91 |37 |1779.05 |13 | |
91 |37 |1840.5 |4 |(13/2+) |
91 |37 |1975.20 |12 | |
91 |37 |2002.80 |13 | |
91 |37 |2037.36 |12 | |
91 |37 |2089.81 |6 |3/2,5/2,7/2 |
91 |37 |2195.79 |12 | |
91 |37 |2377.29 |18 | |
91 |37 |2381.60 |15 |3/2,5/2,7/2 |
91 |37 |2490.14 |8 |3/2,5/2,7/2 |
91 |37 |2559.45 |15 |3/2,5/2,7/2 |
91 |37 |2593.22 |9 |3/2,5/2,7/2(-) |
91 |37 |2686.81 |19 |3/2,5/2,7/2 |
91 |37 |2729.16 |19 |3/2,5/2,7/2 |
91 |37 |2844.57 |12 |3/2,5/2,7/2 |
91 |37 |2849 | | |
91 |37 |2861.56 |8 |3/2(+)to7/2(+) |
91 |37 |2902 | | |
91 |37 |2919.98 |12 |3/2,5/2,7/2 |
91 |37 |2926.9 |3 | |
91 |37 |2964.14 |13 |3/2,5/2,7/2 |
91 |37 |2979.4 | |(17/2+) |
91 |37 |2979.75 |13 |3/2,5/2,7/2 |
91 |37 |3002.32 |11 |3/2,5/2,7/2(-) |
91 |37 |3044.57 |19 | |
91 |37 |3046.23 |20 |3/2,5/2,7/2 |
91 |37 |3056.96 |16 |3/2,5/2,7/2 |
91 |37 |3090.67 |12 |3/2,5/2,7/2 |
91 |37 |3113.61 |13 |3/2,5/2,7/2(-) |
91 |37 |3206.19 |17 |3/2,5/2,7/2 |
91 |37 |3218.22 |24 | |
91 |37 |3325.07 |25 |3/2,5/2,7/2(-) |
91 |37 |3349 | | |
91 |37 |3573 | | |
91 |37 |3687.6 |4 |3/2,5/2,7/2 |
91 |37 |3878 | | |
91 |37 |3910.11 |25 |3/2,5/2,7/2(-) |
91 |37 |3974.3 |3 |(3/2,5/2,7/2) |
91 |37 |4072.07 |25 | |
91 |37 |4097 | |(21/2+) |
91 |37 |4129.19 |21 |3/2,5/2,7/2(-) |
91 |37 |4199.5 |3 |(3/2,5/2,7/2) |
91 |37 |4211.7 |3 |3/2(+)to7/2(+) |
91 |37 |4543.3 |3 |3/2(+)to7/2(+) |
91 |37 |4545.9 |4 |(3/2+,5/2+,7/2+) |
91 |37 |4569.7 |5 |3/2(+)to7/2(+) |
91 |37 |4570 | | |
91 |37 |4683.6 |3 |3/2(+)to7/2(+) |
91 |37 |4698.06 |24 | |
91 |37 |5298 | | |
91 |37 |6238.9 | | |
92 |37 |0.0 | |0- |4.48 S 3
92 |37 |142.308 |6 |1- |0.75 NS 3
92 |37 |284.31 |20 |3- |54 NS 3
92 |37 |316.73 |7 |(1,2-) |
92 |37 |333.42 |7 |(1,2-) |
92 |37 |431.62 |22 |(4-) |5 NS LT
92 |37 |484.59 |6 |(1,2-) |
92 |37 |492.61 |10 |(1,2-) |
92 |37 |548.30 |7 |(1,2-) |
92 |37 |623.61 |8 |(1,2-) |
92 |37 |728.24 |13 |(1,2-) |
92 |37 |868.42 |12 |(1,2-) |
92 |37 |920.86 |9 |(1,2-) |
92 |37 |928.04 |9 |(1,2-) |
92 |37 |1360.89 |5 |1+ |
92 |37 |1388.69 |24 | |
92 |37 |1426.6 |3 | |
92 |37 |1431.3 |3 | |
92 |37 |1564.6 |4 | |
92 |37 |1647.51 |24 | |
92 |37 |1663.54 |17 |(1,2-) |
92 |37 |1682.31 |24 | |
92 |37 |1755.6 |4 | |
92 |37 |1836.7 |3 |(6-) |
92 |37 |1958.3 |3 | |7 NS 2
92 |37 |1992.2 |3 | |
92 |37 |2038.99 |7 |(1+) |
92 |37 |2079.43 |24 |(1,2-) |
92 |37 |2259.7 |5 | |
92 |37 |2321.01 |20 | |
92 |37 |2587.37 |21 |(1+) |
92 |37 |2611.06 |12 |(1+) |
92 |37 |2692.8 |4 |(8+) |
92 |37 |2718.76 |18 |(1,2-) |
92 |37 |2851.0 |4 |(8,9) |
92 |37 |2901.49 |14 |(1+) |
92 |37 |2979.4 |4 | |
92 |37 |3057.29 |22 |(1,2-) |
92 |37 |3149.47 |19 |(1+) |
92 |37 |3338.5 |4 | |
92 |37 |3341.84 |18 |1+ |
92 |37 |3659.8 |5 | |
92 |37 |3698.7 |5 | |
92 |37 |4193.0 |3 |1+ |
92 |37 |4788.1 |6 | |
93 |37 |0 | |5/2- |5.84 S 2
93 |37 |253.39 |3 |3/2-,5/2- |
93 |37 |266.86 |3 |1/2-,3/2-,5/2- |2.0 NS 2
93 |37 |323.95 |3 |3/2-,5/2- |0.7 NS LT
93 |37 |506.01 |4 |1/2-,3/2- |0.7 NS LT
93 |37 |733.40 |24 |(7/2-) |
93 |37 |820.52 |3 | |
93 |37 |912.71 |24 |(7/2-) |
93 |37 |1285.21 |22 |(9/2+) |
93 |37 |1350.17 |3 | |
93 |37 |1557.39 |9 | |
93 |37 |1563.02 |4 | |
93 |37 |1641.06 |4 | |
93 |37 |1642.08 |8 | |
93 |37 |1688.71 |4 | |
93 |37 |1850.20 |7 | |
93 |37 |1880.39 |6 | |
93 |37 |1964.64 |5 | |
93 |37 |2009.33 |7 | |
93 |37 |2015.8 |11 | |
93 |37 |2031.6 |4 |(13/2+) |
93 |37 |2083.87 |6 | |
93 |37 |2169.13 |8 | |
93 |37 |2210.60 |6 | |
93 |37 |2264.84 |12 | |
93 |37 |2285.75 |4 | |
93 |37 |2315.3 |4 | |
93 |37 |2576.3 |15 | |
93 |37 |2609.47 |6 | |
93 |37 |2664.84 |6 | |
93 |37 |2745.28 |12 | |
93 |37 |2814.99 |7 |1/2,3/2 |
93 |37 |2855.94 |3 |(3/2)+ |
93 |37 |2942.8 |5 |(17/2+) |
93 |37 |3002.11 |6 |1/2+,3/2+ |
93 |37 |3032.3 |18 | |
93 |37 |3063.35 |5 |1/2,3/2 |
93 |37 |3234.7 |10 |(17/2+) |
93 |37 |3245.15 |9 | |
93 |37 |3265.18 |13 | |
93 |37 |3280.03 |15 |1/2,3/2 |
93 |37 |3308.32 |14 |1/2,3/2 |
93 |37 |3358.76 |14 | |
93 |37 |3406.2 |10 |(19/2) |
93 |37 |3464.7 |4 |1/2(-),3/2 |
93 |37 |3493.73 |12 |1/2,3/2 |
93 |37 |3551.54 |7 |1/2,3/2 |
93 |37 |3631.4 |3 |1/2,3/2 |
93 |37 |3733.97 |15 | |
93 |37 |3777.16 |8 | |
93 |37 |3800.90 |9 | |
93 |37 |3885.8 |11 | |
93 |37 |3940.9 |6 |(21/2+) |
93 |37 |4050.68 |14 |1/2,3/2 |
93 |37 |4080.57 |9 |1/2,3/2 |
93 |37 |4086.9 |6 | |
93 |37 |4320.4 |12 | |
93 |37 |4322.2 |10 |(23/2-) |
93 |37 |4423.1 |15 |(27/2-) |111 NS 11
93 |37 |4861.52 |11 |1/2,3/2 |
93 |37 |5048.98 |12 |1/2,3/2 |
93 |37 |5159.3 |18 |(29/2,31/2) |
93 |37 |5237.65 |13 |1/2+,3/2+ |
93 |37 |5491.78 |14 |1/2+,3/2+ |
93 |37 |5496.26 |17 |1/2+,3/2+ |
93 |37 |5665.51 |11 |1/2+,3/2+ |
93 |37 |5759.7 |3 |1/2+,3/2+ |
93 |37 |5859.83 |12 |1/2+,3/2+ |
93 |37 |5920.33 |11 |1/2+,3/2+ |
93 |37 |5965.48 |18 |1/2+,3/2+ |
93 |37 |6070.51 |19 |1/2+,3/2+ |
93 |37 |6260.1 |5 |1/2+,3/2+ |
93 |37 |6572.20 |20 |1/2+,3/2+ |
93 |37 |6725.56 |19 |1/2+,3/2+ |
94 |37 |0.0 | |3(-) |2.702 S 5
94 |37 |4.54 |11 | |
94 |37 |190.87 |11 | |2.5 NS 8
94 |37 |217.3 |8 |(4-) |
94 |37 |223.82 |10 | |
94 |37 |292.72 |11 | |
94 |37 |328.3 |8 |(5-) |
94 |37 |359.01 |10 |(1,2,3) |
94 |37 |394.7 |3 |(1,2,3) |
94 |37 |528.1 |11 |(5) |
94 |37 |667.6 |9 |(6-) |
94 |37 |696.5 |9 |(6-) |
94 |37 |866.4 |8 | |
94 |37 |988.34 |13 |(1+) |
94 |37 |1288.5 |11 |(7) |
94 |37 |1315.5 |10 |(7-) |
94 |37 |1316.5 |10 |(7-) |
94 |37 |1485.2 |10 |(8+) |18 NS 1
94 |37 |1660.5 |14 |(8) |
94 |37 |2074.9 |14 |(10-) |107 NS 16
94 |37 |2192.3 |14 |(9) |
94 |37 |2567.0 |14 |(10-) |
94 |37 |2634.1 |14 |(10-) |
94 |37 |2785.6 |17 |(12-) |
94 |37 |2909.2 |17 |(12) |
94 |37 |3335.0 |18 |(12) |
94 |37 |3679.4 |17 |(14) |
94 |37 |3711.5 |18 |(14-) |
95 |37 |0.0 | |5/2- |377.7 MS 8
95 |37 |192.0 |6 | |
95 |37 |810.0 |5 | |
95 |37 |835.0 |6 | |500 NS LT
96 |37 |0.0 | |2(-) |203 MS 3
96 |37 |59.31 |15 |(3-) |
96 |37 |148.87 |25 |(4-) |
96 |37 |185.35 |15 | |
96 |37 |187.7 |4 | |
96 |37 |225.4 |3 | |
96 |37 |461.61 |14 |(3-) |
96 |37 |554.50 |15 |(4-) |
96 |37 |671.40 |18 |(5-) |
96 |37 |794.82 |22 |(6-) |
96 |37 |972.5 |3 |(7-) |
96 |37 |1094.6 |3 |(8-) |
97 |37 |0.0 | |3/2+ |169.1 MS 6
98 |37 |0 | |(0,1) |114 MS 5
98 |37 |270 |AP |(3,4) |96 MS 3
99 |37 |0.0 | |(5/2+) |54 MS 4
100 |37 |0.0 | |(3+,4-) |51 MS 8
100 |37 |0+X | | |
101 |37 |0.0 | |(3/2+) |32 MS 5
102 |37 |0.0 | | |37 MS 3
103 |37 |0 | | |23 MS +13-9
