76 |39 |0 | | |200 NS GT
77 |39 |0 | |(5/2+) |57 MS +22-12
78 |39 |0 | |(0+) |53 MS 8
78 |39 |0+X | |(5+) |5.8 S 6
78 |39 |281 | |(2+) |
78 |39 |787 | |(4+) |
79 |39 |0.0 | |(5/2+) |14.8 S 6
79 |39 |184.0 |4 |(7/2+) |
79 |39 |411.3 |4 |(9/2+) |
79 |39 |726.9 |5 |(11/2+) |
79 |39 |1042.4 |6 |(13/2+) |
79 |39 |1509 | |(15/2+) |
79 |39 |1889 | |(17/2+) |
79 |39 |2523 | |(19/2+) |
79 |39 |2947 | |(21/2+) |
79 |39 |3828 | |(23/2+) |
79 |39 |4214 | |(25/2+) |
79 |39 |5702 | |(29/2+) |
80 |39 |0 | |(4-) |30.1 S 5
80 |39 |228.5 |1 |(1-) |4.8 S 3
80 |39 |257.1 |8 |(5-) |
80 |39 |312.6 |9 |(2+) |4.7 US 3
80 |39 |324.2 |8 |(2-) |
80 |39 |443.6 |11 | |
80 |39 |455.6 |10 |(3+) |
80 |39 |460.7 |8 |(3-) |
80 |39 |570.0 |7 |(6-) |
80 |39 |623 | |(1+) |
80 |39 |648.7 |9 |(4+) |
80 |39 |663.7 |10 |(4-) |
80 |39 |676.1 |11 | |
80 |39 |878.8 |11 |(5-) |
80 |39 |886.6 |10 |(5+) |
80 |39 |937.5 |9 |(7-) |
80 |39 |1059.3 |9 |(6+) |
80 |39 |1175.8 |9 |(6+) |
80 |39 |1185.7 |10 |(6+) |
80 |39 |1207.1 |12 |(6-) |
80 |39 |1290.2 |9 |(7+) |
80 |39 |1358.6 |10 |(8-) |0.79 PS +42-21
80 |39 |1488.7 |13 |(7-) |
80 |39 |1490.5 |9 |(8+) |
80 |39 |1509.6 |10 |(7+) |
80 |39 |1764.6 |10 |(8+) |
80 |39 |1823.9 |10 |(9+) |
80 |39 |1825.1 |11 |(9-) |0.35 PS +6-5
80 |39 |1916.2 |11 |(8+) |
80 |39 |1957.3 |13 |(8-) |
80 |39 |2267.9 |11 |(10+) |
80 |39 |2305.6 |14 |(9-) |0.8 PS +26-4
80 |39 |2323.3 |12 |(9+) |0.73 PS +35-19
80 |39 |2350.9 |12 |(10-) |0.17 PS +6-5
80 |39 |2615.4 |12 |(11+) |0.66 PS +53-22
80 |39 |2618.5 |14 |(10+) |
80 |39 |2867.1 |13 |(10+) |0.30 PS +12-8
80 |39 |2901.1 |15 |(11-) |0.12 PS +7-5
80 |39 |2916.3 |15 |(10-) |0.41 PS LT
80 |39 |3298.6 |13 |(12+) |0.17 PS 10
80 |39 |3328.4 |14 |(11+) |0.23 PS LT
80 |39 |3333.0 |17 |(11-) |0.30 PS +18-11
80 |39 |3531.0 |16 |(12-) |0.11 PS +8-5
80 |39 |3628.2 |14 |(13+) |0.19 PS 4
80 |39 |3689.7 |18 |(12+) |
80 |39 |4013.9 |15 |(12+) |0.26 PS LT
80 |39 |4090.0 |18 |(12-) |
80 |39 |4146.0 |18 |(13-) |0.15 PS +7-6
80 |39 |4442.7 |20 |(13-) |0.22 PS LT
80 |39 |4509.6 |17 |(13+) |0.19 PS LT
80 |39 |4558.9 |16 |(14+) |0.12 PS +11-10
80 |39 |4842.6 |19 |(14-) |0.12 PS +10-7
80 |39 |4848.5 |17 |(15+) |0.12 PS +9-6
80 |39 |4973.7 |20 |(14+) |
80 |39 |5323.5 |18 |(14+) |
80 |39 |5438.3 |21 |(14-) |
80 |39 |5446.6 |21 |(15-) |0.11 PS 6
80 |39 |5603.5 |21 |(15) |
80 |39 |5681.8 |23 |(15-) |
80 |39 |5874.9 |20 |(15+) |
80 |39 |5999.1 |19 |(16+) |0.06 PS +20-3
80 |39 |6097.6 |21 |(16-) |0.12 PS 8
80 |39 |6242.8 |20 |(17+) |0.08 PS +17-6
80 |39 |6433.3 |23 |(16+) |
80 |39 |6654.9 |23 |(17-) |0.25 PS LT
80 |39 |6784.9 |21 |(16+) |
80 |39 |6968.5 |23 |(16-) |
80 |39 |7034.2 |23 |(17) |
80 |39 |7089.7 |25 |(17-) |
80 |39 |7422.6 |22 |(17+) |
80 |39 |7450.2 |24 |(18-) |0.17 PS +12-9
80 |39 |7528.1 |22 |(18+) |0.14 PS LT
80 |39 |7789.1 |22 |(19+) |0.14 PS LT
80 |39 |8029.2 |25 |(19-) |
80 |39 |8036.1 |25 |(18+) |
80 |39 |8568.7 |25 |(19) |
80 |39 |9001 |3 |(20-) |0.08 PS LT
80 |39 |9148.9 |24 |(20+) |
80 |39 |9496.1 |25 |(21+) |
80 |39 |9613 |3 |(21-) |
80 |39 |10663 |3 |(22-) |
80 |39 |10918 |3 |(22+) |
80 |39 |11379 |3 |(23+) |
80 |39 |11401 |3 |(23-) |
80 |39 |12460 |3 |(24-) |
81 |39 |0 | |(5/2+) |70.4 S 10
81 |39 |113.28 |4 |(3/2-) |7 NS LE
81 |39 |149.635 |19 |(7/2+) |7 NS LE
81 |39 |268.56 |5 |(9/2+) |7 NS LE
81 |39 |288.63 |5 |(5/2-) |7 NS LE
81 |39 |343.46 |19 |(1/2-) |
81 |39 |537.07 |9 |(7/2-) |7 NS LE
81 |39 |607.64 |21 |(5/2-) |
81 |39 |663.6 |3 |(5/2-) |
81 |39 |683.39 |11 |(11/2+) |7 NS LE
81 |39 |825.59 |11 |(9/2-) |7 NS LE
81 |39 |839.14 |13 |(13/2+) |3.0 PS 4
81 |39 |1107.42 |24 |(9/2-) |
81 |39 |1167.44 |13 |(11/2-) |7 NS LE
81 |39 |1250.1 |5 |(9/2-) |
81 |39 |1482.69 |17 |(15/2+) |0.7 PS GT
81 |39 |1530.42 |18 |(13/2-) |7 NS LE
81 |39 |1550.2 |8 |(13/2+) |
81 |39 |1653.36 |16 |(17/2+) |0.66 PS +21-14
81 |39 |1751.6 |8 |(17/2+) |
81 |39 |1782.6 |4 |(13/2-) |
81 |39 |1952.17 |17 |(15/2-) |7 NS LE
81 |39 |1993.6 |5 |(13/2-) |
81 |39 |2373.91 |24 |(17/2-) |0.53 PS +43-19
81 |39 |2415.7 |7 |(17/2+) |
81 |39 |2513.3 |7 |(19/2+) |0.28 PS +12-8
81 |39 |2594.5 |6 |(17/2-) |0.69 PS GT
81 |39 |2686.79 |25 |(21/2+) |0.28 PS +4-3
81 |39 |2860.8 |3 |(19/2-) |0.44 PS +42-18
81 |39 |2866.3 |6 |(17/2-) |
81 |39 |2917.4 |9 |(21/2+) |
81 |39 |3342.8 |4 |(21/2-) |0.26 PS +12-8
81 |39 |3360.7 |6 |(19/2-) |
81 |39 |3413.1 |9 |(21/2+) |
81 |39 |3559.6 |7 |(21/2-) |0.20 PS +21-12
81 |39 |3739.0 |7 |(21/2-) |
81 |39 |3745.9 |9 |(23/2+) |0.16 PS +9-7
81 |39 |3894.6 |6 |(23/2-) |0.44 PS +15-11
81 |39 |3914.0 |4 |(25/2+) |0.15 PS 4
81 |39 |3992.2 |10 |(25/2+) |
81 |39 |4183.1 |7 |(23/2-) |0.7 PS +62-5
81 |39 |4440.3 |5 |(25/2-) |0.17 PS +12-8
81 |39 |4552.1 |11 |(25/2+) |
81 |39 |4701.3 |12 |(25/2-) |
81 |39 |4716.5 |14 |(25/2-) |0.82 PS +66-22
81 |39 |5032.1 |15 |(27/2+) |
81 |39 |5090.0 |7 |(27/2-) |0.10 PS +10-8
81 |39 |5138.1 |15 |(27/2+) |0.25 PS +10-8
81 |39 |5213.0 |11 |(27/2-) |0.30 PS 12
81 |39 |5271.0 |5 |(29/2+) |0.062 PS 28
81 |39 |5499.8 |13 |(29/2+) |
81 |39 |5664.4 |9 |(29/2-) |0.12 PS +6-5
81 |39 |5744.6 |11 |(29/2-) |0.18 PS +12-10
81 |39 |5753.3 |16 |(29/2-) |
81 |39 |5836.5 |12 |(29/2+) |
81 |39 |6046.1 |19 |(29/2-) |
81 |39 |6386.7 |12 |(31/2-) |0.37 PS +22-14
81 |39 |6470.0 |16 |(31/2-) |0.35 PS +17-12
81 |39 |6509.2 |17 |(31/2+) |
81 |39 |6629.3 |12 |(33/2+) |0.083 PS 21
81 |39 |6672.8 |22 |(31/2+) |
81 |39 |6893.1 |20 |(33/2-) |
81 |39 |6911.7 |12 |(33/2-) |0.14 PS +14-11
81 |39 |6951.1 |16 |(33/2+) |
81 |39 |7090.4 |13 |(33/2-) |0.05 PS +5-4
81 |39 |7315.3 |15 |(33/2+) |
81 |39 |7511.7 |25 |(33/2-) |
81 |39 |7710.8 |18 |(35/2-) |
81 |39 |7864.5 |21 |(35/2-) |
81 |39 |7892.4 |21 |(35/2-) |
81 |39 |7928.7 |22 |(35/2-) |
81 |39 |7947.8 |22 |(35/2+) |
81 |39 |8079.7 |19 |(37/2+) |0.08 PS +5-4
81 |39 |8097.0 |23 |(35/2-) |
81 |39 |8160 |3 |(35/2+) |
81 |39 |8276.1 |19 |(37/2-) |0.10 PS +15-8
81 |39 |8504.8 |17 |(37/2+) |
81 |39 |8519.9 |19 |(37/2-) |0.22 PS 7
81 |39 |8584.0 |20 |(37/2-) |
81 |39 |8917.9 |22 |(37/2+) |
81 |39 |9167.7 |23 |(39/2-) |
81 |39 |9323 |3 |(39/2+) |
81 |39 |9594.3 |24 |(41/2+) |0.028 PS +55-21
81 |39 |9808.0 |24 |(41/2-) |0.021 PS +55-14
81 |39 |9818 |3 |(39/2+) |
81 |39 |9981 |3 |(41/2+) |
81 |39 |10063.5 |25 |(41/2-) |
81 |39 |10193 |3 |(41/2-) |
81 |39 |10777 |3 |(43/2-) |
81 |39 |10884 |3 |(43/2+) |
81 |39 |11234 |3 |(45/2+) |0.05 PS +10-4
81 |39 |11520 |3 |(45/2-) |0.11 PS +10-6
81 |39 |11545 |4 |(45/2+) |
81 |39 |11617 |3 |(45/2-) |
81 |39 |12014 |4 |(45/2-) |
81 |39 |12570 |4 |(47/2-) |
81 |39 |12579 |4 |(47/2+) |
81 |39 |13088 |4 |(49/2+) |0.12 PS +22-8
81 |39 |13282 |4 |(49/2+) |
81 |39 |13423 |4 |(49/2-) |
81 |39 |14099 |4 |(49/2-) |
81 |39 |14483 |4 |(51/2+) |
81 |39 |14806 |4 |(51/2-) |
81 |39 |15248 |5 |(53/2+) |
81 |39 |15523 |4 |(53/2-) |
81 |39 |15572 |4 |(53/2-) |
81 |39 |16440 |5 |(53/2-) |
81 |39 |16785 |5 |(55/2+) |
81 |39 |17670 |5 |(57/2+) |
81 |39 |0+X | | |
81 |39 |1225.0+X |12 | |
81 |39 |2659.6+X |19 | |
81 |39 |4261.5+X |25 | |
81 |39 |6034+X |3 | |
81 |39 |8004+X |4 | |
82 |39 |0 | |1+ |8.30 S 20
82 |39 |142.34 |7 |2+ |
82 |39 |250.19 |9 |2+ |
82 |39 |313.69 |8 |3+ |
82 |39 |336.99 |10 |3+ |
82 |39 |401.10 |10 |4+ |11 NS 3
82 |39 |402.63 |14 |4- |268 NS 25
82 |39 |405.76 |24 |4- |35.3 NS 21
82 |39 |473.83 |17 |(5-) |
82 |39 |507.50 |13 |6+ |147 NS 7
82 |39 |511.82 |15 |(5-) |1.42 NS 14
82 |39 |586.58 |16 |(6-) |
82 |39 |594.71 |14 |(6+) |
82 |39 |677.92 |15 |6- |0.43 NS 3
82 |39 |718.84 |15 |7+ |23 PS 10
82 |39 |751.47 |15 |8+ |0.83 NS 4
82 |39 |818.20 |19 |(6-) |
82 |39 |956.91 |16 |(7-) |8 PS 4
82 |39 |1146.92 |16 |9+ |1.04 PS 7
82 |39 |1163.35 |20 |(7-) |
82 |39 |1272.21 |16 |8- |8 PS 4
82 |39 |1284.10 |18 |(8+) |
82 |39 |1506.7 |4 |(8-) |
82 |39 |1589.71 |17 |10+ |0.97 PS 7
82 |39 |1687.71 |18 |(9-) |1.5 PS 5
82 |39 |1960.03 |17 |11+ |0.42 PS 10
82 |39 |1963.7 |4 |(9-) |
82 |39 |2061.49 |18 |10- |0.65 PS 15
82 |39 |2379.0 |6 |(10-) |
82 |39 |2602.13 |20 |(11-) |0.31 PS 5
82 |39 |2651.20 |19 |12+ |0.28 PS 4
82 |39 |2914.7 |11 |(11-) |
82 |39 |2970.8 |3 |13+ |0.24 PS 3
82 |39 |3026.0 |4 |12- |0.49 PS 12
82 |39 |3386.0 |12 |(12-) |
82 |39 |3674.94 |23 |(13-) |0.166 PS 21
82 |39 |3904.02 |22 |14+ |0.24 PS 6
82 |39 |3934.7 |15 |(13-) |
82 |39 |4142.6 |3 |15+ |0.132 PS 14
82 |39 |4150.0 |4 |14- |0.24 PS 6
82 |39 |4413.0 |16 |(14-) |
82 |39 |4885.9 |4 |(15-) |0.26 PS LT
82 |39 |5043.7 |18 |(15-) |
82 |39 |5250.0 |3 |16+ |
82 |39 |5414.4 |4 |16- |
82 |39 |5456.2 |4 |17+ |0.083 PS 14
82 |39 |6222.7 |5 |(17-) |
82 |39 |6672.1 |5 |18+ |
82 |39 |6777.2 |5 |(18-) |
82 |39 |6914.4 |5 |19+ |0.21 PS LT
82 |39 |7591.2 |10 |(19-) |
82 |39 |8187.6 |6 |(20-) |
82 |39 |8194.2 |6 |20+ |
82 |39 |8515.7 |6 |21+ |
82 |39 |8602.2 |12 |(19+,20+) |
82 |39 |9679.9 |10 |(22-) |
82 |39 |9861.0 |7 |22+ |
82 |39 |10267.1 |7 |(23+) |
82 |39 |11712.8 |11 |(24+) |
82 |39 |12080.1 |12 |(25+) |
82 |39 |13785.5 |12 |(26+) |
82 |39 |14032.3 |13 |(27+) |
82 |39 |X | |J  (16) |
82 |39 |1454.0+X |10 |J+2 |
82 |39 |3059.0+X |15 |J+4 |
82 |39 |4833.0+X |18 |J+6 |
82 |39 |6769.1+X |20 |J+8 |
82 |39 |8869.1+X |23 |J+10 |
82 |39 |11133.1+X |25 |J+12 |
82 |39 |13560+X |3 |J+14 |
82 |39 |16142+X |3 |J+16 |
82 |39 |18897+X |4 |J+18 |
83 |39 |0.0 | |9/2+ |7.08 M 8
83 |39 |62.04 |10 |3/2- |2.85 M 2
83 |39 |97.11 |15 |5/2+ |9.8 NS 10
83 |39 |117.60 |10 |(1/2-) |
83 |39 |144.99 |4 |7/2+ |119 PS 28
83 |39 |167.01 |9 |5/2- |0.76 NS LT
83 |39 |331.66 |14 |(5/2+) |
83 |39 |421.81 |10 |(3/2-) |
83 |39 |436.57 |12 |(5/2) |
83 |39 |537.12 |9 |7/2- |8.0 PS 28
83 |39 |564.59 |16 |(1/2-,3/2,5/2-) |
83 |39 |565.56 |18 |(3/2-) |
83 |39 |570.53 |23 |(3/2+,5/2) |
83 |39 |594.98 |7 |13/2+ |5.4 PS 5
83 |39 |642.42 |15 |(3/2,5/2-) |
83 |39 |722.28 |15 |(3/2-,5/2) |
83 |39 |736.64 |7 |11/2+ |4.6 PS 10
83 |39 |813.99 |8 |9/2- |3.2 PS 6
83 |39 |855.59 |13 |(3/2) |
83 |39 |882.5 |3 | |
83 |39 |1137.4 |6 | |
83 |39 |1223.68 |10 |11/2- |0.9 PS 3
83 |39 |1249.82 |16 |(3/2-) |
83 |39 |1406.50 |12 |17/2+ |0.96 PS 14
83 |39 |1532.04 |20 |15/2+ |1.3 PS 3
83 |39 |1566.18 |11 |13/2- |0.80 PS 28
83 |39 |1708.5 |3 | |
83 |39 |1848.9 |5 | |
83 |39 |1955.7 |3 | |
83 |39 |2010.60 |12 |15/2- |0.97 PS 35
83 |39 |2083.13 |16 |(3/2-) |
83 |39 |2136.91 |17 |(3/2) |
83 |39 |2145.1 |6 | |
83 |39 |2260.0 |4 | |
83 |39 |2371.06 |22 |21/2+ |0.43 PS 7
83 |39 |2405.84 |12 |17/2- |1.3 PS LT
83 |39 |2429.5 |3 |19/2+ |0.83 PS LT
83 |39 |2551.9 |11 | |
83 |39 |2559.54 |16 |17/2- |46 PS 4
83 |39 |2738.1 |5 | |
83 |39 |2822.77 |20 |(19/2-) |
83 |39 |2887.84 |19 |(19/2-) |3.9 PS LT
83 |39 |2937.6 |6 | |
83 |39 |3308.14 |21 |(21/2-) |
83 |39 |3314.54 |16 |(21/2-) |
83 |39 |3397.1 |4 |(23/2+) |0.43 PS +11-9
83 |39 |3420.1 |14 | |
83 |39 |3450.6 |3 |(25/2+) |
83 |39 |3731.0 |7 |(23/2-) |
83 |39 |3830.33 |22 |(23/2-) |0.91 PS +23-25
83 |39 |3916.9 |6 | |
83 |39 |4177.2 |8 | |
83 |39 |4340.6 |3 |(25/2-) |0.34 PS +8-4
83 |39 |4385.8 |5 |(25/2-) |0.48 PS +12-18
83 |39 |4421.9 |5 |(27/2+) |
83 |39 |4472.8 |18 | |
83 |39 |4487.9 |4 |(27/2+) |0.20 PS +6-8
83 |39 |4643.6 |4 |(29/2+) |0.19 PS +4-3
83 |39 |4796.0 |8 |(27/2-) |
83 |39 |4992.3 |7 |(27/2-) |
83 |39 |5176.6 |6 | |
83 |39 |5244.0 |18 | |
83 |39 |5346.6 |11 | |
83 |39 |5502.3 |9 |(29/2-) |0.19 PS +3-6
83 |39 |5562.3 |11 |(29/2-) |
83 |39 |5564.8 |21 | |
83 |39 |5668.6 |12 | |
83 |39 |5747.5 |8 |(31/2+) |0.20 PS +8-7
83 |39 |5950.0 |15 |(31/2-) |
83 |39 |5983.5 |6 |(33/2+) |0.22 PS +9-7
83 |39 |6334.3 |21 |(31/2-) |0.26 PS LT
83 |39 |6676.5 |14 |(33/2-) |0.46 PS LT
83 |39 |6780.9 |11 |(33/2-) |
83 |39 |6782.3 |15 |(33/2-) |0.13 PS +6-3
83 |39 |7179.0 |10 |(35/2+) |0.24 PS LT
83 |39 |7238.2 |20 |(35/2-) |
83 |39 |7450.8 |16 | |
83 |39 |7468.3 |9 |(37/2+) |0.05 PS +3-2
83 |39 |7819 |3 |(35/2-) |
83 |39 |7918.7 |18 |(37/2-) |
83 |39 |8070.4 |20 |(37/2-) |0.28 PS LT
83 |39 |8108.9 |15 |(37/2-) |
83 |39 |8442.2 |12 | |
83 |39 |8708.8 |25 |(39/2-) |
83 |39 |8712.9 |14 |(39/2+) |
83 |39 |9074.9 |19 |(41/2+) |0.014 PS +55-7
83 |39 |9331.9 |21 |(41/2-) |
83 |39 |9598.0 |14 | |
83 |39 |9639.9 |18 |(41/2-) |
83 |39 |10001.4 |14 | |
83 |39 |10358.9 |22 |(43/2+) |
83 |39 |10396 |3 |(43/2-) |
83 |39 |10452 |3 |(43/2-) |
83 |39 |10824 |3 |(45/2+) |0.014 PS +55-7
83 |39 |10926.5 |23 |(45/2-) |
83 |39 |11266.9 |20 |(45/2-) |
83 |39 |12243.8 |24 |(47/2+) |
83 |39 |12726 |3 |(49/2-) |
83 |39 |12787 |3 |(49/2+) |0.04 PS LT
83 |39 |13022 |3 |(47/2+) |
83 |39 |13035 |3 |(47/2+) |
83 |39 |14028 |3 |(51/2+) |
83 |39 |14767 |3 |(53/2-) |
83 |39 |14881 |3 |(53/2+) |
83 |39 |14947 |3 |(51/2+) |
83 |39 |17101 |3 |(55/2+) |
83 |39 |19466 |3 |(59/2+) |
83 |39 |X | |J  (45/2) |
83 |39 |X+1892.0 |10 |J+2 |
83 |39 |X+3914.0 |14 |J+4 |
83 |39 |X+6070.1 |17 |J+6 |
83 |39 |X+8368.1 |20 |J+8 |
83 |39 |X+10812.2 |22 |J+10 |
83 |39 |X+13398.2 |24 |J+12 |
83 |39 |X+16120 |3 |J+14 |
83 |39 |X+18959 |3 |J+16 |
83 |39 |Y | |J1  (43/2) |
83 |39 |Y+1756.0 |10 |J1+2 |
83 |39 |Y+3677.0 |14 |J1+4 |
83 |39 |Y+5749.1 |17 |J1+6 |
83 |39 |Y+7973.1 |20 |J1+8 |
83 |39 |Y+10357.1 |22 |J1+10 |
83 |39 |Y+12908.2 |24 |J1+12 |
83 |39 |Y+15628 |3 |J1+14 |
83 |39 |Z | |J2  (43/2) |
83 |39 |Z+1737.0 |10 |J2+2 |
83 |39 |Z+3608.0 |14 |J2+4 |
83 |39 |Z+5646.1 |17 |J2+6 |
83 |39 |Z+7859.1 |20 |J2+8 |
83 |39 |Z+10237.1 |22 |J2+10 |
83 |39 |Z+12772.2 |24 |J2+12 |
83 |39 |Z+15490 |3 |J2+14 |
83 |39 |U | |J3  (45/2) |
83 |39 |U+1919.0 |10 |J3+2 |
83 |39 |U+3981.1 |14 |J3+4 |
83 |39 |U+6192.1 |17 |J3+6 |
83 |39 |U+8566.1 |20 |J3+8 |
83 |39 |U+11097.2 |22 |J3+10 |
83 |39 |U+13791.2 |24 |J3+12 |
84 |39 |0.0 | |(6+) |39.5 M 8
84 |39 |16.8 |10 |(4-) |
84 |39 |67.0 |2 |1+ |4.6 S 2
84 |39 |112.40 |15 |(4+) |79 NS 2
84 |39 |130.4 |3 |(2-) |
84 |39 |148.66 |17 |(5+) |
84 |39 |156.70 |9 |(8+) |14.6 NS 7
84 |39 |157.36 |19 | |
84 |39 |162.88 |10 |(5-) |32 NS 4
84 |39 |198.53 |17 | |
84 |39 |210.42 |16 |(4-) |292 NS 10
84 |39 |216.11 |9 |(5-) |18.7 NS 21
84 |39 |419.79 |13 |(6-) |17 PS 4
84 |39 |564.70 |15 |(6-) |
84 |39 |668.81 |12 |(9+) |
84 |39 |743.98 |11 |(7-) |
84 |39 |936.22 |12 |(7-) |
84 |39 |1070.62 |12 |(10+) |1.7 PS 3
84 |39 |1211.61 |14 |(8-) |1.4 PS 6
84 |39 |1591.59 |12 |(9-) |1.3 PS 6
84 |39 |1603.21 |13 |(11+) |0.42 PS 11
84 |39 |1644.13 |13 |(9-) |2.5 PS 7
84 |39 |2076.75 |14 |(10-) |
84 |39 |2123.15 |16 |(10-) |
84 |39 |2132.72 |13 |(10-) |1.0 PS 4
84 |39 |2196.36 |17 |(12+) |0.31 PS 9
84 |39 |2244.74 |15 |(10-) |1.8 PS 8
84 |39 |2285.26 |15 |(11-) |
84 |39 |2528.98 |13 |(11-) |1.7 PS 6
84 |39 |2608.17 |17 |(11-) |
84 |39 |2741.15 |18 |(13+) |0.25 PS 8
84 |39 |2888.55 |13 |(12-) |1.4 PS 3
84 |39 |3222.33 |15 |(13-) |
84 |39 |3400.8 |4 |(13-) |0.62 PS 24
84 |39 |3502.59 |21 |(14+) |0.17 PS 4
84 |39 |3592.7 |4 |(13-) |
84 |39 |3872.3 |4 |(14-) |0.19 PS 7
84 |39 |3903.4 |4 |(14) |
84 |39 |4019.61 |23 |(15+) |0.15 PS 4
84 |39 |4024.4 |12 |(14-) |
84 |39 |4235.4 |10 |(15-) |
84 |39 |4500.4 |5 |(15-) |0.55 PS 21
84 |39 |4746.7 |11 |(15-) |
84 |39 |4969.4 |3 |(16+) |0.11 PS 3
84 |39 |5005.4 |7 |(16-) |0.14 PS 5
84 |39 |5445.4 |3 |(17+) |0.12 PS 3
84 |39 |5700.4 |12 |(17-) |0.52 PS 19
84 |39 |6281.4 |14 |(18-) |0.17 PS 6
84 |39 |6591.4 |7 |(18+) |0.10 PS 3
84 |39 |7001.4 |8 |(19+) |0.09 PS 3
84 |39 |7096.4 |20 |(19-) |
84 |39 |7717.4 |17 |(20-) |
84 |39 |8330.5 |14 |(20+) |
84 |39 |8632.5 |12 |(21+) |0.12 PS 4
84 |39 |10120 | |(22+) |
84 |39 |10329.5 |24 |(23+) |
84 |39 |12080 |5 |(25+) |
84 |39 |13890 | |(27+) |
84 |39 |15770 | |(29+) |
84 |39 |17800 | |(31+) |
84 |39 |Z | |J  (17) |
84 |39 |1460.0+Z |10 |J+2 |
84 |39 |3068.0+Z |15 |J+4 |
84 |39 |4831.1+Z |18 |J+6 |
84 |39 |6743.1+Z |20 |J+8 |
84 |39 |8802.1+Z |23 |J+10 |
84 |39 |11010.1+Z |25 |J+12 |
84 |39 |13364+Z |3 |J+14 |
84 |39 |15870+Z |3 |J+16 |
84 |39 |U | |J1  (19) |
84 |39 |1810.0+U |10 |J1+2 |
84 |39 |3769.0+U |15 |J1+4 |
84 |39 |5880.1+U |18 |J1+6 |
84 |39 |8144.1+U |20 |J1+8 |
84 |39 |10556.1+U |23 |J1+10 |
84 |39 |13118.2+U |25 |J1+12 |
84 |39 |V | |J2  (19) |
84 |39 |1880.0+V |10 |J2+2 |
84 |39 |3918.0+V |15 |J2+4 |
84 |39 |6115.1+V |18 |J2+6 |
84 |39 |8465.1+V |20 |J2+8 |
84 |39 |10973.2+V |23 |J2+10 |
85 |39 |0.0 | |(1/2)- |2.68 H 5
85 |39 |19.68 |17 |(9/2)+ |4.86 H 20
85 |39 |266.18 |10 |(5/2)- |178 NS 7
85 |39 |416.5 |3 |(3/2)- |
85 |39 |435.95 |18 |(5/2)+ |
85 |39 |473.89 |18 |(7/2)+ |
85 |39 |636.79 |18 |(3/2)- |
85 |39 |752 |3 | |
85 |39 |793.88 |20 |( 9/2) |
85 |39 |803 |4 |3/2+,5/2+ |
85 |39 |814.66 |17 |(13/2)+ |2.36 PS 14
85 |39 |883 |4 |3/2+,5/2+ |
85 |39 |888.68 |14 |(7/2-) |
85 |39 |898.4 |3 | |
85 |39 |930.20 |20 |(9/2+) |
85 |39 |936 |3 |1/2-,3/2- |
85 |39 |965 |3 |1/2-,3/2- |
85 |39 |1010.42 |19 |(11/2-) |
85 |39 |1030.4 |5 |(5/2+:13/2+) |
85 |39 |1050.2 |4 |(5/2,7/2,9/2) |
85 |39 |1140.17 |14 |(9/2-) |
85 |39 |1163.7 |7 |(5/2,7/2,9/2) |
85 |39 |1179.59 |18 |(11/2+) |
85 |39 |1214 |3 |1/2-,3/2- |
85 |39 |1218.12 |19 |(5/2+,7/2,9/2+) |
85 |39 |1270.0 |3 |(1/2:7/2-) |
85 |39 |1274.10 |23 |(5/2,7/2,9/2+) |
85 |39 |1280 |3 |3/2+,5/2+ |
85 |39 |1310.8 |3 |(5/2+,7/2,9/2+) |
85 |39 |1378 |3 |1/2+ |
85 |39 |1393.07 |23 |(5/2,7/2,9/2+) |
85 |39 |1422.6 |4 | |
85 |39 |1433 |3 | |
85 |39 |1461.8 |3 |(5/2+:13/2+) |
85 |39 |1514.1 |3 |(5/2+,7/2,9/2) |
85 |39 |1605 |3 |3/2+,5/2+ |
85 |39 |1627.39 |24 |(5/2+,7/2,9/2+) |
85 |39 |1648.51 |17 |(13/2+) |
85 |39 |1676 |3 | |
85 |39 |1706.3 |5 |(5/2+,7/2,9/2+) |
85 |39 |1724.2 |3 |5/2+ |
85 |39 |1737.65 |17 |(11/2-) |
85 |39 |1772.3 |4 |7/2+,9/2+ |
85 |39 |1788.7 |7 | |
85 |39 |1797.43 |17 |(17/2)+ |1.32 PS 14
85 |39 |1824.4 |4 |(5/2,7/2,9/2) |
85 |39 |1837 |6 |1/2+ |
85 |39 |1846 |3 | |
85 |39 |1893.0 |4 |(7/2+,9/2) |
85 |39 |1896 |6 |1/2+ |
85 |39 |1954.2 |4 |(5/2+,7/2,9/2+) |
85 |39 |1992 |6 |1/2-,3/2- |
85 |39 |2003 |3 | |
85 |39 |2023 |3 | |
85 |39 |2044.26 |15 |(13/2-) |
85 |39 |2156 |6 |1/2+&amp;3/2+,5/2+ |
85 |39 |2204.12 |19 |(5/2+) |
85 |39 |2223 |6 |1/2+&amp;3/2+,5/2+ |
85 |39 |2259.52 |18 |(17/2)+ |3.05 PS 35
85 |39 |2294.0 |4 |(5/2,7/2,9/2) |
85 |39 |2303.25 |16 |(15/2-) |11.1 PS 14
85 |39 |2349.75 |22 |(7/2+,9/2+) |
85 |39 |2411.3 |6 |(5/2,7/2,9/2) |
85 |39 |2427 |6 |3/2+,5/2+ |
85 |39 |2429.43 |24 |(7/2+,9/2+) |
85 |39 |2472 |6 |1/2+ |
85 |39 |2507.06 |17 |(17/2-) |11.1 PS 7
85 |39 |2519 |6 |3/2+,5/2+ |
85 |39 |2551 |6 |3/2+,5/2+ |
85 |39 |2586.3 |4 |(7/2+,9/2) |
85 |39 |2649.58 |19 |(21/2)+ |4.02 PS 21
85 |39 |2660.4 |4 |(5/2+,7/2,9/2) |
85 |39 |2745.72 |17 |(17/2-) |
85 |39 |2748 |6 |3/2+,5/2+ |
85 |39 |2782.52 |18 |(17/2-) |
85 |39 |2840 |6 |(1/2+) |
85 |39 |2861.67 |25 |(17/2-) |
85 |39 |2925.68 |17 |(19/2-) |5.1 PS 10
85 |39 |2939 |6 |3/2+,5/2+ |
85 |39 |2990.30 |19 |(21/2+) |1.73 PS 35
85 |39 |3018.85 |18 |(19/2-) |
85 |39 |3041 |6 |1/2+ |
85 |39 |3110 |6 |1/2+ |
85 |39 |3168 |6 |(1/2+) |
85 |39 |3230 |6 |3/2+,5/2+ |
85 |39 |3270 |6 |3/2+,5/2+ |
85 |39 |3304.45 |17 |(21/2-) |1.39 PS 14
85 |39 |3375 |6 |1/2+ |
85 |39 |3391.35 |20 |(23/2+) |1.0 PS 4
85 |39 |3519.74 |19 |(21/2-) |
85 |39 |3672.30 |20 |(25/2+) |2.4 PS +3-7
85 |39 |3710.8 |4 | |
85 |39 |4004.83 |18 |(23/2-) |5.5 PS LT
85 |39 |4080.43 |21 |(25/2+) |
85 |39 |4159.58 |25 |(25/2+) |
85 |39 |4361.13 |19 |(25/2-) |1.66 PS 14
85 |39 |4603.62 |21 |(27/2+) |
85 |39 |4913.41 |21 |(29/2+) |0.69 PS 14
85 |39 |5020.55 |21 |(27/2-) |
85 |39 |5436.65 |22 |(29/2-) |
85 |39 |5448.4 |3 |(25/2+,27/2,29/2+) |
85 |39 |5619.19 |23 |(29/2-) |
85 |39 |6045.80 |24 |(31/2-) |
85 |39 |6171.7 |3 |(31/2-) |
85 |39 |6176.9 |3 |(31/2+) |
85 |39 |6359.9 |3 |(33/2+) |
85 |39 |6377.42 |24 |(31/2-) |
85 |39 |6638.75 |24 |(33/2-) |
85 |39 |6738.1 |4 |(33/2+) |
85 |39 |6969.4 |11 | |
85 |39 |7261.7 |3 |(35/2-) |
85 |39 |8004.2 |4 |(37/2+) |
85 |39 |8774 |24 |5/2+ |28 KEV 8
85 |39 |8811 |24 |1/2+ |22 KEV 5
85 |39 |9220 |24 |3/2+,5/2+ |23 KEV 8
85 |39 |9282 |24 |1/2+ |15 KEV 5
85 |39 |9473.9 |7 |(41/2+) |
85 |39 |9750 |24 |(5/2)+ |32 KEV 10
85 |39 |9938 |24 |1/2+ |19 KEV 5
85 |39 |9964 |24 |3/2+,5/2+ |20 KEV 4
85 |39 |9990.7 |11 | |
85 |39 |10033 |24 |1/2+ |16 KEV 5
85 |39 |10180 |24 |1/2+ |19 KEV 3
85 |39 |10501 |24 |1/2+ |54 KEV 6
85 |39 |10619 |24 | |
85 |39 |10730 |24 |1/2+ |25 KEV 5
85 |39 |10894 |24 |1/2+ |30 KEV 6
85 |39 |11029 |24 |1/2+ |22 KEV 4
85 |39 |11082 |24 |1/2+ |25 KEV 5
85 |39 |11099.3 |14 | |
86 |39 |0.0 | |4- |14.74 H 2
86 |39 |208.04 |7 |(5)- |70 NS 7
86 |39 |218.21 |9 |(8+) |47.4 M 4
86 |39 |242.80 |10 |2- |28.6 NS 21
86 |39 |271.90 |13 |1+ |10 NS LT
86 |39 |302.18 |9 |(6+) |127 NS 4
86 |39 |303.13 |11 |(7+) |
86 |39 |353 |20 |(3+,4+) |
86 |39 |465 |20 |(5+,6+)&amp;(2) |
86 |39 |469.44 |21 | |
86 |39 |475.98 |22 | |
86 |39 |536 |20 |(3+,4+) |
86 |39 |620.68 |22 | |
86 |39 |643 |20 | |
86 |39 |662.11 |11 | |
86 |39 |671 |20 |(4-,5-) |
86 |39 |741.98 |22 |(4:7) |
86 |39 |850.33 |11 | |
86 |39 |883.90 |13 |1+ |
86 |39 |886.20 |12 |(9+) |
86 |39 |900.35 |11 | |
86 |39 |978 |20 |(1+,2+) |
86 |39 |1058 |20 |(1+,2+) |
86 |39 |1078.8 |3 | |
86 |39 |1156 |20 |(4-,5-) |
86 |39 |1202.65 |12 |(7-) |
86 |39 |1221 |20 |(4-,5-) |
86 |39 |1277 |20 | |
86 |39 |1316.9 |3 | |
86 |39 |1325.33 |11 |(10+) |0.5 NS LT
86 |39 |1346 |20 | |
86 |39 |1393 |20 |(0,1,2) |
86 |39 |1408.47 |14 |(9+) |
86 |39 |1455 |20 | |
86 |39 |1493.95 |14 |(8-) |
86 |39 |1855.07 |23 | |
86 |39 |1954.85 |18 | |
86 |39 |1987.33 |13 |11(+) |
86 |39 |2042.31 |11 |9(-) |
86 |39 |2258.72 |11 |10(-) |
86 |39 |2351.34 |12 |11(-) |
86 |39 |2521.40 |14 |(12+) |0.5 NS LT
86 |39 |2757.58 |14 |11(-) |
86 |39 |2913.13 |14 |(12-) |
86 |39 |3090.22 |13 |12(-) |
86 |39 |3182.51 |18 |(12+) |
86 |39 |3189.31 |15 |13(+) |
86 |39 |3301.73 |16 |(13-) |
86 |39 |3454.02 |15 |(13-) |
86 |39 |3654.81 |16 |(13+) |
86 |39 |3877.71 |16 |14(+) |
86 |39 |4010.43 |17 |(14-) |
86 |39 |4073.03 |19 |(14-) |
86 |39 |4191.91 |17 |(15+) |
86 |39 |4398.62 |21 |(14+) |
86 |39 |4465.93 |17 |(14-) |
86 |39 |4526.22 |17 |(14+) |
86 |39 |4709.83 |18 |(15-) |
86 |39 |4884.72 |21 |(15+) |
86 |39 |4961.23 |17 |(15-) |
86 |39 |4976.92 |21 | |
86 |39 |5094.62 |17 |(15+) |
86 |39 |5362.62 |19 |(15+) |
86 |39 |5429.74 |17 |(16-) |
86 |39 |5662.4 |3 |(15+) |
86 |39 |5728.02 |25 | |
86 |39 |5777.03 |18 |(16+) |
86 |39 |5992.6 |4 |(17+) |
86 |39 |6009.65 |19 | |
86 |39 |6087.0 |3 |(17-) |
86 |39 |6188.42 |25 | |
86 |39 |6222.73 |20 |(17+) |
86 |39 |6394.73 |20 |(17+) |
86 |39 |6411.75 |18 |(17-) |
86 |39 |6778.65 |19 |(18-) |
86 |39 |6868.33 |21 |(18+) |
86 |39 |7081.7 |3 | |
86 |39 |7215.75 |21 |(19-) |
86 |39 |7611.53 |23 |(19+) |
86 |39 |7689.84 |22 |(19+) |
86 |39 |8003.35 |23 |(20-) |
86 |39 |8091.3 |10 | |
86 |39 |8443.65 |25 |(21-) |
86 |39 |8474.44 |25 |(20+) |
86 |39 |9358.2 |3 |(20+) |
86 |39 |9443.8 |5 | |
86 |39 |9468.9 |3 |(21+) |
86 |39 |10610.0 |4 |(23-) |
86 |39 |10736.5 |4 |(22+) |
86 |39 |10995.9 |5 |(22+) |
86 |39 |11230.3 |4 |(23+) |
86 |39 |11781.1 |4 |(24+) |
86 |39 |12414.6 |4 |(25+) |
87 |39 |0.0 | |1/2- |79.8 H 3
87 |39 |380.82 |7 |9/2+ |13.37 H 3
87 |39 |793.73 |8 |5/2- |10 NS LE
87 |39 |982.89 |10 |3/2- |
87 |39 |1152.71 |11 |5/2+ |
87 |39 |1182.00 |9 |(3/2)- |
87 |39 |1203.01 |9 |(5/2)- |
87 |39 |1321 |8 | |
87 |39 |1404.43 |13 |13/2+ |10 NS LE
87 |39 |1404.93 |24 |(7/2+,9/2+) |10 NS LE
87 |39 |1504 |8 | |
87 |39 |1590.90 |14 |11/2+ |10 NS LE
87 |39 |1608.31 |12 |(7/2+,9/2+) |
87 |39 |1609 |5 |3/2-,5/2- |
87 |39 |1623.50 |21 |(5/2,7/2) |
87 |39 |1629.94 |13 |(1/2-,3/2-) |
87 |39 |1641 |5 |1/2- |
87 |39 |1704.7 |4 |(5/2-) |
87 |39 |1719 |4 |3/2-,5/2- |
87 |39 |1756.08 |11 |(5/2,7/2-) |
87 |39 |1768.2 |5 |(9/2-) |
87 |39 |1801.64 |15 |(1/2-,3/2,5/2-) |
87 |39 |1814 |5 |3/2-,5/2- |
87 |39 |1847.1 | |1/2- |
87 |39 |1979.95 |12 |(7/2,9/2)- |
87 |39 |2008.8 |3 |(7/2) |
87 |39 |2021 |5 |(7/2-,9/2-) |
87 |39 |2038.03 |11 |(15/2+) |10 NS LE
87 |39 |2072.8 |15 | |
87 |39 |2073.29 |23 |(3/2,5/2,7/2) |
87 |39 |2083.0 |4 |(3/2)- |
87 |39 |2095 |5 |3/2-,5/2- |
87 |39 |2112.2 |4 |5/2+ |
87 |39 |2122 |5 |5/2+,7/2+ |
87 |39 |2154.60 |18 |(9/2-) |
87 |39 |2158.9 | | |
87 |39 |2165 |5 |(7/2,9/2)- |
87 |39 |2186.0 |3 |7/2- |
87 |39 |2202 |5 |7/2-,9/2- |
87 |39 |2202.15 |17 |7/2+,9/2+ |
87 |39 |2207.93 |15 |(15/2+,17/2+) |
87 |39 |2209 |3 |3/2- |
87 |39 |2210.6 | |(1/2) |
87 |39 |2216 |5 |9/2+,11/2+ |
87 |39 |2241.4 |8 |(7/2,9/2-) |
87 |39 |2244.8 |6 | |
87 |39 |2249 |3 |9/2- |
87 |39 |2256 |5 |3/2-,5/2- |
87 |39 |2276 | |(9/2-) |
87 |39 |2276 |21 |(7/2+) |
87 |39 |2277.53 |17 |(7/2-) |
87 |39 |2292.3 | |5/2+,7/2+ |
87 |39 |2302.59 |15 |13/2+ |
87 |39 |2314 |5 |(5/2+,7/2+) |
87 |39 |2344.84 |20 | |
87 |39 |2353.53 |21 | |
87 |39 |2365 |3 |7/2+ |
87 |39 |2366.88 |15 |15/2- |10 NS LE
87 |39 |2400.0 |3 | |
87 |39 |2408.3 |3 |3/2+ |
87 |39 |2428.05 |15 |17/2+ |10 NS LE
87 |39 |2446 |2 |(5/2)+ |
87 |39 |2449 |3 |9/2- |
87 |39 |2479.05 |15 |(13/2)- |
87 |39 |2507 | |(5/2+) |
87 |39 |2531 |3 |11/2- |
87 |39 |2552.8 |12 |(9/2)+ |
87 |39 |2563.7 |7 |9/2,11/2+ |
87 |39 |2579 | |(3/2-) |
87 |39 |2599 |3 |(9/2-) |
87 |39 |2602.3 |11 |7/2+ |
87 |39 |2618 | |(3/2-) |
87 |39 |2648.88 |16 |(15/2-) |
87 |39 |2661 |3 |7/2+ |
87 |39 |2668 | |(5/2) |
87 |39 |2676.02 |15 |17/2- |0.25 NS 10
87 |39 |2682 |3 |11/2+ |
87 |39 |2730 |4 |5/2-,7/2- |
87 |39 |2737 |5 |9/2+,11/2+ |
87 |39 |2747 |3 |3/2+ |
87 |39 |2762 | |(3/2-) |
87 |39 |2801 |3 |3/2+ |
87 |39 |2801 |3 |11/2+ |
87 |39 |2808 |5 |9/2+,11/2+ |
87 |39 |2808.4 |8 |(13/2-) |
87 |39 |2827.15 |18 |21/2+ |0.53 NS 3
87 |39 |2828 |5 |(3/2,5/2)- |
87 |39 |2831 |3 |9/2- |
87 |39 |2871 |5 |11/2-,13/2- |
87 |39 |2901 |5 |3/2-,5/2- |
87 |39 |2907 |4 |3/2+,5/2+ |
87 |39 |2960 |3 |(5/2+) |
87 |39 |2961.43 |18 |17/2- |
87 |39 |2986.9 |3 |(23/2+) |49 PS LT
87 |39 |2995 |2 |(5/2)+ |
87 |39 |2995.6 |3 |(17/2) |
87 |39 |2996.1 |11 |(7/2,9/2,11/2) |
87 |39 |3038 |5 |9/2+,11/2+ |
87 |39 |3043 |4 |3/2+,5/2+ |
87 |39 |3057 |5 |(5/2+,7/2+) |
87 |39 |3090 |4 |3/2+,5/2+ |
87 |39 |3093 |5 |9/2+,11/2+ |
87 |39 |3094.4 |4 |(25/2) |49 PS LT
87 |39 |3120 |3 |5/2+,7/2+ |
87 |39 |3120 |10 |(13/2-) |
87 |39 |3181 |5 |(13/2+,15/2+) |
87 |39 |3195 |4 |(1/2+) |
87 |39 |3245 |5 |9/2+,11/2+ |
87 |39 |3262.6 |13 |9/2+,11/2+ |
87 |39 |3308 |6 |3/2+,5/2+ |
87 |39 |3351 |2 |3/2+,5/2+ |
87 |39 |3402.4 |3 |(19/2-) |
87 |39 |3405.2 |11 |3/2+,5/2+ |
87 |39 |3446.5 |3 |(15/2,17/2,19/2)- |
87 |39 |3500 | |(11/2+) |
87 |39 |3552.91 |19 |23/2+ |
87 |39 |3595.2 |4 |(21/2,23/2,25/2+) |
87 |39 |3595.3 |5 |(25/2+) |0.5 NS 2
87 |39 |3640 |20 | |
87 |39 |3730 | |(7/2-) |
87 |39 |3766.6 |4 |21/2(-) |
87 |39 |3840 | |(11/2-) |
87 |39 |3908.8 |4 |(23/2-) |
87 |39 |4039.36 |21 |25/2+ |0.17 PS 4
87 |39 |4214.1 |3 |(27/2) |
87 |39 |4555.0 |4 |(23/2+) |
87 |39 |4564.1 |3 |(23/2-) |
87 |39 |4609.62 |19 |(25/2+) |0.12 PS 4
87 |39 |5228.2 |3 |(25/2-) |
87 |39 |5288.44 |21 |27/2+ |0.10 PS 3
87 |39 |5319.6 |4 |25/2(-) |
87 |39 |5495.2 |4 |(25/2+) |
87 |39 |5759.55 |2 |27/2(-) |2.1 PS GT
87 |39 |5827.0 |3 |(27/2+) |
87 |39 |5934.46 |2 |29/2(-) |1.8 PS 4
87 |39 |6535.5 |3 |31/2(-) |0.18 PS 4
87 |39 |7016.6 |3 |33/2(-) |0.11 PS 3
87 |39 |10537 |11 |5/2+ |23 KEV 1
87 |39 |10923 |11 |1/2+ |40 KEV 2
87 |39 |11468 |15 |3/2+ |21 KEV 2
87 |39 |11739 |11 |1/2+ |33 KEV 2
87 |39 |11900 |11 |1/2+ |34 KEV 2
87 |39 |11966 |23 |(3/2)+ |25 KEV 8
87 |39 |11966 |23 |(5/2+) |25 KEV 8
87 |39 |12371 |11 |3/2+ |24 KEV 1
87 |39 |12661 |14 |1/2+ |44 KEV 4
87 |39 |12968 |15 |3/2+ |
87 |39 |13076 |15 |5/2+ |
88 |39 |0.0 | |4- |106.626 D 21
88 |39 |231.927 |25 |5- |0.8 NS 1
88 |39 |392.86 |9 |1+ |0.301 MS 3
88 |39 |674.55 |4 |8+ |13.98 MS 17
88 |39 |703.83 |14 |(7)+ |
88 |39 |706.79 |13 |2- |10 PS GT
88 |39 |707.4 |4 |1+,2+,3+ |
88 |39 |715.12 |13 |(6)+ |
88 |39 |766.22 |16 |(0)+ |2.4 PS +13-6
88 |39 |843.04 |12 |(5)+ |1.8 PS +9-3
88 |39 |984.66 |13 |(4)+ |0.82 PS 8
88 |39 |1088.21 |10 |(4,5,6)- |
88 |39 |1128.6 |6 |3-,4-,5- |0.25 PS LT
88 |39 |1215 |3 | |
88 |39 |1220.83 |20 |(0,1)+ |0.44 PS 4
88 |39 |1234.0 |20 | |
88 |39 |1262.0 |20 |(2,3,4)- |
88 |39 |1275.09 |18 |(1,2)+ |
88 |39 |1283.81 |15 |(3,4,5)+ |0.19 PS 2
88 |39 |1315 |4 |(4,5,6)- |
88 |39 |1320.13 |10 |- |0.24 PS 3
88 |39 |1461.6 |3 |(6-,7-) |1.8 PS +6-4
88 |39 |1475 |4 |2-,3-,4- |
88 |39 |1476.86 |13 |9+ |0.11 PS 3
88 |39 |1559.2 |4 | |
88 |39 |1570.37 |19 | |
88 |39 |1575.50 |24 |(1,2)+ |
88 |39 |1595.8 |5 |3-,4- |
88 |39 |1702.39 |20 |3+,4+ |0.130 PS 15
88 |39 |1735 |4 |(-) |
88 |39 |1761.0 |20 |(4,5,6)- |
88 |39 |1832.0 |20 |3-,4- |
88 |39 |1881 |5 |(-) |
88 |39 |1900 |4 | |
88 |39 |1913 |5 |- |
88 |39 |1951 |4 |1+,2+,3+ |
88 |39 |1962.5 |4 | |
88 |39 |1971 |5 | |
88 |39 |2056 |4 |1+,2+,3+ |
88 |39 |2121 |8 |4-,5-,6- |
88 |39 |2136 |5 |(-) |
88 |39 |2210 |5 |1+,2+,3+ |
88 |39 |2252 |5 | |
88 |39 |2293 |3 |(2-) |
88 |39 |2305 |5 | |
88 |39 |2312.24 |9 |(9+) |
88 |39 |2367 |10 | |
88 |39 |2443.87 |9 |(10+) |2 PS LT
88 |39 |2444 |3 |(3-) |
88 |39 |2529 |6 |(3+) |
88 |39 |2584 |12 |(2-) |
88 |39 |2722 |9 |3+,4+,5+ |
88 |39 |2734 |3 |(3-) |
88 |39 |2764 |3 |(2-) |
88 |39 |2787 |3 |(1-) |
88 |39 |2830 |3 |(4-) |
88 |39 |2944 |3 |(2-) |
88 |39 |2957 |7 | |
88 |39 |2997 |3 |(-) |
88 |39 |3025 |3 |(-) |
88 |39 |3036.6 |7 | |
88 |39 |3052 |3 |(-) |
88 |39 |3093 |3 |(3-) |
88 |39 |3122 |3 |(1-) |
88 |39 |3145 |3 |(-) |
88 |39 |3206.7 |3 | |
88 |39 |3208 |3 |(-) |
88 |39 |3256.52 |9 |(10-) |
88 |39 |3262 |5 | |
88 |39 |3284.1 |6 |(11+) |
88 |39 |3320 |5 | |
88 |39 |3366 |5 | |
88 |39 |3628 |5 | |
88 |39 |3652.14 |9 |(11-) |2 PS LT
88 |39 |3726.8 |10 | |
88 |39 |3777 |8 | |
88 |39 |3857 |11 | |
88 |39 |3917.7 |10 | |
88 |39 |3964.24 |14 |(12-) |2 PS LT
88 |39 |4028 |8 | |
88 |39 |4087 |8 |(0-,1-,2-) |
88 |39 |4148 |5 | |
88 |39 |4178.24 |17 |(13-) |2.5 PS 3
88 |39 |4431.5 |7 | |
88 |39 |4621.3 |13 | |
88 |39 |4824.35 |20 |(14-) |0.3 PS LT
88 |39 |4878.2 |10 | |
88 |39 |4967.9 |13 | |
88 |39 |5264.3 |14 | |
88 |39 |5558.7 |3 |(15) |0.10 PS 5
88 |39 |5993.4 |3 |(16) |
88 |39 |6264.6 |3 |(14) |
88 |39 |6537.0 |4 |(17) |
88 |39 |6815.4 |3 |(15) |
88 |39 |7.07E+3 |2 |(0+) |
88 |39 |7112.4 |5 |(18) |
88 |39 |7142.6 |7 |(16) |
88 |39 |7166.9 |9 | |
88 |39 |7419.2 |6 |(19) |
88 |39 |7597.6 |9 | |
88 |39 |7847.2 |8 |(17) |
88 |39 |7903.2 |13 | |
88 |39 |8337.4 |17 | |
88 |39 |8627.4 |13 |(18) |
88 |39 |8.88E+3 |2 |(2+) |
88 |39 |8880.4 |19 | |
88 |39 |9145.1 |11 | |
88 |39 |9454.9 |22 | |
88 |39 |9618.4 |11 | |
88 |39 |10.29E+3 |2 |(2+) |
88 |39 |11418 | |(2+) |20 KEV
88 |39 |11482 | | |20 KEV
88 |39 |11630 | |(2+) |35 KEV
88 |39 |11909 | |(4+,5+) |35 KEV
88 |39 |12082 | | |30 KEV
88 |39 |12446 | |(4+) |70 KEV
88 |39 |12690 | |(4+,5+) |80 KEV
89 |39 |0.0 | |1/2- |STABLE
89 |39 |908.97 |3 |9/2+ |15.663 S 5
89 |39 |1507.41 |9 |3/2- |23.9 FS +25-21
89 |39 |1744.74 |18 |5/2- |0.64 PS 6
89 |39 |2222.43 |18 |5/2+ |0.97 PS 28
89 |39 |2529.80 |20 |7/2+ |0.08 PS 4
89 |39 |2566.55 |15 |11/2+ |0.35 PS 7
89 |39 |2622.1 |3 |9/2+ |0.21 PS 10
89 |39 |2687 | | |
89 |39 |2871.7 |4 |(7/2)+ |0.2 PS LT
89 |39 |2881.53 |10 |(3/2)- |19.9 FS +21-19
89 |39 |2892.98 |15 |13/2+ |0.18 PS 3
89 |39 |3067.76 |10 |3/2- |45.0 FS +15-11
89 |39 |3107.26 |24 |(5/2)- |0.034 PS 3
89 |39 |3138.9 |3 |(5/2)- |0.11 PS +7-3
89 |39 |3247.6 |5 |(3/2,5/2) |
89 |39 |3343.44 |15 |13/2- |0.42 PS 14
89 |39 |3360 | | |
89 |39 |3410.7 |4 |(5/2+) |
89 |39 |3451.3 |6 |(7/2+) |
89 |39 |3503.6 |4 |(7/2-) |
89 |39 |3515.9 |3 |(3/2)- |
89 |39 |3557.4 |5 |(7/2-) |
89 |39 |3560 | |(1/2) |
89 |39 |3621.1 |6 |(11/2) |
89 |39 |3630.3 |6 |(11/2)+ |
89 |39 |3715.3 |4 |5/2+ |
89 |39 |3747.7 |8 |(9/2)+ |
89 |39 |3752.9 |4 |(5/2+) |
89 |39 |3790 | | |
89 |39 |3810 | | |
89 |39 |3848.3 |4 |(3/2-,5/2-) |
89 |39 |3862.4 |5 |(3/2,5/2)- |
89 |39 |3924 |5 | |
89 |39 |3976.8 |6 |(11/2)+ |
89 |39 |3992.2 |1 |3/2- |9.3 FS +11-10
89 |39 |4015.3 |7 |1/2+ |
89 |39 |4022.96 |23 |(3/2)- |
89 |39 |4060 | | |
89 |39 |4104.9 |5 |(7/2+) |
89 |39 |4132.22 |16 |15/2- |1.59 PS 28
89 |39 |4171.3 |1 |3/2-,5/2- |10.1 FS +15-11
89 |39 |4188.1 |6 |5/2+ |
89 |39 |4230.4 |12 |(7/2) |
89 |39 |4251 |5 | |
89 |39 |4254.40 |23 |(15/2+) |1.4 PS 7
89 |39 |4309.3 |6 |(7/2)- |
89 |39 |4334.1 |12 | |
89 |39 |4354.7 |10 | |
89 |39 |4383 |5 | |
89 |39 |4408.4 |8 |1/2,3/2,5/2- |
89 |39 |4449.75 |16 |17/2- |4.5 PS 10
89 |39 |4457.6 |7 |7/2-,9/2- |
89 |39 |4460 |20 |(1/2+) |
89 |39 |4476.3 |13 |(5/2+) |
89 |39 |4489 |5 | |
89 |39 |4508 |5 | |
89 |39 |4529.3 |16 |5/2+,7/2+ |
89 |39 |4537.5 |20 |3/2-,5/2- |
89 |39 |4555 |5 |7/2-,9/2- |
89 |39 |4588 |5 |5/2+ |
89 |39 |4603 |5 |7/2-,9/2- |
89 |39 |4616.8 |5 |1/2,3/2,5/2- |
89 |39 |4625.8 |5 |1/2,3/2,5/2- |
89 |39 |4636 |5 | |
89 |39 |4654 |5 | |
89 |39 |4682 |5 | |
89 |39 |4737 |5 |3/2-,5/2- |
89 |39 |4770 |5 | |
89 |39 |4785 |5 | |
89 |39 |4817 |5 | |
89 |39 |4825.38 |17 |17/2+ |3.5 PS GE
89 |39 |4831 |5 |3/2+,5/2+ |
89 |39 |4838.59 |17 |19/2- |21 PS 8
89 |39 |4849 |5 |3/2-,5/2- |
89 |39 |4862 |5 | |
89 |39 |4888 |5 | |
89 |39 |4907 |5 | |
89 |39 |4920.46 |17 |(19/2+) |6.2 PS 21
89 |39 |4927 |5 | |
89 |39 |4954 |5 | |
89 |39 |4973 |5 | |
89 |39 |4992 |1 |1/2,3/2,5/2- |
89 |39 |5006 |8 |(5/2)- |
89 |39 |5026 |8 | |
89 |39 |5046 |8 | |
89 |39 |5075 |8 |(1/2+) |
89 |39 |5085.4 |6 |1/2,3/2,5/2- |
89 |39 |5099 |8 | |
89 |39 |5115 |8 | |
89 |39 |5125 |8 | |
89 |39 |5152.1 |8 |1/2,3/2,5/2- |
89 |39 |5167.7 |3 |1/2,3/2,5/2- |
89 |39 |5183 |8 |3/2+,5/2+ |
89 |39 |5211 |8 |(3/2-) |
89 |39 |5257 |8 | |
89 |39 |5263.88 |20 |(21/2+) |1.46 PS 28
89 |39 |5275 |8 |(1/2+) |
89 |39 |5289 |8 |3/2-,5/2- |
89 |39 |5303 |8 | |
89 |39 |5309.83 |20 |(21/2-) |4.5 PS 9
89 |39 |5321 |8 | |
89 |39 |5343 |8 |(1/2+) |
89 |39 |5362 |8 | |
89 |39 |5382 |8 |(1/2) |
89 |39 |5412.1 |4 |(19/2-) |1.25 PS 28
89 |39 |5419.4 |5 |1/2,3/2,5/2- |
89 |39 |5430 |8 |(3/2+,5/2+) |
89 |39 |5455 |8 | |
89 |39 |5476 |8 | |
89 |39 |5506 |8 | |
89 |39 |5542 |8 | |
89 |39 |5562 |8 | |
89 |39 |5582 |8 | |
89 |39 |5592 |8 | |
89 |39 |5614.4 |15 |1/2,3/2,5/2- |
89 |39 |5625.8 |2 |1/2,3/2,5/2- |
89 |39 |5631 |8 | |
89 |39 |5647 |8 | |
89 |39 |5653.9 |15 |1/2,3/2,5/2- |
89 |39 |5668 |8 | |
89 |39 |5694 |8 | |
89 |39 |5725 |8 | |
89 |39 |5739 |8 | |
89 |39 |5753 |8 | |
89 |39 |5774 |8 | |
89 |39 |5789.4 |8 |1/2,3/2,5/2- |
89 |39 |5796.4 |8 |1/2,3/2,5/2- |
89 |39 |5801 |8 | |
89 |39 |5820 |8 | |
89 |39 |5843 |8 | |
89 |39 |5853 |8 | |
89 |39 |5879.4 |4 |(19/2+) |0.14 PS 10
89 |39 |5888 |8 |3/2+,5/2+ |
89 |39 |5910.7 |2 |1/2,3/2,5/2- |
89 |39 |5923.4 |9 |1/2,3/2,5/2- |
89 |39 |5950 |8 | |
89 |39 |5981 |8 | |
89 |39 |6004 |8 | |
89 |39 |6.01E3 |13 | |
89 |39 |6100 |20 |3/2+,5/2+ |
89 |39 |6122.9 |2 |1/2,3/2,5/2- |
89 |39 |6158.9 |4 | |
89 |39 |6198.90 |21 |(23/2+) |0.19 PS 4
89 |39 |6200 |20 |7/2+,9/2+ |
89 |39 |6201.9 |8 |1/2,3/2,5/2- |
89 |39 |6206.3 |3 |1/2,3/2,5/2- |
89 |39 |6275.6 |2 |1/2,3/2,5/2- |
89 |39 |6297.6 |3 |1/2,3/2,5/2- |
89 |39 |6300 |20 |1/2+ |
89 |39 |6331.6 |2 |1/2,3/2,5/2- |
89 |39 |6359.1 |2 |1/2,3/2,5/2- |
89 |39 |6398.2 |2 |1/2,3/2,5/2- |
89 |39 |6441.5 |2 |1/2,3/2,5/2- |
89 |39 |6472.3 |18 |1/2,3/2,5/2- |
89 |39 |6479 |3 |1/2,3/2,5/2- |
89 |39 |6493.5 |8 |1/2,3/2,5/2- |
89 |39 |6.5E3 |3 |(7/2-) |
89 |39 |6532.3 |3 |1/2,3/2,5/2- |
89 |39 |6592.2 |3 |1/2,3/2,5/2- |
89 |39 |6608.9 |5 |1/2,3/2,5/2- |
89 |39 |6651.6 |8 |1/2,3/2,5/2- |
89 |39 |6666.8 |8 |1/2,3/2,5/2- |
89 |39 |6674.4 |3 |(23/2+) |0.7 PS LE
89 |39 |6680 |20 | |
89 |39 |6728 |2 |1/2,3/2,5/2- |
89 |39 |6750 | | |1.0 MEV 2
89 |39 |6751.1 |12 |1/2,3/2,5/2- |
89 |39 |6772.0 |14 |1/2,3/2,5/2- |
89 |39 |6780 |20 |7/2- |
89 |39 |6782.9 |6 |1/2,3/2,5/2- |
89 |39 |6798.2 |5 |1/2,3/2,5/2- |
89 |39 |6852.4 |8 |1/2,3/2,5/2- |
89 |39 |6866 |2 |1/2,3/2,5/2- |
89 |39 |6880 | | |
89 |39 |6921 |2 |1/2,3/2,5/2- |
89 |39 |6934.7 |11 |1/2,3/2,5/2- |
89 |39 |6944.5 |12 |1/2,3/2,5/2- |
89 |39 |6959.6 |14 |1/2,3/2,5/2- |
89 |39 |6987.4 |15 |1/2,3/2,5/2- |
89 |39 |7003.8 |3 |1/2,3/2,5/2- |
89 |39 |7066.8 |15 |1/2,3/2,5/2- |
89 |39 |7077.7 |3 |1/2,3/2,5/2- |
89 |39 |7.1E3 | | |
89 |39 |7106 |3 |1/2,3/2,5/2- |
89 |39 |7118.2 |6 |1/2,3/2,5/2- |
89 |39 |7147.1 |6 |1/2,3/2,5/2- |
89 |39 |7178.6 |3 |1/2,3/2,5/2- |
89 |39 |7183.7 |3 |(25/2+) |0.21 PS 7
89 |39 |7190 | | |
89 |39 |7193.8 |4 |(23/2+) |0.35 PS 14
89 |39 |7198 |2 |1/2,3/2,5/2- |
89 |39 |7225.3 |8 |1/2,3/2,5/2- |
89 |39 |7240 |3 |1/2,3/2,5/2- |
89 |39 |7255 |3 |1/2,3/2,5/2- |
89 |39 |7259.5 |3 |(23/2+) |
89 |39 |7.3E3 |40 | |
89 |39 |7304.4 |5 |1/2,3/2,5/2- |
89 |39 |7325.4 |9 |1/2,3/2,5/2- |
89 |39 |7.38E3 |21 | |
89 |39 |7383.7 |5 |1/2,3/2,5/2- |
89 |39 |7420.4 |8 |1/2,3/2,5/2- |
89 |39 |7431.6 |3 |(25/2+) |0.49 PS 14
89 |39 |7452.1 |8 |1/2,3/2,5/2- |
89 |39 |7475.2 |15 |1/2,3/2,5/2- |
89 |39 |7484.1 |11 |1/2,3/2,5/2- |
89 |39 |7527.9 |14 |1/2,3/2,5/2- |
89 |39 |7536 |3 |1/2,3/2,5/2- |
89 |39 |7548 |5 |1/2,3/2,5/2- |
89 |39 |7556 |4 |1/2,3/2,5/2- |
89 |39 |7566 |3 |1/2,3/2,5/2- |
89 |39 |7588.1 |18 |1/2,3/2,5/2- |
89 |39 |7590.0 |3 |(25/2+) |0.35 PS 14
89 |39 |7618.4 |9 |1/2,3/2,5/2- |
89 |39 |7640.8 |11 |1/2,3/2,5/2- |
89 |39 |7652.3 |20 |1/2,3/2,5/2- |
89 |39 |7666.1 |6 |1/2,3/2,5/2- |
89 |39 |7692.2 |8 |1/2,3/2,5/2- |
89 |39 |7703.3 |15 |1/2,3/2,5/2- |
89 |39 |7714.0 |14 |1/2,3/2,5/2- |
89 |39 |7722.2 |9 |(1/2+) |
89 |39 |7750.5 |5 |1/2,3/2,5/2- |
89 |39 |7774.4 |5 |1/2,3/2,5/2- |
89 |39 |7787.5 |3 |1/2,3/2,5/2- |
89 |39 |7799.2 |8 |1/2,3/2,5/2- |
89 |39 |7811.8 |17 |1/2,3/2,5/2- |
89 |39 |7830.2 |6 |1/2,3/2,5/2- |
89 |39 |7834.6 |3 |(27/2+) |1.25 PS 28
89 |39 |7838.7 |8 |1/2,3/2,5/2- |
89 |39 |7866.8 |17 |1/2,3/2,5/2- |
89 |39 |7902.5 |5 |1/2,3/2,5/2- |
89 |39 |7920.5 |3 |1/2,3/2,5/2- |
89 |39 |7922.7 |2 |1/2,3/2,5/2- |
89 |39 |7937.8 |9 |1/2,3/2,5/2- |
89 |39 |7961.7 |11 |1/2,3/2,5/2- |
89 |39 |7968.8 |9 |1/2,3/2,5/2- |
89 |39 |7986.0 |8 |1/2,3/2,5/2- |
89 |39 |7996.1 |5 |1/2,3/2,5/2- |
89 |39 |8018 |2 |1/2,3/2,5/2- |
89 |39 |8027.7 |8 |1/2,3/2,5/2- |
89 |39 |8050 | | |1.2 MEV 2
89 |39 |8067.3 |5 |1/2,3/2,5/2- |
89 |39 |8099.0 |14 |1/2,3/2,5/2- |
89 |39 |8129.3 |3 |1/2,3/2,5/2- |
89 |39 |8142.1 |12 |1/2,3/2,5/2- |
89 |39 |8150.8 |17 |1/2,3/2,5/2- |
89 |39 |8159.7 |9 |1/2,3/2,5/2- |
89 |39 |8175.6 |9 |1/2,3/2,5/2- |
89 |39 |8198.9 |5 |1/2,3/2,5/2- |
89 |39 |8210.9 |8 |1/2,3/2,5/2- |
89 |39 |8221.2 |3 |1/2,3/2,5/2- |
89 |39 |8264.2 |3 |(29/2+) |0.97 PS 21
89 |39 |8270.7 |6 |1/2,3/2,5/2- |
89 |39 |8285.4 |17 |1/2,3/2,5/2- |
89 |39 |8311.0 |5 |1/2,3/2,5/2- |
89 |39 |8320.1 |6 |1/2,3/2,5/2- |
89 |39 |8330.4 |14 |1/2,3/2,5/2- |
89 |39 |8338.1 |8 |1/2,3/2,5/2- |
89 |39 |8369 |2 |1/2,3/2,5/2- |
89 |39 |8380.0 |9 |1/2,3/2,5/2- |
89 |39 |8403.1 |9 |1/2,3/2,5/2- |
89 |39 |8438.0 |8 |1/2,3/2,5/2- |
89 |39 |8455 |4 |1/2,3/2,5/2- |
89 |39 |8466.9 |8 |1/2,3/2,5/2- |
89 |39 |8483.2 |9 |1/2,3/2,5/2- |
89 |39 |8495.2 |8 |1/2,3/2,5/2- |
89 |39 |8513.5 |5 |1/2,3/2,5/2- |
89 |39 |8530.6 |8 |1/2,3/2,5/2- |
89 |39 |8548.3 |12 |1/2,3/2,5/2- |
89 |39 |8556.0 |9 |1/2,3/2,5/2- |
89 |39 |8568.0 |6 |1/2,3/2,5/2- |
89 |39 |8586.9 |6 |1/2,3/2,5/2- |
89 |39 |8603 |3 |1/2,3/2,5/2- |
89 |39 |8610.8 |12 |1/2,3/2,5/2- |
89 |39 |8642.1 |8 |1/2,3/2,5/2- |
89 |39 |8668.0 |5 |1/2,3/2,5/2- |
89 |39 |8720.4 |4 |(31/2+) |0.48 PS 14
89 |39 |8764.2 |3 |1/2,3/2,5/2- |
89 |39 |8779.3 |11 |1/2,3/2,5/2- |
89 |39 |8843.4 |5 |1/2,3/2,5/2- |
89 |39 |8864 |4 |1/2,3/2,5/2- |
89 |39 |8877.3 |5 |1/2,3/2,5/2- |
89 |39 |8899.3 |6 |1/2,3/2,5/2- |
89 |39 |8926.3 |14 |1/2,3/2,5/2- |
89 |39 |8981 |3 |1/2,3/2,5/2- |
89 |39 |8994.5 |17 |1/2,3/2,5/2- |
89 |39 |9002.8 |15 |1/2,3/2,5/2- |
89 |39 |9024.2 |9 |1/2,3/2,5/2- |
89 |39 |9043.4 |6 |1/2,3/2,5/2- |
89 |39 |9057.8 |15 |1/2,3/2,5/2- |
89 |39 |9069.0 |11 |1/2,3/2,5/2- |
89 |39 |9082 |2 |1/2,3/2,5/2- |
89 |39 |9093.4 |8 |1/2,3/2,5/2- |
89 |39 |9112.7 |19 |1/2,3/2,5/2- |
89 |39 |9121.4 |8 |1/2,3/2,5/2- |
89 |39 |9147.0 |9 |1/2,3/2,5/2- |
89 |39 |9161.2 |14 |1/2,3/2,5/2- |
89 |39 |9175.7 |9 |1/2,3/2,5/2- |
89 |39 |9191.2 |8 |1/2,3/2,5/2- |
89 |39 |9204.5 |5 |1/2,3/2,5/2- |
89 |39 |9240.0 |6 |1/2,3/2,5/2- |
89 |39 |9256.1 |6 |1/2,3/2,5/2- |
89 |39 |9280.2 |15 |1/2,3/2,5/2- |
89 |39 |9290.8 |15 |1/2,3/2,5/2- |
89 |39 |9301.1 |12 |1/2,3/2,5/2- |
89 |39 |9308.4 |14 |1/2,3/2,5/2- |
89 |39 |9320 |2 |1/2,3/2,5/2- |
89 |39 |9326.7 |11 |1/2,3/2,5/2- |
89 |39 |9351.2 |8 |1/2,3/2,5/2- |
89 |39 |9374.7 |8 |1/2,3/2,5/2- |
89 |39 |9401.8 |18 |1/2,3/2,5/2- |
89 |39 |9410.0 |17 |1/2,3/2,5/2- |
89 |39 |9449.6 |9 |1/2,3/2,5/2- |
89 |39 |9471 |3 |1/2,3/2,5/2- |
89 |39 |9482.0 |15 |1/2,3/2,5/2- |
89 |39 |9503 |3 |1/2,3/2,5/2- |
89 |39 |9532 |4 |1/2,3/2,5/2- |
89 |39 |9541 |3 |1/2,3/2,5/2- |
89 |39 |9575.6 |18 |1/2,3/2,5/2- |
89 |39 |9593.6 |15 |1/2,3/2,5/2- |
89 |39 |9623.7 |11 |1/2,3/2,5/2- |
89 |39 |9660.9 |8 |1/2,3/2,5/2- |
89 |39 |9679.4 |2 |1/2,3/2,5/2- |
89 |39 |9901.0 |8 |1/2,3/2,5/2- |
89 |39 |9912.0 |8 |1/2,3/2,5/2- |
89 |39 |9964.2 |9 |1/2,3/2,5/2- |
89 |39 |9973.2 |6 |1/2,3/2,5/2- |
89 |39 |9990.3 |12 |1/2,3/2,5/2- |
89 |39 |10005.8 |15 |1/2,3/2,5/2- |
89 |39 |10017.6 |18 |1/2,3/2,5/2- |
89 |39 |10037.4 |15 |1/2,3/2,5/2- |
89 |39 |10049 |2 |1/2,3/2,5/2- |
89 |39 |10065 |4 |1/2,3/2,5/2- |
89 |39 |10073.9 |19 |1/2,3/2,5/2- |
89 |39 |10091.3 |14 |1/2,3/2,5/2- |
89 |39 |10108.2 |14 |1/2,3/2,5/2- |
89 |39 |10141.3 |12 |1/2,3/2,5/2- |
89 |39 |10173.0 |11 |1/2,3/2,5/2- |
89 |39 |10194.5 |24 |1/2,3/2,5/2- |
89 |39 |10276.2 |19 |1/2,3/2,5/2- |
89 |39 |10286.9 |19 |1/2,3/2,5/2- |
89 |39 |10307.1 |11 |1/2,3/2,5/2- |
89 |39 |10324.5 |12 |1/2,3/2,5/2- |
89 |39 |10340.5 |15 |1/2,3/2,5/2- |
89 |39 |10379.3 |9 |1/2,3/2,5/2- |
89 |39 |10395.0 |12 |1/2,3/2,5/2- |
89 |39 |10412.7 |7 |1/2,3/2,5/2- |
89 |39 |10424.8 |9 |1/2,3/2,5/2- |
89 |39 |10460.9 |18 |1/2,3/2,5/2- |
89 |39 |10469 |6 |1/2,3/2,5/2- |
89 |39 |10504 |5 |1/2,3/2,5/2- |
89 |39 |10513.8 |15 |1/2,3/2,5/2- |
89 |39 |10538.1 |19 |1/2,3/2,5/2- |
89 |39 |10641.6 |11 |1/2,3/2,5/2- |
89 |39 |10659.7 |18 |1/2,3/2,5/2- |
89 |39 |10668.2 |11 |1/2,3/2,5/2- |
89 |39 |10697.4 |8 |1/2,3/2,5/2- |
89 |39 |10736.8 |14 |1/2,3/2,5/2- |
89 |39 |10744.5 |18 |1/2,3/2,5/2- |
89 |39 |10753 |3 |1/2,3/2,5/2- |
89 |39 |10937 |3 |(5/2+) |
89 |39 |10967.5 |11 |1/2,3/2,5/2- |
89 |39 |11058.9 |15 |1/2,3/2,5/2- |
89 |39 |11069 |2 |1/2,3/2,5/2- |
89 |39 |11081.8 |9 |1/2,3/2,5/2- |
89 |39 |11106.9 |18 |1/2,3/2,5/2- |
89 |39 |11192.5 |19 |1/2,3/2,5/2- |
89 |39 |11200 |2 |1/2,3/2,5/2- |
89 |39 |11419.3 |14 |1/2,3/2,5/2- |
89 |39 |11463.0 |18 |1/2,3/2,5/2- |
89 |39 |11474 |3 |1/2,3/2,5/2- |
89 |39 |11498 |3 |1/2,3/2,5/2- |
89 |39 |11517 |2 |1/2,3/2,5/2- |
89 |39 |11535.9 |5 |1/2,3/2,5/2- |
89 |39 |11560.7 |6 |1/2,3/2,5/2- |
89 |39 |11571.2 |8 |1/2,3/2,5/2- |
89 |39 |11601.8 |17 |1/2,3/2,5/2- |
89 |39 |11611 |2 |1/2,3/2,5/2- |
89 |39 |11623 |3 |1/2,3/2,5/2- |
89 |39 |11646.0 |19 |1/2,3/2,5/2- |
89 |39 |11660.4 |14 |1/2,3/2,5/2- |
89 |39 |11669.3 |18 |1/2,3/2,5/2- |
89 |39 |11691.4 |18 |1/2,3/2,5/2- |
89 |39 |11739.8 |12 |1/2,3/2,5/2- |
89 |39 |11770.0 |12 |1/2,3/2,5/2- |
89 |39 |11802 |2 |1/2,3/2,5/2- |
89 |39 |11817 |3 |1/2,3/2,5/2- |
89 |39 |11832.1 |15 |1/2,3/2,5/2- |
89 |39 |11843 |2 |1/2,3/2,5/2- |
89 |39 |11854 |2 |1/2,3/2,5/2- |
89 |39 |11873.5 |19 |1/2,3/2,5/2- |
89 |39 |11913.2 |14 |1/2,3/2,5/2- |
89 |39 |11946.9 |18 |1/2,3/2,5/2- |
89 |39 |11962.3 |14 |1/2,3/2,5/2- |
89 |39 |11984 |2 |1/2,3/2,5/2- |
89 |39 |11991 |2 |1/2,3/2,5/2- |
89 |39 |12E3 |2 |(1/2+,3/2+) |
89 |39 |12076 |15 |5/2+ |16 KEV 2
89 |39 |12.79E3 |12 | |
89 |39 |13070 |15 |(1/2+) |70 KEV
89 |39 |13.8E3 |2 | |1.2 MEV 2
89 |39 |13991 |15 |5/2+ |50 KEV
89 |39 |14.0E3 |2 | |4.5 MEV 4
89 |39 |14060 |15 |3/2+ |50 KEV
89 |39 |14369 |15 |(1/2-) |
89 |39 |14.42E3 |16 | |
89 |39 |14492 |15 |3/2+ |65 KEV 7
89 |39 |14655 |15 |(3/2-) |30 KEV
89 |39 |14.7E3 |3 | |4.4 MEV 4
89 |39 |14781 |15 |7/2+ |20 KEV
89 |39 |14833 |15 | |25 KEV
89 |39 |14912 |15 |(7/2-) |30 KEV
89 |39 |15E3 |2 | |
89 |39 |15006 |15 |(3/2+,5/2+) |25 KEV
89 |39 |15176 |15 |3/2+ |55 KEV 21
89 |39 |15293 |15 |5/2+ |45 KEV 7
89 |39 |15323 |15 | |
89 |39 |15478 |15 | |40 KEV
89 |39 |15787 |15 |(7/2-) |55 KEV
89 |39 |15837 |15 |(1/2+) |78 KEV 15
89 |39 |16127 |15 |(1/2+) |80 KEV 15
89 |39 |16247 |15 | |
89 |39 |16317 |15 | |
89 |39 |16.4E3 | | |3.95 MEV
89 |39 |16527 |15 | |50 KEV 15
89 |39 |16607 |15 | |50 KEV 15
89 |39 |16647 |15 | |50 KEV 15
89 |39 |16717 |15 |(5/2-) |65 KEV 15
89 |39 |16729 |15 |(1/2+) |
89 |39 |16767 |15 | |50 KEV 15
89 |39 |16790 |40 | |3.9 MEV 2
89 |39 |16917 |15 |(7/2-) |40 KEV 15
89 |39 |17E3 |2 |(3/2+,5/2+) |
89 |39 |17127 |15 | |50 KEV 15
89 |39 |17427 |15 |(1/2+) |65 KEV 15
89 |39 |17507 |15 | |
89 |39 |18.9E3 | | |
89 |39 |19.98E3 |12 | |
89 |39 |20.3E3 | | |
89 |39 |21.5E3 |2 | |4.0 MEV 3
89 |39 |21.68E3 |12 | |
89 |39 |21.8E3 |3 | |
89 |39 |27E3 |1 | |
89 |39 |28.0E3 |5 | |8 MEV
90 |39 |0.0 | |2- |64.00 H 21
90 |39 |202.501 |14 |3- |250 PS 7
90 |39 |681.67 |10 |7+ |3.19 H 6
90 |39 |776.599 |18 |2+ |
90 |39 |953.518 |21 |2+,3+ |
90 |39 |1046.87 |14 |5+,6+,7+ |
90 |39 |1189.69 |8 | |
90 |39 |1211.59 |3 |0- |
90 |39 |1298.2 |4 |(5,6,7)+ |
90 |39 |1371.140 |22 |1- |
90 |39 |1416.59 |3 |3-,(2)- |
90 |39 |1561.9 |5 |3-,4- |
90 |39 |1571.67 |3 |2-,(3)- |
90 |39 |1640.92 |3 |1- |
90 |39 |1760.99 |3 |2-,(1)- |
90 |39 |1811.02 |5 |3-,(2)- |
90 |39 |1815.15 |3 |1+ |
90 |39 |1962.1 |2 |5+,6+ |
90 |39 |2021.4 |4 | |
90 |39 |2085.7 |3 |5+,6+ |
90 |39 |2133.51 |6 |(1,2-) |
90 |39 |2179.4 |7 |(2-,3-) |
90 |39 |2196.12 |6 |(1-,2) |
90 |39 |2216.76 |6 |8+ |
90 |39 |2240.5 |2 |5+,6+ |
90 |39 |2244.31 |6 |(1+,2-) |
90 |39 |2313 |10 |1+ |
90 |39 |2327.4 |4 | |
90 |39 |2365.98 |6 |1- |
90 |39 |2455.26 |7 |(9)+ |
90 |39 |2475.94 |7 |2- |
90 |39 |2495.49 |7 |(2,1-) |
90 |39 |2504.63 |7 |2- |
90 |39 |2520.9 |5 |5+,6+ |
90 |39 |2558.4 |3 |3- |
90 |39 |2590.2 |5 |3-,4- |
90 |39 |2624.01 |9 |1- |
90 |39 |2631.94 |9 |(1-,2,3-) |
90 |39 |2663.28 |8 |(1,2)- |
90 |39 |2678.1 |4 |3- |
90 |39 |2702.6 |5 | |
90 |39 |2719.37 |8 |(1-,2-) |
90 |39 |2745.9 |5 | |
90 |39 |2749.25 |7 |(1-,2,3-) |
90 |39 |2755.4 |3 |3- |
90 |39 |2758.08 |7 |(1-,2-) |
90 |39 |2784.6 |3 | |
90 |39 |2819.7 |3 |1- |
90 |39 |2838.32 |8 |1,2 |
90 |39 |2847.42 |9 |1- |
90 |39 |2859.36 |8 |2- |
90 |39 |2870.4 |2 |3-,4- |
90 |39 |2905 |15 | |
90 |39 |2932.8 |2 |3-,4- |
90 |39 |2938 | | |
90 |39 |2986.11 |9 |(1-,2) |
90 |39 |2992.36 |9 |2-,1- |
90 |39 |3002.3 |2 |3- |
90 |39 |3002.69 |9 |(1-,2) |
90 |39 |3043.49 |8 |(2,3-) |
90 |39 |3048.2 |2 |3-,4- |
90 |39 |3097.55 |12 |(10+) |
90 |39 |3119.5 |4 | |
90 |39 |3137.1 |2 |3-,4- |
90 |39 |3143.85 |8 |(1-,2,3-) |
90 |39 |3160.22 |8 |1- |
90 |39 |3203.9 |4 |3-,4- |
90 |39 |3270.0 |4 | |
90 |39 |3309.5 |3 |3- |
90 |39 |3312.42 |9 |(2,1-) |
90 |39 |3342.3 |3 | |
90 |39 |3354.3 |3 | |
90 |39 |3404.87 |11 |2-,(3-) |
90 |39 |3413.4 |8 | |
90 |39 |3438.8 |8 |1+ |
90 |39 |3469.1 |1 |(2,3-) |
90 |39 |3476.06 |9 |(1,2-) |
90 |39 |3490 |5 |1+ |
90 |39 |3496.8 |4 |(3-) |
90 |39 |3522.6 |4 |5+,6+ |
90 |39 |3534.4 |5 |(5+,6+) |
90 |39 |3555.72 |9 |(1-,2) |
90 |39 |3574.51 |9 |1- |
90 |39 |3584.5 |5 | |
90 |39 |3592.9 |6 |5+,6+ |
90 |39 |3602.1 |1 |1- |
90 |39 |3625 |6 |1+ |
90 |39 |3627.7 |1 |1- |
90 |39 |3644.2 |5 |5+,6+ |
90 |39 |3667.3 |8 | |
90 |39 |3685.23 |10 |(1,2-) |
90 |39 |3692.32 |10 |1- |
90 |39 |3736.1 |3 | |
90 |39 |3757.8 |3 | |
90 |39 |3792.1 |3 |3- |
90 |39 |3801.3 |4 |(1-) |
90 |39 |3833.6 |4 | |
90 |39 |3858.7 |3 |3- |
90 |39 |3881.4 |3 |3- |
90 |39 |3907.2 |4 |(1-) |
90 |39 |3934.48 |11 |1- |
90 |39 |3942.5 |2 | |
90 |39 |3953.55 |11 |(1-,2-) |
90 |39 |3972.3 |7 | |
90 |39 |3980.4 |3 |(3-) |
90 |39 |3996.4 |7 | |
90 |39 |4015.5 |4 |(5+,6+) |
90 |39 |4024.2 |3 |(3-) |
90 |39 |4037.56 |11 |(1,2-) |
90 |39 |4038.0 |3 |(3-) |
90 |39 |4065.0 |3 | |
90 |39 |4080.3 |4 | |
90 |39 |4100.52 |12 |(1-,2-) |
90 |39 |4127.5 |3 |1- |
90 |39 |4140.0 |8 | |
90 |39 |4161.32 |12 |(1,2) |
90 |39 |4166.8 |3 | |
90 |39 |4197.7 |3 |(2-,3-) |
90 |39 |4210.82 |11 |(1-,2,3-) |
90 |39 |4212.73 |13 |(11+) |
90 |39 |4219.7 |3 |(2-) |
90 |39 |4267.38 |11 |(1,2) |
90 |39 |4288.6 |4 | |
90 |39 |4302.3 |3 | |
90 |39 |4325.07 |13 |1-,2- |
90 |39 |4341.2 |3 |5+,6+ |
90 |39 |4352.8 |4 | |
90 |39 |4377.9 |3 |1- |
90 |39 |4411.3 |4 |(5+,6+) |
90 |39 |4425.7 |3 |(5+,6+) |
90 |39 |4451.58 |12 |(1,2-) |
90 |39 |4482.1 |3 |(5+,6+) |
90 |39 |4504.7 |3 |5+,6+ |
90 |39 |4515.95 |12 |(1-,2,3-) |
90 |39 |4518.83 |16 |(12+) |
90 |39 |4529.66 |12 | |
90 |39 |4533.14 |12 |2-,(1)- |
90 |39 |4548.0 |4 | |
90 |39 |4558.5 |5 |(0-,1-) |
90 |39 |4572.0 |4 |2-,1- |
90 |39 |4587.3 |5 | |
90 |39 |4619.5 |5 | |
90 |39 |4636.8 |5 |(5+,6+) |
90 |39 |4645.4 |11 | |
90 |39 |4656.1 |7 |(5+,6+) |
90 |39 |4662.8 |6 |3- |
90 |39 |4672.6 |7 |3- |
90 |39 |4685.8 |7 |1- |
90 |39 |4694.2 |7 | |
90 |39 |4713.0 |7 |5+,6+ |
90 |39 |4725.4 |18 | |
90 |39 |4735.2 |8 | |
90 |39 |4749.4 |8 | |
90 |39 |4777.1 |10 | |
90 |39 |4784.7 |9 |3-,4- |
90 |39 |4802.9 |10 | |
90 |39 |4814.7 |11 | |
90 |39 |4822.7 |11 | |
90 |39 |4835.07 |13 |(1,2-) |
90 |39 |4865.9 |12 |5+,6+ |
90 |39 |4881.4 |12 | |
90 |39 |4895.4 |13 |2-,1- |
90 |39 |4914.8 |13 |1-,2- |
90 |39 |4927.3 |15 | |
90 |39 |4940.1 |14 |(3-) |
90 |39 |4953.2 |15 |(1-) |
90 |39 |4971.2 |16 |5+,6+ |
90 |39 |4986.0 |16 |(0-,1-) |
90 |39 |4997.9 |25 |2-,3- |
91 |39 |0 | |1/2- |58.51 D 6
91 |39 |555.58 |5 |9/2+ |49.71 M 4
91 |39 |653.02 |7 |3/2- |
91 |39 |925.74 |7 |5/2- |
91 |39 |1186.88 |6 |(7/2)- |
91 |39 |1305.39 |6 |(5/2)+ |
91 |39 |1473.69 |7 |3/2- |
91 |39 |1485.09 |21 |(13/2+) |
91 |39 |1545.90 |6 |(5/2)- |
91 |39 |1547 |10 |7/2-,9/2- |
91 |39 |1579.93 |7 |5/2+,7/2+ |
91 |39 |1980.41 |7 |(5/2)- |
91 |39 |2066.62 |7 |(5/2)+ |
91 |39 |2129.09 |12 |3/2,5/2,7/2 |
91 |39 |2157.1 |3 |(17/2+) |
91 |39 |2158 |15 |3/2-,5/2- |
91 |39 |2206.76 |9 |5/2- |
91 |39 |2279.34 |10 |(5/2+,7/2-) |
91 |39 |2412.15 |12 |(3/2-) |
91 |39 |2471 |13 |3/2- |
91 |39 |2530 | |(5/2-) |
91 |39 |2568 |11 |1/2- |
91 |39 |2572.13 |12 |(5/2+,7/2,9/2-) |
91 |39 |2631 | | |
91 |39 |2689 | |(7/2-,9/2-) |
91 |39 |2761.9 |6 |(15/2,17/2) |
91 |39 |2780 | |(9/2+) |
91 |39 |2822 |15 | |
91 |39 |2960 | |(3/2-) |
91 |39 |2980 | |(1/2-) |
91 |39 |3045 | |1/2- |
91 |39 |3100 | |(9/2-) |
91 |39 |3162.9 |6 |(15/2,17/2) |
91 |39 |3196 | |(7/2-,9/2,11/2+) |
91 |39 |3227 | |(9/2+,11/2+) |
91 |39 |3284 | |7/2-,9/2- |
91 |39 |3320 | |11/2-,13/2- |
91 |39 |3353 | |7/2-,9/2- |
91 |39 |3414 | |7/2-,9/2- |
91 |39 |3445 | |7/2-,9/2- |
91 |39 |3502 | |5/2+,7/2,9/2- |
91 |39 |3527.7 |4 |(21/2+) |
91 |39 |3544 | |11/2-,13/2- |
91 |39 |3568.1 |6 |(19/2,21/2) |
91 |39 |3611 | |(3/2-,5/2-) |
91 |39 |3684 | |(3/2-,5/2,7/2+) |
91 |39 |3733.2 |4 |(19/2,21/2) |
91 |39 |3751 | |5/2+,7/2,9/2- |
91 |39 |3793 | |9/2+,11/2+ |
91 |39 |3839 | |9/2+,11/2+ |
91 |39 |3870 | |3/2-,5/2- |
91 |39 |3938 | |(9/2+,11/2+) |
91 |39 |3966 | |(3/2-,5/2-) |
91 |39 |4064.5 |8 | |
91 |39 |4096 | |(3/2-,5/2-) |
91 |39 |4147.0 |4 |(23/2,25/2+) |
91 |39 |4190.5 |8 | |
91 |39 |4225 | |(1/2-) |
91 |39 |4451 | |(3/2-,5/2-) |
91 |39 |4481.2 |5 |(25/2+) |
91 |39 |4611.4 |8 | |
91 |39 |4808.5 |6 | |
91 |39 |5574.8 |7 | |
91 |39 |5778.1 |10 | |
91 |39 |6503.1 |9 | |
91 |39 |6896.1 |11 | |
92 |39 |0.0 | |2- |3.54 H 1
92 |39 |0.0+X | |J |4.2 US +8-6
92 |39 |185.0+X |2 |(J+1) |
92 |39 |241.56 |5 |(0-,2,3+) |
92 |39 |310 |10 |2-,3-,4- |
92 |39 |430.51 |3 |(2)- |
92 |39 |780 |10 |0-,1-,2- |
92 |39 |892.681 |20 |(3) |
92 |39 |1030 |10 |2-,3-,4- |
92 |39 |1281.5+X |4 |(J+3) |
92 |39 |1310 |10 |0-,1-,2- |
92 |39 |1383.91 |4 |1+ |
92 |39 |1490 |10 |1+,2+,3+ |
92 |39 |1690 |10 |3+,4+,5+ |
92 |39 |1890 |10 |(5+,6+,7+) |
92 |39 |2.07E+3 |10 |2-,3-,4- |
92 |39 |2.3E+3 |1 |4-,5-,6- |
92 |39 |2304.3+X |5 |(J+5) |
92 |39 |2440 |10 |1+ |
92 |39 |2.9E+3 |1 |1+,2+,3+ |
92 |39 |3330.8+X |7 |(J+6) |
92 |39 |4047.9+X |8 |(J+8) |
93 |39 |0.0 | |1/2- |10.18 H 8
93 |39 |590.220 |21 |(3/2)- |0.13 NS LT
93 |39 |758.719 |21 |(9/2)+ |0.82 S 4
93 |39 |875.88 |3 |5/2- |
93 |39 |1135.97 |4 |(3/2+,5/2-) |
93 |39 |1277.90 |6 |(1/2-,3/2,5/2-) |
93 |39 |1300.522 |25 |(3/2+,5/2-) |
93 |39 |1308.56 |5 |(1/2-,3/2,5/2-) |
93 |39 |1542.70 |10 |(1/2,3/2,5/2-) |
93 |39 |1550.42 |21 |(13/2+) |
93 |39 |1647.04 |4 |3/2,5/2,7/2 |
93 |39 |1695.78 |9 |(1/2-,3/2,5/2) |
93 |39 |1786.39 |4 |(1/2-,3/2,5/2-) |
93 |39 |1852.67 |5 | |
93 |39 |1911.42 |4 |(1/2-,3/2,5/2-) |
93 |39 |2000 | | |
93 |39 |2056.56 |9 |(1/2-,3/2,5/2-) |
93 |39 |2070 | |(11/2-) |
93 |39 |2091.35 |5 | |
93 |39 |2093.27 |5 | |
93 |39 |2129.12 |13 |(1/2-,3/2,5/2-) |
93 |39 |2200 |AP | |
93 |39 |2355.58 |6 |(3/2,5/2-) |
93 |39 |2364.88 |7 |(3/2,5/2-) |
93 |39 |2543.93 |7 |3/2- |
93 |39 |2569.96 |5 |3/2+,5/2+,7/2+ |
93 |39 |2574.98 |4 |(3/2+) |
93 |39 |2622.8 |4 |(15/2+) |
93 |39 |2653.91 |12 |(1/2,3/2,5/2) |
93 |39 |2687.55 |4 |3/2+,5/2+,7/2+ |
93 |39 |2769.82 |5 |(3/2+) |
93 |39 |2777.98 |19 | |
93 |39 |2783.54 |6 |3/2(+)to7/2(+) |
93 |39 |2820.65 |7 |(3/2+) |
93 |39 |2886.53 |9 |(3/2,5/2-) |
93 |39 |2930 |20 |1/2-,3/2- |
93 |39 |3007.05 |9 |(3/2,5/2-) |
93 |39 |3116.03 |14 |(3/2,5/2-) |
93 |39 |3345.4 |5 |(19/2+) |
93 |39 |3636.8 |5 |(21/2+) |
93 |39 |3824.5 |4 | |
93 |39 |3871.31 |22 | |
93 |39 |3894.9 |3 | |
93 |39 |4314.0 |6 |(+) |
93 |39 |20.9E+3 |10 | |8.5 MEV 20
94 |39 |0.0 | |2- |18.7 M 1
94 |39 |432.3 |1 |(3-) |
94 |39 |621.70 |7 |(2,3+) |
94 |39 |723.80 |7 |(1-) |
94 |39 |906.91 |8 |(2-,3-) |
94 |39 |1.17E+3 |1 |(2-) |
94 |39 |1202.3 | |(5+) |1.35 US 2
94 |39 |1.39E+3 |1 |(2-,3-,4-) |
94 |39 |1427.71 |7 |1+ |
94 |39 |1437.01 |13 |(0-,1-) |
94 |39 |1.53E+3 |1 | |
94 |39 |1.82E+3 |1 | |
94 |39 |1.90E+3 |2 | |
94 |39 |2182.42 |13 |1+ |
94 |39 |2.33E+3 |2 | |
94 |39 |2373.02 |16 |(0-,1-) |
94 |39 |2.46E+3 |2 | |
94 |39 |2.77E+3 |3 | |
94 |39 |2969.93 |22 |1+ |
94 |39 |3.0E+3 | | |
94 |39 |3.3E+3 | | |
94 |39 |4.0E+3 | | |
94 |39 |4.1E+3 | | |
94 |39 |4.5E+3 | | |
94 |39 |4.9E+3 | | |
95 |39 |0.0 | |1/2- |10.3 M 1
95 |39 |685.9 |3 |3/2- |
95 |39 |826.9 |4 |5/2- |
95 |39 |1087.6 |6 |9/2+ |52.6 US 12
95 |39 |1630.9 |6 |(5/2-) |
95 |39 |1827.8 |10 |(11/2+) |
95 |39 |1889.8 |8 |5/2- |
95 |39 |1963.4 |5 |(3/2-,5/2-) |
95 |39 |2021.0 |5 |(3/2-) |
95 |39 |2046.6 |7 |(1/2-,3/2-) |
95 |39 |2173.4 |10 |(13/2)+ |
95 |39 |2207.6 |6 |(5/2-,7/2-) |
95 |39 |2308 |10 |3/2- |
95 |39 |2408.5 |6 |(3/2-,5/2-) |
95 |39 |2557.6 |7 |(1/2-,3/2-) |
95 |39 |2614.6 |5 |(3/2-,5/2-) |
95 |39 |2684.0 |6 |(1/2-,3/2-) |
95 |39 |2717.2 |6 |(1/2+,3/2+) |
95 |39 |2781.8 |6 |(3/2-) |
95 |39 |2855 |20 | |
95 |39 |2906 |20 | |
95 |39 |2933.4 |5 |(3/2+) |
95 |39 |3116.8 |7 |(1/2-,3/2-) |
95 |39 |3142.5 |14 |(17/2-) |16 NS 3
95 |39 |3314.3 |17 |(19/2+) |
95 |39 |3352.9 |5 |(3/2) |
95 |39 |3391.8 |5 |(3/2) |
95 |39 |3507.4 |7 |(1/2-,3/2-) |
95 |39 |3576.6 |5 |(3/2+) |
95 |39 |3616.1 |5 |(1/2+,3/2+) |
95 |39 |3651.3 |7 |(1/2-,3/2-) |
95 |39 |3743.3 |10 |(1/2,3/2) |
95 |39 |3775.8 |19 |(21/2+) |
95 |39 |3943.5 |6 |(1/2-,3/2-) |
95 |39 |4075.1 |6 |(1/2+,3/2+) |
95 |39 |4076.0 |19 |(21/2-) |
95 |39 |4160.7 |8 |(3/2) |
95 |39 |4190.4 |8 |(1/2,3/2) |
95 |39 |4214.3 |6 |(1/2,3/2) |
95 |39 |4268.1 |7 |(1/2+,3/2+) |
95 |39 |4272.8 |20 |(23/2-) |
95 |39 |4339.9 |21 |(23/2+) |
95 |39 |4348.3 |10 |(1/2-,3/2-) |
95 |39 |4360.3 |7 |(1/2-,3/2-) |
95 |39 |4420.6 |10 |(1/2-,3/2-) |
95 |39 |4563.4 |10 |(1/2-,3/2-) |
95 |39 |4901.6 |22 |(25/2+) |
95 |39 |4921.1 |21 |(23/2-) |
95 |39 |5022.2 |21 |(27/2-) |65 NS 4
95 |39 |5810.2 |23 |(29/2-,31/2-) |
96 |39 |0 | |0- |5.34 S 5
96 |39 |122.297 |3 |1- |203 PS 6
96 |39 |652.29 |6 |2- |21 PS LE
96 |39 |718.70 |8 |1+,2+ |
96 |39 |931.70 |3 |1+ |21 PS LE
96 |39 |1140 |30 |8+ |9.6 S 2
96 |39 |1287.89 |17 | |
97 |39 |0.0 | |(1/2-) |3.75 S 3
97 |39 |667.52 |23 |(9/2)+ |1.17 S 3
97 |39 |697.32 |20 |1/2,3/2 |44 PS 3
97 |39 |953.82 |19 |(3/2-,5/2-) |4 PS LE
97 |39 |1319.54 |19 |(5/2+) |12 PS 5
97 |39 |1336.0 |3 | |3 NS LT
97 |39 |1428.11 |20 |(5/2+,7/2+) |21 PS 4
97 |39 |1526.6 |4 | |
97 |39 |1530.2 |4 | |
97 |39 |1613.8 |3 |1/2,3/2 |
97 |39 |1657.4 |3 |(13/2+) |2 NS LT
97 |39 |1738.8 |4 |1/2,3/2 |9 PS LE
97 |39 |1799.6 |3 |(3/2-) |
97 |39 |1848.23 |24 | |
97 |39 |1904.86 |17 |1/2+,3/2+ |2.3 PS LT
97 |39 |1913.9 |4 | |
97 |39 |2116.1 |4 | |
97 |39 |2121.19 |20 |1/2+,3/2+ |7 PS LT
97 |39 |2211.91 |18 |1/2+,3/2+ |3.3 PS LE
97 |39 |2287.4 |4 |(1/2+,3/2+) |
97 |39 |2435.9 |3 |1/2+,3/2+ |
97 |39 |2475.0 |4 | |
97 |39 |2501.5 |4 | |
97 |39 |2558.6 |8 |1/2+,3/2+ |
97 |39 |2568.8 |3 |(17/2+) |2 NS LT
97 |39 |2748.2 |4 | |4 NS LT
97 |39 |2965.3 |4 | |2 NS LT
97 |39 |3163.3 |4 | |
97 |39 |3360.3 |4 |(21/2+) |2 NS LT
97 |39 |3522.6 |4 |(27/2-) |142 MS 8
98 |39 |0.0 | |(0)- |0.548 S 2
98 |39 |119.353 |3 |(1)- |0.14 NS 5
98 |39 |170.74 |6 |(2)- |0.62 US 8
98 |39 |358.15 |6 |(1,2-) |
98 |39 |374.91 |12 |(1,2,3)- |35.8 NS 8
98 |39 |410 |30 |(4,5) |2.0 S 2
98 |39 |446.19 |18 |(1+,2+,3+) |0.7 NS LT
98 |39 |496.19 |15 |(2-) |7.6 US 4
98 |39 |547.75 |6 |1+ |
98 |39 |563.977 |20 |(1,2)- |2.4 NS 12
98 |39 |586.21 |23 | |
98 |39 |595.83 |7 |(1,2-) |
98 |39 |596.88 |23 |(3-) |0.5 NS LT
98 |39 |600.22 |5 |1+ |7.5 NS 7
98 |39 |601.93 |9 |(0,1,2) |
98 |39 |603.9 |4 | |
98 |39 |666.17 |7 |(1+) |
98 |39 |712.85 |11 |(0:3+) |
98 |39 |726.62 |25 |(4-) |0.5 NS LT
98 |39 |824.33 |6 |(0:3+) |
98 |39 |869.9 |5 | |
98 |39 |884.3 |3 |(5-) |1.0 NS LT
98 |39 |907.71 |12 |(0:3+) |
98 |39 |917.9 |5 | |
98 |39 |986.27 |6 |1+ |
98 |39 |1070.3 |3 |(6-) |1.5 NS LT
98 |39 |1181.1 |4 |(8-) |0.83 US 10
98 |39 |1199.58 |9 |(0,1,2) |
98 |39 |1291.9 |4 |(7-) |
98 |39 |1348.04 |13 |(0:3+) |
98 |39 |1464.59 |18 |(0:3+) |
98 |39 |1532.9 |4 |(8-) |
98 |39 |1679.7 |3 |(0,1,2) |
98 |39 |1897.0 |3 |(0:4-) |
99 |39 |0.0 | |(5/2+) |1.484 S 7
99 |39 |125.122 |24 |(7/2+) |47 PS 6
99 |39 |283.73 |4 |(9/2+) |
99 |39 |482.21 |9 |(11/2+) |
99 |39 |487.28 |4 |(5/2-) |
99 |39 |536.19 |4 |(3/2-) |
99 |39 |599.99 |9 | |
99 |39 |624.38 |5 |(7/2-) |
99 |39 |656.87 |4 |(5/2-) |
99 |39 |706.09 |11 |(13/2+) |
99 |39 |817.60 |5 |(7/2-) |
99 |39 |975.70 |14 |(15/2+) |
99 |39 |1009.00 |17 |(3/2+) |
99 |39 |1011.76 |6 |(1/2+) |
99 |39 |1119.60 |5 |(3/2+) |
99 |39 |1191.63 |12 |(5/2+) |
99 |39 |1197.94 |6 |1/2+,3/2,5/2+ |
99 |39 |1213.07 |9 |(5/2+) |
99 |39 |1220.66 |10 |(7/2+) |
99 |39 |1259.20 |20 |(17/2+) |
99 |39 |1402.09 |9 |3/2+,5/2 |
99 |39 |1411.69 |9 |1/2+,3/2,5/2 |
99 |39 |1595.45 |23 |(19/2+) |
99 |39 |1654.74 |20 |(11/2+) |1.4 NS
99 |39 |1868.74 |20 |(13/2+) |
99 |39 |1930.73 |11 |3/2+,5/2+ |
99 |39 |1933.24 |13 |(21/2+) |
99 |39 |2113.94 |25 |(15/2+) |
99 |39 |2141.65 |19 |(17/2+) |8.6 US 8
99 |39 |2205.90 |8 |(5/2)+ |
99 |39 |2239.39 |10 |(5/2)+ |
99 |39 |2245.32 |9 |(3/2,5/2)+ |
99 |39 |2276.11 |9 |(3/2,5/2)+ |
99 |39 |2279.71 |13 |(3/2,5/2)+ |
99 |39 |2314.93 |16 |1/2+,3/2+,5/2+ |
99 |39 |2332.21 |13 |(23/2+) |
99 |39 |2389.26 |13 |(17/2+) |
99 |39 |2693.96 |13 |(19/2+) |
99 |39 |2717.78 |14 |(25/2+) |
99 |39 |3028.01 |14 |(21/2+) |
99 |39 |3178.91 |17 |(27/2+) |
99 |39 |3389.46 |17 |(23/2+) |
100 |39 |0.0 | |1-,2- |735 MS 7
100 |39 |10.70 |2 |1+ |
100 |39 |76.15 |3 |(2)+ |72 PS 7
100 |39 |99.16 |2 |(0:3+) |
100 |39 |145 |15 |(3,4,5) |0.94 S 3
100 |39 |172.03 |4 |(3+) |
100 |39 |194.98 |2 |(1+) |
100 |39 |303.1 |5 |(4+) |
100 |39 |309.83 |3 | |
100 |39 |355.75 |4 | |
100 |39 |376.07 |3 | |
100 |39 |461.1 |7 |(5+) |
100 |39 |483.58 |5 | |
100 |39 |656.6 |9 |(6+) |
100 |39 |698.71 |8 | |
100 |39 |734.03 |6 | |
100 |39 |776.24 |5 | |
100 |39 |827.97 |8 | |
100 |39 |849.45 |8 | |
100 |39 |860.60 |4 | |
100 |39 |861.19 |6 | |
100 |39 |874.0 |10 |(7+) |
100 |39 |974.60 |4 |1+ |
100 |39 |1045.70 |13 | |
100 |39 |1146.33 |9 | |
100 |39 |1149.46 |9 | |
100 |39 |1340.74 |6 | |
100 |39 |1379.16 |4 |(1+) |
100 |39 |1389.85 |11 | |
100 |39 |1412.14 |14 | |
100 |39 |1699.99 |10 | |
101 |39 |0.0 | |(5/2+) |0.45 S 2
101 |39 |128.31 |14 |(7/2+) |
101 |39 |291.66 |5 |(9/2+) |
101 |39 |494.29 |11 |(11/2+) |
101 |39 |510.75 |5 |(3/2-) |
101 |39 |590.45 |5 |(5/2-) |
101 |39 |666.61 |7 |(5/2-) |
101 |39 |714.44 |6 |(7/2-) |
101 |39 |724.9 | |(13/2+) |
101 |39 |822.48 |10 |(7/2-) |
101 |39 |872.87 |21 |(9/2-) |
101 |39 |890.64 |10 |(1/2-) |
101 |39 |996.82 |9 |(3/2-) |
101 |39 |1001.37 |11 |(15/2+) |
101 |39 |1012.97 |13 |(9/2-) |
101 |39 |1027.31 |9 |(5/2-) |
101 |39 |1124.85 |8 |(5/2+) |
101 |39 |1191.38 |7 | |
101 |39 |1211.30 |7 |(3/2+) |
101 |39 |1217.31 |19 |(1/2+) |
101 |39 |1233.77 |10 |(3/2+) |
101 |39 |1258.79 |18 |(7/2+) |
101 |39 |1291.19 |12 |(17/2+) |
101 |39 |1297.59 |8 |(5/2+) |
101 |39 |1410.82 |16 |(7/2+) |
101 |39 |1418.21 |20 |(5/2+) |
101 |39 |1479.06 |12 | |
101 |39 |1517.96 |16 |(5/2+) |
101 |39 |1639.23 |13 |(19/2+) |
101 |39 |1685.35 |7 |(3/2+) |
101 |39 |1762.33 |8 |(5/2+) |
101 |39 |1871.91 |21 | |
101 |39 |1994.10 |16 |(21/2+) |
101 |39 |2259.3 |3 | |
101 |39 |2396.04 |17 |(23/2+) |
101 |39 |2660.95 |20 |(5/2+) |
101 |39 |2675.11 |17 | |
101 |39 |2680.1 |5 | |
101 |39 |2693.66 |20 |(5/2+) |
101 |39 |2695.93 |18 | |
102 |39 |0.0+X | |HIGH J |0.36 S 4
102 |39 |0.0+Y | |LOW J |0.298 S 9
102 |39 |93.80+Y |6 | |
102 |39 |208.23+Y |9 | |
102 |39 |243.85+Y |6 |1+ |
102 |39 |311.70+Y |9 | |
102 |39 |497.81+Y |10 | |
102 |39 |645.4+Y |4 | |
102 |39 |898.63+Y |22 | |
102 |39 |1347.92+Y |14 |1+ |
102 |39 |1689.58+Y |15 |1+ |
103 |39 |0 | |(5/2+) |0.23 S 2
104 |39 |0 | | |197 MS 4
105 |39 |0 | | |95 MS 9
106 |39 |0 | | |79 MS +10-5
107 |39 |0 | | |33.5 MS 30
108 |39 |0 | | |30 MS 5
109 |39 |0 | | |25 MS 5
