78 |40 |0 | |0+ |170 NS GT
79 |40 |0 | | |56 MS 30
80 |40 |0.0 | |0+ |4.6 S 6
80 |40 |288.9 |2 |(2+) |
80 |40 |825.8 |4 |(4+) |
80 |40 |1605.0 |7 |(6+) |
80 |40 |2610.0 |12 |(8+) |
80 |40 |3789.0 |16 |(10+) |
81 |40 |0.0 | |(3/2-) |5.5 S 4
81 |40 |0.0+X | |(5/2+) |
81 |40 |133.2 |3 |(1/2+) |28 NS LT
81 |40 |142.978+X |16 |(7/2+) |
81 |40 |167.21 |17 |(5/2-) |
81 |40 |191.85 |19 |(3/2+) |28 NS LT
81 |40 |303.0+X |16 |(9/2+) |
81 |40 |369.94 |23 |(5/2+) |
81 |40 |405.39 |17 |(7/2-) |
81 |40 |501.22 |25 |(7/2+) |
81 |40 |697.62 |19 |(9/2-) |
81 |40 |737.08+X |19 |(11/2+) |
81 |40 |832.2 |3 |(9/2+) |
81 |40 |979.48+X |21 |(13/2+) |
81 |40 |1026.9 |4 |(11/2+) |
81 |40 |1065.06 |21 |(11/2-) |
81 |40 |1466.63 |23 |(13/2-) |
81 |40 |1528.2 |4 |(13/2+) |
81 |40 |1576.24+X |23 |(15/2+) |
81 |40 |1769.4 |4 |(15/2+) |
81 |40 |1865.58+X |25 |(17/2+) |
81 |40 |1960.2 |3 |(15/2-) |
81 |40 |2438.2 |4 |(17/2+) |
81 |40 |2455.6 |16 |(17/2-) |
81 |40 |2615.2+X |3 |(19/2+) |
81 |40 |2728.2 |5 |(19/2+) |
81 |40 |2930.4+X |4 |(21/2+) |
81 |40 |3069.4 |4 |(19/2-) |
81 |40 |3553.2 |11 |(21/2+) |
81 |40 |3635.4 |4 |(21/2-) |
81 |40 |3797.2+X |11 |(23/2+) |
81 |40 |3899.9 |6 |(23/2+) |
81 |40 |4055.1+X |4 |(25/2+) |
81 |40 |4334.2 |5 |(23/2-) |
81 |40 |4889.3 |6 |(25/2-) |
81 |40 |5128.6+X |5 |(29/2+) |
81 |40 |5271.9 |12 |(27/2+) |
81 |40 |5672.2 |11 |(27/2-) |
81 |40 |6244.3 |12 |(29/2-) |
81 |40 |6317.6+X |11 |(33/2+) |
81 |40 |6835.9 |16 |(31/2+) |
81 |40 |7708.6+X |15 |(37/2+) |
82 |40 |0.0 | |0+ |32 S 5
82 |40 |407.00 |10 |2+ |22 PS 9
82 |40 |1040.84 |14 |4+ |3.3 PS 7
82 |40 |1060.87 |22 | |
82 |40 |1449.14 |21 |(3)+ |
82 |40 |1887.87 |24 |6+ |0.5 PS 2
82 |40 |2057.3 |6 | |
82 |40 |2175.40 |24 |(5)+ |
82 |40 |2691.6 |8 |(4-) |
82 |40 |2791.6 |3 |5(-) |
82 |40 |2856.99 |23 |5- |
82 |40 |2908.6 |4 |8+ |0.22 PS 6
82 |40 |3068.4 |4 |(7)+ |
82 |40 |3128.2 |3 |6- |
82 |40 |3287.3 |7 |(6-) |
82 |40 |3480.8 |4 |7(-) |
82 |40 |3506.8 |4 |7- |
82 |40 |3946.7 |4 |8- |
82 |40 |4022.6 |8 |(8-) |
82 |40 |4036.9 |5 |10+ |0.16 PS 4
82 |40 |4086.4 |6 |(9)+ |
82 |40 |4347.7 |5 |9(-) |
82 |40 |4444.1 |8 |(9-) |
82 |40 |4908.4 |6 |10- |
82 |40 |4973.2 |9 |(10-) |
82 |40 |5195.4 |12 |(11)+ |
82 |40 |5213.4 |7 |12+ |0.13 PS 4
82 |40 |5361.4 |8 |11(-) |
82 |40 |5550.1 |22 |(11-) |
82 |40 |5989.2 |8 |12- |
82 |40 |6100.2 |14 |(12-) |
82 |40 |6406.4 |16 |(13+) |
82 |40 |6490.7 |7 |14+ |0.27 PS LT
82 |40 |6535.9 |11 |13(-) |
82 |40 |7041.7 |9 |14- |
82 |40 |7345.2 |17 |(14-) |
82 |40 |7680.4 |19 |(15)+ |
82 |40 |7687.9 |15 |(15-) |
82 |40 |7750.4 |19 |(15+) |
82 |40 |7859.7 |8 |16+ |
82 |40 |7907.9 |23 |(15-) |
82 |40 |7992.5 |12 |(16+) |
82 |40 |8113.7 |14 |16- |
82 |40 |9046.9 |18 |(17-) |
82 |40 |9070 |3 |(17)+ |
82 |40 |9111.7 |13 |18+ |
82 |40 |9183 |3 |(17)+ |
82 |40 |9234.9 |25 |(17-) |
82 |40 |9338.7 |17 |(18-) |
82 |40 |9452.8 |12 |(18+) |
82 |40 |10490.7 |17 |(20+) |
82 |40 |10752.7 |20 |(20-) |
82 |40 |12126.7 |19 |(22+) |
82 |40 |12365 |3 |(22-) |
82 |40 |14013 |3 |(24+) |
82 |40 |16120 |4 |(26+) |
83 |40 |0.0 | |(1/2-) |42 S 2
83 |40 |52.72 |5 |(5/2-) |0.53 US 12
83 |40 |77.04 |7 |(7/2+) |1.8 US 1
83 |40 |129.1 |1 |(3/2-) |
83 |40 |138.8 |1 |(9/2+) |
83 |40 |328.5 |2 | |
83 |40 |338.5 |1 |(7/2-) |50 PS 4
83 |40 |372.6 |1 |(5/2-) |
83 |40 |580.0 |3 | |
83 |40 |582.7 |1 |(7/2-) |21.5 PS 55
83 |40 |623.9 |3 | |
83 |40 |680.3 |2 |(9/2-) |4.2 PS 8
83 |40 |769.0 |3 |(11/2+) |2.3 PS LT
83 |40 |880.3 |3 |(13/2+) |2.3 PS 3
83 |40 |983.2 |2 |(9/2-) |
83 |40 |1013.4 |2 |(11/2-) |1.9 PS 3
83 |40 |1262.2 |3 |(11/2-) |2.1 PS LT
83 |40 |1345.8 |4 | |
83 |40 |1384.2 |6 | |
83 |40 |1475.8 |3 |(13/2-) |0.76 PS 21
83 |40 |1591.3 |4 | |
83 |40 |1662.9 |4 |(15/2+) |
83 |40 |1733.7 |6 | |
83 |40 |1771.4 |4 |(13/2-) |
83 |40 |1817.4 |4 |(17/2+) |0.42 PS 14
83 |40 |1830.0 |4 |(15/2-) |0.62 PS 21
83 |40 |2021.3 |8 | |
83 |40 |2126.2 |6 |(15/2-) |
83 |40 |2159.7 |7 | |
83 |40 |2258.3 |8 | |
83 |40 |2359.6 |8 | |
83 |40 |2398.3 |5 |(17/2-) |1.04 PS LT
83 |40 |2494.6 |7 | |
83 |40 |2674.9 |7 |(17/2-) |
83 |40 |2708.4 |5 |(19/2+) |
83 |40 |2743.1 |6 |(19/2-) |1.04 PS LT
83 |40 |2913.0 |6 |(21/2+) |0.37 PS 6
83 |40 |2926 |1 | |
83 |40 |3095.5 |9 |(19/2-) |
83 |40 |3138 |1 |(19/2-) |
83 |40 |3304.9 |6 | |
83 |40 |3374.2 |6 |(21/2-) |
83 |40 |3587.0 |6 | |
83 |40 |3625.3 |6 |(21/2-) |
83 |40 |3689 |1 |(21/2-) |
83 |40 |3726.1 |6 |(23/2+) |
83 |40 |3730.9 |7 |(23/2-) |
83 |40 |3955.3 |7 |(25/2+) |0.40 PS 6
83 |40 |3981.7 |6 |(23/2-) |
83 |40 |4092.0 |8 | |
83 |40 |4188 |1 |(23/2-) |
83 |40 |4283.0 |9 |(25/2+) |
83 |40 |4431.4 |8 |(25/2-) |
83 |40 |4469.7 |7 |(25/2-) |
83 |40 |4767 |1 |(27/2+) |
83 |40 |4839.1 |8 |(27/2-) |
83 |40 |4904.3 |9 |(29/2+) |0.42 PS LT
83 |40 |4943.7 |8 |(27/2-) |
83 |40 |5348 |2 |(27/2-) |
83 |40 |5460.4 |8 |(29/2-) |
83 |40 |5626 |2 | |
83 |40 |5645 |1 |(29/2-) |
83 |40 |5934 |1 |(31/2+) |
83 |40 |6022 |1 |(31/2-) |
83 |40 |6028 |1 |(33/2+) |
83 |40 |6074 |1 |(31/2-) |
83 |40 |6570 |2 |(33/2-) |
83 |40 |6949 |1 |(33/2-) |
83 |40 |7195 |2 |(35/2+) |
83 |40 |7235 |2 |(35/2-) |
83 |40 |7325 |1 |(37/2+) |
83 |40 |7380 |1 |(35/2-) |
83 |40 |7628 |2 |(37/2+) |
83 |40 |7817 |2 |(37/2-) |
83 |40 |8275 |2 |(37/2-) |
83 |40 |8586 |2 |(39/2+) |
83 |40 |8611 |2 |(39/2-) |
83 |40 |8758 |2 |(39/2-) |
83 |40 |8812 |2 |(41/2+) |
83 |40 |9229 |2 |(41/2-) |
83 |40 |9689 |2 |(41/2-) |
83 |40 |10137 |2 |(43/2-) |
83 |40 |10224 |2 |(43/2+) |
83 |40 |10310 |2 |(43/2-) |
83 |40 |10516 |2 |(45/2+) |
83 |40 |10810 |2 |(45/2-) |
83 |40 |11786 |2 |(47/2-) |
83 |40 |12080 |2 |(47/2-) |
83 |40 |12087 |2 |(47/2+) |
83 |40 |12433 |3 |(49/2+) |
83 |40 |12582 |3 |(49/2-) |
83 |40 |14510 |3 |(53/2+) |
83 |40 |16736 |3 |(57/2+) |
83 |40 |19217 |3 |(61/2+) |
83 |40 |0+X | | |
83 |40 |581+X | | |
83 |40 |1385+X | | |
83 |40 |2397+X | | |
83 |40 |3589+X | | |
83 |40 |3939+X | | |
83 |40 |4365+X | | |
83 |40 |Y | |J  (27/2) |
83 |40 |1380.0+Y |10 |J+2 |
83 |40 |1574.0+Y |23 |J+2 |
83 |40 |2916.0+Y |15 |J+4 |
83 |40 |3001.0+Y |20 |J+4 |
83 |40 |4556.0+Y |18 |J+6 |
83 |40 |6305.1+Y |20 |J+8 |
83 |40 |8214.1+Y |23 |J+10 |
83 |40 |10288.1+Y |25 |J+12 |
83 |40 |12529+Y |3 |J+14 |
83 |40 |14939+Y |3 |J+16 |
83 |40 |17524+Y |3 |J+18 |
83 |40 |20285+Y |4 |J+20 |
83 |40 |23223+Y |4 |J+22 |
83 |40 |Z | |J  (29/2) |
83 |40 |1444.0+Z |10 |J+2 |
83 |40 |3060.0+Z |15 |J+4 |
83 |40 |4851.0+Z |18 |J+6 |
83 |40 |6815.1+Z |20 |J+8 |
83 |40 |8947.1+Z |23 |J+10 |
83 |40 |11247.1+Z |25 |J+12 |
83 |40 |13713+Z |3 |J+14 |
83 |40 |16337+Z |3 |J+16 |
84 |40 |0 | |0+ |25.8 M 5
84 |40 |539.92 |9 |2+ |14.1 PS 8
84 |40 |1119.31 |11 |2+ |
84 |40 |1244 |1 |(0+) |
84 |40 |1262.81 |13 |4+ |2.8 PS 4
84 |40 |1575.56 |13 |3+ |
84 |40 |1887.91 |20 |4+ |
84 |40 |1966.6 |4 | |
84 |40 |2136.39 |16 |6+ |1.8 PS 3
84 |40 |2335.36 |20 |5+ |
84 |40 |2739.9 |11 |6+ |
84 |40 |2811.11 |19 |(4-) |
84 |40 |2825.89 |21 |(5-) |11 PS 4
84 |40 |3078.91 |21 |(6-) |
84 |40 |3088.97 |19 |8+ |0.39 PS 7
84 |40 |3202.3 |3 |7+ |
84 |40 |3313.44 |23 |(6-) |
84 |40 |3493.89 |21 |(7-) |5.4 PS 21
84 |40 |3552.0 |3 |(7-) |
84 |40 |3722.6 |8 |(7-) |
84 |40 |4036.88 |24 |(8-) |
84 |40 |4068.7 |3 |10+ |0.36 PS 3
84 |40 |4137.6 |4 |9+ |
84 |40 |4378.70 |22 |(9-) |
84 |40 |4587.6 |4 |(10+) |
84 |40 |4869.39 |25 |(10-) |
84 |40 |5135.9 |3 |12+ |0.248 PS 22
84 |40 |5150.3 |6 |11+ |
84 |40 |5316.39 |24 |(11-) |
84 |40 |5616.1 |7 |(12+) |
84 |40 |5785.3 |4 |(12-) |
84 |40 |6248.3 |6 |(13+) |
84 |40 |6302.4 |3 |14+ |0.157 PS 15
84 |40 |6324.5 |4 |(13-) |0.46 PS 10
84 |40 |6643.6 |4 |(14+) |
84 |40 |6796.9 |4 |(14-) |0.51 PS 8
84 |40 |7300.1 |5 |(15+) |
84 |40 |7411.1 |5 |(15-) |0.30 PS 8
84 |40 |7498.0 |4 |16+ |0.166 PS 15
84 |40 |7857.4 |7 |(16+) |
84 |40 |7929.0 |6 |(16-) |232 FS 19
84 |40 |8499.1 |11 |(17+) |
84 |40 |8608.1 |11 |(17-) |0.16 PS 5
84 |40 |8743.6 |4 |18+ |0.131 PS 11
84 |40 |9196.7 |11 |(18-) |107 FS 23
84 |40 |9220.5 |8 |(18+) |
84 |40 |9917.2 |15 |(19+) |
84 |40 |9936.2 |12 |(19-) |0.15 PS 4
84 |40 |10175.5 |5 |20+ |64 FS 8
84 |40 |10445.0 |8 |(20+) |
84 |40 |10597.6 |11 |(20-) |58 FS 17
84 |40 |11413.2 |15 |(21-) |0.09 PS 4
84 |40 |11552.2 |18 |(21+) |
84 |40 |11821.1 |6 |22+ |30 FS 7
84 |40 |12165.3 |12 |(22-) |39 FS 16
84 |40 |12257.9 |11 |(22+) |
84 |40 |13078.3 |18 |(23-) |44 FS 16
84 |40 |13666.3 |8 |24+ |13 FS 9
84 |40 |13974.0 |12 |(24-) |21 FS 17
84 |40 |14253.8 |12 |(24+) |
84 |40 |14938.3 |21 |(25-) |84 FS 20
84 |40 |15659.9 |10 |26+ |19 FS 9
84 |40 |15947.8 |12 |(26+) |
84 |40 |16060.1 |16 |(26-) |21 FS 21
84 |40 |17013.3 |23 |(27-) |
84 |40 |17717.8 |10 |(25-) |14 FS +40-10
84 |40 |17806.0 |14 |(28+) |10 FS 8
84 |40 |18032.4 |12 |(28+) |
84 |40 |18465.1 |19 |(28-) |56 FS 14
84 |40 |19244.8 |14 |(27-) |
84 |40 |19551 |3 |(29-) |
84 |40 |20283.0 |17 |(30+) |33 FS 10
84 |40 |20618.5 |16 |(30+) |
84 |40 |20907.8 |18 |(29-) |
84 |40 |21293.1 |21 |(30-) |
84 |40 |22420 |3 |(31-) |
84 |40 |22717.9 |20 |(31-) |
84 |40 |23180.0 |20 |(32+) |
84 |40 |23235.5 |19 |(32+) |
84 |40 |24676.9 |23 |(33-) |
84 |40 |26790.9 |25 |(35-) |
84 |40 |26830.1 |23 |(34+) |
84 |40 |29062 |3 |(37-) |
84 |40 |31497 |3 |(39-) |
84 |40 |32164 |3 |(39-) |
84 |40 |34097 |3 |(41-) |
84 |40 |36877 |4 |(43-) |
85 |40 |0.0 | |(7/2+) |7.86 M 4
85 |40 |50.12 |4 |(9/2+) |
85 |40 |292.2 |3 |(1/2-) |10.9 S 3
85 |40 |790.1 |9 |(9/2-) |
85 |40 |854.0 |15 |(11/2+) |
85 |40 |872.0 |15 |(13/2+) |
85 |40 |1043.0 |8 |(13/2+) |
85 |40 |1176.2 |8 |(11/2+) |
85 |40 |1328.3 |10 |(11/2-) |
85 |40 |1394.2 |8 | |
85 |40 |1494.0 |11 |(13/2+) |
85 |40 |1758.5 |10 |(15/2+) |
85 |40 |1884.0 |18 |(17/2+) |
85 |40 |1941.0 |18 |(15/2+) |
85 |40 |2078.2 |9 |(15/2+) |
85 |40 |2555.9 |11 |(15/2-) |
85 |40 |2625.0 |20 |(17/2-) |
85 |40 |2724.6 |10 |(17/2-) |
85 |40 |2958.0 |23 |(19/2-) |
85 |40 |3018.0 |20 |(21/2+) |0.201 PS +21-28
85 |40 |3073.0 |20 |(21/2+) |
85 |40 |3387.0 |24 |(21/2-) |
85 |40 |3456.5 |12 |(21/2-) |
85 |40 |3516.0 |20 |(23/2+) |
85 |40 |3522.3 |13 |(21/2-) |
85 |40 |3838.0 |24 |(23/2-) |
85 |40 |3958.0 |21 |(25/2+) |0.80 PS +26-28
85 |40 |3992.7 |13 |(23/2-) |
85 |40 |4204.8 |14 |(25/2+) |
85 |40 |4374.0 |25 |(25/2-) |
85 |40 |4589.0 |21 |(27/2+) |
85 |40 |4887.0 |25 |(27/2-) |
85 |40 |4983.2 |16 |(29/2-) |
85 |40 |4996.0 |22 |(29/2+) |0.291 PS 28
85 |40 |5023.2 |15 |(27/2-) |
85 |40 |5530.0 |18 |(29/2-) |
85 |40 |5602 |3 |(29/2-) |
85 |40 |6003.2 |18 |(33/2+) |
85 |40 |6076 |3 |(31/2-) |
85 |40 |6239.0 |24 |(33/2+) |
85 |40 |7482 |3 |(37/2+) |
85 |40 |7527 |3 |(35/2-) |
85 |40 |7720 |3 |(37/2+) |
85 |40 |8918 |3 |(41/2+) |
85 |40 |9232 |3 |(39/2-) |
85 |40 |9332 |3 |(41/2+) |
85 |40 |10828 |3 |(45/2+) |
85 |40 |11141 |3 |(45/2+) |
86 |40 |0.0 | |0+ |16.5 H 1
86 |40 |751.75 |3 |2+ |7.5 PS 14
86 |40 |1421.77 |5 |(2+) |
86 |40 |1666.57 |6 |4+ |5.4 PS 24
86 |40 |2041.90 |9 |(0+:4+) |
86 |40 |2343.74 |7 |(4+,3-) |
86 |40 |2566.1 |3 | |
86 |40 |2669.88 |7 |6+ |8.5 PS 34
86 |40 |2704.9 |10 | |
86 |40 |2705.62 |7 |(5-) |6.7 PS 12
86 |40 |3016.87 |7 |(5-) |15 PS LT
86 |40 |3029.49 |11 | |
86 |40 |3029.64 |7 |(5+,6+) |
86 |40 |3254.38 |8 |(4+,5,6+) |
86 |40 |3271.97 |8 |(6-) |
86 |40 |3298.44 |8 |8+ |46 PS 6
86 |40 |3417.65 |10 |(4+,5,6+) |
86 |40 |3423.32 |8 |(7-) |6.8 PS 15
86 |40 |3532.64 |8 |8+ |3.3 PS 7
86 |40 |3646.36 |8 |(7-) |7 PS LT
86 |40 |3792.59 |9 |(7) |
86 |40 |4133.68 |12 |(8-) |
86 |40 |4326.12 |9 |10+ |2.1 PS 4
86 |40 |4418.56 |9 |10+ |9 PS 3
86 |40 |4429.35 |10 |(9-) |7.6 PS 14
86 |40 |4637 | |(9-) |
86 |40 |4697 | |(9-) |
86 |40 |5067 | |(10-) |
86 |40 |5233.55 |13 |(11-) |12 PS 6
86 |40 |5388.70 |11 |(11-) |2.8 PS 7
86 |40 |5396.40 |9 |(12+) |2.6 PS 6
86 |40 |5524.3 |8 |(12+) |0.34 PS +10-7
86 |40 |5646.5 |4 | |
86 |40 |5974.74 |15 |(12-) |1.5 PS LT
86 |40 |6232.28 |16 |(13-) |4.2 PS 7
86 |40 |6286 | |(13+) |0.55 PS +12-13
86 |40 |6321.08 |10 |(14+) |5.2 PS 6
86 |40 |6339.9 |4 |(13-) |
86 |40 |6462 | |(13-) |
86 |40 |6752.4 |13 |(14+) |0.31 PS 6
86 |40 |6794 | |(14+) |
86 |40 |7015.33 |14 |(15+) |0.40 PS 8
86 |40 |7061 | |(14-) |
86 |40 |7345 | |(15-) |
86 |40 |7396.46 |24 |(16+) |0.33 PS +6-4
86 |40 |7470 | |(15-) |0.64 PS +17-12
86 |40 |7640 | |(15-) |1.23 PS +19-12
86 |40 |7954 | |(16+) |0.53 PS +15-9
86 |40 |8145 | |(16+) |0.19 PS +8-5
86 |40 |8212 | |(16-) |0.22 PS +5-4
86 |40 |8248.7 |7 |(17+) |0.194 PS 21
86 |40 |8575 | |(17-) |0.67 PS +6-5
86 |40 |8650.0 |8 |(18+) |0.201 PS 14
86 |40 |8671 | |(17-) |
86 |40 |9373 | |(18-) |0.33 PS +11-8
86 |40 |9533 | |(18-) |0.34 PS +17-9
86 |40 |9653 | |(18+) |0.37 PS +9-8
86 |40 |9880 | |(19-) |0.17 PS +4-3
86 |40 |9891.9 |9 |(19+) |0.229 PS +28-21
86 |40 |10142.9 |11 |(20+) |0.132 PS 14
86 |40 |10207 | |(19-) |0.33 PS +7-5
86 |40 |10795 | |(20-) |0.15 PS 5
86 |40 |10918 | |(20+) |0.10 PS +6-5
86 |40 |11175 | |(20+) |0.049 PS +35-28
86 |40 |11176 | |(20-) |0.24 PS +17-12
86 |40 |11232 | |(21-) |0.24 PS 4
86 |40 |11756 | |(21-) |0.11 PS +6-5
86 |40 |12060.9 |15 |(22+) |0.062 PS +21-28
86 |40 |12359 | |(22-) |0.180 PS 21
86 |40 |12606 | |(22+) |0.12 PS 5
86 |40 |12741 | |(23-) |0.17 PS 4
86 |40 |14149.0 |18 |(24+) |0.055 PS 14
86 |40 |14164 | |(24-) |
86 |40 |14377 | |(25-) |0.27 PS +5-4
86 |40 |16050 | |(26+) |0.028 PS +14-7
86 |40 |16617 | |(27-) |0.083 PS +35-21
86 |40 |18063 | |(28+) |0.049 PS 14
86 |40 |20532 | |(30+) |0.042 PS 14
86 |40 |X | |J1  (23) |
86 |40 |1518+X | |J1+2 |
86 |40 |3164+X | |J1+4 |
86 |40 |4949+X | |J1+6 |
86 |40 |6878+X | |J1+8 |
86 |40 |8955+X | |J1+10 |
86 |40 |11183+X | |J1+12 |
86 |40 |13566+X | |J1+14 |
86 |40 |16106+X | |J1+16 |
86 |40 |18802+X | |J1+18 |
86 |40 |Y | |J2  (22) |
86 |40 |1577+Y | |J2+2 |
86 |40 |3307+Y | |J2+4 |
86 |40 |5198+Y | |J2+6 |
86 |40 |7254+Y | |J2+8 |
86 |40 |9481+Y | |J2+10 |
86 |40 |11874+Y | |J2+12 |
86 |40 |14388+Y | |J2+14 |
86 |40 |16950+Y | |J2+16 |
86 |40 |19658+Y | |J2+18 |
86 |40 |Z | |J3  (25) |
86 |40 |1866+Z | |J3+2 |
86 |40 |3825+Z | |J3+4 |
86 |40 |5887+Z | |J3+6 |
86 |40 |8042+Z | |J3+8 |
86 |40 |10286+Z | |J3+10 |
86 |40 |12629+Z | |J3+12 |
86 |40 |15058+Z | |J3+14 |
86 |40 |U | |J4  (23) |
86 |40 |1648+U | |J4+2 |
86 |40 |3459+U | |J4+4 |
86 |40 |5426+U | |J4+6 |
86 |40 |7549+U | |J4+8 |
86 |40 |9822+U | |J4+10 |
86 |40 |12225+U | |J4+12 |
86 |40 |14716+U | |J4+14 |
87 |40 |0.0 | |(9/2)+ |1.68 H 1
87 |40 |200.91 |12 |(7/2)+ |2.44 NS 10
87 |40 |335.84 |19 |(1/2)- |14.0 S 2
87 |40 |470.63 |12 |(7/2) |
87 |40 |523.7 |23 | |
87 |40 |589.3 |17 | |
87 |40 |801.50 |15 |(7/2+) |
87 |40 |817.45 |22 | |
87 |40 |931.53 |24 | |
87 |40 |1061 |15 | |
87 |40 |1069.42 |19 |(13/2+) |49 PS LT
87 |40 |1087.37 |15 |(9/2) |
87 |40 |1124.88 |20 |(11/2+) |
87 |40 |1284.0 |23 | |
87 |40 |1287.5 |23 | |
87 |40 |1505.5 |23 | |
87 |40 |1656.9 |3 |(11/2+) |
87 |40 |1669 |4 | |
87 |40 |1691.3 |3 |(13/2) |
87 |40 |1749 |4 | |
87 |40 |1884.4 |3 |(7/2+,9/2+,11/2+) |
87 |40 |1911. |4 | |
87 |40 |1919.6 |23 | |
87 |40 |1949 |3 | |
87 |40 |2059.2 |23 | |
87 |40 |2069.3 |23 | |
87 |40 |2073.72 |25 |(13/2-) |2.97 NS 20
87 |40 |2125 |15 | |
87 |40 |2201.9 |3 |(17/2+) |35 PS LT
87 |40 |2245.3 |23 | |
87 |40 |2287 |15 | |
87 |40 |2312.5 |4 |(17/2-) |2.7 NS 1
87 |40 |2354.3 |7 | |
87 |40 |2467.1 |4 |(17/2-) |11 PS 3
87 |40 |2598.2 |23 | |
87 |40 |2894.1 | |(21/2+) |71 PS 7
87 |40 |2986.1 |4 |(19/2-) |
87 |40 |3053.3 |23 | |
87 |40 |3236.8 | |(19/2-) |3.0 PS 6
87 |40 |3365.9 |8 |(21/2-) |3 PS LT
87 |40 |3380.4 |15 |(23/2) |0.2 PS LT
87 |40 |3447.0 |23 | |
87 |40 |3942.7 | |(25/2) |0.15 PS 5
87 |40 |4056.8 | |(25/2+) |
87 |40 |4128.7 | |(25/2) |0.80 PS 20
87 |40 |4333.1 | |(25/2-) |6.9 PS 14
87 |40 |4530.2 | |(27/2) |0.44 PS 10
87 |40 |4618.6 | |(27/2-) |
87 |40 |5054.8 | |(29/2+) |
87 |40 |5074.3 |16 |(27/2-) |0.5 PS 2
87 |40 |5507.6 | |(29/2+) |
87 |40 |5529.3 | |(29/2-) |
87 |40 |5689.9 | |(29/2-) |
87 |40 |5803.2 | |(31/2+) |
87 |40 |6212.6 | |(31/2-) |
87 |40 |6234.3 | |(33/2+) |
87 |40 |6268.8 | |(31/2-) |
87 |40 |6573.7 | |(35/2+) |
87 |40 |6840.1 | |(33/2-) |
87 |40 |7451.9 | |(35/2-) |
87 |40 |7476.8 | |(37/2+) |
87 |40 |8777.6 | |(39/2-) |
87 |40 |10091.6 | |(43/2+) |
88 |40 |0.0 | |0+ |83.4 D 3
88 |40 |1057.03 |4 |2+ |2.50 PS 28
88 |40 |1521.4 |7 |0+ |
88 |40 |1817.86 |6 |2+ |0.59 PS 5
88 |40 |2139.59 |5 |4+ |1.52 PS 14
88 |40 |2231.0 |5 |0+ |
88 |40 |2455.88 |7 |3- |1.94 PS 21
88 |40 |2539.00 |6 |5- |
88 |40 |2568.3 |3 |2+ |
88 |40 |2605.20 |14 |4+ |
88 |40 |2673.7 |5 | |
88 |40 |2801.13 |8 |5- |
88 |40 |2810.80 |6 |6+ |
88 |40 |2887.79 |6 |8+ |1.320 US 25
88 |40 |2888 |3 |(2+) |
88 |40 |2928 |3 |3- |
88 |40 |2989.67 |7 |5- |
88 |40 |2998.4 |3 | |
88 |40 |3027 |3 |2+ |
88 |40 |3032.77 |8 |3- |
88 |40 |3074.9 |3 |(4+) |
88 |40 |3093.6 |3 |5- |
88 |40 |3213.70 |11 |(6+) |
88 |40 |3223.8 |4 | |
88 |40 |3277.01 |8 |(3-,4,5-) |
88 |40 |3.30E+3 | | |
88 |40 |3374.37 |9 |(3-,4,5-) |
88 |40 |3390.70 |6 |8+ |21 PS 1
88 |40 |3426.47 |17 | |
88 |40 |3.43E+3 | |(0+) |
88 |40 |3483.63 |13 |(7-) |
88 |40 |3568.18 |15 |(3,4+) |
88 |40 |3617.44 |24 |(7-) |
88 |40 |3637.76 |15 |(3,4+) |
88 |40 |3875.04 |14 |(3-,4,5-) |
88 |40 |3938.28 |14 |(3,4,5) |
88 |40 |3947.58 |13 |(3,4,5) |
88 |40 |3968.2 |3 |(3-,4,5) |
88 |40 |3.99E+3 | | |
88 |40 |4024.9 |3 |(3-,4,5) |
88 |40 |4059.22 |14 |(3-,4,5-) |
88 |40 |4084.22 |13 |(3-,4,5) |
88 |40 |4112.38 |13 |(3,4,5) |
88 |40 |4155.5 |4 |(3,4,5) |
88 |40 |4.17E+3 | | |
88 |40 |4206.1 |3 |(3,4,5-) |
88 |40 |4208.17 |10 |(3-,4,5-) |
88 |40 |4237.0 |4 |(7,8+) |
88 |40 |4307.9 |3 |(3-,4,5-) |
88 |40 |4335.6 |4 |(3,4+) |
88 |40 |4348.3 |3 | |
88 |40 |4.37E+3 | | |
88 |40 |4388.34 |25 |(7,8+) |
88 |40 |4413.07 |11 |10+ |1.4 PS LT
88 |40 |4461.88 |22 |(7,8+) |
88 |40 |4486.31 |12 |(9-) |
88 |40 |4612.29 |11 |9+ |0.17 NS LT
88 |40 |4672.7 |3 |(3-,4,5) |
88 |40 |4713.08 |11 |10- |2.25 NS 17
88 |40 |4797.63 |11 |11- |50 PS 4
88 |40 |4934.5 |3 |(7,8+) |
88 |40 |5087.9 |3 |(7,8+) |
88 |40 |5166.2 |4 |(10,11,12) |0.66 PS 14
88 |40 |5229.47 |13 |12+ |10 PS 1
88 |40 |5583.85 |12 |12- |0.7 PS LT
88 |40 |5665.91 |15 |12+ |0.28 PS 10
88 |40 |5787.2 |5 |(7,8,9) |
88 |40 |5950.75 |16 |(13)+ |0.10 PS LT
88 |40 |6000.8 |3 |(13)- |0.7 PS LT
88 |40 |6032.52 |13 |(12-) |
88 |40 |6192.94 |12 |13- |1.70 PS 14
88 |40 |6238.79 |16 |(14)+ |1.0 PS 3
88 |40 |6501.32 |24 |(14)+ |0.16 PS 3
88 |40 |6578.2 |5 | |
88 |40 |6765.33 |23 |(14)- |0.49 PS LE
88 |40 |6826.66 |23 |(15)+ |0.10 PS 2
88 |40 |7228.2 |3 |(15)- |0.8 PS LE
88 |40 |7431.9 |4 | |0.10 PS 3
88 |40 |7536.5 |4 |(15-) |0.33 PS LE
88 |40 |7878.9 |4 |(16-) |0.50 PS LE
88 |40 |8200.2 |5 |(17-) |0.3 PS +4-1
88 |40 |8925.2 |5 |(18-) |0.3 PS LT
88 |40 |9912.6 |5 |(19-) |0.7 PS GT
88 |40 |10557.3 |9 |(20) |0.1 PS LE
88 |40 |11199.7 |11 |(21) |0.22 PS 14
89 |40 |0.0 | |9/2+ |78.41 H 12
89 |40 |587.82 |10 |1/2- |4.161 M 10
89 |40 |1094.91 |18 |3/2- |0.05 PS GT
89 |40 |1451.23 |18 |5/2- |3.5 PS GT
89 |40 |1511.79 |17 |(9/2)+ |0.53 PS 10
89 |40 |1627.26 |14 |5/2+ |0.35 PS 7
89 |40 |1742.6 |4 |1/2- |0.43 PS 10
89 |40 |1833.71 |15 |5/2+ |0.46 PS 12
89 |40 |1864.6 |3 |3/2- |0.17 PS 3
89 |40 |1943.72 |4 |13/2+ |0.74 PS 11
89 |40 |2085.9 |8 |(5/2)+ |2 PS GT
89 |40 |2099.84 |24 |5/2- |0.076 PS 14
89 |40 |2101.4 |3 |(7/2)+ |104 FS 14
89 |40 |2121.34 |4 |13/2- |2.23 NS 12
89 |40 |2128.7 |3 |(7/2+) |
89 |40 |2130.7 |10 |5/2+ |
89 |40 |2132.4 |3 |(7/2,9/2)+ |
89 |40 |2150.60 |6 |(15/2-) |3.6 NS LE
89 |40 |2152 |12 |(7/2+,9/2+) |
89 |40 |2158.98 |10 |(17/2-) |3.6 NS LE
89 |40 |2220.0 |3 |(9/2-) |24 FS 7
89 |40 |2297 |8 |- |
89 |40 |2297.8 |4 |(7/2)+ |83 FS 14
89 |40 |2388.6 |5 |(5/2)+ |0.13 PS 4
89 |40 |2390 |50 |(1/2-,3/2-) |
89 |40 |2454.4 |5 |(15/2)- |2.5 PS +28-7
89 |40 |2493 |11 | |
89 |40 |2538 |3 |(1/2:9/2)+ |
89 |40 |2567.3 |5 |(1/2,3/2,5/2)+ |0.10 PS 4
89 |40 |2572.3 |3 |7/2+,9/2+ |90 FS 21
89 |40 |2612.1 |5 |9/2+ |
89 |40 |2713 |3 |(7/2:17/2)+ |
89 |40 |2724.10 |6 |17/2+ |11 PS 3
89 |40 |2730.0 |10 |(7/2,9/2)- |
89 |40 |2732 |3 |(5/2+) |
89 |40 |2754.79 |21 |(7/2)+ |0.35 PS 19
89 |40 |2783 |3 |5/2-,7/2- |
89 |40 |2783 |3 |(5/2,7/2)+ |
89 |40 |2830.1 |10 | |
89 |40 |2889.6 |6 |(7/2,9/2)+ |
89 |40 |2925.9 |6 |7/2+,9/2+ |
89 |40 |2926.54 |8 |(19/2-) |
89 |40 |2927 |3 |(1/2:11/2)- |
89 |40 |2959.82 |21 |(7/2)- |
89 |40 |2981.1 |8 |(7/2,9/2,11/2) |
89 |40 |2995.33 |8 |21/2+ |5.14 NS 16
89 |40 |2996 |3 |5/2+ |
89 |40 |3016.1 |4 |7/2- |
89 |40 |3019 |3 |(7/2,9/2)+ |
89 |40 |3049 |7 |(-) |
89 |40 |3092.68 |15 |(7/2)+ |
89 |40 |3106 |4 |(-) |
89 |40 |3111.20 |9 |(19/2)+ |2.8 PS GT
89 |40 |3141.3 |9 |9/2+ |
89 |40 |3153 |3 |(1/2:9/2)+ |
89 |40 |3181 |3 |5/2+ |
89 |40 |3214 |13 |(-) |
89 |40 |3269 |3 |(1/2:9/2)+ |
89 |40 |3280 |3 |5/2+ |
89 |40 |3281.0 |7 |7/2+,9/2+ |
89 |40 |3339 |3 |1/2-,3/2- |
89 |40 |3372 |3 |9/2+ |
89 |40 |3420 |3 |(1/2:9/2)+ |
89 |40 |3467.0 |6 |(7/2,9/2,11/2) |
89 |40 |3487 |3 |(7/2,9/2)+ |
89 |40 |3512.8 |7 |(7/2,9/2)+ |
89 |40 |3531.1 |15 |(7/2-) |
89 |40 |3534.1 |15 |(7/2+,9/2+) |
89 |40 |3557.3 |7 |(7/2,9/2)+ |
89 |40 |3575.8 |5 |(5/2)- |
89 |40 |3576.8 |3 |(23/2)+ |0.35 PS 10
89 |40 |3597 |3 |(7/2,9/2)+ |
89 |40 |3600 | | |
89 |40 |3625 |3 |5/2+ |
89 |40 |3647 |3 |(1/2:9/2)+ |
89 |40 |3717.22 |21 |(21/2-) |0.8 PS LE
89 |40 |3765 |12 |5/2- |
89 |40 |3837.1 |9 |7/2+,9/2+ |
89 |40 |3907.1 |15 |(7/2-,9/2-) |
89 |40 |3931.1 |15 |(7/2,9/2,11/2) |
89 |40 |3948.1 |15 |(7/2,9/2,11/2) |
89 |40 |3965.6 |12 |(7/2)- |
89 |40 |4100 |12 |7/2- |
89 |40 |4200 |12 |5/2-,7/2- |
89 |40 |4277.7 |3 |(25/2+) |0.06 PS LE
89 |40 |4280 |12 |7/2- |
89 |40 |4360 |12 |(1/2-,3/2-) |
89 |40 |4523.86 |24 |(23/2-) |
89 |40 |4590 |12 |7/2- |
89 |40 |4680 |12 |7/2- |
89 |40 |4730 |12 |3/2+,5/2+ |
89 |40 |4737.61 |24 |25/2+ |6 PS LE
89 |40 |4900 |12 |7/2- |
89 |40 |5000 |20 |(1/2-,3/2-) |
89 |40 |5100 |20 |7/2- |
89 |40 |5170 |20 |(3/2+,5/2+) |
89 |40 |5170 |50 |7/2- |
89 |40 |5285.6 |11 | |
89 |40 |5300 |20 |7/2- |
89 |40 |5381.0 |4 |(27/2)+ |0.7 PS GT
89 |40 |5495.0 |3 |(25/2-) |
89 |40 |5500 |20 |7/2- |
89 |40 |5600 |50 |7/2-&amp;3/2- |
89 |40 |5730 |20 |7/2-&amp;3/2- |
89 |40 |5735.1 |8 |(25/2) |
89 |40 |5751.9 |4 |(27/2)+ |
89 |40 |5955 |20 |7/2-&amp;3/2- |
89 |40 |6028.2 |3 |(27/2+) |
89 |40 |6073.1 |4 |(27/2)- |
89 |40 |6100 |20 |7/2-&amp;3/2- |
89 |40 |6109.1 |6 |(29/2+) |
89 |40 |6243.1 |4 |(29/2-) |
89 |40 |6280 |20 |7/2-&amp;3/2- |
89 |40 |6352.9 |8 |(29/2) |
89 |40 |6520 |50 |7/2-&amp;3/2- |
89 |40 |6700 |20 |7/2- |
89 |40 |6832.1 |5 |(31/2-) |
89 |40 |6900 |20 |5/2-,7/2- |
89 |40 |6952.9 |11 |(31/2) |
89 |40 |6963.1 |5 |(29/2)+ |
89 |40 |7060 |20 |(5/2-,7/2-) |
89 |40 |7200 |20 |(5/2-,7/2-) |
89 |40 |7419.1 |6 |(31/2+) |
89 |40 |7507.1 |6 |(33/2-) |
89 |40 |8015.1 |9 |(35/2-) |
89 |40 |8105 |20 |1/2- |
89 |40 |8107.1 |6 |(33/2+) |
89 |40 |8864.1 |10 |(35/2+) |
89 |40 |9035 |20 |9/2+ |
89 |40 |9.2E3 |AP |(7/2-) |
89 |40 |9.3E3 | | |
89 |40 |9.5E3 | |(3/2+)&amp;(1/2+) |
89 |40 |9601.1 |12 |(37/2+) |
89 |40 |9620 |20 |3/2- |
89 |40 |9860 |20 |5/2- |
89 |40 |11.6E3 | | |
89 |40 |12150 |20 |(7/2)- |
89 |40 |13100 |20 |(7/2)- |
89 |40 |14E3 | |(3/2,5/2+) |
89 |40 |15.0E3 | | |
89 |40 |17.0E3 | | |
89 |40 |18.5E3 |25 |(7/2-)&amp;(3/2+) |
89 |40 |20.0E3 | | |
89 |40 |25.0E3 | | |
89 |40 |26.0E3 | | |
89 |40 |31.0E3 | | |
89 |40 |41.5E3 | |(3/2-) |
90 |40 |0 | |0+ |STABLE
90 |40 |1760.71 |14 |0+ |61.3 NS 25
90 |40 |2186.274 |15 |2+ |88 FS 3
90 |40 |2319.000 |10 |5- |809.2 MS 20
90 |40 |2739.30 |5 |(4)- |
90 |40 |2747.876 |16 |3- |0.14 NS 5
90 |40 |3076.927 |15 |4+ |
90 |40 |3308.8 |5 |2+ |91 FS 6
90 |40 |3448.232 |14 |6+ |
90 |40 |3557 |5 | |
90 |40 |3589.419 |16 |8+ |131 NS 4
90 |40 |3842.2 |8 |2+ |15 FS 1
90 |40 |3959 |4 |5- |
90 |40 |4062 |5 |4+ |
90 |40 |4126 |3 |0+ |
90 |40 |4223 |2 |(2+) |
90 |40 |4228 |2 |(4-) |
90 |40 |4232.220 |24 |6-,7- |
90 |40 |4237.9 |10 | |
90 |40 |4280 |10 |(-) |
90 |40 |4305 |6 |4+ |
90 |40 |4334 |2 |4+ |
90 |40 |4375.07 |7 |7- |
90 |40 |4424 |3 |0+ |
90 |40 |4462 |6 |+ |
90 |40 |4471 |12 |(4+) |
90 |40 |4475 |5 | |
90 |40 |4495 |5 |3- |
90 |40 |4500 |15 |0+,1+,2+ |
90 |40 |4540 |10 |6- |
90 |40 |4541.37 |3 |6+ |
90 |40 |4580.1 |20 |1+ |8.7 FS +13-9
90 |40 |4598 |6 | |
90 |40 |4640.95 |4 | |
90 |40 |4653 |6 |0+,1+,2+ |
90 |40 |4681 |3 |2+ |
90 |40 |4710 |6 | |
90 |40 |4783 |6 |0+,1+,2+ |
90 |40 |4817 |5 |3- |
90 |40 |4828 |6 | |
90 |40 |4849 |6 | |
90 |40 |4875 |6 | |
90 |40 |4946 |6 |4+ |
90 |40 |4992 |3 |1-,2-,3- |
90 |40 |5059.975 |21 |7+ |
90 |40 |5068 |5 | |
90 |40 |5089 |6 | |
90 |40 |5110 |5 |3- |
90 |40 |5164.487 |23 |(8)+ |
90 |40 |5187 |3 |0+,1+,2+ |
90 |40 |5215 |6 |4+ |
90 |40 |5247.53 |4 |9+ |28 PS LT
90 |40 |5275.2 | |(2+) |0.80 PS +20-11
90 |40 |5304 |4 |1,2+ |
90 |40 |5314 |5 |3- |
90 |40 |5381 |6 |4+ |
90 |40 |5420 |15 |(1,2,3)- |
90 |40 |5432.791 |23 |7+,8+,9+ |
90 |40 |5433 |6 | |
90 |40 |5441 |5 |0+ |
90 |40 |5462 |6 |4+ |
90 |40 |5504.2 |20 |1- |
90 |40 |5582 |6 |(3)- |
90 |40 |5592 |5 |2+ |
90 |40 |5631 |7 |3- |
90 |40 |5644.03 |5 |10+ |
90 |40 |5666 |7 |3- |
90 |40 |5703 |7 | |
90 |40 |5753 |7 | |
90 |40 |5781 |7 |3- |
90 |40 |5792.06 |4 |9(+) |
90 |40 |5808 |4 |1,2+ |
90 |40 |5829 |7 | |
90 |40 |5887 |4 |1- |
90 |40 |5938 |5 |3- |
90 |40 |5977 |7 | |
90 |40 |6006 |7 | |
90 |40 |6020 |15 |1-,2-,3- |
90 |40 |6058 |7 | |
90 |40 |6070 |15 |1-,2-,3- |
90 |40 |6106 |7 | |
90 |40 |6128 |7 | |
90 |40 |6167 |7 | |
90 |40 |6200 |15 |1-,2-,3- |
90 |40 |6229 |7 | |
90 |40 |6250 |15 |1-,2-,3- |
90 |40 |6279.73 |11 |(11)+ |
90 |40 |6290 | | |
90 |40 |6296 |3 |1- |
90 |40 |6308 |7 | |
90 |40 |6320 |15 |1-,2-,3- |
90 |40 |6370 |15 | |
90 |40 |6376.14 |6 |10(-) |28 PS LT
90 |40 |6390 |4 |1,2+ |
90 |40 |6397 |7 | |
90 |40 |6425 |3 |1- |
90 |40 |6479 | | |
90 |40 |6496 |7 | |
90 |40 |6517 | | |
90 |40 |6547 |7 | |
90 |40 |6574 |7 | |
90 |40 |6640 |15 |1-,2-,3- |
90 |40 |6640.1 | |(2+) |21 FS +7-6
90 |40 |6670 |15 | |
90 |40 |6694 | | |
90 |40 |6710 |15 | |
90 |40 |6721.13 |9 |(10-) |
90 |40 |6742 | | |
90 |40 |6762 |3 |1- |
90 |40 |6769.54 |19 |(12+) |
90 |40 |6794 |7 | |
90 |40 |6810 |15 |1-,2-,3- |
90 |40 |6853 | | |
90 |40 |6867 | | |
90 |40 |6876 |3 |1- |
90 |40 |6895 | | |
90 |40 |6924 |8 | |
90 |40 |6953.96 |7 |(11)- |28 PS LT
90 |40 |6974 | | |
90 |40 |7000 |15 |0-,1- |
90 |40 |7008.64 |7 |(11)- |
90 |40 |7025.64 |5 |(10)+ |
90 |40 |7047 | | |
90 |40 |7060 | | |
90 |40 |7089 | | |
90 |40 |7110 |15 |0-,1- |
90 |40 |7120 | | |
90 |40 |7136 |8 | |
90 |40 |7151 | | |
90 |40 |7160 |15 |1-,2-,3- |
90 |40 |7194.40 |5 |(11)+ |28 PS LT
90 |40 |7200 | | |
90 |40 |7223.91 |7 |(12)+ |59 PS 10
90 |40 |7235 | | |
90 |40 |7250 |3 |1- |
90 |40 |7263 | | |
90 |40 |7275 | | |
90 |40 |7350 |15 |1-,2-,3- |
90 |40 |7378 |8 | |
90 |40 |7402 | | |
90 |40 |7420 |15 | |
90 |40 |7437.84 |8 |(13)+ |2.9 PS 5
90 |40 |7461 | | |
90 |40 |7480 |15 | |
90 |40 |7530 |15 | |
90 |40 |7580 |15 | |
90 |40 |7614 | | |
90 |40 |7633 | | |
90 |40 |7649.6 | |(2+) |0.55 PS +9-7
90 |40 |7650 |15 |1-,2-,3- |
90 |40 |7706 |3 |1- |
90 |40 |7722 | | |
90 |40 |7750 | | |
90 |40 |7767 | | |
90 |40 |7774 |10 |2- |
90 |40 |7796 | | |
90 |40 |7806 |10 |(2-) |
90 |40 |7840 |15 |1-,2-,3- |
90 |40 |7868 |10 |(1+,2-) |
90 |40 |7877 | | |
90 |40 |7907 |10 | |
90 |40 |7926 | | |
90 |40 |7984 | | |
90 |40 |7996 |10 |(3-) |
90 |40 |8032 |10 |2- |
90 |40 |8058.43 |11 |(14)+ |0.28 PS 14
90 |40 |8110 |3 |1- |
90 |40 |8120 |15 | |
90 |40 |8131 |3 |1+ |
90 |40 |8168 | | |
90 |40 |8233 |10 |1+ |
90 |40 |8276 | | |
90 |40 |8291 |10 |2- |
90 |40 |8316 |10 |(2-) |
90 |40 |8366 |10 |(1+) |
90 |40 |8400 |10 |(2-) |
90 |40 |8412 | | |
90 |40 |8430 | | |
90 |40 |8442 |10 |2- |
90 |40 |8500 |3 |1- |
90 |40 |8515 | | |
90 |40 |8542 |10 |2- |
90 |40 |8602 |10 |(1+) |
90 |40 |8627 |10 |2- |
90 |40 |8701 |10 |(2-) |
90 |40 |8717 |3 |1- |
90 |40 |8809 |10 |(2-) |
90 |40 |8853 |10 |2- |
90 |40 |8882 |10 |2- |
90 |40 |8911 |10 |2- |
90 |40 |8934 |10 |2- |
90 |40 |8958.14 |21 |(15)- |0.5 PS 3
90 |40 |8971 |10 |2- |
90 |40 |9000 |10 |1+ |
90 |40 |9061 |10 |2- |
90 |40 |9101 |10 |2- |
90 |40 |9127 |10 |2- |
90 |40 |9146 |3 |1- |
90 |40 |9195 |3 |(1-) |
90 |40 |9265 |10 |2- |
90 |40 |9294 |10 |2- |
90 |40 |9327 |10 |2- |
90 |40 |9333 |3 |1- |
90 |40 |9371 |10 |1+ |
90 |40 |9439 |10 |1+,(2-) |
90 |40 |9489 |10 |2- |
90 |40 |9520 |10 |(1+,2-) |
90 |40 |9541 |10 |2- |
90 |40 |9601 |10 |(1-,2-) |
90 |40 |9678 |3 |(1-) |
90 |40 |9694 |10 |2- |
90 |40 |9836.03 |24 |(15)+ |
90 |40 |9863 |10 |(1-,2-) |
90 |40 |10040 |3 |(1-) |
90 |40 |10125.85 |24 |(16)+ |0.6 PS 2
90 |40 |10764.9 |9 |(17+) |0.14 PS 14
90 |40 |11403.9 |12 |(18+) |0.21 PS 11
90 |40 |12110.7 |12 |(19+) |0.14 PS 5
90 |40 |12219.4 |25 | |
90 |40 |12964.7 |13 |(20) |0.35 PS LT
90 |40 |13110 |4 |(2)- |
90 |40 |13311 |4 |(3)- |
90 |40 |13940 | | |
90 |40 |14090 | | |
90 |40 |14220 | | |
90 |40 |14270 |30 |(0-,1-) |
90 |40 |14310 | | |
90 |40 |14410 | | |
90 |40 |14440 | |(1-) |
90 |40 |14750 | | |
90 |40 |14880 | | |
90 |40 |14930 | | |
90 |40 |15550 |30 |2-,(1-) |
90 |40 |15700 |30 |1-,(2-) |
90 |40 |15950 | | |
90 |40 |16150 | | |
90 |40 |16260 | | |
90 |40 |16280 | | |
90 |40 |17300 | | |
90 |40 |19400 | | |
90 |40 |21000 | | |
90 |40 |21800 | | |
90 |40 |23700 | | |
91 |40 |0.0 | |5/2+ |STABLE
91 |40 |1204.81 |13 |1/2+ |0.62 PS 14
91 |40 |1466.4 |4 |5/2+ |0.32 PS 3
91 |40 |1882.20 |17 |7/2+ |76 FS 11
91 |40 |2042.35 |19 |3/2+ |11.1 FS 11
91 |40 |2131.49 |15 |(9/2)+ |127 FS 17
91 |40 |2170.15 |15 |(11/2)- |5.5 PS GT
91 |40 |2189.5 |6 |(5/2)- |1.8 PS LE
91 |40 |2200.5 |3 |7/2+ |0.33 PS +9-6
91 |40 |2259.92 |21 |(13/2)- |
91 |40 |2287.8 |3 |(15/2)- |29.0 NS 8
91 |40 |2320.5 |3 |(11/2)- |
91 |40 |2356.4 |7 |(1/2)- |
91 |40 |2366.56 |19 | |105 FS +18-14
91 |40 |2394.9 |8 |(9/2)- |
91 |40 |2534.69 |22 |(3/2+,5/2+) |78 FS +19-15
91 |40 |2557.8 |5 |1/2+ |0.13 PS +6-4
91 |40 |2577.9 |5 |(3/2)- |84 FS 21
91 |40 |2640.2 |4 |(3/2)- |92 FS +32-21
91 |40 |2693.7 |4 |(3/2)- |25 FS 4
91 |40 |2764.6 |5 |(13/2,15/2)- |
91 |40 |2775.2 |5 |(5/2)- |0.13 PS +5-3
91 |40 |2791.46 |25 |(5/2) |
91 |40 |2810.9 |7 |(7/2+) |24 FS +5-4
91 |40 |2813 |3 |- |
91 |40 |2826.0 |16 |3/2+,5/2+ |
91 |40 |2835.7 |5 |(3/2,5/2,7/2)- |
91 |40 |2857.06 |25 |(13/2)+ |7 NS LE
91 |40 |2871.5 |7 |3/2+ |
91 |40 |2902.3 |7 |(7/2)+ |
91 |40 |2914.2 |5 |(9/2+) |
91 |40 |2928.4 |10 |3/2+,5/2+ |61 FS +15-11
91 |40 |2992.1 |7 | |
91 |40 |3007.7 |8 |5/2-,7/2- |94 FS +43-26
91 |40 |3017.1 |20 | |
91 |40 |3034 |3 |- |
91 |40 |3053 |5 | |
91 |40 |3083.3 |6 |3/2+ |17 FS +6-4
91 |40 |3107.9 |8 |7/2+,9/2+ |38 FS +8-6
91 |40 |3146.9 |3 |(17/2)+ |7 NS LE
91 |40 |3167.3 |4 |(21/2+) |4.35 US 14
91 |40 |3234.8 |10 |(3/2)- |27 FS +6-5
91 |40 |3262 |8 | |
91 |40 |3276.6 |6 |(3/2-) |
91 |40 |3290.4 |5 |3/2+ |
91 |40 |3312 |4 |(+) |
91 |40 |3321 |4 | |
91 |40 |3331.1 |15 |1/2+ |
91 |40 |3356 |8 | |
91 |40 |3378 |6 |(1/2-,3/2-) |
91 |40 |3410 |8 | |
91 |40 |3456 |5 |9/2-,11/2- |
91 |40 |3469 |5 |7/2+ |
91 |40 |3476.1 |10 |1/2-,3/2- |
91 |40 |3476.3 |8 |3/2+,5/2+ |
91 |40 |3489 |4 | |
91 |40 |3555 |6 |(7/2)+ |
91 |40 |3576.1 |10 |(3/2)- |7.6 FS 13
91 |40 |3597 |6 |5/2-,7/2- |
91 |40 |3636 |6 |3/2+,5/2+ |
91 |40 |3652 |4 |(-) |
91 |40 |3667 |7 | |
91 |40 |3681 |3 |3/2+ |6.6 FS 26
91 |40 |3704 |3 |7/2+,9/2+ |
91 |40 |3725 |8 |1/2-,3/2- |
91 |40 |3750 |4 |3/2+,5/2+ |
91 |40 |3776 |4 |(+) |
91 |40 |3820 |4 |(7/2+,9/2+) |
91 |40 |3829 |8 | |
91 |40 |3850 |4 |(5/2)+ |
91 |40 |3884 |6 |(1/2-,3/2-) |
91 |40 |3898 |4 |7/2+,9/2+ |
91 |40 |3908 |4 |9/2-,11/2- |
91 |40 |3924 |6 |3/2+,5/2+ |
91 |40 |3949 |5 | |
91 |40 |3962 |4 |7/2+,9/2+ |
91 |40 |3984.2 |8 |3/2+,5/2+ |
91 |40 |4007 |4 |7/2+,9/2+ |
91 |40 |4025.6 |11 |(3/2+,5/2+) |
91 |40 |4040 |4 |(3/2+,5/2+) |
91 |40 |4070 |4 |9/2-,11/2- |
91 |40 |4114 |4 |7/2+,9/2+ |
91 |40 |4148 |2 |(3/2+,5/2+) |
91 |40 |4162.4 |8 |3/2+,5/2+ |
91 |40 |4180.0 |6 |1/2(+),3/2,5/2+ |
91 |40 |4192 |4 |(3/2+,5/2,7/2-) |
91 |40 |4210 |10 |1/2-,3/2- |
91 |40 |4230 |8 | |
91 |40 |4245 |8 | |
91 |40 |4268 |4 |(1/2-,3/2-) |
91 |40 |4279 |5 |7/2+,9/2+ |
91 |40 |4296 |4 |1/2-,3/2- |
91 |40 |4319.8 |8 |3/2- |4.1 FS 18
91 |40 |4338 |5 | |
91 |40 |4354 |6 |3/2+,5/2+ |
91 |40 |4380 |6 |7/2+,9/2+ |
91 |40 |4400 |4 |(3/2+,5/2+) |
91 |40 |4414 |5 |9/2-,11/2- |
91 |40 |4437 |5 | |
91 |40 |4450 |8 | |
91 |40 |4464 |4 |3/2+,5/2+ |
91 |40 |4504 |5 |1/2-,3/2- |
91 |40 |4532.7 |11 |3/2+,5/2+ |
91 |40 |4549 |7 | |
91 |40 |4588 |5 |(3/2+,5/2,7/2-) |
91 |40 |4611 |8 | |
91 |40 |4653 |5 |(1/2,3/2-) |
91 |40 |4685 |5 |(1/2+,3/2-) |
91 |40 |4704 | | |
91 |40 |4712.1 |8 | |
91 |40 |4735 |8 |(1/2,3/2)- |
91 |40 |4786 |5 |(-) |
91 |40 |4808 |8 |(3/2+,5/2+) |
91 |40 |4833 |10 |1/2-,3/2- |
91 |40 |4876 |10 | |
91 |40 |4928 |10 | |
91 |40 |4953 |10 |(5/2-,7/2-) |
91 |40 |4989 |10 | |
91 |40 |5017 |10 | |
91 |40 |5095 |10 |(1/2-,3/2-) |
91 |40 |5132 |10 | |
91 |40 |5158 |10 | |
91 |40 |5176 |10 | |
91 |40 |5217 |10 |(3/2+,5/2+) |
91 |40 |5254 |10 | |
91 |40 |5308.2 |8 | |
91 |40 |5312 |10 |(3/2+,5/2+) |
91 |40 |5357 |10 | |
91 |40 |5382 |10 | |
91 |40 |5426 |10 | |
91 |40 |5450 |10 | |
91 |40 |5472 |10 | |
91 |40 |5495.6 |9 | |
91 |40 |5496 |10 | |
91 |40 |5530 |10 | |
91 |40 |5550 |10 | |
91 |40 |5598 |10 |(-) |
91 |40 |5613.1 |8 | |
91 |40 |5645 |10 | |
91 |40 |5674 |10 | |
91 |40 |5716 |10 | |
91 |40 |5741.3 |8 | |
91 |40 |5744 |10 | |
91 |40 |5781 |10 | |
91 |40 |5804 |10 | |
91 |40 |5843 |10 | |
91 |40 |5877 |10 | |
91 |40 |5894 |10 | |
91 |40 |5933 |10 | |
91 |40 |5954 |10 | |
91 |40 |6003 |10 | |
91 |40 |6027 |10 | |
91 |40 |6081 |10 | |
91 |40 |6103 |10 | |
91 |40 |6156 |10 | |
91 |40 |6179 |10 | |
91 |40 |6210 |10 | |
91 |40 |6262 |10 | |
91 |40 |6297 |10 | |
91 |40 |6352 |10 | |
91 |40 |6390 |10 | |
91 |40 |6431 |10 | |
91 |40 |6457 |10 | |
91 |40 |6773.2 |9 | |
91 |40 |7014.3 |9 | |
91 |40 |7194.4 |5 |1/2+ |
91 |40 |7198.7188 |4 |1/2 |
91 |40 |7198.86427 |6 |3/2 |
91 |40 |7202.0805 |2 |3/2 |
91 |40 |7203.6578 |4 |1/2 |
91 |40 |7204.39652 |7 |1/2 |
91 |40 |7206.97387 |2 |1/2 |
91 |40 |7207.16354 |7 |1/2 |
91 |40 |7207.20615 |1 |1/2 |
91 |40 |7208.118 |3 |1/2 |
91 |40 |7208.19616 |1 |1/2 |
91 |40 |7211.608 |1 |1/2 |
91 |40 |7211.64354 |2 |1/2 |
91 |40 |7211.6926 |1 |1/2 |
91 |40 |7212.11 |2 |1/2 |
91 |40 |7213.76964 |1 |1/2 |
91 |40 |7213.788 |2 |1/2 |
91 |40 |7213.8 |9 | |
91 |40 |7214.396 |2 |1/2 |
91 |40 |7221.078 |3 |3/2 |
91 |40 |7221.146 |1 |3/2 |
91 |40 |7223.410 |3 |3/2 |
91 |40 |7229.867 |4 |1/2 |
91 |40 |7233.973 |3 |3/2 |
91 |40 |7234.86 |1 |1/2 |
91 |40 |7235.84 |1 |3/2 |
91 |40 |7236.5076 |1 |3/2 |
91 |40 |7236.65 |6 |1/2 |
91 |40 |7236.888 |6 |1/2 |
91 |40 |7237.071 |20 |1/2 |
91 |40 |7239.229 |8 |3/2 |
91 |40 |7247.579 |7 |1/2 |
91 |40 |7247.685 |8 |1/2 |
91 |40 |7247.982 |1 |1/2 |
91 |40 |7248.656 |1 |1/2 |
91 |40 |7248.847 |1 |1/2 |
91 |40 |7250.09 |2 |1/2 |
91 |40 |7250.80 |1 |1/2 |
91 |40 |7252.055 |4 |1/2 |
91 |40 |7252.570 |8 |1/2 |
91 |40 |7256.1198 |2 |3/2 |
91 |40 |7256.624 |2 |1/2 |
91 |40 |7258.1392 |3 |1/2 |
91 |40 |7259.14 |6 |1/2 |
91 |40 |7259.36 |2 |3/2 |
91 |40 |7259.544 |2 |1/2 |
91 |40 |7262.737 |7 |3/2 |
91 |40 |7264.96 |8 |1/2 |
91 |40 |7266.57 |5 |3/2 |
91 |40 |7267.42 |5 |1/2 |
91 |40 |7268.57 |5 |3/2 |
91 |40 |7269.59 |5 | |
91 |40 |7270.06 |5 | |
91 |40 |7273.70 |5 | |
91 |40 |7274.18 |5 | |
91 |40 |7274.46 |8 | |
91 |40 |7275.48 |8 | |
91 |40 |7276.16 |5 |3/2 |
91 |40 |7277.22 |5 |[1/2] |
91 |40 |7279.69 |5 |1/2 |
91 |40 |7284.28 |5 |1/2 |
91 |40 |7286.77 |5 |3/2 |
91 |40 |7288.16 |5 |(1/2) |
91 |40 |7288.68 |5 | |
91 |40 |7289.63 |5 |3/2 |
91 |40 |7291.17 |95 |3/2 |
91 |40 |7292.99 |5 |3/2 |
91 |40 |7294.20 |10 |3/2 |
91 |40 |7298.45 |10 |1/2 |
91 |40 |7298.94 |10 |3/2 |
91 |40 |7302.01 |20 | |
91 |40 |7302.90 |10 |3/2 |
91 |40 |7303.89 |10 |3/2 |
91 |40 |7305.08 |10 |3/2 |
91 |40 |7307.75 |10 |1/2 |
91 |40 |7312.39 |10 |1/2 |
91 |40 |7315.06 |10 |(3/2) |
91 |40 |7315.76 |10 |[3/2] |
91 |40 |7316.15 |10 | |
91 |40 |7317.74 |10 |1/2 |
91 |40 |7320.21 |10 | |
91 |40 |7320.70 |10 |3/2 |
91 |40 |7323.08 |10 |1/2 |
91 |40 |7323.77 |10 | |
91 |40 |7324.36 |10 | |
91 |40 |7325.05 |10 |3/2 |
91 |40 |7327.13 |10 | |
91 |40 |7327.53 |10 |3/2 |
91 |40 |7332.47 |10 |3/2 |
91 |40 |7337.61 |10 |1/2 |
91 |40 |7338.70 |10 | |
91 |40 |7341.57 |10 | |
91 |40 |7343.55 |10 |1/2 |
91 |40 |7344.44 |10 |1/2 |
91 |40 |7348.8 |5 |1/2 |
91 |40 |7349.8 |5 |3/2 |
91 |40 |7352.85 |10 |1/2 |
91 |40 |7353.14 |10 | |
91 |40 |7354.23 |10 |[3/2] |
91 |40 |7356.41 |10 |1/2 |
91 |40 |7357.39 |10 |1/2 |
91 |40 |7359.37 |10 |3/2 |
91 |40 |7361.85 |10 |1/2 |
91 |40 |7365.41 |10 |3/2 |
91 |40 |7367.5 |11 | |
91 |40 |7369.06 |10 |1/2 |
91 |40 |7370.55 |10 |3/2 |
91 |40 |7372.72 |10 |[1/2] |
91 |40 |7374.41 |10 |3/2 |
91 |40 |7377.17 |10 |3/2 |
91 |40 |7378.86 |10 |1/2 |
91 |40 |7381.23 |20 | |
91 |40 |7381.92 |20 | |
91 |40 |7382.71 |10 |1/2 |
91 |40 |7385.58 |10 |1/2 |
91 |40 |7386.17 |10 |1/2 |
91 |40 |7391.12 |10 |1/2 |
91 |40 |7392.70 |10 | |
91 |40 |7394.48 |10 | |
91 |40 |7396.66 |10 | |
91 |40 |7399.43 |10 | |
91 |40 |7400.42 |10 | |
91 |40 |7400.71 |10 |1/2 |
91 |40 |7403.68 |20 |3/2 |
91 |40 |7407.54 |20 |3/2 |
91 |40 |7411.7 |3 |1/2 |
91 |40 |7412.8 |3 |3/2 |
91 |40 |7415.3 |3 |1/2 |
91 |40 |7416.0 |3 |[3/2] |
91 |40 |7419.70 |20 |3/2 |
91 |40 |7423.56 |20 |1/2 |
91 |40 |7430.4 |5 |3/2 |
91 |40 |7432.3 |5 |1/2 |
91 |40 |7436.61 |20 | |
91 |40 |7438.89 |20 | |
91 |40 |7440.67 |20 |1/2 |
91 |40 |7445.91 |20 |3/2 |
91 |40 |7448.09 |20 |1/2 |
91 |40 |7456.00 |20 |1/2 |
91 |40 |7456.89 |20 |1/2 |
91 |40 |7464.2 |3 |3/2 |
91 |40 |7464.6 |3 |1/2 |
91 |40 |7472.5 |3 |[3/2] |
91 |40 |7475.9 |3 | |
91 |40 |7478.8 |3 |3/2 |
91 |40 |7481.1 |3 |3/2 |
91 |40 |7482.6 |3 | |
91 |40 |7485.4 |3 |3/2 |
91 |40 |7492.5 |3 |1/2 |
91 |40 |7645.3 |10 | |
91 |40 |7665.5 |10 | |
91 |40 |8359.3 |11 | |
91 |40 |8471.3 |11 | |
91 |40 |8627.8 |12 | |
91 |40 |8889.2 |11 | |
91 |40 |9132.3 |12 | |
91 |40 |9188.3 |14 | |
91 |40 |9465.2 |15 | |
91 |40 |9596.2 |15 | |
91 |40 |10068.3 |14 | |
91 |40 |10442.3 |14 | |
91 |40 |10531.2 |18 | |
91 |40 |10659.2 |18 | |
91 |40 |11063.2 |21 | |
91 |40 |11165.3 |20 | |
91 |40 |11639.3 |22 | |
91 |40 |12136.4 |22 | |
91 |40 |12773.4 |23 | |
91 |40 |14.40E3 |15 | |
92 |40 |0.0 | |0+ |STABLE
92 |40 |934.51 |4 |2+ |5.0 PS 4
92 |40 |1382.77 |7 |0+ |88 PS 3
92 |40 |1495.46 |5 |4+ |102 PS 3
92 |40 |1847.27 |4 |2+ |96 FS 10
92 |40 |2066.65 |5 |2+ |0.76 PS GT
92 |40 |2182 |10 |(2+) |
92 |40 |2339.66 |4 |3- |0.28 PS 3
92 |40 |2398.36 |6 |4+ |149 FS 16
92 |40 |2473.4 |5 |(2) |
92 |40 |2486.01 |9 |5- |3.5 NS LE
92 |40 |2666 |30 | |
92 |40 |2743.55 |7 |4- |2.63 PS GT
92 |40 |2752 |11 |3- |
92 |40 |2819.54 |7 |2+ |64 FS 7
92 |40 |2864.66 |9 |4+ |0.24 PS 3
92 |40 |2904.08 |18 |0+ |0.83 PS +57-24
92 |40 |2909.43 |7 |3+ |216 FS 24
92 |40 |2957.4 |3 |6+ |3.5 NS LE
92 |40 |3039.70 |6 |3 |91 FS 10
92 |40 |3057.40 |13 |2+ |98 FS 10
92 |40 |3124.61 |11 |1(+) |58 FS 6
92 |40 |3178.31 |11 |4+ |54 FS 6
92 |40 |3190.99 |21 |(4-) |153 FS 18
92 |40 |3236.9 |6 |4+ |
92 |40 |3262.62 |4 |2+ |12.5 FS 14
92 |40 |3275.76 |8 |2+,3+ |53 FS 6
92 |40 |3289.13 |7 |3+ |174 FS 19
92 |40 |3304 |10 |6+ |
92 |40 |3308.7 |4 |(8+) |1.18 NS 7
92 |40 |3325 |8 |(+) |
92 |40 |3345 |20 |5- |
92 |40 |3371.48 |8 |1(-) |27 FS 3
92 |40 |3379.8 |10 |(7-) |3.5 NS LE
92 |40 |3382 |20 |3- |
92 |40 |3407.83 |17 |2-,3- |0.30 PS 4
92 |40 |3446 |14 |3- |
92 |40 |3452.17 |7 |(2)+ |58 FS 6
92 |40 |3463.04 |15 |(4)+ |137 FS +21-17
92 |40 |3471.88 |16 |1+ |5.3 FS 6
92 |40 |3491 |20 |(3-) |
92 |40 |3499.88 |10 |2+ |53 FS 5
92 |40 |3589 |10 |0+ |
92 |40 |3602 |9 |(5-) |
92 |40 |3609.5 |4 |(0+) |151 FS +26-23
92 |40 |3628.33 |7 |(4+) |26 FS 3
92 |40 |3638.2 |3 |1- |8.4 FS 11
92 |40 |3640.28 |11 |(2)+ |128 FS 15
92 |40 |3649.22 |12 |3+ |56 FS 7
92 |40 |3667.1 |10 |1 |
92 |40 |3675.8 |4 |3+,4+,5+ |116 FS +24-20
92 |40 |3696.8 |4 |1(+) |17.3 FS 28
92 |40 |3704 |7 |(4)+ |
92 |40 |3725 |9 |+ |
92 |40 |3760 |10 |2+ |
92 |40 |3767 |20 |5- |
92 |40 |3774.6 |3 |(1,2+) |17 FS 5
92 |40 |3783 |7 |(4)+ |
92 |40 |3804.7 |5 |(4) |9 FS +6-5
92 |40 |3814 |10 |(4)+ |
92 |40 |3819.4 |12 |(8-) |3.5 NS LE
92 |40 |3830.31 |9 |(1-,2+) |
92 |40 |3891 |10 | |
92 |40 |3902 |10 | |
92 |40 |3915 |1 |1 |
92 |40 |3944 |20 |5- |
92 |40 |3971 |10 | |
92 |40 |3983 |10 | |
92 |40 |3992 |10 |0+ |
92 |40 |3998.7 |12 |(9-) |3.5 NS LE
92 |40 |4012 |10 |+ |
92 |40 |4040 |7 |4+ |
92 |40 |4082 |7 |4+ |
92 |40 |4142 |10 |2+,3+ |
92 |40 |4161 |10 |4+ |
92 |40 |4181 |20 |3- |
92 |40 |4183 |10 |(+) |
92 |40 |4213 |11 |2+,3+ |
92 |40 |4256 |10 |4+ |
92 |40 |4270 | |(5-) |
92 |40 |4283 |10 |0+ |
92 |40 |4296.6 |4 |(10+) |3.5 NS LE
92 |40 |4332 |10 |2+ |
92 |40 |4380 | |(4+) |
92 |40 |4397 |20 |2+ |
92 |40 |4453 |11 |(2)+ |
92 |40 |4465 |11 |4+ |
92 |40 |4494 |11 | |
92 |40 |4504 |11 | |
92 |40 |4539 |20 |3- |
92 |40 |4604 |12 |+ |
92 |40 |4606 |20 |(5-) |
92 |40 |4640 |12 |- |
92 |40 |4670 |12 |+ |
92 |40 |4720 |10 |(2+,3+) |
92 |40 |4785 |10 |(2+,3+) |
92 |40 |4807 |20 |(3-) |
92 |40 |4813 |12 | |
92 |40 |4821 |12 | |
92 |40 |4847 |12 |(-) |
92 |40 |4894 |12 |(+) |
92 |40 |4928 |10 |5- |
92 |40 |4947.2 |7 |(12+) |3.5 NS LE
92 |40 |4977 |12 | |
92 |40 |4982 |12 | |
92 |40 |5012 |11 |- |
92 |40 |5040 |13 |(-) |
92 |40 |5056 |20 |4+ |
92 |40 |5067 |13 |2+,3+ |
92 |40 |5091 |13 |+ |
92 |40 |5115 |11 |(4)+ |
92 |40 |5197 |13 | |
92 |40 |5215 |13 | |
92 |40 |5278 |13 | |
92 |40 |5310 |13 |(2+,3+) |
92 |40 |5358 |13 |- |
92 |40 |5455 |20 | |
92 |40 |5490 | |(0+) |
92 |40 |5537 |20 | |
92 |40 |5581 |20 |(2+) |
92 |40 |5680 | |(4+) |
92 |40 |5685 |20 |3- |
92 |40 |5885 |20 |3- |
92 |40 |6045.5 |12 |(14+) |
92 |40 |6056 | |3- |
92 |40 |6125 |20 | |
92 |40 |6187 | |3- |
92 |40 |6240 | |(4+) |
92 |40 |6334 | |3- |
92 |40 |6436 | |3- |
92 |40 |6990 |90 | |
92 |40 |7.0E+03 |4 | |
92 |40 |7.4E+3 |1 | |
92 |40 |7445.8 |16 |(16+) |
92 |40 |8039.1 |19 |(17,18+) |42 PS 14
92 |40 |8634.82 |8 |2+ |
92 |40 |8.8E+03 |2 |1+ |1.4 MEV 2
92 |40 |9127.5 |19 |(18+) |
92 |40 |9722.2 |22 |(20) |
92 |40 |13.2E+3 |1 |2+ |3.8 MEV 2
92 |40 |13.7E+3 |5 |2+ AND 4+ |
92 |40 |15.7E+3 |1 |0+ |4.0 MEV 2
92 |40 |16.20E3 |5 |1- |4.68 MEV
92 |40 |17.5E+3 |3 |0+ AND 4+ |3.3 MEV
92 |40 |25.1E+3 |3 |3- |6.3 MEV 3
92 |40 |28.1E+3 |3 |2+ |5.9 MEV 2
93 |40 |0.0 | |5/2+ |1.61E+6 Y 5
93 |40 |266.82 |5 |3/2+ |1.45 NS 5
93 |40 |947.09 |8 |1/2+ |
93 |40 |949.8 |6 |(9/2+) |
93 |40 |1018 | |1/2+ |
93 |40 |1168.62 |20 |1/2+ |
93 |40 |1222 | |1/2+ |
93 |40 |1425.27 |14 |3/2+,5/2+ |
93 |40 |1450.42 |8 |(1/2+,3/2,5/2+) |
93 |40 |1463 |5 |7/2+,9/2+ |
93 |40 |1470.11 |7 |(1/2+,3/2,5/2+) |
93 |40 |1598 |5 |7/2+,9/2+ |
93 |40 |1642 | |3/2+,5/2+ |
93 |40 |1735 | | |
93 |40 |1909.51 |11 |1/2+ |
93 |40 |1917.9 |6 |(1/2,3/2,5/2+) |
93 |40 |2025 |10 |9/2-,11/2- |
93 |40 |2040 |8 |7/2+,9/2+ |
93 |40 |2047 | | |
93 |40 |2075 | | |
93 |40 |2078 |6 |7/2+,9/2+ |
93 |40 |2094.64 |21 |1/2+ |
93 |40 |2184.58 |7 |(1/2+,3/2) |
93 |40 |2276 | | |
93 |40 |2284.3 |8 |(13/2+) |
93 |40 |2302 |10 | |
93 |40 |2363 |10 |9/2-,11/2- |
93 |40 |2374.6 |8 |(11/2-) |
93 |40 |2391 | |1/2+ |
93 |40 |2457.50 |18 |(1/2+,3/2) |
93 |40 |2473.84 |20 | |
93 |40 |2485.7 |9 |(15/2-) |
93 |40 |2531.4 |5 |3/2+,5/2+ |
93 |40 |2548 | |3/2+,5/2+ |
93 |40 |2600.8 |11 | |
93 |40 |2638 |10 |7/2+,9/2+ |
93 |40 |2662 |10 |9/2-,11/2- |
93 |40 |2716 |10 |9/2-,11/2- |
93 |40 |2770 |10 |(3/2)+ |
93 |40 |2774.3 |8 |(13/2+) |
93 |40 |2873 |10 |9/2-,11/2- |
93 |40 |2919 |10 |(3/2+,5/2+) |
93 |40 |2989.6 |8 |(15/2+,17/2+) |
93 |40 |2991 |10 |7/2+,9/2+ |
93 |40 |3044 |10 |7/2+,9/2+ |
93 |40 |3077 | |1/2+ |
93 |40 |3184 |10 |3/2+,5/2+ |
93 |40 |3215 |10 |1/2-,3/2- |
93 |40 |3230 |12 |7/2+,9/2+ |
93 |40 |3264.8 |10 |(17/2+,21/2+) |
93 |40 |3274.5 |6 |3/2+,5/2+ |
93 |40 |3322 |10 |7/2+,9/2+ |
93 |40 |3330.5 |11 |(19/2+) |
93 |40 |3363 | |1/2-,3/2- |
93 |40 |3391 |10 |3/2+,5/2+ |
93 |40 |3421 | |5/2-,7/2- |
93 |40 |3486 | |1/2-,3/2- |
93 |40 |3576 | |5/2-,7/2- |
93 |40 |3604.6 |12 | |
93 |40 |3649 | |1/2-,3/2- |
93 |40 |3656.6 |11 |(21/2+) |
93 |40 |3697 |10 |3/2+,5/2+ |
93 |40 |3791 |10 |(3/2+,5/2+) |
93 |40 |3830 |40 |7/2+,9/2+ |
93 |40 |3870 |10 |9/2-,11/2- |
93 |40 |3910 |10 |(3/2+,5/2+) |
93 |40 |3966 | |5/2-,7/2- |
93 |40 |3989 |10 |(3/2+,5/2+) |
93 |40 |4035 |10 |7/2+,9/2+ |
93 |40 |4061 | |5/2-,7/2- |
93 |40 |4118 |10 |9/2-,11/2- |
93 |40 |4141 | |5/2-,7/2- |
93 |40 |4218 | | |
93 |40 |4282 | |5/2-,7/2- |
93 |40 |4419 |10 |5/2-,7/2- |
93 |40 |4486.4 |13 |(23/2+) |
93 |40 |4618 | | |
93 |40 |4691 |10 |5/2-,7/2- |
93 |40 |4716.3 |13 |(25/2+) |
93 |40 |4785 | |1/2-,3/2- |
93 |40 |4840 | |5/2-,7/2- |
93 |40 |4932 |10 | |
93 |40 |5478.8 |14 | |
93 |40 |5487.9 |14 | |
93 |40 |6646.6 |16 | |
93 |40 |7294.1 |17 | |
94 |40 |0.0 | |0+ |STABLE
94 |40 |918.75 |5 |2+ |6.9 PS 15
94 |40 |1300.19 |12 |0+ |0.291 NS 11
94 |40 |1469.62 |10 |4+ |0.500 NS 13
94 |40 |1671.41 |7 |2+ |
94 |40 |2057.63 |10 |3- |
94 |40 |2151.31 |20 |2+ |
94 |40 |2329.9 |4 |4+ |
94 |40 |2366.12 |14 |2+ |
94 |40 |2401 |6 | |
94 |40 |2507.7 |5 |(3)+ |
94 |40 |2605.0 |5 |5- |
94 |40 |2698.5 |10 |(1,2,3) |
94 |40 |2719 | | |
94 |40 |2769 | | |
94 |40 |2826.0 |6 |(2,3) |
94 |40 |2846.3 |3 |(1-) |
94 |40 |2860.6 |11 |4+ |
94 |40 |2888.2 |17 |4+ |
94 |40 |2908.05 |20 |(2+) |
94 |40 |2925 |5 |(1-,3-,4+) |
94 |40 |2945.0 |4 |5- |
94 |40 |3014 |8 | |
94 |40 |3030 |6 | |
94 |40 |3059.31 |17 |(1,2,3)+ |
94 |40 |3142.4 |4 |(6+) |
94 |40 |3156.4 |9 |(4+) |
94 |40 |3219.42 |13 |(1,2,3) |
94 |40 |3281 |6 |(2+) |
94 |40 |3316 |6 | |
94 |40 |3331 |6 |(5-) |
94 |40 |3361.16 |18 |(1,2,3) |
94 |40 |3407 |6 |(3-,4+) |
94 |40 |3442.5 |5 |(7-) |
94 |40 |3482 |8 | |
94 |40 |3560 |7 |(4+) |
94 |40 |3594.8 |6 | |
94 |40 |3598 |7 |(5-) |
94 |40 |3631.6 |4 |(8+) |
94 |40 |3686 |7 | |
94 |40 |3724.9 |6 |(2,3,4)+ |
94 |40 |3776 |7 |(0+) |
94 |40 |3840 |7 | |
94 |40 |3884 |7 | |
94 |40 |3897 |7 |(4+) |
94 |40 |3961.8 |3 |(2)+ |
94 |40 |4002.2 |15 |(1,2)+ |
94 |40 |4052.4 |15 |(1,2)+ |
94 |40 |4081 |8 |(3-) |
94 |40 |4098.5 |15 |(1,2)+ |
94 |40 |4149 |8 |(7-) |
94 |40 |4198.8 |3 |(1,2)+ |
94 |40 |4224.2 |7 | |
94 |40 |4237.6 |4 |(1,2,3)+ |
94 |40 |4340 |8 |(4+) |
94 |40 |4369.8 |8 | |
94 |40 |4479.3 |5 |(10+) |
94 |40 |4637.9 |8 |(1,2,3)+ |
94 |40 |4669.8 |8 |(1-,2-,3-) |
94 |40 |4812.4 |6 |(12+) |
94 |40 |5490.9 |6 |(11+) |
94 |40 |5804.5 |7 |(12+) |
94 |40 |6006.8 |7 |(13+) |
94 |40 |6371.7 |8 |(14) |
94 |40 |7055.0 |9 |(15) |
94 |40 |7791.8 |10 |(16) |
95 |40 |0.0 | |5/2+ |64.032 D 6
95 |40 |953.97 |13 |1/2+ |
95 |40 |1140 |50 |3/2+,5/2+ |
95 |40 |1323.80 |13 |3/2+,5/2+ |
95 |40 |1618.35 |22 |(3/2)+ |
95 |40 |1624.7 |3 | |
95 |40 |1676.32 |19 |(7/2+) |
95 |40 |1721.50 |21 |(5/2)+ |
95 |40 |1792.2 |3 |(9/2+) |
95 |40 |1892.66 |18 |3/2+ |
95 |40 |1903.97 |20 |1/2(+),3/2,5/2+ |
95 |40 |1940.24 |20 |1/2(+),3/2,5/2+ |
95 |40 |1955.92 |15 |5/2(+) |
95 |40 |2021.6 |3 |(11/2-) |
95 |40 |2120 |50 | |
95 |40 |2250 |8 |7/2+,9/2+ |
95 |40 |2253.7 |3 |(1/2+,3/2,5/2+) |
95 |40 |2293.7 |8 |3/2+,5/2+ |
95 |40 |2317 |10 |(3/2+) |
95 |40 |2372.27 |19 |3/2+ |
95 |40 |2466 |7 |7/2+,9/2+ |
95 |40 |2510 |40 |3/2+,5/2+ |
95 |40 |2629.1 |3 |(11/2+) |
95 |40 |2636 |7 |(3/2+) |
95 |40 |2744 |10 |(7/2)+ |
95 |40 |2770 | |7/2+ |
95 |40 |2816 |12 |1/2-,3/2- |
95 |40 |2837.2 |3 |(13/2+) |
95 |40 |2841 |12 |(3/2+) |
95 |40 |2880 |12 |7/2+,9/2+ |
95 |40 |2948 |10 |7/2+,9/2+ |
95 |40 |2983 |5 |3/2+,5/2+ |
95 |40 |3009 |6 |(3/2+) |
95 |40 |3062 |8 |3/2+,5/2+ |
95 |40 |3078.2 |4 |(15/2-) |
95 |40 |3102 |12 |9/2+ |
95 |40 |3117 |10 |11/2- |
95 |40 |3117.5 |4 | |
95 |40 |3129.55 |16 |1/2-,3/2- |
95 |40 |3152 |12 | |
95 |40 |3180.7 |6 |(15/2-) |
95 |40 |3205 |10 |3/2+,5/2+ |
95 |40 |3249.10 |18 |(3/2)- |
95 |40 |3250 |12 |9/2+ |
95 |40 |3300 |10 |1/2+ |
95 |40 |3320 |30 |9/2+ |
95 |40 |3330 |10 |11/2- |
95 |40 |3386 |12 |7/2+,9/2+ |
95 |40 |3398.7 |4 |(17/2+) |
95 |40 |3420 |10 |9/2-,11/2- |
95 |40 |3451.15 |20 |1/2(+),3/2 |
95 |40 |3458 |12 |7/2+,9/2+ |
95 |40 |3528 |10 |3/2+,5/2+ |
95 |40 |3575.83 |18 |(3/2)- |
95 |40 |3586.3 |3 |1/2-,3/2- |
95 |40 |3650 |10 |9/2+ |
95 |40 |3662 |10 |11/2- |
95 |40 |3684.89 |22 |1/2-,3/2- |
95 |40 |3780 |12 |7/2+,9/2+ |
95 |40 |3810 |10 | |
95 |40 |3855 |10 | |
95 |40 |3887.0 |5 |1/2(+),3/2 |
95 |40 |3900 |12 |7/2+,9/2+ |
95 |40 |3926.1 |20 |1/2+ |
95 |40 |3955.0 |4 |(19/2-) |
95 |40 |4058.0 |5 |(21/2+) |
95 |40 |4068 |10 |(7/2+,9/2+) |
95 |40 |4070.5 |4 |(3/2)- |
95 |40 |4236.1 |6 | |
95 |40 |4300 |12 |7/2+,9/2+ |
95 |40 |4483.5 |5 |(23/2+) |
95 |40 |4580 |12 |7/2+,9/2+ |
95 |40 |4661.6 |5 |(25/2+) |
95 |40 |4932.3 |6 | |
95 |40 |5389.3 |6 |(25/2+) |
95 |40 |5660.7 |7 |(27/2+) |
95 |40 |6464.8 |6 |1/2+ |
95 |40 |6486.8 |4 |1/2-,3/2- |
95 |40 |6561.8 |7 |(31/2+) |
95 |40 |14980 |20 |1/2- |32 KEV 10
95 |40 |15640 |20 |3/2- |70 KEV 10
95 |40 |15790 |20 |5/2- |55 KEV 10
95 |40 |17000 |20 |3/2- |90 KEV 10
96 |40 |0.0 | |0+ |2.0E+19 Y 4
96 |40 |1581.64 |6 |0+ |38.0 NS 7
96 |40 |1750.497 |15 |2+ |0.57 PS 7
96 |40 |1897.158 |16 |3- |68 PS 4
96 |40 |2225.846 |17 |2+ |10 PS LT
96 |40 |2438.746 |18 |3+ |0.38 PS +19-10
96 |40 |2668.82 |4 |(2+) |0.24 PS +32-10
96 |40 |2695.18 |3 |0+ |28 PS 7
96 |40 |2750 |15 |4+ |
96 |40 |2781.2 |10 | |
96 |40 |2857.373 |23 |4+ |0.60 PS +46-18
96 |40 |2925.55 |3 |0+ |20 PS 14
96 |40 |3039 |5 |3- |
96 |40 |3082.36 |3 |4+ |1.4 PS GT
96 |40 |3119.87 |3 |5- |0.58 PS +68-21
96 |40 |3150.28 |3 |3- |0.54 PS GT
96 |40 |3176.43 |3 |4+ |0.39 PS +59-28
96 |40 |3211.84 |4 |2+ |0.090 PS +21-14
96 |40 |3243.61 |7 | |0.097 PS GT
96 |40 |3248.63 |5 |2+ |0.19 PS +5-4
96 |40 |3309.19 |9 |(4+,5+,6+) |
96 |40 |3363.30 |4 | |
96 |40 |3399 |11 |(4+) |
96 |40 |3427 |5 |4+ |
96 |40 |3448.72 |8 |(2+) |0.66 PS GT
96 |40 |3450.16 |17 | |
96 |40 |3457 |2 |(6+) |
96 |40 |3472.14 |7 |2+ |0.15 PS +4-2
96 |40 |3483.44 |9 |6+ |25 PS 9
96 |40 |3509.16 |7 |2+ |0.104 PS 21
96 |40 |3556.18 |8 |2+ |0.16 PS 4
96 |40 |3577.62 |5 | |
96 |40 |3586 |2 |(4-) |
96 |40 |3602.17 |20 |(1,2+) |0.19 PS +19-7
96 |40 |3608 |15 |(5-,6+) |
96 |40 |3611 |5 | |
96 |40 |3620.73 |7 |(1,2+) |0.005 PS 3
96 |40 |3630 |20 |(6+) |
96 |40 |3676 |5 | |
96 |40 |3695 |5 | |
96 |40 |3700.68 |10 |(1,2+) |0.006 PS 3
96 |40 |3732 | | |
96 |40 |3749.38 |10 |4+ |0.26 PS GT
96 |40 |3761 |8 |2+ |
96 |40 |3772.2 |4 |6+ |
96 |40 |3833 | |4+ |
96 |40 |3857.48 |20 |2+ |0.055 PS +21-14
96 |40 |3865.16 |10 | |
96 |40 |3895 |5 |4+ |
96 |40 |3924.6 |10 | |
96 |40 |3947.19 |10 |(1,2+) |0.010 PS +6-4
96 |40 |3997 | |(2+) |
96 |40 |4014.07 |20 |5- |
96 |40 |4024.5 |8 | |
96 |40 |4034 |8 |3- |
96 |40 |4037.89 |20 |(1,2+) |0.007 PS +6-5
96 |40 |4038 |5 | |
96 |40 |4055 |5 |2+ |
96 |40 |4068 |2 |(1-) |
96 |40 |4126.3 |10 |(4+) |
96 |40 |4132.4 |3 |(1,2+) |0.017 PS LT
96 |40 |4139 |5 |3- |
96 |40 |4160 | |5- |
96 |40 |4205 |5 |4+ |
96 |40 |4234.7 |5 |7- |
96 |40 |4258.0 |4 |3- |
96 |40 |4261.3 |5 |(5+,6+) |
96 |40 |4323 |8 |(3-) |
96 |40 |4341 |7 |2+ |
96 |40 |4389.5 |5 |8+ |127 PS 10
96 |40 |4390 | |(4+) |
96 |40 |4430 |5 |6+ |
96 |40 |4470 | |5- |
96 |40 |4479 |5 |4+ |
96 |40 |4512.5 |7 |(1,2+) |
96 |40 |4520 | |(4+) |
96 |40 |4531 |6 |3- |
96 |40 |4570.1 |8 |(5-,6+) |
96 |40 |4580 | |4+ |
96 |40 |4640 |8 | |
96 |40 |4689.7 |11 | |
96 |40 |4698 |5 |2+ |
96 |40 |4737.5 |8 |(1,2+) |
96 |40 |4751.5 |7 |(7,8+) |
96 |40 |4757.2 |8 | |
96 |40 |4807 |5 |3- |
96 |40 |4837.75 |20 |(1-,2+) |
96 |40 |4845.4 |14 | |
96 |40 |4881.9 |10 | |
96 |40 |4895.2 |7 |(1,2+) |
96 |40 |4906.9 |8 |(10+) |
96 |40 |4914.1 |10 |(1,2+) |
96 |40 |4929.1 |9 |(1,2+) |
96 |40 |4979 |5 | |
96 |40 |5014 |5 | |
96 |40 |5065 |5 | |
96 |40 |5066.2 |6 |(7+,8+) |
96 |40 |5103 |15 | |
96 |40 |5117.8 |11 | |
96 |40 |5196.9 |10 | |
96 |40 |5228.5 |6 |(1,2+) |
96 |40 |5235.3 |8 |(7,8+) |
96 |40 |5245 |5 | |
96 |40 |5272.0 |6 |(1,2+) |
96 |40 |5312.5 |7 | |
96 |40 |5329 |5 |4+ |
96 |40 |5371 |15 |4+ |
96 |40 |5384 |5 | |
96 |40 |5408.3 |7 | |
96 |40 |5443.1 |5 |(1,2+) |
96 |40 |5483.8 |11 |(10+) |
96 |40 |5502.2 |8 |(1,2+) |
96 |40 |5507.6 |5 |(7+,8+) |
96 |40 |5538.9 |6 |(1,2+) |
96 |40 |5551.6 |6 |(1,2+) |
96 |40 |5573.9 |6 |(1,2+) |
96 |40 |5601.5 |6 |(1,2+) |
96 |40 |5625.9 |10 | |
96 |40 |5628.9 |11 | |
96 |40 |5652.9 |10 | |
96 |40 |5701.3 |6 | |
96 |40 |5719.1 |8 |(1,2+) |
96 |40 |5737.7 |13 |(11+) |
96 |40 |5741.5 |10 | |
96 |40 |5783.1 |8 |(1,2+) |
96 |40 |5804.5 |7 |(1,2+) |
96 |40 |5838.3 |10 |(1,2+) |
96 |40 |5847.5 |6 |(1,2+) |
96 |40 |5899.8 |11 | |
96 |40 |5914.7 |6 |(1,2+) |
96 |40 |5934.6 |6 |(1,2+) |
96 |40 |6143.6 |8 |(1,2+) |
96 |40 |6231.6 |11 |(1,2+) |
96 |40 |6245.7 |16 |(12+) |
96 |40 |6460.5 |19 |(13+) |
97 |40 |0.0 | |1/2+ |16.749 H 8
97 |40 |1103.13 |12 |3/2+ |
97 |40 |1264.35 |16 |7/2+ |102.8 NS 24
97 |40 |1400.02 |12 |(3/2+,5/2+) |
97 |40 |1806.91 |17 |(7/2-) |
97 |40 |1848 |5 |(7/2+,9/2+) |
97 |40 |1859.14 |17 |(3/2+,5/2+) |8.9 PS LT
97 |40 |1996.41 |19 |(5/2+) |2 PS LT
97 |40 |2057.6 |3 |(5/2+) |
97 |40 |2234.36 |18 |(7/2)+ |
97 |40 |2263.63 |21 |(11/2-) |1.7 NS 3
97 |40 |2338.00 |25 |(7/2,9/2) |
97 |40 |2508.55 |21 |(7/2+,9/2+) |
97 |40 |2592.8 |3 | |
97 |40 |2624.9 |3 | |
97 |40 |2626.0 |4 |(7/2+) |
97 |40 |2629 |20 | |
97 |40 |2742.98 |24 |(1/2,3/2) |
97 |40 |2813.7 |6 |(7/2,9/2,11/2) |
97 |40 |2830 | |(1/2-,3/2-) |
97 |40 |2839.0 |4 |(7/2+,9/2,11/2+) |
97 |40 |2870.0 |5 |(7/2,9/2,11/2+) |
97 |40 |3014 |10 | |
97 |40 |3026.2 | | |
97 |40 |3081.6 |3 | |
97 |40 |3135.4 | | |
97 |40 |3145.5 |3 | |
97 |40 |3160 | |1/2-,3/2- |
97 |40 |3161.24 |25 |(7/2+,9/2+) |
97 |40 |3184.6 | | |
97 |40 |3287.64 |20 |(3/2-) |
97 |40 |3401.5 |4 |(3/2-) |6.2 PS LT
97 |40 |3402.2 |8 | |
97 |40 |3424.47 |23 |(7/2-,9/2,11/2+) |
97 |40 |3469.4 | | |
97 |40 |3549.6 |4 |(1/2,3/2) |
97 |40 |3652 |10 | |
97 |40 |3731 |10 |9/2-,11/2- |
97 |40 |3780.4 |4 | |
97 |40 |3874.7 |4 | |
97 |40 |3962.8 |5 |(7/2+,9/2+,11/2+) |
97 |40 |4046.4 |6 |(7/2+) |
97 |40 |4117.8 |4 |(9/2+,11/2+) |
97 |40 |4586 |10 | |
97 |40 |4620.5 |4 |(23/2-) |
97 |40 |4689.6 |5 | |
97 |40 |5570.1 |4 |(25/2-) |
97 |40 |5606.6 |4 |(27/2-) |
97 |40 |6596.9 |4 |(27/2+) |
97 |40 |6763.7 |5 |(29/2-) |
97 |40 |7128.5 |5 |(31/2+) |
97 |40 |7295.9 |5 |(33/2) |
98 |40 |0.0 | |0+ |30.7 S 4
98 |40 |854.02 |14 |0+ |64 NS 7
98 |40 |1222.92 |12 |2+ |0.2 NS LT
98 |40 |1436.08 |14 |0+ |0.86 NS 4
98 |40 |1590.67 |13 |2+ |
98 |40 |1744.19 |15 |2+ |
98 |40 |1806.20 |13 |3- |
98 |40 |1843.45 |12 |(4+) |28 PS 12
98 |40 |1859.26 |15 |0+ |0.283 NS 15
98 |40 |2047.6 |2 |4+ |
98 |40 |2104 | | |
98 |40 |2276.9 |3 |(4+) |
98 |40 |2478.8 |2 |(1:4) |
98 |40 |2487 | | |
98 |40 |2491.02 |13 |(6+) |
98 |40 |2568 | | |
98 |40 |2613 | | |
98 |40 |2796.7 |4 |(1-,2+) |
98 |40 |2800.4 |2 |(5-) |
98 |40 |3035 |8 | |
98 |40 |3064.3 |3 | |
98 |40 |3064.4 |2 |(1,2+) |
98 |40 |3117.4 |2 |(6+) |
98 |40 |3160 |8 | |
98 |40 |3216.7 |4 |(8+) |
98 |40 |3249.0 |5 | |
98 |40 |3271 |8 |(4+) |
98 |40 |3338.3 |4 | |
98 |40 |3354 |8 |(5-) |
98 |40 |3435 |8 |(2+) |
98 |40 |3506.9 |3 |( 4) |
98 |40 |3539 |8 | |
98 |40 |3576.4 |3 | |
98 |40 |3592.7 |3 |(7-) |
98 |40 |3739 |8 | |
98 |40 |3763 |8 | |
98 |40 |3812.6 |3 |(8+) |
98 |40 |3825 |8 | |
98 |40 |3855 |8 | |
98 |40 |3894.4 |5 |(7-) |
98 |40 |3986.5 |5 |(10+) |
98 |40 |4005 |8 |(5-,6+) |
98 |40 |4061 |8 |(6+) |
98 |40 |4097 |8 |(5-,6+) |
98 |40 |4164.60 |15 |(1)- |
98 |40 |4198.8 |5 | |
98 |40 |4225 |8 |(6+) |
98 |40 |4278.1 |6 | |
98 |40 |4292.2 |3 |(5,6) |
98 |40 |4365 |8 | |
98 |40 |4387 |8 | |
98 |40 |4450 |8 |(7-) |
98 |40 |4450.60 |16 |(1)- |
98 |40 |4546.2 |4 | |
98 |40 |4608 |8 | |
98 |40 |4756.4 |6 |(12+) |
98 |40 |4823.5 |6 |(12+) |
98 |40 |5591.6 |7 |(14+) |
98 |40 |6543.6 |7 |(16+) |
99 |40 |0.0 | |(1/2+) |2.1 S 1
99 |40 |121.74 |7 |(3/2+) |1.07 NS 3
99 |40 |251.96 |9 |(7/2+) |293 NS 10
99 |40 |575.69 |7 |(3/2+) |0.33 NS 2
99 |40 |614.14 |11 |(3/2-) |7.0 NS 9
99 |40 |657.90 |8 |(3/2+) |
99 |40 |667.48 |11 |(5/2-) |2.6 NS 14
99 |40 |678.55 |14 |(7/2-) |8.9 NS 12
99 |40 |724.50 |9 |(3/2+,5/2+) |
99 |40 |761.68 |10 |(3/2+,5/2+) |
99 |40 |782.24 |11 |(3/2+) |
99 |40 |821.63 |24 |(11/2-) |
99 |40 |850.49 |16 |(5/2+) |
99 |40 |852.12 |9 |(5/2+) |0.04 NS 1
99 |40 |867.77 |22 |(9/2-) |
99 |40 |885.08 |15 | |
99 |40 |958.73 |15 | |
99 |40 |1005.50 |13 | |
99 |40 |1038.5 |5 |(9/2+) |54 NS 10
99 |40 |1051.14 |18 | |
99 |40 |1064.74 |14 |(3/2+) |
99 |40 |1065.86 |21 |(7/2+) |
99 |40 |1079.09 |12 |(3/2+,5/2+) |
99 |40 |1090.3 |11 |(13/2-) |
99 |40 |1146.48 |18 | |
99 |40 |1154.2 |4 | |
99 |40 |1230.32 |17 | |
99 |40 |1236.6 |11 |(15/2-) |
99 |40 |1255.9 |3 |(11/2+) |
99 |40 |1277.2 |4 | |
99 |40 |1279.5 |8 |(13/2-) |
99 |40 |1322.8 |7 |(9/2+) |
99 |40 |1326.7 |4 | |
99 |40 |1433.08 |18 | |
99 |40 |1444.9 |4 | |
99 |40 |1507.4 |7 |(13/2+) |
99 |40 |1585.5 |8 |(11/2+) |
99 |40 |1587.82 |11 |(3/2+,5/2+) |
99 |40 |1670.3 |4 | |
99 |40 |1699.61 |22 | |
99 |40 |1716.09 |24 | |
99 |40 |1790.7 |8 |(15/2+) |
99 |40 |1802.6 |15 |(19/2-) |
99 |40 |1834.30 |23 |(3/2,5/2) |
99 |40 |1883.5 |13 |(17/2-) |
99 |40 |1892.8 |12 |(13/2+) |
99 |40 |1925.1 |3 | |
99 |40 |2079.2 |3 | |
99 |40 |2104.6 |9 |(17/2+) |
99 |40 |2209.7 |13 |(15/2+) |
99 |40 |2296.9 |3 | |
99 |40 |2400.68 |16 |(3/2+,5/2+) |
99 |40 |2447.1 |11 |(19/2+) |
99 |40 |2448.50 |19 |(3/2+,5/2+) |
99 |40 |2484.2 |7 | |
99 |40 |2516.7 |18 |(23/2-) |
99 |40 |2556.8 |16 |(17/2+) |
99 |40 |2657.5 |16 |(21/2-) |
99 |40 |2816.9 |12 |(21/2+) |
99 |40 |2935.7 |17 |(19/2+) |
99 |40 |3215.1 |15 |(23/2+) |
99 |40 |3301.8 |19 |(21/2+) |
99 |40 |3360.7 |21 |(27/2-) |
99 |40 |3583.5 |19 |(25/2-) |
99 |40 |3638.9 |16 |(25/2+) |
99 |40 |3754.7 |19 |(23/2+) |
99 |40 |4090.1 |18 |(27/2+) |
99 |40 |4134.8 |21 |(25/2+) |
99 |40 |4320.7 |23 |(31/2-) |
99 |40 |4627.5 |22 |(29/2-) |
99 |40 |5041.8 |24 |(29/2+) |
99 |40 |5391.8 |25 |35/2- |
99 |40 |5734.5 |24 |33/2- |
99 |40 |6567 |3 |39/2- |
100 |40 |0.0 | |0+ |7.1 S 4
100 |40 |212.530 |9 |2+ |0.59 NS 3
100 |40 |331.13 |4 |0+ |5.53 NS 13
100 |40 |564.486 |15 |(4+) |37 PS 3
100 |40 |829.20 |6 |0+ |
100 |40 |878.57 |4 |(2+) |
100 |40 |1061.63 |14 |(6+) |4.9 PS 11
100 |40 |1196.16 |4 |(2+) |
100 |40 |1294.85 |5 |(2-,3,4+) |
100 |40 |1397.93 |17 | |
100 |40 |1414.62 |13 |(4+) |
100 |40 |1441.43 |7 |(1,2+) |
100 |40 |1687.20 |24 |(8+) |1.73 PS 17
100 |40 |1807.59 |5 |(1,2+) |
100 |40 |1855.91 |19 |(6+) |
100 |40 |1911.09 |17 | |
100 |40 |1938.13 |5 |(1,2+) |
100 |40 |1961.60 |18 |(6+) |
100 |40 |2003.1 |4 | |
100 |40 |2070.31 |16 | |
100 |40 |2182.92 |9 |(1,2+) |
100 |40 |2220.3 |3 | |
100 |40 |2259.71 |17 |(6+) |2.5 NS 7
100 |40 |2315.98 |21 |(5-,6+) |
100 |40 |2349.34 |18 | |
100 |40 |2426.4 |4 |(10+) |0.75 PS 9
100 |40 |2467.31 |23 | |
100 |40 |2479.4 |3 |(7+) |
100 |40 |2496.3 |4 | |
100 |40 |2525.92 |25 | |
100 |40 |2579.0 |3 |(8+) |
100 |40 |2692.76 |9 |(1,2+) |
100 |40 |2727.35 |22 |(1,2+) |
100 |40 |2729.8 |3 |(8+) |
100 |40 |2754.9 |3 | |
100 |40 |2770.66 |8 |(1,2+) |
100 |40 |2846.26 |7 |(1,2+) |
100 |40 |2859.5 |3 | |
100 |40 |2932.02 |13 |(1,2+) |
100 |40 |3013.6 |3 |(9+) |
100 |40 |3019.1 |3 |(10+) |
100 |40 |3022.2 |4 | |
100 |40 |3069.73 |20 |(1,2+) |
100 |40 |3268.1 |5 |(12+) |0.37 PS 4
100 |40 |3323.5 |4 | |
100 |40 |3328.3 |4 |(10+) |
100 |40 |3571.8 |3 |(1,2+) |
100 |40 |3634.5 |4 |(12+) |
100 |40 |3660.2 |5 | |
100 |40 |3672.8 |4 |(11+) |
100 |40 |3956.7 |4 |(1,2+) |
100 |40 |4042.8 |4 |(12+) |
100 |40 |4204.7 |6 |(14+) |
100 |40 |4288.4 |4 |(1,2+) |
100 |40 |4440.2 |5 |(13+) |
100 |40 |5237.0 |7 |(16+) |
100 |40 |6371.1 |7 |(18+) |
100 |40 |7614.9 |8 |(20+) |
101 |40 |0 | |(3/2+) |2.3 S 1
101 |40 |98.16 |5 |(5/2+) |0.6 NS 2
101 |40 |216.67 |5 |(5/2-) |0.33 NS 12
101 |40 |231.80 |6 |(7/2+) |0.07 NS LT
101 |40 |321.11 |6 |(7/2-) |0.27 NS 13
101 |40 |408.26 |8 |(9/2+) |
101 |40 |467.77 |8 |(9/2-) |
101 |40 |610.58 |21 |(11/2+) |
101 |40 |619.86 |14 |(11/2-) |
101 |40 |673.52 |16 |(3/2,5/2) |
101 |40 |744.01 |10 |(3/2,5/2) |
101 |40 |759.48 |7 |(3/2+) |
101 |40 |786.66 |11 |(5/2,7/2) |
101 |40 |808.46 |11 |(5/2,7/2) |
101 |40 |827.78 |10 | |
101 |40 |845.19 |20 |(7/2-) |
101 |40 |858.5 |3 |(13/2+) |
101 |40 |869.7 |4 |(13/2-) |
101 |40 |880.37 |10 | |
101 |40 |902.49 |19 | |
101 |40 |941.81 |23 |(9/2+) |16 NS 2
101 |40 |958.76 |25 | |
101 |40 |1038.4 |3 | |
101 |40 |1047.9 |4 |(15/2-) |
101 |40 |1077.1 |10 | |
101 |40 |1120.6 |4 |(15/2+) |
101 |40 |1164.6 |8 |(11/2+) |
101 |40 |1217.2 |10 | |
101 |40 |1297.90 |11 | |
101 |40 |1398.55 |13 |(3/2,5/2)+ |
101 |40 |1424.5 |7 |(13/2+) |
101 |40 |1432.2 |4 |(17/2-) |
101 |40 |1436.8 |4 |(17/2+) |
101 |40 |1523.9 |10 | |
101 |40 |1529.93 |14 | |
101 |40 |1616.9 |4 |(19/2-) |
101 |40 |1720.1 |8 |(15/2+) |
101 |40 |1749.7 |8 |(19/2+) |
101 |40 |1942.2 |13 | |
101 |40 |2023.17 |16 |(3/2,5/2)+ |
101 |40 |2051.4 |9 |(17/2+) |
101 |40 |2082.9 |4 | |
101 |40 |2133.5 |8 |(21/2+) |
101 |40 |2152.1 |6 |(21/2-) |
101 |40 |2267.2 |16 | |
101 |40 |2329.4 |8 |(23/2-) |
101 |40 |2416.4 |14 | |
101 |40 |2488.3 |11 |(23/2+) |
101 |40 |2787.2 |19 | |
101 |40 |2943.3 |13 |(25/2+) |
101 |40 |3022.9 |12 |(25/2-) |
101 |40 |3182.3 |13 |(27/2-) |
101 |40 |3336.4 |15 |(27/2+) |
101 |40 |3858.4 |17 |(29/2+) |
101 |40 |4036.1 |16 |(29/2-) |
101 |40 |4165.6 |17 |(31/2-) |
101 |40 |4293.4 |18 |(31/2+) |
101 |40 |4876.4 |19 |(33/2+) |
101 |40 |5164.0 |19 |(33/2-) |
101 |40 |5255.8 |19 |(35/2-) |
101 |40 |5357.5 |21 |(35/2+) |
101 |40 |6003.2 |22 |(37/2+) |
101 |40 |6411.3 |22 |(39/2-) |
101 |40 |6506.2 |23 |(39/2+) |
102 |40 |0 | |0+ |2.9 S 2
102 |40 |151.78 |11 |2+ |1.8 NS 4
102 |40 |478.28 |16 |4+ |
102 |40 |894.79 |21 |(0+) |
102 |40 |964.78 |24 |6+ |
102 |40 |1036.3 |4 |(2+) |
102 |40 |1159.50 |22 | |
102 |40 |1211.05 |13 |(2+) |
102 |40 |1242.3 |3 |(3+) |
102 |40 |1386.7 |6 |(4+) |
102 |40 |1538.1 |5 |(4+) |
102 |40 |1594.9 |6 |8+ |1.39 PS 21
102 |40 |1652.8 |5 |(6+) |
102 |40 |1661.8 |4 |(5-) |
102 |40 |1793.3 |7 |(3,4) |
102 |40 |1821.1 |4 |(4-) |
102 |40 |1822.5 |8 | |
102 |40 |1829.4 |6 |(6+) |
102 |40 |1920.7 |6 | |
102 |40 |1932.6 | |(8+) |
102 |40 |1980.8 |6 |(5-) |
102 |40 |2092.8 |6 |(7-) |
102 |40 |2175.0 |9 |(6-) |
102 |40 |2184.0 |5 |(8+) |
102 |40 |2351.5 |8 |10+ |0.53 PS 10
102 |40 |2373.3 |4 |(8+) |
102 |40 |2403.0 |8 |(7-) |
102 |40 |2465.8 |5 |(10+) |
102 |40 |2663.9 |5 |(9-) |
102 |40 |2665.8 |8 |(8-) |
102 |40 |2825.8 |5 |(10+) |
102 |40 |2924.7 |6 |(7) |
102 |40 |2961.4 |9 |(9-) |
102 |40 |3033.3 |5 |(10+) |
102 |40 |3134.2 | |(12+) |
102 |40 |3183.6 |6 |(8) |
102 |40 |3212.3 |9 |12+ |0.28 PS 4
102 |40 |3293.0 | |(10-) |
102 |40 |3371.0 | |(11-) |
102 |40 |3475.8 |6 |(9) |
102 |40 |3567.5 |6 |(12+) |
102 |40 |3802.0 |6 |(10) |
102 |40 |3925.7 | |(14+) |
102 |40 |4153.4 | |14+ |
102 |40 |4162.2 |6 |(11) |
102 |40 |4205.2 | |(13-) |
102 |40 |4828.5 | |(16+) |
102 |40 |5160.7 | |(15-) |
102 |40 |5169.0 | |16+ |
102 |40 |6267.1 | |18+ |
102 |40 |7451.7 | |20+ |
103 |40 |0.0 | |(5/2-) |1.3 S 1
103 |40 |109.1 |3 |(7/2-) |3 NS LT
103 |40 |256.5 | |(9/2-) |
103 |40 |258.9 |3 |(3/2+) |
103 |40 |357.1 |4 |(5/2+) |3 NS LT
103 |40 |428.0 | |(11/2-) |
103 |40 |657.3 | |(13/2-) |
103 |40 |882.2 | |(15/2-) |
103 |40 |1211.7 | |(17/2-) |
103 |40 |1473.3 | |(19/2-) |
103 |40 |1914.0 | |(21/2-) |
103 |40 |2196.5 | |(23/2-) |
103 |40 |3048.5 | |(27/2-) |
103 |40 |4028.0 | |(31/2-) |
104 |40 |0.0 | |0+ |1.2 S 3
104 |40 |139.3 |3 |(2+) |2.0 NS 3
104 |40 |452.1 |4 |(4+) |
104 |40 |925.8 |5 |(6+) |
104 |40 |1550.2 |6 |(8+) |
104 |40 |2315.3 |6 |(10+) |
104 |40 |3209.7 |7 |(12+) |
104 |40 |4223.9 |8 |(14+) |
105 |40 |0 | | |0.6 S 1
105 |40 |0 | | |0.6 S 1
105 |40 |0 | |(5/2+) |670 MS 28
105 |40 |0 | |(5/2+) |670 MS 28
105 |40 |124 |1 |(7/2+) |
105 |40 |124 |1 |(7/2+) |
105 |40 |285 |2 |(9/2+) |
105 |40 |285 |2 |(9/2+) |
105 |40 |507 |2 |(11/2+) |
105 |40 |507 |2 |(11/2+) |
105 |40 |826 |2 |(13/2+) |
105 |40 |826 |2 |(13/2+) |
105 |40 |1200 |3 |(15/2+) |
105 |40 |1200 |3 |(15/2+) |
106 |40 |0.0 | |0+ |180 MS 9
106 |40 |152.1 |5 |(2+) |
106 |40 |476.5 |7 |(4+) |
106 |40 |607.0 |5 |(2+) |
106 |40 |946.5 |12 |(6+) |
106 |40 |1571.5 |23 |(8+) |
107 |40 |0 | | |146 MS 4
108 |40 |0.0 | |0+ |77.4 MS 22
108 |40 |174.3 |5 |(2+) |
108 |40 |521.5 |6 |(4+) |
108 |40 |604.1 |5 |(1,2+) |
108 |40 |947.6 |6 |(2+,3,4+) |
108 |40 |1000.1 |7 |(6+) |
108 |40 |1432.5 |6 | |
108 |40 |1642.3 |8 |(8+) |
108 |40 |1796.4 |7 | |
108 |40 |2074.5 |8 |(6+) |0.536 US +26-25
109 |40 |0 | | |56 MS 3
110 |40 |0 | |0+ |37.5 MS 20
111 |40 |0 | | |24.0 MS 50
112 |40 |0 | |0+ |30 MS +30-10
