81 |41 |0.0 | | |200 NS LT
82 |41 |0.0 | |(0+) |50 MS 5
82 |41 |418 | |(2+) |
82 |41 |1056 | |(4+) |
82 |41 |1180 | |(5+) |92 NS 17
83 |41 |0.0 | |(5/2+) |3.9 S 2
83 |41 |129.52 |16 |(7/2+) |
83 |41 |229.03 |19 |(3/2-) |
83 |41 |251.15 |16 |(9/2+) |
83 |41 |379.94 |24 |(5/2-) |
83 |41 |641.5 |3 |(7/2-) |
83 |41 |710.0 |3 |(11/2+) |
83 |41 |873.7 |3 |(13/2+) |
83 |41 |941.5 |4 |(9/2-) |
83 |41 |1325.2 |5 |(11/2-) |
83 |41 |1441.4 |6 |(15/2+) |
83 |41 |1720.9 |5 |(17/2+) |
83 |41 |1721.1 |7 |(13/2-) |
83 |41 |2236.2 |11 |(15/2-) |
83 |41 |2484.4 |21 |(19/2+) |
83 |41 |2689.1 |12 |(17/2-) |
83 |41 |2777.3 |7 |(21/2+) |
83 |41 |4009.3 |21 |(25/2+) |
83 |41 |5241 |3 |(29/2+) |
83 |41 |6664 |4 |(33/2+) |
84 |41 |0.0 | |(1+,2+,3+) |9.8 S 9
84 |41 |48.0 |5 |(3-,4-) |
84 |41 |65.0 |5 |(2+,3+) |
84 |41 |162.5 |4 |(4+,5+) |
84 |41 |205.0 |4 |(3-) |
84 |41 |217.5 |4 | |
84 |41 |306.0 |4 | |
84 |41 |337.7 |4 |(5-) |103 NS 19
84 |41 |358.3 |5 | |
84 |41 |501.7 |6 | |
84 |41 |565.7 |5 |(6-) |
84 |41 |570.2 |5 |(7+) |
84 |41 |574.0 |4 | |
84 |41 |673.7 |6 | |
84 |41 |770.7 |5 | |
84 |41 |809.1 |7 | |
84 |41 |865.2 |6 |(8+) |
84 |41 |923.9 |5 |(7-) |
84 |41 |1201.7 |6 |(9+) |
84 |41 |1205.6 |7 | |
84 |41 |1267.1 |5 |(8-) |
84 |41 |1281.0 |8 | |
84 |41 |1293.8 |8 | |
84 |41 |1535.1 |7 | |
84 |41 |1590.5 |8 | |
84 |41 |1707.4 |6 |(10+) |
84 |41 |1765.5 |6 |(9-) |
84 |41 |1991.2 |7 |(11+) |
84 |41 |2049.4 |8 | |
84 |41 |2099.6 |8 | |
84 |41 |2120.9 |6 |(10-) |
84 |41 |2527.8 |9 | |
84 |41 |2628.9 |9 | |
84 |41 |2774.5 |8 |(12+) |
84 |41 |2783.0 |8 |(11-) |
84 |41 |2986.5 |8 |(13+) |
84 |41 |3055.8 |10 | |
84 |41 |3113.5 |8 |(12-) |
84 |41 |3122.6 |10 | |
84 |41 |3851.7 |9 |(13-) |
84 |41 |3963.5 |8 | |
84 |41 |4041.9 |10 |(14+) |
84 |41 |4084.9 |9 |(14-) |
84 |41 |4086.1 |11 | |
84 |41 |4151.2 |9 |(15+) |
84 |41 |4748.6 |10 |(15-) |
84 |41 |5073.0 |10 |(16-) |
84 |41 |5376.9 |11 |(16+) |
84 |41 |5470.0 |10 |(17+) |
84 |41 |5822.4 |11 |(17-) |
84 |41 |5879.7 |11 | |
84 |41 |6239.6 |12 |(18-) |
84 |41 |6760.5 |13 |(18+) |
84 |41 |6903.1 |11 |(19+) |
84 |41 |6993.3 |15 |(19-) |
84 |41 |7218.0 |14 | |
84 |41 |7579.6 |13 |(20-) |
84 |41 |8394.7 |12 |(21+) |
84 |41 |8596.2 |15 | |
84 |41 |9093.0 |13 |(22-) |
85 |41 |0.0 | |(9/2+) |20.5 S 12
85 |41 |0+X | |(3/2-) |
85 |41 |0+Y | | |
85 |41 |0+Z | | |12 S 5
85 |41 |15.44+X |17 |(9/2+) |
85 |41 |69+Y | |(1/2-,3/2-) |3.3 S 9
85 |41 |134.15+X |5 |(5/2-) |
85 |41 |503.69+X |9 |(7/2-) |
85 |41 |649.79+X |17 |(13/2+) |
85 |41 |812.18+X |11 |(9/2-) |
85 |41 |1171.81+X |12 |(11/2-) |
85 |41 |1491.05+X |18 |(17/2+) |
85 |41 |1557.90+X |13 |(13/2-) |
85 |41 |1899.74+X |13 |(15/2-) |
85 |41 |2326.43+X |18 |(17/2-) |
85 |41 |2361.84+X |23 |(17/2) |
85 |41 |2487.05+X |18 |(21/2+) |
85 |41 |2649.87+X |15 |(19/2-) |
85 |41 |2780.1+X |4 | |
85 |41 |3180.45+X |22 |(21/2-) |
85 |41 |3510.94+X |19 |(25/2+) |
85 |41 |3522.32+X |16 |(23/2-) |
85 |41 |4178.6+X |3 |(25/2-) |
85 |41 |4543.16+X |19 |(27/2-) |
85 |41 |4568.90+X |20 |(29/2+) |
85 |41 |5289.9+X |3 |(29/2-) |
85 |41 |5637.14+X |21 |(31/2-) |
85 |41 |5794.06+X |21 |(33/2+) |
85 |41 |6386.1+X |4 |(33/2-) |
85 |41 |6739.38+X |24 |(35/2-) |
85 |41 |7216.01+X |25 |(37/2+) |
85 |41 |7508.2+X |4 |(37/2-) |
85 |41 |7950.0+X |3 |(39/2-) |
85 |41 |8739.6+X |4 |(41/2+) |
85 |41 |8795.4+X |5 |(41/2-) |
85 |41 |8960.0+X |11 |(41/2+) |
85 |41 |9366.6+X |4 |(43/2-) |
85 |41 |10264.7+X |6 |(45/2-) |
85 |41 |10317.8+X |6 |(45/2+) |
85 |41 |11010.3+X |5 |(47/2-) |
85 |41 |11962.5+X |7 |(49/2-) |
85 |41 |12916.5+X |9 |(51/2-) |
85 |41 |13906.0+X |14 |(53/2-) |
85 |41 |15144.6+X |17 |(55/2-) |
86 |41 |0.0 | |(6+) |88 S 1
86 |41 |0+X | |(0-,1-,2-) |
86 |41 |0+Y | | |56 S 8
86 |41 |26.30 |24 |(7+) |
86 |41 |49.96+X |15 |(1+,2+) |68 NS 2
86 |41 |97.46+X |18 |(1+) |
86 |41 |236.86+X |18 |(0:4+) |
86 |41 |274.40 |23 |(8+) |0.84 NS 14
86 |41 |494.3 |3 |(6-) |0.25 NS 7
86 |41 |724.7 |4 |(9+) |
86 |41 |887.7 |4 |(7-) |
86 |41 |1134.1 |4 |(10+) |
86 |41 |1283.8 |4 |(8-) |
86 |41 |1498.4 |5 |(8-) |
86 |41 |1601.1 |4 |(11+) |0.34 PS +10-8
86 |41 |1710.7 |4 |(9-) |
86 |41 |2026.3 |4 |(10-) |
86 |41 |2209.6 |11 |(10-) |
86 |41 |2211.5 |5 |(12+) |0.46 PS +8-6
86 |41 |2454.8 |5 |(11-) |
86 |41 |2599.1 |6 |(11-) |
86 |41 |2684.0 |5 |(13+) |0.35 PS +10-8
86 |41 |2779.5 |5 |(12-) |
86 |41 |3065.4 |15 |(12-) |
86 |41 |3302.2 |5 |(13-) |0.45 PS +7-6
86 |41 |3377.5 |6 |(13-) |0.65 PS +33-29
86 |41 |3468.2 |6 |(14+) |0.35 PS +10-8
86 |41 |3687.4 |6 |(14-) |0.76 PS +11-9
86 |41 |3902.4 |6 |(15+) |0.34 PS +6-4
86 |41 |3987.4 |6 |(15+) |0.21 PS +8-6
86 |41 |4070.0 |6 |(14-) |0.45 PS +26-21
86 |41 |4317.9 |6 |(15-) |0.48 PS +11-9
86 |41 |4370.4 |6 |(15-) |0.62 PS +9-8
86 |41 |4777.2 |7 |(16-) |0.34 PS +6-4
86 |41 |4840.6 |8 |(16+) |0.52 PS +19-17
86 |41 |5027.5 |9 |(16+) |
86 |41 |5153.2 |7 |(16-) |0.21 PS +19-14
86 |41 |5274.1 |7 |(17+) |0.30 PS +8-6
86 |41 |5307.8 |7 |(17+) |0.40 PS +10-9
86 |41 |5441.9 |7 |(17-) |0.14 PS +8-6
86 |41 |5504.3 |8 |(17-) |0.32 PS +8-6
86 |41 |5532.9 |7 |(17+) |
86 |41 |5605.5 |12 |(17-) |0.14 PS +12-11
86 |41 |6035.4 |10 |(18-) |0.132 PS +28-21
86 |41 |6361.5 |11 |(18+) |
86 |41 |6479.3 |11 |(19-) |1.25 PS +27-21
86 |41 |6644.9 |8 |(19+) |0.55 PS +16-14
86 |41 |6722.1 |10 |(19+) |0.19 PS +11-9
86 |41 |6807.7 |12 |(19-) |0.17 PS +4-3
86 |41 |6957.6 |13 |(19+) |0.50 PS +24-18
86 |41 |6972.6 |16 |(19-) |0.25 PS +6-5
86 |41 |7460.7 |14 |(20-) |0.13 PS +5-3
86 |41 |7665.2 |12 |(20+) |
86 |41 |7819.3 |14 |(21-) |0.79 PS +19-16
86 |41 |7906.2 |13 |(21+) |0.45 PS +15-14
86 |41 |7965.5 |19 |(20+) |
86 |41 |8214.1 |15 |(21-) |0.125 PS +28-21
86 |41 |8270.1 |18 |(21+) |0.12 PS +7-5
86 |41 |8429 |3 |(21-) |0.16 PS +6-5
86 |41 |8603 |4 |(21+) |0.30 PS +15-11
86 |41 |9064.8 |17 |(22-) |0.055 PS 14
86 |41 |9381.7 |19 |(23+) |0.22 PS 6
86 |41 |9649 |4 |(23-) |0.23 PS +8-6
86 |41 |9728.6 |18 |(23-) |0.055 PS +21-14
86 |41 |9774 |3 |(22+) |
86 |41 |10052.5 |25 |(23+) |0.11 PS +7-6
86 |41 |10430 |5 |(23+) |0.08 PS +5-4
86 |41 |10866.5 |21 |(24-) |0.042 PS +21-14
86 |41 |11283 |3 |(25+) |0.07 PS +4-3
86 |41 |11456.9 |21 |(25-) |0.083 PS +28-21
86 |41 |12013 |4 |(25+) |0.042 PS +28-21
86 |41 |12407 |3 |(25+) |
86 |41 |12886 |4 |(26-) |0.021 PS +21-14
86 |41 |13417 |3 |(27-) |0.042 PS 14
86 |41 |13509 |4 |(27+) |0.062 PS +28-21
86 |41 |13568 |4 |(27+) |0.06 PS +4-3
86 |41 |15095 |5 |(28-) |
86 |41 |15662 |4 |(29-) |
86 |41 |18058 |5 |(31-) |
86 |41 |20786 |3 |(33-) |
87 |41 |0.0 | |(1/2-) |3.75 M 9
87 |41 |3.84 |14 |(9/2+) |2.6 M 1
87 |41 |200.2 |4 |(3/2-) |
87 |41 |266.81 |15 |(7/2+) |
87 |41 |334.00 |10 |(5/2-) |28 NS 2
87 |41 |400.8 | |(9/2,7/2,5/2)+ |
87 |41 |784.48 |15 |(13/2+) |1.8 PS 3
87 |41 |839.81 |13 |(7/2-) |
87 |41 |962.87 |16 |(13/2+) |
87 |41 |1051.39 |15 |(11/2+) |
87 |41 |1168.69 |13 |(9/2-) |
87 |41 |1349.29 |16 | |
87 |41 |1603.58 |14 |(11/2-) |
87 |41 |1737.04 |16 |(17/2+) |0.7 PS 2
87 |41 |1954.5 |1 |(15/2+) |
87 |41 |1976.7 |15 |(13/2-) |
87 |41 |2114.3 |8 |(15/2+) |
87 |41 |2277.23 |15 |(15/2-) |
87 |41 |2412.30 |15 |(17/2-) |58 PS 5
87 |41 |2490.73 |18 |(21/2+) |14 PS 1
87 |41 |2694.27 |16 |(17/2-) |
87 |41 |2736.71 |16 | |
87 |41 |2860.96 |18 |(21/2+) |0.8 PS 5
87 |41 |2905.53 |15 |(19/2-) |
87 |41 |2988.11 |16 |(19/2-) |
87 |41 |3218.84 |16 |(21/2-) |1.6 PS 3
87 |41 |3219.71 |19 |(23/2+) |0.6 PS 1
87 |41 |3445.97 |19 |(25/2+) |1.7 PS 1
87 |41 |3741.78 |19 |(25/2+) |
87 |41 |3868.95 |21 |(25/2+) |
87 |41 |4130.66 |19 |(25/2-) |2.1 PS 3
87 |41 |4285.1 |5 |(23/2-) |
87 |41 |4300.90 |19 |(27/2+) |
87 |41 |4591.69 |20 |(29/2+) |
87 |41 |4939.56 |21 |(29/2+) |
87 |41 |5009.66 |21 |(29/2-) |3.5 PS 3
87 |41 |5301.9 |8 |(27/2-) |
87 |41 |5555.0 | |(31/2+) |
87 |41 |5592.37 |23 |(31/2-) |
87 |41 |5620.15 |21 |(31/2+) |
87 |41 |5777.0 |9 |(29/2-) |
87 |41 |5841.09 |22 |(33/2+) |
87 |41 |6039.15 |23 |(33/2-) |
87 |41 |6298.4 |10 |(31/2-) |
87 |41 |6393.1 |3 |(33/2-) |
87 |41 |6744.71 |23 |(35/2-) |
87 |41 |6810.39 |23 |(35/2+) |
87 |41 |6973.3 |13 |(33/2-) |
87 |41 |7139.74 |23 |(37/2+) |
87 |41 |7153.4 | |(37/2-) |
87 |41 |7225.59 |24 |(37/2-) |
87 |41 |7619.3 |3 |(37/2+) |
87 |41 |8062.2 |4 |(39/2+) |
87 |41 |8254.1 |7 |(39/2-) |
87 |41 |8365.4 |17 |(37/2-) |
87 |41 |8432.5 |4 |(41/2+) |
87 |41 |8535.8 |8 |(41/2-) |
87 |41 |9814.1 |22 |(43/2-) |
87 |41 |9887. |3 |(41/2-) |
87 |41 |9997.5 |11 |(45/2+) |
87 |41 |10236.8 |22 |(45/2-) |
87 |41 |11948.6 |15 |(49/2+) |
87 |41 |12015. |3 |(49/2-) |
87 |41 |13877. |4 |(53/2-) |
87 |41 |X | |J |
87 |41 |1250+X | |J+2 |
87 |41 |2679+X | |J+4 |
87 |41 |4251+X | |J+6 |
87 |41 |5970+X | |J+8 |
87 |41 |7849+X | |J+10 |
87 |41 |9894+X | |J+12 |
87 |41 |12110+X | |J+14 |
87 |41 |14505+X | |J+16 |
87 |41 |17090+X | |J+18 |
87 |41 |Y | |J1 |
87 |41 |1492+Y | |J+2 |
87 |41 |1870+Y | |J1+2 |
87 |41 |3134+Y | |J1+4 |
87 |41 |3378+Y | |J1+4 |
87 |41 |4924+Y | |J1+6 |
87 |41 |5035+Y | |J1+6 |
87 |41 |6795+Y | |J1+8 |
87 |41 |6916+Y | |J1+8 |
87 |41 |8759+Y | |J1+10 |
87 |41 |8994+Y | |J1+10 |
87 |41 |10876+Y | |J1+12 |
87 |41 |11170+Y | |J1+12 |
87 |41 |13150+Y | |J1+14 |
87 |41 |13438+Y | |J1+14 |
87 |41 |15582+Y | |J1+16 |
87 |41 |15831+Y | |J1+16 |
87 |41 |18169+Y | |J1+18 |
87 |41 |18374+Y | |J1+18 |
87 |41 |Z | |J2 |
87 |41 |1697+Z | |J2+2 |
87 |41 |3563+Z | |J2+4 |
87 |41 |5604+Z | |J2+6 |
87 |41 |7815+Z | |J2+8 |
87 |41 |10199+Z | |J2+10 |
87 |41 |12736+Z | |J2+12 |
88 |41 |0.0 | |(8+) |14.50 M 11
88 |41 |0.0+X | |(4-) |7.7 M 1
88 |41 |X+80.0 |5 | |
88 |41 |X+170.7 |5 | |
88 |41 |610.0 |3 |(9+) |
88 |41 |1089.41 |10 |(10+) |
88 |41 |1553.8 |3 |(9-) |
88 |41 |1675.71 |19 |(11+) |
88 |41 |2006.20 |19 |(11-) |
88 |41 |2077.33 |20 |(12+) |
88 |41 |2216.8 |3 |(11-) |
88 |41 |2483.0 |4 |(12+) |
88 |41 |2553.69 |24 |(12-) |
88 |41 |2717.0 |3 |(12-) |
88 |41 |2770.33 |25 |(13+) |
88 |41 |2967.0 |3 |(13-) |
88 |41 |3085.4 |3 |(13+) |
88 |41 |3096.5 |3 |(13-) |
88 |41 |3206.9 |3 |(13-) |
88 |41 |3296.8 |5 | |
88 |41 |3442.2 |3 |(14+) |
88 |41 |3626.1 |3 |(14-) |
88 |41 |3667.2 |3 |(14+) |
88 |41 |3671.4 |3 |(15+) |
88 |41 |3733.7 |4 |(14-) |
88 |41 |3965.7 |5 | |
88 |41 |3998.3 |3 |(15+) |
88 |41 |4086.0 |4 |(15-) |
88 |41 |4391.7 |4 |(15-) |
88 |41 |4707.7 |4 |(16-) |
88 |41 |4885.4 |4 |(16+) |
88 |41 |5075.0 |4 |(17+) |
88 |41 |5111.2 |7 | |
88 |41 |5114.1 |4 |(17-) |
88 |41 |5433.0 |5 |(18-) |
88 |41 |5589.3 |15 | |
88 |41 |6264.3 |5 |(19-) |
88 |41 |6331.5 |5 |(19+) |
88 |41 |6590.6 |8 | |
88 |41 |6795.5 |7 | |
88 |41 |6811.7 |7 | |
88 |41 |7017.7 |8 | |
88 |41 |7163.0 |8 | |
88 |41 |7335.8 |6 | |
88 |41 |7717.8 |8 | |
88 |41 |7924.4 |8 | |
88 |41 |9737.2 |17 | |
89 |41 |0.0 | |(9/2+) |2.03 H 7
89 |41 |35 |LT |(1/2)- |66 M 2
89 |41 |658.6 |2 |(7/2+) |
89 |41 |760 | | |
89 |41 |838 |AP | |
89 |41 |844.0 |10 |(7/2,9/2,11/2) |
89 |41 |1003.41 |10 |(13/2+) |
89 |41 |1155.3 |3 |(7/2,9/2,11/2) |
89 |41 |1272.0 |3 |(7/2,9/2,11/2) |
89 |41 |1550 | | |
89 |41 |1640.2 |10 |(7/2,9/2,11/2) |
89 |41 |1694.0 |4 | |
89 |41 |1789.6 |11 | |
89 |41 |1935.29 |14 |(17/2+) |
89 |41 |2050 | | |
89 |41 |2136.4 |2 |(15/2) |
89 |41 |2151.56 |16 |(17/2-) |0.51 NS 5
89 |41 |2191.5 |2 | |
89 |41 |2192.92 |16 |(21/2+) |13.8 NS 4
89 |41 |2221.0 |10 |(7/2,9/2,11/2) |
89 |41 |2420.0 |10 |(7/2,9/2,11/2) |
89 |41 |2517.8 |2 |(21/2-) |
89 |41 |2522.98 |18 |(19/2+) |
89 |41 |2728.1 |3 | |
89 |41 |2935.0 |3 | |
89 |41 |2955.70 |18 |(23/2+) |0.35 PS LT
89 |41 |3135.2 |2 |(19/2-) |
89 |41 |3141.94 |17 |(21/2-) |10 PS LT
89 |41 |3402.99 |19 |(25/2+) |3.5 PS 14
89 |41 |3805.68 |18 |(25/2-) |34.7 PS 14
89 |41 |4076.02 |19 |(25/2+) |
89 |41 |4553.6 |2 |(27/2-) |0.7 PS LT
89 |41 |4797.2 |3 | |
89 |41 |4808.7 |2 |(29/2-) |2.70 PS 21
89 |41 |4908.5 |3 | |
89 |41 |5041.3 |2 |(29/2+) |0.76 PS 28
89 |41 |5324.1 |2 |(31/2-) |
89 |41 |5407.3 |2 | |
89 |41 |5697.7 |2 |(33/2-) |
89 |41 |5917.0 |3 | |
89 |41 |6100.2 |2 |(33/2+) |1.25 PS 14
89 |41 |6131.5 |3 | |
89 |41 |6451.8 |3 | |
89 |41 |6547.5 |2 | |
89 |41 |6658.3 |3 | |
89 |41 |6949.6 |4 | |
89 |41 |7272.6 |6 | |
90 |41 |0 | |8+ |14.60 H 5
90 |41 |122.370 |22 |6+ |63 US 2
90 |41 |124.67 |25 |4- |18.81 S 6
90 |41 |171.10 |10 |7+ |1 US LT
90 |41 |285.30 |10 |5+ |
90 |41 |328.00 |10 |4(+) |
90 |41 |362.4 |3 | |
90 |41 |382.01 |25 |1+ |6.19 MS 8
90 |41 |651.19 |19 |3+ |
90 |41 |812.90 |10 |(9)+ |
90 |41 |822.6 |6 | |
90 |41 |827.4 |3 | |
90 |41 |847.7 |4 | |
90 |41 |854.32 |21 |2(+) |
90 |41 |958 |7 | |
90 |41 |1128.2 |4 | |
90 |41 |1195.2 |9 | |
90 |41 |1231 |10 | |
90 |41 |1255 |10 | |
90 |41 |1279.7 |11 | |
90 |41 |1288 |7 | |
90 |41 |1344.1 |4 |1+ |
90 |41 |1362.7 |6 |(3+) |
90 |41 |1372.1 |4 | |
90 |41 |1414.2 |11 | |
90 |41 |1433.3 |8 | |
90 |41 |1498 |7 |2-,3-,4- |
90 |41 |1558 |7 |4-,5-,6- |
90 |41 |1630.7 |11 | |
90 |41 |1646.7 |11 |2-,3-,4- |
90 |41 |1692 |7 | |
90 |41 |1769.1 |4 |1+ |
90 |41 |1804 |10 | |
90 |41 |1809.11 |20 | |
90 |41 |1815.7 |11 | |
90 |41 |1835.7 |9 | |
90 |41 |1844.8 |6 |1+ |
90 |41 |1868 |7 | |
90 |41 |1880.21 |20 |(11-) |472 NS 13
90 |41 |1971.7 |11 | |
90 |41 |1985.61 |23 | |
90 |41 |1990.4 |8 | |
90 |41 |2000 |7 | |
90 |41 |2037 |10 | |
90 |41 |2082 |10 | |
90 |41 |2104 |10 | |
90 |41 |2125.6 |7 |1+ |
90 |41 |2168 |7 | |
90 |41 |2309.0 |7 |1+ |
90 |41 |2344 |7 | |
90 |41 |2370 |15 | |
90 |41 |2430 |15 | |
90 |41 |2479 |15 | |
90 |41 |2487.3 |3 | |
90 |41 |2530 |15 | |
90 |41 |2560 |15 | |
90 |41 |2580 |15 | |
90 |41 |2650 |15 | |
90 |41 |2680 |15 | |
90 |41 |2710 |15 | |
90 |41 |2730 |15 | |
90 |41 |2780 |15 | |
90 |41 |2850 |15 | |
90 |41 |2880 |15 | |
90 |41 |2950 |15 | |
90 |41 |2980 |15 | |
90 |41 |3020 |15 | |
90 |41 |3071.8 |6 | |
90 |41 |3160 |15 | |
90 |41 |5008 |10 |(0+) |
91 |41 |0.0 | |9/2+ |6.8E+2 Y 13
91 |41 |104.60 |5 |1/2- |60.86 D 22
91 |41 |1040 |25 | |
91 |41 |1186.88 |7 |5/2- |2.6 PS 11
91 |41 |1312.72 |9 |3/2- |0.166 PS 17
91 |41 |1581.02 |14 |(7/2)+ |0.33 PS 3
91 |41 |1612.66 |9 |3/2- |0.054 PS 12
91 |41 |1637.01 |15 |(9/2+) |1.8 PS +11-4
91 |41 |1790.63 |9 |(9/2-) |1.6 PS GT
91 |41 |1844.93 |13 |(5/2)- |1.5 PS GT
91 |41 |1885 |8 |(7/2) |
91 |41 |1963.11 |21 |(5/2+) |0.18 PS 3
91 |41 |1984.26 |11 |(13/2-) |10.0 NS 4
91 |41 |2034.42 |20 |(17/2-) |3.76 US 12
91 |41 |2065 |8 |(7/2) |
91 |41 |2120.87 |15 |(7/2-) |1.0 PS GT
91 |41 |2170 | |(7/2,9/2,11/2) |
91 |41 |2275 |10 |(7/2) |
91 |41 |2290.76 |15 |(13/2)+ |0.250 PS 21
91 |41 |2324.55 |20 |(5/2-) |0.111 PS 14
91 |41 |2330.03 |24 |(11/2)+ |0.104 PS +28-21
91 |41 |2345.36 |11 |(3/2)- |0.104 PS +21-14
91 |41 |2390.01 |22 |(3/2+) |1.0 PS +24-5
91 |41 |2413.49 |19 |(11/2-) |0.65 PS 25
91 |41 |2531.2 |3 |(11/2-) |0.9 PS +5-3
91 |41 |2579.54 |23 |(5/2+) |0.55 PS +35-14
91 |41 |2612.6 |3 |(7/2-) |0.090 PS +21-14
91 |41 |2631.98 |18 |(9/2) |0.125 PS +35-21
91 |41 |2660.25 |21 |(15/2-) |14 PS LE
91 |41 |2792.55 |15 |(7/2+) |
91 |41 |2881.9 |4 |(7/2) |
91 |41 |2911.8 |3 | |
91 |41 |2969.9 |3 | |
91 |41 |2991.3 |3 | |
91 |41 |3028.26 |18 |7/2,9/2,11/2(+) |
91 |41 |3065.3 |8 |(5/2-) |
91 |41 |3080 |10 |(7/2) |
91 |41 |3110.13 |19 |(17/2)+ |0.2 NS LT
91 |41 |3126.04 |23 |(7/2) |
91 |41 |3149.17 |24 |7/2,9/2,11/2 |
91 |41 |3179.65 |22 |(3/2)+ |
91 |41 |3187.4 |3 |7/2,9/2,11/2 |
91 |41 |3273.5 |3 |(7/2) |
91 |41 |3300 |10 |(7/2) |
91 |41 |3328.6 |3 | |
91 |41 |3370.1 |15 |5/2+,7/2+ |
91 |41 |3434.4 | |(5/2)+ |
91 |41 |3461.6 | |(7/2) |
91 |41 |3466.77 |21 |(21/2)+ |0.92 NS 10
91 |41 |3562.1 |15 |(7/2) |
91 |41 |3591 |25 | |
91 |41 |3634.6 | |(5/2+,7/2-) |
91 |41 |3697.2 | |(5/2)+ |
91 |41 |3780 |10 |(7/2) |
91 |41 |3836.6 |5 |(7/2,9/2-) |
91 |41 |3886.6 |5 |7/2,9/2,11/2(-) |
91 |41 |3916.8 |6 |7/2,9/2,11/2 |
91 |41 |4023.5 | | |
91 |41 |4096.9 |3 |(19/2) |
91 |41 |4112 |25 | |
91 |41 |4164 |10 |1/2+ |
91 |41 |4180.7 |11 |7/2,9/2,11/2 |
91 |41 |4237.1 | |(5/2)+ |
91 |41 |4351.28 |24 |(21/2) |
91 |41 |4358 |10 |3/2+,5/2+ |
91 |41 |4404 |25 | |
91 |41 |4441 |10 |1/2+ |
91 |41 |4546 |10 |3/2+,5/2+ |
91 |41 |4650 |10 |3/2+,5/2+ |
91 |41 |4738 |10 |3/2+,5/2+ |
91 |41 |4817 |10 |7/2+,9/2+ |
91 |41 |4848.8 |4 |(23/2+) |
91 |41 |4852.5 |3 |(21/2) |
91 |41 |4912 |10 |3/2+,5/2+ |
91 |41 |5010 |10 |3/2+,5/2+ |
91 |41 |5034.5 |5 |(25/2+) |1.2 NS 3
91 |41 |5068 |10 |3/2+,5/2+ |
91 |41 |5135 |20 | |
91 |41 |5184.2 |4 |(23/2+) |
91 |41 |5226 |10 |(1/2+) |
91 |41 |5307 |10 |3/2+,5/2+ |
91 |41 |5349.5 |11 |(19/2,21/2,23/2) |
91 |41 |5392 |10 |3/2+,5/2+ |
91 |41 |5455.6 |5 |(27/2+) |
91 |41 |5502 |10 |3/2+,5/2+ |
91 |41 |5543.3 |4 |(21/2-) |
91 |41 |5622 |15 |1/2+ |
91 |41 |5685 |15 |1/2+ |
91 |41 |5788 |15 |1/2+ |
91 |41 |5792.1 |15 | |
91 |41 |5840 |15 |1/2+ |
91 |41 |5994 |15 | |
91 |41 |6009.3 |15 | |
91 |41 |6040 |15 |7/2+,9/2+ |
91 |41 |6088.2 |5 |(25/2+) |
91 |41 |6121 |15 |3/2+,5/2+ |
91 |41 |6180 |15 |3/2+,5/2+ |
91 |41 |6215 |15 |(7/2+,9/2+) |
91 |41 |6273.6 |5 |(25/2) |
91 |41 |6286 |15 | |
91 |41 |6345 |15 | |
91 |41 |6406 |15 | |
91 |41 |6518.7 |5 |(29/2+) |
91 |41 |6529 |15 |+ |
91 |41 |6703 |15 |+ |
91 |41 |6850 |15 |+ |
91 |41 |6919.1 |6 |(27/2) |
91 |41 |6923 |15 | |
91 |41 |7007 |15 |1/2+ |
91 |41 |7060 |15 | |
91 |41 |7112 |15 | |
91 |41 |7218 |15 | |
91 |41 |7437.7 |5 |(31/2+) |
91 |41 |8099.3 |6 |(33/2+) |
91 |41 |8630.3 |12 | |
91 |41 |8846.3 |12 |(37/2+) |
91 |41 |9437.3 |16 | |
91 |41 |9823 |6 |(5/2)+ |24 KEV 2
91 |41 |10137.3 |19 | |
91 |41 |11009 |4 |(1/2+) |83 KEV 4
91 |41 |11309 |5 |5/2+ |5.6 KEV 10
91 |41 |11548 |10 | |
91 |41 |11735 |5 |(7/2)+ |
91 |41 |11873 |3 |3/2+ |42 KEV 3
91 |41 |11958 |7 | |
91 |41 |12036 |5 | |28 KEV 2
91 |41 |12070 |40 |(11/2-) |
91 |41 |12084 |5 | |
91 |41 |12209 |5 | |
91 |41 |12366 |3 |1/2+ |63 KEV 5
91 |41 |12438 |7 | |
91 |41 |12489 |10 | |
91 |41 |12599 |5 | |
91 |41 |12662 |5 | |
91 |41 |12716 |4 | |40 KEV 5
91 |41 |12804 |5 | |
91 |41 |12839 |10 | |
91 |41 |12907 |4 |3/2+ |47 KEV 2
91 |41 |13126 |6 |3/2+ |30 KEV
91 |41 |13275 |5 | |
91 |41 |13310 |5 | |28 KEV 2
91 |41 |13380 |40 |7/2+,9/2+ |
91 |41 |13507 |4 |3/2+ |48 KEV 5
91 |41 |13635 |10 | |
91 |41 |13846 |7 | |
91 |41 |13957 |7 | |
91 |41 |14131 |4 | |
91 |41 |14311 |7 | |
91 |41 |14374 |10 | |
92 |41 |0.0 | |7+ |3.47E+7 Y 24
92 |41 |135.5 |4 |(2)+ |10.15 D 2
92 |41 |225.8 |4 |(2)- |5.9 US 2
92 |41 |285.7 |4 |(3)+ |1.1 NS +6-3
92 |41 |357.44 |16 |(5)+ |1.91 NS 4
92 |41 |389.8 |5 |(3)- |10 NS LE
92 |41 |480.28 |14 |(4)+ |0.62 NS 10
92 |41 |501.26 |18 |(6)+ |0.35 NS 5
92 |41 |975.0 |5 |(1+,2-) |10 NS LE
92 |41 |1089.4 |5 |(1)+ |10 NS LE
92 |41 |1150.0 |5 |(1-,2-) |
92 |41 |1310.8 |7 |(2-,3-) |10 NS LE
92 |41 |1323.8 |5 |(2,3)- |
92 |41 |1345.5 |5 |(2+) |10 NS LE
92 |41 |1374 |10 |- |
92 |41 |1374 |7 |+ |
92 |41 |1406.2 |5 |(5+) |
92 |41 |1410.3 |6 |(5,6,7) |
92 |41 |1415.0 |3 |(3,4) |10 NS LE
92 |41 |1422.7 |5 |(4-) |10 NS LE
92 |41 |1467.9 |5 |(4+) |
92 |41 |1472.8 |7 |(4+) |
92 |41 |1481.3 |5 |(1+) |
92 |41 |1524 | | |
92 |41 |1553.9 |5 |(1-,2,3) |10 NS LE
92 |41 |1565.7 |11 |(4)+ |
92 |41 |1607 |6 |4+,5+ |
92 |41 |1632.7 |11 |4+,5+ |
92 |41 |1642.0 |5 |(2)- |
92 |41 |1650.3 |3 |(5)+ |
92 |41 |1666.6 |5 |(1)- |
92 |41 |1678.1 |5 |(1)- |
92 |41 |1717 |6 |3-,4- |
92 |41 |1730 |10 |- |
92 |41 |1738.2 |5 |(3+) |
92 |41 |1768.03 |19 |(4)+ |
92 |41 |1779 |10 |- |
92 |41 |1816 |10 | |
92 |41 |1831 |7 |4+,5+ |
92 |41 |1832 |10 |- |
92 |41 |1851 |10 |- |
92 |41 |1875 |10 | |
92 |41 |1907 |10 |- |
92 |41 |1932 |10 |- |
92 |41 |1945.3 |4 |(7-,8+) |6 NS LE
92 |41 |1972 |10 | 5+ |
92 |41 |2033 |7 |+ |
92 |41 |2056 |7 |4+,5+ |
92 |41 |2082 |6 |- |
92 |41 |2087.5 |4 |(9)- |6 NS LE
92 |41 |2128 |7 | 5+ |
92 |41 |2142 |10 | 5+ |
92 |41 |2147 |11 |(-) |
92 |41 |2162 |11 |(+) |
92 |41 |2203.3 |4 |(11-) |167 NS 4
92 |41 |2213 |11 |(+) |
92 |41 |2235.7 |4 |(10-) |6 NS LE
92 |41 |2240 |10 | 5+ |
92 |41 |2243 |8 |- |
92 |41 |2254 |8 |(3-) |
92 |41 |2271 |11 |- |
92 |41 |2287.1 |5 |(9+) |6 NS LE
92 |41 |2292 |12 |(+) |
92 |41 |2294 |8 |- |
92 |41 |2311 |12 | |
92 |41 |2335 |10 | |
92 |41 |2362 |8 |+ |
92 |41 |2391 |6 |- |
92 |41 |2403 | |(+) |
92 |41 |2407 |12 |- |
92 |41 |2433 |10 | 5+ |
92 |41 |2463 |8 |(4,5)+ |
92 |41 |2498 |11 | |
92 |41 |2515 |13 | |
92 |41 |2530 |10 |+ |
92 |41 |2563 |8 |+ |
92 |41 |2580 |30 |(10-) |
92 |41 |2594 |7 |(+) |
92 |41 |2610 |8 | 5+ |
92 |41 |2656 |8 |(+) |
92 |41 |2666 |12 |- |
92 |41 |2680 |13 |+ |
92 |41 |2700 |14 |(+) |
92 |41 |2720 |14 |(+) |
92 |41 |2739 |7 |+ |
92 |41 |2756 |8 | |
92 |41 |2785 |10 | |
92 |41 |2802 |8 |(3)- |
92 |41 |2811 |10 | 5+ |
92 |41 |2832 |10 | |
92 |41 |2867 |10 |(+) |
92 |41 |2905 |9 | |
92 |41 |2926 |8 | |
92 |41 |2948 |6 |(6,5)+ |
92 |41 |2964 |8 | |
92 |41 |2981 |10 | |
92 |41 |2998.2 |5 |(11+) |6 NS LE
92 |41 |3010 |10 | |
92 |41 |3020 |10 | |
92 |41 |3045 |6 |(4,3)+ |
92 |41 |3064 |10 | |
92 |41 |3072 |10 | |
92 |41 |3090 |10 | 5+ |
92 |41 |3110 |12 |- |
92 |41 |3119 |7 |(3+,4+) |
92 |41 |3134 |10 | |
92 |41 |3142 |10 | |
92 |41 |3160 |10 | |
92 |41 |3185 |10 | |
92 |41 |3200 |10 | |
92 |41 |3228 |10 | |
92 |41 |3242 |10 | |
92 |41 |3260 |10 | |
92 |41 |3280 |10 | 5+ |
92 |41 |3294 |10 | 5+ |
92 |41 |3316 |8 |- |
92 |41 |3325.9 |5 |(13+) |6 NS LE
92 |41 |3330 |10 | 5+ |
92 |41 |3342 |12 |- |
92 |41 |3345 |10 | 5+ |
92 |41 |3372 |10 | 5+ |
92 |41 |3385 |10 | 5+ |
92 |41 |3403 |8 |- |
92 |41 |3445 |10 | 5+ |
92 |41 |3455 |8 |- |
92 |41 |3489 |12 |(+) |
92 |41 |3516 |8 |- |
92 |41 |3530 |10 | 5+ |
92 |41 |3550 |10 | |
92 |41 |3560 |10 | |
92 |41 |3580 |10 | |
92 |41 |3590 |10 | |
92 |41 |3619 |8 | 5+ |
92 |41 |3650 |10 | 5+ |
92 |41 |3665 |12 |- |
92 |41 |3672 |10 | 5+ |
92 |41 |3696 |10 | 5+ |
92 |41 |3716 |12 |- |
92 |41 |3753 | |+ |
92 |41 |3790 |10 | |
92 |41 |3796.9 |11 |(12,13) |6 NS LE
92 |41 |3805 |8 |- |
92 |41 |3837 |10 | |
92 |41 |3875 | | |
92 |41 |3882 | | |
92 |41 |3920 |30 | |
92 |41 |4032 | | |
92 |41 |4079 |12 |- |
92 |41 |4135 |12 |+ |
92 |41 |4172 | | |
92 |41 |4285 | | |
92 |41 |4355 | | |
92 |41 |4450 |30 | |
92 |41 |4830 |30 | |
92 |41 |4.93E3 |10 | |
92 |41 |5.21E3 |10 | |
92 |41 |5620 |30 | |
92 |41 |6.0E+3 |1 |(+) |
92 |41 |6280 | |(+) |
92 |41 |9008 |18 |(0+) |
92 |41 |9956 |10 |(2+) |33 KEV 2
92 |41 |10.47E3 |4 |(4+) |
92 |41 |10.83E3 |4 |(2+) |
92 |41 |11.089E3 | |(2+) |
92 |41 |11.54E3 |30 |(5)- |
92 |41 |11.80E3 |30 |(4)- |
93 |41 |0.0 | |9/2+ |STABLE
93 |41 |30.77 |2 |1/2- |16.12 Y 12
93 |41 |686.79 |10 |3/2- |0.28 PS +48-14
93 |41 |743.95 |5 |7/2+ |0.51 PS 4
93 |41 |808.82 |7 |5/2+ |6.16 PS 20
93 |41 |810.32 |9 |5/2- |1.0 PS GT
93 |41 |949.80 |3 |13/2+ |4.36 PS 15
93 |41 |970 |10 |1/2-,3/2- |
93 |41 |978.91 |5 |11/2+ |258 FS 18
93 |41 |1082.68 |5 |9/2+ |2.8 PS GT
93 |41 |1127.09 |12 |3/2,5/2,7/2 |
93 |41 |1284.26 |13 |(5/2)- |0.17 PS +6-4
93 |41 |1290 |12 |1/2-,3/2- |
93 |41 |1297.22 |6 |9/2+ |0.21 PS 3
93 |41 |1315.50 |11 |5/2+ |0.37 PS +31-12
93 |41 |1335.04 |4 |17/2+ |14 NS LT
93 |41 |1369.86 |17 |5/2- |0.55 PS GT
93 |41 |1395.42 |13 |(7/2-) |0.55 PS GT
93 |41 |1455.0 |8 |(1/2+,3/2+) |
93 |41 |1483.58 |7 |7/2(+) |45.7 FS 24
93 |41 |1490.99 |5 |15/2+ |14 NS LT
93 |41 |1499.94 |6 |(9/2-) |0.84 PS 22
93 |41 |1571.82 |14 |3/2- |0.19 PS +15-7
93 |41 |1588.06 |17 |3/2(-),5/2(-) |0.87 PS GT
93 |41 |1603.24 |16 |(9/2-) |
93 |41 |1603.44 |9 |11/2+ |0.32 PS +17-9
93 |41 |1665.66 |12 |5/2+ |0.24 PS +7-5
93 |41 |1679.50 |10 |5/2(+),7/2 |0.22 PS +6-4
93 |41 |1683.36 |8 |9/2+ |104 FS +17-14
93 |41 |1686.34 |9 |13/2+ |0.17 PS +4-3
93 |41 |1694.0 | | |
93 |41 |1703.51 |16 |3/2+,5/2+ |0.15 PS +19-6
93 |41 |1772.96 |17 |(7/2) |87 FS +14-10
93 |41 |1779.27 |17 |(5/2-) |73 FS +30-19
93 |41 |1784.40 |25 |(5/2+) |
93 |41 |1812.34 |21 |(19/2) |104 FS +35-24
93 |41 |1840.07 |17 |3/2-,5/2- |71 FS +24-17
93 |41 |1908.1 |11 |(5/2) |
93 |41 |1910.68 |7 |7/2+,9/2+,11/2+ |162 FS 13
93 |41 |1915.92 |10 |7/2 |62 FS 7
93 |41 |1947.73 |22 |3/2,5/2,7/2 |0.16 PS +9-5
93 |41 |1949.72 |10 |(7/2+) |0.5 PS +11-2
93 |41 |1949.81 |13 |(11/2) |0.6 PS +26-3
93 |41 |1968.27 |17 |(13/2-) |
93 |41 |1968.87 |5 |11/2+ |111 FS 19
93 |41 |1997.12 |17 |3/2-,5/2- |64 FS +15-12
93 |41 |2002.52 |10 |(11/2+) |0.55 PS GT
93 |41 |2012.41 |18 |(5/2)- |21 FS +20-8
93 |41 |2019.7 |4 |(7/2-,9/2-) |
93 |41 |2023.91 |18 |(5/2)- |54 FS +28-17
93 |41 |2037.2 |3 |(9/2+,11/2+) |
93 |41 |2099.23 |17 |(3/2-,5/2,7/2) |92 FS +43-25
93 |41 |2122.67 |6 |9/2+ |97 FS 16
93 |41 |2126.89 |12 |(5/2-,7/2,9/2-) |0.16 PS +12-8
93 |41 |2132.6 |5 |(7/2) |
93 |41 |2153.60 |20 |(1/2,3/2,5/2-) |80 FS +19-14
93 |41 |2162.64 |12 |(11/2+,13/2,15/2+) |0.28 PS +21-9
93 |41 |2170.65 |10 |9/2+ |0.24 PS +11-6
93 |41 |2180 |10 |3/2+,5/2+ |
93 |41 |2180.04 |5 |(17/2)- |
93 |41 |2184.14 |21 | |76 PS +31-21
93 |41 |2203.5 |3 |(9/2+) |
93 |41 |2250 | | |
93 |41 |2280.7 |7 |(7/2-) |
93 |41 |2310.9 |9 | |
93 |41 |2320 |10 |3/2+,5/2+ |
93 |41 |2330.0 |5 | |
93 |41 |2367.5 |10 |9/2,13/2(+) |
93 |41 |2506.88 |8 | |66 FS +21-14
93 |41 |2520 |10 |(1/2+) |
93 |41 |2584.2 |7 |3/2+,5/2+ |
93 |41 |2752.84 |5 |(19/2)+ |
93 |41 |2832.8 |9 |21/2+ |
93 |41 |2838 |4 |11/2 |
93 |41 |2980 |20 | |
93 |41 |3086.0 |10 |(21/2) |
93 |41 |3150 |20 | |
93 |41 |3512 |17 | |
93 |41 |3667.8 |13 | |
93 |41 |3674.0 |15 |(25/2) |
93 |41 |3684.8 |12 | |
93 |41 |3720 |30 | |
93 |41 |3840 |17 | |
93 |41 |3930 |30 | |
93 |41 |4060 |30 | |
93 |41 |4104.7 |12 |25/2(+) |
93 |41 |4224 |17 | |
93 |41 |4340 |20 | |
93 |41 |4403.0 |18 |(29/2) |
93 |41 |4460 |20 | |
93 |41 |4548 |17 | |
93 |41 |4650 |20 | |
93 |41 |4700 |30 | |
93 |41 |4810 |30 | |
93 |41 |4864.6 |16 |29/2(+) |
93 |41 |5000 |30 | |
93 |41 |5155.1 |18 | |
93 |41 |5340 |40 | |
93 |41 |5490 |40 | |
93 |41 |5904.3 |19 |33/2(+) |
93 |41 |6464.3 |10 |11/2(+) |
93 |41 |7372.3 |21 |(35/2-) |
93 |41 |7435.3 |21 |37/2(-) |
93 |41 |7828.3 |23 |39/2(-) |
93 |41 |8325.4 |25 |41/2(-) |
93 |41 |8377.4 |21 |(37/2) |
93 |41 |8940 |3 |(43/2-) |
93 |41 |9134.4 |22 |(41/2-) |
93 |41 |9425 |3 |(45/2+) |
93 |41 |9699.4 |22 |(39/2-,41/2-) |
93 |41 |9782.4 |23 | |
93 |41 |9922.4 |23 |(43/2-) |
93 |41 |10955.4 |25 | |
93 |41 |7435.3+X | | |1.5 US 5
93 |41 |11059 | |5/2+ |13 KEV 5
93 |41 |11981 |5 |1/2+ |90 KEV 9
93 |41 |12171 |AP | |24 KEV
93 |41 |12503 | |3/2+ |38 KEV 3
93 |41 |12570 |40 |7/2+,9/2+ |
93 |41 |12993 | |1/2+ |42 KEV 3
93 |41 |13090 |40 |9/2-,11/2- |
93 |41 |13542 | | |68 KEV 5
93 |41 |13581 | |3/2+ |45 KEV 5
93 |41 |13839 | |3/2+ |63 KEV 3
93 |41 |14091 | | |30 KEV 3
93 |41 |14363 | |5/2+ |51 KEV 5
93 |41 |14477 | |7/2- |43 KEV 7
93 |41 |16400 |50 |- |5.05 MEV
94 |41 |0.0 | |6+ |2.03E+4 Y 16
94 |41 |40.892 |12 |3+ |6.263 M 4
94 |41 |58.708 |10 |(4)+ |
94 |41 |78.6683 |8 |(7)+ |
94 |41 |113.4009 |8 |(5)+ |5 NS LT
94 |41 |140.298 |12 |(2)- |30 NS 5
94 |41 |301.558 |12 |(2)- |
94 |41 |311.821 |10 |(4,5)+ |
94 |41 |334.102 |12 |(3)+ |
94 |41 |396.227 |12 |(3)- |5 NS LT
94 |41 |450.204 |14 |(3)- |
94 |41 |631.533 |13 |(4)+ |
94 |41 |640.988 |10 |(5)+ |
94 |41 |666.10 |3 |(3)+ |
94 |41 |785.657 |25 |(3)+ |
94 |41 |792.595 |16 |(3,4)+ |
94 |41 |816.83 |3 |(3)- |
94 |41 |895.650 |14 |(3+,4-) |
94 |41 |924.252 |25 |(2+) |
94 |41 |932.70 |3 | |
94 |41 |936.036 |20 |+ |
94 |41 |948.0 |9 |(8) |
94 |41 |957.36 |3 |(5)+ |
94 |41 |970.161 |15 | |
94 |41 |976.76 |4 | |
94 |41 |979.29 |18 |(2) |
94 |41 |991.3 |9 |(9) |
94 |41 |1006.2 |21 |4+,5+ |
94 |41 |1010.9 |3 | |
94 |41 |1023.35 |4 | |
94 |41 |1030.191 |17 | |
94 |41 |1061.223 |23 |4+,5+ |
94 |41 |1085.955 |19 |(2+,3,4) |
94 |41 |1158.71 |4 | |
94 |41 |1163.2 |9 |(3+,4,5+) |
94 |41 |1169.88 |6 |4+,5+ |
94 |41 |1179.61 |6 | |
94 |41 |1182.4 |8 | |
94 |41 |1202 | |+ |
94 |41 |1230.10 |7 |(4+,5-) |
94 |41 |1231.92 |3 |(2,3,4)+ |
94 |41 |1247.26 |7 | |
94 |41 |1256.85 |10 |+ |
94 |41 |1262.82 |7 |(3,4-) |
94 |41 |1272.83 |4 | |
94 |41 |1281.44 |11 |4+,5+ |
94 |41 |1323.41 |15 |4+,5+ |
94 |41 |1332.6 |3 |(3+,4,5+) |
94 |41 |1346.69 |15 | |
94 |41 |1361.1 |7 |+ |
94 |41 |1392.73 |12 |+ |
94 |41 |1405 |1 |+ |
94 |41 |1428 | |(+) |
94 |41 |1448.1 |13 | |
94 |41 |1458.12 |13 | |
94 |41 |1464.1 |11 | |
94 |41 |1484.9 |15 | |
94 |41 |1488.9 |3 | |
94 |41 |1492.9 |4 | |
94 |41 |1499.92 |14 | |
94 |41 |1519.0 |10 |- |
94 |41 |1559.7 |16 | |
94 |41 |1569.6 |16 |4+,5+ |
94 |41 |1581.95 |14 | |
94 |41 |1609.6 |12 |(11) |
94 |41 |1615.4 |7 | |
94 |41 |1620.6 |4 |4+,5+ |
94 |41 |1636.14 |11 | |
94 |41 |1639.27 |16 | |
94 |41 |1655.09 |17 | |
94 |41 |1659.0 |7 |(4+,5+) |
94 |41 |1678.5 |3 | |
94 |41 |1695.74 |15 | |
94 |41 |1716.66 |19 | |
94 |41 |1720.1 |3 | |
94 |41 |1731.4 |13 | |
94 |41 |1763.7 |3 | |
94 |41 |1770.3 |4 | |
94 |41 |1776.92 |14 | |
94 |41 |1779.72 |5 |+ |
94 |41 |1805.5 |3 |+ |
94 |41 |1815.75 |18 | |
94 |41 |1821.2 |7 |+ |
94 |41 |1828.1 |3 | |
94 |41 |1859.75 |11 | |
94 |41 |1864.13 |14 |4+,5+ |
94 |41 |1879.35 |14 | |
94 |41 |1882.39 |17 | |
94 |41 |1900 | | |
94 |41 |1912.1 |15 | |
94 |41 |1920.0 |4 | |
94 |41 |1926.8 |4 |4+,5+ |
94 |41 |1930.9 |11 |(9) |
94 |41 |1937.45 |17 | |
94 |41 |1943.76 |23 | |
94 |41 |1950.4 |3 | |
94 |41 |1956.73 |22 | |
94 |41 |1970.22 |17 | |
94 |41 |1975.5 |4 | |
94 |41 |1983.1 |9 | |
94 |41 |1997.37 |20 | |
94 |41 |2000.0 |6 |4+,5+ |
94 |41 |2010.4 |3 | |
94 |41 |2014.19 |20 | |
94 |41 |2020.0 |3 | |
94 |41 |2033.6 |3 | |
94 |41 |2047.94 |15 | |
94 |41 |2062.0 |14 | |
94 |41 |2071.4 |5 | |
94 |41 |2076.8 |4 |4+,5+ |
94 |41 |2098.78 |16 | |
94 |41 |2102.0 |4 | |
94 |41 |2124.62 |15 | |
94 |41 |2134.9 |4 | |
94 |41 |2140.57 |17 | |
94 |41 |2150.1 |5 | |
94 |41 |2157.67 |15 | |
94 |41 |2162.28 |16 | |
94 |41 |2168.2 |3 | |
94 |41 |2175.2 |4 | |
94 |41 |2181.7 |7 | |
94 |41 |2189.5 |8 | |
94 |41 |2195.86 |16 | |
94 |41 |2207.0 |3 | |
94 |41 |2215.4 |3 | |
94 |41 |2221.16 |24 | |
94 |41 |2229.98 |17 | |
94 |41 |2236.48 |24 |4+,5+ |
94 |41 |2245.3 |5 | |
94 |41 |2250.5 |11 |(10) |
94 |41 |2253 | | |
94 |41 |2278.5 |7 | |
94 |41 |2284.9 |4 | |
94 |41 |2286.41 |25 | |
94 |41 |2300.04 |22 | |
94 |41 |2304.7 |3 | |
94 |41 |2314.4 |3 | |
94 |41 |2320.5 |4 | |
94 |41 |2325.9 |3 |4+,5+ |
94 |41 |2336.7 |7 | |
94 |41 |2346.3 |5 | |
94 |41 |2355.3 |14 | |
94 |41 |2363.54 |21 | |
94 |41 |2369.8 |3 | |
94 |41 |2378.5 |5 | |
94 |41 |2393.1 |4 | |
94 |41 |2398.6 |15 | |
94 |41 |2407.0 |6 | |
94 |41 |2412.3 |5 | |
94 |41 |2417.8 |3 | |
94 |41 |2420.6 |5 | |
94 |41 |2436.5 |5 | |
94 |41 |2442.3 |15 | |
94 |41 |2449.2 |13 |(11) |
94 |41 |2449.7 |6 | |
94 |41 |2455.7 |4 | |
94 |41 |2471.68 |17 | |
94 |41 |2478.9 |3 | |
94 |41 |2488.98 |17 | |
94 |41 |2502.98 |23 | |
94 |41 |2509.6 |3 | |
94 |41 |2516.38 |18 | |
94 |41 |2528.3 |4 | |
94 |41 |2537.3 |7 | |
94 |41 |2545.93 |25 | |
94 |41 |2555.80 |17 | |
94 |41 |2565.63 |18 | |
94 |41 |2576.0 |9 | |
94 |41 |2585.8 |4 | |
94 |41 |2592.54 |17 | |
94 |41 |2598.07 |17 | |
94 |41 |2607.71 |20 | |
94 |41 |2620.1 |3 | |
94 |41 |2633.52 |17 | |
94 |41 |2645.0 |5 | |
94 |41 |2649.6 |8 | |
94 |41 |2654.1 |5 | |
94 |41 |2662.2 |13 | |
94 |41 |2669.45 |18 | |
94 |41 |2674.1 |3 | |
94 |41 |2685.0 |4 | |
94 |41 |2689.34 |17 | |
94 |41 |2696.5 |5 | |
94 |41 |2703.87 |18 | |
94 |41 |2709.0 |9 | |
94 |41 |2722.3 |4 | |
94 |41 |2726.55 |18 | |
94 |41 |2730.2 |3 | |
94 |41 |2738.1 |4 | |
94 |41 |2742.6 |7 | |
94 |41 |2757.27 |20 | |
94 |41 |2761.5 |3 | |
94 |41 |2769.1 |5 | |
94 |41 |2772.67 |19 | |
94 |41 |2777.4 |4 | |
94 |41 |2780.9 |8 | |
94 |41 |2790.6 |7 | |
94 |41 |2796.01 |18 | |
94 |41 |2801.6 |6 | |
94 |41 |2810.4 |19 | |
94 |41 |2817.9 |13 |(12) |
94 |41 |2821.32 |20 | |
94 |41 |2824.8 |4 | |
94 |41 |2832.91 |18 | |
94 |41 |2838.98 |21 | |
94 |41 |2843.73 |20 | |
94 |41 |2849.8 |3 | |
94 |41 |2855.8 |3 | |
94 |41 |2875.96 |23 | |
94 |41 |2880.38 |21 | |
94 |41 |2889.7 |3 | |
94 |41 |2897.17 |19 | |
94 |41 |2900.67 |20 | |
94 |41 |2913.75 |22 | |
94 |41 |2923.22 |19 | |
94 |41 |2930.0 |9 | |
94 |41 |2942.79 |25 | |
94 |41 |2950.6 |9 | |
94 |41 |2955.68 |19 | |
94 |41 |2967.3 |6 | |
94 |41 |2981.8 |6 | |
94 |41 |2985.86 |23 | |
94 |41 |2990.84 |20 | |
94 |41 |2995.9 |5 | |
94 |41 |3003.6 |8 | |
94 |41 |3007.09 |23 | |
94 |41 |3019.65 |20 | |
94 |41 |3031.31 |20 | |
94 |41 |3036.8 |3 | |
94 |41 |3042.1 |3 | |
94 |41 |3047.09 |21 | |
94 |41 |3055.44 |22 | |
94 |41 |3059.4 |11 | |
94 |41 |3071.48 |22 | |
94 |41 |3074.18 |22 | |
94 |41 |3084.48 |22 | |
94 |41 |3088.48 |22 | |
94 |41 |3097.68 |22 | |
94 |41 |3106.68 |22 | |
94 |41 |3112.68 |22 | |
94 |41 |3118.88 |22 | |
94 |41 |3126.78 |22 | |
94 |41 |3137.6 |3 | |
94 |41 |3142.3 |5 | |
94 |41 |3148.7 |3 | |
94 |41 |3153.4 |4 | |
94 |41 |3169.8 |4 | |
94 |41 |3172.3 |5 | |
94 |41 |3177.6 |6 | |
94 |41 |3183.48 |20 | |
94 |41 |3195.2 |4 | |
94 |41 |3199.4 |3 | |
94 |41 |3204.49 |22 | |
94 |41 |3212.09 |22 | |
94 |41 |3217.29 |22 | |
94 |41 |3222.4 |13 | |
94 |41 |3227.79 |22 | |
94 |41 |3245.39 |22 | |
94 |41 |3249.3 |4 | |
94 |41 |3255.99 |22 | |
94 |41 |3267.0 |14 | |
94 |41 |3272.29 |22 | |
94 |41 |3281.79 |22 | |
94 |41 |3291.29 |22 | |
94 |41 |3296.29 |22 | |
94 |41 |3300.19 |22 | |
94 |41 |3304.49 |22 | |
94 |41 |3307.3 |15 |(12) |
94 |41 |3308.39 |22 | |
94 |41 |3315.29 |22 | |
94 |41 |3320.99 |22 | |
94 |41 |3325.8 |3 | |
94 |41 |3335.19 |22 | |
94 |41 |3339.29 |22 | |
94 |41 |3342.09 |22 | |
94 |41 |3348.89 |22 | |
94 |41 |3356.6 |4 | |
94 |41 |3360.49 |22 | |
94 |41 |3369.1 |3 | |
94 |41 |3371.69 |22 | |
94 |41 |3376.6 |4 | |
94 |41 |3390.89 |22 | |
94 |41 |3393.8 |3 | |
94 |41 |3399.2 |3 | |
94 |41 |3406.6 |3 | |
94 |41 |3411.1 |3 | |
94 |41 |3417.30 |22 | |
94 |41 |3421.3 |7 | |
94 |41 |3424.5 |3 | |
94 |41 |3431.2 |3 | |
94 |41 |3434.1 |3 | |
94 |41 |3438.50 |20 | |
94 |41 |3442.3 |8 | |
94 |41 |3454.10 |20 | |
94 |41 |3462.8 |3 | |
94 |41 |3467.10 |22 | |
94 |41 |3473.30 |22 | |
94 |41 |3475.0 |15 |(13) |
94 |41 |3482.50 |22 | |
94 |41 |3487.10 |22 | |
94 |41 |3492.6 |3 | |
94 |41 |3498.30 |22 | |
94 |41 |3507.40 |2 | |
94 |41 |3520.3 |3 | |
94 |41 |3524.3 |4 | |
94 |41 |3533.20 |20 | |
94 |41 |3536.2 |4 | |
94 |41 |3544.50 |20 | |
94 |41 |3547.50 |20 | |
94 |41 |3551.40 |20 | |
94 |41 |3569.50 |20 | |
94 |41 |3576.80 |20 | |
94 |41 |3582.00 |20 | |
94 |41 |3590.2 |4 | |
94 |41 |3594.00 |20 | |
94 |41 |3600.2 |4 | |
94 |41 |3622.4 |5 | |
94 |41 |3633.9 |3 | |
94 |41 |3638.5 |3 | |
94 |41 |3647.9 |3 | |
94 |41 |3656.9 |8 | |
94 |41 |3666.51 |20 | |
94 |41 |3671.0 |3 | |
94 |41 |3674.71 |20 | |
94 |41 |3684.61 |20 | |
94 |41 |3689.11 |20 | |
94 |41 |3695.2 |3 | |
94 |41 |3703.4 |3 | |
94 |41 |3706.4 |3 | |
94 |41 |3713.81 |22 | |
94 |41 |3720.01 |22 | |
94 |41 |3725.41 |22 | |
94 |41 |3732.7 |3 | |
94 |41 |3738.1 |3 | |
94 |41 |3744.6 |3 | |
94 |41 |3747.21 |2 | |
94 |41 |3750.6 |4 | |
94 |41 |3762.51 |22 | |
94 |41 |3769.71 |22 | |
94 |41 |3774.6 |5 | |
94 |41 |3778.8 |4 | |
94 |41 |3785.0 |4 | |
94 |41 |3787.8 |4 | |
94 |41 |3796.31 |22 | |
94 |41 |3799.71 |22 | |
94 |41 |3807.2 |3 | |
94 |41 |3811.7 |3 | |
94 |41 |3819.5 |3 | |
94 |41 |3831.0 |3 | |
94 |41 |3835.4 |3 | |
94 |41 |3839.51 |22 | |
94 |41 |3844.51 |22 | |
94 |41 |3853.7 |6 | |
94 |41 |3861.01 |22 | |
94 |41 |3866.41 |2 | |
94 |41 |3874.41 |22 | |
94 |41 |3877.2 |3 | |
94 |41 |3884.11 |22 | |
94 |41 |3888.1 |3 | |
94 |41 |3897.31 |22 | |
94 |41 |3902.81 |22 | |
94 |41 |3908.12 |22 | |
94 |41 |3912.3 |3 | |
94 |41 |3915.8 |5 | |
94 |41 |3920.1 |6 | |
94 |41 |3923.3 |4 | |
94 |41 |3926.6 |6 | |
94 |41 |3933.0 |6 | |
94 |41 |3936.62 |22 | |
94 |41 |3942.2 |3 | |
94 |41 |3947.7 |4 | |
94 |41 |3953.1 |4 | |
94 |41 |3961.62 |22 | |
94 |41 |3967.72 |22 | |
94 |41 |3972.1 |3 | |
94 |41 |3975.7 |3 | |
94 |41 |3983.2 |3 | |
94 |41 |3987.02 |22 | |
94 |41 |3992.1 |3 | |
94 |41 |4001.0 |3 | |
94 |41 |4290.3 |17 | |
94 |41 |4549.9 |18 |(15) |
94 |41 |5331.4 |21 |(17) |
94 |41 |5814.2 |23 |(18) |
95 |41 |0.0 | |9/2+ |34.991 D 6
95 |41 |235.69 |2 |1/2- |3.61 D 3
95 |41 |724.195 |4 |7/2+ |70 PS LE
95 |41 |730 |6 |(5/2)+ |
95 |41 |756.728 |12 |7/2+ |70 PS LE
95 |41 |799 |4 |3/2- |
95 |41 |805 |5 |(5/2:13/2)+ |
95 |41 |824.70 |20 |(13/2+) |
95 |41 |877 |7 |(5/2:13/2)+ |
95 |41 |1010 |5 |(5/2-) |
95 |41 |1088 |11 |9/2+ |
95 |41 |1149 |11 |(5/2:13/2)+ |
95 |41 |1216 |7 |(7/2:11/2)- |
95 |41 |1219 |5 |3/2- |
95 |41 |1268 |7 |9/2+ |
95 |41 |1274 |6 |5/2- |
95 |41 |1337 |9 |9/2+ |
95 |41 |1364 |8 | |
95 |41 |1394 |9 | |
95 |41 |1430 |12 |(3/2+) |
95 |41 |1464 |5 | |
95 |41 |1518 |8 |(5/2:13/2)+ |
95 |41 |1565 |8 |9/2+ |
95 |41 |1590 |8 |3/2+,5/2+ |
95 |41 |1618 |7 |3/2+,5/2+ |
95 |41 |1645 |8 |1/2-,3/2- |
95 |41 |1649.4 |3 |(17/2+) |
95 |41 |1660 |6 |9/2+ |
95 |41 |1704 |7 |(7/2+) |
95 |41 |1730 |7 |(5/2:13/2)+ |
95 |41 |1767 |4 |(7/2:11/2)- |
95 |41 |1813 |6 |5/2+ |
95 |41 |1847 |2 |(5/2:13/2)+ |
95 |41 |1903 |6 |9/2+ |
95 |41 |1958 |9 |9/2+ |
95 |41 |1972 |8 |3/2-,5/2- |
95 |41 |2018 |16 |9/2+ |
95 |41 |2049 |5 |(3/2:15/2)- |
95 |41 |2100 |9 | |
95 |41 |2121 |8 |3/2+,5/2+ |
95 |41 |2159 |6 |3/2+,5/2+ |
95 |41 |2194 |9 |(5/2+:13/2)+ |
95 |41 |2247 |8 |(3/2+,5/2-) |
95 |41 |2275 |14 |(1/2:17/2)+ |
95 |41 |2303 |7 |5/2- |
95 |41 |2328 |12 |1/2-,3/2- |
95 |41 |2328.4 |3 |(21/2+) |
95 |41 |2364 |4 |(1/2+) |
95 |41 |2383 |8 |1/2- |
95 |41 |2390 |7 |(5/2:13/2)+ |
95 |41 |2414 |8 |(3/2+) |
95 |41 |2430 |4 |(3/2+,5/2+) |
95 |41 |2481 |12 |5/2-,7/2- |
95 |41 |2486 |8 |1/2- |
95 |41 |2522.0 |4 |(21/2+) |
95 |41 |2540 |20 |(5/2:13/2)+ |
95 |41 |2599 |8 |5/2- |
95 |41 |2632 |8 |(3/2+) |
95 |41 |2637 |4 |9/2+ |
95 |41 |2670 |8 |(5/2-) |
95 |41 |2706 |2 |(5/2:13/2)+ |
95 |41 |2724 |8 |5/2- |
95 |41 |2766 |4 |9/2+ |
95 |41 |2787 |12 |5/2-,7/2- |
95 |41 |2816 |5 |(3/2:15/2)- |
95 |41 |2891 |5 |(5/2:13/2)+ |
95 |41 |2947 |6 |9/2+ |
95 |41 |2977 |10 |3/2+,5/2+ |
95 |41 |2993 |5 |(1/2:17/2)+ |
95 |41 |3039 |8 | |
95 |41 |3045 |7 |(3/2:15/2)- |
95 |41 |3110 |9 |9/2+ |
95 |41 |3149 |3 |9/2+ |
95 |41 |3196 |15 |9/2+ |
95 |41 |3198.3 |4 |(25/2+) |
95 |41 |3233 |9 |(1/2:17/2)+ |
95 |41 |3307 |7 |9/2+ |
95 |41 |3358 |6 |9/2+ |
95 |41 |3408 |8 |(1/2:17/2)+ |
95 |41 |3481 |7 |(1/2:17/2)+ |
95 |41 |3545 |3 |(1/2:17/2)+ |
95 |41 |3585 |8 |(5/2:13/2)+ |
95 |41 |3625 |5 |(1/2:17/2)+ |
95 |41 |3669 |9 |(5/2:13/2)+ |
95 |41 |3900 |20 | |
95 |41 |4050 |20 | |
95 |41 |4070.9 |5 |(29/2+) |
95 |41 |4160 |20 | |
95 |41 |4360 |20 | |
95 |41 |4520 |20 | |
95 |41 |4610 |20 | |
95 |41 |4830 |20 | |
95 |41 |5140.0 |5 |(33/2+) |
95 |41 |5200 |20 | |
95 |41 |5360 |20 | |
95 |41 |5643.4 |6 | |
95 |41 |5770 |20 | |
95 |41 |6487.7 |6 | |
95 |41 |7493.3 |7 | |
95 |41 |8695.2 |7 | |
95 |41 |11990 | |(5/2)+ |
95 |41 |12852 |9 |1/2+ |
95 |41 |13274 |5 |(5/2+) |
95 |41 |13601 |6 |3/2+ |
95 |41 |13690 | |7/2+,9/2+ |
95 |41 |13721 |6 |5/2+ |
95 |41 |13922 |6 |(5/2+) |
95 |41 |14070 | |9/2-,11/2- |
95 |41 |14262 |10 | |
95 |41 |14301 |10 |(3/2+) |
95 |41 |14365 |7 |(3/2+) |
95 |41 |14456 |10 |(7/2+,9/2+) |
95 |41 |14630 |11 |3/2+ |
95 |41 |14710 | |7/2+ |
95 |41 |14732 |10 |(7/2)+ |
95 |41 |14832 |12 |(7/2+) |
95 |41 |14978 |6 |(3/2+) |
95 |41 |15006 |6 |(3/2+) |
95 |41 |15057 |12 |(7/2-) |
96 |41 |0 | |6+ |23.35 H 5
96 |41 |44.19 |6 |(5+) |
96 |41 |146.10 |10 |(4+) |0.8 NS LT
96 |41 |184.58 |12 |(3+) |0.8 NS LT
96 |41 |233 |5 |(7+) |
96 |41 |511.84 |15 |(2-) |0.4 NS LT
96 |41 |634.96 |19 |(2+) |1.4 NS LT
96 |41 |694.62 |16 |(3-) |1.4 NS LT
96 |41 |867.9 |3 |(3-) |
96 |41 |1002.67 |18 |(3-,2-) |
96 |41 |1045.4 |4 |(4,3) |
96 |41 |1116 |10 | |
96 |41 |1140.7 |3 |(0-,2) |
96 |41 |1156.1 |5 | |
96 |41 |1242.4 |4 |(3) |
96 |41 |1258.2 |8 | |
96 |41 |1270.18 |21 | |
96 |41 |1325.6 |4 |(4) |
96 |41 |1346.3 |3 | |
96 |41 |1368.5 |3 | |
96 |41 |1427 |5 | |
96 |41 |1498.5 |4 |(0,3) |
96 |41 |1519.9 |6 |(3,0) |
96 |41 |1537 |10 | |
96 |41 |1614.7 |4 | |
96 |41 |1652 |10 | |
96 |41 |1720 |10 | |
96 |41 |1810 |10 | |
96 |41 |1872 |10 | |
96 |41 |1937 |10 | |
96 |41 |1973 |10 | |
96 |41 |2100 |30 | |
96 |41 |2240 |30 | |
96 |41 |2380 |30 | |
96 |41 |2470 |30 | |
96 |41 |2730 |40 | |
97 |41 |0.0 | |9/2+ |72.1 M 7
97 |41 |743.35 |3 |1/2- |58.7 S 18
97 |41 |1147.96 |6 |7/2+ |0.15 NS LE
97 |41 |1160 |10 |9/2+ |
97 |41 |1251.01 |7 |3/2- |
97 |41 |1276.09 |7 |5/2+ |
97 |41 |1433.92 |13 |5/2- |
97 |41 |1548.36 |11 |(3/2+,5/2-) |
97 |41 |1554 |15 |1/2-,3/2- |
97 |41 |1652.82 |21 | |
97 |41 |1750.43 |9 |5/2+ |0.2 NS LE
97 |41 |1764.42 |14 |(3/2-) |
97 |41 |1851.71 |6 |5/2+ |0.2 NS LE
97 |41 |1945 |15 |7/2+,9/2+ |
97 |41 |1958.4 |6 | |
97 |41 |2047 |10 |(3/2-) |
97 |41 |2092 |15 |3/2+,5/2+ |
97 |41 |2105.91 |6 |(3/2+) |0.2 NS LE
97 |41 |2113 |10 |5/2- |
97 |41 |2247.46 |15 |3/2- |
97 |41 |2357 |15 |(1/2+) |
97 |41 |2388 |10 |(3/2-) |
97 |41 |2525 |15 |3/2+,5/2+ |
97 |41 |2541 |10 |(5/2-) |
97 |41 |2550 |20 |1/2-,3/2- |
97 |41 |2654 |10 | |
97 |41 |2676 |15 |3/2+,5/2+ |
97 |41 |2702 |15 |3/2+,5/2+ |
97 |41 |2727 |15 |3/2+,5/2+ |
97 |41 |2748 |15 |(3/2+,5/2+) |
97 |41 |2792 |15 |(1/2+) |
97 |41 |2948 |15 | |
97 |41 |2981 |15 |(1/2+) |
97 |41 |3067 |15 |(3/2+,5/2+) |
97 |41 |3212 |15 |(3/2+,5/2+) |
97 |41 |3326 |15 |(1/2-,3/2-) |
97 |41 |3362 |15 |3/2+,5/2+ |
97 |41 |3418 |15 |3/2+,5/2+ |
97 |41 |3486 |15 |(3/2+,5/2+) |
97 |41 |3518 |15 |3/2+,5/2+ |
97 |41 |3537 |15 |(3/2+,5/2+) |
97 |41 |3586 |15 |3/2+,5/2+ |
97 |41 |3643 |15 |3/2+,5/2+ |
97 |41 |3759 |15 |(5/2-,7/2-) |
97 |41 |3799 |15 |(3/2+,5/2+) |
97 |41 |3862 |15 |3/2+,5/2+ |
97 |41 |3945 |15 |3/2+,5/2+ |
97 |41 |4038 |15 |3/2+,5/2+ |
97 |41 |4080 |20 | |
97 |41 |4200 |20 | |
97 |41 |4350 |20 | |
97 |41 |4530 |20 | |
97 |41 |4660 |20 | |
97 |41 |4780 |20 | |
97 |41 |4880 |20 | |
97 |41 |4960 |20 | |
97 |41 |5220 |20 | |
97 |41 |5330 |20 | |
97 |41 |5460 |20 | |
97 |41 |5630 |20 | |
97 |41 |14430 |30 |(3/2+) |
97 |41 |14650 |30 |(7/2+) |
97 |41 |15640 |30 |(11/2-) |
98 |41 |0 | |1+ |2.86 S 6
98 |41 |84 |4 |(5+) |51.3 M 4
98 |41 |226 |5 |(4+) |
98 |41 |534 |7 | |
98 |41 |617 |7 | |
98 |41 |680 |7 | |
98 |41 |737 |4 |(3+) |
98 |41 |807 |10 | |
98 |41 |907 |5 | |
98 |41 |1034 |6 | |
98 |41 |1382 |6 | |
98 |41 |1483 |5 | |
98 |41 |1598 |8 | |
98 |41 |1723 |7 | |
98 |41 |1771 |10 | |
98 |41 |1869 |10 | |
98 |41 |2023 |10 | |
99 |41 |0.0 | |9/2+ |15.0 S 2
99 |41 |365.27 |8 |1/2- |2.5 M 2
99 |41 |387.38 |7 |(7/2+) |17 PS 4
99 |41 |469.139 |13 |(5/2)+ |0.173 NS 4
99 |41 |544.23 |8 |3/2- |56 PS 10
99 |41 |630.70 |22 |5/2- |
99 |41 |765.05 |18 |3/2+ |
99 |41 |816.73 |14 |5/2+ |
99 |41 |930.91 |9 |(3/2+) |10 PS LT
99 |41 |959.31 |8 |(1/2+) |10 PS LT
99 |41 |970 |10 |1/2-,3/2- |
99 |41 |1015.27 |4 |(3/2)+ |5 PS LT
99 |41 |1044.33 |20 | |
99 |41 |1264 |9 |3/2- |
99 |41 |1305 |12 | |
99 |41 |1408 |9 |5/2-,7/2- |
99 |41 |1543 |12 | |
99 |41 |1579 |8 |5/2-,7/2- |
99 |41 |1703 |15 | |
99 |41 |1759 |13 |(3/2)- |
99 |41 |1831 |20 | |
99 |41 |1921 |20 | |
99 |41 |1974.5 |4 | |5 NS LT
99 |41 |2336.3 |3 | |
100 |41 |0.0 | |1+ |1.5 S 2
100 |41 |314 |23 |(5+) |2.99 S 11
100 |41 |400.49 |4 |1+ |0.19 NS 23
100 |41 |471.38 |7 |(1+) |
100 |41 |498.1 |3 |(0:3+) |
100 |41 |504.26 |4 |1+ |
100 |41 |653.9 |1 |(0:3+) |
100 |41 |703.6 |1 |(0:3+) |
100 |41 |0+X | |(5+) |
100 |41 |34.3+X | |(4-,5-,6-) |0.46 US 6
100 |41 |207.4+X | |(5-,6-,7-) |1 NS LT
100 |41 |392.7+X | |(6-) |
100 |41 |420.7+X | |(8-) |13 US 1
100 |41 |0+Y | | |
100 |41 |25+Y |10 | |
100 |41 |131+Y |10 | |
100 |41 |210+Y |15 | |
100 |41 |348+Y |15 | |
100 |41 |410+Y |15 | |
100 |41 |450+Y |20 | |
100 |41 |520+Y |20 | |
100 |41 |565+Y |10 | |
100 |41 |595+Y |20 | |
100 |41 |680+Y |20 | |
100 |41 |720+Y |20 | |
100 |41 |784+Y |20 | |
100 |41 |820+Y |20 | |
100 |41 |865+Y |20 | |
100 |41 |893+Y |20 | |
100 |41 |945+Y |20 | |
100 |41 |1040+Y |20 | |
100 |41 |1075+Y |20 | |
100 |41 |1136+Y |20 | |
100 |41 |1180+Y |25 | |
100 |41 |1260+Y |30 | |
100 |41 |1300+Y |30 | |
101 |41 |0.0 | |(5/2+) |7.1 S 3
101 |41 |119.41 |7 |(7/2+) |84 PS 4
101 |41 |205.28 |7 |(3/2-) |1.83 NS 3
101 |41 |208.36 |8 |(5/2-) |0.80 NS 5
101 |41 |255.24 |10 |(9/2+) |35 PS 5
101 |41 |346.08 |8 |(5/2-) |24 PS 5
101 |41 |373.99 |10 |(7/2-) |19 PS 11
101 |41 |532.1 |1 |(7/2-) |13 PS 10
101 |41 |532.2 | |(11/2+) |
101 |41 |572.8 | |(9/2-) |
101 |41 |593.4 |2 | |
101 |41 |597.9 |2 | |
101 |41 |673.2 |3 | |
101 |41 |702.6 |3 | |
101 |41 |722.2 |2 | |25 PS 5
101 |41 |729.3 | |(13/2+) |
101 |41 |747.1 | |(9/2-) |
101 |41 |777.8 |3 | |
101 |41 |783.1 |5 | |
101 |41 |809.4 | |(11/2-) |
101 |41 |878.96 |15 | |
101 |41 |899.45 |15 | |
101 |41 |912.04 |12 | |
101 |41 |921.60 |19 | |
101 |41 |952.77 |22 | |
101 |41 |1006.5 | |(11/2-) |
101 |41 |1061.35 |15 | |
101 |41 |1073.2 | |(13/2-) |
101 |41 |1093.3 | |(15/2+) |
101 |41 |1109.44 |19 | |
101 |41 |1119.43 |12 | |
101 |41 |1126.21 |18 | |
101 |41 |1180.28 |19 | |
101 |41 |1280.98 |12 |(13/2-) |
101 |41 |1294.2 |6 | |
101 |41 |1340.1 | |(17/2+) |
101 |41 |1373.7 | |(15/2-) |
101 |41 |1599.37 |13 |(15/2-) |
101 |41 |1620.1 |4 | |
101 |41 |1693.3 | |(17/2-) |
101 |41 |1773.1 | |(19/2+) |
101 |41 |1844.3 |3 | |
101 |41 |1878.12 |12 | |
101 |41 |1924.83 |14 |(17/2-) |
101 |41 |1925.43 |17 | |
101 |41 |1929.53 |21 | |
101 |41 |1957.87 |13 | |
101 |41 |2009.66 |13 | |
101 |41 |2030.80 |20 | |
101 |41 |2046.18 |16 |(19/2-) |
101 |41 |2073.1 | |(21/2+) |
101 |41 |2096.1 |3 | |
101 |41 |2118.7 |4 | |
101 |41 |2288.9 |10 |(19/2-) |
101 |41 |2415.3 | |(21/2-) |
101 |41 |2547.32 |15 |(23/2+) |
101 |41 |2624.13 |17 |(21/2-) |
101 |41 |2810.18 |19 |(23/2-) |
101 |41 |2906.47 |15 |(25/2+) |
101 |41 |3206.88 |19 |(25/2-) |
101 |41 |3396.63 |18 |(27/2+) |
102 |41 |0.0 | |(4+) |4.3 S 4
102 |41 |0.0+X | |1+ |1.3 S 2
102 |41 |20.37+X |9 | |
102 |41 |64.39+X |9 |(2+) |
102 |41 |93.95+X |17 | |
102 |41 |156.36+X |11 | |
102 |41 |160.72+X |21 | |
102 |41 |246.31+X |18 | |
102 |41 |258.43+X |15 | |
102 |41 |430.7+X |6 | |
102 |41 |599.49+X |8 |1+ |
102 |41 |705.08+X |24 |(1) |
102 |41 |940.5+X |4 |(1) |
102 |41 |0+Y | |(1+) |
102 |41 |64.5+Y | |(2+) |
102 |41 |161.9+Y | |(3+) |
102 |41 |287.4+Y | |(4+) |
102 |41 |453.1+Y | |(5+) |
102 |41 |632.5+Y | |(6+) |
102 |41 |871.1+Y | |(7+) |
102 |41 |1099.6+Y | |(8+) |
102 |41 |1406.9+Y | |(9+) |
102 |41 |1677.5+Y | |(10+) |
102 |41 |0.0+Z | |(3-) |
102 |41 |162.8+Z | |(4-) |
102 |41 |356.2+Z | |(5-) |
102 |41 |440.8+Z | |(2-) |
102 |41 |545.0+Z | |(3-) |
102 |41 |580.6+Z | |(6-) |
102 |41 |677.2+Z | |(4-) |
102 |41 |833.0+Z | |(7-) |
102 |41 |852.0+Z | |(5-) |
102 |41 |1045.1+Z | |(6-) |
102 |41 |1116.9+Z | |(8-) |
102 |41 |1284.2+Z | |(7-) |
102 |41 |1421.7+Z | |(9-) |
102 |41 |1584.0+Z | |(8-) |
102 |41 |1758.2+Z | |(10-) |
102 |41 |1854.2+Z | |(9-) |
102 |41 |2286.4+Z | |(10-) |
103 |41 |0.0 | |(5/2+) |1.5 S 2
103 |41 |126.42 |8 |(7/2+) |73 PS 6
103 |41 |163.97 |8 |(5/2-) |5.1 NS 1
103 |41 |247.72 |12 |(3/2-) |1.25 NS 4
103 |41 |285.42 |10 |(9/2+) |
103 |41 |314.51 |9 |(7/2-) |
103 |41 |367.80 |11 |(5/2-) |41 PS 6
103 |41 |502.39 |14 |(9/2-) |38 PS 9
103 |41 |503.7 |3 |(11/2+) |
103 |41 |533.63 |12 |(7/2-) |18 PS 6
103 |41 |580.03 |23 | |
103 |41 |619.99 |14 | |
103 |41 |720.8 |4 |(13/2+) |
103 |41 |729.8 |4 |(11/2-) |
103 |41 |733.10 |15 |(9/2-) |25 PS 11
103 |41 |763.14 |15 | |43 PS 27
103 |41 |767.82 |14 | |
103 |41 |856.08 |15 | |
103 |41 |907.97 |17 | |
103 |41 |977.16 |18 | |
103 |41 |980.9 |5 |(11/2-) |
103 |41 |988.0 |5 |(13/2-) |
103 |41 |1022.5 |5 |(15/2+) |
103 |41 |1081.27 |14 | |
103 |41 |1207.9 |11 |(13/2-) |
103 |41 |1216.30 |18 | |
103 |41 |1285.5 |6 |(17/2+) |
103 |41 |1287.5 |6 |(15/2-) |
103 |41 |1472.43 |11 | |
103 |41 |1526.42 |22 | |
103 |41 |1606.3 |7 |(17/2-) |
103 |41 |1643.01 |17 | |
103 |41 |1659.8 |7 |(19/2+) |
103 |41 |1671.54 |23 | |
103 |41 |1701.20 |24 | |
103 |41 |1759.58 |25 | |
103 |41 |1960.9 |7 |(21/2+) |
103 |41 |1969.0 |8 |(19/2-) |
103 |41 |2336.1 |10 |(21/2-) |
103 |41 |2374.23 |14 | |
103 |41 |2387.81 |14 | |
103 |41 |2389.5 |8 |(23/2+) |
103 |41 |2721.9 |8 |(25/2+) |
103 |41 |2750.3 |11 |(23/2-) |
103 |41 |3153.7 |12 |(25/2-) |
103 |41 |3194.1 |8 |(27/2+) |
103 |41 |3539.3 |13 |(29/2+) |
103 |41 |3607.1 |13 |(27/2-) |
104 |41 |0.0 | |(1+) |4.9 S 3
104 |41 |8.7 |2 | |
104 |41 |37.5 |2 | |
104 |41 |109.6 |2 | |
104 |41 |2.15E+2 |12 | |0.94 S 4
104 |41 |250.6 |2 |(1+) |
104 |41 |311.8 |2 |(1+) |
104 |41 |320.1 |3 | |
104 |41 |370.0 |4 | |
104 |41 |514.3 |2 |(1+) |
105 |41 |0.0 | |(5/2+) |2.95 S 6
105 |41 |127.9 | |(7/2+) |
105 |41 |290.2 | |(9/2+) |
105 |41 |511.0 | |(11/2+) |
105 |41 |734.6 | |(13/2+) |
105 |41 |1045.6 | |(15/2+) |
106 |41 |0.0 | |(1-) |1.02 S 5
106 |41 |107.9 |2 |(1+) |
106 |41 |202.2 |1 |(2+) |
106 |41 |204.8 |1 |(3+) |0.82 US 6
106 |41 |337.6 |2 |(2-) |
106 |41 |470.6 |2 |(2-) |
106 |41 |627.3 |2 |(3-) |
106 |41 |815.2 |2 |(4-) |
106 |41 |995.0 |4 | |
106 |41 |1039.9 |3 |(5-) |
106 |41 |1274.4 |3 |(6-) |
106 |41 |1589.2 |4 |(7-) |
106 |41 |1838.8 |4 |(8-) |
107 |41 |0.0 | | |300 MS 9
108 |41 |0.0 | |(2+) |198 MS 6
108 |41 |64.3 |5 | |
108 |41 |77.6 |5 | |
108 |41 |166.6 |5 |(4-,5) |0.109 US 2
109 |41 |0.0 | |(5/2) |0.19 S 3
110 |41 |0 | |(5) |82 MS 4
111 |41 |0 | | |54 MS 2
112 |41 |0.0 | | |33 MS +9-6
113 |41 |0 | | |32 MS 4
114 |41 |0 | | |17 MS 5
115 |41 |0 | | |23 MS 8
