81 |42 |0 | | |450 NS GT
82 |42 |0 | |0+ |437 NS GT
83 |42 |0.0 | | |6 MS +30-3
84 |42 |0.0 | |0+ |2.3 S 3
84 |42 |443.9 |2 |(2+) |
84 |42 |1117.3 |6 |(4+) |
84 |42 |2006.4 |8 |(6+) |
84 |42 |3069.4 |10 |(8+) |
84 |42 |4276.4 |15 |(10+) |
85 |42 |0.0 | |(1/2-) |3.2 S 2
85 |42 |0+X | |(5/2-) |
85 |42 |0+Y | |(9/2+) |
85 |42 |306.70+X |24 |(7/2-) |
85 |42 |667.20+X |24 |(9/2-) |
85 |42 |754.8+Y |3 |(13/2+) |
85 |42 |1030.1+X |3 |(11/2-) |
85 |42 |1528.8+X |4 |(13/2-) |
85 |42 |1707.1+Y |5 |(17/2+) |
85 |42 |1925.6+X |4 |(15/2-) |
85 |42 |2541.7+X |5 |(17/2-) |
85 |42 |2808.9+Y |6 |(21/2+) |
85 |42 |2947.5+X |5 |(19/2-) |
85 |42 |3332.3+X |5 | |
85 |42 |3651.3+Y |6 |(25/2+) |
85 |42 |4026.9+X |6 |(23/2-) |
85 |42 |4197.3+X |6 | |
85 |42 |4530.4+Y |7 |(29/2+) |
85 |42 |5599.6+Y |8 |(33/2+) |
86 |42 |0.0 | |0+ |19.1 S 3
86 |42 |566.6 |4 |(2+) |
86 |42 |1140.9 |5 |(2+) |
86 |42 |1327.5 |7 |(4+) |
86 |42 |1587.1 |5 |(3+) |
86 |42 |1923.4 |5 |(4+) |
86 |42 |2128.6 |20 | |
86 |42 |2260.0 |9 |(6+) |
86 |42 |2372.8 |6 |(5+) |
86 |42 |2717.9 |10 |(5-) |
86 |42 |2959.6 |11 |(6-) |
86 |42 |3232.7 |11 |(8+) |
86 |42 |3306.6 |11 |(7-) |
86 |42 |3589.0 |14 | |
86 |42 |3748.6 |15 |(8-) |
86 |42 |4153.3 |13 |(10+) |
86 |42 |4186.5 |12 |(9-) |
86 |42 |4450.0 |16 | |
86 |42 |4660.6 |18 |(10-) |
86 |42 |5166.3 |17 |(12+) |
86 |42 |5255.5 |16 |(11-) |
86 |42 |5686.6 |21 |(12-) |
86 |42 |6194.6 |19 |(14+) |
86 |42 |6272.5 |19 |(13-) |
86 |42 |6384.0 |19 |(14+) |
86 |42 |6410.5 |19 |(13-) |
86 |42 |6758 |3 |(14-) |
86 |42 |6874.2 |19 |(15+) |
86 |42 |7114.9 |20 |(16+) |
86 |42 |7841 |4 |(16-) |
86 |42 |7974.1 |21 | |
86 |42 |8178.9 |22 |(18+) |
86 |42 |9465.9 |24 |(20+) |
86 |42 |10989 |4 |(22+) |
86 |42 |12766 |4 |(24+) |
87 |42 |0.0 | |7/2+ |14.02 S 26
87 |42 |31.56 |6 |9/2+ |
87 |42 |786.52 |19 |11/2+ |
87 |42 |864.54 |9 |13/2+ |14 PS 4
87 |42 |1773.00 |14 |15/2+ |
87 |42 |1863.57 |10 |17/2+ |14 PS 3
87 |42 |1969.83 |14 |(15/2) |
87 |42 |2283.70 |11 |(17/2) |
87 |42 |2695.98 |13 |(19/2) |
87 |42 |2742.17 |12 |21/2+ |1.2 PS 5
87 |42 |3134.97 |13 |(21/2) |
87 |42 |3383.62 |13 |23/2+ |
87 |42 |3600.33 |13 |25/2+ |1.5 PS 5
87 |42 |3618.75 |14 |(23/2) |
87 |42 |3841.88 |16 |21/2+ |
87 |42 |4161.34 |15 |(25/2) |
87 |42 |4384.82 |17 |27/2+ |
87 |42 |4550.72 |16 |29/2+ |
87 |42 |4713.09 |17 |(27/2) |
87 |42 |5253.77 |19 |(29/2) |
87 |42 |5302.51 |21 |31/2+ |
87 |42 |5670.12 |19 |33/2+ |0.46 PS 7
87 |42 |5857.66 |23 |(31/2) |
87 |42 |6368.35 |23 |(33/2) |
87 |42 |6945.82 |21 |37/2+ |0.24 PS 7
87 |42 |8354.95 |23 |41/2+ |0.3 PS LT
87 |42 |10004.4 |3 |45/2+ |
87 |42 |11838.4 |7 |(49/2+) |
88 |42 |0.0 | |0+ |8.0 M 2
88 |42 |740.54 |4 |2+ |7.14 PS 21
88 |42 |1495.04 |10 |2+ |
88 |42 |1654.83 |10 |4+ |0.97 PS 14
88 |42 |2091.90 |20 |(3+) |
88 |42 |2100.7 |4 |(4+,5+,6+) |
88 |42 |2402.14 |14 | |
88 |42 |2626.80 |12 |6+ |8.0 PS 3
88 |42 |2646.42 |13 |5- |13.7 PS 3
88 |42 |2672.0 |3 |(5+) |
88 |42 |2903.93 |16 | |
88 |42 |2963.01 |13 |(6+) |
88 |42 |3046.9 |3 | |
88 |42 |3187.61 |16 |(6) |
88 |42 |3212.91 |15 |8+ |22.2 PS 3
88 |42 |3213.43 |22 |(6) |
88 |42 |3349.82 |13 |7- |4.6 PS 6
88 |42 |3484.63 |17 |(8+) |3.5 PS LT
88 |42 |3489.69 |15 | |
88 |42 |3642.4 |3 | |
88 |42 |3662.92 |16 |9- |
88 |42 |3816.14 |20 |(8+) |
88 |42 |4063.70 |24 |(7,8) |
88 |42 |4119.27 |16 | |
88 |42 |4195.18 |17 |10+ |4.37 PS 7
88 |42 |4313.82 |15 |9- |2.6 PS 3
88 |42 |4358.17 |17 |(10+) |
88 |42 |4611.15 |19 |(10+) |
88 |42 |4822.35 |19 | |
88 |42 |4988.7 |4 | |
88 |42 |5052.49 |18 |12+ |18.0 PS 14
88 |42 |5153.45 |16 |11- |1.2 PS 3
88 |42 |5270.0 |3 | |
88 |42 |5272.37 |19 |(12+) |0.55 PS 14
88 |42 |5387.58 |19 |(12+) |
88 |42 |5959.27 |19 |14+ |5.67 PS 6
88 |42 |5969.75 |19 |13- |0.90 PS 14
88 |42 |6206.95 |19 |(14+) |1.80 PS 14
88 |42 |6549.44 |19 |(15)+ |0.49 PS 14
88 |42 |6868.26 |21 |15- |3.54 PS 21
88 |42 |6944.73 |21 |(16)+ |0.6 PS LT
88 |42 |6947.96 |22 |(16) |
88 |42 |7322.79 |21 |(16+) |0.35 PS LT
88 |42 |7350.24 |21 | |
88 |42 |7765.43 |20 |(17)+ |
88 |42 |7848.47 |23 |17- |1.25 PS 7
88 |42 |8127.33 |21 |(18)+ |0.35 PS LT
88 |42 |8267.57 |24 |(17)- |
88 |42 |8609.4 |3 |(18)- |0.5 PS LT
88 |42 |8931.3 |3 | |
88 |42 |8968.1 |3 |(19) |
88 |42 |9336.4 |3 |(19)- |
88 |42 |9400.24 |24 |(20)+ |
88 |42 |9472.0 |3 |(20)+ |
88 |42 |9710.8 |3 | |
88 |42 |9829.1 |3 |(20)- |
88 |42 |10181.6 |4 | |
88 |42 |10203.7 |3 |(21) |
88 |42 |10358.3 |3 | |
88 |42 |11079.6 |3 |(22)+ |
88 |42 |11616.5 |3 |(23) |
88 |42 |X | |J1 |
88 |42 |X+1237.6 |4 |J1+2 |
88 |42 |X+2579.7 |5 |J1+4 |
88 |42 |X+4060.4 |5 |J1+6 |
88 |42 |X+5693.9 |6 |J1+8 |
88 |42 |X+7489.4 |6 |J1+10 |
88 |42 |X+9451.6 |7 |J1+12 |
88 |42 |X+11585.0 |8 |J1+14 |
88 |42 |X+13891.6 |14 |J1+16 |
88 |42 |Y | |J2 |
88 |42 |Y+1458.6 |8 |J2+2 |
88 |42 |Y+3054.2 |11 |J2+4 |
88 |42 |Y+4797.3 |12 |J2+6 |
88 |42 |Y+6692.2 |13 |J2+8 |
88 |42 |Y+8746.4 |16 |J2+10 |
88 |42 |Y+10970.7 |22 |J2+12 |
88 |42 |Z | |J3 |
88 |42 |Z+1259.1 |12 |J3+2 |
88 |42 |Z+2641.7 |18 |J3+4 |
88 |42 |Z+4164.6 |25 |J3+6 |
88 |42 |Z+5834 |3 |J3+8 |
88 |42 |Z+7651 |3 |J3+10 |
88 |42 |Z+9627 |4 |J3+12 |
88 |42 |Z+11761 |4 |J3+14 |
88 |42 |Z+14058 |5 |J3+16 |
88 |42 |U | |J4 |
88 |42 |U+1417.6 |9 |J4+2 |
88 |42 |U+2978.4 |13 |J4+4 |
88 |42 |U+4684.6 |16 |J4+6 |
88 |42 |U+6543.5 |19 |J4+8 |
88 |42 |U+8539.1 |23 |J4+10 |
88 |42 |U+10628 |3 |J4+12 |
89 |42 |0.0 | |(9/2+) |2.11 M 10
89 |42 |118.8 |1 |(7/2+) |
89 |42 |387.5 |2 |(1/2-) |190 MS 15
89 |42 |1000.7 |1 |(11/2+) |
89 |42 |1016.4 |1 |(13/2+) |
89 |42 |1253 |15 | |
89 |42 |1645.8 |1 |(11/2+) |
89 |42 |1740 |15 | |
89 |42 |2008.4 |1 |(13/2-) |
89 |42 |2096.4 |1 |(17/2+) |
89 |42 |2110 |15 | |
89 |42 |2271.2 |1 |(17/2-) |1.14 NS 8
89 |42 |2415.8 |1 |(17/2+) |
89 |42 |2454.5 |2 |(17/2-) |5.8 PS 11
89 |42 |2583.7 |1 |(21/2+) |9.49 NS 21
89 |42 |3134.0 |2 |(23/2+) |1.1 PS LT
89 |42 |3151.1 |2 |(21/2-) |1.8 PS +6-10
89 |42 |3558.4 |2 |(25/2+) |1.0 PS LT
89 |42 |3701.8 |2 |(23/2-) |
89 |42 |3716.7 |2 |(25/2+) |0.8 PS 6
89 |42 |4069.0 |2 |(25/2-) |2.8 PS +6-3
89 |42 |4260.6 |2 |(27/2+) |0.28 PS +7-14
89 |42 |4575.4 |2 |(27/2-) |0.69 PS +28-14
89 |42 |4649.1 |2 |(29/2+) |
89 |42 |4980.7 |2 |(29/2+) |0.7 PS LT
89 |42 |5170.9 |2 |(29/2-) |0.76 PS LT
89 |42 |5251.0 |2 |(31/2+) |2.3 PS 8
89 |42 |5340 |25 | |
89 |42 |5420.0 |2 |(31/2-) |0.7 PS LT
89 |42 |5480 |25 | |
89 |42 |5643.0 |2 |(33/2+) |0.55 PS 14
89 |42 |6436.4 |2 |(35/2-) |2.6 PS 6
89 |42 |6470.6 |3 |(35/2+) |
89 |42 |6755.9 |3 |(37/2+) |
89 |42 |7590.1 |3 |(39/2-) |1.39 PS 14
90 |42 |0.0 | |0+ |5.56 H 9
90 |42 |947.97 |9 |2+ |
90 |42 |1896.48 |14 |2+ |
90 |42 |1979 |5 |0+ |
90 |42 |2002.06 |12 |4+ |
90 |42 |2432.58 |17 |3- |
90 |42 |2450 |5 |0+ |
90 |42 |2528 |5 |(2) |
90 |42 |2548.75 |12 |5- |16 PS 3
90 |42 |2613 |5 |2+ |
90 |42 |2706 |5 | |
90 |42 |2811.63 |13 |6+ |
90 |42 |2859.14 |13 |5- |
90 |42 |2874.73 |15 |8+ |1.12 US 5
90 |42 |2901.18 |20 | |
90 |42 |2946.82 |14 | |
90 |42 |3037.9 |11 | |
90 |42 |3074 |7 |3- |
90 |42 |3106.11 |16 |8+ |4.9 PS 13
90 |42 |3148 |5 |2+ |
90 |42 |3150.3 |7 | |
90 |42 |3185 |7 | |
90 |42 |3294.03 |20 | |
90 |42 |3355 |7 | |
90 |42 |3367.31 |14 |7- |0.69 PS LT
90 |42 |3446.15 |20 |(7-) |
90 |42 |3494 |7 | |
90 |42 |3514 |7 | |
90 |42 |3539.9 |10 | |
90 |42 |3659.65 |16 |(7-) |
90 |42 |3683 |7 | |
90 |42 |3736 |7 | |
90 |42 |3834 |7 | |
90 |42 |3936 |7 | |
90 |42 |4078.81 |16 |10+ |14.6 PS 28
90 |42 |4094.8 |7 | |
90 |42 |4175.9 |9 | |
90 |42 |4192.44 |15 |10+ |3.5 PS LT
90 |42 |4297.66 |15 |9- |9.7 PS 21
90 |42 |4357.7 |11 | |
90 |42 |4555.76 |16 |12+ |526 PS 3
90 |42 |4594.17 |25 |(9-) |
90 |42 |4789.28 |19 |10- |
90 |42 |4841.91 |16 |11- |39 PS 2
90 |42 |4895.04 |19 |(11-) |
90 |42 |5377.13 |17 |13+ |1.0 PS 3
90 |42 |5499.31 |16 |(12-) |
90 |42 |5624.90 |17 |14+ |2.7 PS 1
90 |42 |5699.56 |16 |13- |1.4 PS 4
90 |42 |5863.64 |17 | |
90 |42 |5903.64 |18 |14+ |1.7 PS 4
90 |42 |6064.80 |19 | |
90 |42 |6148.08 |18 |15+ |0.3 PS LT
90 |42 |6475.81 |17 |14- |1.5 PS 10
90 |42 |6643.02 |17 |15- |1.3 PS 1
90 |42 |6746.00 |18 |16+ |3.6 PS 7
90 |42 |7170.86 |19 | |
90 |42 |7385.49 |19 |16- |6.6 PS 15
90 |42 |7514.91 |19 |17- |7.4 PS 3
90 |42 |7629.50 |21 |(16+) |
90 |42 |8066.66 |19 |17+ |0.60 PS 4
90 |42 |8123.45 |20 |18- |
90 |42 |8281.76 |22 | |
90 |42 |8525.17 |19 |18+ |0.16 PS 2
90 |42 |8616.74 |20 |(17+) |
90 |42 |8678.34 |23 |(19-) |
90 |42 |9079.09 |20 | |
90 |42 |9136.49 |19 |18+ |
90 |42 |9318.91 |20 |19- |
90 |42 |9443.78 |20 |19+ |
90 |42 |9739.27 |20 |19+ |
90 |42 |9787.84 |21 |20+ |
90 |42 |9994.94 |22 |20- |
90 |42 |10235.00 |20 |+ |0.21 PS 6
90 |42 |10477.23 |21 |(20+) |
90 |42 |10537.81 |25 |(21-) |
90 |42 |10855.48 |21 |21+ |0.90 PS 14
90 |42 |11135.63 |21 |22+ |0.07 PS LT
90 |42 |11269.2 |8 |(21-) |
90 |42 |11576.94 |24 |(22+) |
90 |42 |12016.46 |23 |23+ |1.2 PS LT
90 |42 |12257.6 |11 |(22-) |
90 |42 |12383.5 |3 |(23-) |
90 |42 |14279.7 |11 | |
90 |42 |14412.0 |11 |(25-) |
90 |42 |14486.5 |11 |(25+) |
91 |42 |0 | |9/2+ |15.49 M 1
91 |42 |653.01 |9 |1/2- |64.6 S 6
91 |42 |1156.10 |13 |3/2- |
91 |42 |1362.01 |8 |5/2+ |
91 |42 |1414.11 |13 |13/2(+) |
91 |42 |1531.90 |24 |5/2- |
91 |42 |1564.92 |9 | |
91 |42 |1605.32 |7 | |
91 |42 |1639.95 |8 |(7/2,9/2+) |
91 |42 |1844 |5 |5/2-,7/2- |
91 |42 |1902.49 |7 |9/2+ |
91 |42 |2067.91 |24 |17/2(+) |
91 |42 |2083.66 |14 |3/2- |
91 |42 |2201 |6 | |
91 |42 |2233.69 |9 |9/2+ |
91 |42 |2243 | | |
91 |42 |2267.4 |4 |21/2(+) |47 NS 1
91 |42 |2279.6 |4 |(17/2-) |38 NS 4
91 |42 |2302 | |(1/2-&amp;9/2+) |
91 |42 |2345 |4 |(7/2+,9/2+) |
91 |42 |2450.99 |9 |9/2+ |
91 |42 |2492.16 |17 | |
91 |42 |2537 |4 |3/2+,5/2+ |
91 |42 |2566 |4 |7/2+,9/2+ |
91 |42 |2624 |6 | |
91 |42 |2663 |6 | |
91 |42 |2690.44 |11 |(3/2)- |
91 |42 |2716 |4 |5/2- |
91 |42 |2716.44 |7 |(7/2,9/2)+ |
91 |42 |2772 |6 |(7/2+,9/2+) |
91 |42 |2781.12 |8 |(7/2+,9/2+,11/2+) |
91 |42 |2818 |4 |9/2+ |
91 |42 |2851 |6 |9/2-,11/2- |
91 |42 |2867 |6 |9/2-,11/2- |
91 |42 |2883 |4 |1/2-,3/2- |
91 |42 |2887.50 |12 |(9/2+,11/2+) |
91 |42 |2901 | |3/2- |
91 |42 |2914 |5 |(5/2-,7/2-) |
91 |42 |2940.1 |4 |(23/2+) |0.08 PS
91 |42 |2941 |5 |(5/2-,7/2-) |
91 |42 |2964 |6 | |
91 |42 |2984 |6 | |
91 |42 |3010 |5 |(5/2-,7/2-) |
91 |42 |3031 |6 |(1/2-,3/2-) |
91 |42 |3085 |6 | |
91 |42 |3126 |6 |(1/2-,3/2-) |
91 |42 |3162 |6 | |
91 |42 |3191 |6 |3/2- |
91 |42 |3230 |6 |(5/2-,7/2-) |
91 |42 |3307 |6 | |
91 |42 |3328 |6 |(9/2+) |
91 |42 |3351 |6 |(5/2-,7/2-) |
91 |42 |3398 |6 | |
91 |42 |3413 |6 |(5/2-,7/2-) |
91 |42 |3447 |6 |7/2- |
91 |42 |3472 |6 |(1/2-,3/2-) |
91 |42 |3524 |6 | |
91 |42 |3545.6 |4 |(25/2+) |0.11 PS
91 |42 |3585 |6 |(7/2-) |
91 |42 |3631 |6 |(1/2-,3/2-) |
91 |42 |3645 |6 |5/2+ |
91 |42 |3696 |6 | |
91 |42 |3729 |6 | |
91 |42 |3759 |6 | |
91 |42 |3806 |6 | |
91 |42 |3809.7 |4 |(25/2+) |17 PS 3
91 |42 |3836 |6 |(7/2-) |
91 |42 |3930 |6 |(9/2+) |
91 |42 |3956 |6 |(7/2-) |
91 |42 |4022 |6 |(1/2-,3/2-) |
91 |42 |4060 |20 |(5/2-,7/2-) |
91 |42 |4069 |6 |9/2+ |
91 |42 |4091 |6 | |
91 |42 |4116 |7 | |
91 |42 |4133 |6 |5/2-,7/2- |
91 |42 |4157 |7 |(9/2+) |
91 |42 |4186 |7 | |
91 |42 |4228 |7 | |
91 |42 |4258 |7 | |
91 |42 |4276 |7 |(9/2+) |
91 |42 |4301 |6 |(5/2-,7/2-) |
91 |42 |4341.9 |5 |(27/2+) |0.20 PS
91 |42 |4349 |7 | |
91 |42 |4385 |7 |(5/2-&amp;7/2-) |
91 |42 |4408 |7 | |
91 |42 |4432 |7 |(5/2-,7/2-) |
91 |42 |4445.1 |4 |25/2(+) |
91 |42 |4456.5 |11 |(27/2) |
91 |42 |4481 | |5/2- |
91 |42 |4522 |7 | |
91 |42 |4560 |7 | |
91 |42 |4577 |7 | |
91 |42 |4603 |7 | |
91 |42 |4643 |7 |3/2- |
91 |42 |4683 |7 |(7/2+,9/2+) |
91 |42 |4707 |7 | |
91 |42 |4768 |7 | |
91 |42 |4780 |7 |(1/2-,3/2-) |
91 |42 |4796 | |7/2- |
91 |42 |4815 |7 | |
91 |42 |4841 |7 | |
91 |42 |4869 |7 | |
91 |42 |4899 |7 | |
91 |42 |4952.6 |4 |(27/2+) |
91 |42 |4958.8 |5 |(29/2+) |0.12 PS
91 |42 |5.03E+3 |2 |(1/2-,3/2-) |
91 |42 |5.13E+3 |2 | |
91 |42 |5.19E+3 |2 |(1/2-,3/2-) |
91 |42 |5.23E+3 |2 |(5/2-,7/2-) |
91 |42 |5243.3 |6 |(31/2+) |0.40 PS
91 |42 |5295 | |7/2- |
91 |42 |5299.0 |6 |(31/2) |
91 |42 |5.34E+3 |2 |1/2-,3/2- |
91 |42 |5.42E+3 |2 |7/2- |
91 |42 |5488.4 |5 |(29/2+) |
91 |42 |5.50E+3 |2 |1/2-,3/2- |
91 |42 |5516 | |7/2- |
91 |42 |5690 | |(7/2-) |
91 |42 |5796 | | |
91 |42 |5817.8 |6 | |
91 |42 |5.90E+3 |2 |- |
91 |42 |5929.3 |12 | |
91 |42 |5963.8 |12 |(35/2) |
91 |42 |5.99E+3 |2 |1/2-,3/2- |
91 |42 |6.06E+3 |2 |7/2- |
91 |42 |6106.6 |8 |(29/2+) |
91 |42 |6232.7 |6 |(31/2+) |
91 |42 |6327.8 |15 |(31/2) |
91 |42 |6437.9 |12 |(33/2) |
91 |42 |6444.8 |15 | |
91 |42 |6469.2 |6 |(33/2+) |
91 |42 |6658.6 |8 |(31/2+) |
91 |42 |6813.1 |12 | |
91 |42 |6959.4 |12 | |
91 |42 |6.99E+3 |3 |9/2+ |
91 |42 |7.12E+3 |3 |1/2- |
91 |42 |7262.8 |9 |(33/2+) |
91 |42 |7321.2 |12 |(35/2+) |
91 |42 |7336.5 |11 |(33/2+) |
91 |42 |7469.4 |14 |(35/2+) |
91 |42 |7805.7 |12 |(33/2) |
91 |42 |8001.6 |16 |(39/2+) |
91 |42 |8112.5 |17 |(37/2+) |
91 |42 |8153.6 |16 |(39/2+) |
91 |42 |8.17E+3 | |(5/2-) |
91 |42 |8173.7 |15 | |
91 |42 |8278.7 |12 |(37/2+) |
91 |42 |8.34E+3 |3 |3/2- |
91 |42 |8578.3 |20 | |
91 |42 |8626.6 |12 |(37/2+) |
91 |42 |8.66E+3 |3 |3/2- |
91 |42 |8708.2 |19 | |
91 |42 |8749.4 |20 |(39/2+) |
91 |42 |8.87E+3 |3 |5/2- |
91 |42 |9282.2 |15 |(39/2+) |
91 |42 |10.15E+3 | | |
91 |42 |10.40E+3 | | |
91 |42 |10749.4 |16 | |
91 |42 |12.42E+3 | | |
92 |42 |0.0 | |0+ |STABLE
92 |42 |1509.51 |3 |2+ |0.35 PS 2
92 |42 |2282.61 |5 |4+ |3.4 PS GT
92 |42 |2519.53 |21 |0+ |3.4 PS GT
92 |42 |2526.96 |6 |5- |1.55 NS 4
92 |42 |2612.41 |6 |6+ |1.53 NS 4
92 |42 |2634.2 |15 |(1) |
92 |42 |2760.52 |14 |8+ |190 NS 3
92 |42 |2838.6 |5 |(1) |
92 |42 |2849.81 |5 |3- |0.27 PS +10-5
92 |42 |2922.6 |6 |(1) |
92 |42 |3006.96 |8 |(4,5)- |
92 |42 |3063.63 |7 |(4-) |
92 |42 |3091.35 |6 |2+ |27 FS 3
92 |42 |3368.68 |7 |(4+) |3.4 PS GT
92 |42 |3380.4 |8 |(6-) |
92 |42 |3384.5 |8 |(1) |
92 |42 |3542.31 |7 |2+ |35 FS 16
92 |42 |3579.81 |6 |3- |0.21 PS GT
92 |42 |3621.06 |7 |(4) |0.21 PS GT
92 |42 |3624.13 |17 |7- |
92 |42 |3651.8 |11 |(1) |
92 |42 |3688.77 |7 |1(-),2,3 |0.69 PS GT
92 |42 |3692 |7 |4+ |
92 |42 |3753.2 |8 | |
92 |42 |3757.25 |10 | |
92 |42 |3814.58 |8 |2,3 |0.48 PS GT
92 |42 |3841.87 |12 |0+ |0.21 PS GT
92 |42 |3871.5 |10 |(4) |
92 |42 |3876.62 |9 |4+ |
92 |42 |3926.36 |9 |2+ |10.6 FS 12
92 |42 |3944.92 |13 |1 |6 FS 4
92 |42 |3953.2 |4 | |
92 |42 |3963.19 |16 |4+ |0.21 PS GT
92 |42 |3964.3 |13 |(2) |
92 |42 |4019.31 |11 | |
92 |42 |4115.81 |10 |3(-),4 |
92 |42 |4140 |5 |4+ |
92 |42 |4148.08 |15 |1(-) |
92 |42 |4150.36 |9 |4(+),5(-) |
92 |42 |4159.47 |15 |5- |
92 |42 |4187.20 |18 |(6+) |
92 |42 |4241.29 |16 |5,6,7 |
92 |42 |4251.0 |3 |9- |
92 |42 |4280.73 |14 | |
92 |42 |4300 |5 |2+ |
92 |42 |4307.44 |10 |2,3 |
92 |42 |4315.2 |4 |5- |
92 |42 |4328.5 |10 | |
92 |42 |4345.78 |19 | |
92 |42 |4429.51 |11 |3 |
92 |42 |4436.05 |13 |3,4,5 |
92 |42 |4436.42 |16 | |
92 |42 |4455.01 |15 |(3,4,5) |
92 |42 |4477.80 |18 |3(-),4(+),5 |
92 |42 |4483.36 |22 | |
92 |42 |4486.0 |3 |11- |8.74 NS 18
92 |42 |4493.92 |17 |2+ |
92 |42 |4509.6 |10 |4+ |
92 |42 |4544.40 |17 | |
92 |42 |4554 |7 |7- |
92 |42 |4573.3 |3 |(4) |
92 |42 |4589.64 |23 |2(+) |
92 |42 |4630.65 |19 |(2+,3,4+) |
92 |42 |4633.73 |10 |(1-) |3.7 FS 6
92 |42 |4652.7 |3 |(4) |
92 |42 |4663.2 |6 |1 |
92 |42 |4685.1 |3 |(6-) |
92 |42 |4702.73 |24 |(4) |
92 |42 |4725.2 |3 |4+ |
92 |42 |4734.3 |4 | |
92 |42 |4781.51 |21 |(2,3+,4+) |
92 |42 |4848.3 |10 |(10+) |
92 |42 |4874 |7 | |
92 |42 |4893.3 |3 |4+ |
92 |42 |4917.9 |5 |7+ |
92 |42 |4924 |7 |3- |
92 |42 |4936.1 |6 |(1) |
92 |42 |4944.7 |10 |(1) |
92 |42 |4948.7 |3 |(3,4+) |
92 |42 |4970.7 |5 |(1,2+) |
92 |42 |4979 | |4 |
92 |42 |5003.6 |4 |(2)+ |22 FS 15
92 |42 |5007 | |(1-) |
92 |42 |5076.6 |3 |4+ |
92 |42 |5088 |6 |4+ |
92 |42 |5121.7 |4 |(10+) |0.7 PS LT
92 |42 |5150 |5 |0+ |
92 |42 |5151.3 |4 |(10-,11-,12-) |
92 |42 |5174 |7 | |
92 |42 |5190 |7 | |
92 |42 |5271 |7 | |
92 |42 |5283.0 |21 |(1) |
92 |42 |5289 |7 |(5-) |
92 |42 |5312.6 |10 | |
92 |42 |5316 |6 |3- |
92 |42 |5331.7 |9 |(1) |
92 |42 |5353 |7 | |
92 |42 |5388 |7 | |
92 |42 |5432 |7 | |
92 |42 |5451.6 |9 |(1) |
92 |42 |5462.9 |5 |(7,8)+ |
92 |42 |5467 |7 |(4+) |
92 |42 |5517 |7 | |
92 |42 |5527.4 |5 |(1) |
92 |42 |5601 |7 | |
92 |42 |5611.2 |15 | |
92 |42 |5623.8 |10 |(1) |
92 |42 |5629.9 |19 |1 |
92 |42 |5631 |7 |(2+,3-) |
92 |42 |5658 |7 | |
92 |42 |5679 |7 | |
92 |42 |5703.4 |4 |1 |
92 |42 |5710 |7 | |
92 |42 |5745 |7 | |
92 |42 |5784 |7 |(3-,2+) |
92 |42 |5789.1 |3 |1 |
92 |42 |5801.3 |7 |(1) |
92 |42 |5806 |7 |(0+) |
92 |42 |5841.7 |11 |1 |
92 |42 |5844 |7 |3- |
92 |42 |5861.9 |4 |(12+) |35 PS 3
92 |42 |5894 |7 |(3-) |
92 |42 |5950 |7 |5- |
92 |42 |5981.4 |4 |1 |
92 |42 |6100 |25 |(2+,4+) |
92 |42 |6125.92 |20 |1(-) |
92 |42 |6184.3 |25 |(2) |
92 |42 |6191.52 |20 |1- |
92 |42 |6300.2 |3 |1- |
92 |42 |6329.9 |11 |(1) |
92 |42 |6362.7 |6 |(1) |
92 |42 |6377.6 |3 |1- |
92 |42 |6400.0 |15 | |
92 |42 |6524.45 |20 |1- |
92 |42 |6550.3 |4 |(12-) |0.7 PS LT
92 |42 |6566.2 |6 |1 |
92 |42 |6606.4 |3 |1- |
92 |42 |6608.5 |11 | |
92 |42 |6645.6 |5 |1(-) |
92 |42 |6661.5 |5 |(13-) |22 PS 3
92 |42 |6718.5 |9 |(2-) |
92 |42 |6761.4 |4 |1(-) |
92 |42 |6787.3 |4 |1- |
92 |42 |6818.1 |4 |1- |
92 |42 |6883.1 |4 |1- |
92 |42 |6995.89 |20 |1- |0.38 FS 5
92 |42 |7031.3 |3 |1- |0.57 FS 12
92 |42 |7069.6 |4 |1- |
92 |42 |7076.9 |12 |1 |
92 |42 |7134.1 |10 |(14+) |
92 |42 |7239.7 |11 |1(-) |
92 |42 |7271.7 |5 |- |
92 |42 |7279.0 |11 |(2) |
92 |42 |7312.4 |5 |(14-) |1.4 PS LT
92 |42 |7384.3 |6 |1 |
92 |42 |7394.4 |4 |1 |
92 |42 |7422.5 |11 | |
92 |42 |7447.2 |16 | |
92 |42 |7469.1 |4 |1(-) |0.7 FS 3
92 |42 |7486.6 |5 |1(-) |
92 |42 |7518.4 |6 |1- |
92 |42 |7573.6 |7 |1 |
92 |42 |7604.4 |7 |(1) |
92 |42 |7619.5 |9 |(1) |
92 |42 |7681.1 |5 |1- |
92 |42 |7711.3 |5 |1 |
92 |42 |7731.7 |5 |1- |
92 |42 |7782.3 |9 |1 |
92 |42 |7784.0 |6 |(2) |
92 |42 |7787.6 |10 |(1) |
92 |42 |7808.1 |11 |1 |
92 |42 |7831.4 |13 | |
92 |42 |7837.7 |15 |(2) |
92 |42 |7856.6 |5 |1- |
92 |42 |7877.6 |10 |(1) |0.34 FS 20
92 |42 |7881.8 |5 |1 |
92 |42 |7894.3 |7 |1 |
92 |42 |7919.4 |10 |(1) |
92 |42 |7931.4 |9 |1 |
92 |42 |7950.4 |4 |1(+) |0.70 MEV 5
92 |42 |7963.3 |7 | |
92 |42 |8007.0 |14 |1- |
92 |42 |8042.0 |12 |1 |0.66 FS 18
92 |42 |8063.4 |11 |1(-) |
92 |42 |8088.1 |10 |(2) |
92 |42 |8096.4 |10 |1 |
92 |42 |8168.4 |5 |1- |
92 |42 |8211.0 |11 |1 |0.42 FS 12
92 |42 |8220.8 |10 |(1) |
92 |42 |8221.2 |12 |(14) |
92 |42 |8229.9 |7 |1- |
92 |42 |8319.5 |6 |1 |
92 |42 |8355.1 |16 |1 |
92 |42 |8381.7 |8 |(1) |
92 |42 |8387.4 |6 |(15+) |1.4 PS LT
92 |42 |8422.2 |9 |(-) |
92 |42 |8486.5 |14 |1 |
92 |42 |8501.0 |17 |1 |
92 |42 |8553.0 |13 |1 |
92 |42 |8594.7 |11 | |
92 |42 |8606.6 |8 |(1) |
92 |42 |8660.4 |3 |1- |
92 |42 |8695.2 |14 |1 |
92 |42 |8763.4 |5 |1 |
92 |42 |8774.4 |4 |1- |
92 |42 |8791.5 |8 |(1) |
92 |42 |8819.8 |6 |1 |
92 |42 |8834.3 |20 |(1) |
92 |42 |8902.5 |9 |1 |
92 |42 |8924.0 |7 |(16+) |1.4 PS LT
92 |42 |8926.3 |15 |(1) |
92 |42 |8955.5 |6 |1(-) |
92 |42 |9.00E3 |10 |(1+) |1.1 MEV 1
92 |42 |9022.1 |8 | |
92 |42 |9096.6 |6 |1- |
92 |42 |9126.5 |10 |1 |
92 |42 |9187.0 |8 |1 |
92 |42 |9206.4 |8 |1(-) |
92 |42 |9237.4 |8 |1 |
92 |42 |9280.2 |23 |(2) |
92 |42 |9296 |3 |(2) |
92 |42 |9337.6 |8 |1 |
92 |42 |9359.3 |10 |(15+) |
92 |42 |9360.9 |7 |1 |
92 |42 |9418.9 |12 |(-) |
92 |42 |9443.2 |8 |1 |
92 |42 |9481.0 |8 |(17+) |1.4 PS LT
92 |42 |9502.8 |8 |1 |
92 |42 |9559.3 |13 |(1) |
92 |42 |9592.3 |10 |(1-) |
92 |42 |9646.7 |13 |(1) |
92 |42 |9691 |3 | |
92 |42 |9710.6 |11 |1 |
92 |42 |9827.0 |17 |1 |
92 |42 |9843.0 |10 |(1) |
92 |42 |10020.3 |14 |(16+) |
92 |42 |10102.9 |13 |(18+) |
92 |42 |10579.2 |17 |(17+) |
92 |42 |11215.5 |20 |(18+) |
92 |42 |14.13E+03 |20 |2+ |4.6 MEV 3
92 |42 |16.22E+03 |20 |0+ |4.8 MEV 3
92 |42 |16.65E+3 |5 |1- |4.14 MEV
93 |42 |0 | |5/2+ |4.0E+3 Y 8
93 |42 |943.28 |7 |1/2+ |0.4 PS +11-2
93 |42 |1363.048 |20 |7/2+ |104 FS 8
93 |42 |1477.20 |4 |9/2+ |0.27 PS 9
93 |42 |1492.48 |6 |3/2+ |13.9 FS 21
93 |42 |1520.36 |4 |7/2+ |0.8 PS 3
93 |42 |1695.03 |7 |5/2+ |75 FS 10
93 |42 |2141.98 |7 |5/2+ |0.12 PS +8-2
93 |42 |2145.4 |6 |3/2+,5/2+ |
93 |42 |2161.90 |4 |13/2+ |46 PS 6
93 |42 |2181.08 |20 |3/2+ |37 FS +15-10
93 |42 |2247.13 |5 |(11/2+) |0.28 PS +9-6
93 |42 |2304.18 |6 |(11/2)- |0.36 PS +8-6
93 |42 |2356.12 |5 |(5/2-) |0.32 PS +13-8
93 |42 |2398.20 |10 |(5/2)+ |21 FS 3
93 |42 |2409.15 |6 |9/2+ |0.47 PS +10-6
93 |42 |2424.95 |4 |21/2+ |6.85 H 7
93 |42 |2429.80 |8 |(17/2)+ |3.53 NS 18
93 |42 |2430.93 |7 |(7/2)+ |0.121 PS 17
93 |42 |2437.4 |7 |1/2+ |
93 |42 |2440.42 |6 |(11/2-) |0.41 PS +15-0
93 |42 |2440.60 |6 |(9/2-) |
93 |42 |2450.13 |7 |(13/2-) |0.76 NS 4
93 |42 |2479.04 |6 |(7/2+) |34 FS 4
93 |42 |2529.7 |8 |1/2-,3/2- |
93 |42 |2534.89 |7 |(9/2)+ |69 FS +10-4
93 |42 |2539.5 |5 |(3/2) |61 FS +8-7
93 |42 |2555 | | |
93 |42 |2572.93 |8 |(15/2-) |0.4 NS LT
93 |42 |2619 |15 |1/2-,3/2- |
93 |42 |2641.86 |8 |(15/2+) |0.4 NS LT
93 |42 |2644.57 |17 |(3/2)- |0.09 PS +6-3
93 |42 |2667.95 |7 |(13/2+) |0.30 PS GT
93 |42 |2670.1 |4 |1/2+ |22 FS +8-6
93 |42 |2695 |15 |7/2+,9/2+ |
93 |42 |2698.0 |3 |(3/2)- |37 FS +28-15
93 |42 |2704.6 |6 |1/2+ |0.11 PS +6-4
93 |42 |2719.37 |13 |(5/2-) |44 FS +8-6
93 |42 |2730.72 |14 |(9/2+) |114 FS +21-17
93 |42 |2742.7 |8 |(1/2+) |0.14 PS +17-5
93 |42 |2755.27 |8 |(11/2-) |0.54 PS GT
93 |42 |2769.09 |14 |(5/2+) |37 FS 5
93 |42 |2810.21 |10 |(13/2-) |0.4 NS LT
93 |42 |2821.10 |9 |(9/2+) |58 FS 10
93 |42 |2821.8 |4 |(7/2,9/2+) |
93 |42 |2831.38 |16 |(3/2+) |0.08 PS +10-4
93 |42 |2832.61 |10 |(7/2+) |
93 |42 |2833.55 |7 |(9/2-) |0.14 PS +22-5
93 |42 |2834.5 |3 |(11/2+) |
93 |42 |2840.25 |9 |(7/2-) |100 FS +24-17
93 |42 |2842.1 |7 |1/2+ |
93 |42 |2851.89 |10 |(5/2-) |0.13 PS +140-6
93 |42 |2861.5 |5 |(3/2)- |
93 |42 |2862.77 |22 |(13/2+) |
93 |42 |2880.5 |5 |(1/2+,3/2,5/2+) |
93 |42 |2893 |15 |5/2-,7/2- |
93 |42 |2902.11 |5 |(9/2)+ |40 FS +7-3
93 |42 |2915.51 |7 |(11/2+) |0.18 PS +13-5
93 |42 |2955.2 |10 |1/2-,3/2- |
93 |42 |2974.04 |12 |(7/2-) |0.13 PS +4-2
93 |42 |2974.21 |21 | |
93 |42 |3006 |5 | |
93 |42 |3024.39 |24 |(5/2+,7/2,9/2+) |
93 |42 |3025.9 |4 |7/2,9/2,11/2 |
93 |42 |3045 | |7/2+,9/2+ |
93 |42 |3046.32 |22 |(11/2+) |
93 |42 |3048.23 |10 |(9/2-) |38 FS GT
93 |42 |3057.14 |19 |(15/2+) |
93 |42 |3064 |15 |1/2-,3/2- |
93 |42 |3068.86 |12 |(13/2+) |0.125 PS GT
93 |42 |3084 |5 | |
93 |42 |3100.97 |12 |(9/2-) |
93 |42 |3118.63 |21 |(13/2-) |
93 |42 |3142.55 |21 |(11/2+) |
93 |42 |3151.6 |5 |(3/2)- |
93 |42 |3159.2 |5 |3/2+,5/2+ |
93 |42 |3161.3 |10 |(7/2-) |
93 |42 |3178.13 |21 |(11/2-) |
93 |42 |3199.71 |21 |(7/2-) |
93 |42 |3210.47 |25 |(7/2-,9/2,11/2+) |
93 |42 |3220.4 |6 |(3/2)- |
93 |42 |3241.58 |18 |(13/2-) |
93 |42 |3295 |15 |7/2+,9/2+ |
93 |42 |3298.2 |6 |(3/2)- |
93 |42 |3348.1 |4 |(9/2-) |
93 |42 |3379.2 |3 |(11/2-) |
93 |42 |3380 |20 |3/2+,5/2+ |
93 |42 |3395.1 |20 |(7/2-) |
93 |42 |3406.2 |5 |(5/2) |
93 |42 |3436 |3 |(5/2-) |
93 |42 |3440.9 |8 |(1/2+,3/2,5/2+) |
93 |42 |3444 |3 |(7/2-) |
93 |42 |3450.3 |6 |3/2+,5/2+ |
93 |42 |3486.17 |23 |(13/2-) |
93 |42 |3510 |20 |7/2+,9/2+ |
93 |42 |3587 |17 |7/2+,9/2+ |
93 |42 |3590 |20 |1/2-,3/2- |
93 |42 |3596.3 |6 |3/2+,5/2+ |
93 |42 |3650 |20 |7/2+,9/2+ |
93 |42 |3708.9 |7 |3/2+,5/2+ |
93 |42 |3720 |20 |1/2-,3/2- |
93 |42 |3790 |20 |1/2-,3/2- |
93 |42 |3980 |20 |1/2-,3/2- |
93 |42 |3985 |5 | |
93 |42 |4070 |20 |5/2-,7/2- |
93 |42 |4159.6 |9 |(23/2-) |
93 |42 |4170 | | |
93 |42 |4220 | |5/2+ |
93 |42 |4240 |20 |1/2-,3/2- |
93 |42 |4370 |20 |1/2-,3/2- |
93 |42 |4378 |5 | |
93 |42 |4438.1 |11 |(27/2-) |0.8 NS 2
93 |42 |4450 |25 |1/2-,3/2- |
93 |42 |4520 |20 |1/2-,3/2- |
93 |42 |4630 |30 |1/2-,3/2- |
93 |42 |4710 |30 |- |
93 |42 |4756 |5 | |
93 |42 |4780 |30 | |
93 |42 |4899.4 |9 |(25/2+) |
93 |42 |4938 |5 | |
93 |42 |5000 |30 |1/2-,3/2- |
93 |42 |5034 |5 | |
93 |42 |5070 |30 | |
93 |42 |5150 |30 |1/2-,3/2- |
93 |42 |5585.7 |11 |(29/2+) |
93 |42 |6652.2 |15 |31/2 |
93 |42 |6837.5 |15 |(29/2) |
93 |42 |7027.3 |15 |(33/2-) |
93 |42 |7097.7 |18 | |
93 |42 |7268.9 |18 |(35/2) |
93 |42 |8335.6 |18 |(35/2,37/2) |
93 |42 |8353.8 |18 |(31/2,33/2) |
93 |42 |8598.0 |18 |(37/2) |
93 |42 |8821.4 |20 |(37/2) |
93 |42 |9001.4 |21 |(33/2,35/2) |
93 |42 |9171.4 |20 |(39/2) |
93 |42 |9647.4 |23 |(41/2) |
93 |42 |9670.0 |23 |(35/2,37/2) |
93 |42 |9670.0+X | |(39/2-) |1.1 US +15-4
93 |42 |10890 |30 |9/2+ |
93 |42 |10940 |30 |1/2- |
93 |42 |11590 |30 |3/2- |
93 |42 |12220 |30 |1/2-,3/2- |
93 |42 |12300 |30 |5/2-,7/2- |
94 |42 |0.0 | |0+ |STABLE
94 |42 |871.098 |16 |2+ |2.77 PS 6
94 |42 |1573.76 |4 |4+ |5.0 PS 7
94 |42 |1741.65 |15 |0+ |
94 |42 |1864.31 |5 |2+ |0.20 PS +5-3
94 |42 |2067.35 |6 |2+ |35 FS 3
94 |42 |2121 |5 | |
94 |42 |2294.79 |16 |4+ |76 FS 11
94 |42 |2322 |2 |(6+) |
94 |42 |2393.02 |6 |2+ |83 FS +12-10
94 |42 |2423.45 |9 |6+ |
94 |42 |2533.87 |12 |3- |0.52 PS +9-8
94 |42 |2564.98 |19 |4+ |0.16 PS +5-3
94 |42 |2580 |5 |(3-) |
94 |42 |2610.57 |16 |(5)- |0.44 PS +11-8
94 |42 |2703 |5 |(3-) |
94 |42 |2739.91 |7 |1+ |53 FS 5
94 |42 |2767.61 |19 |4+ |107 FS 12
94 |42 |2780.51 |21 |(0+) |0.48 PS +12-9
94 |42 |2805.04 |19 |3+ |0.35 PS +5-4
94 |42 |2834.91 |24 |(4)- |
94 |42 |2853 |5 |(4+) |
94 |42 |2869.90 |8 |2+ |91 FS 10
94 |42 |2872.40 |11 |6+ |
94 |42 |2955.55 |13 |8+ |98 NS 2
94 |42 |2960 |5 |(4+) |
94 |42 |2965.41 |6 |3+ |52 FS 6
94 |42 |2993.10 |19 |2+ |151 FS +19-17
94 |42 |3011.51 |16 |3- |0.22 PS +6-4
94 |42 |3026.90 |20 |(3) |
94 |42 |3032 |5 |(4+) |
94 |42 |3072.42 |17 |(2,3+) |0.35 PS +7-6
94 |42 |3082.46 |24 |(3)+ |0.70 PS +28-17
94 |42 |3128.66 |7 |1+ |6.5 FS 4
94 |42 |3163.29 |19 |(3)+ |63 FS 7
94 |42 |3165.77 |9 |6+ |322 FS 35
94 |42 |3171 |10 |2+,3+ |
94 |42 |3201.11 |23 |(4) |44 FS +6-5
94 |42 |3243.2 |5 |(5)+ |92 FS +16-15
94 |42 |3260.9 |5 |1- |40 FS 4
94 |42 |3307.1 |4 |(2)+ |0.40 PS +14-9
94 |42 |3320 |5 |0+ |
94 |42 |3320.7 |3 | |
94 |42 |3331.74 |17 |3+ |52 FS 6
94 |42 |3339.54 |17 |6+ |126 FS 21
94 |42 |3359.8 |10 |(8+) |
94 |42 |3366.5 |4 |(3+,4) |0.61 PS 7
94 |42 |3368.1 |3 |(7-) |
94 |42 |3371.1 |3 |(2,3,4) |0.14 PS +7-4
94 |42 |3376 |3 |(4+) |
94 |42 |3380 |20 | |
94 |42 |3389.4 |5 |(5)- |0.49 PS 12
94 |42 |3398.3 |4 |(3,4) |35 FS +7-6
94 |42 |3400.83 |17 | |22.9 FS 28
94 |42 |3429.1 |8 | |
94 |42 |3435 |5 |(2+) |
94 |42 |3447.6 |4 |(1,2+) |35 FS +5-4
94 |42 |3448.7 |4 |5+ |0.45 PS 14
94 |42 |3456 |5 |2+ |
94 |42 |3462 |10 |(3)- |
94 |42 |3511.86 |14 |1(+) |9 FS +6-3
94 |42 |3531.5 |4 |(1,2+) |
94 |42 |3534.32 |9 |2+ |105 FS 28
94 |42 |3539 |5 |(1-) |
94 |42 |3588 |5 |(2+) |
94 |42 |3588.6 |5 | |
94 |42 |3602 |11 |+ |
94 |42 |3604 |5 |(3-) |
94 |42 |3620 |12 |(5-) |
94 |42 |3627 |5 |(3-) |
94 |42 |3647 |5 |(2)+ |
94 |42 |3693.4 |5 |(3,4) |0.105 FS 35
94 |42 |3700 |5 |0+ |
94 |42 |3707 |5 |(4+) |
94 |42 |3714 |10 | |
94 |42 |3730 |5 |(4+) |
94 |42 |3792.87 |15 |2+ |
94 |42 |3800 |5 |3- |
94 |42 |3802 |5 |(2+) |
94 |42 |3805.0 |6 |(8,10) |
94 |42 |3847.3 |7 |4+ |136 FS 28
94 |42 |3866.8 |4 |(9+) |
94 |42 |3869 |5 |(5-) |
94 |42 |3892.16 |7 |(1,2+) |
94 |42 |3895 |12 | |
94 |42 |3897.1 |6 |(10+) |
94 |42 |3897.5 |10 |(3+,5+) |78 FS 28
94 |42 |3901 |5 |(2+) |
94 |42 |3917 |5 | |
94 |42 |3928 |5 |(2+) |
94 |42 |3932.4 |7 |(7)+ |126 FS 21
94 |42 |3995 |5 |2+ |
94 |42 |4004 |5 |(2+) |
94 |42 |4007.8 |8 | |
94 |42 |4024 |5 |5- |
94 |42 |4062 |5 |(3-) |
94 |42 |4093 |5 |4+ |
94 |42 |4096.8 |5 |(9-) |
94 |42 |4105.5 |10 | |91 FS 28
94 |42 |4113 |5 |(3-) |
94 |42 |4120 |12 |2+,3- |
94 |42 |4128 |5 |(3-) |
94 |42 |4139 |5 |2+ |
94 |42 |4174 |12 |6+ |
94 |42 |4190.1 |8 | |
94 |42 |4191 |5 |(2+) |
94 |42 |4191.5 |6 |(12+) |
94 |42 |4223 |12 |4+ |
94 |42 |4237.5 |12 | |62 FS 28
94 |42 |4264.5 |6 | |
94 |42 |4293 |12 | |
94 |42 |4317 |5 |(2+) |
94 |42 |4388 |15 | |
94 |42 |4436 |12 | |
94 |42 |4475 |12 |(2+) |
94 |42 |4495.6 |9 | |
94 |42 |4499.3 |6 | |
94 |42 |4565 |12 | |
94 |42 |4602 |5 | |
94 |42 |4636 |12 | |
94 |42 |4729 |15 | |
94 |42 |4749.9 |5 |(11-) |
94 |42 |4755 |12 | |
94 |42 |4804 |12 | |
94 |42 |4833 |12 | |
94 |42 |4886 |12 | |
94 |42 |4921 |12 | |
94 |42 |4975 |12 | |
94 |42 |5059 |15 | |
94 |42 |5734.2 |6 |(13-) |
94 |42 |5804.1 |10 |(13+) |
94 |42 |6397.3 |8 |(14-) |
94 |42 |6555.1 |5 |(1,2+) |
94 |42 |6580.3 |10 |(13+) |
94 |42 |6962.7 |9 |(15-) |
94 |42 |7021.2 |9 |(15-) |
94 |42 |7067.6 |11 |(13+) |
94 |42 |7518.0 |9 |(16-) |
94 |42 |7554.6 |10 |(14+) |
94 |42 |7795.7 |11 |(15+) |
94 |42 |7899.9 |11 |(14+) |
94 |42 |8239.0 |12 |(16+) |
94 |42 |8452.6 |9 | |
94 |42 |8614.6 |11 |(15+) |
94 |42 |9030.2 |12 |(17+) |
94 |42 |9162.8 |12 |(16+) |
94 |42 |9209.9 |13 |(16-) |
94 |42 |9956.0 |11 |(16+) |
94 |42 |9979.1 |15 |(17+) |
94 |42 |10052.3 |14 | |
94 |42 |10272.4 |14 |(17-) |
94 |42 |10275.2 |13 |(18+) |
94 |42 |11588.3 |18 |(18+) |
94 |42 |SP+4769 | |(6)+ |
94 |42 |SP+4812 | |3+ |
94 |42 |SP+4830 | |(4)+ |
94 |42 |SP+4848 | |(5,6,7)+ |
94 |42 |SP+4882 | |(5)+ |
94 |42 |SP+5083 | |(4,5)+ |
94 |42 |SP+5110 | |(3)+ |
94 |42 |SP+5738 | | |
94 |42 |SP+5808 | | |
94 |42 |SP+5847 | |(5)+ |
94 |42 |SP+5966 | | |
94 |42 |SP+5986 | |(2,3,4)+ |
94 |42 |SP+6085 | |4+,5+ |
94 |42 |SP+6292 | | |
94 |42 |SP+6391 | | |
94 |42 |SP+6441 | | |
94 |42 |SP+6530 | | |
94 |42 |SP+6619 | | |
94 |42 |SP+6738 | | |
95 |42 |0.0 | |5/2+ |STABLE
95 |42 |59.3 |6 |(5/2+) |
95 |42 |204.1163 |16 |3/2+ |751 PS 9
95 |42 |526.6 |4 |(7/2+) |
95 |42 |765.803 |8 |7/2+ |4.4 PS 7
95 |42 |786.201 |3 |1/2+ |4.33 PS 27
95 |42 |820.628 |4 |3/2+ |0.62 PS 14
95 |42 |947.685 |16 |9/2+ |2.58 PS 11
95 |42 |1039.269 |4 |1/2+ |0.32 PS 7
95 |42 |1056.771 |20 |5/2+ |0.43 PS LE
95 |42 |1073.727 |16 |7/2+ |0.34 PS 11
95 |42 |1092 |12 |3/2+,5/2+ |
95 |42 |1302.31 |7 |1/2+ |
95 |42 |1318.23 |16 |(3/2+,5/2+) |6.9 NS LE
95 |42 |1332.9 |4 |(11/2-) |
95 |42 |1369.75 |12 |(3/2) |6.9 NS LE
95 |42 |1376.0 |20 |3/2+ |
95 |42 |1425.992 |24 |(5/2)+ |6.9 NS LE
95 |42 |1440.02 |13 |(7/2+,9/2,11/2) |6.9 NS LE
95 |42 |1540.801 |13 |11/2+ |6.9 NS LE
95 |42 |1551.772 |18 |(9/2)+ |6.9 NS LE
95 |42 |1620.26 |3 |3/2+ |
95 |42 |1645.1 |6 |7/2(+) |
95 |42 |1660.3 |3 |( 5/2) |
95 |42 |1667 |8 |7/2+,9/2+ |
95 |42 |1683.0 |10 |7/2,9/2(+) |
95 |42 |1692 | |1/2+ |
95 |42 |1742.90 |16 |(9/2) |6.9 NS LE
95 |42 |1796.30 |17 | |6.9 NS LE
95 |42 |1808.02 |21 |(7/2+) |6.9 NS LE
95 |42 |1888.54 |22 |(9/2)+ |6.9 NS LE
95 |42 |1916 |5 |(9/2)+ |
95 |42 |1937.47 |7 |11/2- |6.9 NS LE
95 |42 |1963 | |3/2+,5/2+ |
95 |42 |1984 |15 |3/2+,5/2+ |
95 |42 |2024 |4 |3/2+ |
95 |42 |2045 |3 |(3/2)+ |
95 |42 |2049 | |1/2+ |
95 |42 |2058.51 |7 |(13/2+) |6.9 NS LE
95 |42 |2067 | |(5/2-,7/2-) |
95 |42 |2089 | |(3/2)+ |
95 |42 |2092.9 |6 |(15/2-) |
95 |42 |2118 | |7/2+,9/2+ |
95 |42 |2152 |9 |(5/2)+ |
95 |42 |2169 |15 |(3/2)+ |
95 |42 |2213 |4 |1/2-,3/2- |
95 |42 |2219.2 |4 |(13/2)+ |
95 |42 |2232.27 |7 |(15/2)+ |6.9 NS LE
95 |42 |2244 | |(3/2)+ |
95 |42 |2315 |8 |1/2-,3/2- |
95 |42 |2357 | |1/2+ |
95 |42 |2383 | |(3/2)+ |
95 |42 |2396 |10 |(3/2)+ |
95 |42 |2428 |13 |7/2+,9/2+ |
95 |42 |2491 |3 |(3/2)+ |
95 |42 |2501 |15 |(7/2+,9/2+) |
95 |42 |2531 |12 |9/2+ |
95 |42 |2544 | |(1/2-,3/2-) |
95 |42 |2580.08 |10 |(17/2)+ |6.9 NS LE
95 |42 |2595 | |1/2+ |
95 |42 |2611.14 |12 |(15/2-) |6.9 NS LE
95 |42 |2618.08 |11 |(19/2)+ |
95 |42 |2671 | | |
95 |42 |2695 | |(3/2+) |
95 |42 |2711 |3 |1/2-,3/2- |
95 |42 |2725 | |(3/2+) |
95 |42 |2732.1 |8 |19/2+ |6.9 NS LE
95 |42 |2745 | |(3/2+) |
95 |42 |2754 | |(3/2+) |
95 |42 |2769.9 |4 |(21/2)+ |
95 |42 |2830 | |(3/2)+ |
95 |42 |2843 | |(3/2)+ |
95 |42 |2861 |3 |1/2- |
95 |42 |2895.5 |6 |(17/2)+ |
95 |42 |2919 | |1/2-,3/2- |
95 |42 |2955 | |1/2-,3/2- |
95 |42 |3037 | |3/2+ |
95 |42 |3056 | |1/2+ |
95 |42 |3063 |17 |1/2-,3/2- |
95 |42 |3130.1 |7 |(19/2-) |
95 |42 |3142 | |(3/2)+ |
95 |42 |3155 | |3/2+,5/2+ |
95 |42 |3200 |20 |(3/2+,5/2+) |
95 |42 |3260 |20 |3/2+,5/2+ |
95 |42 |3277.1 |4 |(19/2-) |
95 |42 |3310 |20 |3/2+,5/2+ |
95 |42 |3310 |10 |(7/2+,9/2+) |
95 |42 |3395 |15 |7/2+,9/2+ |
95 |42 |3403 |5 |3/2- |
95 |42 |3443 |17 |1/2-,3/2- |
95 |42 |3494 |17 |7/2+,9/2+ |
95 |42 |3551 |17 |7/2+,9/2+ |
95 |42 |3625 |17 |7/2+,9/2+ |
95 |42 |3672.5 |4 |(25/2)+ |
95 |42 |3698 |13 | |
95 |42 |3741 |16 | |
95 |42 |3874.8 |5 |(25/2)+ |
95 |42 |3960 |20 |1/2-,3/2- |
95 |42 |4010 |20 |1/2-,3/2- |
95 |42 |4047.7 |5 |(23/2-) |
95 |42 |4070 |20 |1/2-,3/2- |
95 |42 |4139.9 |5 |(29/2)+ |
95 |42 |4170 |20 |1/2-,3/2- |
95 |42 |4240 |20 |1/2-,3/2- |
95 |42 |4310 |20 |1/2-,3/2- |
95 |42 |4350 |20 |1/2-,3/2- |
95 |42 |4396.1 |8 |(23/2-) |
95 |42 |4400 |25 |3/2- |
95 |42 |4441 |17 |3/2- |
95 |42 |4450 |25 |3/2- |
95 |42 |4486 |17 |(3/2)- |
95 |42 |4500 |25 |3/2- |
95 |42 |4533 | |(3/2)- |
95 |42 |4560 |20 |3/2+ |
95 |42 |4630 |30 |(3/2+,5/2+) |
95 |42 |4740 |30 |1/2-,3/2- |
95 |42 |4810 |30 |3/2- |
95 |42 |4852.0 |5 | |
95 |42 |4860 |12 |(3/2)- |
95 |42 |4908 |16 |(9/2)+ |
95 |42 |4953.4 |5 | |
95 |42 |4954 |24 |9/2+ |
95 |42 |5117.4 |5 |(27/2)- |
95 |42 |5362.2 |5 |(31/2+) |
95 |42 |5451.5 |7 | |
95 |42 |5760.4 |7 |(31/2-) |
95 |42 |5896.1 |9 |(27/2-) |
95 |42 |6327.9 |7 |(35/2+) |
95 |42 |6708.6 |7 |(35/2-) |
95 |42 |7368.3 |17 |1/2+ |
95 |42 |7427.1 |13 |(31/2-) |
95 |42 |7451.0 |8 |(37/2-) |
95 |42 |7985.3 |8 |(39/2-) |
95 |42 |8424.9 |9 |(37/2+) |
95 |42 |9300.2 |17 |(35/2-) |
95 |42 |9654.7 |10 |(41/2-) |
95 |42 |10508.9 |11 |(45/2-) |
95 |42 |12.10E+3 |3 |(9/2)+ |
95 |42 |12.36E+3 |3 |(1/2)- |
95 |42 |12.94E+3 |3 |(3/2)- |
95 |42 |13.15E+3 |3 |(5/2)- |
95 |42 |13.37E+3 |3 |(3/2)- |
95 |42 |13.43E+3 |3 |(5/2)- |
96 |42 |0.0 | |0+ |STABLE
96 |42 |778.237 |10 |2+ |3.67 PS 6
96 |42 |1148.13 |7 |0+ |61 PS 8
96 |42 |1330 |50 |0+ |
96 |42 |1497.787 |10 |2+ |0.78 PS 7
96 |42 |1625.905 |16 |2+ |0.90 PS GT
96 |42 |1628.188 |13 |4+ |1.2 PS 2
96 |42 |1869.576 |12 |4+ |6.4 PS +28-15
96 |42 |1978.450 |14 |3+ |2.29 PS GT
96 |42 |2095.77 |4 |2+ |97 FS 11
96 |42 |2219.425 |14 |4+ |0.38 PS GT
96 |42 |2234.63 |4 |3- |0.277 PS GT
96 |42 |2398.9 |10 | |
96 |42 |2426.14 |4 |2+ |0.19 PS +4-3
96 |42 |2438.477 |15 |5+ |0.139 PS GT
96 |42 |2440.76 |3 |6+ |0.208 PS GT
96 |42 |2476 |8 |4+ |
96 |42 |2481.06 |6 |(4)+ |1.01 PS GT
96 |42 |2501.58 |5 |(1) |97 FS 13
96 |42 |2540.46 |5 |(3+) |69 FS 10
96 |42 |2594.39 |4 |3+ |0.8 PS +43-4
96 |42 |2611.51 |10 | |0.194 PS GT
96 |42 |2622.51 |10 |(0)+ |0.6 PS +6-2
96 |42 |2625.19 |13 |4+ |0.5 PS +8-2
96 |42 |2700.21 |6 |2+ |103 FS 14
96 |42 |2712.68 |10 | |
96 |42 |2734 | |(5-) |
96 |42 |2734.57 |6 |(4,5)+ |0.25 PS GT
96 |42 |2735.91 |9 |3+ |121 FS +18-17
96 |42 |2742 | |0+ |
96 |42 |2748.65 |7 |(0+) |0.17 PS +4-3
96 |42 |2755.08 |3 |6+ |0.194 PS GT
96 |42 |2787.12 |5 |2+ |0.15 PS +4-3
96 |42 |2790.21 |6 |(2,4) |0.68 PS GT
96 |42 |2794.50 |6 |1+ |31 FS 3
96 |42 |2806.25 |6 |(1) |114 FS +21-18
96 |42 |2818.49 |8 |4+ |59 FS +16-12
96 |42 |2875.48 |4 |7+,6+ |
96 |42 |2975.28 |7 |5+ |
96 |42 |2978.37 |8 |8+ |
96 |42 |2986.80 |5 |2+ |104 FS +15-14
96 |42 |3006.45 |10 |0+ |90 FS +19-15
96 |42 |3020 |5 | |
96 |42 |3024.58 |5 |2+ |83 FS +13-12
96 |42 |3053.23 |8 |(4+) |69 FS +14-11
96 |42 |3087.66 |6 |3+ |0.33 PS +53-14
96 |42 |3088 |5 |(4+,5-) |
96 |42 |3089.62 |7 |2,3 |66 FS +10-8
96 |42 |3134.29 |8 | |76 FS 10
96 |42 |3154.15 |11 |1 |73 FS +10-9
96 |42 |3178.69 |6 |3- |142 FS +24-21
96 |42 |3186.81 |19 |4+ |
96 |42 |3202.85 |12 | |
96 |42 |3211.40 |5 |3+ |104 FS +22-18
96 |42 |3232.56 |7 |(3) |236 FS +10-62
96 |42 |3241 |12 |4+ |
96 |42 |3255.63 |7 | |0.4 PS +9-2
96 |42 |3284.97 |9 |2+ |0.13 PS +4-3
96 |42 |3300.38 |7 |1+ |8.3 FS 14
96 |42 |3327.87 |7 |(1) |49 FS +12-10
96 |42 |3335.30 |6 |(4+) |0.13 PS +4-3
96 |42 |3351.67 |6 |2+ |36 FS +10-8
96 |42 |3364.0 |3 | |120 FS +5-3
96 |42 |3369.98 |10 |(8)+ |
96 |42 |3373.89 |6 |2+ |23 FS 3
96 |42 |3416.82 |6 |4+ |0.61 PS GT
96 |42 |3418 |12 |5- |
96 |42 |3420 |80 |2+ |
96 |42 |3421.24 |7 |(1) |52 FS +9-8
96 |42 |3424.90 |8 |1+ |8.3 FS +28-21
96 |42 |3433.60 |10 |(4)+ |97 FS +21-17
96 |42 |3441.92 |9 |4+ |
96 |42 |3444.8 |5 | |
96 |42 |3464.65 |7 |(3) |44 FS +7-6
96 |42 |3472.20 |10 |2+ |66 FS +19-14
96 |42 |3472.65 |14 |(7)+ |
96 |42 |3530.99 |8 |1,2,3 |43 FS 6
96 |42 |3540.88 |7 |(3) |83 FS +22-17
96 |42 |3551.4 |3 |3 |
96 |42 |3556 |10 |5- |
96 |42 |3573.28 |7 |(1) |87 FS +24-18
96 |42 |3597 |5 |2+ |
96 |42 |3599.57 |9 |1- |10.4 FS 21
96 |42 |3610.48 |7 |2,3 |104 FS +21-17
96 |42 |3623.19 |10 |(3+) |0.236 PS GT
96 |42 |3646 |10 | |
96 |42 |3668.82 |8 |3+ |44 FS +9-8
96 |42 |3683 |12 | |
96 |42 |3690 |80 |(2+) |
96 |42 |3694 |5 |5- |
96 |42 |3709 |12 |2+ |
96 |42 |3736 |5 |4+ |
96 |42 |3786.93 |13 |(10)+ |
96 |42 |3800 |5 | |
96 |42 |3847 |12 | |
96 |42 |3866 |5 | |
96 |42 |3895.4 |10 |1- |
96 |42 |3915.69 |12 |(9)+ |
96 |42 |3965 |5 |(4+) |
96 |42 |4038 |5 |(3-) |
96 |42 |4098 |5 |4+ |
96 |42 |4215 |5 | |
96 |42 |4245.11 |16 |10+ |
96 |42 |4280 |5 | |
96 |42 |4469 |5 | |
96 |42 |4532.84 |24 |(11)+ |
96 |42 |4583.55 |15 |(12)+ |
96 |42 |4603 |5 | |
96 |42 |4714 |12 |1- |
96 |42 |4795.12 |14 |(11)+ |
96 |42 |5132.20 |18 |(12)+ |
96 |42 |5640.64 |21 |(13)+ |
96 |42 |5654.61 |16 |(13)+ |
96 |42 |5811.43 |22 |(14)+ |
96 |42 |6300 |50 |0+ |
96 |42 |6414.52 |19 |(15)+ |
96 |42 |6709.8 |4 |(15)+ |
96 |42 |7505.5 |6 |(17)+ |
96 |42 |7554.1 |4 | |
96 |42 |8424.0 |7 |(19)+ |
96 |42 |9466.9 |9 |(20+) |
97 |42 |0.0 | |5/2+ |STABLE
97 |42 |275 |1 | |
97 |42 |320 |1 |1/2:9/2+ |
97 |42 |373 |8 |1/2:9/2+ |
97 |42 |480.91 |6 |3/2+ |12.9 PS 19
97 |42 |528 |5 |5/2+ |
97 |42 |576 |4 |1/2:11/2- |
97 |42 |658.13 |5 |7/2+ |2.0 PS 5
97 |42 |679.59 |7 |1/2+ |28.9 PS 19
97 |42 |719.20 |7 |5/2+ |10 PS 5
97 |42 |720.92 |14 |3/2+ |4 PS +5-3
97 |42 |753 |5 |(3/2+,5/2+) |
97 |42 |787 |5 |1/2:11/2- |
97 |42 |795 |5 |(1/2+) |
97 |42 |824 |4 |5/2+ |
97 |42 |888.00 |10 |1/2+ |2.7 PS 9
97 |42 |993 |5 |(3/2+,5/2+) |
97 |42 |1004 |1 |1/2:9/2+ |
97 |42 |1024.45 |8 |7/2+ |0.55 PS 12
97 |42 |1025 |2 |5/2+ |
97 |42 |1092.63 |14 |3/2+ |1.3 PS +16-7
97 |42 |1116 |5 |11/2- |
97 |42 |1116.74 |8 |9/2+ |1.20 PS 8
97 |42 |1120 |10 |3/2+,5/2+ |
97 |42 |1134 |3 |7/2+,9/2+ |
97 |42 |1222 |3 |5/2+ |
97 |42 |1264.9 |4 |3/2+,5/2+ |
97 |42 |1268 |5 |3/2:7/2- |
97 |42 |1268.63 |8 |7/2+ |0.53 PS 20
97 |42 |1270.7 |3 |5/2+ |
97 |42 |1284.63 |12 |3/2+,5/2+ |0.7 PS +5-6
97 |42 |1321.5 |9 |3/2 |7 NS LT
97 |42 |1341 |6 |1/2:9/2+ |
97 |42 |1409.47 |11 |11/2+ |7 NS LT
97 |42 |1436.91 |15 |11/2- |2.5 NS 3
97 |42 |1515.72 |9 |9/2+ |1.48 PS 23
97 |42 |1516.0 |4 |3/2+ |
97 |42 |1544.89 |21 |(7/2+,9/2+,11/2+) |7 NS LT
97 |42 |1547.6 |5 |1/2+ |
97 |42 |1550 |8 |5/2+ |
97 |42 |1556.6 |7 |7/2- |
97 |42 |1563 |4 |3/2+,5/2+ |
97 |42 |1565.6 |3 |(7/2) |7 NS LT
97 |42 |1621 |2 |1/2:9/2+ |
97 |42 |1629.91 |16 |7/2+ |7 NS LT
97 |42 |1697.9 |5 |(9/2+) |
97 |42 |1700.7 |9 |(1/2+) |
97 |42 |1724.1 |5 |3/2,5/2+ |
97 |42 |1727.54 |20 |(7/2+) |
97 |42 |1758.3 |10 |(1/2,3/2,5/2+) |
97 |42 |1762.5 |6 |9/2+ |
97 |42 |1782.95 |13 |(11/2+) |7 NS LT
97 |42 |1786.5 |5 |7/2+,9/2+ |
97 |42 |1790.3 |5 |(1/2,3/2) |
97 |42 |1847.8 |4 |(5/2,7/2) |
97 |42 |1848 |5 | |
97 |42 |1871 |8 |1/2:9/2+ |
97 |42 |1921.0 |3 |13/2+ |7 NS LT
97 |42 |1930.2 |3 |(3/2,5/2) |
97 |42 |1939.93 |14 |(5/2+) |7 NS LT
97 |42 |1955 |3 |5/2+ |
97 |42 |1961.6 |4 |7/2+ |
97 |42 |1986.1 |8 |(3/2,5/2,7/2) |
97 |42 |1989.8 |4 |(3/2,5/2) |
97 |42 |2002 |5 |(7/2+,9/2+) |
97 |42 |2002.3 |4 |15/2- |
97 |42 |2033.7 |10 |1/2+ |
97 |42 |2040.9 |3 |(7/2-) |
97 |42 |2049.8 |4 |7/2+,9/2+ |
97 |42 |2055.0 |9 |(5/2,7/2) |
97 |42 |2061 |1 | |
97 |42 |2073.8 |4 | |
97 |42 |2092.1 |9 |3/2- |
97 |42 |2152.5 |6 |3/2+,5/2+ |
97 |42 |2160.0 |11 |(13/2,15/2-) |
97 |42 |2163.6 |12 |3/2+,5/2+ |
97 |42 |2197.26 |23 | |
97 |42 |2220 |6 |1/2:11/2- |
97 |42 |2222 |5 |3/2+,5/2+ |
97 |42 |2244.1 |3 | |
97 |42 |2258.0 |4 |(9/2,11/2) |
97 |42 |2267 |5 |1/2-,3/2- |
97 |42 |2271.1 |5 | |
97 |42 |2278.9 |6 |(3/2,5/2+) |
97 |42 |2315 |5 |3/2+,5/2+ |
97 |42 |2331.2 |12 |(7/2+) |
97 |42 |2347.6 |12 |(1/2-,3/2-) |
97 |42 |2357.3 |4 | |
97 |42 |2365.6 |9 |(9/2)+ |
97 |42 |2377.5 |11 |5/2+ |
97 |42 |2388 |7 |1/2-,3/2- |
97 |42 |2409.8 |10 |5/2+ |
97 |42 |2426 |4 |9/2-,11/2- |
97 |42 |2433.9 |4 |(15/2+) |
97 |42 |2460 |20 |(1/2-,3/2-) |
97 |42 |2462 |5 |1/2+ |
97 |42 |2491 |2 |5/2+ |
97 |42 |2498.0 |12 |(1/2,3/2,5/2+) |
97 |42 |2511.3 |6 |9/2+ |
97 |42 |2512.9 |5 |3/2+,5/2+ |
97 |42 |2539 |5 |7/2+,9/2+ |
97 |42 |2557 |5 |1/2+ |
97 |42 |2560.4 |8 | |
97 |42 |2564.4 |12 |(1/2,3/2,5/2+) |
97 |42 |2578.7 |10 |(1/2+,3/2,5/2+) |
97 |42 |2610 |3 |1/2:9/2+ |
97 |42 |2626.62 |24 | |
97 |42 |2643.4 |9 |(3/2+,5/2+) |
97 |42 |2649.5 |8 |(7/2+,9/2+) |
97 |42 |2650 |5 |3/2+,5/2+ |
97 |42 |2677 |5 |3/2+,5/2+ |
97 |42 |2697 |5 |3/2+,5/2+ |
97 |42 |2707.8 |5 | |
97 |42 |2712.2 |4 |(17/2+) |
97 |42 |2725.2 |4 |(19/2-) |
97 |42 |2745 |5 |1/2-,3/2- |
97 |42 |2772 |4 |7/2+,9/2+ |
97 |42 |2793.5 |8 |5/2+ |
97 |42 |2813.6 |5 | |
97 |42 |2828.7 |4 |(19/2+) |
97 |42 |2831 |13 |1/2-,3/2- |
97 |42 |2833 |5 |3/2+,5/2+ |
97 |42 |2859 |3 |5/2+ |
97 |42 |2875 |15 |1/2-,3/2- |
97 |42 |2878 |5 |3/2+,5/2+ |
97 |42 |2896 |4 |5/2+ |
97 |42 |2905.7 |8 |3/2+,5/2+ |
97 |42 |2925 |1 |(5/2,7/2)- |
97 |42 |2950 |5 |3/2+,5/2+ |
97 |42 |2976 |3 |3/2:13/2+ |
97 |42 |3008.2 |10 |1/2-,3/2- |
97 |42 |3015 |5 |3/2+,5/2+ |
97 |42 |3020 |1 |3/2:7/2- |
97 |42 |3035 |5 |(3/2+,5/2+) |
97 |42 |3052 |15 |1/2-,3/2- |
97 |42 |3074 |5 |3/2+,5/2+ |
97 |42 |3076 |1 |3/2:7/2- |
97 |42 |3096 |5 | |
97 |42 |3111 |20 |1/2-,3/2- |
97 |42 |3122 |3 | |
97 |42 |3154 |5 |1/2+ |
97 |42 |3170 |15 | |
97 |42 |3191 |4 |1/2:11/2- |
97 |42 |3217 |5 |3/2+,5/2+ |
97 |42 |3258 |5 |1/2-,3/2- |
97 |42 |3293 |5 | |
97 |42 |3338 |5 |7/2+,9/2+ |
97 |42 |3345 |20 |1/2-,3/2- |
97 |42 |3370 |5 |3/2+,5/2+ |
97 |42 |3391 |5 |3/2+,5/2+ |
97 |42 |3406 |15 |7/2+,9/2+ |
97 |42 |3466 |5 |(3/2+,5/2+) |
97 |42 |3501 |5 |3/2+,5/2+ |
97 |42 |3547 |5 |(7/2+,9/2+) |
97 |42 |3567 |5 |7/2+,9/2+ |
97 |42 |3571.6 |4 |(23/2-) |
97 |42 |3596 |5 | |
97 |42 |3620 |5 |3/2+,5/2+ |
97 |42 |3659 |5 |7/2+,9/2+ |
97 |42 |3682 |5 | |
97 |42 |3706 |5 | |
97 |42 |3734 |5 |7/2+,9/2+ |
97 |42 |3747.7 |4 |(21/2) |
97 |42 |3786 |5 |(3/2+,5/2+) |
97 |42 |3793 |20 | |
97 |42 |3892 |5 | |
97 |42 |3912 |5 |(3/2+,5/2+) |
97 |42 |3935 |5 |(3/2+,5/2+) |
97 |42 |3959 |25 |1/2-,3/2- |
97 |42 |3983 |5 |(3/2+,5/2+) |
97 |42 |4025 |5 | |
97 |42 |4053 |5 | |
97 |42 |4073 |25 |1/2-,3/2- |
97 |42 |4121 |5 | |
97 |42 |4144 |5 |(3/2+,5/2+) |
97 |42 |4254 |25 |1/2-,3/2- |
97 |42 |4298 |25 |1/2-,3/2- |
97 |42 |4423 |25 |1/2-,3/2- |
97 |42 |4470 |25 |1/2-,3/2- |
97 |42 |4472.4 |4 |(25/2) |
97 |42 |4518.6 |4 |(27/2-) |
97 |42 |5502.5 |4 |(31/2-) |
97 |42 |13030 |30 |9/2+ |
97 |42 |13790 |30 |1/2- |
97 |42 |14260 |30 | |
97 |42 |14300 |30 |1/2-,3/2- |
97 |42 |14340 |30 |1/2-,3/2- |
97 |42 |14380 |30 | |
97 |42 |14500 |30 |5/2- |
98 |42 |0.0 | |0+ |STABLE
98 |42 |734.75 |4 |0+ |21.8 NS 9
98 |42 |787.384 |13 |2+ |3.52 PS 6
98 |42 |1432.206 |16 |2+ |1.53 PS 16
98 |42 |1510.039 |17 |4+ |2.53 PS 5
98 |42 |1758.48 |3 |2+ |1.42 PS 6
98 |42 |1871 |2 |(2+) |
98 |42 |1880.85 |17 | 4 |
98 |42 |1963.08 |8 |0+ |
98 |42 |2017.52 |3 |3- |65 PS 7
98 |42 |2037.53 |7 |(0+,1+,2+) |
98 |42 |2104.72 |3 |(3+) |
98 |42 |2206.59 |6 |2+ |
98 |42 |2209 |2 |0+ |
98 |42 |2223.855 |19 |4+ |
98 |42 |2240 |2 |(4+) |
98 |42 |2333.44 |3 |2+ |
98 |42 |2334 |2 |(4+) |
98 |42 |2343.61 |3 |(6+) |5.2 PS 2
98 |42 |2350 |2 |(2+) |
98 |42 |2369 |2 |(2+) |
98 |42 |2418.34 |9 |(2+) |
98 |42 |2419.62 |3 |(3-) |
98 |42 |2485.19 |5 |(3-) |
98 |42 |2506.36 |3 |(3-,4+) |
98 |42 |2509 |2 |(1-) |
98 |42 |2526.1 |3 |(1-,2+) |
98 |42 |2537 |5 |(1-) |
98 |42 |2561.93 |14 |(2-) |
98 |42 |2570.9 |5 |(6,7,8) |
98 |42 |2572.82 |9 |(4+) |
98 |42 |2574.70 |7 |(3-,4,5-) |
98 |42 |2608.4 |6 |0+ |
98 |42 |2619.97 |16 |(1,2+) |
98 |42 |2620.79 |4 |(5-) |
98 |42 |2644.7 |4 |(1,2) |
98 |42 |2678.87 |3 |(4+) |
98 |42 |2700.70 |13 |(2+) |
98 |42 |2733 |5 |(2+) |
98 |42 |2738.0 |5 |(6,7,8) |
98 |42 |2767.65 |3 |(4+) |
98 |42 |2795.58 |12 |(5-) |
98 |42 |2803 |10 |(0+) |
98 |42 |2813.31 |8 |(2+) |
98 |42 |2836.82 |6 |(4+) |
98 |42 |2854.7 |3 |(6,7,8) |
98 |42 |2855 |5 |(4+) |
98 |42 |2856.3 |2 |(0+) |
98 |42 |2906 |5 |(4+) |
98 |42 |2915.5 |3 |(2+) |
98 |42 |2962.3 |2 |(3-) |
98 |42 |2976.92 |8 |(4+) |
98 |42 |3010.9 |2 |(4+) |
98 |42 |3020.46 |7 |(5-) |
98 |42 |3021.74 |3 |(4+) |
98 |42 |3045.9 |3 |(4+) |
98 |42 |3050.94 |5 |(4+) |
98 |42 |3067.73 |7 |(3-) |
98 |42 |3095.7 |2 |(2+) |
98 |42 |3096.75 |13 |(7-) |
98 |42 |3103.1 |2 |(2+,3,4) |
98 |42 |3108.8 |2 |(2+,3,4) |
98 |42 |3125 |5 |(3-) |
98 |42 |3152 |5 |(2+) |
98 |42 |3155.6 |2 |(4+) |
98 |42 |3165.89 |5 |(4+) |
98 |42 |3195.53 |17 |(3-,4,5-) |
98 |42 |3208.98 |12 |(3-) |
98 |42 |3210.7 |2 |(4+) |
98 |42 |3211.56 |3 |(4+) |
98 |42 |3229.16 |10 |(4+,5,6+) |
98 |42 |3241.2 |10 | |
98 |42 |3263 |5 |(1-) |
98 |42 |3265 |10 |(0+) |
98 |42 |3271.8 |2 |(8+) |
98 |42 |3276 |5 |(3-,4+) |
98 |42 |3296 |10 |(2+) |
98 |42 |3305 |5 |(5-) |
98 |42 |3326.39 |4 |(4+) |
98 |42 |3344 |5 |(2+) |
98 |42 |3366.1 |3 | |
98 |42 |3389 |5 |(2+) |
98 |42 |3394.50 |5 |(4+) |
98 |42 |3401.13 |9 |(4+) |
98 |42 |3403.75 |12 |(5,6) |
98 |42 |3418.68 |17 |(4+) |
98 |42 |3455.12 |5 |(4+) |
98 |42 |3465.91 |8 |(4+) |
98 |42 |3485 |5 |(2+) |
98 |42 |3501.7 |3 |(4+) |
98 |42 |3516.77 |7 |(4+) |
98 |42 |3524 |5 |(6+) |
98 |42 |3541.28 |15 | |
98 |42 |3547.50 |6 |(4+) |
98 |42 |3554.87 |11 | |
98 |42 |3565.65 |8 |(4+) |
98 |42 |3598.26 |16 |(4+) |
98 |42 |3601.1 |4 |(4+,5,6) |
98 |42 |3617.1 |2 | |
98 |42 |3620.1 |2 |(3-,4) |
98 |42 |3623.53 |5 |(4+) |
98 |42 |3639 |5 |(4+) |
98 |42 |3657.2 |4 |(6+,7,8,9-) |
98 |42 |3664 |5 |(4+) |
98 |42 |3682 |5 |(4+) |
98 |42 |3711.9 |7 |(5-) |
98 |42 |3723.7 |3 |(4+) |
98 |42 |3737.75 |8 |(4+) |
98 |42 |3757 |5 |(5-) |
98 |42 |3769.4 |6 | |
98 |42 |3777.9 |1 |(4+) |
98 |42 |3793 |5 |(5-) |
98 |42 |3809.24 |10 |(4,5,6+) |
98 |42 |3809.61 |9 |(4,5-) |
98 |42 |3824 |5 | |
98 |42 |3842.8 |2 |(4,5,6) |
98 |42 |3898 |5 |(4+) |
98 |42 |3947.5 |3 |(4+) |
98 |42 |3964.32 |11 |(4+,5,6) |
98 |42 |3981.80 |10 |(3-) |
98 |42 |3998.61 |10 |(5-) |
98 |42 |4044 |5 |(4+) |
98 |42 |4060.62 |13 |(4,5,6+) |
98 |42 |4076.43 |11 |(4,5,6+) |
98 |42 |4103.4 |2 |(4+) |
98 |42 |4117 |5 |(4+,5-) |
98 |42 |4143 |5 |(4+) |
98 |42 |4149.9 |6 | |
98 |42 |4177 |5 |(3-) |
98 |42 |4247 |5 |(4+) |
98 |42 |4356 |10 | |
98 |42 |4424.4 |7 | |
98 |42 |4440.7 |8 | |
98 |42 |4538.5 |8 | |
98 |42 |4610.1 |9 | |
98 |42 |7434 |15 | |
98 |42 |8800 |AP | |
99 |42 |0.0 | |1/2+ |65.976 H 24
99 |42 |97.785 |3 |5/2+ |15.5 US 2
99 |42 |235.508 |8 |7/2+ |0.87 NS 15
99 |42 |351.22 |6 |3/2+ |
99 |42 |525.193 |16 |1/2+ |
99 |42 |548.73 |8 |3/2+ |
99 |42 |615.02 |9 |5/2+ |
99 |42 |631.78 |12 |3/2+ |
99 |42 |684.10 |19 |11/2- |0.76 US 6
99 |42 |698.09 |16 |(7/2+) |
99 |42 |752.41 |22 |(5/2+) |
99 |42 |754.18 |20 |7/2- |
99 |42 |792.93 |12 |3/2+ |
99 |42 |865.87 |12 | |
99 |42 |890.58 |14 |3/2+ |
99 |42 |905.43 |14 |1/2+ |
99 |42 |905.99 |19 |(9/2)+ |
99 |42 |924 |12 |3/2+,5/2+ |
99 |42 |944.61 |14 |(5/2)+ |
99 |42 |1025.68 |12 |(3/2+,5/2+) |
99 |42 |1030 |3 |3/2- |
99 |42 |1048.03 |16 |7/2+ |
99 |42 |1142.81 |12 | |
99 |42 |1148 |3 |5/2-,7/2- |
99 |42 |1165.4 |11 |(15/2)- |
99 |42 |1167.43 |21 |5/2+ |
99 |42 |1195.6 |11 | |
99 |42 |1197.69 |23 |3/2+ |
99 |42 |1254.2 |5 |5/2+ |
99 |42 |1261 | |1/2+ |
99 |42 |1272.3 |7 | |
99 |42 |1280.4 |5 | |
99 |42 |1283.0 |4 | |
99 |42 |1314.03 |22 |(11/2)+ |
99 |42 |1342.76 |15 | |
99 |42 |1352.7 |6 |(7/2)+ |
99 |42 |1354.3 |3 | |
99 |42 |1367.6 |11 | |
99 |42 |1382.6 |4 |3/2+,5/2+ |
99 |42 |1401.31 |17 |(5/2,7/2) |
99 |42 |1404.8 |15 |(17/2) |
99 |42 |1442.1 |5 |(3/2,5/2)+ |
99 |42 |1449.5 |10 | |
99 |42 |1455.3 |21 |1/2,3/2+,5/2+ |
99 |42 |1464.5 |6 |(9/2)+ |
99 |42 |1471.7 |8 |(11/2)+ |
99 |42 |1493.50 |24 |5/2+ |
99 |42 |1533.1 |21 |3/2+,5/2+ |
99 |42 |1536.5 |11 |(7/2+) |
99 |42 |1545 |3 |5/2+ |
99 |42 |1560.59 |22 |1/2,3/2,5/2+ |
99 |42 |1571.3 |4 |1/2,3/2,5/2+ |
99 |42 |1580 |3 |3/2+ |
99 |42 |1618 |10 |(3/2-,5/2-,7/2-) |
99 |42 |1634.8 |21 |3/2+,5/2+ |
99 |42 |1639.37 |25 |9/2-,11/2- |
99 |42 |1661.1 |25 | |
99 |42 |1675.5 |11 |(9/2+) |
99 |42 |1679.5 |11 |(13/2+) |
99 |42 |1682.2 |4 |(3/2+,5/2+) |
99 |42 |1710.2 |19 |3/2+,5/2+ |
99 |42 |1722 | |1/2-,3/2- |
99 |42 |1741.5 |21 | |
99 |42 |1755 | |3/2+,5/2+ |
99 |42 |1778 | |5/2-,7/2- |
99 |42 |1799 |7 |7/2+,9/2+ |
99 |42 |1813.4 |3 | |
99 |42 |1828 |10 |+ |
99 |42 |1845 | | |
99 |42 |1857.91 |16 |(9/2,11/2) |
99 |42 |1858.0 |15 |19/2- |
99 |42 |1884.9 |15 |(15/2-) |
99 |42 |1893.39 |16 |(1/2-,3/2-) |
99 |42 |1909 |10 |1/2-,3/2- |
99 |42 |1931.6 |12 |1/2+ |
99 |42 |1934 |12 |7/2+,9/2+ |
99 |42 |1949.5 |21 |1/2+ |
99 |42 |1965 | |1/2+ |
99 |42 |1987.4 |3 | |
99 |42 |2000 |15 | |
99 |42 |2024 |15 |3/2-,5/2-,7/2- |
99 |42 |2055.5 |21 |3/2-,5/2- |
99 |42 |2059.68 |24 | |
99 |42 |2078 | |9/2-,11/2- |
99 |42 |2103 |20 |7/2+,9/2+ |
99 |42 |2134.46 |18 |1/2-,3/2- |
99 |42 |2160 |3 |7/2+,9/2+ |
99 |42 |2174.67 |23 |9/2-,11/2- |
99 |42 |2179.5 |25 | |
99 |42 |2218.5 |25 |5/2- |
99 |42 |2220.9 |15 |(17/2-) |
99 |42 |2232.2 |15 |(15/2) |
99 |42 |2299.5 |25 | |
99 |42 |2318.5 |21 | |
99 |42 |2340.27 |25 |1/2,3/2 |
99 |42 |2409.5 |15 |(17/2+) |
99 |42 |2436 |10 |1/2-,3/2- |
99 |42 |2441.1 |15 |(13/2) |
99 |42 |2482 |3 |1/2+ |
99 |42 |2517 |3 |7/2+,9/2+ |
99 |42 |2531 |12 |1/2-,3/2- |
99 |42 |2594.5 |12 |1/2-,3/2- |
99 |42 |2641.23 |14 |(3/2)- |
99 |42 |2686.94 |23 |(3/2)- |
99 |42 |2705.3 |8 |23/2- |
99 |42 |2729.9 |3 |(3/2)- |
99 |42 |2785.77 |24 |1/2-,3/2- |
99 |42 |2797 |15 |3/2+,5/2+ |
99 |42 |2851.6 |3 |1/2-,3/2- |
99 |42 |2870 |15 |1/2-,3/2- |
99 |42 |2925 |15 |1/2-,3/2- |
99 |42 |2944.0 |6 |1/2,3/2 |
99 |42 |2990 |15 |(1/2-,3/2-) |
99 |42 |3010.2 |8 |(27/2-) |8 NS 2
99 |42 |3066 |15 |3/2+,5/2+ |
99 |42 |3130 |15 |(7/2+,9/2+) |
99 |42 |3214 |20 |7/2+,9/2+ |
99 |42 |3260 |20 | |
99 |42 |3305 |20 |(1/2-,3/2-) |
99 |42 |3358 |20 |1/2-,3/2- |
99 |42 |3397 |20 |(1/2-,3/2-) |
99 |42 |3483 |20 |7/2+,9/2+ |
99 |42 |3623 |25 |(1/2-,3/2-) |
99 |42 |3666 |20 |7/2+,9/2+ |
99 |42 |3685.3 |13 |(27/2-) |
99 |42 |3707 |25 | |
99 |42 |3753 |20 |1/2-,3/2- |
99 |42 |3817 |20 |7/2+,9/2+ |
99 |42 |3918 |25 | |
99 |42 |4002 |25 |1/2-,3/2- |
99 |42 |4062 |25 |1/2-,3/2- |
99 |42 |4140 |25 |1/2-,3/2- |
99 |42 |4179 |25 |1/2-,3/2- |
99 |42 |4241 |25 |1/2-,3/2- |
99 |42 |4749.3 |16 |(31/2-) |
99 |42 |5795.5 |25 |(35/2-) |
99 |42 |6896 |3 |(39/2-) |
99 |42 |8118 |3 |(43/2-) |
100 |42 |0.0 | |0+ |7.3E+18 Y 4
100 |42 |535.561 |22 |2+ |12.6 PS 2
100 |42 |695.109 |25 |0+ |1.62 NS 4
100 |42 |1063.776 |22 |2+ |6.6 PS 5
100 |42 |1136.09 |5 |4+ |3.8 PS 2
100 |42 |1463.90 |3 |2+ |2.9 PS 7
100 |42 |1504.62 |5 |0+ |
100 |42 |1607.36 |4 |(3+) |
100 |42 |1766.48 |11 |(2+) |
100 |42 |1771.44 |4 |(4+) |2.5 PS 4
100 |42 |1847.07 |20 |6+ |1.20 PS 17
100 |42 |1908.28 |5 |3- |14 PS 3
100 |42 |1977.33 |6 |(1,2+) |
100 |42 |2037.48 |10 |0+ |
100 |42 |2042.76 |7 |(2)+ |
100 |42 |2082 |10 | |
100 |42 |2086.30 |15 |0+ |
100 |42 |2103.17 |9 |4+ |
100 |42 |2156 |2 |1- |
100 |42 |2189.53 |15 |( 4) |
100 |42 |2201.18 |11 |(2-) |
100 |42 |2286.45 |17 |2+ |
100 |42 |2289.4 |4 |(4,5+) |
100 |42 |2310 |2 |(6+) |
100 |42 |2310.10 |19 |(4+) |
100 |42 |2320.3 |3 |( 4) |
100 |42 |2339.8 |4 |(5-) |
100 |42 |2369.64 |10 |3- |
100 |42 |2397.0 |3 |(1-) |
100 |42 |2416.55 |22 |(4+) |
100 |42 |2432 |2 |1- |
100 |42 |2464 |20 |4+ |
100 |42 |2514 |5 |(4+) |
100 |42 |2527 |5 |(2+) |
100 |42 |2564.23 |14 |(4)+ |
100 |42 |2580.86 |22 |(1,2+) |
100 |42 |2607 |5 |(4+,5-) |
100 |42 |2627.2 |6 |8+ |0.58 PS 9
100 |42 |2628 |5 |(2+) |
100 |42 |2633.24 |10 |1 |0.51 PS 10
100 |42 |2652.92 |21 |(4+,5+) |
100 |42 |2659 |5 |(1-) |
100 |42 |2662.6 |3 | |
100 |42 |2725 |5 | |
100 |42 |2737.99 |22 |(2+) |
100 |42 |2747 |5 |4+ |
100 |42 |2791.2 |6 | |
100 |42 |2807 |5 |(4+) |
100 |42 |2822.21 |11 |2+ |
100 |42 |2838 |5 | |
100 |42 |2843.2 |4 |(7-) |
100 |42 |2858 |5 |(3-) |
100 |42 |2901 |5 |4+ |
100 |42 |2901.25 |10 |1 |0.32 PS 4
100 |42 |2906.35 |10 |1 |0.37 PS 4
100 |42 |2928.7 |5 |4+ |
100 |42 |2934.8 |10 |(4+) |
100 |42 |2961.2 |3 |2+ |
100 |42 |2970.2 |4 |4+ |
100 |42 |2984 |5 |(6+) |
100 |42 |2996.31 |21 |(4+,3-) |
100 |42 |3004.4 |10 |(4+,3-) |
100 |42 |3021 |5 |(4+) |
100 |42 |3039.4 |10 |(4+) |
100 |42 |3041 |5 |(5-) |
100 |42 |3042.2 |6 | |
100 |42 |3053.70 |21 |( 4) |
100 |42 |3062.57 |25 |( 4) |
100 |42 |3065.95 |10 |1 |0.207 PS 19
100 |42 |3068 |5 |(5-) |
100 |42 |3070.2 |4 |( 3) |
100 |42 |3085 |5 |(4+) |
100 |42 |3112 |5 |(3-) |
100 |42 |3129.6 |4 |( 4) |
100 |42 |3140 |5 |(1-) |
100 |42 |3142.9 |8 | |
100 |42 |3154 |5 |(3-) |
100 |42 |3172 |5 |(3-) |
100 |42 |3190 |5 |(4+) |
100 |42 |3199.05 |20 |1 |0.23 PS 4
100 |42 |3217 |5 |(1-) |
100 |42 |3237 |5 |(3-) |
100 |42 |3242.56 |10 |1 |0.138 PS 7
100 |42 |3265 |5 |(3-) |
100 |42 |3282 |5 |(3-) |
100 |42 |3290.26 |7 |1(+) |43 FS 6
100 |42 |3294 |5 |(2+) |
100 |42 |3299.2 |6 |(9-) |
100 |42 |3311 |5 | |
100 |42 |3324 |5 | |
100 |42 |3342.06 |10 |1 |0.175 PS 20
100 |42 |3354 |15 |(2+) |
100 |42 |3366.7 |8 |(10+) |
100 |42 |3376 |5 |(3-) |
100 |42 |3406 |5 |(4+) |
100 |42 |3437 |5 |(5-) |
100 |42 |3448 |5 |(0+) |
100 |42 |3468 |5 |(2+) |
100 |42 |3479 |5 |(2+) |
100 |42 |3483.63 |6 |1(+) |8.3 FS 8
100 |42 |3529 |5 |(3-) |
100 |42 |3537 |5 |(2+) |
100 |42 |3557 |5 |(3-) |
100 |42 |3557 |15 |(2+) |
100 |42 |3570.37 |10 |1 |18.9 FS 15
100 |42 |3586 |5 | |
100 |42 |3595 |5 |(3-) |
100 |42 |3599.87 |20 |1 |0.18 PS 3
100 |42 |3606 |5 |(4+) |
100 |42 |3614.77 |10 |1 |56 FS 6
100 |42 |3626.4 |6 | |
100 |42 |3627.87 |10 |1 |32 FS 3
100 |42 |3647.2 |7 |(5-) |
100 |42 |3658.89 |8 |1(+) |18 FS 3
100 |42 |3682 |5 |(5-) |
100 |42 |3718 |5 |(4+) |
100 |42 |3726 |5 |(3-) |
100 |42 |3743 |5 |(4+) |
100 |42 |3747 |5 |(5-) |
100 |42 |3773 |5 |(3-) |
100 |42 |3783.4 |9 | |
100 |42 |3797 |5 |(4+) |
100 |42 |3810 |5 |(4+) |
100 |42 |3823 |5 |(5-) |
100 |42 |3894 |5 | |
100 |42 |3915 |5 | |
100 |42 |3925 |5 |(2+) |
100 |42 |3947 |5 | |
100 |42 |4026 |5 |(3-) |
100 |42 |4032.7 |8 |(11-) |
100 |42 |4043 |5 |(4+) |
100 |42 |4062.2 |9 |(12+) |
100 |42 |4158 |5 |(3-) |
100 |42 |4205 |5 |(2+) |
100 |42 |4243 |5 | |
100 |42 |4260 |5 |(3-) |
100 |42 |4874.7 |11 |(14+) |
100 |42 |4939.8 |9 |(13-) |
100 |42 |5186.9 |15 |1 |
100 |42 |5839.7 |15 |(16+) |
100 |42 |6419.4 |18 |1- |9 FS 6
100 |42 |6518.5 |13 |1- |2.5 FS 14
100 |42 |6948.7 |18 |(18+) |
100 |42 |7638.6 |10 |1- |3.3 FS 9
100 |42 |8113.7 |20 |(20+) |
101 |42 |0.0 | |1/2+ |14.61 M 3
101 |42 |13.497 |9 |3/2+ |226 NS 7
101 |42 |57.015 |11 |5/2+ |133 NS 70
101 |42 |170.958 |14 |5/2+ |
101 |42 |237.732 |15 |3/2+,5/2+ |
101 |42 |240.5 |10 |7/2+ |
101 |42 |273 |2 |11/2- |95 NS 15
101 |42 |289.531 |17 |3/2+ |
101 |42 |293.79 |3 |1/2+,3/2,5/2+ |
101 |42 |294.586 |16 |1/2+ |
101 |42 |315 |3 |7/2,9/2+ |
101 |42 |318.858 |18 |(5/2)+ |
101 |42 |351.589 |19 |3/2+ |
101 |42 |449 |1 |1/2+ |
101 |42 |454.55 |4 |5/2+ |
101 |42 |479.78 |4 |3/2+ |
101 |42 |540.05 |4 |1/2+ |
101 |42 |563.5 |10 |9/2-,11/2- |
101 |42 |567.55 |3 |5/2+ |
101 |42 |568.85 |6 |1/2+ |
101 |42 |583.39 |12 |7/2+,9/2+ |
101 |42 |586.47 |12 |1/2,3/2,5/2+ |
101 |42 |626.36 |5 |7/2,9/2+ |
101 |42 |702.0 |20 |15/2- |
101 |42 |709.98 |3 |(1/2+) |
101 |42 |797.16 |8 |1/2+,3/2,5/2 |
101 |42 |810.60 |6 |(1/2-,3/2-) |
101 |42 |823.09 |5 |1/2+,3/2+,5/2+ |
101 |42 |830.43 |7 |7/2+,9/2+ |
101 |42 |854.07 |8 |1/2+,3/2+,5/2+ |
101 |42 |867.78 |8 |3/2+,5/2+ |
101 |42 |902.84 |3 |1/2+,3/2+,5/2+ |
101 |42 |909.83 |8 |3/2+,5/2+ |
101 |42 |914.19 |13 |7/2+,9/2+ |
101 |42 |974.78 |8 |1/2,3/2,5/2 |
101 |42 |984.17 |7 |3/2+ |
101 |42 |1011.01 |6 |(1/2+) |
101 |42 |1047.05 |21 |1/2+ |
101 |42 |1054.34 |14 |1/2,3/2,5/2 |
101 |42 |1098.99 |13 |1/2,3/2 |
101 |42 |1109.23 |7 |3/2+ |
101 |42 |1116.86 |12 |3/2,5/2 |
101 |42 |1199.41 |6 |1/2,3/2,5/2,7/2 |
101 |42 |1229.84 |8 |3/2,5/2 |
101 |42 |1281.22 |11 |3/2,5/2 |
101 |42 |1291.25 |9 |3/2- |
101 |42 |1318 |3 |19/2- |
101 |42 |1334 |5 |5/2- |
101 |42 |1349.71 |9 |(1/2,3/2) |
101 |42 |1447.28 |9 |3/2,5/2 |
101 |42 |1459.5 |12 |9/2-,11/2- |
101 |42 |1559.9 |10 | |
101 |42 |1620.0 |10 | |
101 |42 |1631.5 |5 | |
101 |42 |1636.3 |10 | |
101 |42 |1687.1 |10 | |
101 |42 |1699.8 |10 | |
101 |42 |1825.7 |3 | |
101 |42 |1847.2 |10 | |
101 |42 |1861.2 |10 | |
101 |42 |1978.6 |13 | |
101 |42 |2071.8 | | |
101 |42 |2090 |4 |23/2- |
101 |42 |2110.3 |10 | |
101 |42 |2981 |4 |27/2- |
101 |42 |3962 |5 |31/2- |
101 |42 |5031 |5 |35/2- |
102 |42 |0.0 | |0+ |11.3 M 2
102 |42 |296.610 |4 |2+ |125 PS 4
102 |42 |698.26 |12 |0+ |28 PS 11
102 |42 |743.73 |5 |4+ |12.5 PS 25
102 |42 |847.89 |6 |2+ |
102 |42 |1144.5 |10 |(2+) |
102 |42 |1245.54 |9 |(3+) |
102 |42 |1249.74 |9 |2+ |
102 |42 |1327.91 |10 |6+ |
102 |42 |1334 |5 |0+ |
102 |42 |1398.39 |8 |(4+) |
102 |42 |1608 |2 |2+ |
102 |42 |1616.89 |12 | |
102 |42 |1747.76 |12 | |
102 |42 |1869.76 |13 | |
102 |42 |1881 |5 |3- |
102 |42 |2010.4 |10 |(6+) |
102 |42 |2018.82 |14 |8+ |1.8 PS 3
102 |42 |2108 |3 |1- |
102 |42 |2122 |5 |0+ |
102 |42 |2147.5 |5 |(5-) |
102 |42 |2239 |5 |(4+) |
102 |42 |2248 |7 |2+ |
102 |42 |2305 |3 |2+ |
102 |42 |2321 |8 |2+ |
102 |42 |2366 |1 |2+ |
102 |42 |2412 |4 | |
102 |42 |2418.12 |25 |(10+) |
102 |42 |2460.3 |5 |(6-) |
102 |42 |2480.94 |8 |(3+) |
102 |42 |2485 |4 |2+ |
102 |42 |2502 |1 |4+ |
102 |42 |2522 |2 |3- |
102 |42 |2547.8 |5 |(7-) |
102 |42 |2608 |1 | |
102 |42 |2659 |4 |4+ |
102 |42 |2684 |7 |3- |
102 |42 |2704 |4 |0+ |
102 |42 |2742 |2 | |
102 |42 |2790.3 |6 |(10+) |1.03 PS 18
102 |42 |2797 |4 | |
102 |42 |2828.8 |8 |(8-) |
102 |42 |2851 |1 | |
102 |42 |2872 |3 |2+ |
102 |42 |2943 |4 |0+ |
102 |42 |2988 |11 |4+ |
102 |42 |3005.9 |11 |(9-) |
102 |42 |3010 |7 |2+ |
102 |42 |3063 |2 |4+ |
102 |42 |3091 |3 |3- |
102 |42 |3125 |3 |2+ |
102 |42 |3162 |5 |4+ |
102 |42 |3193 |7 |2+ |
102 |42 |3248 |1 | |
102 |42 |3369.5 |13 |(10-) |
102 |42 |3614.9 |15 |(11-) |
102 |42 |3625.2 |12 |(12+) |
102 |42 |3632.3 |8 |(12+) |0.66 PS 12
102 |42 |4053.1 |16 |(11-) |
102 |42 |4363.7 |18 |(10+) |
102 |42 |4504.4 |15 |(14+) |
102 |42 |4856.8 |19 |(13-) |
102 |42 |5230.8 |21 |(12+) |
102 |42 |5470.9 |18 |(16+) |
102 |42 |5764.6 |22 |(15-) |
102 |42 |6200.5 |23 |(14+) |
103 |42 |0.0 | |(3/2+) |67.5 S 15
103 |42 |102.561 |3 |(5/2+) |435 PS 14
103 |42 |241.09 |6 |(7/2+) |108 PS 16
103 |42 |346.53 |7 |(5/2-) |
103 |42 |353.74 |9 |(7/2-) |1.2 NS 1
103 |42 |433.23 |15 |(9/2+) |35 PS 24
103 |42 |456.06 |6 | |24 PS 10
103 |42 |478.50 |20 |(9/2-) |10 PS LT
103 |42 |489.83 |13 | |
103 |42 |498.2 |5 |(11/2-) |
103 |42 |526.13 |9 | |
103 |42 |637.8 |7 |(11/2+) |
103 |42 |641.08 |7 | |
103 |42 |687.44 |13 | |
103 |42 |692.78 |15 | |
103 |42 |746.20 |11 | |10 PS LT
103 |42 |850.8 |4 |(13/2-) |
103 |42 |861.8 |6 |(15/2-) |
103 |42 |901.7 |8 |(13/2+) |
103 |42 |967.09 |9 | |
103 |42 |1028.16 |13 | |
103 |42 |1156.9 |8 |(15/2+) |
103 |42 |1185.71 |13 | |
103 |42 |1408.9 |8 |(19/2-) |
103 |42 |1426.5 |5 |(17/2-) |
103 |42 |1482.0 |11 |(17/2+) |
103 |42 |1778.6 |13 |(19/2+) |
103 |42 |2115.7 |8 |(23/2)- |
103 |42 |2161.4 |13 |(21/2+) |
103 |42 |2164.4 |7 |(21/2-) |
103 |42 |2491.5 |17 |(23/2+) |
103 |42 |2934.1 |17 |(25/2+) |
103 |42 |2960.7 |10 |(27/2-) |
103 |42 |3018.5 |12 |(25/2-) |
103 |42 |3303.7 |20 |(27/2+) |
103 |42 |3797.8 |20 |(29/2+) |
103 |42 |3922.5 |14 |(31/2-) |
103 |42 |3946.9 |16 |(29/2-) |
103 |42 |4214.0 |22 |(31/2+) |
103 |42 |4763.2 |22 |(33/2+) |
103 |42 |4944.5 |19 |(33/2-) |
103 |42 |4985.9 |17 |(35/2-) |
103 |42 |5203.3 |24 |(35/2+) |
103 |42 |6152.2 |20 |(39/2-) |
103 |42 |6308 |3 |(39/2+) |
104 |42 |0.0 | |0+ |60 S 2
104 |42 |192.19 |9 |2+ |0.97 NS 8
104 |42 |560.68 |12 |4+ |26.1 PS 8
104 |42 |812.36 |11 |2+ |
104 |42 |886.08 |13 |0+ |
104 |42 |1028.35 |12 |3+ |
104 |42 |1079.97 |15 |6+ |4.73 PS 15
104 |42 |1214.82 |13 |4+ |
104 |42 |1275.20 |22 | |
104 |42 |1468.61 |18 | |
104 |42 |1475.67 |15 |5+ |
104 |42 |1544.57 |20 | |
104 |42 |1583.50 |14 |4+ |
104 |42 |1607.00 |20 | |
104 |42 |1610.68 |23 | |
104 |42 |1624.02 |24 | |
104 |42 |1721.79 |21 |8+ |2.21 PS 11
104 |42 |1724.39 |16 |6+ |
104 |42 |1790.28 |23 | |
104 |42 |1824.26 |14 |5+ |
104 |42 |1882.2 |3 | |
104 |42 |1884.1 |6 |(5-) |
104 |42 |2036.61 |19 |7+ |
104 |42 |2061.15 |17 |(4-) |
104 |42 |2083.55 |15 |(6+) |
104 |42 |2180.2 |4 |(6+) |
104 |42 |2211.95 |15 |(5-) |
104 |42 |2305.01 |22 |(7-) |
104 |42 |2316.84 |22 | |
104 |42 |2326.19 |20 |8+ |
104 |42 |2372.86 |20 |(7+) |
104 |42 |2396.18 |16 |(6-) |
104 |42 |2455.4 |3 |10+ |1.08 PS 7
104 |42 |2611.50 |18 |(7-) |
104 |42 |2656.0 |3 | |
104 |42 |2656.40 |19 | |
104 |42 |2670.76 |18 | |
104 |42 |2682.97 |22 |9+ |
104 |42 |2684.6 |3 | |
104 |42 |2685.4 |4 |(8+) |
104 |42 |2706.9 |4 |(8+) |
104 |42 |2791.99 |25 | |
104 |42 |2862.2 |5 | |
104 |42 |2864.29 |21 |(8-) |
104 |42 |2866.51 |24 |(9-) |
104 |42 |2888.2 |4 | |
104 |42 |3004.6 |3 |10+ |
104 |42 |3011.0 |5 |(9+) |
104 |42 |3131.5 |5 | |
104 |42 |3149.2 |4 |(9-) |
104 |42 |3253.4 |4 |12+ |
104 |42 |3358.4 |4 |(10+) |
104 |42 |3396.1 |5 |11+ |
104 |42 |3555.8 |6 |(11-) |
104 |42 |3701.6 |6 | |
104 |42 |3765.4 |6 |12+ |
104 |42 |4114.7 |6 |14+ |
104 |42 |4115.5 |5 |(12+) |
104 |42 |4184.0 |7 |13+ |
104 |42 |4359.6 |8 |(13-) |
104 |42 |4625.1 |8 |14+ |
104 |42 |5059.7 |8 |16+ |
104 |42 |5064.1 |9 |15+ |
104 |42 |5268.9 |9 |(15-) |
104 |42 |5589.0 |10 |16+ |
104 |42 |6022.0 |10 |17+ |
104 |42 |6111.2 |10 |18+ |
104 |42 |6284.4 |11 |(17-) |
104 |42 |6624.7 |11 |18+ |
104 |42 |7283.2 |11 |20+ |
105 |42 |0.0 | |(5/2-) |35.6 S 16
105 |42 |94.86 |7 |(7/2-) |0.48 NS 4
105 |42 |232.85 |8 |(9/2-) |0.110 NS 10
105 |42 |246.74 |8 |(3/2+) |0.30 NS 6
105 |42 |309.91 |8 | |
105 |42 |332.16 |20 | |
105 |42 |348.63 |7 | |
105 |42 |377.69 |12 |11/2- |0.66 NS 18
105 |42 |396.76 |12 | |0.53 NS 7
105 |42 |464.14 |12 |(7/2+) |0.081 NS 12
105 |42 |507.66 |7 | |0.08 NS 5
105 |42 |514.18 |18 | |
105 |42 |524.71 |15 | |0.10 NS 5
105 |42 |623.5 |3 |13/2- |
105 |42 |648.70 |16 | |
105 |42 |662.3 | |(11/2+) |
105 |42 |795.7 |4 |15/2- |0.8 NS 5
105 |42 |1077.7 | |(15/2+) |
105 |42 |1177.1 |5 |17/2- |
105 |42 |1353.0 |7 |19/2- |
105 |42 |1616.5 | |(19/2+) |
105 |42 |1883.7 |7 |21/2- |
105 |42 |2046.4 |12 |23/2- |
105 |42 |2275.0 | |(23/2+) |
105 |42 |2730.3 |12 |25/2- |
105 |42 |2872.4 |16 |27/2- |
105 |42 |3694.7 |16 |29/2- |
105 |42 |3823.0 |19 |31/2- |
105 |42 |4744.3 |19 |33/2- |
105 |42 |4894.3 |21 |35/2- |
105 |42 |6075.7 |24 |39/2- |
106 |42 |0.0 | |0+ |8.73 S 12
106 |42 |171.549 |8 |2+ |1.25 NS 3
106 |42 |522.32 |8 |4+ |25.4 PS 51
106 |42 |710.48 |6 |2+ |
106 |42 |885.17 |7 |3+ |
106 |42 |956.55 |20 |(0+) |
106 |42 |1033.34 |10 |6+ |4.2 PS 18
106 |42 |1067.77 |7 |4+ |
106 |42 |1149.84 |19 |(2+) |
106 |42 |1279.9 |5 | |
106 |42 |1306.81 |8 |5+ |
106 |42 |1434.73 |8 |4+ |
106 |42 |1536.46 |17 |(4+) |
106 |42 |1563.25 |10 |6+ |
106 |42 |1657.64 |8 |5+ |
106 |42 |1688.26 |12 |8+ |1.77 PS 24
106 |42 |1817.22 |17 |(3-) |
106 |42 |1868.08 |16 |7+ |
106 |42 |1910.30 |9 |6+ |
106 |42 |1936.82 |9 |(4-) |
106 |42 |1952.20 |11 |(5-) |
106 |42 |2014.73 |18 |(6+) |
106 |42 |2090.40 |14 |(5-) |
106 |42 |2142.50 |15 |(6-) |
106 |42 |2146.81 |20 |(5-) |
106 |42 |2194.27 |13 |8+ |
106 |42 |2199.66 |10 |7+ |
106 |42 |2276.32 |10 |(6-) |
106 |42 |2302.71 |20 |(5+) |
106 |42 |2368.89 |14 |(7-) |
106 |42 |2472.4 |4 |10+ |0.69 PS 9
106 |42 |2498.84 |12 |(7-) |
106 |42 |2520.93 |23 |8+ |
106 |42 |2559.2 |3 |9+ |
106 |42 |2565.98 |14 |(8+) |
106 |42 |2566.04 |20 |(7-) |
106 |42 |2629.14 |17 |(8-) |
106 |42 |2713.15 |20 |(7+) |
106 |42 |2746.50 |12 |(8-) |
106 |42 |2877.5 |4 |9+ |
106 |42 |2921.37 |16 |(9-) |
106 |42 |2950.72 |24 |10+ |
106 |42 |3041.5 |3 |(9-) |
106 |42 |3132.2 |3 |(9-) |
106 |42 |3184.8 |4 |(10+) |
106 |42 |3238.35 |23 |(10-) |
106 |42 |3253.7 |3 |(9+) |
106 |42 |3263.9 |4 |10+ |
106 |42 |3349.7 |3 |(10-) |
106 |42 |3369.1 |6 |12+ |0.37 PS 4
106 |42 |3369.6 |11 |11+ |
106 |42 |3591.9 |4 |(11-) |
106 |42 |3682.2 |5 |11+ |
106 |42 |3707.6 |5 |(11-) |
106 |42 |3810.5 |11 |12+ |
106 |42 |3843.6 |4 |(11-) |
106 |42 |3928.5 |4 |(11+) |
106 |42 |3945.3 |8 |(12-) |
106 |42 |4049.3 |11 |(12-) |
106 |42 |4132.5 |5 |(12+) |
106 |42 |4291.9 |15 |13+ |
106 |42 |4362.0 |12 |14+ |
106 |42 |4371.8 |11 |(13-) |
106 |42 |4596.1 |21 |13+ |
106 |42 |4751.4 |23 |14+ |
106 |42 |4752.1 |13 |(14-) |
106 |42 |4756.3 |12 |14+ |
106 |42 |5307.3 |25 |15+ |
106 |42 |5412.8 |24 |16+ |
106 |42 |5425.2 |7 |16+ |
106 |42 |5766.8 |24 |16+ |
106 |42 |6392 |3 |17+ |
106 |42 |6501 |3 |18+ |
106 |42 |6867 |3 |18+ |
106 |42 |7660 |4 |20+ |
107 |42 |0.0 | |(5/2+) |3.5 S 5
107 |42 |65.4 | |(1/2+) |420 NS 30
107 |42 |66.00 |9 |(3/2+) |
107 |42 |152.10 |8 |(7/2+) |
107 |42 |165.40 |9 |(5/2+) |
107 |42 |319.70 |10 |(7/2+) |
107 |42 |341.01 |10 |(9/2+) |
107 |42 |348.30 |9 |(7/2-) |
107 |42 |458.50 |10 |(9/2-) |
107 |42 |491.71 |13 |(9/2+) |
107 |42 |566.59 |13 |(11/2+) |
107 |42 |581.90 |11 |(11/2-) |
107 |42 |730.48 |14 |(11/2+) |
107 |42 |819.81 |14 |(13/2+) |
107 |42 |838.00 |12 |(13/2-) |
107 |42 |969.61 |16 |(13/2+) |
107 |42 |987.80 |14 |(15/2-) |
107 |42 |1117.79 |16 |(15/2+) |
107 |42 |1286.5 |6 |(15/2+) |
107 |42 |1393.0 |3 |(17/2-) |
107 |42 |1422.6 |4 |(17/2+) |
107 |42 |1545.30 |18 |(19/2-) |
107 |42 |1590.3 |4 |(17/2+) |
107 |42 |1796.8 |4 |(19/2+) |
107 |42 |1974.3 |8 |(19/2+) |
107 |42 |2102.0 |11 |(21/2-) |
107 |42 |2142.6 |11 |(21/2+) |
107 |42 |2244.0 |4 |(23/2-) |
107 |42 |2340.8 |6 |(21/2+) |
107 |42 |2586.8 |11 |(23/2+) |
107 |42 |2595.8 |11 |(27/2-) |
107 |42 |2780.5 |13 |(25/2-) |
107 |42 |2945.1 |15 |(25/2+) |
107 |42 |3073.0 |11 |(27/2-) |
107 |42 |3216.2 |12 |(25/2+) |
107 |42 |3503.8 |15 |(31/2-) |
107 |42 |3689.6 |16 |(29/2-) |
107 |42 |4015.8 |15 |(31/2-) |
107 |42 |4198.1 |16 |(29/2+) |
107 |42 |4509.7 |18 |(35/2-) |
107 |42 |4685.3 |19 |(33/2-) |
107 |42 |5057.0 |18 |(35/2-) |
108 |42 |0.0 | |0+ |1.09 S 2
108 |42 |192.79 |15 |2+ |0.5 NS 3
108 |42 |563.69 |19 |4+ |
108 |42 |586.01 |15 |2+ |
108 |42 |782.97 |18 |3+ |
108 |42 |978.29 |18 |4+ |
108 |42 |1090.7 |3 |6+ |
108 |42 |1232.10 |20 |5+ |
108 |42 |1422.4 |4 |(4+) |
108 |42 |1507.8 |3 |(6+) |
108 |42 |1698.76 |21 |(5+) |
108 |42 |1752.8 |3 |8+ |
108 |42 |1817.3 |3 |(7+) |
108 |42 |1957.1 |4 |(6+) |
108 |42 |2162.2 |5 |(5-) |
108 |42 |2170.1 |3 |(8+) |
108 |42 |2223.33 |24 |(7+) |
108 |42 |2450.6 |5 | |
108 |42 |2524.3 |3 |(9+) |
108 |42 |2529.4 |5 |10+ |
108 |42 |2556.0 |5 |(6-) |
108 |42 |2593.6 |3 | |
108 |42 |2883.1 |6 |(9+) |
108 |42 |2949.6 |4 |(10+) |
108 |42 |2999.8 |5 | |
108 |42 |3111.2 |6 |(7-) |
108 |42 |3338.5 |4 |(11+) |
108 |42 |3343.1 |7 |(10+) |
108 |42 |3401.4 |5 |12+ |
108 |42 |3666.2 |6 | |
108 |42 |3796.8 |7 |(8-) |
108 |42 |3834.4 |8 |(12+) |
108 |42 |4347.0 |5 |14+ |
108 |42 |5347.5 |6 |16+ |
109 |42 |0.0 | |(7/2-) |0.53 S 6
109 |42 |222.5 |3 |(7/2-) |
109 |42 |333.8 |4 |(9/2+) |
109 |42 |473.0 |4 |(11/2-) |
109 |42 |731.7 |5 |(13/2+) |
109 |42 |886.2 |5 |(15/2-) |
109 |42 |1443.6 |6 |(19/2-) |
110 |42 |0.0 | |0+ |0.296 S 17
110 |42 |213.77 |10 |(2+) |
110 |42 |494.21 |14 |(2+) |
110 |42 |599.69 |14 |(4+) |
110 |42 |700.75 |17 |(3+) |
110 |42 |915.51 |25 |(4+) |
110 |42 |1131.70 |24 |(6+) |
110 |42 |1163.47 |21 |(5+) |
110 |42 |1783.7 |6 |(8+) |
110 |42 |2531.9 |8 |(10+) |
111 |42 |0 | |(1/2+,3/2+) |186 MS 9
111 |42 |0+X | |(7/2-,9/2-) |200 MS AP
112 |42 |0.0 | |0+ |120 MS +13-11
113 |42 |0 | | |80 MS 2
114 |42 |0.0 | |0+ |58 MS 2
115 |42 |0 | | |45.5 MS 20
116 |42 |0 | |0+ |32 MS 4
117 |42 |0 | | |22 MS 5
118 |42 |0 | |0+ |19 MS +7-4
