85 |43 |0 | | |100 NS LT
86 |43 |0 | |(0+) |55 MS 7
86 |43 |593 | |(2+) |
86 |43 |1174 | |(3,4+) |
86 |43 |1443 | |(4+) |
86 |43 |1524 | |(6+) |1.10 US 14
87 |43 |0 | |(9/2+) |2.2 S 2
87 |43 |712 | |(13/2+) |
87 |43 |1599 | |(17/2+) |
88 |43 |X | |(5+,6+,7+) |6.4 S 8
88 |43 |Y | |(2+,3+) |5.8 S 2
88 |43 |Z | | |
88 |43 |W | | |
88 |43 |Z+20.9 |3 | |
88 |43 |W+95 | | |146 NS 12
88 |43 |Z+311.6 |1 |J |
88 |43 |Z+677.0 |2 |J+1 |
88 |43 |Z+1193.9 |3 |J+2 |
88 |43 |Z+1538.1 |4 |J+3 |
88 |43 |Z+2292.7 |5 |J+4 |
88 |43 |Z+2567.0 |5 |J+5 |
88 |43 |Z+3660.1 |7 |J+7 |
88 |43 |Z+4912.9 |9 |J+9 |
89 |43 |0.0 | |(9/2+) |12.8 S 9
89 |43 |62.6 |5 |(1/2-) |12.9 S 8
89 |43 |179.2 |1 |(7/2+) |
89 |43 |790.0 |4 |(5/2-) |
89 |43 |795.9 |1 |(13/2+) |8.3 PS LT
89 |43 |998.3 |2 |(7/2-) |
89 |43 |1101.3 |2 |(11/2+) |
89 |43 |1331.9 |3 |(9/2-) |
89 |43 |1682.1 |2 |(11/2-) |
89 |43 |1731.8 |2 |(17/2+) |9.0 PS LT
89 |43 |1896.9 |2 |(13/2-) |
89 |43 |2031.9 |2 |(17/2+) |
89 |43 |2043.6 |3 |(15/2+) |
89 |43 |2320.5 |2 |(17/2-) |
89 |43 |2427.1 |2 |(21/2+) |26 PS LT
89 |43 |2530.5 |3 |(17/2-) |
89 |43 |2923.8 |3 |(19/2-) |
89 |43 |3103.5 |2 |(23/2+) |
89 |43 |3112.8 |2 |(21/2-) |
89 |43 |3217.7 |2 |(25/2+) |
89 |43 |3311.4 |4 |(21/2-) |
89 |43 |4065.2 |2 |(25/2-) |
89 |43 |4224.0 |3 |(25/2-) |
89 |43 |4243.2 |2 |(29/2+) |
89 |43 |4713.6 |3 |(27/2-) |
89 |43 |4942.3 |3 |(29/2-) |
89 |43 |5113.8 |3 |(29/2-) |
89 |43 |5329.2 |2 |(33/2+) |
89 |43 |5332.1 |3 |(31/2-) |
89 |43 |5650.9 |3 |(33/2-) |
89 |43 |6190.5 |3 |(35/2+) |
89 |43 |6413.7 |3 |(35/2-) |
89 |43 |6545.9 |3 |(37/2+) |
89 |43 |6612.0 |4 |(37/2-) |
89 |43 |7011.3 |3 |(37/2+) |
89 |43 |7402.1 |3 |(39/2+) |
89 |43 |7765.7 |4 |(41/2-) |
89 |43 |7772.0 |4 |(41/2+) |
89 |43 |9109.8 |7 |(45/2+) |
89 |43 |9163.2 |6 |(45/2-) |
89 |43 |X | |J  (35/2-) |
89 |43 |1149.2+X |3 |J+2 |
89 |43 |2408.1+X |4 |J+4 |
89 |43 |3792.4+X |4 |J+6 |
89 |43 |5313.6+X |4 |J+8 |
89 |43 |6981.7+X |4 |J+10 |
89 |43 |8800.6+X |4 |J+12 |
89 |43 |10775.2+X |4 |J+14 |
89 |43 |12911.2+X |4 |J+16 |
89 |43 |15209.6+X |4 |J+18 |
89 |43 |17671.6+X |17 |J+20 |
89 |43 |20291+X |4 |J+22 |
90 |43 |X | |(8+) |
90 |43 |Y | |1+ |8.7 S 2
90 |43 |103.70 |22 |(6+) |
90 |43 |152.52 |21 |(4-) |
90 |43 |340.34 |18 |(5-) |
90 |43 |494.09 |8 |(9+) |
90 |43 |Y+5.0E2 |43 |(6+) |49.2 S 4
90 |43 |993.72 |8 |(10+) |1.4 PS 5
90 |43 |1023.84 |16 |(7-) |
90 |43 |1485.90 |10 |(11+) |5 PS LT
90 |43 |1613.85 |11 |(10+) |
90 |43 |1631.94 |12 |(9-) |
90 |43 |1698.78 |14 |(10+) |
90 |43 |1938.56 |10 |(12+) |2.8 PS 5
90 |43 |1995.09 |10 |(11-) |33 PS 4
90 |43 |2186.48 |11 |(11-) |13 PS 2
90 |43 |2247.95 |18 |(12+) |
90 |43 |2537.40 |11 |(13+) |0.7 PS LT
90 |43 |2557.88 |11 |(12-) |0.7 PS LT
90 |43 |2600.49 |11 |(12-) |5.3 PS 8
90 |43 |2775.61 |11 |(13-) |2.7 PS 3
90 |43 |2946.74 |13 |(13+) |
90 |43 |2982.01 |12 |(13-) |
90 |43 |3167.77 |12 |(14+) |1.0 PS 4
90 |43 |3201.19 |15 |(13-) |
90 |43 |3383.26 |13 |(15+) |1.8 PS 4
90 |43 |3405.73 |15 |(14+) |
90 |43 |3488.65 |12 |(14-) |1.4 PS LT
90 |43 |3593.08 |14 |(15+) |1.2 PS 4
90 |43 |3672.91 |13 |(15-) |1.1 PS 3
90 |43 |4486.42 |16 |(16+) |
90 |43 |4512.12 |14 |(17+) |1.5 PS 4
90 |43 |4637.12 |16 |(17-) |1.6 PS 2
90 |43 |4864.66 |17 |(17+) |
90 |43 |5599.18 |17 |(18+) |
90 |43 |5651.25 |17 |(19+) |2.4 PS 1
90 |43 |5705.93 |19 |(19-) |1.3 PS 2
90 |43 |5808.21 |21 |(19+) |
90 |43 |6338.54 |24 |(19+) |
90 |43 |6455.27 |21 |(20+) |0.7 PS LT
90 |43 |6884.81 |23 |(21+) |
90 |43 |6993.94 |22 |(21-) |0.8 PS 2
90 |43 |7373.4 |3 |(20+) |
90 |43 |7439.6 |4 |(22-) |
90 |43 |7678.8 |3 |(21+) |
90 |43 |8394.4 |5 |(23-) |
90 |43 |8756.5 |3 |(22+) |
90 |43 |9342.1 |3 |(23+) |
90 |43 |9804.2 |4 |(24+) |
90 |43 |11246.4 |4 |(26+) |
91 |43 |0 | |(9/2)+ |3.14 M 2
91 |43 |139.3 |3 |(1/2)- |3.3 M 1
91 |43 |394.51 |9 |(7/2)+ |
91 |43 |698.91 |8 |(7/2+) |
91 |43 |884.90 |17 |(5/2-) |
91 |43 |892.90 |8 |(13/2+) |
91 |43 |905.3 |3 | |
91 |43 |1097.10 |7 |(11/2+) |
91 |43 |1248.4 | | |
91 |43 |1339.1 | | |
91 |43 |1465.5 | | |
91 |43 |1532.62 |10 |(11/2+) |
91 |43 |1555.80 |13 |(9/2-) |
91 |43 |1766.3 | | |
91 |43 |1821.33 |10 |(17/2+) |
91 |43 |1943.10 |9 |(13/2-) |
91 |43 |1997.6 | | |
91 |43 |2044.84 |9 |(15/2+) |
91 |43 |2137.17 |13 |(21/2+) |1.85 NS 3
91 |43 |2153.01 |10 |(17/2-) |1.07 NS 6
91 |43 |2767.58 |14 |(23/2+) |0.7 PS LT
91 |43 |2980.57 |13 |(21/2-) |3.3 PS 7
91 |43 |3135.90 |15 |(25/2+) |0.7 PS LT
91 |43 |3345.43 |15 |(25/2+) |1.2 PS 9
91 |43 |3804.37 |15 |(25/2-) |4.6 PS 5
91 |43 |4080.36 |16 |(25/2-) |3.5 PS 10
91 |43 |4119.30 |16 |(27/2+) |1.4 PS LT
91 |43 |4354.52 |15 |(29/2+) |1.5 PS 4
91 |43 |4594.89 |16 |(27/2-) |0.7 PS LT
91 |43 |4703.13 |17 |(29/2-) |
91 |43 |4750.22 |18 |(29/2+) |
91 |43 |4935.73 |17 |(29/2-) |0.7 PS LT
91 |43 |5077.93 |18 |(31/2-) |3.3 PS 3
91 |43 |5090.56 |17 |(31/2+) |1.4 PS LT
91 |43 |5268.10 |17 |(33/2+) |6.4 PS 4
91 |43 |5382.90 |19 |(31/2+) |
91 |43 |5567.13 |19 |(33/2-) |0.7 PS LT
91 |43 |5776.12 |19 |(33/2+) |
91 |43 |5933.67 |18 |(35/2+) |0.49 PS +35-21
91 |43 |6158.73 |20 |(35/2-) |1.46 PS 21
91 |43 |6192.16 |18 |(33/2+) |
91 |43 |6452.35 |21 |(37/2+) |0.8 PS 6
91 |43 |6615.81 |22 |(37/2-) |0.83 PS 14
91 |43 |6690.8 |7 | |
91 |43 |6843.07 |19 |(35/2+) |
91 |43 |7292.85 |20 |(37/2+) |
91 |43 |7505.03 |23 |(39/2-) |
91 |43 |7667.99 |22 |(37/2+) |
91 |43 |7716.17 |23 |(41/2-) |0.83 PS 21
91 |43 |7992.7 |4 | |
91 |43 |8141.22 |21 |(39/2+) |
91 |43 |8276.58 |23 |(39/2+) |
91 |43 |8392.3 |11 |(41/2+) |0.37 PS 4
91 |43 |8559.0 |5 | |
91 |43 |8835.89 |22 |(41/2+) |4.0 PS 4
91 |43 |9008.7 |11 |(41/2+) |
91 |43 |9299.78 |24 |(43/2+) |0.9 PS 4
91 |43 |9717.0 |21 |(45/2-) |
91 |43 |10166.7 |17 |(45/2+) |0.44 PS 3
91 |43 |10388.0 |11 |(43/2-,45/2-) |
91 |43 |10505.4 |3 |(47/2+) |1.8 PS 4
91 |43 |10843.5 |11 |(43/2-,45/2-) |
91 |43 |12172.5 |23 |(47/2-,49/2-) |
91 |43 |12225.1 |24 | |
91 |43 |X | |J(51/2) |
91 |43 |1348.4+X |3 |J+2 |
91 |43 |2807.9+X |3 |J+4 |
91 |43 |4377.7+X |4 |J+6 |
91 |43 |6059.7+X |4 |J+8 |
91 |43 |7852.3+X |4 |J+10 |
91 |43 |9756.2+X |5 |J+12 |
91 |43 |11771.0+X |5 |J+14 |
91 |43 |13890.3+X |5 |J+16 |
91 |43 |16114.4+X |6 |J+18 |
91 |43 |18440.4+X |7 |J+20 |
91 |43 |20861.9+X |8 |J+22 |
92 |43 |0.0 | |(8)+ |4.25 M 15
92 |43 |213.75 |7 |(6+) |1 NS LT
92 |43 |270.09 |8 |(4+) |1.03 US 7
92 |43 |389.19 |22 |(5+) |
92 |43 |529.42 |13 |(3+) |0.1 US LE
92 |43 |576.88 |13 |(2+) |2 NS LT
92 |43 |626.3 |3 |(4,6+) |
92 |43 |686.14 |17 |(9+) |
92 |43 |711.33 |15 |1+ |0.1 US LE
92 |43 |965.6 |3 |(6+) |
92 |43 |1119.3 |4 | |
92 |43 |1129 |20 | 3 |
92 |43 |1161.91 |16 |(0+,1) |
92 |43 |1163.6 |11 | |
92 |43 |1222 |20 |3 |
92 |43 |1324 |25 |3 |
92 |43 |1355.48 |17 |(10+) |
92 |43 |1443.86 |16 |1+ |
92 |43 |1487.19 |15 | 3 |
92 |43 |1502.86 |22 |(6,8+) |
92 |43 |1589.1 |4 |(7,8) |
92 |43 |1613 |25 | 3 |
92 |43 |1796.54 |16 |1+ |
92 |43 |1980.49 |17 | 3 |
92 |43 |2001.8 |11 |(12+) |
92 |43 |2002.7 |3 |(11-) |3.15 NS 20
92 |43 |2106.9 |4 |1+ |
92 |43 |2316.02 |18 |1+ |
92 |43 |2390.92 |15 |1+ |
92 |43 |2548.9 |4 |(12-) |
92 |43 |2664.7 |15 |(13+) |
92 |43 |2770.96 |19 |1+ |
92 |43 |2940.0 |4 |(13-) |
92 |43 |3004.7 |3 |1+ |
92 |43 |3048.0 |3 |1+ |
92 |43 |3069.4 |7 |(13-) |
92 |43 |3301.0 |18 |(14+) |
92 |43 |3563.4 |7 |(14-) |
92 |43 |3587.9 |20 |(15+) |
92 |43 |3709.1 |4 |1+ |
92 |43 |3813 |30 |0+ |
92 |43 |4048.0 |9 |(15-) |
92 |43 |4615.0 |12 | |
92 |43 |4716.4 |12 |(16-) |
92 |43 |4786.8 |12 |(17-) |
92 |43 |5373.5 |23 |(16+,17+) |
92 |43 |5646.2 |23 |(17+) |
92 |43 |6033.7 |13 | |
92 |43 |6272.9 |25 | |
92 |43 |6725.2 |16 |(19-) |
92 |43 |7833.1 |19 |(21-) |
93 |43 |0.0 | |9/2+ |2.75 H 5
93 |43 |391.84 |8 |1/2- |43.5 M 10
93 |43 |680.59 |8 |(7/2+) |35 NS LT
93 |43 |1190 |9 |1/2-,3/2- |
93 |43 |1194.13 |10 |(7/2) |35 NS LT
93 |43 |1407.80 |12 |(5/2-) |35 NS LT
93 |43 |1434.42 |13 |(13/2)+ |10 NS LT
93 |43 |1503.04 |12 |1/2-,3/2- |
93 |43 |1515.95 |11 |(11/2)+ |
93 |43 |1555 |2 | |
93 |43 |1788.09 |13 |1/2-,3/2- |
93 |43 |1801.42 |10 |(7/2,9/2,11/2) |
93 |43 |1969.09 |19 |(5/2-,7/2,9/2-) |
93 |43 |2133.70 |24 |5/2-,7/2- |
93 |43 |2142 |2 | |
93 |43 |2145.45 |13 |(13/2)- |
93 |43 |2184.84 |15 |(17/2)+ |27 PS 5
93 |43 |2185.16 |15 |(17/2)- |10.2 US 3
93 |43 |2257.73 |10 |(7/2,9/2,11/2) |
93 |43 |2290 |20 | |
93 |43 |2338.89 |14 | |
93 |43 |2431.08 |15 |(1/2,3/2)- |
93 |43 |2490.2 |4 | |
93 |43 |2535.3 |4 |(21/2)+ |1.44 NS 9
93 |43 |2563 |3 |3/2+,5/2+ |
93 |43 |2631.11 |22 |(7/2,9/2,11/2) |
93 |43 |2710 |20 | |
93 |43 |2840 |20 | |
93 |43 |3100 |20 | |
93 |43 |3150 |11 |(3/2+,5/2+) |
93 |43 |3213.5 |25 |3/2+,5/2+ |
93 |43 |3280.9 |4 |(21/2-) |1.4 PS LT
93 |43 |3353 |7 |3/2+,5/2+ |
93 |43 |3580 |20 | |
93 |43 |3888.4 |5 |(25/2-) |57.5 PS 21
93 |43 |3897 |12 |1/2+ |
93 |43 |3914.75 |16 |(7/2,9/2,11/2)+ |
93 |43 |3927.8 |8 |(19/2+) |
93 |43 |3950 |20 | |
93 |43 |4104 |11 |1/2+ |
93 |43 |4158.5 |3 |(7/2,9/2,11/2)+ |
93 |43 |4187.4 |3 |(7/2,9/2,11/2)+ |
93 |43 |4257.3 |4 |(21/2+) |3.3 PS 4
93 |43 |4344.4 |5 |(7/2,9/2,11/2) |
93 |43 |4389.6 |3 |(7/2,9/2,11/2)+ |
93 |43 |4451 |16 | |
93 |43 |4608.9 |4 |(7/2,9/2,11/2)+ |
93 |43 |4619.0 |4 |(7/2,9/2,11/2)+ |
93 |43 |4668.63 |14 |(9/2,11/2)+ |
93 |43 |4760.6 |5 |(7/2,9/2,11/2) |
93 |43 |4764 |11 |3/2+,5/2+ |
93 |43 |4775.0 |5 |(7/2,9/2,11/2)+ |
93 |43 |4900 |12 |3/2+,5/2+ |
93 |43 |4937.8 |5 |(7/2,9/2,11/2)+ |
93 |43 |4955.0 |8 |(7/2,9/2,11/2)+ |
93 |43 |4973.9 |9 |(25/2+) |0.90 PS LT
93 |43 |5032 |21 |3/2+,5/2+ |
93 |43 |5076.4 |6 |(23/2+) |55 PS LT
93 |43 |5176 |10 |3/2+,5/2+ |
93 |43 |5298.2 |9 |(7/2,9/2,11/2)+ |
93 |43 |5316 |18 |3/2+,5/2+ |
93 |43 |5490 |20 |1/2+ |
93 |43 |5492 |18 |(3/2+,5/2+) |
93 |43 |5564.3 |7 |(25/2+) |6.9 PS 10
93 |43 |5620 | |1/2+ |
93 |43 |5648 |18 |3/2+,5/2+ |
93 |43 |5680 | |1/2+ |
93 |43 |5780 | |3/2+,5/2+ |
93 |43 |5830 |20 | |
93 |43 |5980 |18 |1/2+ |
93 |43 |6017.4 |8 |(27/2+) |62 PS LT
93 |43 |6053.3 |9 |(25/2-) |0.55 PS LT
93 |43 |6087.8 |8 |(29/2+) |104 PS 6
93 |43 |6106 | |1/2,3/2 |
93 |43 |6232 |18 | |
93 |43 |6366 | |1/2,3/2,5/2(-) |
93 |43 |6373.1 |7 |(27/2-) |215 FS 14
93 |43 |6454.0 |9 |(29/2-) |0.55 PS LT
93 |43 |6463 | |3/2 |
93 |43 |6469 | |5/2 |
93 |43 |6477 | |5/2,7/2 |
93 |43 |6531 | |3/2 |
93 |43 |6576 | |3/2 |
93 |43 |6596 | |(3/2)- |
93 |43 |6600 | |1/2,3/2,5/2(-) |
93 |43 |6670.6 |9 |(31/2+) |0.236 PS 28
93 |43 |6857.1 |7 |(29/2-) |0.91 PS 5
93 |43 |7160 |50 | |
93 |43 |7282.2 |9 |(33/2+) |0.42 PS LT
93 |43 |7373.5 |9 |(31/2-) |0.89 PS 8
93 |43 |7650 |50 | |
93 |43 |7811.9 |11 |(35/2+) |0.62 PS 11
93 |43 |7880.2 |9 |(33/2-) |0.28 PS LT
93 |43 |8100 |50 | |
93 |43 |8396.7 |20 |5/2+ |15 EV 2
93 |43 |8487.6 |13 |(35/2-) |
93 |43 |8497.5 |9 |(35/2-) |0.41 PS 6
93 |43 |8852.3 |10 |(37/2-) |0.71 PS 6
93 |43 |9139.7 |17 |(37/2-) |
93 |43 |9332 |3 |1/2+ |36 EV 4
93 |43 |9372.4 |14 |(37/2-) |
93 |43 |9420.6 |11 |(39/2-) |2.6 PS 9
93 |43 |9.54E3 |19 | |
93 |43 |9780 |16 |7/2+ |
93 |43 |9898 | |3/2+ |22 EV 2
93 |43 |9948 |16 |7/2+ |
93 |43 |10110 |16 |5/2+ |17 EV 3
93 |43 |10272.2 |15 |(39/2+) |1.3 PS LT
93 |43 |10566 | |3/2+ |14 EV 4
93 |43 |10728 |16 |(11/2-) |
93 |43 |10833 | |1/2+ |37 EV
93 |43 |11097.8 |13 |(41/2-) |
93 |43 |11190 | |(1/2+) |49 EV
93 |43 |11289 | |(3/2+) |20 EV
93 |43 |11526.4 |13 |(43/2-) |2.8 PS LT
93 |43 |11600 |50 |(5/2+) |30 EV
93 |43 |11.79E3 |19 | |
93 |43 |11852 | |(5/2+) |40 EV
93 |43 |12016 | |(3/2+) |20 EV
93 |43 |12100 | |(3/2+) |35 EV
93 |43 |12209 | |(5/2-) |25 EV
93 |43 |12218.2 |18 |(43/2+) |
93 |43 |12436 | |(3/2-) |70 EV
93 |43 |12584 | |(3/2+) |30 EV
93 |43 |13258.3 |15 |(41/2,43/2-) |1.4 PS LT
93 |43 |15.08E3 |7 | |
93 |43 |16.86E3 |9 | |
93 |43 |19.53E3 |2 | |
93 |43 |20.48E3 |11 | |
93 |43 |33.73E3 |26 | |5.1 MEV 11
93 |43 |47.3E3 | | |
94 |43 |0.0 | |7+ |293 M 1
94 |43 |76 |3 |(2)+ |52.0 M 10
94 |43 |98 |3 |(3+) |
94 |43 |103.4 |3 |(6+) |5 NS LT
94 |43 |212.4 |10 |(5+) |5 NS LT
94 |43 |244 |3 |(4+) |
94 |43 |336 |3 |(2-) |1.5 NS 3
94 |43 |443 |3 |1+ |
94 |43 |478 |3 |(3-) |
94 |43 |801 |3 |(2-) |0.27 PS +83-13
94 |43 |826 |3 |(2+) |0.103 PS 28
94 |43 |921 |3 |(3+) |0.063 PS 18
94 |43 |929 |3 |(4+) |0.07 PS 3
94 |43 |956 |3 |(3-) |0.17 PS 6
94 |43 |968 |3 |1+ |0.074 PS 19
94 |43 |1048 |3 |(3+) |0.054 PS 14
94 |43 |1181 |3 |(2-,3-) |
94 |43 |1267 |3 |(3+) |0.07 PS +4-2
94 |43 |1317 |3 |(4-) |0.07 PS 3
94 |43 |1355 |3 |(3-) |0.08 PS +6-3
94 |43 |1368 |3 |(2+) |0.075 PS 18
94 |43 |1374.0 |3 |(9+) |
94 |43 |1397 |3 |(3-) |0.080 PS 21
94 |43 |1410 |3 |(3+) |0.078 PS 21
94 |43 |1432 |3 |(1+) |0.10 PS 4
94 |43 |1447.8 |3 |(8+) |
94 |43 |1543 |3 |(3+) |0.066 PS 16
94 |43 |1663 |3 | |
94 |43 |1682 |3 |(2,3,4-) |0.044 PS 11
94 |43 |1743 | | |
94 |43 |1781 |3 |(3+) |
94 |43 |1860 |3 | |0.04 PS +4-2
94 |43 |1868 |3 |(3+) |0.044 PS 11
94 |43 |1887 |3 | |
94 |43 |1977 |3 | |
94 |43 |2005 |3 | |
94 |43 |2025 |3 | |
94 |43 |2064.1 |5 |(11+) |
94 |43 |2067.1 |4 |(9-) |
94 |43 |2097 |3 | |
94 |43 |2135 |3 |(1+) |
94 |43 |2170 |3 | |
94 |43 |2211 |3 |(1+) |
94 |43 |2217 |3 | |
94 |43 |2244 |3 |(1-,2,3+) |
94 |43 |2254.2 |4 |(10-) |
94 |43 |2267 |3 |(1+) |
94 |43 |2271 |3 | |
94 |43 |2310 |3 | |
94 |43 |2347.1 |5 |(13+) |4.5 NS 6
94 |43 |2397 | | |
94 |43 |2424.5 |5 |(11-) |
94 |43 |2504 | | |
94 |43 |2719 | |(1+) |
94 |43 |2.86E+3 |3 | |
94 |43 |2960 | |(3+) |
94 |43 |3014.0 |6 | |
94 |43 |3082 | |(3+) |
94 |43 |3144 | |1+,2+,3+ |
94 |43 |3187 | |1+,2+,3+ |
94 |43 |3261 | | |
94 |43 |3310 | | |
94 |43 |3363 | | |
94 |43 |3431 | | |
94 |43 |3456.8 |6 |(13-) |
94 |43 |3499 | | |
94 |43 |3574 | | |
94 |43 |3627 | |1+,2+,3+ |
94 |43 |3677 | |1+,2+,3+ |
94 |43 |3756 | | |
94 |43 |3792 | |(3+) |
94 |43 |3840 | |(3+) |
94 |43 |3889 | | |
94 |43 |3956 | |(3+) |
94 |43 |3970.0 |7 |(14+) |
94 |43 |4036 | | |
94 |43 |4061.9 |7 |(15-) |
94 |43 |4071 | |1+,2+,3+ |
94 |43 |4132 | |(3+) |
94 |43 |4227 | |(3+) |
94 |43 |4272 | | |
94 |43 |4293.2 |8 |(15+) |
94 |43 |4356 | | |
94 |43 |4427 | | |
94 |43 |4547.0 |8 |(16-) |
94 |43 |4767.1 |8 |(16-) |
94 |43 |5.07E+3 |3 | |
94 |43 |5.24E+3 |3 | |
94 |43 |5276.1 |9 |(17-) |
94 |43 |5284.2 |9 |(17-) |
94 |43 |5292.0 |8 |(16-) |
94 |43 |5.38E+3 |3 | |
94 |43 |5639.4 |10 |(18-) |
94 |43 |5652.3 |10 |(18-) |
94 |43 |5829.2 |10 |(18-) |
94 |43 |6453.9 |12 |(16-) |
94 |43 |6544.4 |10 |(19-) |
94 |43 |6553.9 |12 |(16-) |
94 |43 |6571.1 |10 |(16+) |
94 |43 |6624.1 |13 |(18-) |
94 |43 |6757.5 |10 |(19-) |
94 |43 |6900.6 |11 |(20-) |
94 |43 |6974.2 |13 |(19-) |
94 |43 |7114.9 |13 |(17-) |
94 |43 |7728.0 |13 |(18-) |
94 |43 |7924.6 |11 |(20-) |
94 |43 |8022.2 |11 |(17+) |
94 |43 |8537.8 |12 |(21-) |
94 |43 |8559.2 |11 |(18+) |
94 |43 |9120.3 |12 |(19+) |
95 |43 |0.0 | |9/2+ |20.0 H 1
95 |43 |38.91 |4 |1/2- |61 D 2
95 |43 |336.413 |21 |7/2+ |
95 |43 |626.86 |3 |5/2+ |
95 |43 |646.55 |5 |3/2- |0.44 PS +90-19
95 |43 |667.82 |3 |5/2- |
95 |43 |882.23 |7 |13/2+ |1.2 PS +11-5
95 |43 |927.81 |3 |3/2+ |589 FS GE
95 |43 |956.99 |9 |11/2+ |1.3 PS +5-3
95 |43 |980 |20 |3/2+,5/2+ |
95 |43 |1033.87 |6 |(1/2+) |53 FS +13-9
95 |43 |1084.97 |4 |(5/2)+ |347 FS GE
95 |43 |1178.60 |3 |7/2+ |0.37 PS +19-9
95 |43 |1201 |10 |1/2-,3/2- |
95 |43 |1213.13 |6 |9/2 |
95 |43 |1214.55 |4 |9/2- |624 FS GE
95 |43 |1275.92 |5 |(3/2)+ |69 FS +9-8
95 |43 |1281.49 |4 |7/2(-) |134 FS +70-38
95 |43 |1307.20 |6 |11/2+ |173 FS +28-21
95 |43 |1407.54 |24 |(5/2-,7/2-) |
95 |43 |1416.41 |5 |3/2,5/2(-) |492 FS GE
95 |43 |1433.25 |3 |5/2+ |57 FS +7-6
95 |43 |1515.25 |12 |17/2+ |5 NS LT
95 |43 |1549.46 |9 |15/2+ |
95 |43 |1618.53 |5 |(3/2+,5/2-) |0.22 PS +18-7
95 |43 |1632.03 |13 |11/2 |30 FS +9-7
95 |43 |1639.43 |6 |(3/2-) |83 FS +25-18
95 |43 |1691.31 |4 |5/2+,7/2+ |136 FS +30-21
95 |43 |1694.53 |5 |3/2+,5/2(-),7/2- |129 FS +36-18
95 |43 |1702.11 |10 |13/2- |
95 |43 |1733 |10 |1/2-,3/2- |
95 |43 |1747.02 |5 |(5/2)+ |44 FS +8-7
95 |43 |1785.31 |8 |(7/2)+ |40 FS 5
95 |43 |1837.65 |17 |(7/2+,9/2+) |
95 |43 |1873.9 |10 |(7/2+,9/2+) |
95 |43 |1888.17 |9 |(5/2-) |
95 |43 |1920.04 |6 |(1/2-,3/2,5/2) |80 FS +23-16
95 |43 |1921.01 |10 |9/2 |73 FS +23-16
95 |43 |1930 |20 |1/2+ |
95 |43 |1958.98 |10 |(5/2-) |596 FS GE
95 |43 |1978.56 |5 |3/2+,5/2+,7/2+ |40 FS +9-7
95 |43 |2032.34 |12 |5/2+,7/2,9/2(-) |118 FS +67-35
95 |43 |2086.09 |4 |3/2+ |34 FS +16-11
95 |43 |2118.1 |10 |(7/2+,9/2+) |
95 |43 |2119.64 |15 |15/2(+) |0.20 PS +7-5
95 |43 |2164.1 |6 | |
95 |43 |2168.27 |4 |7/2+ |50 FS +11-9
95 |43 |2183.86 |12 |19/2+ |0.8 PS +9-5
95 |43 |2189.10 |4 |5/2+,7/2+ |37 FS +12-9
95 |43 |2203.59 |18 |(3/2+,5/2+) |
95 |43 |2210.6 |3 | |
95 |43 |2212.90 |13 |(17/2-) |1.4 PS GE
95 |43 |2219.63 |20 |(7/2+) |
95 |43 |2231.5 |3 |(17/2+) |0.10 PS 3
95 |43 |2236.97 |20 |( 5/2) |
95 |43 |2240.6 |3 | |
95 |43 |2251.96 |14 |(7/2)+ |
95 |43 |2267.59 |8 |(7/2)+ |0.22 PS +52-11
95 |43 |2318.3 |4 |(5/2+to11/2+) |
95 |43 |2324.48 |9 |5/2+,7/2+ |
95 |43 |2328.72 |13 |(3/2)+ |
95 |43 |2382.3 |3 |(5/2+,7/2+) |
95 |43 |2409.54 |17 |(5/2+,7/2) |
95 |43 |2454 |15 | |
95 |43 |2474.7 |4 | |
95 |43 |2546.96 |13 |21/2+ |2.1 PS +14-7
95 |43 |2550 |12 |1/2-,3/2- |
95 |43 |2556.0 |10 |( 5/2) |
95 |43 |2696 |15 |3/2+,5/2+ |
95 |43 |2706.5 |5 |(15/2) |
95 |43 |2780 |20 |1/2+ |
95 |43 |2830 |20 |3/2+,5/2+ |
95 |43 |2844.0 |4 |(23/2+) |
95 |43 |2846.8 |3 | |
95 |43 |2906.46 |14 |(23/2+) |0.28 PS 7
95 |43 |2938 |15 |(1/2+) |
95 |43 |3001 |20 |(3/2+,5/2+) |
95 |43 |3024.07 |20 |(21/2-) |
95 |43 |3039.27 |14 |19/2 |187 FS +21-49
95 |43 |3065.31 |19 |(17/2,19/2+) |0.28 PS +6-7
95 |43 |3119 |20 |1/2+ |
95 |43 |3210 | |1/2+ |
95 |43 |3210.3 |4 |(21/2)+ |0.38 PS +6-7
95 |43 |3339 |20 |1/2+ |
95 |43 |3401 |20 |3/2+,5/2+ |
95 |43 |3490 |20 |3/2+,5/2+ |
95 |43 |3516.0 |3 |25/2+ |5 PS GT
95 |43 |3520 |20 |1/2+ |
95 |43 |3578.5 |7 |(23/2) |
95 |43 |3650 |20 |3/2+,5/2+ |
95 |43 |3700 |20 | |
95 |43 |3805 |14 |1/2+ |
95 |43 |3821.86 |22 |(25/2-) |
95 |43 |3918.3 |4 |29/2+ |
95 |43 |3920 | |1/2+ |
95 |43 |3986 |20 |(3/2+,5/2+) |
95 |43 |4040 |2 |1/2+ |
95 |43 |4081.6 |10 |23/2-,25/2-,27/2- |
95 |43 |4110 |25 |(1/2+) |
95 |43 |4110.4 |5 | |
95 |43 |4127.4 |3 |(29/2)- |
95 |43 |4180 |25 |3/2+,5/2+ |
95 |43 |4254 |25 |3/2+,5/2+ |
95 |43 |4293.0 |4 |27/2+ |
95 |43 |4400 | |3/2+,5/2+ |
95 |43 |4500 | |3/2+,5/2+ |
95 |43 |4740 |20 |1/2+ |
95 |43 |4783.7 |7 | |
95 |43 |4971.35 |24 |(29/2-) |
95 |43 |5220 |20 |1/2+ |
95 |43 |5350 |20 |1/2+ |
95 |43 |5366.8 |8 | |
95 |43 |5599.3 |11 |(31/2+) |
95 |43 |5643.8 |8 |(29/2+) |
95 |43 |5729.3 |11 |(31/2+) |
95 |43 |5831.6 |5 |(33/2-) |
95 |43 |5905.4 |11 |(33/2+) |
95 |43 |6124.6 |6 | |
95 |43 |6356.7 |6 | |
95 |43 |6501.0 |9 | |
95 |43 |6619.5 |12 |(35/2+) |
95 |43 |6668.5 |11 |(33/2+) |
95 |43 |7317.7 |6 |(35/2-) |
95 |43 |7920.6 |11 |(35/2-) |
95 |43 |8298.6 |11 |(35/2-) |
95 |43 |8539.7 |12 |(37/2-) |
95 |43 |8971.5 |15 |(33/2+) |
95 |43 |9148.7 |16 |(35/2+) |
95 |43 |9259.8 |12 |(41/2-) |
95 |43 |10148.8 |16 |(37/2+) |
95 |43 |10659.9 |13 |(45/2-) |
95 |43 |12078.9 |14 |(47/2-) |
95 |43 |14460.9 |17 | |
96 |43 |0.0 | |7+ |4.28 D 7
96 |43 |34.23 |4 |4+ |51.5 M 10
96 |43 |35.38 |9 |(2)+ |
96 |43 |36.22 |7 |(3)+ |
96 |43 |45.28 |6 |5+ |
96 |43 |49.19 |5 |6+ |
96 |43 |121.24 |7 |(2)- |25.6 NS +4-2
96 |43 |176.99 |5 |5+ |
96 |43 |227.12 |8 |3- |0.35 NS LT
96 |43 |228.76 |6 |4+ |
96 |43 |239.31 |10 |3+ |0.35 NS LT
96 |43 |256.06 |8 |(2)+ |0.35 NS LT
96 |43 |316.60 |7 |(3)- |2.0 NS +4-2
96 |43 |319.21 |6 |6+ |
96 |43 |321.58 |7 |3- |
96 |43 |352.53 |8 |3- |0.35 NS LT
96 |43 |444.91 |7 |(3)+ |
96 |43 |458.16 |12 |3+ |
96 |43 |493.12 |10 |(3)+ |
96 |43 |506.32 |6 |5+ |
96 |43 |530.25 |8 |(4)+ |
96 |43 |530.43 |8 |(4)- |
96 |43 |542.09 |21 |5+ |
96 |43 |547.8 |3 |(3) |
96 |43 |551.87 |6 |4- |
96 |43 |564.11 |13 |(3)+ |
96 |43 |565.58 |7 |5+ |
96 |43 |568.02 |22 |(3)- |
96 |43 |574.94 |6 |7+ |
96 |43 |585.81 |15 |(4+) |
96 |43 |619.56 |9 |(3)- |
96 |43 |622.74 |21 |(4)+ |
96 |43 |627.31 |8 |(3)- |
96 |43 |646.67 |12 |4- |
96 |43 |655.9 |3 | |
96 |43 |720.55 |19 |6+ |
96 |43 |732.60 |9 |4- |
96 |43 |739.8 |4 | |
96 |43 |749.76 |13 |(3)- |
96 |43 |752.52 |7 |6+ |
96 |43 |788.82 |9 |(4)- |
96 |43 |794.15 |18 |(4-) |
96 |43 |801.44 |9 |4(-) |
96 |43 |815.10 |8 |(4)+ |
96 |43 |816.43 |10 |(3) |
96 |43 |820.95 |23 | |
96 |43 |821.71 |10 |(6) |
96 |43 |828.4 |3 | |
96 |43 |839.9 |3 | |
96 |43 |867.15 |10 |4- |
96 |43 |885.84 |10 |6+ |
96 |43 |909.51 |14 |4 |
96 |43 |927.21 |8 |9+ |
96 |43 |933.90 |10 |(3)+ |
96 |43 |942.40 |21 |(4,2) |
96 |43 |946.93 |8 |8+ |
96 |43 |971.21 |15 |3 |
96 |43 |979.02 |7 |5- |
96 |43 |980.69 |15 |(5) |
96 |43 |1040.91 |14 |7+ |
96 |43 |1042.25 |24 |5 |
96 |43 |1053.9 |5 |5,7 |
96 |43 |1062.44 |9 |8+ |
96 |43 |1065.7 |3 | |
96 |43 |1071.6 |3 |(4,6) |
96 |43 |1103.10 |21 |5,7 |
96 |43 |1118.25 |22 |(5+,6+,7+) |
96 |43 |1138.95 |11 |8+ |
96 |43 |1139.93 |21 |(5) |
96 |43 |1149.0 |3 |(5) |
96 |43 |1152.04 |8 |6- |
96 |43 |1158 |4 |- |
96 |43 |1183.23 |10 |5 |
96 |43 |1187.56 |11 |5 |
96 |43 |1202.74 |10 |(6+) |
96 |43 |1211.6 |3 |(2,4) |
96 |43 |1255.09 |11 |(4) |
96 |43 |1271.0 |3 | |
96 |43 |1290.21 |15 |4 |
96 |43 |1294.4 |3 |(5) |
96 |43 |1314.11 |9 |5+ |
96 |43 |1338 |8 |- |
96 |43 |1366.81 |21 |(4,2) |
96 |43 |1408.30 |21 |(4-) |
96 |43 |1437.91 |25 |3- |
96 |43 |1447.73 |9 |9+ |
96 |43 |1482.3 |3 |(4)- |
96 |43 |1487.45 |21 |(8) |
96 |43 |1516.21 |22 |(7+,5) |
96 |43 |1536.2 |4 |- |
96 |43 |1557.02 |22 |(4,6) |
96 |43 |1596.40 |21 | |
96 |43 |1597.39 |9 |6- |
96 |43 |1610.2 |5 | |
96 |43 |1636.3 |5 | |
96 |43 |1661 |8 | |
96 |43 |1703.34 |10 |(10)+ |
96 |43 |1767.42 |21 | |
96 |43 |1825 |8 |(+) |
96 |43 |1861.74 |12 |(9)+ |
96 |43 |1884 |15 | |
96 |43 |1922.68 |16 |(11)+ |
96 |43 |1940 |15 |+ |
96 |43 |1974.4 |6 |(8) |
96 |43 |2020 |15 | |
96 |43 |2148.34 |15 |(11)+ |
96 |43 |2214.00 |14 |(10)+ |
96 |43 |2317.89 |16 |(12)+ |
96 |43 |2397.54 |16 |(11)+ |
96 |43 |2599.89 |19 |(13)+ |
96 |43 |2643.1 |3 |(10)+ |
96 |43 |2816.9 |7 | |
96 |43 |3020.6 |3 |(12)+ |
96 |43 |3291.1 |6 |(13+) |
96 |43 |3537.7 |10 |(15+) |
96 |43 |3546.7 |8 |(13) |
96 |43 |3779.2 |6 |(14+) |
96 |43 |4011.4 |14 |(17+) |
96 |43 |4121.0 |9 |(15+) |
96 |43 |4904.2 |13 |(17+) |
96 |43 |5186.3 |17 |(18+) |
96 |43 |6115.4 |19 |(19+) |
96 |43 |6389.7 |17 |(19+) |
96 |43 |6846.8 |19 |(20+) |
96 |43 |7187.4 |19 |(20+) |
96 |43 |7623.4 |20 |(21+) |
96 |43 |8042.8 |22 |(21,22) |
96 |43 |8755.4 |22 | |
97 |43 |0.0 | |9/2+ |4.21E+6 Y 16
97 |43 |96.57 |6 |1/2- |91.0 D 6
97 |43 |215.718 |19 |7/2+ |69 PS 19
97 |43 |324.476 |21 |5/2+ |0.45 NS 8
97 |43 |580.19 |6 |3/2- |
97 |43 |656.90 |6 |5/2- |0.76 PS GE
97 |43 |765.68 |21 | |
97 |43 |772.68 |6 |13/2+ |0.35 PS GE
97 |43 |777.98 |16 |(7/2+,9/2+) |
97 |43 |785.034 |24 |5/2+ |0.33 PS +17-10
97 |43 |832.80 |6 |11/2(+) |0.35 PS GE
97 |43 |833.52 |20 | |
97 |43 |852 | |(3/2+,5/2+) |
97 |43 |855.45 |3 |7/2+ |0.37 PS GE
97 |43 |861.90 |8 |(9/2+) |0.38 PS GE
97 |43 |939.88 |12 | |
97 |43 |941.95 |15 | |
97 |43 |946.73 |10 |3/2- |0.22 PS +9-6
97 |43 |970.03 |3 |7/2+ |
97 |43 |994.68 |3 |(3/2+) |0.17 PS +7-4
97 |43 |1003.58 |11 | |
97 |43 |1049.22 |7 |3/2- |0.21 PS GE
97 |43 |1059.6 |9 |(5/2,7/2+) |
97 |43 |1126.64 |3 |11/2(+) |
97 |43 |1138 |2 |(5/2) |
97 |43 |1141.23 |9 |(7/2+) |0.28 PS +25-10
97 |43 |1165.2 |5 |(9/2,7/2) |
97 |43 |1167.20 |22 | |
97 |43 |1199.62 |11 |(9/2+) |0.24 PS +37-10
97 |43 |1219.87 |12 |(7/2+) |
97 |43 |1240.02 |7 |(7/2-) |0.26 PS GE
97 |43 |1271.5 |4 | |
97 |43 |1274.54 |14 |(3/2-,5/2-,7/2-) |
97 |43 |1277.82 |7 |(9/2-) |
97 |43 |1310.17 |17 |9/2+ |
97 |43 |1311.87 |20 | |
97 |43 |1348.33 |17 | |
97 |43 |1365.8 |7 |(3/2+) |
97 |43 |1373.32 |13 |(3/2,5/2-) |
97 |43 |1379 | |3/2+,5/2+ |
97 |43 |1379.89 |18 |(9/2+) |0.09 PS +5-3
97 |43 |1382.33 |20 | |
97 |43 |1387 |4 |(3/2+,5/2) |
97 |43 |1393.33 |9 |(13/2+) |
97 |43 |1396.90 |12 | |
97 |43 |1400.99 |21 |(3/2-,5/2-) |
97 |43 |1409.5 |3 |(7/2-) |
97 |43 |1441.1 |10 | |0.21 PS GE
97 |43 |1471.21 |11 |(7/2+,9/2+) |
97 |43 |1480.3 |6 | |
97 |43 |1512.32 |9 |(3/2,5/2,7/2) |0.25 PS +18-9
97 |43 |1518.39 |14 |(3/2-) |0.21 PS +22-8
97 |43 |1523.1 |4 |(5/2+,7/2,9/2+) |0.044 PS +14-10
97 |43 |1527.3 |3 | |
97 |43 |1537 | |1/2+ |
97 |43 |1538.01 |17 |(11/2+,13/2+) |
97 |43 |1573 |3 |(3/2+,5/2) |
97 |43 |1580.0 |4 |(5/2,7/2-) |
97 |43 |1581.47 |15 |(11/2+,13/2+) |
97 |43 |1582.20 |13 |(3/2+,5/2,7/2) |
97 |43 |1585.8 |3 |(3/2+,5/2+,7/2+) |
97 |43 |1599 | |3/2+,5/2+ |
97 |43 |1625.26 |17 | |
97 |43 |1649.63 |22 |3/2+,5/2+ |0.4 PS 3
97 |43 |1654.48 |8 |17/2+ |
97 |43 |1675.5 |9 |3/2+,5/2+ |
97 |43 |1677.5 |3 |(5/2-) |
97 |43 |1685.47 |8 |15/2(+) |
97 |43 |1690.04 |20 |(5/2+,7/2+) |
97 |43 |1692.9 |3 |(3/2+,5/2,7/2) |
97 |43 |1697.8 |3 | |
97 |43 |1706.95 |22 | |
97 |43 |1707.7 |3 |(7/2) |0.025 PS +9-6
97 |43 |1712 | |1/2+ |
97 |43 |1721.0 |3 |(1/2+,3/2+,5/2+) |
97 |43 |1722.61 |22 |(5/2+) |
97 |43 |1733.3 |4 |(3/2+,5/2,7/2-) |0.54 PS GE
97 |43 |1779.1 |5 |(5/2,7/2) |
97 |43 |1796.7 |4 |(3/2,5/2,7/2) |
97 |43 |1801.29 |21 | |
97 |43 |1815.7 |4 |(9/2+) |
97 |43 |1834.75 |23 |(11/2+) |
97 |43 |1834.81 |9 |(13/2-) |
97 |43 |1841.87 |19 | |
97 |43 |1847 | |1/2+ |
97 |43 |1849.79 |9 |(15/2+) |
97 |43 |1850.6 |3 |(3/2) |0.21 PS +22-8
97 |43 |1856.1 |5 |(3/2+,5/2-) |
97 |43 |1858.61 |21 | |
97 |43 |1862.36 |21 | |
97 |43 |1864.84 |24 |(9/2+) |
97 |43 |1879.39 |12 |(9/2+,17/2+) |
97 |43 |1892.61 |15 |(13/2+,15/2+) |
97 |43 |1896.0 |10 | |
97 |43 |1897.42 |20 |(5/2+,7/2+,9/2+) |
97 |43 |1907.04 |21 | |
97 |43 |1913.9 |3 | |
97 |43 |1914.1 |4 |(3/2,5/2) |
97 |43 |1919.3 |3 | |
97 |43 |1922.5 |3 | |
97 |43 |1924.6 |4 |(3/2,5/2) |
97 |43 |1940 | |1/2-,3/2- |
97 |43 |1940.6 |7 |(7/2) |
97 |43 |1947.59 |21 | |
97 |43 |1949.00 |19 |(9/2+) |
97 |43 |1951 | |3/2+,5/2+ |
97 |43 |1964.46 |19 | |
97 |43 |1976.63 |22 | |
97 |43 |1979.3 |3 | |
97 |43 |1987.0 |5 |(3/2) |
97 |43 |1992.6 |3 | |
97 |43 |1995.0 |6 | |
97 |43 |2001.3 |5 | |
97 |43 |2004.21 |21 | |
97 |43 |2013 | |3/2+,5/2+ |
97 |43 |2023.7 |6 | |
97 |43 |2033.04 |22 | |
97 |43 |2036.0 |6 |(1/2-,3/2,5/2-) |
97 |43 |2048.47 |21 | |
97 |43 |2054.90 |22 | |
97 |43 |2056.1 |3 | |
97 |43 |2060.0 |7 |(9/2,11/2) |
97 |43 |2069.0 |5 | |
97 |43 |2095.87 |22 | |
97 |43 |2098.0 |4 | |
97 |43 |2111 | |3/2+,5/2+ |
97 |43 |2117.56 |22 | |
97 |43 |2119.72 |21 | |
97 |43 |2121.79 |10 |(13/2+,15/2,17/2+) |
97 |43 |2130.8 |3 | |
97 |43 |2134.8 |3 | |
97 |43 |2150.1 |5 |(3/2+,5/2,7/2) |
97 |43 |2151 | |1/2+ |
97 |43 |2168.8 |6 | |
97 |43 |2208.2 |7 | |
97 |43 |2217.4 |6 | |
97 |43 |2255.1 |5 |(5/2+,7/2-) |
97 |43 |2257.3 |3 | |
97 |43 |2257.88 |22 | |
97 |43 |2260 | |3/2+,5/2+ |
97 |43 |2264 | |1/2+ |
97 |43 |2264.60 |21 | |
97 |43 |2307 | |3/2+,5/2+ |
97 |43 |2331.39 |11 |(19/2+) |
97 |43 |2337.62 |8 |(17/2-) |
97 |43 |2417.5 |4 | |
97 |43 |2446.8 |4 | |
97 |43 |2449.2 |4 | |
97 |43 |2480 | | |
97 |43 |2491.59 |22 | |
97 |43 |2533.78 |11 |(21/2+) |
97 |43 |2564.71 |11 |(19/2) |
97 |43 |2653 | |1/2+ |
97 |43 |2661.79 |14 | |
97 |43 |2672.2 |4 | |
97 |43 |2713 | |3/2+,5/2+ |
97 |43 |2730 | | |
97 |43 |2733.80 |11 |(21/2+) |
97 |43 |2783 | |3/2+,5/2+ |
97 |43 |2878 | |3/2+,5/2+ |
97 |43 |2908 | |3/2+,5/2+ |
97 |43 |2916.79 |20 |(17/2+,19/2,21/2+) |
97 |43 |3018 | |3/2+,5/2+ |
97 |43 |3060 | |3/2+,5/2+ |
97 |43 |3143.24 |12 |(21/2-) |
97 |43 |3145 | |1/2+ |
97 |43 |3214 | |1/2+ |
97 |43 |3254.39 |22 | |
97 |43 |3296.59 |15 | |
97 |43 |3372 | |(3/2+,5/2+) |
97 |43 |3486 | |(3/2+,5/2+) |
97 |43 |3530.19 |15 |(25/2+) |
97 |43 |3575.59 |14 |(23/2+) |
97 |43 |3585.99 |23 | |
97 |43 |3600 |20 |3/2+,5/2+ |
97 |43 |3643.68 |23 |(25/2+) |
97 |43 |3720 |20 |3/2+,5/2+ |
97 |43 |3731.09 |17 |(25/2+) |
97 |43 |4060 |20 | |
97 |43 |4330 |20 | |
97 |43 |4334.0 |4 |(27/2+) |
97 |43 |4376.1 |4 |(27/2+) |
97 |43 |4430.1 |6 |(29/2+) |
97 |43 |4580 |20 | |
97 |43 |4681.0 |7 |(29/2+) |
97 |43 |4780 |20 | |
97 |43 |4990 |20 | |
97 |43 |5051.4 |9 |(29/2+) |
97 |43 |5322.7 |8 |(31/2+) |
97 |43 |5461.2 |10 |(31/2+) |
97 |43 |5535.8 |10 |(33/2+) |
97 |43 |5587.3 |14 |(33/2+) |
97 |43 |7016.6 |14 |(37/2+) |
97 |43 |7714.0 |17 |(39/2+) |
97 |43 |8345.1 |20 |(43/2+) |
97 |43 |11050 |20 |5/2+ |
97 |43 |11730 | |1/2+ |
97 |43 |11810 |20 | |
97 |43 |11840 | |3/2+,5/2+ |
97 |43 |11980 | | |
97 |43 |12120 | |(1/2+) |
97 |43 |12360 | |3/2+,5/2+ |
97 |43 |12550 |20 |11/2- |
97 |43 |12600 | | |
97 |43 |12680 | |(5/2-,7/2-) |
97 |43 |12820 | |(1/2+) |
97 |43 |12960 | |(1/2+) |
97 |43 |13080 | |(1/2+) |
97 |43 |13200 | |3/2+,5/2+ |
98 |43 |0.0 | |(6)+ |4.2E+6 Y 3
98 |43 |21.80 |9 |(5)+ |2.4 NS 6
98 |43 |65.43 |12 |(4)+ |1.4 NS LT
98 |43 |73.28 |15 |- |
98 |43 |81.68 |13 |+ |1.4 NS LT
98 |43 |90.76 |16 |(2)- |14.7 US 3
98 |43 |106.43 |6 |(7)+ |
98 |43 |138.55 |14 |(2)- |8.2 NS 3
98 |43 |142.0 |10 |(2to7)+ |
98 |43 |152.09 |13 |(3,4,5)+ |1.4 NS LT
98 |43 |190.21 |15 |(3,4)- |1.4 NS LT
98 |43 |203.67 |13 |(4)+ |1.4 NS LT
98 |43 |268.14 |14 |4+,5+ |
98 |43 |306.20 |15 |(3,4,5)+ |
98 |43 |321.82 |15 |(1,2,3)- |
98 |43 |328.45 |13 |(3,4,5)+ |
98 |43 |346.93 |12 |(6,7)+ |
98 |43 |351.27 |15 |(3)- |
98 |43 |375.09 |17 |(3,4,5)+ |
98 |43 |390.04 |15 |(3)+ |
98 |43 |424.04 |20 |4+,5+ |
98 |43 |441.02 |5 |(7)+ |
98 |43 |447.0 |3 |+ |
98 |43 |457.83 |15 |(2,3)- |
98 |43 |484.23 |17 |(2,3,4)- |
98 |43 |502.09 |19 | |
98 |43 |537.5 |20 |+ |
98 |43 |543.22 |15 |( 4)- |
98 |43 |568 |4 |(+) |
98 |43 |609.5 |15 |4+,5+ |
98 |43 |622.18 |19 |(2,3)- |
98 |43 |624.5 |25 |(4+,5+) |
98 |43 |639.5 |25 |+ |
98 |43 |652.72 |16 | |
98 |43 |665.60 |17 |(2,3,4)+ |
98 |43 |670.2 |2 | |
98 |43 |688.2 |8 |( 4)+ |
98 |43 |707.5 |10 |4+,5+ |
98 |43 |713.62 |17 |(4,5)+ |
98 |43 |747.0 |20 |4+,5+ |
98 |43 |764.34 |14 |(8)+ |
98 |43 |766.0 |20 |(4+,5+) |
98 |43 |799.5 |15 |4+,5+ |
98 |43 |863.5 |15 |+ |
98 |43 |888.5 |15 |4+,5+ |
98 |43 |923.5 |25 |+ |
98 |43 |951.5 |25 |4+,5+ |
98 |43 |988 |4 | |
98 |43 |1018.7 |5 |(7,8,9)+ |
98 |43 |1048 |4 |+ |
98 |43 |1057.5 |25 |+ |
98 |43 |1090.66 |14 |(8)- |
98 |43 |1102.84 |17 |(9)+ |
98 |43 |1126.5 |10 |+ |
98 |43 |1157.5 |10 |+ |
98 |43 |1166.34 |16 |(9)- |
98 |43 |1201.5 |10 |+ |
98 |43 |1207.82 |16 |(8,9)+ |
98 |43 |1254.3 |3 |4+,5+ |
98 |43 |1275 |4 |4+,5+ |
98 |43 |1296 |4 |4+,5+ |
98 |43 |1310.5 |30 |4+,5+ |
98 |43 |1338.0 |20 |4+,5+ |
98 |43 |1354 |4 |+ |
98 |43 |1373 |5 | |
98 |43 |1388 |4 |(+) |
98 |43 |1399.5 |30 |+ |
98 |43 |1441 |6 |+ |
98 |43 |1470.5 |15 |+ |
98 |43 |1486 |3 |+ |
98 |43 |1549.74 |17 |(8,9,10) |
98 |43 |1582.43 |18 |(10)- |
98 |43 |1851.39 |19 |(11)- |
98 |43 |1920.4 |5 | |
98 |43 |1995.5 |5 |(11+) |
98 |43 |2303.8 |3 |(12)- |
98 |43 |2367.8 |5 | |
98 |43 |2481.8 |6 | |
98 |43 |2677.3 |3 |(13)- |
98 |43 |2810.6 |6 | |
98 |43 |3055.1 |7 |(13+) |
98 |43 |3129.4 |4 |(14-) |
98 |43 |9656 | |(0+) |
98 |43 |10416 | |(0+) |
98 |43 |10476 | |(2+) |
98 |43 |11106 | |(2+) |
98 |43 |11433 | |(2+) |
98 |43 |11896 | | |
98 |43 |11996 | | |
98 |43 |12216 | | |
98 |43 |12326 | | |
98 |43 |12433 | | |
98 |43 |12616 | | |
98 |43 |12656 | | |
99 |43 |0.0 | |9/2+ |2.111E+5 Y 12
99 |43 |140.5106 |10 |7/2+ |0.19 NS 2
99 |43 |142.6832 |11 |1/2- |6.0067 H 5
99 |43 |181.0938 |10 |5/2+ |3.61 NS 7
99 |43 |509.096 |10 |3/2- |
99 |43 |534.43 |8 |(3/2+) |
99 |43 |536.89 |10 | |
99 |43 |612.37 |3 |5/2- |
99 |43 |625.53 |4 |(9/2)+ |
99 |43 |652.77 |17 | |
99 |43 |671.478 |11 |3/2- |
99 |43 |719.41 |4 |7/2+ |
99 |43 |726.77 |5 |11/2+ |1.8 PS 2
99 |43 |739.213 |25 |(7/2+) |
99 |43 |761.781 |17 |5/2+ |0.7 PS 4
99 |43 |761.95 |5 |13/2+ |2.4 PS 3
99 |43 |884.259 |25 |(5/2-) |
99 |43 |920.579 |11 |1/2+ |0.1 NS LT
99 |43 |986.17 |4 |(7/2-) |
99 |43 |1004.068 |20 |3/2(-) |
99 |43 |1017.46 |7 |(3/2+,5/2+) |
99 |43 |1019.76 |4 |(5/2+,7/2+) |
99 |43 |1072.23 |17 |(7/2+) |
99 |43 |1081.46 |8 |(11/2+) |0.9 PS 3
99 |43 |1127.40 |20 | |
99 |43 |1129.105 |22 |(3/2)- |
99 |43 |1135.04 |4 |(5/2-) |
99 |43 |1141.854 |14 |3/2+ |
99 |43 |1149.43 |5 |(9/2+) |
99 |43 |1172.05 |11 |3/2+ |
99 |43 |1176.48 |4 |9/2- |
99 |43 |1198.89 |5 |(3/2-) |
99 |43 |1203.46 |5 |(9/2+) |
99 |43 |1205.0 |10 |(3/2)- |
99 |43 |1207.26 |3 |(7/2-) |
99 |43 |1243.78 |5 |(7/2+) |
99 |43 |1268.69 |8 |(7/2+,9/2,11/2+) |
99 |43 |1306.28 |5 |(7/2+) |
99 |43 |1309.11 |15 | |
99 |43 |1320.73 |4 |3/2- |
99 |43 |1329.40 |4 |(7/2-) |
99 |43 |1405.45 |5 |(1/2-,3/2-) |
99 |43 |1426.24 |7 |(9/2+,7/2+) |
99 |43 |1435 |4 |(3/2) |
99 |43 |1444.13 |5 |(1/2+,3/2+,5/2) |
99 |43 |1469.1 |10 | |
99 |43 |1494.15 |12 | |
99 |43 |1503.71 |4 |(3/2+,5/2+) |
99 |43 |1507.06 |6 |(13/2+,15/2+) |
99 |43 |1526.48 |11 |(15/2+) |
99 |43 |1543.22 |22 | |
99 |43 |1552.12 |15 |(3/2+) |
99 |43 |1552.48 |5 |(7/2+) |
99 |43 |1554.55 |20 |1/2+ |
99 |43 |1563.12 |5 |(5/2+,7/2+,9/2+) |
99 |43 |1565.06 |5 |(5/2+,7/2+,9/2+) |
99 |43 |1566.21 |20 |(11/2+) |
99 |43 |1581.21 |5 |(11/2+,13/2+) |
99 |43 |1585.01 |8 |17/2+ |
99 |43 |1604.28 |11 |(11/2-) |
99 |43 |1611.37 |15 |(1/2-,3/2-,5/2-) |
99 |43 |1621.92 |20 | |
99 |43 |1659.02 |5 |(3/2+,5/2+,7/2+) |
99 |43 |1678.14 |5 |(5/2)+ |
99 |43 |1747.52 |8 |13/2- |
99 |43 |1752.94 |21 | |
99 |43 |1760 |5 |3/2+,5/2+ |
99 |43 |1774.68 |8 |(5/2-,7/2,9/2-) |
99 |43 |1790.34 |21 | |
99 |43 |1803 |5 |(1/2+) |
99 |43 |1808.31 |20 |(3/2+,5/2+) |
99 |43 |1823.65 |15 |(3/2+,5/2+) |
99 |43 |1853.28 |21 | |
99 |43 |1874.89 |20 | |
99 |43 |1911 |6 |1/2+ |
99 |43 |1947.28 |21 | |
99 |43 |1982 |6 |(3/2+,5/2+) |
99 |43 |2000 |6 |(3/2+,5/2+) |
99 |43 |2064 |6 | |
99 |43 |2111 |6 |3/2+,5/2+ |
99 |43 |2155.25 |14 |(17/2+) |
99 |43 |2160 |6 |(3/2+,5/2+) |
99 |43 |2176 |7 |(1/2+) |
99 |43 |2203 |7 |3/2+,5/2+ |
99 |43 |2223.02 |13 |(15/2-) |
99 |43 |2281 |7 |1/2+ |
99 |43 |2330.15 |9 |17/2- |
99 |43 |2363.41 |21 | |
99 |43 |2396 |7 |(3/2+,5/2+) |
99 |43 |2414 |7 |(3/2+,5/2+) |
99 |43 |2424.34 |13 | |
99 |43 |2466 |7 |(1/2+) |
99 |43 |2486 |7 |(1/2+) |
99 |43 |2487.32 |12 | |
99 |43 |2522 |8 |3/2+,5/2+ |
99 |43 |2553.12 |22 |(21/2+) |
99 |43 |2581 |8 |3/2+,5/2+ |
99 |43 |2588.84 |11 | |
99 |43 |2611 |8 | |
99 |43 |2646.93 |10 |19/2- |
99 |43 |2653 |8 |(1/2+) |
99 |43 |2675 |8 |(1/2+) |
99 |43 |2703.62 |12 | |
99 |43 |2714 |8 |3/2+,5/2+ |
99 |43 |2761.23 |11 | |
99 |43 |2765 |8 |3/2+,5/2+ |
99 |43 |2785.25 |13 |21/2- |
99 |43 |2846 |9 |3/2+,5/2+ |
99 |43 |2855.92 |15 | |
99 |43 |2916 |9 | |
99 |43 |2997 |9 |3/2+,5/2+ |
99 |43 |3066 |9 |3/2+,5/2+ |
99 |43 |3115 |9 |1/2+ |
99 |43 |3129.85 |15 |(23/2-) |
99 |43 |3186 |10 |(3/2+,5/2+) |
99 |43 |3203.7 |3 | |
99 |43 |3245 |10 |(1/2+) |
99 |43 |3296.5 |4 | |
99 |43 |3376.85 |15 |(25/2-) |
99 |43 |3623.15 |18 |(23/2,25/2) |
99 |43 |3649.13 |24 |(25/2+) |
99 |43 |3814.45 |18 | |
99 |43 |3884.4 |4 | |
99 |43 |4177.92 |21 | |
100 |43 |0.0 | |1+ |15.46 S 19
100 |43 |172.15 |4 |2+ |3 NS LT
100 |43 |200.67 |4 |(4)+ |8.32 US 14
100 |43 |223.47 |4 |0-,1-,2- |3 NS LT
100 |43 |243.95 |4 |(6)+ |3.2 US 2
100 |43 |263.56 |4 |(3)+ |3 NS LT
100 |43 |287.52 |4 |(5)+ |3 NS LT
100 |43 |294.92 |4 |(4)+ |0.87 NS 14
100 |43 |299.66 |4 |(2,3)+ |3 NS LT
100 |43 |319.49 |4 |(5)+ |
100 |43 |335.17 |4 |(2,3)+ |3 NS LT
100 |43 |340.98 |4 |(3)+ |
100 |43 |355.58 |4 |(2,3)+ |3 NS LT
100 |43 |400.63 |4 |(5)+ |
100 |43 |424.36 |4 |(2+,3,4+) |
100 |43 |440.38 |13 |(7)+ |0.28 NS LT
100 |43 |454.20 |4 |(4,5)+ |
100 |43 |456.79 |4 |(2+,3,4-) |
100 |43 |457.05 |15 |(7)+ |0.28 NS LT
100 |43 |459.20 |5 |(0,1,2,3+) |
100 |43 |461.10 |4 |(5)+ |
100 |43 |476.02 |8 |( 3) |
100 |43 |483.95 |5 |( 3) |
100 |43 |493.67 |4 |4+,5+ |
100 |43 |500.02 |4 |(1,2,3)- |
100 |43 |500.15 |4 |(4,5)- |
100 |43 |513.92 |4 |(3:6)+ |
100 |43 |521.0 |4 | |
100 |43 |539.63 |4 |(3:6)(-) |
100 |43 |544.87 |4 |(6)- |0.43 NS 10
100 |43 |552.29 |4 |4+,5+ |
100 |43 |580.41 |4 |(3,4,5)+ |
100 |43 |599.78 |4 |(2:7)+ |
100 |43 |608.65 |12 |(7)- |0.28 NS LT
100 |43 |635.63 |3 |(3,4,5)+ |
100 |43 |639.82 |4 |(3)+ |
100 |43 |680.23 |6 |(4,5,6)- |
100 |43 |689 |10 |(4+,5+) |
100 |43 |707.79 |16 |(8)- |0.28 NS LT
100 |43 |709 |10 |4+,5+ |
100 |43 |710.82 |19 |(8)+ |0.28 NS LT
100 |43 |748.20 |4 |(4+,5+) |
100 |43 |758.8 |4 | |
100 |43 |776 |10 |4+,5+ |
100 |43 |777.86 |25 |(9)- |0.28 NS LT
100 |43 |821.74 |4 |(3:6) |
100 |43 |830.20 |6 |(2,3)+ |
100 |43 |854.01 |4 |(2:7)+ |
100 |43 |882 |10 |(2:7)+ |
100 |43 |906.15 |7 |(1+,2,3+) |
100 |43 |929.90 |4 |(3,4,5)+ |
100 |43 |952.88 |4 |(2:7)+ |
100 |43 |972 |10 |(2:7)+ |
100 |43 |1000 |10 |4+,5+ |
100 |43 |1051.15 |4 |(2+,3,4,5+) |
100 |43 |1074.62 |25 |(8-) |
100 |43 |1154.9 |3 |(10)- |0.28 NS LT
100 |43 |1284.6 |3 |(9)+ |
100 |43 |1400 | |(1+) |
100 |43 |1406.6 |3 |(11)- |0.28 NS LT
100 |43 |1581.7 |4 |(10-) |
100 |43 |1720.9 |4 |(10+) |
100 |43 |1840.2 |3 |(12)- |0.28 NS LT
100 |43 |2053.1 |4 |(11-) |
100 |43 |2175.5 |4 |(11+) |
100 |43 |2238.5 |4 |(13)- |0.28 NS LT
100 |43 |2391.9 |4 |(12-) |
100 |43 |2600 | |(1+) |
100 |43 |2693.5 |4 |(14-) |0.28 NS LT
100 |43 |2695.9 |6 |(12+) |
100 |43 |2798.3 |5 |(13-) |
100 |43 |3075.7 |6 |(13+) |
100 |43 |3233.0 |5 |(15-) |
100 |43 |3269.2 |5 |(14-) |
100 |43 |3690.4 |6 |(15-) |
100 |43 |3710.0 |6 |(16-) |
100 |43 |4358.1 |7 |(17-) |
100 |43 |8000 | | |
100 |43 |13300 | | |
101 |43 |0.0 | |9/2+ |14.22 M 1
101 |43 |9.320 |9 |7/2+ |14.3 NS 3
101 |43 |15.602 |10 |5/2+ |26.8 NS 6
101 |43 |207.526 |20 |1/2- |636 US 8
101 |43 |288.47 |3 |3/2- |
101 |43 |394.65 |6 |5/2- |
101 |43 |500.47 |4 |5/2- |
101 |43 |515.251 |19 |5/2+ |
101 |43 |520.62 |12 | |
101 |43 |533.55 |5 |7/2+ |
101 |43 |589.25 |21 |11/2+ |
101 |43 |606.47 |4 |1/2+,3/2+ |
101 |43 |616.21 |4 |3/2-,5/2- |
101 |43 |618.61 |6 |7/2- |
101 |43 |622.24 |5 |(1/2-,3/2-) |
101 |43 |642.32 |20 |13/2+ |
101 |43 |669.69 |5 |5/2- |
101 |43 |676.59 |5 |5/2- |
101 |43 |711.205 |24 |3/2+,5/2+ |
101 |43 |742.32 |7 | |
101 |43 |777.97 |8 | |
101 |43 |884.58 |11 |9/2- |
101 |43 |886.70 |3 | |
101 |43 |911.60 |24 | |
101 |43 |946.8 |3 |11/2- |
101 |43 |980.73 |5 |3/2-,5/2- |
101 |43 |1028.09 |3 |(3/2+) |
101 |43 |1034.34 |6 |5/2-,(7/2-) |
101 |43 |1042.77 |7 |(9/2-) |
101 |43 |1045 |10 |1/2-,3/2- |
101 |43 |1103.63 |7 | |
101 |43 |1122.03 |9 | |
101 |43 |1170.84 |22 |11/2- |
101 |43 |1175.07 |11 | |
101 |43 |1188.05 |12 |1/2-,3/2- |
101 |43 |1191.49 |11 |5/2-,7/2- |
101 |43 |1197 | |(1/2-,3/2-) |
101 |43 |1232.37 |9 | |
101 |43 |1249.74 |9 | |
101 |43 |1264.79 |21 |13/2+,(15/2+) |
101 |43 |1271.04 |10 | |
101 |43 |1280 |10 |3/2+,5/2+ |
101 |43 |1295.22 |23 |9/2+,11/2+ |
101 |43 |1319.57 |3 |3/2+ |
101 |43 |1322.95 |12 | |
101 |43 |1331.4 |3 |(15/2+) |
101 |43 |1400.0 |3 |(17/2+) |
101 |43 |1421.66 |6 |7/2-,9/2-,11/2- |
101 |43 |1429 |10 |3/2+,5/2+ |
101 |43 |1442.19 |11 | |
101 |43 |1477.97 |11 |7/2- |
101 |43 |1490 |7 |3/2,5/2+ |
101 |43 |1499.5 |5 |13/2- |
101 |43 |1521.10 |11 | |
101 |43 |1534.95 |23 |9/2+,13/2+ |
101 |43 |1559.1 |4 | |
101 |43 |1565.06 |11 | |
101 |43 |1578 |10 |3/2+,5/2+ |
101 |43 |1594.72 |5 | |
101 |43 |1599.08 |6 | |
101 |43 |1614.83 |4 | |
101 |43 |1617.75 |12 |1/2+ |
101 |43 |1644.34 |7 | |
101 |43 |1678.09 |6 | |
101 |43 |1703 |10 |3/2+,5/2+ |
101 |43 |1775.46 |5 | |
101 |43 |1806.40 |4 |1/2+,3/2+ |
101 |43 |1808.51 |12 | |
101 |43 |1836.6 |4 | |
101 |43 |1844.31 |23 |(15/2-) |
101 |43 |1892.5 |10 | |
101 |43 |1897.96 |4 |1/2+,3/2+ |
101 |43 |1928.96 |11 | |
101 |43 |1962.34 |3 |1/2+,3/2+ |
101 |43 |2001.33 |6 | |
101 |43 |2047.716 |24 |1/2+,3/2+ |
101 |43 |2056.83 |5 |(1/2+,3/2+) |
101 |43 |2129.83 |5 |(1/2+,3/2+) |
101 |43 |2170.8 |5 |(19/2+) |
101 |43 |2170.8 |3 | |
101 |43 |2173.7 |6 | |
101 |43 |2218.30 |19 |(1/2+,3/2+) |
101 |43 |2237.88 |12 |(1/2+,3/2+) |
101 |43 |2250.1 |4 |(17/2-) |
101 |43 |2271.7 |6 |(21/2+) |
101 |43 |2401.1 |6 |(19/2+) |
101 |43 |2413.0 |3 |(19/2-) |
101 |43 |2442.28 |7 |(1/2+,3/2+) |
101 |43 |2557.99 |10 |(1/2+,3/2+) |
101 |43 |2573.52 |25 |(1/2+,3/2+) |
101 |43 |2615.7 |4 |(21/2-) |
101 |43 |2870.9 |5 |(23/2-) |
101 |43 |2918.1 |6 |(21/2+,23/2+) |
101 |43 |3096.1 |6 |(25/2-) |
101 |43 |3135.3 |6 |(23/2+,25/2+) |
101 |43 |3499.5 |7 |(25/2+,27/2+) |
101 |43 |3887.1 |7 |(27/2+,29/2+) |
101 |43 |4231.0 |7 |(29/2+,31/2+) |
102 |43 |0 | |1+ |5.28 S 15
102 |43 |0.0+X | |(4,5) |4.35 M 7
102 |43 |20 | | |
102 |43 |34 | | |
102 |43 |174 | | |
102 |43 |195 | | |
102 |43 |211.66 |3 |(0+,2+) |
102 |43 |223.83 |4 |(1) |
102 |43 |248 | | |
102 |43 |266.63 |6 |(0+,2+) |
102 |43 |298 | |(3+) |
102 |43 |315 | | |
102 |43 |359.86 |4 |1+ |
102 |43 |393 | | |
102 |43 |416 | |(2-) |
102 |43 |443 | | |
102 |43 |472 | | |
102 |43 |509 | | |
102 |43 |526 | | |
102 |43 |573 | | |
102 |43 |618 | | |
102 |43 |637 | | |
102 |43 |689 | | |
102 |43 |727 | | |
102 |43 |868 | | |
103 |43 |0.0 | |5/2+ |54.2 S 8
103 |43 |45.86 |11 |7/2+ |
103 |43 |83.38 |16 |3/2- |
103 |43 |138.9 |5 |9/2+ |
103 |43 |178.3 |8 |5/2- |
103 |43 |259.0 |6 |5/2- |
103 |43 |338 |3 |1/2-,3/2- |
103 |43 |362 | |(7/2-) |
103 |43 |383.2 |3 |(3/2,5/2,7/2-) |
103 |43 |469.77 |11 |(3/2+,5/2+) |
103 |43 |487.1 |4 |1/2- |
103 |43 |519.22 |20 |3/2- |
103 |43 |557 | |(11/2+) |
103 |43 |595 | |(9/2-) |
103 |43 |620.76 |17 | |
103 |43 |663 | |(13/2+) |
103 |43 |686.6 |7 | |
103 |43 |687.60 |15 |(3/2+,5/2,7/2) |
103 |43 |691.59 |16 |(1/2+,3/2,5/2-) |
103 |43 |779 |5 |3/2- |
103 |43 |848 | |(11/2-) |
103 |43 |859 |5 |(7/2+) |
103 |43 |887.2 |4 | |
103 |43 |918 |5 |7/2+,9/2+ |
103 |43 |1085.98 |15 | |
103 |43 |1097 |7 |3/2- |
103 |43 |1150 |7 |(3/2-) |
103 |43 |1158 | |(13/2-) |
103 |43 |1219 |7 |1/2- |
103 |43 |1219.82 |20 |(5/2+,7/2,9/2+) |
103 |43 |1236 | |(15/2+) |
103 |43 |1256 |7 |(5/2-,7/2-) |
103 |43 |1310 |7 |5/2-,7/2- |
103 |43 |1344 | |(17/2+) |
103 |43 |1467 | |(15/2-) |
103 |43 |1494.49 |21 | |
103 |43 |1591 | | |
103 |43 |1621.1 |6 | |
103 |43 |1692 |10 | |
103 |43 |1727 |7 |5/2-,7/2- |
103 |43 |1766 |7 |1/2-,3/2- |
103 |43 |1817 |7 |(5/2-,7/2-) |
103 |43 |1834 | |(17/2-) |
103 |43 |2153 | |(21/2+) |
103 |43 |2192 | |(19/2-) |
103 |43 |3017 | |(23/2+,25/2+) |
103 |43 |3371 | |(25/2+,27/2+) |
103 |43 |3750 | |(27/2+,29/2+) |
103 |43 |4069 | |(29/2+,31/2+) |
104 |43 |0 | |(3+) |18.3 M 3
104 |43 |69.7 |2 |(+) |3.5 US 3
104 |43 |106.1 |3 |(+) |0.40 US 2
104 |43 |119.7 |3 |(+) |
104 |43 |174.8 |3 |1+ |
104 |43 |220.8 |3 |(0+,1+,2+) |
104 |43 |265.8 |3 | |
104 |43 |306.8 |3 | |
104 |43 |364.1 |3 | |
104 |43 |398.8 |4 | |
104 |43 |442.6 |3 | |
104 |43 |613.8 |3 |1+ |
104 |43 |641.8 |3 |1+ |
104 |43 |710.6 |3 | |
104 |43 |728.8 |4 |1+ |
104 |43 |765.1 |3 | |
104 |43 |778.9 |3 | |
104 |43 |908.5 |3 | |
104 |43 |989.3 |3 | |
104 |43 |1017.3 |3 |1+ |
105 |43 |0.0 | |(3/2-) |7.6 M 1
105 |43 |76.58 |7 |(5/2-) |0.93 NS 4
105 |43 |85.43 |8 |(5/2+) |20.8 NS 6
105 |43 |147.76 |7 |(5/2-) |
105 |43 |149.61 |11 |(7/2+) |1.09 NS 9
105 |43 |237.03 |9 |(7/2-) |
105 |43 |249.62 |10 |(3/2-,5/2-) |
105 |43 |278.60 |12 |(9/2+) |
105 |43 |303.76 |9 |(3/2+) |6.8 NS 10
105 |43 |322.17 |8 |(1/2+) |9.9 NS 11
105 |43 |345.68 |10 |(7/2-) |
105 |43 |440.90 |10 |(9/2-) |
105 |43 |463.63 |12 | |
105 |43 |491.43 |16 |(7/2+) |
105 |43 |523.75 |9 | |
105 |43 |530.00 |11 |(5/2+) |0.175 NS 6
105 |43 |558.74 |11 | |
105 |43 |563.77 |17 | |
105 |43 |592.9 |4 |(11/2+) |
105 |43 |610.28 |16 | |
105 |43 |672.6 |4 |(11/2-) |
105 |43 |749.9 |3 |(13/2+) |
105 |43 |810.31 |15 | |
105 |43 |868.87 |20 | |
105 |43 |880.89 |17 |(9/2+) |
105 |43 |891.59 |20 |(9/2+) |
105 |43 |940.45 |14 | |
105 |43 |1043.31 |11 | |
105 |43 |1172.12 |16 | |
105 |43 |1177.2 |6 |(15/2+) |
105 |43 |1236.3 |7 |(15/2-) |
105 |43 |1373.4 |7 |(17/2+) |
105 |43 |1415.10 |19 | |
105 |43 |1476.37 |17 | |
105 |43 |1819.80 |17 | |
105 |43 |1890.80 |8 | |
105 |43 |2118.1 |11 |(21/2+) |
105 |43 |2195.2 |4 | |
105 |43 |2211.97 |25 | |
105 |43 |2766.43 |24 | |
106 |43 |0.0 | |(1,2) |35.6 S 6
106 |43 |53.90 |6 | |0.5 NS AP
106 |43 |77.35 |6 | |7 NS 2
106 |43 |86.98 |8 | |
106 |43 |139.49 |6 | |
106 |43 |150.87 |8 | |
106 |43 |162.80 |21 | |
106 |43 |188.88 |7 | |
106 |43 |196.77 |9 | |
106 |43 |242.82 |9 | |
106 |43 |309.51 |20 | |
106 |43 |326.37 |8 |1+ |
106 |43 |448.83 |12 | |
106 |43 |465.55 |8 |1+ |
106 |43 |504.12 |7 |1+ |
106 |43 |672.58 |7 |1+ |
106 |43 |736.70 |15 | |
106 |43 |0.0+X | | |
106 |43 |92.1+X |10 | |
106 |43 |162.0+X |10 | |
106 |43 |256.9+X |14 | |
106 |43 |368.3+X |15 | |
106 |43 |407.3+X |14 | |
106 |43 |498.5+X |14 | |
106 |43 |601.4+X |17 | |
106 |43 |649.0+X |15 | |
106 |43 |807.4+X |16 | |
106 |43 |890.0+X |17 | |
106 |43 |1061.9+X |16 | |
106 |43 |1349.8+X |17 | |
106 |43 |1551.7+X |20 | |
106 |43 |1622.5+X |18 | |
106 |43 |2339.5+X |20 | |
107 |43 |0.0 | |(3/2-) |21.2 S 2
107 |43 |0.0+X | |(3/2+) |
107 |43 |30.1 |1 |(1/2+) |3.85 US 5
107 |43 |45.84 |10 |(5/2-) |
107 |43 |65.72 |14 |(5/2+) |184 NS 3
107 |43 |134.4 |2 |5/2- |
107 |43 |137.43 |16 |(7/2+) |
107 |43 |172.34+X |10 |(7/2+) |
107 |43 |207.8 |6 |(7/2-) |
107 |43 |275.79 |16 |(9/2+) |
107 |43 |413.3 |8 |(9/2-) |
107 |43 |466.30 |20 | |
107 |43 |495.92 |16 | |
107 |43 |501.44+X |15 |(11/2+) |
107 |43 |549.32 |16 | |
107 |43 |568.39 |17 |(11/2+) |
107 |43 |646.2 |9 |11/2- |
107 |43 |727.96 |17 |(13/2+) |
107 |43 |766.05 |17 |(11/2+) |
107 |43 |850.70 |17 | |
107 |43 |934.7 |13 |13/2- |
107 |43 |983.99+X |18 |(15/2+) |
107 |43 |1087.74 |17 |(13/2+) |
107 |43 |1143.33 |18 |(15/2+) |
107 |43 |1228.8 |14 |(15/2-) |
107 |43 |1330.27 |18 |(17/2+) |
107 |43 |1374.9 |6 | |
107 |43 |1391.64 |18 |(15/2+) |
107 |43 |1596.3 |16 |(17/2-) |
107 |43 |1613.04+X |20 |(19/2+) |
107 |43 |1730.92 |19 |(17/2+) |
107 |43 |1839.97 |19 |(19/2+) |
107 |43 |1941.8 |14 |(19/2-) |
107 |43 |2056.46 |19 |(21/2+) |
107 |43 |2094.77 |20 |(19/2+) |
107 |43 |2379.68+X |24 |(23/2+) |
107 |43 |2604.67 |20 |(23/2+) |
107 |43 |2845.12 |21 |(25/2+) |
107 |43 |3226.2+X |3 |(27/2+) |
107 |43 |3350.77 |22 |(27/2+) |
107 |43 |3587.1 |3 |(29/2+) |
107 |43 |4320.6 |4 |(33/2+) |
108 |43 |0.0 | |(2)+ |5.17 S 7
108 |43 |0.0+X | | |
108 |43 |27.99 |10 |(2,3)+ |
108 |43 |67.78 |8 |(2,3)+ |
108 |43 |86.38 |7 |1+ |
108 |43 |106.18 |9 |(1)+ |
108 |43 |176.6+X |7 | |28 NS 4
108 |43 |268.26 |7 |0+,1+,2+ |
108 |43 |293.2+X |13 | |
108 |43 |326.91 |12 |1+ |
108 |43 |330.6+X |13 | |
108 |43 |334.03 |11 |1+ |
108 |43 |340.38 |7 |0+,1+,2+ |
108 |43 |413.1+X |16 | |
108 |43 |454.0+X |16 | |
108 |43 |458.76 |7 |1+ |
108 |43 |563.78 |9 |1+ |
108 |43 |568.6+X |18 | |
108 |43 |579.7+X |18 | |
108 |43 |734.0+X |18 | |
108 |43 |773.1+X |18 | |
108 |43 |904.10 |16 |(1+) |
108 |43 |921.3+X |19 | |
108 |43 |1145.2+X |19 | |
108 |43 |1457.9+X |20 | |
108 |43 |1676.3+X |21 | |
108 |43 |2058.9+X |22 | |
108 |43 |2359.0+X |23 | |
109 |43 |0.0 | |(5/2+) |0.86 S 4
109 |43 |69.37 |9 |(7/2+) |
109 |43 |206.68 |10 |(9/2+) |
109 |43 |504.80 |11 |(11/2+) |
109 |43 |633.22 |11 |(11/2+) |
109 |43 |644.33 |12 |(13/2+) |
109 |43 |965.31 |12 |(13/2+) |
109 |43 |1084.39 |13 |(15/2+) |
109 |43 |1231.97 |13 |(17/2+) |
109 |43 |1263.26 |13 |(15/2+) |
109 |43 |1636.88 |15 |(17/2+) |
109 |43 |1796.67 |14 |(19/2+) |
109 |43 |1951.69 |15 |(21/2+) |
109 |43 |2137.43 |17 |(19/2+) |
109 |43 |2375.97 |20 |(21/2+) |
109 |43 |2553.01 |17 |(23/2+) |
109 |43 |2643.33 |18 |(23/2+) |
109 |43 |2754.06 |17 |(25/2+) |
109 |43 |3218.11 |19 |(27/2+) |
109 |43 |3439.53 |20 |(29/2+) |
109 |43 |4200.91 |23 |(33/2+) |
110 |43 |0.0 | |(2,3+) |0.900 S 13
110 |43 |39.50 |9 | |
110 |43 |53.30 |10 |(1+) |
110 |43 |142.05 |11 |(1+) |10 NS LT
110 |43 |152.2 |5 | |
110 |43 |185.00 |15 |(1+) |
110 |43 |240.3 |7 | |
110 |43 |256.7 |7 | |
110 |43 |263.00 |10 |(1+) |
110 |43 |266.9 |6 | |
110 |43 |366.2 |8 | |
110 |43 |467.58 |12 |(1+) |
110 |43 |478.7 |8 | |
110 |43 |512.4 |9 | |
110 |43 |589.6 |4 | |
110 |43 |605.0 |9 | |
110 |43 |740.65 |11 |(1+) |
110 |43 |783.2 |9 | |
110 |43 |908.75 |15 |(1+) |
110 |43 |962.1 |9 | |
110 |43 |1271.0 |9 | |
110 |43 |1430.2 |10 | |
110 |43 |1917.6 |10 | |
110 |43 |2046.3 |10 | |
110 |43 |2699.3 |11 | |
110 |43 |2792.2 |11 | |
110 |43 |3677.1 |12 | |
111 |43 |0.0 | |(5/2+) |290 MS 20
111 |43 |67.3 |3 |(7/2+) |
111 |43 |199.1 |4 |(9/2+) |
111 |43 |483.2 |4 |(11/2+) |
111 |43 |574.9 |5 |(11/2+) |
111 |43 |609.7 |5 |(13/2+) |
111 |43 |887.6 |6 |(13/2+) |
111 |43 |1029.1 |5 |(15/2+) |
111 |43 |1161.8 |5 |(17/2+) |
111 |43 |1181.6 |6 |(15/2+) |
111 |43 |1706.3 |5 |(19/2+) |
111 |43 |1830.3 |6 |(21/2+) |
111 |43 |2553.9 |7 |(25/2+) |
111 |43 |3214.1 |7 |(29/2+) |
111 |43 |3951.9 |8 |(33/2+) |
112 |43 |0 | |(2+) |271 MS 15
112 |43 |258.0 |10 |(3+) |
112 |43 |350.0 |15 |(5+) |150 NS 17
113 |43 |0.0 | |(5/2+) |152 MS 8
113 |43 |114.4 |5 |(5/2-) |0.526 US +16-15
114 |43 |0+X | |( 4) |100 MS 20
114 |43 |0+Y | |(1+) |90 MS 20
115 |43 |0 | | |78 MS 2
116 |43 |0 | | |57 MS 3
117 |43 |0 | | |44.5 MS 30
118 |43 |0 | | |30 MS 4
119 |43 |0 | | |22 MS 3
120 |43 |0 | | |21 MS 5
121 |43 |0 | | |22 MS 6
