85 |44 |0 | | |450 NS GT
86 |44 |0 | |0+ |438 NS GT
88 |44 |0.0 | |0+ |1.2 S +3-2
88 |44 |616.2 |5 |(2+) |
88 |44 |1416.0 |7 |(4+) |
88 |44 |2380.3 |9 |(6+) |
88 |44 |3480.8 |10 |(8+) |
89 |44 |0 | |(9/2+) |1.5 S 2
89 |44 |863.7 |2 |(13/2+) |
89 |44 |1727.7 |6 | |
89 |44 |1917.4 |3 |(17/2+) |
89 |44 |1967.7 |5 | |
89 |44 |2458.4 |4 | |
89 |44 |2766.9 |6 | |
89 |44 |2953.9 |4 |(21/2+) |
89 |44 |3028.5 |5 | |
89 |44 |3221.0 |5 | |
89 |44 |3302.5 |4 |(25/2+) |
89 |44 |4219.3 |7 |(29/2+) |
89 |44 |5309.4 |8 |[33/2+] |
89 |44 |6239.2 |9 |[37/2+] |
90 |44 |0.0 | |0+ |11 S 3
90 |44 |738.00 |10 |(2+) |
90 |44 |1638.11 |15 |(4+) |
90 |44 |2584.3 |4 |(6+) |
90 |44 |3096.2 |5 |(8+) |
90 |44 |3981.8 |7 |(10+) |
90 |44 |4957.4 |9 |(12+) |
90 |44 |5730.4 |13 |(13+,14+) |
90 |44 |6097.4 |17 |(15+) |
90 |44 |6387.9 |20 |(16+) |
91 |44 |0.0 | |(9/2+) |8.0 S 4
91 |44 |0.0+X | |(1/2-) |7.6 S 8
91 |44 |46 | |(7/2+) |
91 |44 |436.0 |5 |(11/2+) |
91 |44 |889.8 |2 |(11/2+) |
91 |44 |973.5 | |(13/2+) |
91 |44 |1660 | |(11/2+) |
91 |44 |1872.0 | |(17/2+) |
91 |44 |1893.0 | |(13/2-) |
91 |44 |2179 | |(15/2+) |
91 |44 |2200.0 | |(17/2-) |
91 |44 |2253.8 | |(15/2-) |
91 |44 |2363 | |(17/2+) |
91 |44 |2369.4 | |(21/2+) |
91 |44 |2409.3 | |(17/2-) |
91 |44 |2709.3 | |(19/2-) |
91 |44 |2799 | |(21/2+) |
91 |44 |2927.6 | |(19/2-) |
91 |44 |2985.3 | |(23/2+) |
91 |44 |3004.9 | |(19/2-) |
91 |44 |3164.3 | |(21/2-) |
91 |44 |3192.5 | |(25/2+) |
91 |44 |3258 | |(21/2-) |
91 |44 |3554.6 | |(23/2-) |
91 |44 |3633.6 | |(25/2+) |
91 |44 |3893.9 | |(23/2-) |
91 |44 |3969.8 | |(27/2+) |
91 |44 |4035.8 | |(25/2-) |
91 |44 |4151.6 | |(29/2+) |
91 |44 |4379.7 | |(27/2-) |
91 |44 |4847 | |(27/2-) |
91 |44 |4991.9 | |(29/2-) |
91 |44 |5097 | |(31/2+) |
91 |44 |5100 | |(29/2-) |
91 |44 |5108.8 | |(33/2+) |
91 |44 |5961.7 | |(35/2+) |
91 |44 |5996.4 | |(33/2-) |
91 |44 |6085.0 | |(37/2+) |
91 |44 |6313.8 | |(35/2-) |
91 |44 |6922.3 | |(37/2-) |
91 |44 |7515.2 | |(41/2+) |
91 |44 |7516.8 | |(39/2-) |
91 |44 |8149 | |(41/2-) |
91 |44 |9630 | |(43/2-,45/2-) |
92 |44 |0.0 | |0+ |3.65 M 5
92 |44 |865.7 |1 |(2+) |
92 |44 |1854.9 |13 |(4+) |
92 |44 |2535.2 |13 |(5-) |16 NS 2
92 |44 |2671.5 |16 |(6+) |
92 |44 |2775.9 | | |
92 |44 |2833.9 |18 |(8+) |100 NS 14
92 |44 |2994.5 |20 |(8+) |12 PS LT
92 |44 |3014.5 | |(5) |
92 |44 |3292.2 |16 |(7-) |16 PS 5
92 |44 |3798.2 |21 |(10+) |4.6 PS 24
92 |44 |3931.4 |18 |(9-) |3.5 PS LT
92 |44 |4363.1 |21 |(12+) |71 PS 16
92 |44 |4705.2 |20 |(11-) |11 PS 3
92 |44 |5215.0 |22 |(13+) |1.4 PS LT
92 |44 |5267.6 |21 | |
92 |44 |5281.9 |22 |(14+) |7 PS LT
92 |44 |5369.6 |22 | |
92 |44 |5572.1 |22 |(14+) |1.4 PS LT
92 |44 |5598.7 |21 |(13-) |1.4 PS LT
92 |44 |5658.1 |21 |(15+) |10 PS 3
92 |44 |5741.7 |23 |(16+) |139 PS 55
92 |44 |6145.3 |23 |(16+) |
92 |44 |6621.4 |21 |(15-) |1.4 PS LT
92 |44 |6995.6 |23 |(17+) |
92 |44 |7060.7 |22 |(17-) |55 PS 3
92 |44 |7504.2 |25 |(18+) |
92 |44 |7658.9 |25 |(18-) |0.7 PS LT
92 |44 |8001 |3 |(19-) |0.7 PS LT
92 |44 |8470 |3 |(19+) |
92 |44 |8647 |3 |(19+,20+) |
92 |44 |8912 |3 |(20+) |
92 |44 |9233 |3 |(21-) |2.4 PS 3
92 |44 |9433 |3 |(20+) |
92 |44 |10741 |3 |(22-,23-) |
92 |44 |10886 |3 |(21+) |
92 |44 |10996 |3 |(21+,22+) |
92 |44 |11259 |3 |(22+,23+) |
92 |44 |11311 |3 |(22-,23-) |
93 |44 |0 | |(9/2)+ |59.7 S 6
93 |44 |734.40 |10 |(1/2)- |10.8 S 3
93 |44 |1359.42 |10 | |
93 |44 |1392.11 |20 |(13/2)+ |
93 |44 |1629.92 |10 | |
93 |44 |1842.1 |3 | |
93 |44 |1936.3 |3 |(17/2)+ |
93 |44 |2082.5 |9 |(21/2)+ |2.49 US 15
93 |44 |2112.8 |7 |(15/2+) |
93 |44 |2129.4 |7 |(17/2+) |
93 |44 |2273.53 |14 | |
93 |44 |2280.5 |7 |(17/2-) |35 NS 4
93 |44 |2713.3 |10 |(19/2-) |
93 |44 |2733.7 |11 |(23/2+) |
93 |44 |3121.1 |11 |(25/2+) |
93 |44 |3240.5 |10 |(21/2-) |
93 |44 |3375.5 |12 |(25/2+) |
93 |44 |3722.7 |11 |(25/2-) |
93 |44 |4022.0 |12 |(27/2+) |
93 |44 |4237.0 |13 |(27/2-) |
93 |44 |4500.2 |12 |(29/2+) |
93 |44 |4787.2 |15 |(29/2-) |
93 |44 |4850.2 |14 |(31/2-) |
93 |44 |5271.7 |14 |(31/2+) |
93 |44 |5342.7 |13 |(33/2+) |
93 |44 |5971.0 |14 |(35/2-) |
93 |44 |6376.8 |14 |(33/2+) |
93 |44 |7849.6 |14 |(37/2+) |
93 |44 |7864.9 |15 |(35/2+,37/2+) |
93 |44 |7981.0 |14 |(37/2+) |
93 |44 |8204.1 |16 |(39/2-) |
93 |44 |8331.1 |16 |(37/2-,39/2-) |
93 |44 |8463.9 |15 |(39/2+) |
93 |44 |8735.7 |16 |(39/2+) |
93 |44 |8962.1 |15 |(37/2-) |
93 |44 |9145.8 |15 |(39/2+,41/2+) |
93 |44 |9425.7 |15 |(39/2-) |
93 |44 |9637.4 |15 |(39/2-) |
93 |44 |9694.0 |18 |(41/2+to45/2+) |
93 |44 |10049.3 |17 |(41/2-) |
93 |44 |10083.7 |20 |(43/2+to47/2+) |
93 |44 |10365.7 |15 |(41/2-) |
93 |44 |10684.1 |16 |(43/2-) |
93 |44 |10884.4 |20 |(45/2+to49/2+) |
93 |44 |11400.8 |17 |(45/2-) |
93 |44 |11950.2 |19 |(47/2-) |
94 |44 |0.0 | |0+ |51.8 M 6
94 |44 |1430.71 |20 |2+ |
94 |44 |2186.6 |3 |4+ |
94 |44 |2498.0 |3 |6+ |65 NS 2
94 |44 |2503.2 |3 |(3,4,5) |
94 |44 |2624.4 |3 |5- |0.51 NS 5
94 |44 |2644.1 |4 |8+ |71 US 4
94 |44 |2965 |6 |(3-) |
94 |44 |2995 |6 |0+ |
94 |44 |3117.0 |4 |(3,4,5) |
94 |44 |3177.3 |4 |(3,4,5) |
94 |44 |3254.7 |4 |(3,4,5) |
94 |44 |3520 |7 | |
94 |44 |3615 |7 |0+ |
94 |44 |3657.6 |4 |(7-) |
94 |44 |3770 |8 |0+ |
94 |44 |3820 |8 | |
94 |44 |3930.1 |4 |(8+) |
94 |44 |3991.2 |4 |(10)+ |3.47 PS LT
94 |44 |4000 |8 | |
94 |44 |4197.3 |4 |(9)- |
94 |44 |4338.5 |4 |(9)- |
94 |44 |4489.1 |4 |(11)- |0.760 NS 35
94 |44 |4716.6 |4 |(12)+ |23.8 PS 11
94 |44 |5567.8 |4 |(13)- |2.01 PS 22
94 |44 |6275.1 |4 |(12+) |
94 |44 |6357.6 |4 |(12+) |
94 |44 |6614.4 |4 |(13)+ |0.87 PS 12
94 |44 |6918.9 |4 |(13-) |
94 |44 |7157.6 |4 |(14)+ |0.33 PS 4
94 |44 |7768.3 |4 |(13)- |
94 |44 |7773.1 |4 |(15)+ |0.28 PS LT
94 |44 |7909.9 |4 |(15+) |
94 |44 |7970.0 |4 |(14)- |
94 |44 |8039.4 |4 |(14+) |
94 |44 |8133.2 |4 |(15)- |
94 |44 |8152.3 |4 |(14)- |
94 |44 |8271.8 |4 |(14)- |0.291 PS 28
94 |44 |8411.2 |4 |(16)+ |0.69 PS LT
94 |44 |8501.5 |4 |(15)- |1.28 PS 8
94 |44 |8736.7 |4 |(15)- |
94 |44 |8853.4 |4 |(15-) |
94 |44 |8996.7 |4 |(16)- |0.69 PS LT
94 |44 |9041.7 |4 |(17)+ |1.4 PS LT
94 |44 |9134.9 |4 |(16)- |
94 |44 |9254.2 |4 |(17)- |
94 |44 |9464.0 |4 |(16-) |
94 |44 |9526.6 |4 |(18)+ |0.360 PS 21
94 |44 |9789.2 |4 |(17)- |
94 |44 |9921.0 |4 |(19)+ |3.4 PS LT
94 |44 |9928.6 |4 |(18)- |3.49 PS 24
94 |44 |10129.4 |4 |(17-) |
94 |44 |10444.3 |4 |(19)- |
94 |44 |10544.8 |4 |(18-) |
94 |44 |11041.8 |4 |(20)- |1.8 PS LT
94 |44 |11451.7 |5 |(19+) |
94 |44 |12077.2 |5 |(20+,21+) |
94 |44 |12429.6 |5 |(20+,21+) |
94 |44 |12484.1 |4 |(20-,21-) |
94 |44 |12922.8 |4 |(20-) |
94 |44 |12940.0 |5 |(20+) |
94 |44 |13053.4 |5 |(22-) |
94 |44 |13077.7 |5 |(21-) |
94 |44 |13247.0 |5 |(20+,21+) |
94 |44 |13623.8 |5 |(21+) |
94 |44 |13896.9 |4 |(21-) |
94 |44 |13917.0 |5 |(23-,24-) |
94 |44 |13938.8 |4 |(21-,22-) |
94 |44 |14226.7 |5 |(21-) |
94 |44 |14293.5 |5 |(23-) |
94 |44 |14674.8 |5 |(21-,22-) |
94 |44 |14805.7 |4 |(21-,22-) |
94 |44 |15289.4 |4 |(22-,23-) |
94 |44 |16767.4 |5 |(24-,25-) |
95 |44 |0.0 | |5/2+ |1.643 H 13
95 |44 |787.7 |4 |1/2+ |
95 |44 |890 |5 | |
95 |44 |941.79 |15 |7/2(+) |
95 |44 |1141 |5 |3/2+,5/2+ |
95 |44 |1352.08 |14 |9/2+ |
95 |44 |1494.68 |23 |(7/2,9/2) |
95 |44 |1524.0 |3 |(7/2,9/2) |
95 |44 |1925.29 |24 |(7/2,9/2) |
95 |44 |2029.62 |18 |13/2+ |
95 |44 |2067.5 |3 |(11/2+) |
95 |44 |2117.0 |4 |9/2+ |
95 |44 |2155.70 |24 |(7/2,9/2) |
95 |44 |2246.92 |19 |11/2+ |240 PS 21
95 |44 |2258.84 |20 |(9/2,11/2)+ |
95 |44 |2268.2 |3 |(7/2,9/2) |
95 |44 |2284.0 |3 |17/2+ |3.05 NS 28
95 |44 |2294 |5 |9/2+ |
95 |44 |2431.11 |22 |(9/2,11/2)+ |
95 |44 |2450.2 |3 |(11/2-) |
95 |44 |2493.12 |21 |13/2- |0.60 NS 4
95 |44 |2538.0 |4 |21/2+ |10.05 NS 14
95 |44 |2575.1 |3 | |
95 |44 |2690.99 |24 |(9/2,11/2) |
95 |44 |2695.6 |3 |(9/2) |
95 |44 |2713 |5 |1/2-,3/2- |
95 |44 |2774.3 |3 |15/2- |6.93 PS 6
95 |44 |2902.3 |3 |(7/2,9/2,11/2)+ |
95 |44 |2999.4 |4 | |
95 |44 |3062.9 |3 |(7/2,9/2)+ |
95 |44 |3164.5 |7 |(7/2,9/2)+ |
95 |44 |3186.3 |8 |(3/2)- |
95 |44 |3214 |5 |1/2-,3/2- |
95 |44 |3362.9 |3 |(19/2+) |
95 |44 |3383 |5 |9/2+,7/2+ |
95 |44 |3407.2 |5 |(3/2)- |
95 |44 |3477.8 |3 |(17/2-) |5.5 PS 6
95 |44 |3551.23 |25 |(7/2,9/2)+ |
95 |44 |3655.8 |7 |(7/2,9/2,11/2)+ |
95 |44 |3686.7 |8 |(7/2,9/2)+ |
95 |44 |3702.2 |3 |(19/2-) |2.1 PS LT
95 |44 |3733.6 |3 |(7/2,9/2)+ |
95 |44 |3744.0 |12 |(9/2,11/2)+ |
95 |44 |3779.1 |3 |(9/2)+ |
95 |44 |3824.5 |7 |(3/2)- |
95 |44 |3830.3 |4 |25/2(+) |1.5 PS LT
95 |44 |3975.8 |8 |(7/2,9/2,11/2)+ |
95 |44 |3983.6 |5 |(7/2,9/2)+ |
95 |44 |3985.7 |3 |(21/2-) |8.9 PS 10
95 |44 |4177.7 |12 |(7/2,9/2)+ |
95 |44 |4192.8 |4 |(23/2-) |5.68 PS 28
95 |44 |4502.9 |5 |(29/2+) |11.0 PS 7
95 |44 |4505.8 |4 |(25/2-) |3.19 PS 21
95 |44 |4744.5 |4 |(27/2-) |2.91 PS 28
95 |44 |5616.6 |5 |(29/2-) |1.59 PS 21
95 |44 |5774.5 |5 |31/2- |2.63 PS 28
95 |44 |6643.8 |6 |(31/2+,33/2+) |4.2 PS LE
95 |44 |6777.6 |6 |(31/2+,33/2+) |6.9 PS LE
95 |44 |6824.8 |7 |(33/2+,35/2+) |4.9 PS LE
95 |44 |7063.9 |6 |(33/2-,35/2-) |1.4 PS LE
95 |44 |7527.4 |6 |(33/2-,35/2-) |7.6 PS LE
95 |44 |7529.7 |7 |(35/2+,37/2+) |4.9 PS LE
95 |44 |7681.7 |6 |(35/2-) |2.8 PS LE
95 |44 |7762.3 |6 | |
95 |44 |8103.8 |7 |(37/2+,39/2+) |5.5 PS LE
95 |44 |8137.2 |6 | |
95 |44 |8308.5 |6 |(35/2-) |1.4 PS LE
95 |44 |8702.6 |8 |(39/2+,41/2+) |6.2 PS LE
95 |44 |8735.3 |6 | |
95 |44 |8849.3 |9 |(39/2+,41/2+) |5.5 PS LE
95 |44 |9341.5 |9 |(41/2+,43/2+) |6.9 PS LE
95 |44 |12160.9 |10 |(43/2+,45/2+) |3.5 PS LE
96 |44 |0.0 | |0+ |STABLE
96 |44 |832.56 |5 |2+ |2.94 PS 6
96 |44 |1518.05 |6 |4+ |6.9 PS 5
96 |44 |1931.07 |6 |2+ |0.38 PS 3
96 |44 |2148.78 |7 |0+ |0.46 PS +63-18
96 |44 |2149.74 |7 |6+ |15 PS 5
96 |44 |2283.88 |9 |2+ |0.15 FS 5
96 |44 |2462.16 |9 |4 |0.10 PS +5-3
96 |44 |2524.85 |9 |3+,4+ |0.4 PS LT
96 |44 |2528.47 |10 |1+,2+ |
96 |44 |2576.02 |9 |(2+) |
96 |44 |2579.02 |15 |1+,2+,3+ |
96 |44 |2588.41 |8 |5- |2.8 PS GE
96 |44 |2649.99 |9 |3(-) |
96 |44 |2699.80 |18 |4+,5 |
96 |44 |2739.78 |12 |(2+) |0.4 PS LT
96 |44 |2760.20 |9 |(4+,5) |0.12 PS LT
96 |44 |2793.89 |8 |(5,6) |
96 |44 |2851.12 |14 |(2+,3) |0.14 PS +10-5
96 |44 |2891.64 |9 |6+ |0.20 PS LT
96 |44 |2897.61 |13 |3(+) |0.4 PS LT
96 |44 |2950.39 |8 |8+ |11 PS 4
96 |44 |2987.8 |3 |(0,4) |
96 |44 |2996.30 |16 |2+,3+,4+ |
96 |44 |3060.46 |15 |(1,4) |
96 |44 |3072.21 |21 |(3-,4) |
96 |44 |3076.28 |11 |3- |
96 |44 |3077.1 |5 |(5,6) |
96 |44 |3090.20 |19 |2+ |0.13 PS LT
96 |44 |3154.24 |20 |1(+) |3.12 FS 14
96 |44 |3166.76 |21 |(5,6) |
96 |44 |3172.4 |3 |(9+) |
96 |44 |3210.13 |22 |(2,6) |
96 |44 |3232.2 |5 |(0,4) |
96 |44 |3261.03 |18 |2+ |
96 |44 |3281.3 |3 |(3,7) |
96 |44 |3282.4 |3 |1 |49.2 FS 35
96 |44 |3291.46 |15 |7- |7.1 PS 9
96 |44 |3291.54 |18 |4+ |0.4 PS LT
96 |44 |3306.78 |12 |5 |
96 |44 |3362.54 |20 |(4,8) |
96 |44 |3377.55 |10 |5+ |
96 |44 |3380.51 |10 |(6,7)+ |
96 |44 |3447.9 |10 |1 |126 FS 21
96 |44 |3479.6 |3 |1 |35.3 FS 28
96 |44 |3544.52 |13 |(6,7) |
96 |44 |3706.50 |18 |(5,6)+ |
96 |44 |3742.87 |15 |(5,6) |
96 |44 |3755.15 |20 |(5,6,7)+ |
96 |44 |3805.69 |20 |(5,6,7) |
96 |44 |3817.22 |13 |10+ |3.5 PS 4
96 |44 |3887.23 |11 |(5,6,7)+ |
96 |44 |3928.6 |4 |(10+) |
96 |44 |3951.08 |17 |9- |8.3 PS 8
96 |44 |4057.52 |20 |(5,6) |
96 |44 |4080.28 |15 |(5,6,7)+ |
96 |44 |4112.99 |12 |(6,7)+ |
96 |44 |4148.2 |5 |(5,6,7) |
96 |44 |4210.8 |4 |(5,6,7) |
96 |44 |4262.1 |4 |(8,12) |
96 |44 |4265.0 |4 |(11+) |
96 |44 |4418.27 |16 |12+ |21 PS 3
96 |44 |4521.08 |20 |(5,6)+ |
96 |44 |4534.03 |21 |10- |
96 |44 |4560.93 |19 |(5,6)+ |
96 |44 |4592.5 |5 |(5,6,7) |
96 |44 |4598.9 |7 | |
96 |44 |4710.9 |3 |(12+) |
96 |44 |4777.42 |12 |5+ |
96 |44 |4798.7 |3 |11(-) |2.6 PS 5
96 |44 |4866.0 |4 |(10,14) |
96 |44 |4949.64 |17 |5+ |
96 |44 |5274.3 |4 |(9,13) |
96 |44 |5531.9 |3 |(13+) |
96 |44 |5533.9 |5 |(11-) |
96 |44 |5541.47 |22 |(5,6,7)+ |
96 |44 |5680.69 |19 |14+ |2.43 PS 21
96 |44 |5750.2 |3 |13(-) |2.1 PS 4
96 |44 |5978.5 |4 |(14+) |
96 |44 |5994.5 |4 |(9,13) |
96 |44 |6278.3 |3 |14(-) |
96 |44 |6441.61 |24 |16+ |7.4 PS LE
96 |44 |6678.9 |5 |(14,18) |
96 |44 |6754.1 |4 |15(-) |
96 |44 |6769.8 |5 |(14,18) |
96 |44 |6777.1 |4 |16(-) |
96 |44 |7415.0 |5 |(17+) |
96 |44 |7425.2 |5 |(16+) |
96 |44 |7534.8 |5 |(17+) |
96 |44 |7558.3 |5 |17(-) |
96 |44 |7951.2 |5 |17(-) |4.2 PS LE
96 |44 |8187.6 |10 |(17+) |
96 |44 |8205.7 |5 |18+ |
96 |44 |8236.0 |5 |18(-) |
96 |44 |8499.6 |10 |(17+) |
96 |44 |8644.1 |6 |(18+) |
96 |44 |8736.2 |6 |(18+) |
96 |44 |8968.8 |11 |(18+) |
96 |44 |9101.0 |11 |(18+) |
96 |44 |9249.1 |7 |(20+) |
96 |44 |9250.3 |6 |(18-) |
96 |44 |9391.4 |5 |(19-) |
96 |44 |9586.4 |7 |(20+) |
96 |44 |9665.3 |6 |(19-) |
96 |44 |9713.4 |7 |(19+) |
96 |44 |9852.2 |12 |(20+) |
96 |44 |9892.3 |7 |(21-) |
96 |44 |9992.4 |6 |(21-) |
96 |44 |9997.4 |8 |(21+) |
96 |44 |10592.8 |9 |(22+) |
96 |44 |10631.5 |8 |(22+) |
96 |44 |10720.4 |8 |(22+) |
96 |44 |11066.1 |12 |(22+) |
96 |44 |11360.1 |12 |(22+) |
97 |44 |0.0 | |5/2+ |2.83 D 23
97 |44 |189.22 |6 |3/2+ |0.23 NS 2
97 |44 |421.54 |5 |7/2+ |25 PS 8
97 |44 |527.84 |5 |3/2+ |
97 |44 |610.79 |8 |(1/2+,3/2,5/2+) |
97 |44 |771.38 |8 |3/2+ |
97 |44 |840.19 |7 |7/2+ |
97 |44 |878.76 |6 |9/2+ |
97 |44 |908.29 |7 |1/2+ |
97 |44 |1184.54 |9 |3/2+,5/2+ |
97 |44 |1199.11 |16 |11/2+ |7 PS 4
97 |44 |1229.43 |8 |9/2+ |
97 |44 |1376.87 |14 | |
97 |44 |1477 |7 |3/2+,5/2+ |
97 |44 |1543.02 |19 |(7/2,9/2,11/2+) |
97 |44 |1595.6 |10 | |
97 |44 |1619.6 |3 |(11/2)+ |
97 |44 |1650.9 |4 |(13/2+) |
97 |44 |1825.7 |3 |(13/2)+ |
97 |44 |1845.69 |22 |(15/2)+ |12.7 PS 14
97 |44 |1879.3 |3 |11/2- |
97 |44 |1929 |7 |3/2+,5/2+ |
97 |44 |1932.32 |13 |7/2+ |
97 |44 |1990.07 |22 |(7/2) |
97 |44 |1998.6 |3 |7/2+,9/2+,11/2+ |
97 |44 |2005 |7 | |
97 |44 |2020.1 |8 | |
97 |44 |2080 |7 | |
97 |44 |2150.9 |5 |7/2+ |
97 |44 |2173 |7 |1/2+ |
97 |44 |2197.70 |11 |3/2- |
97 |44 |2245.89 |18 |3/2- |
97 |44 |2284 |7 |1/2+ |
97 |44 |2300.7 |6 |1/2,3/2 |
97 |44 |2312.78 |19 |1/2-,3/2- |
97 |44 |2350 |7 | |
97 |44 |2505.6 |6 |(17/2+) |
97 |44 |2506 |7 |1/2+ |
97 |44 |2545.54 |25 |(17/2+) |11.4 PS 12
97 |44 |2552.8 |8 |15/2- |
97 |44 |2564.90 |16 |3/2- |
97 |44 |2576.0 |5 |1/2-,3/2- |
97 |44 |2591.4 |4 |7/2+,9/2+,11/2+ |
97 |44 |2596.2 |4 |15/2- |
97 |44 |2598.7 |11 |(17/2+) |
97 |44 |2605 |7 | |
97 |44 |2640.4 |4 |(17/2)+ |
97 |44 |2647.82 |21 |3/2- |
97 |44 |2652 |7 |1/2+ |
97 |44 |2660.4 |7 |(19/2+) |
97 |44 |2702 |7 |1/2+ |
97 |44 |2739.1 |3 |(21/2+) |7.8 NS 2
97 |44 |2743.1 |11 |(17/2+) |
97 |44 |2754.7 |4 |7/2+ |
97 |44 |2759.4 |3 |(19/2)+ |
97 |44 |2760.4 |5 |7/2+,9/2+,11/2+ |
97 |44 |2762.8 |5 |(19/2+) |
97 |44 |2764.77 |22 |1/2-,3/2- |
97 |44 |2766.2 |5 |7/2+,9/2+,11/2+ |
97 |44 |2796.9 |3 |1/2-,3/2- |
97 |44 |2929.76 |22 |3/2- |
97 |44 |2966.4 |6 |7/2+ |
97 |44 |3030 |7 |3/2+,5/2+ |
97 |44 |3225.5 |9 |(19/2-) |
97 |44 |3264.9 |4 |3/2- |
97 |44 |3269.5 |5 |(19/2-) |
97 |44 |3296.1 |6 |1/2-,3/2- |
97 |44 |3303.1 |8 |(21/2+) |
97 |44 |3368.8 |6 |7/2+,9/2+,11/2+ |
97 |44 |3374.7 |4 |3/2- |
97 |44 |3458.9 |6 |3/2- |
97 |44 |3480.8 |15 |(21/2+) |
97 |44 |3609.5 |8 |(23/2+) |
97 |44 |3620.9 |5 |(23/2)+ |
97 |44 |3669.5 |7 |(25/2+) |4.9 PS 6
97 |44 |3941.1 |5 | |
97 |44 |3941.8 |10 |(23/2-) |
97 |44 |4262.7 |7 |(27/2+) |4.9 PS 6
97 |44 |4653.1 |9 |(27/2+) |
97 |44 |4694.5 |10 |(27/2-) |
97 |44 |4730.1 |8 |(29/2+) |7.1 PS 9
97 |44 |4763.3 |8 | |
97 |44 |5106.4 |8 |(31/2+) |
97 |44 |5373.2 |8 |(33/2+) |12.5 PS LE
97 |44 |5490.0 |11 | |
97 |44 |5721.8 |11 | |
97 |44 |6133.3 |10 |(31/2+) |
97 |44 |6248.4 |9 |(35/2+) |
97 |44 |6312.6 |12 | |
97 |44 |6765.2 |11 |(35/2+) |
97 |44 |6777.3 |16 | |
97 |44 |6889.9 |10 |(37/2+) |
97 |44 |7380.4 |11 |(39/2+) |
97 |44 |7462.8 |11 |(39/2+) |
97 |44 |7638.6 |10 |(39/2+) |13.9 PS LE
97 |44 |7678.5 |12 | |
97 |44 |7908.2 |13 | |
97 |44 |8159.3 |11 |(39/2+) |
97 |44 |8407.2 |12 | |
97 |44 |8468.4 |11 |(43/2+) |
97 |44 |8489.1 |11 |(41/2+) |
97 |44 |8541.7 |12 | |
97 |44 |8621.3 |12 | |
97 |44 |9204.3 |11 |(45/2+) |
97 |44 |9383.0 |13 | |
97 |44 |9423.1 |13 | |
97 |44 |9446.7 |13 | |
97 |44 |9728.8 |12 | |
97 |44 |9763.6 |11 |(45/2+) |
97 |44 |10121.1 |12 |(47/2+) |
97 |44 |10126.1 |12 | |
97 |44 |10622.7 |12 | |
97 |44 |10829.4 |12 | |
97 |44 |10927.2 |12 |(47/2+) |
97 |44 |11081.2 |12 |(49/2+) |
97 |44 |11288.0 |13 |(51/2+) |
97 |44 |11508.5 |13 | |
97 |44 |11717.6 |14 |(53/2+) |
97 |44 |12124.5 |13 |(49/2+) |
97 |44 |12421.5 |13 | |
97 |44 |12559.4 |13 | |
97 |44 |12729.2 |15 | |
97 |44 |12737.9 |14 | |
97 |44 |12744.5 |14 | |
97 |44 |12946.9 |14 | |
97 |44 |13253.8 |14 | |
97 |44 |13328.1 |13 |(51/2+) |
97 |44 |13975.4 |15 | |
97 |44 |14566.0 |17 | |
97 |44 |15047.7 |17 | |
97 |44 |15209.9 |17 | |
97 |44 |15479.8 |17 | |
97 |44 |16088.0 |20 | |
97 |44 |16132.0 |20 | |
97 |44 |17291.7 |19 | |
98 |44 |0.0 | |0+ |STABLE
98 |44 |652.44 |4 |2+ |5.5 PS 8
98 |44 |1322.14 |6 |0+ |
98 |44 |1397.82 |5 |4+ |7.6 PS 16
98 |44 |1414.29 |4 |2+ |1.2 PS 4
98 |44 |1796.96 |5 |3+ |
98 |44 |1817.22 |6 |(2)+ |
98 |44 |1953.4 |3 |(3+) |
98 |44 |2012.70 |5 |3+ |
98 |44 |2222.51 |7 |6+ |4.3 PS 5
98 |44 |2241.4 |3 |(4+,5+,6+) |
98 |44 |2245.9 |3 |(2+,3+) |
98 |44 |2266.50 |6 |4+ |
98 |44 |2276.8 |3 |(2+) |
98 |44 |2285 |10 |(4+) |
98 |44 |2365 |2 | |
98 |44 |2374.5 |10 |(0+:4+) |
98 |44 |2409 |2 |( 5)(+) |
98 |44 |2427.14 |16 |(2+) |
98 |44 |2430.2 |3 | |
98 |44 |2435 |10 |(3-) |
98 |44 |2467.6 |10 |(2)+ |
98 |44 |2473.8 |5 | |
98 |44 |2546.99 |7 |(5,6)+ |
98 |44 |2602.3 |3 |(2:5)(+) |
98 |44 |2619.8 |5 |(1,2) |
98 |44 |2656.52 |7 |(5-) |
98 |44 |2659.62 |7 |(3+,4) |
98 |44 |2720.3 |3 |(3) |
98 |44 |2809.18 |22 |(2+) |
98 |44 |2867.70 |22 |(6+) |
98 |44 |3020 |5 |( 5)(+) |
98 |44 |3046 |5 |2+,3+ |
98 |44 |3064.9 |3 |(3+) |
98 |44 |3069.3 |7 | |
98 |44 |3069.4 |11 | |
98 |44 |3126.31 |9 |8+ |13.9 PS 21
98 |44 |3178.8 |6 |(1,2) |
98 |44 |3190.20 |9 |(8+) |
98 |44 |3205.5 |8 |(1,2,3) |
98 |44 |3245.4 |3 |(6+) |
98 |44 |3250.9 |3 | |
98 |44 |3283.51 |20 |(7)- |
98 |44 |3284 |5 |(2+,3+) |
98 |44 |3366.8 |10 | |
98 |44 |3441.3 |6 |2+,3+ |
98 |44 |3537.0 |7 | |
98 |44 |3538.42 |22 |(6+,7,8+) |
98 |44 |3579.7 |5 |(7-,8+) |
98 |44 |3851.59 |24 |9- |6.0 PS LE
98 |44 |4001.3 |3 |10+ |14.3 PS 21
98 |44 |4006.0 |3 |(8,9,10)+ |
98 |44 |4223.3 |3 |(10+) |
98 |44 |4673.0 |5 |11- |6.4 PS 5
98 |44 |4846.5 |5 |+ |
98 |44 |4914.6 |6 |12+ |
98 |44 |4988.8 |5 |(12+) |
98 |44 |5521.2 |7 |13- |4.6 PS 4
98 |44 |5819.4 |7 |14+ |
98 |44 |5888.6 |7 | |
98 |44 |6591.2 |8 |15- |3.1 PS 8
98 |44 |6869.6 |8 |16+ |
98 |44 |7623.4 |9 |17- |1.46 PS 14
98 |44 |8449.5 |10 |19- |
98 |44 |9930.7 |10 |21- |
98 |44 |11006.5 |11 |(22-) |
98 |44 |11405.2 |11 |23- |
98 |44 |12282.3 |12 |25- |
98 |44 |14475.2 |16 | |
98 |44 |15499.4 |16 | |
98 |44 |17237.4 |19 | |
99 |44 |0.0 | |5/2+ |STABLE
99 |44 |89.57 |6 |3/2+ |20.5 NS 1
99 |44 |321.99 |9 |3/2+ |
99 |44 |340.90 |6 |7/2+ |
99 |44 |442.59 |7 |(3/2)+ |11 PS 3
99 |44 |575.83 |11 |(5/2)+ |1.1 PS 3
99 |44 |617.89 |7 |7/2+ |0.7 PS 3
99 |44 |618.13 |7 |(1/2)+ |1.04 NS 8
99 |44 |719.87 |7 |9/2+ |2.25 PS 25
99 |44 |734.09 |19 |(5/2)+ |
99 |44 |896.85 |10 |(1/2+,3/2,5/2+) |0.15 NS LT
99 |44 |998.71 |15 |(1/2+,3/2,5/2+) |
99 |44 |1048.50 |8 |11/2+ |4.6 PS 25
99 |44 |1069.88 |7 |11/2- |2.8 NS 2
99 |44 |1118.4 |6 |7/2(+) |
99 |44 |1200.8 |6 |5/2+ |
99 |44 |1261.30 |22 |7/2+ |
99 |44 |1277.87 |10 |9/2+ |
99 |44 |1290.78 | |7/2- |
99 |44 |1306.4 |7 |(3/2+,5/2,7/2+) |
99 |44 |1319.67 |9 |11/2+ |2.5 PS 11
99 |44 |1382.95 |11 |(1/2+,3/2) |
99 |44 |1407.5 |10 | |0.21 PS 10
99 |44 |1414.05 |20 |(1/2,3/2,5/2+) |
99 |44 |1473.9 |10 |(7/2,5/2) |0.18 PS 11
99 |44 |1497.06 |9 |13/2+ |0.6 PS 3
99 |44 |1499.2 |5 |9/2+ |0.25 PS 11
99 |44 |1531.46 |11 |(1/2+,3/2) |
99 |44 |1571.94 |12 |15/2- |
99 |44 |1583.2 |10 |(7/2,5/2) |0.14 PS 5
99 |44 |1662.05 |15 |(1/2+,3/2) |
99 |44 |1685.2 |10 |7/2+ |
99 |44 |1711.4 |10 | |
99 |44 |1717.5 |10 |9/2- |
99 |44 |1749.9 |3 |(1/2+,3/2) |
99 |44 |1822.9 |10 | |
99 |44 |1847.0 |10 |(11/2+) |0.32 PS 11
99 |44 |1861.76 |14 |13/2- |0.49 PS 18
99 |44 |1898.9 |12 | |
99 |44 |1944.5 |10 |11/2- |
99 |44 |1966.2 |10 |13/2+ |
99 |44 |1975.68 |21 | |
99 |44 |2020.29 |11 |15/2+ |0.35 PS 14
99 |44 |2059.34 |13 |(3/2-) |
99 |44 |2112.5 |10 | |
99 |44 |2169.9 |10 |(7/2) |
99 |44 |2223.96 |12 |(15/2)+ |
99 |44 |2254.25 |23 |(19/2-) |
99 |44 |2268.29 |14 |19/2- |
99 |44 |2330.04 |15 |(13/2,15/2)- |
99 |44 |2383.5 |10 |9/2(+) |0.09 PS 4
99 |44 |2392.76 |13 |(17/2-) |0.18 PS 7
99 |44 |2400.88 |10 |(17/2)+ |0.6 PS 3
99 |44 |2411.5 |10 | |
99 |44 |2653.6 |4 | |
99 |44 |2752.16 |11 |(15/2,17/2)+ |
99 |44 |2822.27 | |(17/2,19/2,21/2)+ |
99 |44 |2851.97 |14 |(19/2-) |
99 |44 |2874.52 |11 |(19/2)+ |
99 |44 |2997.50 |12 |(17/2,19/2)+ |
99 |44 |3019.97 |14 |(21/2)+ |
99 |44 |3036.51 |15 |(19/2)- |0.35 PS +14-7
99 |44 |3094.45 |15 |(19/2)+ |0.42 PS +35-17
99 |44 |3200.19 |17 |23/2- |0.42 PS +14-7
99 |44 |3207.5 |3 |(23/2-) |
99 |44 |3324.31 |16 |(19/2)+ |
99 |44 |3353.2 |15 | |
99 |44 |3459.6 |4 |(17/2)+ |
99 |44 |3466.06 |25 |(19/2,21/2,23/2)- |0.56 PS +28-14
99 |44 |3483.89 |23 |(21/2+) |
99 |44 |3534.19 |17 |(23/2-) |
99 |44 |3536.29 |19 |(17/2,19/2,21/2) |
99 |44 |3638.20 |15 |(23/2)+ |
99 |44 |3982.8 |3 |(23/2)- |0.9 PS GT
99 |44 |4046.82 |20 |(23/2,25/2)- |
99 |44 |4102.53 |17 |(25/2)+ |0.70 PS 14
99 |44 |4222.9 |3 |27/2- |0.59 PS 7
99 |44 |4233.00 |18 |(23/2)+ |0.7 PS +21-4
99 |44 |4292.38 |22 |(23/2+) |
99 |44 |4323.8 |4 | |
99 |44 |4380.91 |18 |(25/2)+ |
99 |44 |4438.3 |4 |(23/2+) |
99 |44 |4487.05 |20 |(27/2)- |0.42 PS 14
99 |44 |4518.3 |5 | |
99 |44 |4590.9 |3 |(27/2+) |
99 |44 |5005.3 |3 |(27/2)- |
99 |44 |5031.21 |23 |(27/2+) |
99 |44 |5168.1 |4 |(27/2,29/2)- |0.21 PS +14-7
99 |44 |5357.4 |3 |31/2- |0.28 PS +14-7
99 |44 |5574.3 |10 |(31/2+) |
99 |44 |5603.3 |3 |(31/2)- |0.21 PS 7
99 |44 |5911.6 |9 |31/2+ |
99 |44 |5952.3 |8 |(31/2-) |
99 |44 |6479.1 |7 |35/2- |
99 |44 |6595.7 |10 |35/2- |
99 |44 |6746.0 |13 |(35/2+) |
99 |44 |6875.3 |11 |35/2+ |
99 |44 |7181.3 |11 |(35/2-) |
99 |44 |7562.6 |10 |39/2- |
99 |44 |7831.1 |13 |39/2- |
99 |44 |8005.2 |13 |39/2+ |
99 |44 |8499.0 |13 |(41/2-) |
99 |44 |8737.6 |14 |(43/2-) |
99 |44 |8878.2 |12 |43/2- |
99 |44 |9044.1 |15 |43/2- |
99 |44 |9190.9 |16 |43/2+ |
99 |44 |10026.6 |18 |(47/2-) |
99 |44 |10166.6 |14 |47/2- |
99 |44 |10453.2 |19 |47/2+ |
99 |44 |10483.9 |15 |47/2- |
99 |44 |11341.9 |16 |51/2- |
99 |44 |11424.6 |20 |(51/2-) |
99 |44 |12092.5 |22 |51/2+ |
99 |44 |12110.9 |15 |51/2- |
99 |44 |13150.1 |16 |55/2- |
99 |44 |13766.0 |24 |55/2+ |
99 |44 |14780 |3 |59/2+ |
99 |44 |16178.2 |19 | |
99 |44 |17385 |3 | |
99 |44 |18179.2 |22 | |
99 |44 |19254 |3 | |
100 |44 |0.0 | |0+ |STABLE
100 |44 |539.510 |10 |2+ |12.56 PS 13
100 |44 |1130.317 |10 |0+ |8.2 PS 12
100 |44 |1226.465 |10 |4+ |2.6 PS 2
100 |44 |1362.166 |10 |2+ |0.95 PS +24-16
100 |44 |1741.013 |10 |0+ |1.39 PS GT
100 |44 |1865.116 |10 |2+ |0.66 PS +20-12
100 |44 |1881.044 |10 |3+ |0.90 PS +40-22
100 |44 |2051.660 |10 |0+ |1.0 PS +11-4
100 |44 |2062.649 |10 |4+ |0.56 PS +92-22
100 |44 |2075.44 |9 | |
100 |44 |2075.674 |12 |6+ |0.28 PS GT
100 |44 |2099.106 |10 |2+ |0.39 PS +7-6
100 |44 |2131 |10 |2+,3+ |
100 |44 |2166.884 |10 |3- |30 PS 6
100 |44 |2194 |10 | |
100 |44 |2240.811 |10 |2+ |83 PS 6
100 |44 |2268 |5 |2+,3+ |
100 |44 |2313.5 |3 |(2+,3,4+) |
100 |44 |2324.6 |4 |(3to6) |
100 |44 |2351.246 |10 |4+ |0.42 PS +26-12
100 |44 |2366.593 |10 |4+ |0.78 PS +76-26
100 |44 |2387.38 |5 |0+ |0.52 PS GT
100 |44 |2413.77 |7 |(4+) |87 FS +7-6
100 |44 |2438 |5 |2+,3+ |
100 |44 |2469.391 |10 |2- |0.44 PS +51-16
100 |44 |2493.03 |4 |(3+,4+,5+) |0.83 PS GT
100 |44 |2512.416 |11 |(4)+ |0.41 PS +55-15
100 |44 |2516.829 |10 |1- |105 FS +43-26
100 |44 |2527.256 |10 |5- |0.6 PS +14-3
100 |44 |2536.197 |12 |3(+) |0.7 PS +12-3
100 |44 |2543.695 |24 |2+ |0.38 PS +49-15
100 |44 |2569.907 |10 |(3)- |0.30 PS GT
100 |44 |2576.855 |15 |(5+) |125 FS GT
100 |44 |2591.818 |10 |(4-) |0.26 PS +62-12
100 |44 |2606.09 |8 |(1+,2,3+,4+) |71 FS +10-8
100 |44 |2617.14 |4 |(1,2+) |121 FS +26-19
100 |44 |2634 |10 |(0:5)+ |
100 |44 |2660.134 |17 |(1,2+) |48 FS +6-5
100 |44 |2660.81 |4 |(5+) |
100 |44 |2666.153 |25 |(1+,2,3+) |55 FS +6-5
100 |44 |2705.549 |14 |6+ |
100 |44 |2738.683 |10 |(1+:5+) |
100 |44 |2745.61 |5 |(1,2+) |132 FS +42-28
100 |44 |2747.496 |10 |(4-) |
100 |44 |2764.949 |18 |2+,3+ |0.17 PS GT
100 |44 |2775.18 |4 |2+,3+ |0.30 PS +24-10
100 |44 |2775.203 |20 |(5-) |
100 |44 |2785.218 |15 |(6+) |
100 |44 |2800.84 |5 | |0.13 PS +5-3
100 |44 |2801.42 |5 |(1+,2,3+) |97 FS +17-13
100 |44 |2816 |10 |2+,3+ |
100 |44 |2832.8 |17 | |
100 |44 |2837.72 |12 |(1+,2+) |116 FS +21-17
100 |44 |2862.52 |9 |(0+:4+) |0.25 PS +51-10
100 |44 |2877.58 |7 |2+,3+ |
100 |44 |2878.44 |4 |2+,3,4+ |140 FS +30-21
100 |44 |2890 |10 |2+,3+ |
100 |44 |2905.15 |20 |(4+) |0.21 PS +8-5
100 |44 |2911.48 |3 |(5-) |
100 |44 |2915.545 |10 |2- |0.35 PS +29-11
100 |44 |2933.65 |10 |(1+,2+) |
100 |44 |2951.471 |21 |(2+,3,4+) |87 FS +14-10
100 |44 |2951.571 |11 |7- |
100 |44 |2963.644 |12 |6- |
100 |44 |2967.587 |25 |(6+) |
100 |44 |2983.33 |5 |(0:4)+ |
100 |44 |2999.34 |11 |(0+:4+) |0.18 PS +10-5
100 |44 |3016.80 |16 | |
100 |44 |3034.0 |4 | |
100 |44 |3058.1 |10 |(2,3,4) |
100 |44 |3060.068 |15 |8+ |
100 |44 |3060.14 |5 |(1,2+) |11 FS 3
100 |44 |3064.63 |7 |4+ |37 FS +10-7
100 |44 |3069.525 |10 |(1,2)- |0.45 PS GT
100 |44 |3072.246 |14 |2+ |0.20 PS +14-6
100 |44 |3102 |4 | |
100 |44 |3110.59 |11 |(2+,3+) |0.26 PS GT
100 |44 |3118.67 |13 |(0+:4+) |37 PS +8-6
100 |44 |3139.296 |12 |7- |
100 |44 |3177.10 |23 |2+,3+ |
100 |44 |3218.130 |22 |(8-) |
100 |44 |3231.82 |17 | |
100 |44 |3263.656 |14 |(8+) |
100 |44 |3266.3 |3 |(0:5)+ |
100 |44 |3272.1 |3 | |
100 |44 |3300.65 |8 |2+,3+ |
100 |44 |3308.11 |14 | |
100 |44 |3323.744 |24 |(1,2+) |
100 |44 |3326.30 |8 | |
100 |44 |3332.43 |6 | |
100 |44 |3348.45 |13 | |
100 |44 |3354.661 |13 |8- |
100 |44 |3368.995 |21 |(7-) |
100 |44 |3375.04 |13 | |
100 |44 |3419.10 |17 |(2+) |
100 |44 |3441 |10 |2+,3+ |
100 |44 |3446.38 |7 |7+ |
100 |44 |3460.4 |15 | |
100 |44 |3463.74 |4 |(1+,2) |
100 |44 |3503.376 |14 |9- |
100 |44 |3517 |10 |2+,3+ |
100 |44 |3550.12 |3 |(8+) |
100 |44 |3575.557 |15 |9- |
100 |44 |3576.08 |5 |(7+) |
100 |44 |3585 |10 |2+,3+ |
100 |44 |3599.318 |22 |(8-) |
100 |44 |3608 |10 |2+,3+ |
100 |44 |3609.80 |10 |(7+) |
100 |44 |3661.49 |13 |(6-) |
100 |44 |3693 |10 |(0:5)+ |
100 |44 |3731.90 |13 | |
100 |44 |3779.75 |13 |(1:4)+ |
100 |44 |3851.5 |4 |(5,6) |
100 |44 |3877.77 |17 |2+,3+ |
100 |44 |3883.0 |3 | |
100 |44 |3929.64 |6 |(8+) |
100 |44 |3960.39 |4 |(9-) |
100 |44 |3973.6 |5 |(1+:4+) |
100 |44 |3983.0 |7 |(1+:4+) |
100 |44 |3992.170 |21 |10- |
100 |44 |4000.73 |20 | |
100 |44 |4049.5 |12 | |
100 |44 |4075.94 |11 |(8) |
100 |44 |4083.30 |4 |10+ |
100 |44 |4091.5 |14 | |
100 |44 |4097.42 |5 |(9-) |
100 |44 |4102.9 |11 | |
100 |44 |4148.6 |20 | |
100 |44 |4187.6 |3 |(1+:4+) |
100 |44 |4230.606 |21 |(11)- |
100 |44 |4235.82 |4 |(10-) |
100 |44 |4235.854 |24 |(10+) |
100 |44 |4248.53 |6 |(9-) |
100 |44 |4257.1 |3 | |
100 |44 |4273.5 |16 | |
100 |44 |4307.4 |10 | |
100 |44 |4316.27 |5 |(11-) |
100 |44 |4337.6 |18 | |
100 |44 |4343.30 |9 |(9+) |
100 |44 |4353.38 |3 |(10+) |
100 |44 |4366.4 |18 |(1+:4+) |
100 |44 |4376.1 |11 | |
100 |44 |4381.71 |8 |(9+) |
100 |44 |4403.6 |12 | |
100 |44 |4408.66 |8 |(10-) |
100 |44 |4503.49 |4 |(10+) |
100 |44 |4519.6 |9 | |
100 |44 |4530 |3 | |
100 |44 |4543.7 |18 | |
100 |44 |4585.6 |12 | |
100 |44 |4601.2 |12 | |
100 |44 |4650.7 |20 | |
100 |44 |4663.46 |7 |(11-) |
100 |44 |4791.60 |5 |(10+) |
100 |44 |4798.19 |3 |(12-) |
100 |44 |4818.58 |6 |(10+) |
100 |44 |4918.18 |13 |(12+) |
100 |44 |5010.49 |5 |(11+) |
100 |44 |5066.20 |6 |(12-) |
100 |44 |5126.3 |10 |(12+) |
100 |44 |5162.46 |10 |(13)- |
100 |44 |5275.07 |11 |(13-) |
100 |44 |5307.2 |5 |(12+) |
100 |44 |5713.52 |14 |14+ |
100 |44 |5784.4 |3 |(14-) |
100 |44 |6167.2 |4 |(15-) |
100 |44 |6284.1 |6 |(15-) |
100 |44 |6365.2 |7 |(14+) |
100 |44 |6715.03 |18 |(16+) |
100 |44 |6885.1 |6 |(16-) |
100 |44 |7203.7 |5 |(17-) |
100 |44 |7408.6 |9 |(16+) |
100 |44 |7827.23 |20 |(18+) |
100 |44 |8018.2 |8 |(18-) |
100 |44 |8450.6 |10 |(18+) |
100 |44 |8458.7 |7 |(19-) |
100 |44 |9057.94 |23 |(20+) |
100 |44 |9178.8 |10 |(20-) |
100 |44 |9796.7 |9 |(21-) |
100 |44 |10378.35 |25 |(22+) |
100 |44 |10403.3 |11 |(22-) |
100 |44 |11738.8 |3 |(24+) |
100 |44 |11746.3 |12 |(24-) |
100 |44 |13170.2 |3 |(26+) |
100 |44 |13309.3 |13 |(26-) |
100 |44 |14738.4 |4 |(28+) |
100 |44 |14933.4 |14 |(28-) |
100 |44 |14938.3 |5 |(28+) |
100 |44 |16106.0 |5 |(30+) |
100 |44 |16648.6 |6 |(30+) |
100 |44 |17740.9 |6 |(32+) |
100 |44 |20197.9 |8 | |
101 |44 |0.0 | |5/2+ |STABLE
101 |44 |127.229 |8 |3/2+ |0.655 NS 4
101 |44 |306.858 |5 |7/2+ |0.053 NS 14
101 |44 |311.368 |17 |5/2+ |0.15 NS LE
101 |44 |325.23 |3 |1/2+ |0.20 NS 4
101 |44 |422.22 |3 |3/2+ |1.4 PS GE
101 |44 |527.56 |10 |11/2- |17.5 US 4
101 |44 |535.0 |12 |3/2+ |
101 |44 |545.115 |7 |7/2+ |1.5 PS 3
101 |44 |598.34 |18 |(5/2-) |
101 |44 |616.30 |10 |3/2+,5/2+ |
101 |44 |623 |5 |3/2+,5/2+ |
101 |44 |623.59 |19 |1/2+ |17 PS +3-2
101 |44 |684 |2 | |
101 |44 |720.0 |24 |1/2-,3/2- |
101 |44 |720.02 |5 |9/2+ |3.0 PS 8
101 |44 |742 |7 | |
101 |44 |824 |2 |3/2+,5/2+ |
101 |44 |842.76 |4 |(7/2)+ |
101 |44 |907 |2 |1/2-,3/2- |
101 |44 |927 |5 |3/2+,5/2+ |
101 |44 |928.77 |5 |9/2+ |
101 |44 |938.365 |12 |(7/2)+ |
101 |44 |958.4 |4 |15/2- |
101 |44 |973.4 |12 |3/2+ |
101 |44 |1001.15 |14 |11/2+ |
101 |44 |1038 |2 |3/2+,5/2+ |
101 |44 |1051 |7 |7/2+,9/2+ |
101 |44 |1098 |7 |1/2+ |
101 |44 |1111 |2 |1/2+ |
101 |44 |1164 |2 |3/2+,5/2+ |
101 |44 |1206.8 |4 | |
101 |44 |1219.0 |3 | |
101 |44 |1225 |5 |7/2+,9/2+ |
101 |44 |1227 |7 |1/2+ |
101 |44 |1266 |2 |3/2+,5/2+ |
101 |44 |1276 |5 |1/2+ |
101 |44 |1321.57 |18 |(11/2+) |
101 |44 |1390.0 |3 | |
101 |44 |1425 |2 | |
101 |44 |1477 |2 |3/2+,5/2+ |
101 |44 |1499.3 |11 |1/2,3/2 |
101 |44 |1500.9 |3 |13/2+ |0.59 PS 17
101 |44 |1536.5 |3 | |
101 |44 |1542 |2 |3/2+,5/2+ |
101 |44 |1587.28 |18 |5/2+ |
101 |44 |1622.3 |5 |19/2- |1.2 PS GT
101 |44 |1659 |7 | |
101 |44 |1688 |2 |11/2-,9/2- |
101 |44 |1701 |5 |(3/2+,5/2+) |
101 |44 |1714 |2 |1/2+ |
101 |44 |1758 |2 |1/2+ |
101 |44 |1761.87 |11 | |
101 |44 |1774.1 |5 |11/2- |2.4 PS +21-10
101 |44 |1779 |7 |3/2-,1/2- |
101 |44 |1812 |2 |5/2+,9/2+ |
101 |44 |1822 |2 |5/2+,3/2+ |
101 |44 |1843.4 |10 |3/2+ |
101 |44 |1858 |2 |1/2+ |
101 |44 |1862.4 |4 |15/2+ |1.7 PS GT
101 |44 |1880.1 |10 |3/2+ |
101 |44 |1893 |7 | |
101 |44 |1936 |7 |1/2+ |
101 |44 |1961.5 |11 |(1/2,3/2) |
101 |44 |1971.0 |12 |3/2+ |
101 |44 |1997.0 |10 |3/2+,3/2- |
101 |44 |2017.0 |13 |(1/2,3/2) |
101 |44 |2017.5 |5 |(11/2to19/2) |
101 |44 |2057 |7 |1/2+ |
101 |44 |2063.4 |5 | |
101 |44 |2086.7 |10 |1/2,3/2 |
101 |44 |2100 |15 | |
101 |44 |2131 |3 |1/2-,3/2- |
101 |44 |2147 |7 |(1/2-,3/2-) |
101 |44 |2173.9 |5 |17/2+ |1.4 PS GT
101 |44 |2218 |4 | |
101 |44 |2222.7 |5 |(11/2to19/2) |
101 |44 |2244 |3 | |
101 |44 |2299 |7 |3/2+,5/2+ |
101 |44 |2317.7 |10 |1/2,3/2 |
101 |44 |2326.8 |9 | |
101 |44 |2346.0 |6 |(1/2-,3/2-) |
101 |44 |2350 |15 |(3/2+,5/2+) |
101 |44 |2377.2 |5 |17/2+ |
101 |44 |2404 |7 |3/2+,5/2+ |
101 |44 |2443 |7 |3/2+,5/2+ |
101 |44 |2459 |7 |(5/2-,7/2-) |
101 |44 |2473.2 |6 |23/2- |
101 |44 |2493 |7 |5/2+,3/2+ |
101 |44 |2544 |7 | |
101 |44 |2560.9 |9 |(1/2,3/2) |
101 |44 |2601 |3 | |
101 |44 |2601.3 |15 |5/2-,7/2- |
101 |44 |2625.5 |15 |1/2,3/2 |
101 |44 |2659.6 |9 |1/2,3/2 |
101 |44 |2694 |7 |5/2+,3/2+ |
101 |44 |2718 |7 |1/2-,3/2- |
101 |44 |2752 |7 | |
101 |44 |2768.5 |13 |1/2,3/2 |
101 |44 |2784 |7 |5/2-,7/2- |
101 |44 |2797.5 |8 |(15/2to23/2) |0.55 PS +14-7
101 |44 |2801.8 |6 |(21/2+) |
101 |44 |2815 |7 | |
101 |44 |2823.8 |5 |19/2+ |
101 |44 |2844 |7 |(5/2-,7/2-) |
101 |44 |2869 |7 | |
101 |44 |2878.4 |11 |(1/2,3/2) |
101 |44 |2885.5 |5 | |
101 |44 |2887.4 |5 |19/2+ |
101 |44 |2901 |7 | |
101 |44 |2918 |7 | |
101 |44 |2931 |7 | |
101 |44 |2977 |7 | |
101 |44 |2984.2 |6 | |
101 |44 |3019 |7 | |
101 |44 |3052.6 |4 |21/2+ |1.0 PS 4
101 |44 |3065 |7 | |
101 |44 |3083 |7 | |
101 |44 |3120 |7 | |
101 |44 |3173 |7 | |
101 |44 |3228 |7 |1/2+ |
101 |44 |3236.6 |16 |(23/2,21/2) |
101 |44 |3285.9 |13 |1/2,3/2 |
101 |44 |3290.8 |9 |(27/2+) |
101 |44 |3395.4 |11 |1/2,3/2 |
101 |44 |3443.8 |5 |23/2+ |
101 |44 |3478.1 |5 |27/2- |1.0 PS 4
101 |44 |3656.0 |11 | |
101 |44 |3681.5 |5 |25/2+ |
101 |44 |3714.0 |11 | |
101 |44 |4044.0 |12 | |
101 |44 |4140.9 |6 |(27/2+) |
101 |44 |4182.8 |5 |(27/2+) |
101 |44 |4451.2 |6 |29/2+ |
101 |44 |4613.6 |7 |31/2- |0.42 PS +21-11
101 |44 |4967.5 |7 |(31/2+) |
101 |44 |5233.2 |7 |(31/2+) |
101 |44 |5265.0 |16 |(29/2,27/2) |
101 |44 |5374.5 |15 |(29/2,31/2) |
101 |44 |5374.9 |7 |33/2+ |
101 |44 |5831.0 |7 |35/2- |
101 |44 |5902.7 |14 |(35/2,33/2) |
101 |44 |5946.4 |7 |(35/2+) |
101 |44 |6469.1 |9 |(37/2+) |
101 |44 |7076.8 |11 |(39/2+) |
101 |44 |7095.5 |9 |(39/2-) |
101 |44 |7678.9 |11 |(41/2+) |
101 |44 |8318.2 |15 |(43/2+) |
101 |44 |8432.5 |11 |(43/2-) |
101 |44 |9002.5 |13 |(45/2+) |
101 |44 |9826.2 |14 |(47/2-) |
102 |44 |0 | |0+ |STABLE
102 |44 |475.0962 |10 |2+ |18.4 PS 3
102 |44 |943.69 |5 |0+ |25 PS 4
102 |44 |1103.047 |13 |2+ |4.0 PS 5
102 |44 |1106.43 |3 |4+ |3.0 PS 5
102 |44 |1521.600 |22 |3+ |
102 |44 |1580.56 |4 |2+ |
102 |44 |1603.37 |18 |(3,4+) |
102 |44 |1799.08 |4 |4+ |
102 |44 |1837.25 |7 |0+ |
102 |44 |1873.25 |7 |6+ |1.1 PS 4
102 |44 |1968.01 |16 |(0)+ |
102 |44 |2036.73 |9 |2+ |
102 |44 |2043.393 |25 |3- |
102 |44 |2152.74 |6 | |
102 |44 |2190.0 |14 | |
102 |44 |2219.03 |9 |5+ |
102 |44 |2240.78 |12 | |
102 |44 |2261.09 |5 |2- |
102 |44 |2302.70 |11 |(4) |
102 |44 |2367.3 |7 |(3-) |
102 |44 |2373.05 |20 |5- |
102 |44 |2385.7 |11 | |
102 |44 |2420.0 |4 |(3,4+) |
102 |44 |2441.8 |3 |(3,4+) |
102 |44 |2460 |5 | |
102 |44 |2467.389 |25 | |
102 |44 |2567 |5 | |
102 |44 |2586.5 |4 |6+ |
102 |44 |2591.79 |5 | |
102 |44 |2614.74 |12 |(3,4+) |
102 |44 |2649.93 |23 |6- |
102 |44 |2676.1 |10 |(0,1,2)+ |
102 |44 |2700.5 |5 |(3,4+) |
102 |44 |2706.1 |3 |8+ |0.9 PS 3
102 |44 |2706.45 |25 |(7-) |
102 |44 |2711.15 |6 | |
102 |44 |2719.2 |4 |(3,4+) |
102 |44 |2789.84 |6 | |
102 |44 |2800.97 |9 | |
102 |44 |2814.4 |3 |(3,4+) |
102 |44 |2822.9 |11 | |
102 |44 |2877.5 |13 | |
102 |44 |2899.0 |14 | |
102 |44 |2909.1 |10 |(0,1,2)+ |
102 |44 |2913.7 |7 |(3,4+) |
102 |44 |2936.6 |4 |(7-) |
102 |44 |2942.0 |3 |(8-) |
102 |44 |2944.75 |4 | |
102 |44 |2946.1 |6 | |
102 |44 |2956.4 |17 | |
102 |44 |2967.0 |13 | |
102 |44 |3010.3 |7 |(3,4+) |
102 |44 |3035.4 |4 |7+ |
102 |44 |3056.73 |6 | |
102 |44 |3085.6 |18 | |
102 |44 |3138.5 |4 |(9-) |
102 |44 |3157.1 |21 | |
102 |44 |3234.2 |11 | |
102 |44 |3244.7 |14 | |
102 |44 |3328.2 |5 |(8-) |
102 |44 |3347.2 |26 | |
102 |44 |3388.6 |13 | |
102 |44 |3394.9 |6 |(8+) |
102 |44 |3434.2 |4 |10+ |1.7 PS 6
102 |44 |3450.4 |11 | |
102 |44 |3456.7 |4 |(9-) |
102 |44 |3468.9 |15 | |
102 |44 |3537.9 |4 |(10-) |
102 |44 |3549.1 |15 | |
102 |44 |3576.7 |14 | |
102 |44 |3680.1 |13 | |
102 |44 |3688.6 |12 | |
102 |44 |3699.6 |13 | |
102 |44 |3718.4 |11 | |
102 |44 |3733.0 |22 | |
102 |44 |3741.3 |11 | |
102 |44 |3749.3 |13 | |
102 |44 |3758.5 |10 | |
102 |44 |3772 | | |
102 |44 |3782.1 |11 | |
102 |44 |3791.3 |13 | |
102 |44 |3819.6 |5 |(11-) |
102 |44 |3840.9 |12 | |
102 |44 |3858.9 |5 |(10)+ |
102 |44 |3875.7 |16 | |
102 |44 |3885.6 |11 | |
102 |44 |3916.7 |6 |9+ |
102 |44 |3937.0 |13 | |
102 |44 |3972.9 |14 | |
102 |44 |4013.0 |7 |(10-) |
102 |44 |4033.5 |14 | |
102 |44 |4055.6 |5 |12+ |2.5 PS 7
102 |44 |4066.2 |13 | |
102 |44 |4081.0 |13 | |
102 |44 |4087.9 |13 | |
102 |44 |4113.9 |22 | |
102 |44 |4125.3 |14 | |
102 |44 |4179.1 |15 | |
102 |44 |4179.8 |13 | |
102 |44 |4183.7 |5 |(11-) |
102 |44 |4294.7 |8 |(10+) |
102 |44 |4365.1 |5 |(12-) |
102 |44 |4615 | | |
102 |44 |4710.9 |7 |(13-) |
102 |44 |4720.1 |5 |(12)+ |
102 |44 |4754.6 |8 |(11+) |
102 |44 |4808.4 |7 |14+ |0.9 PS 3
102 |44 |4839.8 |9 |(12-) |
102 |44 |5069.9 |6 |(13-) |
102 |44 |5370.4 |6 |(14-) |
102 |44 |5678.4 |6 |(14)+ |
102 |44 |5724.6 |8 |16+ |
102 |44 |5757.6 |8 |(15-) |
102 |44 |5766.6 |11 |(14-) |
102 |44 |6058.3 |8 |(15-) |
102 |44 |6080.8 |8 |(14+) |
102 |44 |6507.2 |7 |(16-) |
102 |44 |6725.4 |12 |(16-) |
102 |44 |6790.4 |8 |18+ |
102 |44 |6918.0 |9 |(17-) |
102 |44 |7000.5 |8 |(16+) |
102 |44 |7118.3 |9 |(17-) |
102 |44 |7750.4 |8 |(18-) |
102 |44 |7998.3 |9 |20+ |
102 |44 |8053.6 |8 |(18+) |
102 |44 |8125.9 |10 |(19-) |
102 |44 |8247.0 |10 |(19-) |
102 |44 |9037.3 |11 |(20-) |
102 |44 |9219.52 |10 | |
102 |44 |9248.7 |9 |(20+) |
102 |44 |9304.5 |10 |22+ |
102 |44 |9370.5 |11 |(21-) |
102 |44 |9509.7 |11 |(21-) |
102 |44 |10681.1 |12 |(23-) |
102 |44 |10708.3 |11 |24+ |
102 |44 |12221.6 |13 |(26+) |
103 |44 |0.0 | |3/2+ |39.247 D 13
103 |44 |2.81 |5 |5/2+ |
103 |44 |136.079 |3 |5/2+ |
103 |44 |174.26 |4 |1/2+ |
103 |44 |213.56 |7 |7/2+ |15 NS LT
103 |44 |238.2 |7 |11/2- |1.69 MS 7
103 |44 |297.48 |10 |(7/2)- |
103 |44 |346.38 |1 |3/2+ |
103 |44 |404.15 |10 |(7/2)+ |
103 |44 |406.08 |7 |3/2+,5/2+ |
103 |44 |432.06 |9 |1/2+ |
103 |44 |475.9 |9 | |
103 |44 |501.15 |7 |(5/2)+ |
103 |44 |535.4 |16 |(3/2+,5/2+) |
103 |44 |548.21 |12 |(1/2+) |
103 |44 |554.58 |16 |(1/2+) |
103 |44 |557.7 |4 |(9/2+) |
103 |44 |562.87 |7 |(3/2+,5/2+) |
103 |44 |568.17 |15 | |
103 |44 |591.97 |6 |(5/2)+ |
103 |44 |622.0 |5 |(5/2+) |
103 |44 |653.7 |8 |15/2- |
103 |44 |661.55 |5 |(3/2)+ |
103 |44 |697.2 |3 |7/2+,9/2+ |
103 |44 |735.2 |4 |(5/2+) |
103 |44 |736.89 |13 |1/2+ |
103 |44 |748.8 |5 |(5/2+) |
103 |44 |774.1 |3 |11/2+ |
103 |44 |774.77 |8 |(3/2+,5/2+) |
103 |44 |855 |2 | |
103 |44 |873.71 |22 |(3/2+,5/2+) |
103 |44 |903.05 |19 |( 5/2+) |
103 |44 |905.36 |13 |3/2+,5/2+ |
103 |44 |907.64 |19 |( 5/2+) |
103 |44 |911.6 |9 |(7/2+) |
103 |44 |927.24 |18 |1/2+ |
103 |44 |931.3 |5 |(3/2,5/2) |
103 |44 |940.50 |13 | |
103 |44 |954.4 |9 |(3/2) |
103 |44 |988.8 | | |
103 |44 |991.6 |5 | |
103 |44 |1004.0 |15 |3/2+,5/2+ |
103 |44 |1018.1 |8 |(5/2,7/2) |
103 |44 |1020.4 |11 |(11/2-,13/2-) |
103 |44 |1057 |5 |(7/2+,9/2+) |
103 |44 |1065.14 |10 |3/2+,5/2+,7/2+ |
103 |44 |1079.6 |9 |(7/2+,9/2+) |
103 |44 |1106.7 |7 |1/2+ |
103 |44 |1110.1 |3 |(3/2+,5/2+) |
103 |44 |1110.6 |3 |(11/2+) |
103 |44 |1133.7 |7 | |
103 |44 |1140.6 |9 |(3/2,5/2) |
103 |44 |1171.3 |7 |(1/2,3/2) |
103 |44 |1174.08 |23 |(3/2) |
103 |44 |1182 |5 |3/2+,5/2+ |
103 |44 |1199.9 |5 |(13/2+) |
103 |44 |1238 |2 |3/2+,5/2+ |
103 |44 |1250.6 |19 |3/2+,5/2+ |
103 |44 |1269.8 |9 | |
103 |44 |1288.2 |9 | |
103 |44 |1301.5 |11 |19/2- |
103 |44 |1313.6 |7 |(11/2)+ |
103 |44 |1322 |5 |9/2-,11/2- |
103 |44 |1324.2 |4 | |
103 |44 |1338 |2 | |
103 |44 |1347.12 |19 | |
103 |44 |1370 |5 | |
103 |44 |1378.4 |9 | |
103 |44 |1400.98 |12 | |
103 |44 |1431.12 |17 | |
103 |44 |1443.7 |9 |15/2+ |
103 |44 |1461 |5 | |
103 |44 |1473.8 |9 | |
103 |44 |1490.3 |19 | |
103 |44 |1558.3 |19 |3/2+,5/2+ |
103 |44 |1604.47 |15 | |
103 |44 |1642 |5 | |
103 |44 |1662 |5 |(5/2+,3/2+) |
103 |44 |1699 |5 | |
103 |44 |1717.0 |4 | |
103 |44 |1730.4 |3 | |
103 |44 |1755.3 |19 |1/2-,3/2- |
103 |44 |1780 |5 | |
103 |44 |1809 |5 |1/2+ |
103 |44 |1817 |2 | |
103 |44 |1835.88 |23 | |
103 |44 |1880.54 |20 | |
103 |44 |1892 |2 | |
103 |44 |1906.06 |23 |(3/2-,1/2-) |
103 |44 |1961.94 |18 |3/2+,5/2+ |
103 |44 |2003.6 |8 | |
103 |44 |2022 |2 | |
103 |44 |2058 |6 |(3/2+,5/2+) |
103 |44 |2082 |6 |3/2+,5/2+ |
103 |44 |2118 |6 |(5/2+,3/2+) |
103 |44 |2129.7 |9 |23/2- |
103 |44 |2131.8 |10 |19/2+ |
103 |44 |2137 |6 |(3/2+,5/2+) |
103 |44 |2167 | |7/2+,9/2+ |
103 |44 |2206.04 |19 | |
103 |44 |2217 |2 | |
103 |44 |2223.6 |4 | |
103 |44 |2232 |2 | |
103 |44 |2248 |6 | |
103 |44 |2280 |6 | |
103 |44 |2299 |2 |1/2-,3/2- |
103 |44 |2384 |2 |1/2-,3/2- |
103 |44 |2405 |6 | |
103 |44 |2443.2 |24 | |
103 |44 |2489 |6 | |
103 |44 |2507 |2 |1/2-,3/2- |
103 |44 |2515 |6 |1/2+ |
103 |44 |2520 |2 | |
103 |44 |2548 |6 |1/2-,3/2- |
103 |44 |2576.20 |24 | |
103 |44 |2627 |6 |5/2+,3/2+ |
103 |44 |2657 |6 | |
103 |44 |2679.6 |20 |23/2+ |
103 |44 |2694 |6 | |
103 |44 |2723 |6 | |
103 |44 |2960 |6 | |
103 |44 |3015 |6 | |
103 |44 |3062 |6 | |
103 |44 |3078.7 |18 |27/2- |
103 |44 |3204 |6 | |
103 |44 |3275.6 |23 |(27/2+) |
103 |44 |3325 |6 | |
103 |44 |3512 |6 | |
103 |44 |4058.6 |25 |(31/2+) |
103 |44 |4083.0 |19 |(31/2-) |
103 |44 |5028 |3 |(35/2+) |
103 |44 |5127 |2 |(35/2-) |
104 |44 |0.0 | |0+ |STABLE
104 |44 |358.02 |7 |2+ |56.4 PS 10
104 |44 |888.48 |9 |4+ |5.6 PS 6
104 |44 |893.10 |8 |2+ |5.0 PS 5
104 |44 |988.27 |17 |0+ |7.9 PS 9
104 |44 |1242.36 |9 |3+ |
104 |44 |1335 | |0+ |0.90 PS 5
104 |44 |1502.60 |10 |4+ |2.7 PS 3
104 |44 |1515.44 |9 |2+ |1.2 PS 2
104 |44 |1556.4 |3 |6+ |1.33 PS +12-4
104 |44 |1750 | |(2+) |
104 |44 |1872.39 |12 |(5+) |
104 |44 |1970.43 |10 |3- |
104 |44 |1974.8 |4 |(6-,7) |
104 |44 |2004 |5 | |
104 |44 |2034.85 |9 |2+ |
104 |44 |2080.84 |10 |4+ |0.7 PS +3-2
104 |44 |2095 | |(2+,4+) |
104 |44 |2196.6 |10 |(6+) |
104 |44 |2232.8 |3 |(5-) |
104 |44 |2269.04 |10 |(3,4) |
104 |44 |2285.07 |12 |2+ |
104 |44 |2320.4 |4 |8+ |0.56 PS +5-10
104 |44 |2329.22 |18 |(1,2,3) |
104 |44 |2373.75 |12 |(3,1) |
104 |44 |2429.85 |12 | |
104 |44 |2443 |5 | |
104 |44 |2481.90 |11 |3- |
104 |44 |2489.91 |10 | |
104 |44 |2524.28 |10 | |
104 |44 |2597.31 |16 | |
104 |44 |2600.7 |4 |(6-) |
104 |44 |2613.9 |3 |(7-) |
104 |44 |2618.97 |18 | |
104 |44 |2623.4 |10 |(7+) |
104 |44 |2627.8 |11 | |
104 |44 |2629.99 |12 | |
104 |44 |2758.1 |9 | |
104 |44 |2759.95 |16 | |
104 |44 |2823.43 |17 | |
104 |44 |2847.6 |15 |(8+) |2.1 PS +13-4
104 |44 |2861.4 |11 | |
104 |44 |2927.9 |9 |(8-) |
104 |44 |3035.9 |8 | |
104 |44 |3075.03 |11 | |
104 |44 |3075.2 |4 |(9-) |
104 |44 |3111.9 |5 |10+ |
104 |44 |3284.7 |5 |(10+) |0.26 PS +16-7
104 |44 |3333.80 |23 | |
104 |44 |3384.4 |15 | |
104 |44 |3414.42 |20 | |
104 |44 |3443.34 |14 | |
104 |44 |3472.9 |14 |(10-) |
104 |44 |3501.59 |11 | |
104 |44 |3507.32 |12 | |
104 |44 |3582.81 |14 | |
104 |44 |3583.90 |15 | |
104 |44 |3618.16 |15 | |
104 |44 |3676.74 |19 | |
104 |44 |3691.2 |5 |(11-) |
104 |44 |3713.4 |6 |(12+) |
104 |44 |3875.40 |18 | |
104 |44 |3919.45 |19 | |
104 |44 |4163.9 |17 |(12-) |
104 |44 |4170.10 |17 | |
104 |44 |4263.72 |20 | |
104 |44 |4267.70 |19 | |
104 |44 |4439.2 |7 |(14+) |
104 |44 |4443.2 |12 |(13-) |
104 |44 |5357.0 |12 |(16+) |
105 |44 |0.0 | |3/2+ |4.44 H 2
105 |44 |20.610 |13 |(5/2)+ |340 NS 15
105 |44 |107.937 |8 |5/2+ |
105 |44 |159.518 |6 |1/2+ |0.055 US 7
105 |44 |163.815 |15 |3/2+,5/2+ |55 NS 7
105 |44 |208.6 |7 |11/2- |
105 |44 |229.48 |4 |7/2+ |
105 |44 |244.41 |5 | |
105 |44 |246.373 |10 |(5/2-,3/2) |
105 |44 |272.722 |15 |(3/2,5/2+) |
105 |44 |301.68 |5 |7/2+ |
105 |44 |321.595 |17 |3/2- |
105 |44 |441.95 |4 |3/2+,5/2+ |
105 |44 |466.27 |5 |(3/2)+ |
105 |44 |490.89 |3 |(3/2)- |
105 |44 |573.9 | |(15/2-) |
105 |44 |578 |2 |5/2-,7/2- |
105 |44 |578.11 |13 |(5/2+,3/2) |
105 |44 |582.12 |6 |3/2+,5/2+ |
105 |44 |625.83 |14 |7/2+,9/2+ |
105 |44 |631.27 |7 |1/2+ |
105 |44 |644.03 |9 |(5/2,3/2) |
105 |44 |670.8 |3 |(1/2+,3/2,5/2+) |
105 |44 |725.92 |11 |(5/2-,7/2,9/2+) |
105 |44 |756.71 |12 |3/2+,5/2+ |
105 |44 |784.56 |7 |1/2- |
105 |44 |805.77 |14 |1/2+ |
105 |44 |824.33 |6 |3/2+,5/2+ |
105 |44 |841.12 |21 |7/2+,9/2+ |
105 |44 |873.43 |4 |1/2+ |
105 |44 |886.57 |6 |3/2+ |
105 |44 |903.09 |8 | |
105 |44 |914 |5 |(3/2+,5/2+) |
105 |44 |956.73 |10 |(3/2,5/2+) |
105 |44 |967.09 |20 |(1/2,3/2,5/2+) |
105 |44 |994 |5 |(3/2+,5/2+) |
105 |44 |1058.78 |14 |(3/2+,5/2,7/2+) |
105 |44 |1114 |5 |(3/2+,5/2+) |
105 |44 |1134.95 |23 | |
105 |44 |1142.7 | |(19/2-) |
105 |44 |1145 |5 |(3/2+,5/2+) |
105 |44 |1180.13 |16 |(5/2+,3/2+) |
105 |44 |1325.5 |1 |(1/2,3/2) |
105 |44 |1329.19 |17 |(1/2,3/2,5/2+) |
105 |44 |1580 |10 |(3/2+,5/2+) |
105 |44 |1693.6 |4 |(1/2,3/2,5/2+) |
105 |44 |1735.13 |18 |(1/2,3/2) |
105 |44 |1832.71 |11 |(1/2,3/2,5/2+) |
105 |44 |1843.2 |3 | |
105 |44 |1845.4 |3 |(1/2+,3/2,5/2+) |
105 |44 |1867.4 | |(23/2-) |
105 |44 |1930 |10 | |
105 |44 |2148.4 |3 |(1/2+,3/2,5/2+) |
105 |44 |2155.42 |10 | |
105 |44 |2326.7 |4 | |
105 |44 |2352.8 |4 |(1/2+,3/2,5/2+) |
105 |44 |2379.7 |4 |(1/2,3/2,5/2+) |
105 |44 |2403.6 |4 | |
105 |44 |2404.08 |20 |(1/2,3/2,5/2+) |
105 |44 |2710.6 | |(27/2-) |
105 |44 |3641.2 | |(31/2-) |
106 |44 |0.0 | |0+ |371.8 D 18
106 |44 |270.07 |4 |2+ |0.20 NS 3
106 |44 |714.69 |10 |(4+) |
106 |44 |792.31 |4 |2+ |
106 |44 |990.62 |5 |0+ |
106 |44 |1091.55 |7 |(3+) |
106 |44 |1295.8 |2 |(6+) |
106 |44 |1306.8 | |(4+) |
106 |44 |1392.21 |7 |2+ |
106 |44 |1641.1 | |(5+) |
106 |44 |1688.41 |21 | |
106 |44 |1774.37 |8 |(2+) |
106 |44 |1885.61 |9 |(2+) |
106 |44 |1907.8 | |(6+) |
106 |44 |1973.4 |4 |(8+) |
106 |44 |2151 |8 | |
106 |44 |2239.40 |7 |(1) |
106 |44 |2284.1 | |(7+) |
106 |44 |2367 |5 |(4+) |
106 |44 |2467 |10 | |
106 |44 |2485.5 | |(6-) |
106 |44 |2544.3 | |(7-) |
106 |44 |2568.7 | | |
106 |44 |2632.82 |9 |(0+) |
106 |44 |2701.43 |8 |(1) |
106 |44 |2705.0 | |10+ |
106 |44 |2728.7 | | |
106 |44 |2771 |5 |(2+) |
106 |44 |2871.2 | |(8-) |
106 |44 |2876 |10 | |
106 |44 |2931 |10 | |
106 |44 |2945.94 |15 |(1,2) |
106 |44 |2960.1 | |(8+) |
106 |44 |2999.4 | | |
106 |44 |3015.9 | | |
106 |44 |3047.13 |15 |(1) |
106 |44 |3059.53 |10 |(1) |
106 |44 |3068.0 | |(9-) |
106 |44 |3186.43 |15 |(1) |
106 |44 |3209.7 | | |
106 |44 |3259.43 |15 |(1) |
106 |44 |3364.13 |9 |(1) |
106 |44 |3423.2 | |(10-) |
106 |44 |3450.0 | |(12+) |
106 |44 |3550.98 |16 |(1) |
106 |44 |3704.7 | |(11-) |
106 |44 |3930.4 |3 |(1,2) |
106 |44 |4119.2 | |(12-) |
106 |44 |4241.0 | |(14+) |
106 |44 |4445.7 | |(13-) |
107 |44 |0.0 | |(5/2)+ |3.75 M 5
107 |44 |102.681 |22 | |10.8 NS 5
107 |44 |106.307 |22 | |33.4 NS 10
107 |44 |142.101 |23 | |
107 |44 |177.024 |21 | |1.00 NS 7
107 |44 |199.71 |6 |(7/2+) |
107 |44 |250.56 |6 |(9/2-) |
107 |44 |291.46 |4 | |
107 |44 |301.3 |6 |(11/2-) |
107 |44 |322.57 |4 | |
107 |44 |360.32 |5 | |
107 |44 |428.46 |8 |(9/2+) |
107 |44 |460.87 |5 | |
107 |44 |470.89 |7 | |
107 |44 |490.95 |6 | |
107 |44 |492.50 |7 | |0.53 NS 31
107 |44 |561.35 |5 | |0.17 NS 9
107 |44 |582.46 |6 | |
107 |44 |585.94 |5 | |
107 |44 |631.95 |6 |(13/2-) |
107 |44 |672.2 |4 |(15/2-) |
107 |44 |676.78 |20 |(11/2+) |
107 |44 |698.37 |7 | |
107 |44 |713.71 |8 | |
107 |44 |741.42 |7 | |
107 |44 |807.25 |8 | |
107 |44 |825.94 |6 | |
107 |44 |894.06 |6 | |
107 |44 |900.23 |6 | |
107 |44 |923.20 |5 | |
107 |44 |957.09 |8 | |
107 |44 |957.77 |23 |(13/2+) |
107 |44 |1076.20 |7 | |
107 |44 |1162.49 |9 | |
107 |44 |1203.6 |3 |(17/2-) |
107 |44 |1225.3 |5 |(19/2-) |
107 |44 |1241.5 |3 |(15/2+) |
107 |44 |1284.20 |6 | |
107 |44 |1486.29 |6 | |
107 |44 |1551.2 |8 |(17/2+) |
107 |44 |1555.22 |11 | |
107 |44 |1679.58 |12 | |
107 |44 |1757.33 |6 | |
107 |44 |1844.77 |22 | |
107 |44 |1870.1 |5 |(19/2+) |
107 |44 |1930.2 |4 |(21/2-) |
107 |44 |1936.7 |11 |(23/2-) |
107 |44 |2189.8 |8 |(21/2+) |
107 |44 |2555.92 |22 | |
107 |44 |2557.8 |11 |(23/2+) |
107 |44 |2679.68 |12 | |
107 |44 |2785.2 |5 |(25/2-) |
107 |44 |2786.8 |12 |(27/2-) |
107 |44 |2884.0 |9 |(25/2+) |
107 |44 |3315.1 |12 |(27/2+) |
107 |44 |3765.2 |12 |(31/2-) |
108 |44 |0.0 | |0+ |4.55 M 5
108 |44 |242.23 |4 |2+ |0.36 NS 3
108 |44 |665.10 |7 |4+ |13.4 PS 10
108 |44 |707.83 |4 |2(+) |0.10 NS 7
108 |44 |974.84 |7 |(3+) |
108 |44 |975.95 |15 |(0+) |
108 |44 |1182.97 |11 |(4+) |
108 |44 |1218.81 |21 | |
108 |44 |1240.59 |17 |6+ |
108 |44 |1249.17 |8 |(2+) |0.41 NS 27
108 |44 |1486.14 |13 | |
108 |44 |1496.14 |15 |(5+) |
108 |44 |1643.87 |8 |(4+) |
108 |44 |1741.28 |21 | |
108 |44 |1761.90 |16 |(6+) |
108 |44 |1825.75 |7 |(5+) |
108 |44 |1942.2 |3 |8+ |
108 |44 |1973.27 |16 | |
108 |44 |2002.57 |9 | |
108 |44 |2110.6 |6 |(5-) |
108 |44 |2124.95 |9 |1,2,3 |
108 |44 |2132.68 |25 |(7+) |
108 |44 |2273.0 |6 |(6-) |
108 |44 |2352.26 |17 | |
108 |44 |2419.7 |3 |(8+) |
108 |44 |2472.6 |7 |(7-) |
108 |44 |2716.1 |8 |(8-) |
108 |44 |2730.99 |13 | |
108 |44 |2740.5 |3 |10+ |
108 |44 |2843.9 |7 |(9+) |
108 |44 |2862.56 |18 | |
108 |44 |2925.11 |22 | |
108 |44 |2984.7 |7 |(9-) |
108 |44 |3097.63 |14 | |
108 |44 |3149.7 |4 |(10+) |
108 |44 |3294.2 |9 |(10-) |
108 |44 |3528.6 |4 |12+ |
108 |44 |3556.2 |10 |(11-) |
108 |44 |3569.4 |8 |(11+) |
108 |44 |3981.7 |10 |(12-) |
108 |44 |4193.6 |11 |(13-) |
108 |44 |4290.8 |5 |14+ |
108 |44 |4309.8 |9 |(13+) |
108 |44 |4774.4 |10 |(14-) |
108 |44 |4947.3 |11 |(15-) |
108 |44 |5154.4 |6 |16+ |
109 |44 |0.0 | |(5/2+) |34.5 S 10
109 |44 |68.8 |2 |(1/2+) |
109 |44 |96.2 |3 |(5/2-) |0.68 US 3
109 |44 |131.8 |2 |(7/2-) |
109 |44 |137.9 |2 | |1.44 NS 11
109 |44 |185.1 | |(7/2+) |
109 |44 |191.1 |3 | |
109 |44 |194.6 |3 | |0.20 NS 6
109 |44 |197.5 |3 | |
109 |44 |230.0 |4 |(9/2-) |
109 |44 |255.7 |2 | |
109 |44 |304.0 |4 |(11/2-) |
109 |44 |405.4 |3 | |
109 |44 |407.8 | |(9/2+) |
109 |44 |514.6 |3 | |0.16 NS 13
109 |44 |619.4 |4 |(13/2-) |
109 |44 |628.0 |3 | |
109 |44 |657.9 | |(11/2+) |
109 |44 |678.3 |5 |(15/2-) |
109 |44 |948.5 | |(13/2+) |
109 |44 |995.2 |3 | |
109 |44 |1159 |2 | |
109 |44 |1184 | |(17/2-) |
109 |44 |1219.4 |6 |(19/2-) |
109 |44 |1256.3 | |(15/2+) |
109 |44 |1268 |2 | |
109 |44 |1503 |2 | |
109 |44 |1600.5 | |(17/2+) |
109 |44 |1891 | |(21/2-) |
109 |44 |1910.1 |7 |(23/2-) |
109 |44 |1964 |2 | |
109 |44 |1967.3 | |(19/2+) |
109 |44 |2274.0 | |(21/2+) |
109 |44 |2733.1 |7 |(27/2-) |
110 |44 |0.0 | |0+ |12.04 S 17
110 |44 |240.73 |8 |2+ |0.32 NS 2
110 |44 |612.86 |8 |(2+) |0.16 NS 8
110 |44 |663.35 |9 |4+ |15.4 PS 17
110 |44 |859.96 |9 |(3+) |
110 |44 |1084.37 |11 |(4+) |
110 |44 |1137.33 |10 |(0+) |
110 |44 |1239.1 |3 |6+ |2.4 PS 10
110 |44 |1375.41 |23 |(5+) |
110 |44 |1396.42 |8 |2+ |
110 |44 |1618.37 |21 |(4+) |
110 |44 |1655.85 |10 |(2,3,4+) |
110 |44 |1684.27 |25 |(6+) |
110 |44 |1799.5 |3 |(2,3,4+) |
110 |44 |1820.49 |10 |(2,3,4+) |
110 |44 |1860.8 |3 |(5+) |
110 |44 |1883.34 |22 |(2,3,4+) |
110 |44 |1944.5 |4 |8+ |
110 |44 |1978.21 |19 |(2+,3,4+) |
110 |44 |2003.57 |22 |(2,3,4+) |
110 |44 |2016.27 |24 |(4-) |
110 |44 |2020.9 |4 |(7+) |
110 |44 |2042.39 |14 |(2,3,4) |
110 |44 |2047.03 |23 |(1,2+) |
110 |44 |2085.27 |13 |(2,3,4+) |
110 |44 |2110.8 |4 |(6+) |
110 |44 |2143.1 |3 |(1+,2,3,4+) |
110 |44 |2145.3 |3 |(5-) |
110 |44 |2152.69 |18 |(2,3,4+) |
110 |44 |2204.6 |4 |(2,3,4+) |
110 |44 |2242.8 |4 |(6-) |
110 |44 |2266.3 |4 |(2,3,4+) |
110 |44 |2328.0 |3 |(6-) |
110 |44 |2337.9 |4 |(2+,3,4+) |
110 |44 |2367.0 |5 |(2,3,4+) |
110 |44 |2397.0 |4 |(8+) |
110 |44 |2413.03 |25 | |
110 |44 |2419.6 |4 |(1,2+) |
110 |44 |2426.5 |4 |(7-) |
110 |44 |2491.4 |6 |(2,3,4+) |
110 |44 |2516.6 |4 |(7-) |
110 |44 |2552.04 |23 |(1,2+) |
110 |44 |2573.8 |7 |(2,3,4+) |
110 |44 |2637.4 |4 |(8-) |
110 |44 |2759.5 |4 |10+ |
110 |44 |2764.6 |4 |(8-) |
110 |44 |2776.9 |5 |(9+) |
110 |44 |2892.7 |4 |(9-) |
110 |44 |2942.8 |4 |(3-) |
110 |44 |3006.06 |23 |(1,2+) |
110 |44 |3019.5 |8 |(2,3,4+) |
110 |44 |3041.3 |4 |(9-) |
110 |44 |3072.2 |3 |(2,3,4+) |
110 |44 |3091.39 |14 | |
110 |44 |3113.0 |7 |(9,10+) |
110 |44 |3175.3 |5 |(10-) |
110 |44 |3193.3 |4 |(9,10+) |
110 |44 |3254.2 |6 |(10+) |
110 |44 |3337.1 |5 |(10-) |
110 |44 |3485.3 |5 |(11-) |
110 |44 |3627.1 |7 |(11+) |
110 |44 |3647.1 |6 |12+ |
110 |44 |3689.8 |5 |(11-) |
110 |44 |3700.1 |6 |(12+) |
110 |44 |3719.0 |5 |(12+) |
110 |44 |3818.6 |5 |(12-) |
110 |44 |3956.9 |8 |(12+) |
110 |44 |4038.7 |6 |(12-) |
110 |44 |4153.8 |8 |(12+) |
110 |44 |4195.5 |6 |(13-) |
110 |44 |4351.0 |7 |14+ |
110 |44 |4370.5 |6 |(14+) |
110 |44 |4446.3 |7 |(13-) |
110 |44 |4556.1 |9 |(13+) |
110 |44 |4566.4 |7 |(14-) |
110 |44 |4874.0 |8 |(14-) |
110 |44 |5010.8 |8 |(15-) |
110 |44 |5124.8 |13 |(14+) |
110 |44 |5143.0 |8 |(16+) |
110 |44 |5150.7 |8 |16+ |
110 |44 |5302.5 |9 |(15-) |
110 |44 |5412.7 |8 |(16-) |
110 |44 |5544.1 |14 |(15+) |
110 |44 |6017.4 |9 |(18+) |
110 |44 |6050.8 |10 |18+ |
110 |44 |7053.8 |14 |(20+) |
110 |44 |8159.8 |17 |(22+) |
111 |44 |0.0 | |5/2+ |2.12 S 7
111 |44 |9.7 |3 |(1/2+) |
111 |44 |39.3 |3 |(3/2+) |
111 |44 |150.17 |13 |7/2+ |
111 |44 |185.30 |20 |(5/2+) |
111 |44 |213.2 |3 |(9/2+) |
111 |44 |253.97 |14 |7/2- |14 NS
111 |44 |279.72 |17 | |
111 |44 |306.2 |3 |(7/2+) |
111 |44 |316.79 |17 |9/2- |5 NS
111 |44 |356.04 |15 |9/2+ |
111 |44 |368.80 |16 |(5/2+,7/2+,9/2+) |7.2 NS 16
111 |44 |392.44 |18 |11/2- |
111 |44 |489.4 |3 | |
111 |44 |531.3 |3 |(9/2+) |
111 |44 |542.68 |18 | |
111 |44 |571.0 |3 | |
111 |44 |581.47 |18 |11/2+ |
111 |44 |668.95 |19 |(9/2-) |
111 |44 |695.52 |21 |13/2- |
111 |44 |705.65 |19 |11/2- |
111 |44 |746.0 |3 |(11/2+) |
111 |44 |750.13 |21 |15/2- |
111 |44 |766.8 |8 | |
111 |44 |824.6 |7 | |
111 |44 |851.21 |20 |13/2+ |
111 |44 |856.40 |22 |(13/2-) |
111 |44 |863.5 |6 | |
111 |44 |1022.8 |3 |(13/2+) |
111 |44 |1026.3 |4 | |
111 |44 |1048.5 |6 | |
111 |44 |1132.40 |21 |15/2- |
111 |44 |1139.3 |3 |15/2+ |
111 |44 |1227.33 |24 |17/2- |
111 |44 |1264.4 |3 |19/2- |
111 |44 |1331.0 |4 |(15/2+) |
111 |44 |1431.85 |24 |(17/2-) |
111 |44 |1435.2 |5 | |
111 |44 |1456.6 |3 |17/2+ |
111 |44 |1640.8 |4 |(17/2+) |
111 |44 |1757.63 |24 |19/2- |
111 |44 |1805.3 |3 |19/2+ |
111 |44 |1888.3 |3 |21/2- |
111 |44 |1915.3 |3 |23/2- |
111 |44 |2029.5 |4 |(19/2+) |
111 |44 |2133.9 |10 | |
111 |44 |2152.1 |3 |21/2+ |
111 |44 |2367.5 |4 |(21/2+) |
111 |44 |2505.1 |3 |(23/2-) |
111 |44 |2561.3 |4 |23/2+ |
111 |44 |2653.8 |4 |25/2- |
111 |44 |2676.0 |4 |27/2- |
111 |44 |2809.3 |5 | |
111 |44 |2919.1 |11 |25/2+ |
111 |44 |2922.1 |4 | |
111 |44 |3178.5 |11 | |
111 |44 |3345.1 |10 | |
111 |44 |3380.3 |11 |27/2+ |
111 |44 |3391.3 |11 | |
111 |44 |3500.8 |11 |29/2- |
111 |44 |3522.0 |5 |31/2- |
111 |44 |3746.1 |15 |29/2+ |
111 |44 |4247.3 |15 |31/2+ |
111 |44 |4409.8 |15 |33/2- |
111 |44 |4439.0 |11 |35/2- |
111 |44 |4635.1 |18 |33/2+ |
111 |44 |5169.3 |18 |35/2+ |
111 |44 |5377.8 |18 |37/2- |
111 |44 |5409.0 |15 |39/2- |
111 |44 |6413.1 |18 |43/2- |
111 |44 |6437.8 |20 |41/2- |
111 |44 |7497.1 |21 |47/2- |
111 |44 |7543.9 |23 |45/2- |
112 |44 |0.0 | |0+ |1.75 S 7
112 |44 |236.69 |16 |2+ |0.32 NS 3
112 |44 |523.51 |16 |2+ |
112 |44 |644.97 |20 |4+ |
112 |44 |747.48 |18 |3+ |
112 |44 |980.68 |18 |4+ |
112 |44 |1026.7 |5 | |
112 |44 |1179.4 |5 | |
112 |44 |1189.79 |24 |6+ |
112 |44 |1235.34 |21 |5+ |
112 |44 |1413.6 |3 |(4+) |
112 |44 |1570.2 |3 |6+ |
112 |44 |1649.5 |4 |(5+) |
112 |44 |1839.7 |3 |8+ |1.84 PS 28
112 |44 |1841.1 |3 |7+ |2.50 PS 35
112 |44 |1955.7 |4 |(6+) |
112 |44 |1995.1 |3 |(4-) |
112 |44 |2003.3 |3 |(5-) |1 NS LT
112 |44 |2147.9 |4 |(5-) |
112 |44 |2230.3 |3 |(6-) |
112 |44 |2231.3 |5 |(7+) |
112 |44 |2263.5 |5 |8+ |
112 |44 |2334.3 |4 |(6-) |1 NS LT
112 |44 |2392.0 |5 | |
112 |44 |2489.3 |3 |(7-) |
112 |44 |2534.2 |4 |9+ |1.23 PS 18
112 |44 |2563.0 |4 |10+ |1.05 PS 16
112 |44 |2574.3 |4 |(7-) |
112 |44 |2574.6 |6 |(8+) |
112 |44 |2771.8 |4 |(8-) |
112 |44 |2829.4 |5 |(8-) |
112 |44 |2899.9 |5 | |
112 |44 |2909.2 |7 |(9+) |
112 |44 |3033.6 |7 |10+ |
112 |44 |3076.6 |4 |(9-) |
112 |44 |3094.2 |4 |(9-) |
112 |44 |3290.5 |7 |11+ |0.78 PS 11
112 |44 |3326.2 |6 |12+ |0.93 PS 9
112 |44 |3379.9 |5 |(10-) |
112 |44 |3420.9 |5 |(10-) |
112 |44 |3519.8 |7 | |
112 |44 |3711.7 |5 |(11-) |
112 |44 |3768.7 |5 |(11-) |
112 |44 |3870.9 |9 |12+ |
112 |44 |4032.6 |7 |(12-) |
112 |44 |4095.4 |8 |13+ |
112 |44 |4118.4 |8 |14+ |1.6 PS 3
112 |44 |4198.8 |6 |(12-) |
112 |44 |4213.4 |9 | |
112 |44 |4428.5 |7 |(13-) |
112 |44 |4561.8 |7 |(13-) |
112 |44 |4764.2 |10 |14+ |
112 |44 |4769.7 |6 |(14-) |
112 |44 |4788.9 |13 |(14+) |
112 |44 |4950.7 |10 |15+ |
112 |44 |4954.6 |10 |16+ |
112 |44 |5072.9 |8 |(14-) |
112 |44 |5228.0 |9 |(15-) |
112 |44 |5700.8 |7 |(16+) |
112 |44 |5830.0 |11 |18+ |
112 |44 |5857.4 |11 |17+ |
112 |44 |6725.4 |12 |(20+) |
112 |44 |6800.4 |15 |(19+) |
112 |44 |7749.3 |13 |(22+) |
113 |44 |0.0 | |(1/2+) |0.80 S 5
113 |44 |98.4 |3 |(3/2+) |
113 |44 |164.2 |6 |(5/2+) |
113 |44 |295.0 |6 |(5/2+,7/2+) |
113 |44 |433.7 |7 | |
113 |44 |688.2 |7 | |
113 |44 |963.1 |12 | |
113 |44 |1618.6 |10 | |
113 |44 |0+X | |(7/2-) |510 MS 30
113 |44 |113.36+X |24 |(9/2-) |
113 |44 |130.44+X |24 |(11/2-) |
113 |44 |392.5+X |3 |(13/2-) |
113 |44 |546.5+X |3 |(15/2-) |
113 |44 |952.4+X |4 |(17/2-) |
113 |44 |1008.8+X |4 |(19/2-) |
113 |44 |1805.6+X |5 |(23/2-) |
113 |44 |2610.2+X |6 |(27/2-) |
113 |44 |3482.2+X |7 |(31/2-) |
114 |44 |0.0 | |0+ |0.54 S 3
114 |44 |265.19 |17 |2+ |
114 |44 |563.31 |17 |(2+) |
114 |44 |708.2 |3 |(4+) |
114 |44 |828.50 |25 |(3+) |
114 |44 |1056.1 |4 |( 3) |
114 |44 |1081.9 |5 |(4+) |
114 |44 |1298.8 |4 |(6+) |
114 |44 |1372.5 |4 |(5+) |
114 |44 |1578.5 |6 |(4+) |
114 |44 |1602.4 |6 |( 3) |
114 |44 |1761.4 |7 |(6+) |
114 |44 |1813.6 |5 |(5+) |
114 |44 |1883.1 |5 |(2+) |
114 |44 |2007.9 |6 |(8+) |
114 |44 |2057.1 |6 |(7+) |
114 |44 |2068.7 |10 |( 3) |
114 |44 |2792.4 |8 |(10+) |
114 |44 |2832.3 |8 |(9+) |
114 |44 |3573.4 |10 |12+ |
114 |44 |4319.5 |11 |14+ |
115 |44 |0.0 | |(3/2+) |318 MS 19
115 |44 |61.7 | |(5/2+) |
115 |44 |61.7+X | |(9/2-) |76 MS 6
116 |44 |0 | |0+ |204 MS 6
116 |44 |292.43 |21 |(2+) |
116 |44 |614.30 |23 |(2+) |
116 |44 |760.1 |4 |(4+) |
116 |44 |910.9 |3 |(3+) |
116 |44 |1150.1 |3 |(4+) |
116 |44 |1375.7 |5 |(6+) |
116 |44 |1467.9 |4 |(5+) |
116 |44 |1476.5 |3 |(4+) |
116 |44 |1502.5 |4 | |
116 |44 |1760.7 |4 | |
116 |44 |1836.7 |5 |(6+) |
116 |44 |1850.4 |5 | |
116 |44 |1867.4 |4 |(5+) |
116 |44 |2166.4 |6 | |
117 |44 |0.0 | | |151 MS 3
117 |44 |57.7 |4 | |
117 |44 |102.7 |4 | |
117 |44 |185.0 |4 | |2.487 US +58-55
118 |44 |0 | |0+ |99 MS 3
118 |44 |327.6 |3 |(2+) |
118 |44 |647.8 |4 |(2+) |
118 |44 |809.9 |4 |(4+) |
118 |44 |921.1 |4 |(3+) |
118 |44 |1180.5 |5 |(4+) |
118 |44 |1415.6 |5 |(6+) |
119 |44 |0.0 | | |69.5 MS 20
119 |44 |136.3 |5 | |
119 |44 |227.1 |7 | |0.383 US +22-21
120 |44 |0 | |0+ |45 MS 2
121 |44 |0 | | |29 MS 2
122 |44 |0 | |0+ |25 MS 1
123 |44 |0 | | |19 MS 2
124 |44 |0 | |0+ |15 MS 3
