91 |46 |0.0 | | |
92 |46 |0.0 | |0+ |1.0 S +3-2
92 |46 |873.6 |2 |(2+) |
92 |46 |1786.0 |3 |(4+) |
92 |46 |2535.8 |5 |(6+) |
93 |46 |0.0 | |(9/2+) |1.00 S 9
93 |46 |983.5 |3 |(13/2+) |
93 |46 |1870.8 |5 |(15/2+) |
93 |46 |2079.3 |5 |(17/2+) |
93 |46 |2232.2 |5 |(17/2+) |
93 |46 |2428.5 |6 |(19/2+) |
93 |46 |2595.5 |6 |(21/2+) |
93 |46 |2870.9 |7 |(25/2+) |
93 |46 |3386.0 |11 |(25/2-,27/2-) |
93 |46 |3735.1 |11 |(29/2-,31/2-) |
93 |46 |3863.2 |8 |(29/2+) |
93 |46 |4138.7 |11 |(29/2-,31/2-) |
93 |46 |4752.7 |15 |(33/2-,35/2-) |
93 |46 |4995.6 |9 |(33/2+) |
93 |46 |5649.0 |10 |(37/2+) |
93 |46 |6994.9 |11 |(39/2+) |
93 |46 |7280.8 |12 |(41/2+) |
93 |46 |7662.9 |12 |(45/2+) |
94 |46 |0 | |0+ |9.0 S 5
94 |46 |813.80 |10 |2+ |
94 |46 |1719.11 |14 |(4+) |
94 |46 |2378.13 |17 |(6+) |
94 |46 |2536.6 |7 |(5-) |
94 |46 |2697.60 |17 |(6+) |
94 |46 |2702.13 |20 |(8+) |
94 |46 |3049.13 |22 |(8+) |
94 |46 |3064.3 |3 |(6+) |
94 |46 |3794.04 |22 |(10+) |
94 |46 |4661.0 |10 | |
94 |46 |4787.5 |3 |(12+) |
94 |46 |4883.1 |4 |(14+) |0.53 US 1
94 |46 |5291.3 |4 |(15+) |
94 |46 |5558.9 |5 |(16+) |
94 |46 |7103.5 |5 |(18+) |
95 |46 |0.0 | |(9/2+) |5 S 3
95 |46 |1261.80 |8 |(11/2+) |
95 |46 |1351.12 |9 |(13/2+) |
95 |46 |1686.00 |8 |(7/2+,9/2+,11/2+) |
95 |46 |1800.78 |10 |(7/2+,9/2+,11/2+) |
95 |46 |1875.13 |14 |(21/2+) |13.3 S 3
95 |46 |1878.5 |8 |(17/2+) |
95 |46 |1973.02 |21 |(15/2+) |
95 |46 |2024.93 |9 | |
95 |46 |2201.5 |7 |(17/2-) |
95 |46 |2266.80 |22 | |
95 |46 |2283.50 |15 | |
95 |46 |2405.94 |16 | |
95 |46 |2488.06 |15 | |
95 |46 |2565.78 |23 |(23/2+) |
95 |46 |2570.78 |15 |(7/2+,9/2+,11/2+) |
95 |46 |2677.5 |9 |(19/2-) |
95 |46 |2696.1 |3 |(25/2+) |
95 |46 |2700.67 |15 | |
95 |46 |2733.5 |3 | |
95 |46 |2940.18 |15 | |
95 |46 |3408.9 |3 | |
95 |46 |3606.7 |10 |(21/2-) |
95 |46 |3903.9 |7 |(23/2-) |
95 |46 |4070.5 |3 |(29/2+) |
95 |46 |4076.2 |7 |(27/2+) |
95 |46 |4330.9 |4 |(31/2-) |12 NS 3
95 |46 |4361.9 |7 |(27/2-) |
95 |46 |4395.4 |12 |(25/2-) |
95 |46 |4750.5 |4 |(33/2+) |
95 |46 |4893.6 |16 |(29/2-) |
95 |46 |4960.1 |11 |(31/2+) |
95 |46 |6418.8 |4 |(33/2-,35/2-) |
95 |46 |7497.5 |4 |(35/2+,37/2+) |
95 |46 |8529.7 |5 |(35/2-:39/2) |
95 |46 |9015.4 |5 |(41/2+) |
95 |46 |9480.5 |6 | |
95 |46 |9594.8 |11 | |
95 |46 |10036.5 |6 | |
95 |46 |10418.5 |8 | |
96 |46 |0.0 | |0+ |122 S 2
96 |46 |1415.31 |10 |2+ |
96 |46 |2099.01 |14 |(4+) |
96 |46 |2391.4 |3 | 4 |
96 |46 |2424.19 |17 |(6+) |7.5 NS 10
96 |46 |2530.57 |23 |(8+) |2.10 US 21
96 |46 |2648.70 |21 |(5-) |
96 |46 |3184.0 |3 |(7+) |
96 |46 |3724.7 |3 |(4+to8+) |
96 |46 |3783.6 |3 |(10+) |
96 |46 |4573.6 |4 |(12+) |
96 |46 |4710.6 |3 |(6+to9+) |
96 |46 |5282.4 |3 | |
96 |46 |6728.7 |11 |(13+) |
97 |46 |0.0 | |(5/2+) |3.10 M 9
97 |46 |686.62 |3 |(7/2+) |
97 |46 |774.97 |7 |(1/2+) |
97 |46 |1043.71 |5 |(7/2+) |
97 |46 |1294.61 |4 |(9/2+) |
97 |46 |1469.9 |5 | |
97 |46 |1537.67 |4 |(7/2+,9/2+) |
97 |46 |1631.0 |5 | |
97 |46 |1712.01 |8 |(5/2+) |
97 |46 |1782.30 |6 |(5/2+) |
97 |46 |1881.57 |4 |(13/2+) |
97 |46 |1925.2 |5 | |
97 |46 |1936.01 |11 | |
97 |46 |1943.46 |4 |(11/2+) |
97 |46 |1998.67 |5 |(5/2+,7/2+,9/2+) |
97 |46 |2116.95 |4 |(7/2+,9/2+) |
97 |46 |2131.65 |9 | |
97 |46 |2134.63 |4 |(7/2+,9/2+) |
97 |46 |2137.4 |3 | |
97 |46 |2141.10 |4 |(13/2+) |
97 |46 |2174.76 |7 |(5/2+,7/2+,9/2+) |
97 |46 |2176.22 |4 |(9/2+) |
97 |46 |2231.54 |4 |(11/2+,13/2+) |
97 |46 |2244.21 |8 |(17/2+) |2.3 NS 5
97 |46 |2283.41 |6 |(5/2+) |
97 |46 |2344.81 |5 |(7/2+,9/2+) |
97 |46 |2371.64 |6 |(15/2+) |
97 |46 |2375.75 |5 |(9/2+,11/2+,13/2+) |
97 |46 |2376.62 |5 |(5/2+,7/2+,9/2+) |
97 |46 |2395.68 |5 |(11/2+) |
97 |46 |2417.07 |11 | |
97 |46 |2446.87 |21 | |
97 |46 |2469.05 |17 |(19/2+) |
97 |46 |2481.88 |8 |(13/2+) |
97 |46 |2495.98 |8 |(7/2+,9/2+) |
97 |46 |2500.35 |8 |(15/2+) |
97 |46 |2505.97 |4 |(9/2+) |
97 |46 |2515.2 |3 | |
97 |46 |2583.27 |8 | |
97 |46 |2587.61 |5 |(13/2+) |
97 |46 |2604.92 |6 | |
97 |46 |2622.73 |5 |(11/2+,13/2+) |
97 |46 |2639.78 |24 |(21/2+) |
97 |46 |2679.53 |5 |(9/2+,11/2+) |
97 |46 |2689.92 |14 | |
97 |46 |2763.80 |12 | |
97 |46 |2783.92 |11 | |
97 |46 |2799.30 |7 |(5/2+,7/2+,9/2+) |
97 |46 |2808.00 |10 | |
97 |46 |2831.02 |6 |(9/2+,11/2+,13/2+) |
97 |46 |2842.84 |6 | |
97 |46 |2881.79 |6 |(9/2+,11/2+) |
97 |46 |2882.68 |25 | |
97 |46 |2884.50 |21 | |
97 |46 |2890.00 |5 |(11/2+) |
97 |46 |2893.21 |12 | |
97 |46 |2923.71 |21 | |
97 |46 |2961.51 |17 |(9/2+,11/2+,13/2+) |
97 |46 |3001.56 |7 |(13/2+) |
97 |46 |3005.5 |5 | |
97 |46 |3010.02 |8 |(7/2+,9/2+,11/2+) |
97 |46 |3018.4 |3 | |
97 |46 |3023.5 |5 | |
97 |46 |3029.17 |4 |(9/2+) |
97 |46 |3066.31 |21 | |
97 |46 |3067.9 |4 | |
97 |46 |3086.48 |21 | |
97 |46 |3097.27 |11 | |
97 |46 |3101.55 |6 |(7/2+,9/2+) |
97 |46 |3105.52 |22 |(13/2+,15/2+) |
97 |46 |3118.3 |12 | |
97 |46 |3147.74 |21 | |
97 |46 |3156.97 |6 |(9/2+,11/2+) |
97 |46 |3192.43 |8 |(9/2+,11/2+) |
97 |46 |3209.00 |6 |(13/2+) |
97 |46 |3226.58 |11 | |
97 |46 |3251.6 |6 |(23/2) |
97 |46 |3280.26 |15 |(5/2+,7/2+,9/2+) |
97 |46 |3295.69 |5 |(11/2+) |
97 |46 |3303.6 |3 | |
97 |46 |3329.79 |7 | |
97 |46 |3351.11 |5 |(11/2+) |
97 |46 |3353.75 |6 |(7/2+,9/2+) |
97 |46 |3362.33 |10 | |
97 |46 |3373.53 |6 |(9/2+) |
97 |46 |3382.80 |5 |(7/2+,9/2+) |
97 |46 |3406.8 |4 | |
97 |46 |3429.44 |21 | |
97 |46 |3434.16 |21 | |
97 |46 |3473.12 |6 |(7/2+,9/2+,11/2+) |
97 |46 |3496.04 |25 |(7/2+,9/2+) |
97 |46 |3502.99 |8 |(7/2+,9/2+,11/2+) |
97 |46 |3548.67 |11 | |
97 |46 |3558.41 |8 |(9/2+,11/2+) |
97 |46 |3577.12 |6 |(9/2+,11/2+) |
97 |46 |3578.1 |6 |(21/2+) |
97 |46 |3591.02 |8 |(9/2+,11/2+) |
97 |46 |3622.08 |11 | |
97 |46 |3626.29 |11 |(7/2+,9/2+,11/2+) |
97 |46 |3676.0 |4 |(21/2+,23/2+) |
97 |46 |3686.57 |18 | |
97 |46 |3704.77 |21 | |
97 |46 |3712.77 |22 | |
97 |46 |3739.98 |4 |(11/2+) |
97 |46 |3759.39 |21 | |
97 |46 |3763.27 |9 |(7/2+,9/2+) |
97 |46 |3775.6 |8 | |
97 |46 |3781.9 |3 | |
97 |46 |3790.46 |5 |(7/2+,9/2+,11/2+) |
97 |46 |3810.7 |3 |(25/2+) |
97 |46 |3814.7 |3 | |
97 |46 |3827.79 |6 |(7/2+,9/2+,11/2+) |
97 |46 |3841.98 |21 | |
97 |46 |3856.46 |10 | |
97 |46 |3858.65 |11 | |
97 |46 |3865.42 |11 |(9/2+,11/2+) |
97 |46 |3925.56 |12 |(9/2+) |
97 |46 |3953.9 |3 |(5/2+,7/2+,9/2+) |
97 |46 |3967.5 |4 | |
97 |46 |3983.25 |5 |(9/2+) |
97 |46 |4013.61 |16 |(7/2+,9/2+) |
97 |46 |4019.10 |5 |(9/2+,11/2+) |
97 |46 |4040.19 |5 |(7/2+,9/2+) |
97 |46 |4053.03 |7 |(7/2+,9/2+,11/2+) |
97 |46 |4068.51 |17 | |
97 |46 |4105.34 |7 |(7/2+,9/2+) |
97 |46 |4123.24 |9 |(9/2+) |
97 |46 |4125.47 |6 |(11/2+) |
97 |46 |4142.66 |8 |(9/2+,11/2+) |
97 |46 |4176.9 |4 | |
97 |46 |4193.78 |16 |(7/2+,9/2+,11/2+) |
97 |46 |4219.13 |8 |(7/2+,9/2+) |
97 |46 |4256.1 |3 | |
97 |46 |4264.39 |10 |(11/2+) |
97 |46 |4265.92 |7 |(9/2+) |
97 |46 |4285.65 |5 |(7/2+,9/2+) |
97 |46 |4318.59 |5 |(7/2+,9/2+) |
97 |46 |4337.0 |4 | |
97 |46 |4339.2 |3 | |
97 |46 |4354.50 |25 |(7/2+,9/2+,11/2+) |
97 |46 |4374.74 |13 |(7/2+,9/2+) |
97 |46 |4385.80 |21 | |
97 |46 |4413.49 |12 |(7/2+,9/2+,11/2+) |
97 |46 |4420.2 |4 | |
97 |46 |4430.49 |18 |(7/2+,9/2+,11/2+) |
97 |46 |4435.82 |25 |(7/2+,9/2+,11/2+) |
97 |46 |4451.5 |3 |(7/2+,9/2+,11/2+) |
97 |46 |4464.96 |5 |(9/2+) |
97 |46 |4532.3 |3 | |
97 |46 |4548.8 |6 | |
97 |46 |4618.4 |3 | |
97 |46 |4636.8 |5 |(29/2+) |
97 |46 |4645.7 |4 | |
97 |46 |4729.4 |7 | |
97 |46 |4820.9 |5 |(31/2) |
97 |46 |4915.3 |4 |(7/2+,9/2+,11/2+) |
97 |46 |4915.7 |6 | |
97 |46 |4992.9 |3 |(7/2+,9/2+,11/2+) |
97 |46 |5004.83 |22 |(7/2+,9/2+,11/2+) |
97 |46 |5042.5 |4 |(7/2+,9/2+,11/2+) |
97 |46 |5086.2 |4 |(7/2+,9/2+,11/2+) |
97 |46 |5150.9 |5 |(7/2+,9/2+,11/2+) |
97 |46 |5238.1 |3 | |
97 |46 |5256.1 |8 |(7/2+,9/2+,11/2+) |
97 |46 |5280.2 |7 |(7/2+,9/2+,11/2+) |
97 |46 |5326.3 |7 |(7/2+,9/2+,11/2+) |
97 |46 |5535.8 |7 | |
97 |46 |5887.8 |6 |(33/2+) |
97 |46 |6313.3 |6 | |
97 |46 |6541.0 |7 | |
97 |46 |7523.0 |8 | |
98 |46 |0.0 | |0+ |17.7 M 3
98 |46 |862.89 |10 |2+ |
98 |46 |1541.40 |13 |4+ |
98 |46 |1966.21 |14 | |
98 |46 |2112.49 |13 |(6+) |
98 |46 |2242 |17 | |
98 |46 |2289.32 |13 | |
98 |46 |2408.12 |13 | |
98 |46 |2564.28 |13 |(5,6+) |
98 |46 |2617.00 |14 |(5,6+) |
98 |46 |2620.08 |15 |(5-) |
98 |46 |2724.54 |13 |(5,6+) |
98 |46 |2767.10 |16 | |
98 |46 |2773.26 |13 |(8+) |
98 |46 |2784.24 |16 | |
98 |46 |3003.73 |21 | |
98 |46 |3009.06 |13 |(5,6+) |
98 |46 |3021.80 |24 | |
98 |46 |3076.68 |13 | |
98 |46 |3091.58 |14 | |
98 |46 |3117.68 |24 | |
98 |46 |3125.28 |13 |(5,6+) |
98 |46 |3173.09 |18 | |
98 |46 |3219.45 |13 |(6+,7) |
98 |46 |3345.36 |13 |(5,6+) |
98 |46 |3347.99 |25 | |
98 |46 |3349.35 |19 | |
98 |46 |3378.46 |18 |(7-) |
98 |46 |3401.68 |16 | |
98 |46 |3440.75 |14 |(5,6+) |
98 |46 |3489.04 |24 |(6+,7) |
98 |46 |3553.39 |14 | |
98 |46 |3582.6 |4 | |
98 |46 |3601.60 |13 |(5,6+) |
98 |46 |3633.57 |14 | |
98 |46 |3644.6 |2 |(10+) |
98 |46 |3708.94 |16 | |
98 |46 |3740.14 |24 | |
98 |46 |3752.84 |15 |(9+) |
98 |46 |3759.93 |14 | |
98 |46 |3763.43 |14 | |
98 |46 |3816.67 |16 | |
98 |46 |3853.11 |13 |(5,6+) |
98 |46 |3893.81 |18 | |
98 |46 |3905.49 |14 | |
98 |46 |3928.10 |24 | |
98 |46 |3951.15 |14 | |
98 |46 |3965.41 |14 | |
98 |46 |3969.42 |14 |(5,6+) |
98 |46 |3976.45 |14 | |
98 |46 |3988.4 |4 |(10+) |
98 |46 |3991.92 |25 | |
98 |46 |4050.73 |15 |(6+,7) |
98 |46 |4081.77 |14 | |
98 |46 |4090.86 |15 | |
98 |46 |4092.2 |4 | |
98 |46 |4105.38 |24 | |
98 |46 |4124.79 |21 | |
98 |46 |4136.3 |4 | |
98 |46 |4145.5 |4 |(9-) |
98 |46 |4152.71 |13 |(+) |
98 |46 |4164.48 |24 | |
98 |46 |4181.35 |14 |(5,6+) |
98 |46 |4186.9 |4 |(10+) |
98 |46 |4222.16 |13 |(+) |
98 |46 |4265.66 |14 |(5+,6+) |
98 |46 |4278.32 |17 |(6+,7) |
98 |46 |4284.90 |14 |(5+,6+) |
98 |46 |4291.73 |24 | |
98 |46 |4314.90 |24 | |
98 |46 |4321.69 |14 | |
98 |46 |4332.28 |16 |(6+,7) |
98 |46 |4353.66 |15 | |
98 |46 |4365.1 |4 |(11+) |
98 |46 |4373.70 |16 | |
98 |46 |4388.62 |15 | |
98 |46 |4406.25 |16 | |
98 |46 |4411.10 |17 |(6+,7) |
98 |46 |4412.68 |16 | |
98 |46 |4417.55 |15 | |
98 |46 |4445.09 |24 | |
98 |46 |4446.7 |8 |(12+) |
98 |46 |4464.42 |15 |(5,6+) |
98 |46 |4500.59 |19 | |
98 |46 |4515.41 |19 | |
98 |46 |4522.32 |22 | |
98 |46 |4541.95 |24 | |
98 |46 |4542.77 |14 | |
98 |46 |4559.66 |13 |(5+,6+) |
98 |46 |4599.02 |17 | |
98 |46 |4608.89 |17 | |
98 |46 |4611.4 |5 | |
98 |46 |4615.23 |16 | |
98 |46 |4638.04 |15 | |
98 |46 |4640.8 |6 |(11-) |
98 |46 |4664.96 |25 | |
98 |46 |4675.8 |5 |(12+) |
98 |46 |4691.49 |20 | |
98 |46 |4718.43 |24 |(6+,7) |
98 |46 |4756.39 |17 | |
98 |46 |4767.10 |15 |(6+,7) |
98 |46 |4813.60 |24 | |
98 |46 |4845.6 |5 | |
98 |46 |4847.39 |13 |(6+,7+) |
98 |46 |4877.60 |22 | |
98 |46 |4887.97 |24 | |
98 |46 |4891.62 |14 |(6+,7) |
98 |46 |4918.51 |23 | |
98 |46 |4929.8 |4 | |
98 |46 |4931.2 |4 | |
98 |46 |4961.00 |21 | |
98 |46 |5009.41 |17 |(5,6+) |
98 |46 |5051.55 |15 |(6+) |
98 |46 |5059.88 |14 |(5+,6+) |
98 |46 |5062.07 |17 | |
98 |46 |5131.15 |19 | |
98 |46 |5173.67 |14 |(5+,6+) |
98 |46 |5181.93 |22 | |
98 |46 |5206.59 |17 |(+) |
98 |46 |5207.81 |18 | |
98 |46 |5212.9 |4 | |
98 |46 |5236.79 |16 |(+) |
98 |46 |5248.49 |18 | |
98 |46 |5269.14 |25 | |
98 |46 |5283.08 |21 | |
98 |46 |5287.00 |19 | |
98 |46 |5304.09 |16 |(5+,6+) |
98 |46 |5314.40 |19 |(6+,7) |
98 |46 |5352.6 |5 | |
98 |46 |5399.85 |24 | |
98 |46 |5416.99 |22 | |
98 |46 |5436.4 |6 |(5,6+) |
98 |46 |5450.69 |21 | |
98 |46 |5464.1 |8 |(13+) |
98 |46 |5477.41 |17 |(5+,6+) |
98 |46 |5487.28 |15 |(5+,6+) |
98 |46 |5505 |1 | |
98 |46 |5505.7 |5 | |
98 |46 |5507.57 |18 |(+) |
98 |46 |5509.1 |4 | |
98 |46 |5536.58 |24 | |
98 |46 |5574.0 |5 | |
98 |46 |5575.3 |3 | |
98 |46 |5576.7 |3 | |
98 |46 |5583.5 |7 | |
98 |46 |5585.3 |3 | |
98 |46 |5619.8 |4 | |
98 |46 |5628.2 |7 | |
98 |46 |5699.4 |8 |(14+) |
98 |46 |5706.5 |6 | |
98 |46 |5708.7 |5 | |
98 |46 |5716.2 |3 | |
98 |46 |5717.92 |18 |(5+,6+) |
98 |46 |5723.1 |5 | |
98 |46 |5735.3 |7 |(12-) |
98 |46 |5756.15 |24 |(+) |
98 |46 |5779.1 |4 | |
98 |46 |5815.02 |22 |(5+,6+) |
98 |46 |5817.6 |5 | |
98 |46 |5833.88 |16 |(+) |
98 |46 |5845.4 |6 | |
98 |46 |5852.45 |21 |(5+,6+) |
98 |46 |5858.7 |6 |(14+) |
98 |46 |5883.98 |18 |(+) |
98 |46 |5902.1 |8 | |
98 |46 |5937.68 |17 |(+) |
98 |46 |5951.7 |7 | |
98 |46 |5964.08 |16 |(6+,7+) |
98 |46 |5971.5 |4 | |
98 |46 |5982.71 |23 |(5,6+) |
98 |46 |5983.0 |7 |(13-) |
98 |46 |5999.75 |23 |(5+,6+) |
98 |46 |6047.43 |25 |(+) |
98 |46 |6062.2 |5 | |
98 |46 |6085.1 |5 | |
98 |46 |6097.17 |25 | |
98 |46 |6108.5 |7 | |
98 |46 |6141.1 |5 | |
98 |46 |6143.3 |5 | |
98 |46 |6186.9 |5 | |
98 |46 |6200.2 |4 | |
98 |46 |6230.7 |8 | |
98 |46 |6262.7 |3 |(5+,6+) |
98 |46 |6316.1 |4 | |
98 |46 |6319.9 |8 |(14) |
98 |46 |6350.4 |6 | |
98 |46 |6424.3 |7 | |
98 |46 |6450.2 |7 | |
98 |46 |6626.4 |10 |(15+) |
98 |46 |6749.4 |10 |(16+) |
98 |46 |6802.7 |9 |(15+) |
98 |46 |7158.4 |9 |(15) |
98 |46 |7232.6 |9 |(15) |
98 |46 |7346.9 |10 |(16+) |
98 |46 |7866 |1 | |
98 |46 |8340 |1 |(17+) |
98 |46 |8507.2 |10 |(18+) |
98 |46 |8613.4 |10 | |
98 |46 |9135 |2 | |
98 |46 |10863 |2 | |
99 |46 |0.0 | |(5/2)+ |21.4 M 2
99 |46 |219.81 |8 |(3/2)+ |
99 |46 |264.26 |4 |(7/2)+ |
99 |46 |463.77 |6 |(3/2+) |
99 |46 |555.4 |10 |(5/2,7/2) |
99 |46 |686.93 |5 |(5/2)+ |
99 |46 |815.25 |5 |(7/2)+ |
99 |46 |816.09 |9 |(7/2+) |
99 |46 |832.37 |4 |(9/2)+ |
99 |46 |1069.66 |11 |(11/2)+ |
99 |46 |1102.72 |5 |(9/2)+ |
99 |46 |1182.81 |20 |(3/2,5/2)+ |
99 |46 |1420.3 |10 | |
99 |46 |1423.48 |16 |(5/2-,7/2,9/2+) |
99 |46 |1468.32 |6 |(11/2)+ |
99 |46 |1540.38 |5 |(9/2)+ |
99 |46 |1649.7 |7 |(13/2)+ |
99 |46 |1696.61 |10 |(9/2+) |
99 |46 |1718.83 |23 |(15/2)+ |
99 |46 |1849.65 |15 |(7/2,9/2+) |
99 |46 |1853.92 |21 |(9/2+) |
99 |46 |1911.56 |19 |(7/2,9/2,11/2) |
99 |46 |2007.06 |18 |(7/2,9/2) |
99 |46 |2017.6 |7 |11/2(-) |
99 |46 |2062.5 | | |
99 |46 |2137.64 |10 |(7/2+,9/2+,11/2+) |
99 |46 |2145.30 |20 |(11/2) |
99 |46 |2171.50 |14 |(7/2+,9/2+,11/2+) |
99 |46 |2205.7 |11 |(11/2)+ |
99 |46 |2239.8 |5 |(7/2,9/2,11/2+) |
99 |46 |2263.53 |17 |(7/2,9/2+) |
99 |46 |2268.9 |7 |(7/2+) |
99 |46 |2332.75 |21 |(7/2,9/2,11/2+) |
99 |46 |2426.2 |8 |(13/2+) |
99 |46 |2437.3 | | |
99 |46 |2481.7 |13 | |
99 |46 |2486.17 |23 |(7/2+,9/2+,11/2+) |
99 |46 |2509.3 |13 |(17/2)+ |
99 |46 |2599.3 |6 |(19/2)+ |
99 |46 |2601.57 |15 |(7/2+,9/2+,11/2+) |
99 |46 |2740.0 | | |
99 |46 |3209.4 |4 |(7/2+,9/2+,11/2+) |
99 |46 |3307.0 |11 |(19/2+) |
99 |46 |3446.1 |4 |(7/2+,9/2+,11/2+) |
99 |46 |3510.1 |6 |(23/2)+ |
99 |46 |3515.3 |12 |(17/2+) |
99 |46 |3572.4 | | |
99 |46 |3594.3 |10 |(7/2+,9/2+,11/2+) |
99 |46 |4003.8 |6 |(25/2+) |
99 |46 |4037.5 |12 |(23/2,25/2,27/2)+ |4 NS LT
99 |46 |4517.8 |12 |(27/2)+ |
100 |46 |0.0 | |0+ |3.63 D 9
100 |46 |665.50 |10 |2+ |
100 |46 |1416.15 |14 |4+ |
100 |46 |1523.6 |3 |(1,2+) |
100 |46 |1587.83 |12 |(1,2+) |
100 |46 |1926.02 |14 |(4+) |
100 |46 |2055.15 |17 |(4-) |
100 |46 |2189.40 |15 |6+ |
100 |46 |2278.50 |16 |(4,5,6+) |
100 |46 |2350.81 |20 |(4+) |
100 |46 |2359.4 |4 |(1+,2+,3+) |
100 |46 |2469.98 |15 |(6+) |
100 |46 |2505.55 |16 |(5)- |
100 |46 |2531.96 |24 |(2+,3) |
100 |46 |2621.6 |4 |(0+:4+) |
100 |46 |2679.2 |10 |(0+:4+) |
100 |46 |2694.16 |24 |(4,5,6+) |
100 |46 |2783.6 |5 |(1+,2+,3+) |
100 |46 |2821.46 |24 |(4,5,6+) |
100 |46 |2879.69 |20 |(4+) |
100 |46 |2920.21 |16 |(4+,5+,6+) |
100 |46 |2988.08 |17 |8+ |
100 |46 |3021.98 |16 |(6-) |
100 |46 |3079.61 |18 |(4+,5,6) |
100 |46 |3178.28 |16 |8+ |0.9 NS 2
100 |46 |3231.45 |16 |(7-) |
100 |46 |3235.8 |3 |(2+:6+) |
100 |46 |3311.52 |22 |(4,5,6) |
100 |46 |3439.89 |19 |(8+) |
100 |46 |3822.8 |4 |(4,5,6) |
100 |46 |3869.27 |18 |10+ |
100 |46 |3879.30 |17 |(8-) |
100 |46 |4054.17 |17 |(9)- |
100 |46 |4092.99 |17 |(9-) |
100 |46 |4145.72 |20 |(10+) |
100 |46 |4635.19 |19 |(10-) |
100 |46 |4761.67 |19 |12+ |
100 |46 |4779.37 |24 |(11+) |
100 |46 |4863.58 |17 |(11)- |
100 |46 |4926.33 |21 |(12+) |
100 |46 |4946.85 |24 |(11-) |
100 |46 |5078.14 |22 |(12+) |
100 |46 |5452.76 |20 |(13)+ |
100 |46 |5573.6 |4 |(12-) |
100 |46 |5669.27 |19 |(13)- |
100 |46 |5706.77 |20 |14+ |
100 |46 |5879.9 |17 |(11,12,13+) |
100 |46 |5918.76 |21 |(14)+ |
100 |46 |6068.9 |6 |(13-) |
100 |46 |6134.18 |23 |(14+) |
100 |46 |6459.16 |21 |(15)+ |
100 |46 |6689.6 |6 |(14-) |
100 |46 |6704.67 |21 |(15)- |
100 |46 |6938.52 |22 |(16)+ |
100 |46 |7085.60 |22 |(16+) |
100 |46 |7275.0 |4 |(15+) |
100 |46 |7341.8 |3 |(16+) |
100 |46 |7644.86 |22 |(17)- |
100 |46 |7835.2 |4 |(17+) |
100 |46 |7970.5 |3 |(18+) |
100 |46 |8303.5 |3 |(18+) |
100 |46 |8565.1 |5 |(19-) |
100 |46 |8716.06 |24 |(19)- |
100 |46 |9389.5 |6 |(20+) |
100 |46 |9689.5 |5 |(20+) |
100 |46 |9870.9 |6 |(20-) |
100 |46 |10104.1 |3 |(21)- |
100 |46 |10136.3 |4 |(21-) |
100 |46 |10452.3 |5 |(20)+ |
100 |46 |10604.4 |5 |(21-) |
100 |46 |11211.2 |3 |(22-) |
100 |46 |11528.1 |3 | |
100 |46 |11652.6 |5 |(22+) |
100 |46 |11686.0 |4 |(23-) |
100 |46 |11821.1 |3 |(23-) |
100 |46 |12620.4 |4 |(24-) |
100 |46 |12879.1 |3 | |
100 |46 |12945.7 |6 |(23+) |
100 |46 |13205.1 |4 |(25-) |
100 |46 |13438.3 |7 |(25-) |
100 |46 |13503.8 |6 |(24+) |
100 |46 |15014.8 |6 |(25+) |
100 |46 |16107.8 |7 | |
101 |46 |0.0 | |5/2+ |8.47 H 6
101 |46 |80.3 |1 |(3/2)+ |4.8 NS 5
101 |46 |261.0 |1 |7/2+ |
101 |46 |274.7 |2 |(7/2,9/2+) |
101 |46 |400 |15 |1/2+ |
101 |46 |588.0 |2 |(7/2+) |
101 |46 |600 |15 |3/2+,5/2+ |
101 |46 |623.6 |2 |(7/2+) |
101 |46 |667.3 |2 |9/2+ |
101 |46 |730 |15 |1/2+ |
101 |46 |734.7 |2 |(7/2+) |
101 |46 |745 |1 | |
101 |46 |938.9 |2 |11/2+ |
101 |46 |980 |15 |3/2+,5/2+ |
101 |46 |1081.7 |5 |3/2+,5/2+ |
101 |46 |1173.9 |2 |(7/2)+ |
101 |46 |1199.3 |2 | |
101 |46 |1205.3 |2 |(7/2+) |
101 |46 |1250 |15 |3/2+,5/2+ |
101 |46 |1265.6 |3 |(11/2+) |
101 |46 |1337.4 |1 |11/2- |
101 |46 |1380 |15 |1/2+ |
101 |46 |1403.5 |2 |13/2+ |
101 |46 |1534.5 |2 |(7/2+) |
101 |46 |1560.5 |3 |(7/2+,9/2+,11/2+) |
101 |46 |1614.6 |6 | |
101 |46 |1816.6 |2 |15/2+ |
101 |46 |1823.6 |6 | |
101 |46 |1892.9 |2 |15/2- |
101 |46 |1932.9 |6 | |
101 |46 |1981.7 |9 | |
101 |46 |2041.6 |3 |(7/2+,9/2+,11/2+) |
101 |46 |2050 |15 |1/2-,3/2- |
101 |46 |2063.0 |5 |(15/2+) |
101 |46 |2141 |2 |(15/2+) |
101 |46 |2207.5 |2 |17/2+ |
101 |46 |2220.3 |4 |(7/2+,9/2+) |
101 |46 |2221 |2 |7/2+,9/2,11/2- |
101 |46 |2245.4 |8 |(13/2) |
101 |46 |2265.3 |6 |(7/2+,9/2+,11/2+) |
101 |46 |2290 |15 |1/2-,3/2- |
101 |46 |2291 |1 |(17/2) |
101 |46 |2300.2 |6 | |
101 |46 |2393.4 |9 |9/2+ |
101 |46 |2512.0 |9 |(15/2) |
101 |46 |2641.1 |3 |19/2- |
101 |46 |2641.2 |3 |(7/2+,9/2+,11/2+) |
101 |46 |2721.0 |10 |19/2+ |
101 |46 |2802.8 |5 | |
101 |46 |2864.6 |2 |21/2+ |
101 |46 |2891.0 |5 | |
101 |46 |2895.8 |5 |(7/2+,9/2+,11/2+) |
101 |46 |2960.1 |5 |(7/2+,9/2+,11/2+) |
101 |46 |2983 |1 |(17/2-) |
101 |46 |3034.6 |7 | |
101 |46 |3227.5 |5 |(21/2+) |
101 |46 |3304.7 |9 |(7/2+,9/2+,11/2+) |
101 |46 |3327.1 |8 |(19/2-) |
101 |46 |3404.3 |8 |(7/2+,9/2+,11/2+) |
101 |46 |3532.2 |3 |23/2- |
101 |46 |3625.4 |3 |(23/2)+ |
101 |46 |3812.0 |3 |25/2+ |
101 |46 |4443.0 |6 |27/2- |
101 |46 |4896.4 |5 |(29/2+) |
101 |46 |5414.5 |6 |(31/2-) |
101 |46 |6488.2 |10 | |
102 |46 |0 | |0+ |STABLE
102 |46 |556.44 |5 |2+ |11.5 PS 8
102 |46 |1275.91 |7 |4+ |2.04 PS 10
102 |46 |1534.48 |10 |2+ |0.65 PS 5
102 |46 |1593.16 |22 |0+ |14.5 NS 4
102 |46 |1658.1 |5 |0+ |0.87 PS 22
102 |46 |1715.0 | | |
102 |46 |1919.0 | | |
102 |46 |1944.48 |25 |2+ |1.9 PS 7
102 |46 |2111.41 |8 |6+ |
102 |46 |2111.66 |12 |3+ |
102 |46 |2138.03 |8 |4+ |0.52 PS 13
102 |46 |2248.8 |4 |(2,3) |
102 |46 |2294.57 |9 |(4-) |1.1 NS 1
102 |46 |2301.28 |9 |(4)+ |
102 |46 |2342.95 |21 |(3-) |
102 |46 |2391.2 |3 |(1,2)+ |
102 |46 |2431.5 |7 | |
102 |46 |2474.35 |8 |5- |
102 |46 |2480.3 |10 | |
102 |46 |2490.0 |10 | |
102 |46 |2533.0 |3 |(4)+ |
102 |46 |2546.2 |7 | |
102 |46 |2553.5 |10 | |
102 |46 |2574.3 |4 |(1,2) |
102 |46 |2582.9 |10 | |
102 |46 |2606.5 |5 | |
102 |46 |2610.78 |25 |(1,2)+ |
102 |46 |2651.34 |12 |(4+) |
102 |46 |2660.7 |7 | |
102 |46 |2669.62 |22 | |
102 |46 |2675.1 |10 | |
102 |46 |2695.9 |10 |(1,2) |
102 |46 |2716.3 |3 |(1,2)+ |
102 |46 |2734.02 |22 | |
102 |46 |2737.0 |4 | |
102 |46 |2749.93 |12 | |
102 |46 |2769.0 |4 | |
102 |46 |2798.9 |4 |(4+) |
102 |46 |2863.60 |12 | |
102 |46 |2914.19 |10 |6- |
102 |46 |2977.0 |4 |4(+),5(+),6(+) |
102 |46 |3002.9 |4 |4+,5+,6+ |
102 |46 |3008.79 |14 |(4) |
102 |46 |3013.13 |9 |8+ |
102 |46 |3040.0 |10 | |
102 |46 |3075.26 |9 |4+,5+,6+ |
102 |46 |3113.2 |3 | |
102 |46 |3123.3 |4 |1+,2+,3+ |
102 |46 |3166.36 |11 |4,5,6 |
102 |46 |3178.61 |13 |4,5,6 |
102 |46 |3188.19 |10 |7- |
102 |46 |3238.17 |25 |1+,2+ |
102 |46 |3278.9 |8 | |
102 |46 |3295.9 |5 | |
102 |46 |3340.35 |10 |8+ |
102 |46 |3389.74 |23 |(7-) |
102 |46 |3670.64 |11 |8- |
102 |46 |3727.84 |10 |9- |
102 |46 |3889.39 |14 |(9-) |
102 |46 |3992.78 |10 |10+ |
102 |46 |4033.2 |8 | |
102 |46 |4317.82 |11 |10- |
102 |46 |4328.77 |12 |(10+) |
102 |46 |4432.82 |10 |11- |
102 |46 |4646.09 |25 |(11-) |
102 |46 |4747.2 |3 | |
102 |46 |4836.9 | | |
102 |46 |4944.77 |18 |(11-) |
102 |46 |5055.17 |11 |12+ |
102 |46 |5094.11 |12 |12- |
102 |46 |5260.68 |15 |(12+) |
102 |46 |5325.97 |12 |13- |
102 |46 |5577.2 |4 |(13-) |
102 |46 |5768.88 |25 | |
102 |46 |5984.80 |13 |14- |
102 |46 |6138.70 |19 |14+ |
102 |46 |6179.9 |5 |14+ |
102 |46 |6222.7 | |(14+) |
102 |46 |6345.06 |15 |15- |
102 |46 |6539.1 |5 |(15-) |
102 |46 |6988.16 |17 |16- |
102 |46 |7428.9 |6 |16+ |
102 |46 |7461.36 |18 |17- |
102 |46 |7585.7 |6 |(17-) |
102 |46 |8063.3 |4 |18- |
102 |46 |8707.1 |7 |18+ |
102 |46 |8737.6 |10 |19- |
102 |46 |8778.7 |11 |(19-) |
102 |46 |9214.2 |7 |20- |
102 |46 |9892.9 |11 |20+ |
102 |46 |10178.2 |13 |21- |
102 |46 |10223.1 |8 |20+ |
102 |46 |10540.2 |11 |22- |
102 |46 |11227.7 |13 |(22+) |
102 |46 |11886.2 |9 |22+ |
102 |46 |12025.2 |15 |24- |
102 |46 |13592.9 |10 |24+ |
102 |46 |15414.4 |12 |(26+) |
103 |46 |0.0 | |5/2+ |16.991 D 19
103 |46 |118.736 |17 |3/2+ |0.70 NS 3
103 |46 |243.959 |16 |7/2+ |
103 |46 |266.861 |17 |5/2+ |
103 |46 |498.948 |20 |(1/2+) |
103 |46 |504.24 |7 |(3/2)+ |
103 |46 |531.972 |22 |7/2+ |
103 |46 |535 |5 |3/2+,5/2+ |
103 |46 |625.637 |25 |3/2+,5/2+ |
103 |46 |698.746 |22 |5/2+ |
103 |46 |718.02 |5 |9/2+ |
103 |46 |727.31 |13 |1/2+ |
103 |46 |784.79 |10 |11/2- |25 NS 2
103 |46 |815 |2 |3/2+,5/2+ |
103 |46 |884.67 |5 |3/2+,5/2+ |
103 |46 |900.0 |1 |9/2+ |
103 |46 |904.12 |20 |11/2+ |
103 |46 |913.41 |15 |3/2-,5/2-,7/2- |
103 |46 |1043.61 |4 |3/2+,5/2+ |
103 |46 |1069.05 |14 |(3/2+,5/2+) |
103 |46 |1155.36 |10 |(3/2,5/2)+ |
103 |46 |1182.92 |5 |(5/2)+ |
103 |46 |1261.50 |11 |15/2- |
103 |46 |1273.97 |4 |(5/2)+ |52 FS +10-7
103 |46 |1277.0 |5 |5/2+ |45 FS +10-7
103 |46 |1280 |15 |(11/2)- |
103 |46 |1308.9 |4 |(9/2)+ |
103 |46 |1328.94 |15 |11/2+ |
103 |46 |1386.12 |8 |(5/2) |24 FS +7-4
103 |46 |1527.04 |7 |13/2+ |
103 |46 |1547.11 |13 |(5/2+,7/2+) |
103 |46 |1570 |15 |3/2+,5/2+ |
103 |46 |1581.33 |14 |5/2+ |42 FS +10-7
103 |46 |1592.38 |8 |(5/2+,7/2,9/2+) |194 FS +62-42
103 |46 |1595 |2 | |
103 |46 |1604.72 |13 |5/2 |55 FS +14-7
103 |46 |1641 |2 |1/2+ |
103 |46 |1676 |2 | |
103 |46 |1679.0 |4 |(7/2) |14 FS +4-3
103 |46 |1689.93 |24 |(3/2+,5/2,7/2+) |
103 |46 |1750 |15 |3/2+,5/2+ |
103 |46 |1775.65 |14 |(5/2+) |97 FS +17-10
103 |46 |1777.18 |21 |15/2+ |
103 |46 |1781.2 |7 | |
103 |46 |1820 |15 |1/2+ |
103 |46 |1833 |2 |3/2+,5/2+ |
103 |46 |1886 |2 | |
103 |46 |1900 |15 |1/2-,3/2- |
103 |46 |1953.5 |3 |(5/2) |48 FS +10-7
103 |46 |1964.32 |14 |7/2 |73 FS +17-14
103 |46 |1974.91 |16 |19/2- |
103 |46 |2100 |15 |1/2-,3/2- |
103 |46 |2178 | |15/2+ |
103 |46 |2180 |15 |1/2-,3/2- |
103 |46 |2233.6 |5 |(5/2+) |21 FS +5-4
103 |46 |2275.42 |24 |7/2+,9/2+ |
103 |46 |2343.13 |24 |5/2+,7/2+,9/2+ |
103 |46 |2408.30 |20 |5/2+,7/2+,9/2+ |
103 |46 |2417.6 |4 |5/2+,7/2+,9/2+ |
103 |46 |2446.5 |4 |5/2+,7/2+,9/2+ |
103 |46 |2464.7 |10 |5/2+,7/2+,9/2+ |
103 |46 |2468 | |17/2+ |
103 |46 |2486.5 |8 |7/2+,9/2+ |
103 |46 |2511.5 |8 |5/2+,7/2+,9/2+ |
103 |46 |2600 |15 |7/2+,9/2+ |
103 |46 |2601 | |(15/2+) |
103 |46 |2660 |15 |7/2+,9/2+ |
103 |46 |2760 |15 |1/2-,3/2- |
103 |46 |2764.38 |23 |19/2+ |
103 |46 |2822.01 |19 |23/2- |
103 |46 |2834 | |(17/2)+ |
103 |46 |2880 |15 |1/2-,3/2- |
103 |46 |2924 | | |
103 |46 |3020.38 |17 |(21/2)+ |
103 |46 |3071 | |(19/2+) |
103 |46 |3382 | |(21/2)+ |
103 |46 |3714 | |(23/2+) |
103 |46 |3792.10 |19 |27/2- |
103 |46 |4056 | |25/2+ |
103 |46 |4160 | |(25/2)+ |
103 |46 |4587 | |(27/2+) |
103 |46 |4886.4 |3 |31/2- |
103 |46 |5025 | |(29/2)+ |
103 |46 |5458 | |(31/2+) |
103 |46 |5983 | |(33/2)+ |
103 |46 |6048.3 |4 |35/2- |
103 |46 |6452 | |(35/2+) |
103 |46 |7056 | |(37/2)+ |
103 |46 |7316 | |39/2- |
103 |46 |7593 | |(39/2+) |
103 |46 |8212 | |(41/2)+ |
103 |46 |8668 | |43/2- |
103 |46 |8831 | |(43/2+) |
103 |46 |9442 | |(45/2)+ |
103 |46 |10119 | |47/2- |
103 |46 |10190 | |(47/2+) |
103 |46 |10741 | |(49/2)+ |
103 |46 |11638 | |51/2- |
103 |46 |11643 | |(51/2+) |
103 |46 |12208 | |(53/2)+ |
103 |46 |13240 | |(55/2+) |
103 |46 |13798 | |(57/2)+ |
103 |46 |14932 | |(59/2+) |
103 |46 |15487 | |(61/2)+ |
103 |46 |17357 | |(65/2)+ |
103 |46 |0+X | | |
103 |46 |453+X | |(53/2) |
103 |46 |1912+X | |(57/2) |
103 |46 |2045+X | | |
103 |46 |3439+X | |(61/2) |
103 |46 |5003+X | |(65/2) |
103 |46 |6662+X | |(69/2) |
103 |46 |8449+X | |(73/2) |
103 |46 |10359+X | |(77/2) |
103 |46 |12377+X | |(81/2) |
103 |46 |14636+X | |(85/2) |
104 |46 |0.0 | |0+ |STABLE
104 |46 |555.81 |4 |2+ |9.9 PS 5
104 |46 |1323.59 |6 |4+ |1.5 PS 2
104 |46 |1333.59 |8 |0+ |5.2 PS 5
104 |46 |1341.68 |5 |2+ |1.60 PS 4
104 |46 |1792.86 |6 |0+ |0.25 PS LT
104 |46 |1794.3 |5 |2+ |1.4 PS LT
104 |46 |1820.65 |16 |3+ |
104 |46 |1941.2 |5 | |
104 |46 |1948 |4 | |
104 |46 |1999.1 |4 |(1,2) |
104 |46 |2070 | | |
104 |46 |2082.38 |6 |4+ |1.2 PS 12
104 |46 |2103 |2 |0+ |
104 |46 |2125.5 |1 | |
104 |46 |2138.7 |10 |0+ |
104 |46 |2178.5 |10 | |
104 |46 |2181.56 |6 |4+ |
104 |46 |2193.4 |6 |(4+) |
104 |46 |2228 |2 |4+ |
104 |46 |2244.9 |3 |2+ |
104 |46 |2249.5 |5 |6+ |
104 |46 |2265.31 |7 |4+ |
104 |46 |2276.5 |3 |1+,2+ |
104 |46 |2290 | | |
104 |46 |2298.9 |3 |4- |
104 |46 |2337.9 |3 |1+,2+ |
104 |46 |2351.6 |9 | |
104 |46 |2444.5 |3 |4+,5+,6+ |
104 |46 |2456.6 |4 |(1,2,3) |
104 |46 |2465 |5 | |
104 |46 |2479.0 |6 |1,2 |
104 |46 |2491.4 |5 |5- |
104 |46 |2492.0 |5 | |
104 |46 |2521.4 |4 |2+ |
104 |46 |2533.4 |5 |(2,3)+ |
104 |46 |2570.3 |4 |4+ |
104 |46 |2572.5 | | |
104 |46 |2613.4 |5 |2+,3+ |
104 |46 |2622.2 |5 |(1,2,3) |
104 |46 |2626.9 |4 |(1,2+) |
104 |46 |2642.6 |5 |4+ |
104 |46 |2667.7 |2 |5- |
104 |46 |2677.8 |4 |4+ |
104 |46 |2695.0 |5 |2+ |
104 |46 |2714.8 |6 |(4,5,6) |
104 |46 |2734 |5 |4- |
104 |46 |2760.3 |4 |(4,5,6) |
104 |46 |2767.0 |4 |4+ |
104 |46 |2771.5 |5 | |
104 |46 |2774.5 |4 |4+ |
104 |46 |2784 |6 |+ |
104 |46 |2800.5 |6 |4+ |
104 |46 |2810.0 |5 |2+,3+ |
104 |46 |2866.0 |10 | |
104 |46 |2875.2 |5 |(4,5,6) |
104 |46 |2900.8 |2 |6- |
104 |46 |2913 |6 | |
104 |46 |2918.3 |4 |(1,2,3)+ |
104 |46 |2924.2 |3 |(4,5,6)+ |
104 |46 |2933 |6 | |
104 |46 |2958.9 |3 |4-,5-,6- |
104 |46 |2960.5 |7 |(2+,3) |
104 |46 |2975.5 |5 |(1,2,3) |
104 |46 |2988.4 |2 |7- |
104 |46 |2993.6 |8 |4+ |
104 |46 |3000.3 |5 | |
104 |46 |3008.3 |5 |(1,2+) |
104 |46 |3013.5 |9 | |
104 |46 |3020.3 |9 | |
104 |46 |3034.0 |5 |(1,2+) |
104 |46 |3078.5 |5 |2+,3+ |
104 |46 |3084 |6 |(2+to5+) |
104 |46 |3092 |6 |(2+,3+) |
104 |46 |3094 |5 |3- |
104 |46 |3097.8 |5 |1,2 |
104 |46 |3105.0 |4 |4+ |
104 |46 |3112.8 |6 |5+,6+ |
104 |46 |3113.3 |6 |(1,2,3) |
104 |46 |3115.6 |5 | |
104 |46 |3116.5 |5 |1,2(+) |
104 |46 |3136.9 |4 |4+ |
104 |46 |3151.8 |2 |8- |
104 |46 |3157.9 |4 |4+ |
104 |46 |3179.3 |4 | |
104 |46 |3187 |5 |2+ |
104 |46 |3193.3 |6 |(3-,4-) |
104 |46 |3213.5 |4 |1+,2+,3+ |
104 |46 |3220.7 |2 |8+ |
104 |46 |3224 |5 |2+ |
104 |46 |3230 |5 |6+ |
104 |46 |3253 |5 |2+ |
104 |46 |3271 |5 |6+ |
104 |46 |3280.5 |6 |4+ |
104 |46 |3285.4 |6 |4+ |
104 |46 |3309.6 |5 |4,5,6 |
104 |46 |3321 |5 |2+ |
104 |46 |3333.8 |4 |(3-,4-) |
104 |46 |3349 |5 |2+ |
104 |46 |3362 |5 |4+ |
104 |46 |3368.1 |2 |9- |
104 |46 |3376 |5 |6+ |
104 |46 |3381 |5 |2+ |
104 |46 |3408.0 |4 |1+,2+,3+ |
104 |46 |3417 |3 |2+ |
104 |46 |3421.8 |5 |(8+) |
104 |46 |3432 |5 |3- |
104 |46 |3447 | | |
104 |46 |3461 |5 |(2+) |
104 |46 |3474.4 |5 |4+ |
104 |46 |3501.8 |5 |(9-) |
104 |46 |3515 |5 | |
104 |46 |3522 |5 |2+ |
104 |46 |3556 |5 |(5-) |
104 |46 |3578 |5 | |
104 |46 |3590.2 |5 | |
104 |46 |3602 |5 |2+ |
104 |46 |3622 |5 |(2+) |
104 |46 |3647 |5 |2+ |
104 |46 |3666 |5 |4+ |
104 |46 |3704 |5 | |
104 |46 |3726 |5 |(4+) |
104 |46 |3738 |5 |4+ |
104 |46 |3744 |5 |(5-) |
104 |46 |3758 |5 |2+ |
104 |46 |3769.5 |5 |10- |
104 |46 |3787 |5 |4+ |
104 |46 |3833 |5 |2+ |
104 |46 |3849 |5 |2+ |
104 |46 |3873 |5 |(2+) |
104 |46 |3903 |5 |(3-) |
104 |46 |3934 |5 |4+ |
104 |46 |3959 |5 |3- |
104 |46 |4009.2 |5 |1+,2+,3+ |
104 |46 |4023.1 |3 |10+ |
104 |46 |4029.7 |5 |1+,2+,3+ |
104 |46 |4047.9 |3 |11- |
104 |46 |4202.4 |4 |(11-) |
104 |46 |4635.0 |3 |12+ |
104 |46 |4648.5 |3 |12- |
104 |46 |4963.1 |3 |13- |
104 |46 |5432.1 |3 |14+ |
104 |46 |5681.2 |4 |14- |
104 |46 |6021.8 |4 |15- |
104 |46 |6358.3 |6 |16+ |
104 |46 |7422.4 |6 |18+ |
104 |46 |8616 | |(20+) |
104 |46 |9873 | |(22+) |
104 |46 |11237 | |(24+) |
104 |46 |12707 | |(26+) |
104 |46 |X | |(24) |
104 |46 |1263+X | |(26) |
104 |46 |2644+X | |(28) |
104 |46 |4155+X | |(30) |
104 |46 |5793+X | |(32) |
104 |46 |7556+X | |(34) |
104 |46 |9475+X | |(36) |
104 |46 |11554+X | |(38) |
105 |46 |0.0 | |5/2+ |STABLE
105 |46 |280.51 |22 |3/2+ |67 PS 14
105 |46 |306.25 |3 |7/2+ |69 PS GT
105 |46 |319.216 |24 |5/2+ |39 PS 2
105 |46 |344.512 |18 |1/2+ |0.88 NS 5
105 |46 |442.38 |4 |(7/2)+ |3.71 PS 9
105 |46 |447 | |(3/2+,5/2+) |
105 |46 |489.14 |4 |11/2- |36.1 US 4
105 |46 |535 |AP | |
105 |46 |560.75 |3 |3/2+ |1.9 PS 5
105 |46 |644.53 |4 |7/2- |126 PS 2
105 |46 |650.70 |3 |(3/2)+ |
105 |46 |673.17 |3 |1/2+ |2 PS GT
105 |46 |696.66 |15 |(7/2+) |
105 |46 |727.22 |4 |(5/2)+ |
105 |46 |781.94 |4 |9/2+ |1.4 PS 1
105 |46 |787 |8 |(1/2+) |
105 |46 |808 |AP | |
105 |46 |901.98 |12 |5/2+,7/2+,9/2+ |
105 |46 |921.00 |9 | |
105 |46 |929.13 |8 |5/2+ |
105 |46 |939 |8 |(1/2+) |
105 |46 |961.4 |4 | |
105 |46 |962.38 |4 |(1/2,3/2)+ |
105 |46 |970.15 |7 |(15/2)- |
105 |46 |972 |AP | |
105 |46 |1011.55 |21 |(7/2-,9/2,11/2+) |
105 |46 |1011.71 |6 |(11/2)+ |
105 |46 |1072.2 |5 |(5/2,7/2,9/2+) |
105 |46 |1074.4 |4 | |
105 |46 |1075 |8 |(1/2+) |
105 |46 |1087.96 |4 |3/2- |
105 |46 |1098.42 |20 |(5/2,7/2,9/2)+ |
105 |46 |1102.1 |4 |(3/2+,5/2+) |
105 |46 |1125.33 |11 | |
105 |46 |1140.81 |14 |(1/2+) |
105 |46 |1142.35 |14 | |
105 |46 |1177.7 |3 | |
105 |46 |1201.6 |4 |(3/2,5/2)+ |
105 |46 |1259.11 |20 | |
105 |46 |1263 |8 |1/2+ |
105 |46 |1271.44 |7 |(11/2)+ |
105 |46 |1324.30 |17 |(11/2+) |
105 |46 |1405.1 |3 | |
105 |46 |1411.03 |16 |(13/2+) |
105 |46 |1520.5 |8 |(3/2,5/2)+ |
105 |46 |1601.3 |5 |(3/2,5/2)+ |
105 |46 |1650.4 |16 | |
105 |46 |1671.19 |10 |(13/2)+ |
105 |46 |1700.6 |8 | |
105 |46 |1741.98 |9 |(19/2)- |
105 |46 |1749.68 |19 |(13/2)+ |
105 |46 |1763.30 |13 |(15/2)- |
105 |46 |1774.6 |5 | |
105 |46 |1854.21 |19 |(13/2+) |
105 |46 |1865.5 |4 |(3/2,5/2)+ |
105 |46 |1874.02 |17 |(15/2+) |
105 |46 |1902.02 |15 |(15/2)+ |
105 |46 |1922.9 |3 |1/2+ |
105 |46 |1961.53 |8 |(17/2)- |
105 |46 |1988.4 |4 |(3/2,5/2)+ |
105 |46 |2064.5 |7 |(3/2,5/2)+ |
105 |46 |2101.4 |7 | |
105 |46 |2197.19 |19 |(15/2)+ |
105 |46 |2280.76 |21 |(17/2)- |
105 |46 |2344.73 |15 |(19/2)- |
105 |46 |2420 |AP | |
105 |46 |2491.1 |3 |(19/2-) |
105 |46 |2552.15 |14 |(17/2)+ |
105 |46 |2565.07 |12 |(17/2)+ |
105 |46 |2613 |8 | |
105 |46 |2700.40 |13 |(23/2)- |
105 |46 |2704.08 |18 |(19/2-) |
105 |46 |2756.04 |16 |(19/2)+ |
105 |46 |2775.75 |12 |(21/2-) |
105 |46 |2806.70 |14 |(19/2)+ |
105 |46 |2900.92 |13 |(21/2-) |
105 |46 |3072.99 |15 |(21/2)+ |
105 |46 |3119.36 |16 |(21/2)+ |
105 |46 |3153.46 |18 |(23/2)- |
105 |46 |3294.89 |14 |(23/2)+ |
105 |46 |3320 |AP | |
105 |46 |3468.74 |22 |(23/2)+ |
105 |46 |3527.80 |17 |(25/2)+ |
105 |46 |3570 |AP | |
105 |46 |3690 |AP | |
105 |46 |3694.54 |20 |(25/2-) |
105 |46 |3800.65 |16 |(27/2-) |
105 |46 |3873.16 |20 |(27/2)+ |
105 |46 |4000 |AP | |
105 |46 |4110 |AP | |
105 |46 |4254.6 |3 |(29/2)+ |
105 |46 |4510 |AP | |
105 |46 |4668.4 |4 |(31/2+) |
105 |46 |4690 |AP | |
105 |46 |4840 |AP | |
105 |46 |4953.3 |3 |(31/2-) |
105 |46 |5255.5 |4 |(33/2+) |
105 |46 |5683 | |(35/2+) |
105 |46 |6073 | |(35/2-) |
105 |46 |6861 | |(39/2+) |
105 |46 |7193 | |(39/2-) |
105 |46 |8128 | |(43/2+) |
105 |46 |8410 | |(43/2-) |
105 |46 |9441 | |(47/2+) |
105 |46 |10876 | |(51/2+) |
105 |46 |X | |(43/2+) |
105 |46 |X+1209 | |(47/2+) |
105 |46 |X+2491 | |(51/2+) |
105 |46 |X+3870 | |(55/2+) |
105 |46 |X+5358 | |(59/2+) |
105 |46 |X+6955 | |(63/2+) |
105 |46 |X+8675 | |(67/2+) |
105 |46 |X+10521 | |(71/2+) |
105 |46 |X+12528 | |(75/2+) |
105 |46 |X+14669 | |(79/2+) |
105 |46 |X+16909 | |(83/2+) |
106 |46 |0.0 | |0+ |STABLE
106 |46 |511.850 |23 |2+ |12.2 PS 4
106 |46 |1128.02 |3 |2+ |3.12 PS 25
106 |46 |1133.76 |4 |0+ |5.8 PS 13
106 |46 |1220 | | |
106 |46 |1229.30 |4 |4+ |1.31 PS 18
106 |46 |1557.68 |4 |3+ |
106 |46 |1562.25 |3 |2+ |
106 |46 |1700 | | |
106 |46 |1706.44 |5 |0+ |2.8 PS 5
106 |46 |1904.21 |9 |2-,3- |
106 |46 |1909.37 |16 |2+ |
106 |46 |1920 | | |
106 |46 |1932.32 |6 |4+ |1.16 PS 16
106 |46 |2001.48 |5 |0+ |
106 |46 |2076.69 |4 |4+ |
106 |46 |2077.01 |6 |6+ |0.49 PS 5
106 |46 |2083.92 |5 |3- |1.2 PS 3
106 |46 |2229.20 |21 | |
106 |46 |2242.48 |5 |2+ |
106 |46 |2278.11 |9 |0+ |
106 |46 |2283.05 |5 |4+ |
106 |46 |2305.62 |5 |4- |2.0 NS 5
106 |46 |2308.82 |5 |2+ |
106 |46 |2350.86 |5 |4+ |
106 |46 |2366.01 |5 |5+ |
106 |46 |2397.41 |25 |(5)- |
106 |46 |2400.84 |25 |2-,3- |
106 |46 |2439.10 |7 |2+ |
106 |46 |2472.26 |10 |1+,2+ |
106 |46 |2484.66 |20 |(1-) |
106 |46 |2495 |1 |1- |
106 |46 |2500 |4 |2+ |
106 |46 |2500.31 |8 |2- |
106 |46 |2578.56 |24 |(5-) |
106 |46 |2591.6 |4 |(2,3)+ |
106 |46 |2624.40 |5 |0+ |
106 |46 |2626.84 |9 |(2,3)+ |
106 |46 |2648.9 |5 |4+ |
106 |46 |2699.37 |15 |(6)- |0.5 NS 1
106 |46 |2705.30 |8 |(1)+ |
106 |46 |2712 |5 |(4+) |
106 |46 |2713.89 |8 |2+,3+ |
106 |46 |2717.59 |21 | |
106 |46 |2737 | | |
106 |46 |2741.0 |5 |4+ |
106 |46 |2748.2 |4 |2,3- |
106 |46 |2757.06 |4 |5+ |3.6 NS LT
106 |46 |2775.9 |8 |(4+) |
106 |46 |2783.74 |21 |2+ |
106 |46 |2793.67 |16 |(7-) |
106 |46 |2820.97 |9 |2+ |
106 |46 |2828.29 |9 |0+ |
106 |46 |2847 |5 |(4+) |
106 |46 |2850.6 |5 |2+,3+ |
106 |46 |2861.4 |4 |(+) |
106 |46 |2877.92 |7 |0+ |
106 |46 |2879 |5 |(1-) |
106 |46 |2886.5 |7 |(-) |
106 |46 |2898.1 |7 |(1-,4-) |
106 |46 |2902.48 |10 |2+ |
106 |46 |2908.7 |7 |(1-) |
106 |46 |2917.86 |8 |2+ |
106 |46 |2930 |5 |4+ |
106 |46 |2936.0 |6 |(2-,3-) |
106 |46 |2951.84 |6 |5+ |2.0 NS LT
106 |46 |2963.0 |4 |8+ |0.33 PS 7
106 |46 |2968.68 |21 |3- |
106 |46 |2977.4 |20 |+ |
106 |46 |2977.93 |21 |(7-) |
106 |46 |2998.77 |16 |(8-) |0.2 NS LT
106 |46 |3026 |3 |+ |
106 |46 |3037.32 |17 |1,2 |
106 |46 |3042.7 |25 |4+ |
106 |46 |3054.97 |9 |1+ |
106 |46 |3069 |5 |2+ |
106 |46 |3069.9 |6 |(2,3)- |
106 |46 |3083.91 |18 |0 |
106 |46 |3097 |3 |(1-,2+) |
106 |46 |3120.0 |10 |2+,3+ |
106 |46 |3123 |5 |(6+) |
106 |46 |3144 |3 |2+,3+ |
106 |46 |3161.0 |5 |2+ |
106 |46 |3163.7 |3 |(1,2+) |
106 |46 |3173.8 |6 |(2+,3+) |
106 |46 |3176.77 |20 |(8-) |
106 |46 |3217 |5 |3- |
106 |46 |3221.37 |25 |0+ |
106 |46 |3249.9 |5 |2+ |
106 |46 |3252.0 |4 |2+ |
106 |46 |3273.5 |7 |1,2 |
106 |46 |3275 |5 |3- |
106 |46 |3289.65 |16 |(9-) |0.2 NS 1
106 |46 |3299.2 |7 | |
106 |46 |3320.5 |3 |0+ |
106 |46 |3321 |5 |5- |
106 |46 |3359 |5 |(5-,6+) |
106 |46 |3397 |5 |4+ |
106 |46 |3414 |5 |3- |
106 |46 |3449 |5 |2+ |
106 |46 |3461.89 |20 |9(-) |0.25 NS 10
106 |46 |3490 |5 |2+ |
106 |46 |3532 |5 |(5-) |
106 |46 |3533.5 |4 |10+ |
106 |46 |3575 |5 |5- |
106 |46 |3607 |5 |(3-) |
106 |46 |3647 |5 |2+ |
106 |46 |3654.16 |20 |10(-) |
106 |46 |3708 |5 |(5-) |
106 |46 |3761 |5 |3- |
106 |46 |3805 |5 |(3-) |
106 |46 |3825 |5 |3- |
106 |46 |3874.80 |12 |(10-) |
106 |46 |3879 |5 |3- |
106 |46 |3903 |5 |3- |
106 |46 |3938 |5 |2+ |
106 |46 |3949.1 |5 |(10+) |
106 |46 |3998 |5 |4+ |
106 |46 |4021.73 |11 |11(-) |
106 |46 |4042 |5 |4+ |
106 |46 |4054 |5 |2+ |
106 |46 |4088.7 |1 |12+ |
106 |46 |4106 |5 |4+ |
106 |46 |4134 |5 |3- |
106 |46 |4156 |5 |3- |
106 |46 |4193 |5 | |
106 |46 |4224 |5 |4+ |
106 |46 |4259.8 |4 |(11-) |
106 |46 |4640.2 |4 |(12-) |
106 |46 |4721.8 |4 |12(+) |
106 |46 |4752.3 |4 |(12-) |
106 |46 |4893.8 |3 |14+ |
106 |46 |4990.1 |4 |(13-) |
106 |46 |5106.6 |6 |(12+) |
106 |46 |5404.0 |5 |(14+) |
106 |46 |5895.0 |6 |(16+) |
107 |46 |0.0 | |5/2+ |6.5E+6 Y 3
107 |46 |115.74 |12 |1/2+ |0.85 US 10
107 |46 |214.6 |3 |11/2- |21.3 S 5
107 |46 |302.78 |15 |5/2+ |
107 |46 |312.20 |10 |7/2+ |
107 |46 |348.18 |13 | |
107 |46 |366.8 |5 |7/2+ |
107 |46 |381.80 |13 |3/2+ |
107 |46 |392.42 |13 |7/2+ |
107 |46 |412 |7 |1/2+ |
107 |46 |471.21 |24 |(3/2)+ |
107 |46 |567.67 |14 |5/2+ |
107 |46 |670.06 |10 |5/2+ |
107 |46 |685 | | |
107 |46 |686.79 |24 |15/2- |
107 |46 |696.0 |5 |1/2+ |
107 |46 |696.33 |9 |9/2+ |
107 |46 |759 |7 |(3/2+) |
107 |46 |781 |7 |1/2-,3/2- |
107 |46 |809 |7 |(5/2+) |
107 |46 |889 |7 |1/2+ |
107 |46 |954.85 |17 |11/2+ |
107 |46 |1023 |7 |3/2+,5/2+ |
107 |46 |1063.3 |6 |(13/2-) |
107 |46 |1071 |7 |(5/2)+ |
107 |46 |1101.99 |24 |(7/2+) |
107 |46 |1113 |10 |3/2+,5/2+ |
107 |46 |1120 |9 |1/2+ |
107 |46 |1148.5 |6 | |
107 |46 |1160 |10 |3/2+,5/2+ |
107 |46 |1167 |9 |1/2+ |
107 |46 |1214 |7 |3/2+,5/2+ |
107 |46 |1221 |7 |7/2+,9/2+ |
107 |46 |1267 |9 |3/2+,5/2+ |
107 |46 |1340.3 |5 |13/2+ |
107 |46 |1347 |7 |7/2+,9/2+ |
107 |46 |1353 |7 |3/2+,5/2+ |
107 |46 |1373.82 |13 |13/2+ |
107 |46 |1402 |7 |3/2+,5/2+ |
107 |46 |1443.10 |24 |19/2- |
107 |46 |1451 |7 | |
107 |46 |1472.0 |6 |(3/2-) |
107 |46 |1509 |7 |1/2+ |
107 |46 |1532 |7 |1/2-,3/2- |
107 |46 |1539 |7 |3/2+,5/2+ |
107 |46 |1572 |10 |5/2-,7/2- |
107 |46 |1.59E3 |10 |3/2+,5/2+ |
107 |46 |1615 |7 |3/2+,5/2+ |
107 |46 |1670 |7 |1/2+ |
107 |46 |1676.36 |19 |15/2+ |
107 |46 |1702 |7 |(5/2-,7/2-) |
107 |46 |1742.05 |24 |(15/2+) |
107 |46 |1763.4 |11 |(15/2)+ |
107 |46 |1790 |7 |1/2-,3/2- |
107 |46 |1866 |7 |3/2+,5/2+ |
107 |46 |1879 |7 |3/2+,5/2+ |
107 |46 |1954 |7 | |
107 |46 |1987 |7 |5/2-,7/2- |
107 |46 |2006 |7 |5/2-,7/2- |
107 |46 |2014 |7 |1/2+ |
107 |46 |2072 |7 |3/2+,5/2+ |
107 |46 |2119 |7 |1/2+ |
107 |46 |2146.38 |23 |17/2+ |
107 |46 |2173 |7 |3/2+,5/2+ |
107 |46 |2220 |7 |5/2-,7/2- |
107 |46 |2257 |7 |1/2-,3/2- |
107 |46 |2276 |7 |1/2+ |
107 |46 |2283 |7 |3/2+,5/2+ |
107 |46 |2323 |7 |5/2-,7/2- |
107 |46 |2336 |7 |5/2-,7/2- |
107 |46 |2348.30 |24 |23/2- |
107 |46 |2373.26 |23 |19/2+ |
107 |46 |2377 |7 |1/2-,3/2- |
107 |46 |2412 |7 |5/2-,7/2- |
107 |46 |2491 |7 | |
107 |46 |2516 |7 |1/2-,3/2- |
107 |46 |2557.12 |23 |21/2+ |
107 |46 |2678 |7 |1/2-,3/2- |
107 |46 |2729 |7 |1/2-,3/2- |
107 |46 |2751 |7 |1/2-,3/2- |
107 |46 |2776 |7 |1/2-,3/2- |
107 |46 |2799 |7 |5/2-,7/2- |
107 |46 |2812 |7 |5/2-,7/2- |
107 |46 |2832 |7 |1/2-,3/2- |
107 |46 |2875 |7 |5/2-,7/2- |
107 |46 |2888.11 |24 |23/2+ |
107 |46 |3009.35 |24 |25/2+ |
107 |46 |3048.8 |4 |23/2+ |
107 |46 |3305.0 |3 |27/2- |
107 |46 |3505.19 |24 |27/2+ |
107 |46 |3699.5 |5 |27/2+ |
107 |46 |3709.3 |3 |29/2+ |
107 |46 |4250.8 |3 |31/2- |
107 |46 |4335.7 |3 |31/2+ |
107 |46 |4562.3 |5 |31/2+ |
107 |46 |4735.6 |3 |33/2+ |
107 |46 |5234.3 |4 |35/2- |
107 |46 |5439.5 |8 |(35/2+) |
107 |46 |5602.9 |5 |(35/2+) |
107 |46 |6344.4 |5 |(39/2-) |
107 |46 |6730.6 |8 |(39/2+) |
107 |46 |7637.0 |6 |(43/2-) |
107 |46 |9082.6 |7 |(47/2-) |
107 |46 |10676.3 |7 |(51/2-) |
108 |46 |0 | |0+ |STABLE
108 |46 |433.938 |4 |2+ |23.9 PS 7
108 |46 |931.15 |4 |2+ |6.2 PS 4
108 |46 |1048.216 |6 |4+ |2.8 PS 3
108 |46 |1052.78 |5 |0+ |4.0 PS 4
108 |46 |1314.23 |6 |0+ |25 PS GT
108 |46 |1335.25 |6 |3+ |
108 |46 |1441.18 |4 |2+ |4.8 PS +12-10
108 |46 |1539.96 |5 |(1+,2+) |
108 |46 |1624.16 |21 |(4+) |1.69 PS 20
108 |46 |1771.126 |11 |6+ |0.88 PS 10
108 |46 |1955.8 |6 |4+ |4.7 PS 18
108 |46 |1989.86 |12 |(4+) |
108 |46 |2015 |10 | |
108 |46 |2046.65 |14 |3- |1 PS LT
108 |46 |2083.56 |12 |5+ |
108 |46 |2098.67 |24 |(1,2+) |
108 |46 |2141 |10 |(0+) |
108 |46 |2218.00 |11 |2+ |
108 |46 |2231.1 |5 | |
108 |46 |2259.01 |20 |6+ |
108 |46 |2281.21 |14 | |
108 |46 |2282.43 |10 | |
108 |46 |2282.53 |11 | |
108 |46 |2324.39 |9 |5- |
108 |46 |2362 |10 |(2+) |
108 |46 |2391.42 |23 |2+ |
108 |46 |2397.4 |4 |(8+) |
108 |46 |2404.1 |3 | |
108 |46 |2418 |10 | |
108 |46 |2421.2 |10 |(6+) |1.01 PS +43-10
108 |46 |2466 |10 |4+ |
108 |46 |2471.8 |5 | |
108 |46 |2477.57 |24 |(2+) |
108 |46 |2528.33 |20 | |
108 |46 |2530.22 |19 | |
108 |46 |2531 |10 |4-,5- |
108 |46 |2536.1 |3 | |
108 |46 |2540.2 |3 |4+ |
108 |46 |2548.39 |10 |8+ |0.44 PS 5
108 |46 |2578 |10 | |
108 |46 |2637 |10 |4+ |
108 |46 |2671.33 |20 |(5+) |
108 |46 |2691 |10 |(5-) |
108 |46 |2709.48 |8 |6(-) |
108 |46 |2720.0 |3 |2+ |
108 |46 |2761.24 |7 |7- |
108 |46 |2790 |20 | |
108 |46 |2842.03 |7 |7- |
108 |46 |2863.70 |18 |(4+,5+,6+) |
108 |46 |2888.3 |4 | |
108 |46 |2918.56 |23 |(7+) |
108 |46 |2940 |20 | |
108 |46 |2953.65 |19 |(8+) |
108 |46 |2969 |20 |4-,5- |
108 |46 |3050 |20 | |
108 |46 |3088.89 |9 |8(-) |
108 |46 |3100.25 |8 |8(-) |
108 |46 |3110.7 |3 |(7+) |
108 |46 |3140 |20 | |
108 |46 |3257.01 |13 |10+ |
108 |46 |3280.24 |12 |9- |
108 |46 |3286.64 |12 | |
108 |46 |3350.89 |14 |10+ |
108 |46 |3420.24 |15 |9- |
108 |46 |3423.8 |3 | |
108 |46 |3727.35 |13 |10(-) |
108 |46 |3748.5 |3 |(9+) |
108 |46 |3789.7 |3 |(10+) |
108 |46 |3793.69 |22 |10(-) |
108 |46 |3798.31 |17 |12+ |
108 |46 |3859.0 |3 | |
108 |46 |3963.94 |16 |11- |
108 |46 |4120.4 |3 |(11) |
108 |46 |4158.7 |9 |12+ |
108 |46 |4194.7 |3 |11- |
108 |46 |4377.70 |24 |(11) |
108 |46 |4492.86 |16 |12(-) |
108 |46 |4528.5 |10 |(11+) |
108 |46 |4642.40 |19 |14+ |
108 |46 |4684.3 |5 |(12-) |
108 |46 |4710.9 |3 |(13) |
108 |46 |4777.7 |3 |(13-) |
108 |46 |4976.60 |20 |14+ |
108 |46 |5132.4 |3 | |
108 |46 |5325.8 |3 |(14-) |
108 |46 |5370.9 |15 |(13+) |
108 |46 |5608.1 |4 | |
108 |46 |5632.0 |3 |(15-) |
108 |46 |5691.91 |22 |16+ |
108 |46 |6225.2 |8 |(16-) |
108 |46 |6517.3 |4 |(17-) |
108 |46 |6827.9 |10 |18+ |
109 |46 |0 | |5/2+ |13.7012 H 24
109 |46 |113.400 |10 |1/2+ |380 NS 50
109 |46 |188.990 |10 |11/2- |4.696 M 3
109 |46 |245 |5 |7/2+,9/2+ |
109 |46 |245.081 |10 |7/2-,(5/2-) |
109 |46 |266.343 |10 |1/2+ |
109 |46 |276.290 |10 |7/2+ |
109 |46 |287.250 |10 |9/2- |
109 |46 |291.434 |10 |3/2+ |
109 |46 |325.285 |2 |3/2+ |
109 |46 |326.869 |10 |5/2+ |0.57 NS 15
109 |46 |339.530 |10 |5/2- |
109 |46 |370 |5 |(1/2-,3/2-) |
109 |46 |382 |5 |1/2+,3/2+,5/2+ |
109 |46 |404 |5 |1/2+ |
109 |46 |426.140 |10 |7/2+ |
109 |46 |433.562 |10 |3/2+ |
109 |46 |491.590 |10 |3/2+ |
109 |46 |540.676 |10 |5/2+ |
109 |46 |597.1 |5 |7/2+, 9/2+ |
109 |46 |604.513 |10 |5/2- |
109 |46 |623.482 |10 |1/2+ |
109 |46 |625 |1 |(15/2-) |
109 |46 |645.9 |5 |7/2+, 9/2+ |
109 |46 |673.491 |10 |3/2- |
109 |46 |712 |4 |(7/2+,9/2+) |
109 |46 |718 |1 |(13/2-) |
109 |46 |722.043 |10 |3/2+, 5/2+ |
109 |46 |729 |4 |3/2+, 5/2+ |
109 |46 |742 |4 |1/2+ |
109 |46 |791.426 |10 |5/2+,3/2+ |
109 |46 |810.595 |10 |3/2+ |
109 |46 |846.1 |5 |5/2+ |
109 |46 |883 |4 |9/2-,11/2- |
109 |46 |911.303 |22 |5/2+ |
109 |46 |941.100 |10 |3/2- |
109 |46 |944.967 |10 |1/2+ |
109 |46 |954.163 |10 |1/2+ |
109 |46 |960 |4 |(1/2+) |
109 |46 |981.755 |10 |5/2+ |
109 |46 |1006 |4 | |
109 |46 |1053.628 |20 |3/2+ |
109 |46 |1065.8 |5 |1/2+ |
109 |46 |1091.0 |5 |5/2+ |
109 |46 |1111.8 |5 |1/2,3/2 |
109 |46 |1134.696 |10 |1/2,3/2 |
109 |46 |1147.7 |5 |3/2+ |
109 |46 |1176 |4 |5/2-, 7/2- |
109 |46 |1232.795 |50 |1/2+ |
109 |46 |1241 |5 |5/2-,7/2- |
109 |46 |1243.9 |5 |1/2,3/2 |
109 |46 |1269.5 |5 |5/2+,3/2+ |
109 |46 |1289 |1 |(19/2-) |
109 |46 |1308 |4 | |
109 |46 |1318.0 |5 | |
109 |46 |1328.4 |5 |5/2 |
109 |46 |1329 |5 |(1/2-,3/2-) |
109 |46 |1347.7 |5 |1/2+ |
109 |46 |1359.413 |14 |1/2,3/2 |
109 |46 |1361 |1 |(17/2-) |
109 |46 |1371.1 |5 |5/2+ |
109 |46 |1399.0 |5 |1/2,3/2 |
109 |46 |1448 |4 |3/2+,5/2+ |
109 |46 |1478.7 |5 |1/2+ |
109 |46 |1484.9 |5 |1/2,3/2,5/2+ |
109 |46 |1499 |4 | |
109 |46 |1537.3 |5 |1/2+ |
109 |46 |1540.3 |5 |3/2 |
109 |46 |1601.7 |5 |(1/2+) |
109 |46 |1615.8 |5 |1/2,3/2,5/2 |
109 |46 |1623.9 |5 |1/2,3/2,5/2 |
109 |46 |1644.6 |5 |(3/2+) |
109 |46 |1647.8 |5 |1/2,3/2,5/2 |
109 |46 |1656 |4 |(1/2+) |
109 |46 |1664 |4 | |
109 |46 |1683.5 |5 |1/2+ |
109 |46 |1692 |4 |1/2+ |
109 |46 |1710.2 |5 |1/2,3/2 |
109 |46 |1737 |4 | |
109 |46 |1773 |4 |5/2-,7/2- |
109 |46 |1785 |4 |1/2+ |
109 |46 |1791 |4 | |
109 |46 |1800 |4 |1/2+ |
109 |46 |1819 |4 | |
109 |46 |1836 |4 |5/2-,7/2- |
109 |46 |1846 |4 | |
109 |46 |1848 |4 |1/2+ |
109 |46 |1863 |4 |(5/2-,7/2-) |
109 |46 |1877 |4 |1/2-,3/2- |
109 |46 |1878 |4 |3/2+,5/2+ |
109 |46 |1915 |4 |1/2-,3/2- |
109 |46 |1925 |4 |1/2-,3/2- |
109 |46 |1941 |4 |5/2-,7/2- |
109 |46 |1954 |4 | |
109 |46 |1972 |4 |5/2-,7/2- |
109 |46 |1977 |4 |1/2-,3/2- |
109 |46 |1999 |4 | |
109 |46 |2014 |4 |1/2+ |
109 |46 |2021 |4 |1/2-,3/2- |
109 |46 |2053 |4 | |
109 |46 |2091 |4 |3/2+,5/2+ |
109 |46 |2101 |4 |(3/2+,5/2+) |
109 |46 |2103 | |(23/2-) |
109 |46 |2117 |4 |1/2-,3/2- |
109 |46 |2120 |4 |1/2+ |
109 |46 |2135 |4 |(1/2-,3/2-) |
109 |46 |2155 |1 |(21/2-) |
109 |46 |2160 |4 |1/2-,3/2- |
109 |46 |2174 |4 |3/2+, 5/2+ |
109 |46 |2188 |4 |1/2+ |
109 |46 |2209 |4 |5/2-,7/2- |
109 |46 |2240 |4 |(3/2+,5/2+) |
109 |46 |2245 |4 |1/2-,3/2- |
109 |46 |2259 |4 |1/2-,3/2- |
109 |46 |2280 |4 |3/2+,5/2+ |
109 |46 |2282 |4 |1/2+ |
109 |46 |2295 |4 |1/2-, 3/2- |
109 |46 |2301 |4 |(1/2-,3/2-) |
109 |46 |2320 |4 |3/2+,5/2+ |
109 |46 |2346 |4 |(5/2-,7/2-) |
109 |46 |2357 |4 |(1/2-,3/2-) |
109 |46 |2371 |4 |5/2-,7/2- |
109 |46 |2372 |4 |3/2+,5/2+ |
109 |46 |2380 |4 |1/2+ |
109 |46 |2391 |4 |5/2-,7/2- |
109 |46 |2415 |4 |1/2-,3/2- |
109 |46 |2465 |4 |5/2-,7/2- |
109 |46 |2473 |4 |1/2-,3/2- |
109 |46 |2493 |4 |(5/2-,7/2-) |
109 |46 |2522 |4 |3/2+,5/2+ |
109 |46 |2541 |4 | |
109 |46 |3030 |1 |(27/2-) |
109 |46 |3975 |1 |(31/2-) |
109 |46 |4958 |1 |(35/2-) |
109 |46 |6152.9 |10 |1/2+ |
110 |46 |0.0 | |0+ |STABLE
110 |46 |373.80 |7 |2+ |44.0 PS 7
110 |46 |813.59 |7 |2+ |17.7 PS 8
110 |46 |920.78 |10 |4+ |4.1 PS 3
110 |46 |946.74 |11 |0+ |7.9 PS 7
110 |46 |1170.65 |11 |0+ |
110 |46 |1212.12 |13 |(3+) |
110 |46 |1214.48 |15 |2+ |9.1 PS 6
110 |46 |1398.31 |13 |4+ |5.1 PS 6
110 |46 |1470.06 |10 |2+ |
110 |46 |1573.99 |17 |6+ |1.40 PS 14
110 |46 |1584 |1 | |
110 |46 |1641 | |(0+) |
110 |46 |1716.6 |11 |2+ |
110 |46 |1718.86 |15 |4+ |2.2 PS 3
110 |46 |1759.3 |4 |(5+) |
110 |46 |1864 |1 |(2+) |
110 |46 |1889.78 |19 |2+ |
110 |46 |1900.04 |15 |(4+) |
110 |46 |1900.5 |3 |(2+) |
110 |46 |1934.60 |18 |4+ |
110 |46 |1956 |2 |(4+) |
110 |46 |1987.22 |17 |(6+) |
110 |46 |1991 |2 |(4+) |
110 |46 |2037.67 |18 |3- |
110 |46 |2061.0 |4 |(5,6+) |
110 |46 |2089.1 |5 |(4+) |
110 |46 |2095 |1 | |
110 |46 |2125.3 |3 |(1-) |
110 |46 |2140.70 |25 |2+ |
110 |46 |2193.0 |3 |(2+) |
110 |46 |2194 |1 |(6+) |
110 |46 |2260.67 |19 |(5+) |
110 |46 |2276.0 |3 |(3-) |
110 |46 |2293.3 |3 |(2+) |
110 |46 |2295.5 |3 |(5-) |
110 |46 |2296.2 |4 |8+ |
110 |46 |2322.08 |25 |2+ |
110 |46 |2335.2 |5 |(6+) |
110 |46 |2336 |1 | |
110 |46 |2369.7 |5 |2+ |
110 |46 |2422 |2 |(6+) |
110 |46 |2428 |2 |4+ |
110 |46 |2446.61 |24 |(2+) |
110 |46 |2474.4 |3 |(2+) |
110 |46 |2490 |2 |3- |
110 |46 |2498.9 |4 |(2+) |
110 |46 |2511 |5 |(4+) |
110 |46 |2517 |2 |2+ |
110 |46 |2535 |5 |(2+) |
110 |46 |2558 |2 | |
110 |46 |2563.8 |4 |(3-) |
110 |46 |2575 |5 |(4+) |
110 |46 |2580 |2 | |
110 |46 |2608 |5 |(1-) |
110 |46 |2615.3 |4 | |
110 |46 |2617 |2 |(5-) |
110 |46 |2637 | |(4+) |
110 |46 |2644 |2 |(2+) |
110 |46 |2649 |2 |(2+) |
110 |46 |2650.7 |4 |(8+) |
110 |46 |2663.1 |5 |(2+) |
110 |46 |2672 |5 |(4+) |
110 |46 |2686.6 |4 |(2+) |
110 |46 |2691 |5 |(2+) |
110 |46 |2695 |2 |4+ |
110 |46 |2714.6 |9 |(4+) |
110 |46 |2737 |2 | |
110 |46 |2741 |5 |(5-) |
110 |46 |2745.5 |3 |(7-) |
110 |46 |2759 |2 |(3-) |
110 |46 |2764 |5 |(1-) |
110 |46 |2775.1 |6 |5,6+ |
110 |46 |2777.1 | |(2+) |
110 |46 |2784 |5 |(4+) |
110 |46 |2784.5 |4 |(7-) |
110 |46 |2790.64 |17 |(4+) |
110 |46 |2792 |2 |(3-) |
110 |46 |2805.03 |15 |(4+) |
110 |46 |2807 |2 |(2+,6+,7-) |
110 |46 |2818 |2 |(2+) |
110 |46 |2827 |2 |(2+,5-) |
110 |46 |2845 |5 |(1-) |
110 |46 |2845.3 |7 | |
110 |46 |2862 |2 |(2+) |
110 |46 |2871 |2 |(2+) |
110 |46 |2889 |2 |(2+) |
110 |46 |2893 |5 |(3-) |
110 |46 |2903.2 |10 |(10+) |
110 |46 |2908 |2 |(2+) |
110 |46 |2912 |5 |(1-) |
110 |46 |2923.8 |7 | |
110 |46 |2932 |2 |(2+) |
110 |46 |2937 |2 | |
110 |46 |2948 |2 |(4+) |
110 |46 |2952 |5 |(2+) |
110 |46 |2972 |5 |(4+) |
110 |46 |2991.6 |4 |(8-) |
110 |46 |2994 |5 |(3-) |
110 |46 |2998 |2 | |
110 |46 |3002 |2 |(1,2+,5-) |
110 |46 |3009 |5 | |
110 |46 |3023 |5 |(4+) |
110 |46 |3036 |5 | |
110 |46 |3050 |2 | |
110 |46 |3058 |5 |(3-) |
110 |46 |3062 |2 | |
110 |46 |3070.2 |5 |(10+) |
110 |46 |3071 |5 |(4+) |
110 |46 |3075 |2 | |
110 |46 |3079 |2 |(2+) |
110 |46 |3089 |5 |(4+) |
110 |46 |3097 |2 |(3-) |
110 |46 |3102 |5 |(2+) |
110 |46 |3110 |2 |(2+,5-) |
110 |46 |3119 |5 |(3-) |
110 |46 |3127 |2 | |
110 |46 |3131.2 |10 |(10+) |
110 |46 |3152 |5 |(3-) |
110 |46 |3168 |5 |(1-) |
110 |46 |3181 |2 |(4+) |
110 |46 |3191 |5 |(3-) |
110 |46 |3195.8 |5 |(10+) |
110 |46 |3232 |2 |(1,2+,3-) |
110 |46 |3240 |2 |(1,2+,3-) |
110 |46 |3246.1 |4 |(9-) |
110 |46 |3259 |3 |(3-) |
110 |46 |3266.3 |7 | |
110 |46 |3271 |2 |(2+) |
110 |46 |3280 |5 |(1-) |
110 |46 |3288 |2 |(2+,6+) |
110 |46 |3301 |5 |(4+) |
110 |46 |3320 |2 |(4+) |
110 |46 |3326.9 |6 |(9-) |
110 |46 |3333 |2 |(4+) |
110 |46 |3353 |2 |(2+,4+) |
110 |46 |3368 |2 | |
110 |46 |3374 |5 |(2+) |
110 |46 |3380 |2 | |
110 |46 |3386 |2 |(2+) |
110 |46 |3407 |5 |(4+) |
110 |46 |3413 |2 | |
110 |46 |3419 |2 |(2+,5-) |
110 |46 |3427 |2 | |
110 |46 |3431 |2 | |
110 |46 |3435 |2 | |
110 |46 |3445 |2 |(2+,5-) |
110 |46 |3455 |2 | |
110 |46 |3458 |2 | |
110 |46 |3471 |2 | |
110 |46 |3484 |5 |(3-) |
110 |46 |3489 |2 | |
110 |46 |3501 |2 | |
110 |46 |3511 |5 |(3-) |
110 |46 |3514 |2 |(2+) |
110 |46 |3525 |2 |(2+) |
110 |46 |3535 |2 |(3-) |
110 |46 |3561 |2 |(2+) |
110 |46 |3570 |2 |(2,3,4,5,6) |
110 |46 |3575 |2 |(4+) |
110 |46 |3592 |2 |(1,2+,3-) |
110 |46 |3607 |2 |(1,2+) |
110 |46 |3614 |5 |(3-) |
110 |46 |3622 |2 | |
110 |46 |3624.1 |6 |(10-) |
110 |46 |3638 |2 | |
110 |46 |3642 |5 |(4+) |
110 |46 |3653 |2 |(2+) |
110 |46 |3669 |5 |(4+) |
110 |46 |3679 |2 |(4+) |
110 |46 |3687 |2 | |
110 |46 |3694 |2 |(2+,5-) |
110 |46 |3700 |5 |(3-) |
110 |46 |3718.1 |5 |(12+) |
110 |46 |3720 |2 | |
110 |46 |3730 |2 | |
110 |46 |3738 |5 |(4+) |
110 |46 |3769 |4 |(3-) |
110 |46 |3789 |5 |(3-) |
110 |46 |3799 |5 |(3-) |
110 |46 |3826 |5 |(3-) |
110 |46 |3854 |5 |(3-) |
110 |46 |3869 |5 |(3-) |
110 |46 |3916 |5 |(3-) |
110 |46 |3955 |5 |(3-) |
110 |46 |4001 |5 |(4+) |
110 |46 |4030.2 |11 |(12+) |
110 |46 |4031.1 |7 |(11-) |
110 |46 |4037 |5 |(4+) |
110 |46 |4065 |5 |(4+) |
110 |46 |4154 |5 |(3-) |
110 |46 |4239 |5 |(4+) |
110 |46 |4484.1 |7 |(14+) |
111 |46 |0.0 | |5/2+ |23.4 M 2
111 |46 |72.2 |2 |1/2+ |
111 |46 |172.18 |8 |11/2- |5.5 H 1
111 |46 |191.3 |3 |+ |
111 |46 |195.1 |2 |+ |
111 |46 |230.8 |3 |7/2+,9/2+ |
111 |46 |259.3 |2 | |
111 |46 |275.3 |3 |(3/2+,5/2+) |
111 |46 |384.2 |3 |3/2+,5/2+ |
111 |46 |411.8 |2 |7/2+,9/2+ |
111 |46 |450.4 |2 |3/2-,5/2-,7/2- |
111 |46 |508 | |1/2+ |
111 |46 |523.8 |2 | |
111 |46 |534 | |5/2-,7/2- |
111 |46 |567 | |(7/2+,9/2+) |
111 |46 |585 | |(15/2-) |
111 |46 |587 | |1/2-,3/2- |
111 |46 |603 | | |
111 |46 |663.8 |5 |3/2+,5/2+ |
111 |46 |715 | |3/2+,5/2+ |
111 |46 |740 | |3/2+,5/2+ |
111 |46 |788.9 |2 | |
111 |46 |866 | | |
111 |46 |887 | |(7/2+,9/2+) |
111 |46 |929 | |1/2+ |
111 |46 |1000 | |1/2-,3/2- |
111 |46 |1020 | | |
111 |46 |1082.8 |2 | |
111 |46 |1090.2 |2 | |
111 |46 |1117 | |(1/2+) |
111 |46 |1133 | |- |
111 |46 |1204 | |(19/2-) |
111 |46 |1207.2 |3 | |
111 |46 |1356 | |(1/2-,3/2-) |
111 |46 |1453 | |(5/2-,7/2-) |
111 |46 |1493 | |1/2+ |
111 |46 |1521 | |1/2-,3/2- |
111 |46 |1600 | |1/2-,3/2- |
111 |46 |1624 | |5/2-,7/2- |
111 |46 |1673 | |5/2-,7/2- |
111 |46 |1713 | |1/2-,3/2- |
111 |46 |1808 | |5/2-,7/2- |
111 |46 |1928 | |(1/2-,3/2-) |
111 |46 |1981 | |(23/2-) |
111 |46 |2018 | |5/2-,7/2- |
111 |46 |2878 | |(27/2-) |
111 |46 |3831 | |(31/2-) |
112 |46 |0.0 | |0+ |21.04 H 17
112 |46 |348.66 |13 |2+ |84 PS 14
112 |46 |736.72 |14 |2+ |
112 |46 |882.96 |16 |4+ |
112 |46 |923.7 |7 |1,2+ |
112 |46 |1096.27 |16 |3+ |
112 |46 |1125.48 |21 |0+ |
112 |46 |1139.83 |21 |(0,1,2)+ |
112 |46 |1362.37 |17 |(4+) |
112 |46 |1402.64 |17 |2+ |
112 |46 |1422.68 |15 |2+ |
112 |46 |1550.47 |19 |6+ |
112 |46 |1714.87 |17 |(3,4+) |
112 |46 |1747.5 |5 |(1,2+) |
112 |46 |1758.97 |19 |(5+) |
112 |46 |1774.4 |5 |(1,2+) |
112 |46 |1887.4 |3 |(4+) |
112 |46 |1951.6 |4 |(3,4+) |
112 |46 |2002.73 |23 |(6+) |
112 |46 |2036.47 |25 |(2-,3,4+) |
112 |46 |2107.4 |4 |(1,2+) |
112 |46 |2158.0 |4 |(3,4,5+) |
112 |46 |2194.57 |17 |(4)- |
112 |46 |2200.59 |18 |(5,6+) |
112 |46 |2269.38 |21 |(5-) |
112 |46 |2318.3 |4 |8+ |
112 |46 |2334.1 |4 |(5,6+) |
112 |46 |2354.47 |19 |(4,5+) |
112 |46 |2356.7 |7 |(1,2+) |
112 |46 |2395.17 |22 |(5+) |
112 |46 |2430.8 |5 |(5,6+) |
112 |46 |2432.5 |5 |(1,2+) |
112 |46 |2441.4 |3 |(5,6+) |
112 |46 |2466.1 |6 |(1,2+) |
112 |46 |2482.9 |5 |(7+) |
112 |46 |2496.87 |24 |(0+,1,2) |
112 |46 |2509.8 |6 |(1,2+) |
112 |46 |2540.5 |5 |(0+,1,2) |
112 |46 |2543.2 |3 |(5+) |
112 |46 |2578.7 |4 |(6-) |
112 |46 |2603.9 |5 |(0+,1,2) |
112 |46 |2614.5 |8 |(6-) |
112 |46 |2629.7 |6 |(5,6,7) |
112 |46 |2638.6 |6 |(8+) |
112 |46 |2665.5 |5 |(1,2+) |
112 |46 |2688.14 |24 |(0+,1,2) |
112 |46 |2691.2 |4 |(8+) |
112 |46 |2704.5 |4 |(7-) |
112 |46 |2711.4 |5 |(7-) |
112 |46 |2747.3 |3 |(1,2+) |
112 |46 |2754.78 |17 |5+ |
112 |46 |2770.0 |7 |(0+,1,2) |
112 |46 |2795.8 |6 |(0+,1,2) |
112 |46 |2836.4 |5 |(0+,1,2) |
112 |46 |2898.9 |4 |(8-) |
112 |46 |2966.60 |23 |(5,6+) |
112 |46 |2977.2 |6 |(0+,1,2) |
112 |46 |3013.8 |5 |(0+,1,2) |
112 |46 |3043.3 |4 |(5,6) |
112 |46 |3045.5 |13 |(8-) |
112 |46 |3050.1 |6 |10+ |
112 |46 |3084.7 |6 |(9+) |
112 |46 |3137.3 |4 |(9-) |
112 |46 |3175.3 |11 | |
112 |46 |3225.5 |6 |(0+,1,2) |
112 |46 |3260.9 |11 | |
112 |46 |3265.2 |6 |(9-) |
112 |46 |3327.0 |7 |(10+) |
112 |46 |3337.9 |9 |(0+,1,2) |
112 |46 |3447.2 |6 |(10-) |
112 |46 |3597.9 |8 |(12+) |
112 |46 |3625.7 |12 |(11+) |
112 |46 |3654.5 |16 |(10-) |
112 |46 |3744.7 |6 |(11-) |
112 |46 |3759.6 |5 |(5,6+) |
112 |46 |3772.0 |8 |(5,6+) |
112 |46 |3794.3 |9 |(5,6+) |
112 |46 |3940.3 |9 |(5,6+) |
112 |46 |3951.2 |12 |(11-) |
112 |46 |4046.3 |15 | |
112 |46 |4086.3 |15 | |
112 |46 |4117.0 |9 |(12-) |
112 |46 |4321.9 |9 |(14+) |
112 |46 |4327.7 |16 |(13+) |
112 |46 |4391.5 |19 |(12-) |
112 |46 |4477.7 |12 |(13-) |
112 |46 |4748.2 |16 |(13-) |
112 |46 |4931.3 |18 | |
112 |46 |5221.9 |14 |(16+) |
113 |46 |0.0 | |(5/2+) |93 S 5
113 |46 |35.08 |17 |(1/2+) |
113 |46 |81.1 |3 |(9/2-) |0.3 S 1
113 |46 |151.89 |17 |(3/2+) |
113 |46 |166.1 |5 |(11/2-) |
113 |46 |172.55 |21 |(1/2+) |
113 |46 |189.61 |15 |(7/2+) |
113 |46 |252.18 |16 |(3/2+,1/2+) |
113 |46 |349.13 |20 |(5/2+,7/2+) |
113 |46 |372.97 |22 |(1/2+,3/2+,5/2+) |
113 |46 |409.26 |18 |+ |
113 |46 |409.8 |5 | |
113 |46 |454.55 |23 | |
113 |46 |500.35 |23 | |
113 |46 |538.7 |4 | |
113 |46 |549.2 | |(15/2-) |
113 |46 |573.1 |11 |(13/2-) |
113 |46 |715.9 |3 |(11/2+) |
113 |46 |730.6 |4 | |
113 |46 |742.3 |5 | |
113 |46 |861.2 |4 | |
113 |46 |1031.3 |3 |(13/2+) |
113 |46 |1081.2 |6 | |
113 |46 |1111.0 |4 | |
113 |46 |1119.7 | |(19/2-) |
113 |46 |1149.1 |15 |(17/2-) |
113 |46 |1345.6 |4 |(15/2+) |
113 |46 |1678.3 |5 |(17/2+) |
113 |46 |1841.9 |6 |(23/2-) |
113 |46 |1866.1 |18 |(21/2-) |
113 |46 |2030.1 |5 |(19/2+) |
113 |46 |2286.5 |16 |(23/2+) |
113 |46 |2342.2 |6 |(21/2+) |
113 |46 |2671.4 |6 |(27/2-) |
113 |46 |2684.1 |21 |(25/2-) |
113 |46 |2707.3 |6 |(23/2+) |
113 |46 |2772.4 |16 |(27/2+) |
113 |46 |3000.5 |6 |(25/2+) |
113 |46 |3408.3 |16 |(31/2+) |
113 |46 |3562.1 |23 |(29/2-) |
113 |46 |3562.6 |7 |(31/2-) |
113 |46 |4517.6 |19 |(35/2-) |
114 |46 |0 | |0+ |2.42 M 6
114 |46 |332.61 |10 |2+ |82 PS 14
114 |46 |694.62 |15 |2+ |
114 |46 |852.37 |16 |4+ |
114 |46 |872.0 |3 |(0+) |
114 |46 |1011.65 |16 |(3+) |
114 |46 |1115.56 |21 |(0+) |
114 |46 |1319.89 |17 |(4+) |
114 |46 |1391.92 |20 |2+ |
114 |46 |1500.51 |18 |(6+) |
114 |46 |1630.69 |17 |(5+) |
114 |46 |1638.72 |21 |(3-,4+) |
114 |46 |1983.71 |22 |(6+) |
114 |46 |2065.16 |19 |(4-) |
114 |46 |2090.33 |22 |(4-,5+) |
114 |46 |2184.00 |19 |(5-) |
114 |46 |2215.7 |4 |8+ |
114 |46 |2290.0 |3 |(7+) |
114 |46 |2316.1 |3 | |
114 |46 |2349.67 |22 |(5-,6+) |
114 |46 |2398.5 |4 | |
114 |46 |2446.7 |3 |(6+) |
114 |46 |2520.17 |19 |(6-) |
114 |46 |2562.8 |5 |(6+) |
114 |46 |2598.42 |23 |(7-) |
114 |46 |2611.3 |3 |(6+) |
114 |46 |2623.27 |18 |(6-) |
114 |46 |2654.7 |10 |(8+) |
114 |46 |2687.7 |3 | |
114 |46 |2738.5 |3 | |
114 |46 |2752.0 |4 |(6,7-) |
114 |46 |2789.36 |24 | |
114 |46 |2792.8 |4 | |
114 |46 |2821.6 |4 | |
114 |46 |2853.2 |4 | |
114 |46 |2859.7 |4 |10+ |
114 |46 |2892.3 |4 | |
114 |46 |2905.7 |5 |(9+) |
114 |46 |2927.5 |4 | |
114 |46 |2953.4 |4 |(6-) |
114 |46 |2997.4 |3 | |
114 |46 |3047.6 |5 |(8-) |
114 |46 |3055.4 |5 | |
114 |46 |3064.40 |23 |(6,7)- |
114 |46 |3078.3 |3 |(6,7) |
114 |46 |3099.2 |4 |(6,7+) |
114 |46 |3104.4 |4 |(9-) |
114 |46 |3128.30 |21 |(6-) |
114 |46 |3138.78 |23 |(6-) |
114 |46 |3161.9 |4 | |
114 |46 |3237.1 |6 |(9-) |
114 |46 |3337.8 |11 |(10+) |
114 |46 |3423.9 |4 | |
114 |46 |3443.2 |5 |12+ |
114 |46 |3503.9 |6 |(11+) |
114 |46 |3737.8 |5 |(11-) |
114 |46 |3859.6 |8 |(11-) |
114 |46 |4147.3 |7 |(14+) |
114 |46 |4205.7 |8 |(13+) |
114 |46 |4472.6 |6 |(13-) |
114 |46 |4599.2 |9 |(13-) |
114 |46 |5011.6 |8 |(16+) |
114 |46 |5255.7 |7 |(15-) |
115 |46 |0.0 | |(1/2)+ |25 S 2
115 |46 |89.21 |16 |(7/2-) |50 S 3
115 |46 |127.84 |14 |(3/2+) |
115 |46 |128.0 |10 |(9/2-) |
115 |46 |177.0 |14 |(11/2)- |
115 |46 |253.62 |13 |(5/2+) |
115 |46 |295.53 |16 | |
115 |46 |354.58 |18 |(7/2+) |
115 |46 |433.16 |16 | |
115 |46 |468.34 |24 | |
115 |46 |572.0 |15 |(15/2-) |
115 |46 |575.6 |21 |(9/2+) |
115 |46 |884.8 |4 | |
115 |46 |956.7 |4 | |
115 |46 |1152.0 |15 |(19/2-) |
115 |46 |1484.1 |5 | |
115 |46 |1527.2 |5 | |
115 |46 |1895.8 |15 |(23/2-) |
115 |46 |1962.0 |6 | |
115 |46 |2158.5 |6 | |
115 |46 |2477.2 |6 | |
115 |46 |2710.2 |6 | |
115 |46 |2778.6 |15 |(27/2-) |
115 |46 |3119.1 |7 | |
115 |46 |3325.9 |7 | |
115 |46 |3774.8 |16 |(31/2-) |
115 |46 |3909.2 |8 | |
115 |46 |4071.2 |8 | |
116 |46 |0 | |0+ |11.8 S 4
116 |46 |340.26 |8 |2+ |0.11 NS 3
116 |46 |737.84 |8 |(2)+ |
116 |46 |877.58 |12 |4+ |
116 |46 |1066.21 |10 |(3+) |
116 |46 |1109.76 |22 |(0+) |
116 |46 |1373.01 |13 |(4+) |
116 |46 |1532.3 |5 |(4-) |
116 |46 |1558.97 |14 |6+ |
116 |46 |1694.87 |15 |(3-,4+) |
116 |46 |1718.21 |14 |(5+) |
116 |46 |1732.9 |3 |(0+) |
116 |46 |1809.88 |12 |(4-) |
116 |46 |1982.40 |13 |(5-) |
116 |46 |2005.7 |4 | |
116 |46 |2074.1 |4 |(2+) |
116 |46 |2101.0 |4 |(6+) |
116 |46 |2275.63 |17 |(6-) |
116 |46 |2315.57 |16 | |
116 |46 |2333.1 |5 | |
116 |46 |2343.2 |3 |8+ |
116 |46 |2432.72 |24 | |
116 |46 |2435.50 |18 |(7-) |
116 |46 |2448.53 |13 | |
116 |46 |2491.6 |4 |(7+) |
116 |46 |2603.25 |23 | |
116 |46 |2617.2 |4 | |
116 |46 |2654.3 |5 |(7-) |
116 |46 |2718.01 |21 | |
116 |46 |2812.5 |5 | |
116 |46 |2825.0 |4 |(8-) |
116 |46 |2840.4 |9 |(8+) |
116 |46 |2868.96 |17 | |
116 |46 |2970.4 |4 |(9-) |
116 |46 |3067.4 |7 |(9-) |
116 |46 |3091.0 |5 |10+ |
116 |46 |3255.0 |6 |(9+,8-) |
116 |46 |3491.6 |7 |(10-) |
116 |46 |3630.4 |5 |(11-) |
116 |46 |3682.6 |6 |12+ |
116 |46 |3697.3 |9 |(11-) |
116 |46 |3805.3 |7 |(11+,10-) |
116 |46 |4393.2 |7 |14+ |
116 |46 |4415.9 |6 |(13-) |
116 |46 |4504.8 |9 |(13+,12-) |
116 |46 |5242.9 |9 |16+ |
116 |46 |6093.8 | |18+ |
116 |46 |6917.2 | |20+ |
116 |46 |7818.8 | |22+ |
117 |46 |0.0 | |(5/2+) |4.3 S 3
117 |46 |34.64 |24 |(7/2+) |
117 |46 |131.76 |24 |(7/2+) |
117 |46 |203.3 |3 |(11/2-) |19.1 MS 7
117 |46 |641.3 |10 |(15/2-) |
117 |46 |1259.1 |14 |(19/2-) |
117 |46 |2026.8 |18 |(23/2-) |
117 |46 |2890.7 |20 |(27/2-) |
117 |46 |3052.7 |23 | |
117 |46 |3220.7 |25 | |
117 |46 |3292.4 |8 | |
117 |46 |3499 |3 | |
117 |46 |3738.7 |23 |(31/2-) |
117 |46 |3793.7 |23 | |
117 |46 |3842.7 |23 | |
117 |46 |3886 |3 | |
118 |46 |0.0 | |0+ |1.9 S 1
118 |46 |378.6 |1 |(2+) |
118 |46 |812.6 |1 |(2+) |
118 |46 |953.2 |2 |(4+) |
118 |46 |1020.3 |5 |(0+) |
118 |46 |1182.6 |2 |(3+) |
118 |46 |1461.6 |3 |(4+) |
118 |46 |1671.4 |2 |(6+) |
118 |46 |1824.0 |4 | |
118 |46 |1855.5 |5 |(5+) |
118 |46 |1871.1 |4 |(4-) |
118 |46 |1989.7 |2 |(5-) |
118 |46 |2083.1 |6 | |
118 |46 |2480.3 |5 |(7-) |
118 |46 |2492.9 |6 |(8+) |
118 |46 |2542.7 |4 |(6-) |
118 |46 |2622.4 |7 | |
118 |46 |3029.5 |6 |(9-) |
118 |46 |3091.0 |7 | |
118 |46 |3302.4 |7 | |
119 |46 |0.0 | | |0.92 S 1
120 |46 |0.0 | |0+ |492 MS 33
120 |46 |438.0 |10 |(2+) |
120 |46 |1056.5 |15 |(4+) |
120 |46 |1794.5 |18 |(6+) |
120 |46 |2589.5 |20 |(8+) |
120 |46 |3413.5 |23 | |
120 |46 |3470.5 |25 | |
121 |46 |0 | | |285 MS 24
121 |46 |135 | | |
122 |46 |0 | |0+ |175 MS 16
122 |46 |499 |9 |(2+) |
122 |46 |1164 |20 |(4+) |
123 |46 |0 | | |108 MS 2
124 |46 |0 | |0+ |38 MS +38-19
124 |46 |590 |11 |(2+) |
124 |46 |1300 |22 |(4+) |
124 |46 |0+X | | |
124 |46 |62.2+X |17 | |20 US GT
125 |46 |0 | | |57 MS 10
126 |46 |0 | |0+ |48.6 MS 12
126 |46 |693.3 |5 |(2+) |
126 |46 |1481.0 |7 |(4+) |
126 |46 |2023.5 |7 |(5-) |0.33 US 4
126 |46 |2109.7 |9 |(7-) |0.44 US 3
126 |46 |2406.4 |10 |(10+) |23.0 MS 9
127 |46 |0 | | |38 MS 2
128 |46 |0 | |0+ |35 MS 3
128 |46 |1311.4 |5 |(2+) |
128 |46 |1815.8 |7 |(4+) |
128 |46 |2075.9 |9 |(6+) |
128 |46 |2151.0 |10 |(8+) |5.8 US 8
129 |46 |0 | | |31 MS 7
