98 |49 |0+X | | |32 MS +32-11
98 |49 |0+Y | | |1.2 S +12-4
99 |49 |0.0 | | |3.0 S 8
100 |49 |0.0 | |(6+) |5.8 S 2
100 |49 |0+X | |(5+) |
100 |49 |96+X | |(4+) |
100 |49 |237+X | |(3+) |
100 |49 |673+X | |(2+) |
100 |49 |1424+X | |(2+) |
100 |49 |2721+X | |1+ |
101 |49 |0.0 | |(9/2+) |15.1 S 3
101 |49 |1309.7 |3 |(13/2+) |
101 |49 |1651.5 |4 |(17/2+) |
101 |49 |2010.9 |5 |(19/2+) |
101 |49 |3258.8 |7 |(21/2+) |
101 |49 |4394.8 |12 |(23/2-) |
101 |49 |4781.6 |13 |(25/2-) |
101 |49 |4934.6 |7 |(23/2+) |
101 |49 |6074.2 |10 | |
102 |49 |0.0 | |(6+) |23.3 S 1
102 |49 |94 | |(4+) |
102 |49 |144.94 |18 |(7+) |
102 |49 |163 | |(3+) |
102 |49 |352.01 |23 |(7+) |
102 |49 |483 | |(2+) |
102 |49 |700 | |(3+) |
102 |49 |938 | |(2+) |
102 |49 |979.67 |23 |(8+) |
102 |49 |1270 | |(1+) |
102 |49 |1281.65 |22 |(9+) |
102 |49 |1315.3 |8 |(9+) |
102 |49 |1500.0 |4 |(9+) |
102 |49 |1521 | |1+ |
102 |49 |1546 | |1+ |
102 |49 |1663.3 |4 |(10+) |
102 |49 |1723.1 |3 |(10+) |
102 |49 |1808 | |(1+) |
102 |49 |1908 | |1+ |
102 |49 |1913.0 |4 |(11+) |
102 |49 |2039.0 |4 |(11+) |
102 |49 |2200 | |(1+) |
102 |49 |2702.0 |11 |(10,12) |
102 |49 |3063.1 |4 |(12+) |
102 |49 |3179.7 |4 |(12+) |
102 |49 |3679.0 |15 | |
102 |49 |3857.7 |4 |(13+) |
102 |49 |3940.8 |4 |(12-) |
102 |49 |4046.0 |5 |(12-) |
102 |49 |4118.9 |4 |(13-) |
102 |49 |4212.4 |5 |(13-) |
102 |49 |4237.6 |5 |(12-) |
102 |49 |4313.7 |5 |(12-) |
102 |49 |4341.0 |4 |(14-) |
102 |49 |4479.1 |4 |(13-) |
102 |49 |4732.8 |4 |(13+) |
102 |49 |4814.0 |5 |(14-) |
102 |49 |4893.9 |5 |(14-) |
102 |49 |4928.3 |5 |(13+) |
102 |49 |4957.3 |5 |(15-) |
102 |49 |5189.3 |10 | |
102 |49 |5191.7 |4 |(14+) |
102 |49 |5852.7 |4 |(15+) |
102 |49 |5978.0 |15 | |
102 |49 |6236.2 |4 |(16+) |
102 |49 |6483.3 |5 |(16-) |
102 |49 |6627.4 |5 |(17+) |
102 |49 |7415.4 |6 | |
102 |49 |7459.3 |5 |(17-) |
102 |49 |8175.0 |6 | |
102 |49 |8247.7 |6 | |
102 |49 |9058.6 |7 | |
103 |49 |0.0 | |(9/2)+ |65 S 7
103 |49 |631.7 |1 |(1/2-) |34 S 2
103 |49 |1077.59 |17 |(11/2+) |
103 |49 |1272.85 |16 |(13/2+) |
103 |49 |1355.80 |10 | |
103 |49 |1396.81 |10 | |
103 |49 |1428.91 |10 |(9/2+) |
103 |49 |1669.64 |18 | |
103 |49 |1795.3 |3 |(17/2+) |0.13 NS 2
103 |49 |1908.5 |5 | |
103 |49 |2025.0 |3 | |
103 |49 |2110.3 |4 |(19/2+) |
103 |49 |2148.92 |23 | |
103 |49 |2176.83 |14 | |
103 |49 |2209.2 |3 | |
103 |49 |2320.1 |6 | |
103 |49 |2812.7 |4 | |
103 |49 |2925.5 |4 |(21/2+) |
103 |49 |3247.9 |4 |(23/2+) |
103 |49 |3280.6 |3 | |
103 |49 |3462.1 |4 | |
103 |49 |3686.8 |5 |(25/2+) |
103 |49 |4192.4 |5 |(23/2-) |
103 |49 |4589.9 |5 |(25/2-) |
103 |49 |4810.8 |6 |(27/2+) |
103 |49 |5098.3 |6 |(25/2-) |
103 |49 |5342.6 |7 |(27/2-) |
103 |49 |5570.6 |6 |(27/2-) |
103 |49 |5703.8 |7 |(29/2-) |
103 |49 |5852.6 |6 |(29/2-) |
103 |49 |6192.0 |8 |(31/2-) |
103 |49 |6229.0 |7 |(31/2-) |
103 |49 |6303.4 |8 | |
104 |49 |0 | |(6+) |1.80 M 3
104 |49 |85.389 |10 |(7+) |
104 |49 |93.22 |10 |(5+) |
104 |49 |93.48 |10 |(3+) |15.7 S 5
104 |49 |213.011 |10 |(7+) |6.1 PS 3
104 |49 |226.19 |13 |(2+) |
104 |49 |241.34 |12 |(4+) |
104 |49 |396.06 |12 |(3+) |
104 |49 |738.19 |18 |(2+) |
104 |49 |933.63 |5 |(8+) |
104 |49 |1139.25 |23 |1+ |
104 |49 |1140.63 |6 |(7+) |
104 |49 |1344.25 |4 |(9+) |3.5 PS 7
104 |49 |1382.4 |5 |1+ |
104 |49 |1411.45 |4 |(9+) |
104 |49 |1441.6 |3 |1+ |
104 |49 |1499.7 | |(1+) |
104 |49 |1571.18 |14 |(9+) |
104 |49 |1586.60 |4 |(10+) |26.3 PS 14
104 |49 |1633.3 |4 |1+ |
104 |49 |1651.0 |4 |1+ |
104 |49 |1818.20 |9 |(8-) |
104 |49 |1879.76 |5 |(11+) |
104 |49 |1928.61 |14 |(10+) |
104 |49 |1944.02 |5 |(11+) |0.8 PS 3
104 |49 |2004.71 |8 |(9-) |
104 |49 |2031.20 |16 |(10+) |
104 |49 |2072.0 | |(1+) |
104 |49 |2415.2 |5 |(11+) |
104 |49 |2529.10 |10 |(10-) |3.4 PS LT
104 |49 |2696.17 |7 |(12+) |1.6 PS 2
104 |49 |2868.98 |12 |(12+) |
104 |49 |2985.00 |7 |(13+) |
104 |49 |3061.61 |11 |(13+) |
104 |49 |3102.64 |15 |(11-) |3.4 PS LT
104 |49 |3323.16 |12 |(13+) |
104 |49 |3560.65 |15 |(12-) |3.4 PS LT
104 |49 |3566.20 |15 |(12-) |0.40 PS 6
104 |49 |3817.17 |15 |(13-) |3.4 PS LT
104 |49 |3835.9 |3 |(12-) |
104 |49 |3965.54 |18 |(13-) |
104 |49 |4071.7 |4 |(13-) |
104 |49 |4103.04 |15 |(14-) |0.60 PS 5
104 |49 |4326.07 |19 |(14-) |
104 |49 |4437.71 |16 |(14+) |
104 |49 |4642.93 |16 |(15-) |0.7 PS 3
104 |49 |5203.88 |17 |(16-) |
104 |49 |5625.56 |20 |(17-) |
104 |49 |6152.69 |23 |(18-) |
105 |49 |0.0 | |9/2+ |5.07 M 7
105 |49 |674.08 |25 |(1/2-) |48 S 6
105 |49 |992.07 |17 |11/2+ |
105 |49 |1209.6 |4 | |
105 |49 |1281.72 |24 | |
105 |49 |1302.9 |5 | |
105 |49 |1341.63 |17 |13/2+ |
105 |49 |1415.9 |3 | |
105 |49 |1417.0 |3 | |
105 |49 |1465.9 |3 | |
105 |49 |1590.8 |4 | |
105 |49 |1826.3 |3 |17/2+ |416 PS 28
105 |49 |1881.5 |8 | |
105 |49 |1932.2 |5 | |
105 |49 |1942.4 |5 | |
105 |49 |1978.7 |6 | |
105 |49 |1984.5 |3 | |
105 |49 |1988.0 |11 | |
105 |49 |2097.8 |3 |19/2+ |2.61 PS 12
105 |49 |2222.1 |8 | |
105 |49 |2269.9 |11 | |
105 |49 |2311.6 |6 | |
105 |49 |2368.8 | | |
105 |49 |2370.3 |11 | |
105 |49 |2399.1 |11 | |
105 |49 |2426.2 |8 | |
105 |49 |2471.2 |8 | |
105 |49 |2517.4 |11 | |
105 |49 |2590.3 |4 | |
105 |49 |2625.7 |11 | |
105 |49 |2664.9 |11 | |
105 |49 |2752.4 |11 | |
105 |49 |2758.7 |8 | |
105 |49 |2771.1 | | |
105 |49 |2782.1 |4 | |
105 |49 |2937.9 |4 |21/2+ |0.52 PS 10
105 |49 |2958.2 |11 | |
105 |49 |2964.4 |8 | |
105 |49 |3024.6 |5 | |
105 |49 |3082.1 |8 | |
105 |49 |3112.4 |8 | |
105 |49 |3143.7 |7 | |
105 |49 |3158.4 |6 | |
105 |49 |3242.2 |11 | |
105 |49 |3262.2 |11 | |
105 |49 |3345.3 |4 |23/2+ |1.59 PS 28
105 |49 |3414.2 |5 | |
105 |49 |3435.6 | | |
105 |49 |3466.28 |10 | |
105 |49 |3471.5 |5 | |
105 |49 |3524.9 |11 | |
105 |49 |3573.1 | | |
105 |49 |3593.7 |8 | |
105 |49 |3626.8 |8 | |
105 |49 |3631.5 |4 |25/2+ |4.09 PS 14
105 |49 |3654.1 |4 |19/2- |1.4 PS LT
105 |49 |3699.8 |8 | |
105 |49 |3827.6 |4 |21/2- |0.55 PS 7
105 |49 |3952.1 |6 | |
105 |49 |3957.9 |4 |23/2- |1.73 PS 14
105 |49 |3971.2 |4 |21/2- |
105 |49 |4197.9 |11 | |
105 |49 |4310.2 |4 |23/2- |
105 |49 |4356.0 |4 |25/2- |1.4 PS LT
105 |49 |4490.1 |4 |29/2+ |0.97 PS 21
105 |49 |4953.9 |5 |25/2- |
105 |49 |5046.4 |4 |27/2- |0.35 PS LT
105 |49 |5249.9 |5 |29/2(+) |
105 |49 |5274.0 |4 |27/2- |
105 |49 |5354.9 |8 | |
105 |49 |5488.1 |4 |29/2- |1.04 PS 28
105 |49 |5620.2 |4 |29/2- |0.62 PS 14
105 |49 |5890.6 |4 |31/2- |
105 |49 |6002.8 |8 | |
105 |49 |6021.1 |4 |31/2- |
105 |49 |6125.5 |9 | |
105 |49 |6381.8 |5 |33/2- |
105 |49 |6586.1 |4 |33/2- |
105 |49 |7055.9 |5 |35/2- |
105 |49 |7106.4 |5 |(35/2-) |
105 |49 |7552.9 |5 |37/2- |
105 |49 |7739.8 |6 | |
105 |49 |7800.8 |8 |33/2(+) |
105 |49 |8096.8 |8 |35/2(+) |
105 |49 |8479.2 |8 |39/2- |
105 |49 |8552.4 |8 |37/2(+) |
105 |49 |8561.6 |10 | |
105 |49 |8916.5 |10 | |
105 |49 |9130.6 |9 |39/2(+) |
105 |49 |9297.4 |11 |41/2- |
105 |49 |9456.6 |11 |41/2(+) |
105 |49 |9646.4 |10 |41/2(+) |
105 |49 |10151.4 |14 |43/2(+) |
105 |49 |10196.4 |15 |43/2- |
105 |49 |10554.0 |12 |45/2(+) |
105 |49 |10823.4 |18 |45/2(+) |
105 |49 |11786.4 |20 |47/2(+) |
105 |49 |11840.1 |16 |49/2(+) |
105 |49 |13345.1 |19 |53/2(+) |
105 |49 |15283.1 |21 |57/2(+) |
106 |49 |0.0 | |7+ |6.2 M 1
106 |49 |28.6 |3 |(2)+ |5.2 M 1
106 |49 |123.2 |1 |(6,7,8,9+) |
106 |49 |147.18 |4 |(7+) |
106 |49 |151.1 |4 |(2)+ |
106 |49 |203.7 |4 |(3)+ |
106 |49 |223.60 |15 |(5) |
106 |49 |253.0 |4 |(3)+ |
106 |49 |306.2 |4 |(4) |
106 |49 |390.0 |3 |(6) |
106 |49 |506.3 |5 |(1+) |
106 |49 |753.3 |5 |(3,4) |
106 |49 |758.9 |4 |(6,7) |
106 |49 |820.52 |9 |(8+) |
106 |49 |893.0 |6 |1+ |
106 |49 |1117.62 |13 |(8+) |
106 |49 |1218.7 |9 |1+ |
106 |49 |1307.08 |7 |(9+) |
106 |49 |1406.82 |17 |(9+) |
106 |49 |1419.36 |5 |(8-) |
106 |49 |1602.2 |15 |1+ |
106 |49 |1628.30 |15 |(9-) |
106 |49 |1713.69 |20 |(10+) |
106 |49 |1925.3 |15 |1+ |
106 |49 |1956.96 |22 |(11+) |
106 |49 |2148.41 |15 |(10-) |
106 |49 |2174.21 |23 |(11+) |
106 |49 |2730.88 |15 |(11-) |
106 |49 |3182.19 |16 |(12-) |
106 |49 |3217.00 |17 |(12-) |
106 |49 |3456.93 |16 |(13-) |
106 |49 |3638.81 |21 |(13-) |
106 |49 |3783.23 |17 |(14-) |
106 |49 |4007.10 |23 |(14-) |
106 |49 |4331.58 |22 |(15-) |
106 |49 |4486.4 |3 |(15-) |
106 |49 |4980.3 |6 |(16-) |
106 |49 |5483.2 |7 |(17-) |
107 |49 |0.0 | |9/2+ |32.4 M 3
107 |49 |678.5 |3 |1/2- |50.4 S 6
107 |49 |1001.25 |25 |11/2+ |
107 |49 |1107.1 |4 |(3/2)- |
107 |49 |1129.3 |4 |(5/2)+ |
107 |49 |1166.1 |5 |(1/2)+ |
107 |49 |1396.0 |5 |(5/2+) |
107 |49 |1414.8 |5 |13/2+ |
107 |49 |1423.3 |4 |(9/2)+ |
107 |49 |1490.9 |5 |(3/2)+ |
107 |49 |1518.9 |5 |(1/2,3/2,5/2)- |
107 |49 |1540.6 |5 |(+) |
107 |49 |1733 | | |
107 |49 |1805.6 |7 | |
107 |49 |1840 |20 |(1/2+) |
107 |49 |1853.6 |11 |17/2+ |1.7 NS 3
107 |49 |1864.6 |7 |- |
107 |49 |1910.5 |7 |- |
107 |49 |1937.3 |11 | |
107 |49 |1941.3 |9 | |
107 |49 |1972.7 | |(7/2,9/2,11/2) |
107 |49 |2004.0 |15 |19/2+ |0.6 NS 2
107 |49 |2200 |20 | |
107 |49 |2290 |20 | |
107 |49 |2314.8 |12 | |
107 |49 |2320.2 |18 |(17/2,19/2,21/2)+ |
107 |49 |2340 |20 | |
107 |49 |2395 |20 | |
107 |49 |2416.8 |3 |(17/2,19/2,21/2) |
107 |49 |2431.2 |3 |(17/2,19/2)+ |
107 |49 |2465.5 |12 | |
107 |49 |2705 |20 | |
107 |49 |2795.2 |18 |21/2+ |
107 |49 |2889.0 |16 | |
107 |49 |3223.8 |9 | |
107 |49 |3283.3 |15 |19/2- |0.2 NS LT
107 |49 |3314.7 |3 |(19/2,21/2)+ |
107 |49 |3442.2 |18 |21/2- |0.2 NS LT
107 |49 |3537.0 |16 |21/2- |
107 |49 |3646.2 |21 |23/2- |
107 |49 |3742.6 |3 |(17/2to23/2) |
107 |49 |3752.0 |16 | |
107 |49 |3852.4 |3 | |
107 |49 |3853.0 |19 |23/2- |
107 |49 |4039.2 |5 |25/2- |
107 |49 |4103.0 |17 | |
107 |49 |4213.0 |22 |25/2- |
107 |49 |4650.6 |5 |27/2- |
107 |49 |4723.0 |24 |27/2- |
107 |49 |4787.0 |21 | |
107 |49 |4890.0 |24 | |
107 |49 |4902.0 |22 |29/2(-) |
107 |49 |5075.0 |24 | |
107 |49 |5182.7 |5 |29/2(-) |
107 |49 |5211 |3 |29/2(-) |
107 |49 |5502 |3 | |
107 |49 |5566.0 |22 |31/2(-) |
107 |49 |5655 |3 |31/2(-) |
107 |49 |6070.0 |24 |33/2(-) |
107 |49 |6989 |3 |(33/2) |
107 |49 |9402 |10 |5/2+ |
107 |49 |9815 |10 |1/2+ |
107 |49 |10079 |10 |3/2+ |
108 |49 |0.0 | |7+ |58.0 M 12
108 |49 |29.75 |5 |2+ |39.6 M 7
108 |49 |96.91 |6 |(6,7,8) |
108 |49 |150.80 |7 |7+ |
108 |49 |198.36 |6 |3+ |
108 |49 |230.70 |7 |(4)+ |
108 |49 |247.67 |4 |6+,(7)+ |
108 |49 |266.02 |6 |3+ |
108 |49 |288.87 |5 |(5)+ |
108 |49 |302.49 |6 |2+ |
108 |49 |481.55 |6 |4+ |
108 |49 |598.42 |5 |5+,(6)+ |
108 |49 |632.93 |6 |4+,5+ |
108 |49 |681.62 |5 |5+,(6)+ |
108 |49 |698.85 |6 |1+ |
108 |49 |764.25 |6 |2- |
108 |49 |807.76 |9 |8+ |
108 |49 |867.95 |6 |3-,2- |
108 |49 |904.42 |11 |(7-) |
108 |49 |957.1 |9 |(8+) |
108 |49 |982.34 |9 |(5,6) |
108 |49 |1010.09 |6 |(2,3)+ |
108 |49 |1028.24 |7 |(4,3) |
108 |49 |1037.42 |6 |4,5,6 |
108 |49 |1070.41 |7 |(4,3) |
108 |49 |1086.14 |13 | 4+ |
108 |49 |1094.77 |6 |1,2,3 |
108 |49 |1109.82 |6 |2,3,4 |
108 |49 |1113.82 |7 |1,2,3 |
108 |49 |1114.38 |9 | |
108 |49 |1119.49 |9 |8- |
108 |49 |1158.70 |8 |2,3,4 |
108 |49 |1166.94 |7 | |
108 |49 |1178.46 |9 | |
108 |49 |1183.44 |7 | |
108 |49 |1191.44 |6 |1+ |
108 |49 |1212.68 |9 | |
108 |49 |1260.71 |7 | |
108 |49 |1266.46 |9 | |
108 |49 |1270.52 |9 | |
108 |49 |1294.00 |12 | |
108 |49 |1309.74 |7 | |
108 |49 |1314.94 |8 | |
108 |49 |1332.79 |10 |(9)- |
108 |49 |1358.10 |8 | |
108 |49 |1396.59 |8 |(9+) |
108 |49 |1401.45 |7 | |
108 |49 |1410.85 |13 | |
108 |49 |1415.74 |9 | |
108 |49 |1422.56 |12 | |
108 |49 |1456.76 |11 | |
108 |49 |1469.33 |10 | |
108 |49 |1486.31 |11 | |
108 |49 |1497.90 |16 | |
108 |49 |1532.07 |12 | |
108 |49 |1542.93 |7 | |
108 |49 |1555.63 |11 | |
108 |49 |1557.16 |10 |9+ |
108 |49 |1562.88 |8 | |
108 |49 |1590.29 |16 | |
108 |49 |1612.07 |10 | |
108 |49 |1629.60 |9 | |
108 |49 |1633.63 |10 |(11+) |
108 |49 |1707.3 |10 |(9+) |
108 |49 |1861.90 |11 |(10-) |
108 |49 |2077.84 |11 |9(-) |
108 |49 |2085.2 |4 |(11-) |
108 |49 |2253.53 |14 | |
108 |49 |2364.4 |9 |9- |
108 |49 |2368.17 |9 |10- |
108 |49 |2407.4 |5 |(12-) |
108 |49 |2431.2 |6 | |
108 |49 |2439.46 |10 |10(-) |
108 |49 |2466.54 |13 |(11)- |
108 |49 |2515.01 |11 |10- |
108 |49 |2617.14 |13 | |
108 |49 |2620.58 |14 |(12+) |
108 |49 |2662.04 |10 |11- |
108 |49 |2695.9 |10 |(11-) |
108 |49 |2761.0 |4 | |
108 |49 |2815.45 |14 |12- |
108 |49 |2820.9 |6 |(13-) |
108 |49 |2879.44 |11 |11- |
108 |49 |3008.45 |21 |12- |
108 |49 |3010.16 |14 | |
108 |49 |3046.26 |16 |13- |
108 |49 |3064.38 |17 |(13+) |
108 |49 |3102.91 |12 |12- |
108 |49 |3274.18 |13 |(12-) |
108 |49 |3382.20 |19 |14- |1.13 PS 4
108 |49 |3403.8 |4 |(14-) |
108 |49 |3425.17 |15 |(13-) |
108 |49 |3446.36 |23 |(13-) |
108 |49 |3548.14 |13 |11(-) |
108 |49 |3643.96 |23 |13- |
108 |49 |3676.4 |4 |(15-) |
108 |49 |3828.29 |19 |15- |
108 |49 |3838.87 |18 |(14-) |
108 |49 |3877.0 |5 |(15-) |
108 |49 |3910.24 |18 |15- |0.42 PS +7-17
108 |49 |3972.26 |19 |14(-) |
108 |49 |4051.2 |10 |(15-) |
108 |49 |4101.22 |14 |13 |
108 |49 |4135.5 |6 | |
108 |49 |4265.66 |15 |14(-) |
108 |49 |4330.75 |16 |13+ |
108 |49 |4349.9 |11 |(14+) |
108 |49 |4382.86 |22 |15(-) |
108 |49 |4408.09 |20 |(15+) |
108 |49 |4441.9 |6 |(16-) |
108 |49 |4464.9 |11 |(14+) |
108 |49 |4471.37 |21 |(15-) |
108 |49 |4485.74 |21 |(16-) |
108 |49 |4495.3 |4 | |
108 |49 |4516.94 |17 |14+ |
108 |49 |4571.45 |20 |16- |0.308 PS +17-33
108 |49 |4698.4 |7 |(17-) |
108 |49 |4773.01 |18 |15+ |
108 |49 |4879.05 |16 |15 |
108 |49 |5077.01 |21 |(16-) |
108 |49 |5130.27 |20 |16+ |0.299 PS +27-24
108 |49 |5156.85 |20 |17- |
108 |49 |5186.15 |19 | |
108 |49 |5492.50 |23 |(17-) |
108 |49 |5537.81 |21 | |
108 |49 |5603.73 |22 |17+ |0.155 PS +12-10
108 |49 |5707.40 |18 |17 |
108 |49 |5807.20 |18 |17 |
108 |49 |5892.8 |3 |18- |
108 |49 |5954.5 |3 |(18-) |
108 |49 |6168.59 |21 |18+ |0.110 PS 8
108 |49 |6447.8 |3 |(19-) |
108 |49 |6587.73 |25 |18+ |
108 |49 |6611.65 |19 |19 |
108 |49 |6710.96 |22 |19+ |0.038 PS +7-12
108 |49 |7212.64 |24 |(19+) |
108 |49 |7234.96 |24 |(20+) |
108 |49 |7286.96 |24 |(20+) |
108 |49 |7614.06 |21 |21 |
108 |49 |7747.6 |5 | |
108 |49 |7831.0 |3 |(21+) |
108 |49 |8015.6 |4 |(21+) |
108 |49 |8558.1 |5 |(22+) |
108 |49 |8571.3 |4 |(22+) |
108 |49 |8793.06 |23 |(23) |
109 |49 |0 | |9/2+ |4.167 H 18
109 |49 |650.1 |3 |1/2- |1.34 M 7
109 |49 |981.4 |4 |(3/2)- |0.62 PS +30-15
109 |49 |1026.4 |2 |(11/2)+ |0.17 PS 7
109 |49 |1099.2 |4 |5/2+ |0.45 PS 23
109 |49 |1172.1 |4 |1/2+, 3/2+ |
109 |49 |1320.8 |5 |(5/2,7/2)+ |
109 |49 |1428.3 |2 |(13/2)+ |0.3 PS 1
109 |49 |1441.4 |5 |(3/2,5/2)- |
109 |49 |1463.6 |4 |(9/2)+ |0.2 PS 1
109 |49 |1482.2 |4 |(3/2,5/2) |
109 |49 |1483.1 |4 |(3/2,5/2)+ |
109 |49 |1573.9 |5 | |
109 |49 |1712.9 |4 |(9/2)+ |
109 |49 |1722.3 |5 |(5/2,7/2)+ |
109 |49 |1759.2 |2 | |
109 |49 |1816.8 |7 |(1/2,3/2,5/2)- |
109 |49 |1901.3 |2 |(9/2,11/2,13/2)+ |0.14 PS 7
109 |49 |1956.9 |2 | |
109 |49 |2055.2 |3 |3/2+,7/2+ |
109 |49 |2064.4 |5 |(3/2-,5/2-,7/2-) |
109 |49 |2101.8 |2 |(19/2+) |0.209 S 6
109 |49 |2125.9 |2 |(5/2+,7/2+,9/2+) |
109 |49 |2138.3 |2 |(3/2+) |
109 |49 |2151.3 |4 |(3/2,5/2) |
109 |49 |2195.2 |3 |(15/2)+ |0.35 PS 14
109 |49 |2218.5 |4 |(5/2+,7/2+) |
109 |49 |2235.8 |3 |(5/2+,7/2+) |
109 |49 |2271.0 |10 |(3/2,7/2) |
109 |49 |2272.2 |5 |(13/2-) |
109 |49 |2276.5 |2 | |
109 |49 |2305.3 |4 |(3/2+,5/2) |
109 |49 |2322.0 |10 |(15/2) |
109 |49 |2356.2 |3 |(3/2,7/2) |
109 |49 |2411.0 |3 | |
109 |49 |2468.0 |10 |(3/2+,7/2+) |
109 |49 |2508.5 |3 |(3/2+,5/2+) |
109 |49 |2532.4 |3 |(15/2)- |0.24 PS 10
109 |49 |2541.8 |3 |5/2+,7/2+ |
109 |49 |2560.9 |2 |(3/2+) |
109 |49 |2564.2 |7 | |
109 |49 |2574.8 |3 | |
109 |49 |2591.6 |3 |(5/2+,7/2+,9/2+) |
109 |49 |2602.7 |4 |(5/2,7/2) |
109 |49 |2617.0 |4 |(5/2,7/2) |
109 |49 |2785.4 |3 |(7/2+) |
109 |49 |2808.7 |4 |(3/2,5/2) |
109 |49 |2813.2 |4 |(5/2,7/2) |
109 |49 |2845.5 |3 |(3/2+) |
109 |49 |2851.9 |3 |(5/2+,7/2+) |
109 |49 |2858.6 |2 |(5/2+,7/2+) |
109 |49 |2868.7 |3 |(17/2)- |0.38 PS 17
109 |49 |2871.0 |3 |(5/2+) |
109 |49 |2919.8 |7 | |
109 |49 |2924.5 |2 |(3/2+,5/2+) |
109 |49 |2942.9 |3 |(5/2+) |
109 |49 |2957.9 |3 |(19/2)- |
109 |49 |2986.9 |4 |(3/2+,5/2+,7/2+) |
109 |49 |3013.4 |3 |(5/2,7/2) |
109 |49 |3029.7 |3 |5/2+ |
109 |49 |3034.8 |4 |(5/2,7/2) |
109 |49 |3050.6 |2 |(5/2,7/2) |
109 |49 |3065.6 |2 |(5/2,7/2) |
109 |49 |3067.3 |3 |(17/2)- |0.17 PS 10
109 |49 |3092.0 |3 |(19/2)- |0.5 PS 2
109 |49 |3122.4 |3 |(21/2)- |
109 |49 |3140 |4 |(5/2,7/2) |
109 |49 |3202.4 |4 |(21/2)- |
109 |49 |3273.8 |8 | |
109 |49 |3285.8 |4 |(19/2)- |1.0 PS GT
109 |49 |3316.7 |3 |(5/2+,7/2+) |
109 |49 |3360.9 |6 |(5/2,7/2) |
109 |49 |3374.6 |3 |(19/2)- |0.20 PS 10
109 |49 |3395.6 |3 |(5/2+,7/2+) |
109 |49 |3410.3 |10 |(23/2)- |0.40 PS 14
109 |49 |3418.5 |6 |(5/2,7/2) |
109 |49 |3427.3 |6 |(5/2+,7/2+) |
109 |49 |3461.8 |10 |(23/2)- |
109 |49 |3484.8 |8 | |
109 |49 |3517.1 |10 |(21/2)- |0.45 PS 14
109 |49 |3800.1 |10 |(25/2)- |1.4 PS 7
109 |49 |3976.8 |9 | |
109 |49 |4037.1 |10 |(25/2)- |0.6 PS 3
109 |49 |4473.8 |9 | |
109 |49 |4508.3 |9 |(27/2-) |
109 |49 |4832.3 |9 |(29/2-) |
109 |49 |5055.6 |10 | |
109 |49 |5241.5 |9 |(31/2-) |
109 |49 |5423.2 |10 | |
109 |49 |5796.7 |10 | |
109 |49 |5905.0 |10 | |
109 |49 |6258.9 |10 | |
109 |49 |6385.7 |11 | |
109 |49 |10744 |5 |1/2+ |
109 |49 |11053 |5 |3/2+ |
109 |49 |11596 |5 |1/2+ |
110 |49 |0.0 | |7+ |4.92 H 8
110 |49 |62.08 |4 |2+ |69.1 M 5
110 |49 |202.38 |4 |3+ |
110 |49 |321.20 |4 |4+ |
110 |49 |334.09 |5 |2+ |4.9 PS GE
110 |49 |342.55 |5 |1+ |4.9 PS GE
110 |49 |346.32 |4 |4+ |
110 |49 |366.52 |5 |(5+) |
110 |49 |413.482 |18 |7+ |
110 |49 |437.15 |4 |(5)+ |
110 |49 |541.24 |5 |3+ |2.4 PS +17-6
110 |49 |568.40 |3 |(6)+ |1.9 PS +9-6
110 |49 |714.47 |4 |8+ |1.4 PS +15-5
110 |49 |756.45 |5 |(4,5)+ |1.0 PS +4-2
110 |49 |756.55 |5 |2- |
110 |49 |793.04 |5 |4+ |1.7 PS +10-5
110 |49 |799.851 |16 |7- |2.0 PS GE
110 |49 |808.072 |21 |8- |2.4 PS GE
110 |49 |856.266 |22 |6,7- |
110 |49 |886.41 |3 |5+,6+,7+ |
110 |49 |887.40 |6 |4+,5+,6+ |
110 |49 |958.46 |5 |3+ |
110 |49 |970.87 |6 |3+,4,5+ |
110 |49 |989.84 |5 |2- |
110 |49 |1006.06 |3 |(5,6) |1.7 PS GE
110 |49 |1017.93 |4 |9- |1.2 PS GE
110 |49 |1020.81 |4 |5+,6+ |
110 |49 |1023.40 |5 |3- |
110 |49 |1049.88 |5 |1+,2+ |1.0 PS +9-4
110 |49 |1062.71 |6 |4,5,6+ |
110 |49 |1118.45 |11 | |
110 |49 |1119.82 |6 |(0)- |
110 |49 |1134.07 |5 |3-,4- |
110 |49 |1176.23 |6 |2+,3 |
110 |49 |1190.93 |5 |1-,2-,3- |
110 |49 |1204.87 |5 |4-,5-,6- |1.1 PS GE
110 |49 |1216.80 |7 |2+,3+,4+ |
110 |49 |1230.05 |4 |3-,4,5,6+ |
110 |49 |1239.93 |6 |1-,2-,3- |
110 |49 |1254.91 |7 |0-,1-,2- |
110 |49 |1259.39 |8 | |
110 |49 |1280.23 |10 |+ |
110 |49 |1303.23 |16 | |
110 |49 |1390.70 |10 | |
110 |49 |1396.34 |8 |9+ |
110 |49 |1441.75 |6 | |
110 |49 |1482.35 |6 | |1.8 PS GE
110 |49 |1494.00 |18 |- |
110 |49 |1507.10 |6 | |
110 |49 |1529.70 |24 | |
110 |49 |1561.59 |6 |10- |
110 |49 |1562.99 |8 | |0.97 PS +21-14
110 |49 |1617.49 |6 |8- |
110 |49 |1693.65 |9 | |
110 |49 |1886.23 |7 |10- |
110 |49 |2110.15 |13 |10+ |
110 |49 |2129.14 |6 |10- |
110 |49 |2174.91 |7 |11- |
110 |49 |2201.99 |7 |10- |
110 |49 |2220.65 |8 |9- |
110 |49 |2275.59 |7 |10- |
110 |49 |2492.59 |9 |(11)- |
110 |49 |2596.95 |8 |12- |
110 |49 |2607.45 |7 |11- |
110 |49 |2687.0 |5 |(10+) |
110 |49 |2764.86 |8 |12- |
110 |49 |2798.43 |8 |11- |
110 |49 |2837.98 |10 |13- |
110 |49 |2854.35 |24 |(11+) |
110 |49 |2901.99 |13 | |
110 |49 |2908.48 |9 |(12-) |
110 |49 |3080.00 |12 |12- |
110 |49 |3192.14 |12 |14- |0.868 PS +24-25
110 |49 |3196.98 |14 |(13-) |
110 |49 |3245.11 |8 |(10,11)- |
110 |49 |3326.98 |10 |11+ |
110 |49 |3344.78 |14 |(14)- |
110 |49 |3371.31 |21 |13- |
110 |49 |3373.9 |10 | |
110 |49 |3438.41 |13 | |
110 |49 |3512.46 |9 |12+ |
110 |49 |3629.03 |13 |13- |
110 |49 |3697.69 |10 |12- |
110 |49 |3713.24 |16 |15- |0.50 PS +4-3
110 |49 |3719.82 |9 |13+ |
110 |49 |3732.99 |17 |(14-) |
110 |49 |3821.18 |17 |(15-) |
110 |49 |3833.00 |16 |(14-) |
110 |49 |3914.94 |10 |13+ |
110 |49 |3943.39 |11 |14+ |
110 |49 |3995.62 |10 |13- |
110 |49 |4081.70 |11 |14+ |
110 |49 |4156.50 |16 |14- |
110 |49 |4228.98 |12 |15+ |0.435 PS +17-16
110 |49 |4263.99 |12 |14- |
110 |49 |4323.05 |24 |13-,14-,15- |
110 |49 |4370.60 |13 |15+ |
110 |49 |4528.31 |18 |16- |
110 |49 |4561.77 |13 |15(-) |
110 |49 |4598.02 |14 |16+ |0.297 PS +6-11
110 |49 |4602.10 |19 |(16-) |
110 |49 |4606.03 |16 |15- |
110 |49 |4802.89 |20 |(17-) |
110 |49 |4802.95 |15 |16+ |
110 |49 |4942.2 |4 |16- |
110 |49 |4995.57 |17 |16(-) |
110 |49 |5045.60 |15 |13+,14+,15+ |
110 |49 |5084.90 |14 |17+ |0.159 PS +24-18
110 |49 |5180.81 |19 |16- |
110 |49 |5265.18 |19 |17- |
110 |49 |5283.39 |14 |17(+) |
110 |49 |5403.27 |21 |17- |
110 |49 |5545.88 |19 |(17-) |
110 |49 |5556.44 |19 |17(-) |0.54 PS +7-6
110 |49 |5561.68 |19 |(17-) |
110 |49 |5650.39 |14 |18+ |0.136 PS +15-13
110 |49 |5687.23 |20 |16-,17-,18- |
110 |49 |5825.10 |17 |(16+,17+,18+) |
110 |49 |5833.45 |15 |(18+) |
110 |49 |5839.27 |17 |(18+) |
110 |49 |6062.11 |21 |18- |
110 |49 |6095.43 |23 |(19)- |
110 |49 |6223.33 |17 |19+ |0.073 PS +6-9
110 |49 |6296.99 |18 |(19)+ |
110 |49 |6445.54 |22 |19(-) |0.38 PS +4-3
110 |49 |6707.23 |19 |(20+) |
110 |49 |6992.09 |20 |(20+) |
110 |49 |6999.21 |24 |20- |
110 |49 |7240.6 |4 |(19)+ |
110 |49 |7272.63 |22 |(21+) |
110 |49 |7391.75 |24 |21(-) |0.279 PS +16-12
110 |49 |7980.84 |24 |(22+) |
110 |49 |8087.8 |3 |(22-) |
110 |49 |8463.8 |3 |(23-) |0.142 PS +13-10
110 |49 |8747.7 |3 |(23+) |
110 |49 |8768 |59 |0+ |
110 |49 |9398.2 |4 |(24-) |
110 |49 |9438 |59 |2+ |
110 |49 |9698.7 |3 |(25-) |
110 |49 |10268 |59 |(0+,2+,4+) |
110 |49 |10568 |59 | |
110 |49 |10858 |59 |3- |
110 |49 |11068 |59 |4+ |
110 |49 |11117.8 |3 |(27-) |
110 |49 |11268 |59 | |
110 |49 |11468 |59 | |
110 |49 |11768 |59 | |
110 |49 |12744.6 |7 |(29-) |
111 |49 |0.0 | |9/2+ |2.8047 D 4
111 |49 |536.99 |7 |1/2- |7.7 M 2
111 |49 |802.92 |7 |3/2- |
111 |49 |1101.80 |7 |5/2+ |
111 |49 |1152.85 |6 |11/2+ |0.31 PS 7
111 |49 |1187.62 |7 |1/2+ |0.14 NS 3
111 |49 |1217.51 |7 |5/2+ |1.2 PS +7-5
111 |49 |1279.69 |21 |(5/2)- |0.15 NS LE
111 |49 |1344.74 |7 |3/2+ |
111 |49 |1350.6 |6 | |
111 |49 |1401.16 |10 |13/2+ |
111 |49 |1461.7 |4 | |
111 |49 |1500.45 |7 |7/2+ |0.31 PS 10
111 |49 |1542.62 |7 |5/2+,7/2,9/2+ |
111 |49 |1610.08 |9 |9/2+ |
111 |49 |1671.23 |12 |(1/2,3/2,5/2)- |
111 |49 |1752.60 |12 |(9/2+) |0.4 PS +3-1
111 |49 |1831.57 |12 | |
111 |49 |1845.98 |7 | |
111 |49 |1849.39 |11 |1/2-,3/2- |0.2 NS LT
111 |49 |1866.84 |8 |1/2+,3/2+,5/2+ |
111 |49 |1914.88 |10 |7/2+,9/2+ |
111 |49 |1917.39 |9 |7/2+,9/2+ |
111 |49 |1919 |5 |3/2+,5/2+ |
111 |49 |1935.40 |11 |- |
111 |49 |1969.63 |12 |- |
111 |49 |1994.64 |11 |15/2+ |0.3 PS 1
111 |49 |2002.62 |11 |5/2+,7/2+,9/2+ |
111 |49 |2032.18 |14 |11/2+ |0.7 PS 3
111 |49 |2034.58 |25 |5/2-,7/2- |
111 |49 |2067.01 |12 |(1/2,3/2,5/2-) |
111 |49 |2082.45 |9 |5/2+,7/2- |
111 |49 |2085 |7 |1/2+ |
111 |49 |2090.11 |10 |(5/2) |
111 |49 |2107.02 |8 |7/2+,9/2+ |
111 |49 |2112.25 |10 | |
111 |49 |2142.07 |9 |(1/2+,3/2) |
111 |49 |2179.52 |7 |(7/2+,9/2+) |
111 |49 |2201.13 |12 | |
111 |49 |2212.24 |15 |5/2+ |
111 |49 |2228.14 |12 |13/2+ |0.28 PS 7
111 |49 |2235.25 |13 |13/2- |0.2 PS 1
111 |49 |2238.5 |3 | |
111 |49 |2246.66 |18 | |
111 |49 |2259.43 |11 | |
111 |49 |2264.5 |4 | |
111 |49 |2271.81 |11 |(1/2+,3/2,5/2+) |
111 |49 |2287.38 |14 |(5/2+,7/2,9/2+) |
111 |49 |2290.73 |13 |7/2+,9/2+ |
111 |49 |2297.75 |11 |3/2+,5/2+ |
111 |49 |2311.28 |17 | |
111 |49 |2323.32 |10 |7/2+,9/2+ |
111 |49 |2340.54 |9 |3/2+,5/2+ |
111 |49 |2361.60 |20 |9/2+ |
111 |49 |2364.58 |16 |(1/2+,3/2,5/2-) |
111 |49 |2373 |7 | |
111 |49 |2402.19 |15 |15/2- |0.6 PS 3
111 |49 |2439.81 |15 | |0.38 PS 10
111 |49 |2461.74 |12 |17/2+ |0.52 PS 17
111 |49 |2479.65 |11 |3/2+,5/2+ |
111 |49 |2529.93 |13 |(5/2+) |
111 |49 |2567.87 |14 | |
111 |49 |2580.85 |19 |(13/2+) |
111 |49 |2582.6 |4 | |
111 |49 |2589 |7 |3/2+,5/2+ |
111 |49 |2602.57 |25 | |
111 |49 |2613.87 |14 |17/2- |
111 |49 |2616 |7 |1/2+ |
111 |49 |2618.97 |14 |19/2- |
111 |49 |2620.36 |13 |1/2+ |
111 |49 |2647.3 |3 | |
111 |49 |2650.31 |21 |15/2- |
111 |49 |2659.4 |3 |3/2+,5/2+ |
111 |49 |2675.4 |3 | |
111 |49 |2688 |7 | |
111 |49 |2697.5 |4 |(1/2-,3/2,5/2-) |
111 |49 |2699.07 |23 | |
111 |49 |2707.60 |20 |15/2+ |1.1 PS 4
111 |49 |2716.79 |14 |21/2+ |13.7 NS 4
111 |49 |2724.3 |5 | |
111 |49 |2742.59 |13 |21/2- |
111 |49 |2748.67 |12 |15/2+ |
111 |49 |2759.91 |21 | |
111 |49 |2767.78 |25 |5/2+ |1.4 PS GT
111 |49 |2769.04 |15 |17/2- |
111 |49 |2772.32 |12 |15/2+ |1.0 PS 3
111 |49 |2780.16 |13 |19/2+ |1.0 PS +6-3
111 |49 |2797.9 |5 | |
111 |49 |2802.47 |25 |(5/2+,7/2-) |
111 |49 |2821 |7 |+ |
111 |49 |2826.37 |14 |17/2+ |
111 |49 |2830.38 |14 |13/2+ |
111 |49 |2840.9 |5 | |
111 |49 |2861.35 |16 |(5/2+,7/2-) |
111 |49 |2886 |7 |1/2+ |
111 |49 |2892.84 |23 | |
111 |49 |2905.01 |21 |(17/2+) |
111 |49 |2919.28 |14 |15/2+ |
111 |49 |2926.7 |3 | |
111 |49 |2935.15 |12 | |
111 |49 |2941.19 |25 | |
111 |49 |2967.9 |4 | |
111 |49 |2979.60 |14 |19/2- |
111 |49 |2997.9 |3 | |
111 |49 |3015 |7 |1/2+ |
111 |49 |3024.53 |14 |23/2- |1.4 PS GT
111 |49 |3028 |7 |1/2+ |
111 |49 |3039.41 |19 |17/2+ |
111 |49 |3041.31 |19 |(5/2+,7/2+) |
111 |49 |3043.77 |15 |19/2- |1.0 PS +10-3
111 |49 |3063.94 |21 | |
111 |49 |3071.02 |21 |3/2+,5/2+ |
111 |49 |3104.64 |22 |1/2,3/2,5/2+ |
111 |49 |3130.05 |25 |3/2+ |
111 |49 |3157.62 |15 |21/2- |
111 |49 |3164.2 |3 |3/2+,5/2+ |
111 |49 |3177.9 |3 | |
111 |49 |3195.28 |11 |17/2+ |
111 |49 |3199.15 |12 | |
111 |49 |3209.2 |4 | |
111 |49 |3214.8 |5 | |
111 |49 |3222.1 |3 | |
111 |49 |3244 |7 |1/2+ |
111 |49 |3254 |7 |1/2+ |
111 |49 |3259.40 |25 | |
111 |49 |3266.5 |3 | |
111 |49 |3363.36 |15 |(21/2-) |
111 |49 |3388 |7 | |
111 |49 |3405.3 |4 | |
111 |49 |3425.63 |16 |(19/2-) |
111 |49 |3436.25 |14 |17/2+ |
111 |49 |3453.26 |17 |23/2- |1.0 PS +10-3
111 |49 |3461.13 |12 |19/2+ |
111 |49 |3466.34 |20 |25/2- |0.52 PS 17
111 |49 |3565.58 |12 |19/2+ |
111 |49 |3582.96 |18 |(23/2-) |
111 |49 |3588.63 |12 |21/2+ |
111 |49 |3599.94 |15 |19/2+ |
111 |49 |3707.60 |13 |23/2+ |
111 |49 |3865.08 |19 |(23/2)+ |
111 |49 |3907.54 |12 |21/2+ |
111 |49 |3911.92 |14 |25/2+ |
111 |49 |3971.15 |13 |21/2+ |
111 |49 |4018.96 |20 |25/2- |
111 |49 |4109.59 |15 |25/2+ |
111 |49 |4125.90 |15 |25/2- |
111 |49 |4132.66 |17 |21/2+ |
111 |49 |4204.58 |19 |27/2- |0.45 PS +17-10
111 |49 |4283.28 |15 |27/2+ |
111 |49 |4310.31 |17 |25/2+ |
111 |49 |4395.37 |16 |23/2+ |
111 |49 |4473.29 |15 |27/2- |
111 |49 |4501.05 |25 |(23/2+) |
111 |49 |4745.46 |22 |(27/2-) |
111 |49 |4796.51 |16 |29/2+ |
111 |49 |4821.36 |20 |25/2+ |
111 |49 |4873.28 |17 |27/2+ |
111 |49 |4884.40 |16 |27/2+ |
111 |49 |4917.73 |20 |29/2- |
111 |49 |4931.78 |14 |27/2+ |
111 |49 |4957.06 |19 |29/2+ |
111 |49 |4972.86 |20 |(23/2+) |
111 |49 |5084.84 |18 |29/2- |
111 |49 |5166.60 |15 |29/2+ |
111 |49 |5331.51 |17 |31/2+ |
111 |49 |5398.60 |18 |31/2+ |
111 |49 |5402.14 |20 |31/2- |
111 |49 |5509.79 |20 |31/2+ |
111 |49 |5586.06 |22 |29/2+ |
111 |49 |5670.34 |23 |33/2- |
111 |49 |5677.90 |21 |33/2+ |
111 |49 |5690.9 |4 |(31/2-) |
111 |49 |5783.86 |22 |(27/2+) |
111 |49 |5877.87 |19 |(33/2+) |
111 |49 |5891.50 |18 |(33/2+) |
111 |49 |6037.46 |21 |31/2+ |
111 |49 |6050.80 |23 |35/2+ |
111 |49 |6070.24 |25 |35/2- |
111 |49 |6432.9 |3 |(33/2+) |
111 |49 |6537.90 |25 |(37/2+) |
111 |49 |6700.76 |23 |35/2+ |
111 |49 |7044.24 |20 |(37/2+) |
111 |49 |7175.0 |3 |(39/2+) |
111 |49 |7280.4 |5 |(37/2+) |
111 |49 |7605.8 |3 |(39/2+) |
111 |49 |7916.9 |3 |(41/2+) |
111 |49 |8183.2 |5 |(41/2+) |
111 |49 |8335.6 |3 |(41/2+) |
111 |49 |8680.9 |4 |(43/2+) |
111 |49 |8811.4 |4 |(43/2+) |
111 |49 |9213.8 |5 |(45/2+) |
111 |49 |10432.9 |6 |(49/2+) |
111 |49 |11772 | | |
111 |49 |11868.3 |8 |(53/2+) |
111 |49 |12036 | | |
111 |49 |12142 | | |
111 |49 |12403 | | |
111 |49 |12503 | | |
111 |49 |12640 | | |
111 |49 |12826 | | |
111 |49 |12965 | | |
111 |49 |13100 | | |
111 |49 |13502.8 |10 |(57/2+) |
111 |49 |0+X | |(31/2-) |
111 |49 |390.50+X |10 |(33/2-) |
111 |49 |794.70+X |15 |(35/2-) |
111 |49 |1244.30+X |18 |(37/2-) |
111 |49 |1774.10+X |20 |(39/2-) |
111 |49 |2354.60+X |23 |(41/2-) |
111 |49 |0+Y | |(23/2-) |
111 |49 |705.70+Y |20 |(27/2-) |
111 |49 |1518.90+Y |23 |(31/2-) |
111 |49 |2410.60+Y |25 |(35/2-) |
111 |49 |3363.0+Y |3 |(39/2-) |
111 |49 |4400.1+Y |3 |(43/2-) |
111 |49 |5508.4+Y |4 |(47/2-) |
111 |49 |6714.5+Y |4 |(51/2-) |
111 |49 |8025.0+Y |5 |(55/2-) |
111 |49 |9403.1+Y |6 |(59/2-) |
111 |49 |10850.1+Y |10 |(63/2-) |
112 |49 |0.0 | |1+ |14.88 M 15
112 |49 |156.592 |25 |4+ |20.67 M 8
112 |49 |162.89 |4 |(5)+ |
112 |49 |206.717 |20 |(2)+ |
112 |49 |350.80 |5 |(7)+ |0.69 US 5
112 |49 |456.426 |24 |(3)+ |
112 |49 |562.78 |4 |(5)+ |
112 |49 |592.08 |4 |(4)+ |
112 |49 |594.888 |22 |2+ |
112 |49 |613.82 |6 |(8)- |2.81 US 3
112 |49 |624.42 |5 |(7+) |
112 |49 |670.23 |5 |(8+) |
112 |49 |676.29 |6 |(6+) |
112 |49 |728.978 |25 |(1,2)- |
112 |49 |729.87 |4 |(3)+ |
112 |49 |790.28 |5 |(6,7,8)+ |
112 |49 |795.25 |6 |(5)+ |
112 |49 |800.56 |7 |(9-) |
112 |49 |822.32 |6 |(5+) |
112 |49 |833.10 |5 |(5,6)+ |
112 |49 |883.72 |5 |3+ |
112 |49 |918.84 |5 |(1,2)- |
112 |49 |924.66 |5 |(1,2,3)- |
112 |49 |928.67 |5 |(0,1,2)- |
112 |49 |955 | |(2,3)+ |
112 |49 |1003 |4 |+ |
112 |49 |1007.42 |7 |(4+) |
112 |49 |1037.78 |8 |(0,1,2)- |
112 |49 |1062.90 |4 |3+ |
112 |49 |1151.26 |9 |(4,5)+ |
112 |49 |1212.16 |10 |(0-,1-,2-) |
112 |49 |1212.25 |5 |(1+,2+,3+) |
112 |49 |1221.50 |5 |(3,4)+ |
112 |49 |1250.89 |7 |(0:3)+ |
112 |49 |1260.47 |8 |(0,1,2)- |
112 |49 |1261.57 |8 |(0:4)+ |
112 |49 |1279.67 |4 |(0:3)+ |
112 |49 |1286.31 |7 |(3,4)- |
112 |49 |1286.93 |7 |(3+,4+,5+) |
112 |49 |1338 | |(0,1)+ |
112 |49 |1388.90 |8 |(10-) |
112 |49 |1398 | |(0:3)+ |
112 |49 |1435 | |(0:3)+ |
112 |49 |1473 | |(0:3)+ |
112 |49 |1488 | |(0:3)+ |
112 |49 |1529 | |(0:3)+ |
112 |49 |1554 | |(0:3)+ |
112 |49 |1608 | |(0,1)+ |
112 |49 |1631 | | |
112 |49 |1678 | |(0:3)+ |
112 |49 |1708 | |(0:3)+ |
112 |49 |1741 | |(0:3)+ |
112 |49 |1754.90 |21 |(9+) |
112 |49 |1777 | |(0:3)+ |
112 |49 |1872 | |(0:3)+ |
112 |49 |1955 | |(0:3)+ |
112 |49 |2011.9 |4 |(10)- |
112 |49 |2067 | |(0:3)+ |
112 |49 |2070.7 |8 |(11-) |
112 |49 |2113.15 |19 |(11-) |
112 |49 |2115.28 |24 |(10+) |
112 |49 |2172 | |(0:3)+ |
112 |49 |2234 | |(0:3)+ |
112 |49 |2374.9 |6 |(11-,12-) |
112 |49 |2441.2 |8 | |
112 |49 |2493.2 |3 |(11-) |
112 |49 |2652.7 |13 |(13-) |
112 |49 |2665.59 |22 |(12)- |
112 |49 |2756.1 |7 |(12-) |
112 |49 |2802.05 |25 |(11+) |
112 |49 |2964.0 |6 |(12-) |
112 |49 |3062.6 |4 |(12+) |
112 |49 |3102.7 |4 |(13)- |
112 |49 |3126.9 |4 |(13)- |
112 |49 |3153.5 |3 |(12)- |
112 |49 |3190.8 |5 |(13+) |
112 |49 |3191.0 |8 |(11-,12-) |
112 |49 |3262.3 |5 |(14-) |
112 |49 |3293.1 |6 |(12+) |
112 |49 |3296.1 |6 |(12+) |
112 |49 |3327.2 |7 |(12-) |
112 |49 |3347.7 |3 |(13-) |
112 |49 |3369.3 |6 |(14+) |
112 |49 |3378.0 |10 |(13-) |
112 |49 |3391.1 |12 |[13+] |
112 |49 |3457.7 |16 |(15-) |
112 |49 |3523.1 |12 |(13+) |
112 |49 |3564.3 |9 |(13-) |
112 |49 |3584.1 |12 |(13+) |
112 |49 |3606.8 |6 |(15-) |
112 |49 |3642.0 |6 |(15+) |0.58 PS 11
112 |49 |3644.7 |4 |(14-) |
112 |49 |3685.1 |15 |[14+] |
112 |49 |3769.7 |11 |(14-) |
112 |49 |3853.1 |16 |(14+) |
112 |49 |3854.9 |11 |(13-:15-) |
112 |49 |3862.9 |13 |(14-) |
112 |49 |3991.8 |5 |(15-) |0.50 PS +25-19
112 |49 |4035.2 |7 |(16+) |0.34 PS 7
112 |49 |4041.1 |16 |(14+) |
112 |49 |4064.1 |18 |[15+] |
112 |49 |4105.0 |12 |(15-) |
112 |49 |4166.9 |11 |(15+) |
112 |49 |4170.1 |19 |(15+) |
112 |49 |4203.9 |13 |(15-) |
112 |49 |4354.2 |9 |(16-) |0.42 PS LT
112 |49 |4390.7 |19 |(17-) |
112 |49 |4394.7 |9 |(16-) |
112 |49 |4408.8 |9 |(15-) |
112 |49 |4452.1 |21 |(16+) |
112 |49 |4551.1 |21 |(16+) |
112 |49 |4552.4 |12 |(16-) |
112 |49 |4589.4 |8 |(17+) |0.15 PS 4
112 |49 |4678.6 |8 |(16-) |
112 |49 |4751.5 |10 |(16+) |
112 |49 |4758.9 |11 |(17-) |
112 |49 |4822.8 |12 |(16-) |
112 |49 |4917.1 |23 |[17+] |
112 |49 |5063.7 |10 |(17-) |
112 |49 |5073.7 |9 |(17+) |
112 |49 |5168.1 |14 |(18-) |
112 |49 |5235.7 |22 |(19-) |
112 |49 |5272.8 |16 |(17-) |
112 |49 |5297.0 |8 |(18+) |0.17 PS LT
112 |49 |5537.0 |10 |(18+) |
112 |49 |5638.1 |15 |(19-) |
112 |49 |5773.8 |19 |(18-) |
112 |49 |6035.1 |10 |(19+) |
112 |49 |6059.0 |14 |(19+) |
112 |49 |6155.8 |24 |(21-) |
112 |49 |6322.8 |21 |(19-) |
112 |49 |6373.1 |18 |(20-) |
112 |49 |6412.0 |18 |(20+) |
112 |49 |6850.0 |20 |(21+) |
112 |49 |6859.8 |24 |(20-) |
112 |49 |7148 |3 |(23-) |
112 |49 |8328 |3 |(25-) |
113 |49 |0.0 | |9/2+ |STABLE
113 |49 |391.699 |3 |1/2- |99.476 M 23
113 |49 |646.830 |7 |3/2- |
113 |49 |1024.28 |5 |5/2+ |3.6 PS 3
113 |49 |1029.65 |5 |1/2+,3/2+ |0.33 NS 3
113 |49 |1063.93 |6 |3/2+ |0.58 NS 3
113 |49 |1106.46 |7 |3/2-,5/2- |
113 |49 |1131.48 |5 |5/2+ |0.97 PS 7
113 |49 |1173.06 |9 |11/2+ |60 FS 6
113 |49 |1191.12 |9 |7/2+ |
113 |49 |1344.89 |10 |13/2+ |0.33 PS 3
113 |49 |1351.01 |20 | |
113 |49 |1380.79 |6 |1/2-,3/2-,5/2- |
113 |49 |1453.0 |3 | |
113 |49 |1471.93 |8 |3/2-,5/2-,7/2- |
113 |49 |1496.39 |7 | |
113 |49 |1504.0 |5 | |
113 |49 |1509.01 |15 |7/2+,9/2+ |0.2 PS LE
113 |49 |1535.96 |9 |1/2-,3/2-,5/2- |
113 |49 |1552.0 |4 | |
113 |49 |1567.05 |9 |7/2+,9/2+ |0.24 PS 10
113 |49 |1569.58 |7 |- |
113 |49 |1618.95 |8 | |
113 |49 |1630.57 |9 |(7/2+,9/2+) |
113 |49 |1634 |5 | |
113 |49 |1675.49 |7 | |
113 |49 |1684.17 |8 | |
113 |49 |1688.62 |22 |11/2+ |
113 |49 |1700 |5 |1/2+ |
113 |49 |1707.38 |8 |+ |
113 |49 |1758 |AP |9/2+ |
113 |49 |1760.27 |13 | |
113 |49 |1768.07 |8 |3/2+,5/2+ |
113 |49 |1802.32 |8 | |
113 |49 |1822.55 |10 | |
113 |49 |1835.72 |18 |1/2+ |
113 |49 |1865.36 |21 |- |
113 |49 |1914.13 |9 | |
113 |49 |1920.81 |9 | |
113 |49 |1937.94 |9 | |
113 |49 |1947.64 |9 | |
113 |49 |1980 |15 | |
113 |49 |1999.15 |12 | |
113 |49 |2032.76 |21 | |
113 |49 |2039.72 |13 | |
113 |49 |2048 |10 |7/2+,9/2+ |
113 |49 |2051.44 |8 | |
113 |49 |2064.04 |21 | |
113 |49 |2070.14 |13 | |
113 |49 |2094 |AP | |
113 |49 |2095.41 |7 | |
113 |49 |2104 |10 |9/2-,11/2- |
113 |49 |2116 |AP | |
113 |49 |2118.35 |18 | |
113 |49 |2144.56 |11 | |
113 |49 |2153 |10 |1/2+ |
113 |49 |2164.9 |10 | |
113 |49 |2170.32 |13 | |
113 |49 |2180.8 |4 | |
113 |49 |2183.26 |10 | |
113 |49 |2190 |10 |3/2+,5/2+ |
113 |49 |2224.8 |10 | |
113 |49 |2233.6 |3 |(15/2-) |
113 |49 |2253.44 |9 | |
113 |49 |2281.08 |17 | |
113 |49 |2283.5 |3 |17/2+ |
113 |49 |2295.29 |13 | |
113 |49 |2298 |10 |3/2+,5/2+ |
113 |49 |2331.28 |21 | |
113 |49 |2339.51 |16 | |
113 |49 |2346 |10 |3/2+,5/2+ |
113 |49 |2371.68 |11 | |
113 |49 |2376 |10 |9/2-,11/2- |
113 |49 |2378.22 |14 | |
113 |49 |2383.86 |15 | |
113 |49 |2389.0 |4 |15/2+ |
113 |49 |2391 |10 |3/2+,5/2+ |
113 |49 |X+2396.15 | |(15/2-) |
113 |49 |2396.9 |4 |(17/2-) |
113 |49 |2442.4 |5 | |
113 |49 |2475.33 |20 | |
113 |49 |2515.6 |3 | |
113 |49 |2540 |15 | |
113 |49 |2557.06 |17 | |
113 |49 |2559 |10 |9/2-,11/2- |
113 |49 |2560.64 |22 | |
113 |49 |2586 |5 | |
113 |49 |2654.1 |4 | |
113 |49 |2664.7 |4 |(19/2-) |
113 |49 |2665.0 |4 | |
113 |49 |2669.6 |3 |17/2+ |
113 |49 |2728.04 |22 | |
113 |49 |2783.88 |10 | |
113 |49 |2785.8 |4 | |
113 |49 |2854.4 |4 |(21/2-) |
113 |49 |2880.9 |5 | |
113 |49 |X+2903.9 |11 |(19/2-) |
113 |49 |2904.85 |25 | |
113 |49 |3023.9 |5 |(23/2-) |
113 |49 |3051.1 |5 | |
113 |49 |3071.5 |3 |(19/2+) |
113 |49 |3120.1 |10 |(21/2+) |
113 |49 |3192.2 |5 |19/2+ |
113 |49 |3211.9 |11 |(23/2+) |
113 |49 |3250.2 |5 | |
113 |49 |3280.7 |6 |(25/2-) |
113 |49 |3305.8 |5 | |
113 |49 |3350.8 |5 | |
113 |49 |3395.2 |11 |(25/2+) |
113 |49 |X+3476.0 |15 |(23/2-) |
113 |49 |3599.0 |5 | |
113 |49 |3786.0 |11 |(27/2+) |
113 |49 |3867.4 |6 | |
113 |49 |3965.1 |6 |23/2+ |
113 |49 |3973.0 |6 |(27/2-) |
113 |49 |X+4172.0 |18 |(27/2-) |
113 |49 |4375.4 |11 |(29/2+) |
113 |49 |4430.7 |6 |(27/2-) |
113 |49 |4432.2 |6 | |
113 |49 |4602.9 |6 |27/2+ |
113 |49 |4715.4 |6 |(29/2-) |
113 |49 |4799.3 |6 | |
113 |49 |X+4990.0 |20 |(31/2-) |
113 |49 |5060.1 |11 |(31/2+) |
113 |49 |5125.3 |6 |- |
113 |49 |5310.9 |12 |(31/2+) |
113 |49 |5392.3 |6 |(31/2-) |
113 |49 |5447.0 |7 | |
113 |49 |5730.0 |7 | |
113 |49 |5788.3 |12 |(33/2+) |
113 |49 |X+5918.0 |23 |(35/2-) |
113 |49 |6226.9 |16 |(35/2+) |
113 |49 |6346.3 |15 |35/2(+) |
113 |49 |X+6946.7 |21 |(39/2-) |
113 |49 |7287.9 |18 |(39/2+) |
113 |49 |X+8068 |3 |(43/2-) |
113 |49 |8434.9 |21 |(43/2+) |
113 |49 |X+9280 |3 |(47/2-) |
113 |49 |X+10574 |3 |(51/2-) |
113 |49 |X+11960 |3 |(55/2-) |
113 |49 |12883 | | |
113 |49 |13190 | | |
113 |49 |13427 | | |
113 |49 |13541 | | |
113 |49 |13748 | | |
113 |49 |13867 | | |
113 |49 |14074 | | |
113 |49 |14389 | | |
113 |49 |14488 | | |
113 |49 |14683 | | |
113 |49 |15043 | | |
113 |49 |15096 | | |
113 |49 |15141 | | |
113 |49 |15335 | | |
113 |49 |15476 | | |
113 |49 |15518 | | |
113 |49 |15610 | | |
113 |49 |15639 | | |
113 |49 |15684 | | |
113 |49 |15758 | | |
113 |49 |15801 | | |
113 |49 |15880 | | |
113 |49 |15934 | | |
113 |49 |15971 | | |
113 |49 |16038 | | |
113 |49 |16146 | | |
113 |49 |16236 | | |
113 |49 |16344 | | |
113 |49 |16503 | | |
113 |49 |16597 | | |
113 |49 |Y | | |
113 |49 |Y+474 | | |
113 |49 |Y+814 | | |
113 |49 |Y+1193 | | |
113 |49 |Y+1555 | | |
114 |49 |0.0 | |1+ |71.9 S 1
114 |49 |190.2682 |8 |5+ |49.51 D 1
114 |49 |221.057 |3 |4+ |
114 |49 |287.734 |3 |2+ |69 PS LT
114 |49 |497.156 |3 |5+ |0.15 NS 11
114 |49 |501.948 |3 |8- |43.1 MS 6
114 |49 |536.297 |3 |7- |
114 |49 |574.422 |3 |6- |
114 |49 |600.354 |8 |3- |
114 |49 |628.032 |3 |3+ |69 PS LT
114 |49 |641.74 |7 |9- |
114 |49 |641.745 |3 |7+ |4.3 NS 4
114 |49 |687.527 |4 |8+ |
114 |49 |692.934 |4 |2- |
114 |49 |696.38 |8 |5- |104 PS LT
114 |49 |725.104 |4 |3+ |
114 |49 |728.5300 |25 |4+ |
114 |49 |775.336 |3 |4+ |140 PS LT
114 |49 |824.992 |4 |2+ |
114 |49 |835.664 |3 |4- |140 PS LT
114 |49 |906.120 |6 |2- |
114 |49 |909.503 |4 |6+ |
114 |49 |970.577 |5 |4+,5+,6+ |
114 |49 |1003.133 |4 |5+ |
114 |49 |1006.407 |7 |4- |
114 |49 |1018.675 |4 |4-,5- |
114 |49 |1019.750 |4 |7+ |
114 |49 |1032.053 |4 |3- |104 PS LT
114 |49 |1037.182 |4 |3+,4+,5+ |210 PS LT
114 |49 |1044.905 |5 |6+ |
114 |49 |1047.206 |4 |3+ |
114 |49 |1059.49 |5 |1+,2+ |
114 |49 |1062.528 |3 |3+ |
114 |49 |1068.6 |20 | |
114 |49 |1074.03 |3 |1+,2+ |
114 |49 |1082.7 |13 | |
114 |49 |1095.1 |9 | |
114 |49 |1111.797 |7 | |
114 |49 |1139.10 |10 | |
114 |49 |1155.358 |4 |3+,4+ |
114 |49 |1164.283 |10 |6+,7+,8+ |
114 |49 |1170.25 |4 |2+,3+,4+ |
114 |49 |1178.67 |5 |1-,2-,3- |
114 |49 |1198.947 |4 |4- |
114 |49 |1201.530 |7 |3- |
114 |49 |1205.326 |6 |3+ |
114 |49 |1216.8 |2 |10- |
114 |49 |1256.4 |3 | |
114 |49 |1271.000 |9 |3- |
114 |49 |1272.203 |4 |4+ |
114 |49 |1295.4 |3 | |
114 |49 |1303.557 |5 |3- |
114 |49 |1311.766 |4 |3+,4+,5+ |
114 |49 |1319.570 |9 |2+,3+,4+ |
114 |49 |1322.447 |10 |5+,6+,7+ |
114 |49 |1328.920 |8 |6+ |
114 |49 |1336.4 |3 | |
114 |49 |1341.8 |3 | |
114 |49 |1349.014 |4 |3-,4-,5- |
114 |49 |1377.1 |3 | |
114 |49 |1394.208 |8 |5+,6+ |
114 |49 |1401.5 |6 | |
114 |49 |1406.498 |9 |2-,3-,4- |
114 |49 |1424.77 |8 | |
114 |49 |1431.619 |9 |4- |
114 |49 |1446.5 |3 | |
114 |49 |1456.0 |3 | |
114 |49 |1459.2 |3 | |
114 |49 |1476.0 |3 | |
114 |49 |1484.778 |13 | |
114 |49 |1519.4 |20 | |
114 |49 |1556.9 |10 | |
114 |49 |1576.45 |9 |3+,4+ |
114 |49 |1585.1 |6 | |
114 |49 |1597.5 | | |
114 |49 |1605.4 |3 | |
114 |49 |1615.926 |19 |3+,4+,5+ |
114 |49 |1622.0 |3 | |
114 |49 |1651.6 |3 | |
114 |49 |1658.2 |3 | |
114 |49 |1674.6 |6 |(8-) |
114 |49 |1677.645 |21 | |
114 |49 |1690.5 |3 | |
114 |49 |1695.4 |3 | |
114 |49 |1710.5 |3 | |
114 |49 |1729.5 |3 | |
114 |49 |1740.8 |3 | |
114 |49 |1794.8 |3 | |
114 |49 |1827.5 |3 | |
114 |49 |1858.0 |4 |(10-) |
114 |49 |1912.6 |4 |(11-) |
114 |49 |2081.5 |4 |(10+) |
114 |49 |2340.9 |6 |(11-) |
114 |49 |2505.2 |5 |(12-) |
114 |49 |2521.0 |6 |(9-) |
114 |49 |2531.5 |4 |(11+) |
114 |49 |2629.1 |5 |(12-) |
114 |49 |2679.9 |5 |(12+) |
114 |49 |2846.3 |9 |(10-) |
114 |49 |2874.2 |6 |(13-) |
114 |49 |2930.6 |6 |(13+) |
114 |49 |3051.8 |6 |(12-) |
114 |49 |3093.0 |6 |(13-) |
114 |49 |3195.7 |6 |(13-) |
114 |49 |3257.5 |10 |(13-) |
114 |49 |3298.9 |9 |(14+) |
114 |49 |3311.3 |7 |(14-) |
114 |49 |3344.7 |8 |(14+) |
114 |49 |3503.7 |7 |(14-) |
114 |49 |3516.3 |9 |(15+) |
114 |49 |3576.5 |12 |(14-) |
114 |49 |3631.7 |10 |(15-) |
114 |49 |3759.0 |10 |(11-) |
114 |49 |3767.5 |10 |(16+) |
114 |49 |3791.5 |11 |(15+) |
114 |49 |3832.3 |10 |(15-) |
114 |49 |3852.1 |11 |(15+) |
114 |49 |3982.9 |14 |(15-) |
114 |49 |4042.4 |12 |(12-) |
114 |49 |4153.6 |12 |(16-) |
114 |49 |4255.7 |13 |(16+) |
114 |49 |4376.5 |13 |(16-) |
114 |49 |4606.3 |12 |(13-) |
114 |49 |4625.6 |14 |(17-) |
114 |49 |4828.8 |14 |(14-) |
114 |49 |5485.0 |16 |(16-) |
114 |49 |7273.5 |3 |4+,5+ |
115 |49 |0.0 | |9/2+ |4.41E+14 Y 25
115 |49 |336.244 |17 |1/2- |4.486 H 4
115 |49 |597.144 |18 |3/2- |0.25 NS LE
115 |49 |828.588 |17 |3/2+ |5.78 NS 6
115 |49 |864.139 |18 |1/2+ |0.91 NS 3
115 |49 |933.780 |18 |7/2+ |57 PS 5
115 |49 |941.424 |7 |5/2+ |15.1 PS 14
115 |49 |1041.44 |23 |5/2- |
115 |49 |1078.16 |7 |5/2+ |0.99 PS 5
115 |49 |1132.576 |9 |11/2+ |0.065 PS 3
115 |49 |1192.491 |21 |(3/2) |
115 |49 |1287.41 |5 |1/2,3/2-,5/2- |
115 |49 |1290.592 |10 |13/2+ |0.42 PS 4
115 |49 |1347.5 |7 |(5/2-) |
115 |49 |1418.249 |10 |(11/2+) |
115 |49 |1448.787 |9 |9/2+ |0.35 PS 4
115 |49 |1463.5 |6 |7/2+ |0.063 PS 10
115 |49 |1470 |12 |(1/2-,3/2-) |
115 |49 |1478.49 |17 | |
115 |49 |1486.110 |10 |9/2+ |0.44 PS 6
115 |49 |1497.2 |8 |(7/2+) |0.17 PS 2
115 |49 |1602.3 |10 |(7/2+) |
115 |49 |1608.1 |7 |(7/2+) |0.11 PS 2
115 |49 |1650 |2 |(1/2-,3/2-) |
115 |49 |1736.9 |6 |(9/2+) |
115 |49 |1801.0 |8 |(5/2+) |
115 |49 |1830.9 |8 |(5/2+) |
115 |49 |1864 |2 | |
115 |49 |1872.4 |8 |(9/2-) |
115 |49 |1917.6 |10 | |
115 |49 |1971.6 |7 |(9/2+) |
115 |49 |1978.3 |7 |7/2+,9/2+ |
115 |49 |1999.1 |6 |(7/2+) |
115 |49 |2057.3 |10 |(5/2+) |
115 |49 |2071.0 |4 |7/2,9/2- |
115 |49 |2088 | |(13/2)- |
115 |49 |2107.82 |20 |7/2,9/2,11/2- |
115 |49 |2113.7 |7 |(9/2+) |
115 |49 |2119.0 |18 |(15/2+) |
115 |49 |2131 |7 |1/2-,3/2- |
115 |49 |2136.79 |10 |(15/2-) |
115 |49 |2170.7 |10 |(5/2+) |
115 |49 |2208 |2 |1/2+ |
115 |49 |2230 |20 |5/2-,7/2- |
115 |49 |2234.0 |10 |(5/2+) |
115 |49 |2254.2 |12 |(17/2+) |
115 |49 |2264.0 |8 |(7/2+) |
115 |49 |2282.99 |15 |(17/2-) |
115 |49 |2283.4 |7 |(7/2+,9/2+) |
115 |49 |2309.5 | |(17/2+) |
115 |49 |2318 |10 | |
115 |49 |2384.6 |3 |7/2-,9/2-,11/2- |
115 |49 |2434 |2 |(15/2)- |
115 |49 |2443.13 |20 |7/2,9/2,11/2- |
115 |49 |2450 |25 |1/2-,3/2- |
115 |49 |2451 |2 |(13/2)- |
115 |49 |2479.7 |3 |7/2-,9/2-,11/2- |
115 |49 |2489 |7 |5/2-,7/2- |
115 |49 |2539.09 |18 |(19/2-) |
115 |49 |2540.73 |20 |7/2-,9/2-,11/2- |
115 |49 |2580.0 |3 | |
115 |49 |2646.0 |13 | |
115 |49 |2739.94 |20 | |
115 |49 |2746.7 |4 | |
115 |49 |2815 | |1/2+ |
115 |49 |2827.5 |3 | |
115 |49 |2831.4 |18 |(21/2-) |
115 |49 |2852.2 |4 | |
115 |49 |2860 |10 |1/2-,3/2- |
115 |49 |2878.4 |13 |(21/2+) |
115 |49 |2896.7 |4 | |
115 |49 |2947.0 |20 |(19/2+) |
115 |49 |2960.4 |17 |(23/2+) |
115 |49 |2994.4 |6 | |
115 |49 |3037.4 |19 |(23/2-) |
115 |49 |3042.9 |5 | |
115 |49 |3096.4 |19 |(25/2+) |
115 |49 |3110 | |3/2+,5/2+ |
115 |49 |3158.2 |7 | |
115 |49 |3183.4 |23 |(25/2-) |
115 |49 |3220.7 |6 | |
115 |49 |3231.5 |3 | |
115 |49 |3272.0 |3 | |
115 |49 |3289.0 |4 | |
115 |49 |3386.6 |4 | |
115 |49 |3395.1 |5 | |
115 |49 |3472.4 |22 |(27/2+) |
115 |49 |3684.7 |9 | |
115 |49 |3701.1 |5 | |
115 |49 |3847.7 |24 |(27/2-) |
115 |49 |4041.4 |24 |(29/2+) |
115 |49 |4583.1 |24 |(29/2-) |
116 |49 |0.0 | |1+ |14.10 S 3
116 |49 |127.267 |6 |5+ |54.29 M 17
116 |49 |223.330 |6 |4+ |139 PS LT
116 |49 |272.966 |2 |2+ |69 PS LT
116 |49 |289.660 |6 |8- |2.18 S 4
116 |49 |313.476 |5 |4+,5+ |631 PS 70
116 |49 |350.576 |6 |7- |
116 |49 |366.418 |6 |7-,8-,9- |
116 |49 |373.373 |9 |6- |
116 |49 |425.930 |5 |4+ |208 PS LT
116 |49 |448.032 |4 |1-,2-,3- |
116 |49 |458.942 |9 |5- |
116 |49 |460.000 |6 |4+,5+ |139 PS LT
116 |49 |508.241 |4 |3+ |104 PS LT
116 |49 |554.979 |10 |4- |139 PS LT
116 |49 |556.849 |25 |2- |
116 |49 |648.916 |9 |6+,(4+,5+) |
116 |49 |658.073 |8 |3+ |139 PS LT
116 |49 |665.616 |10 |7+,8+ |
116 |49 |722.7 |13 |3+,(2+) |
116 |49 |728.865 |11 |3- |104 PS LT
116 |49 |735.688 |10 |4+,5+ |
116 |49 |744.823 |8 |3+ |
116 |49 |760.997 |10 |6,7+ |
116 |49 |771.14 |10 |+ |
116 |49 |787.18 |4 |1-,2-,3- |
116 |49 |789.372 |9 |+ |
116 |49 |790.921 |18 |3+ |
116 |49 |813.346 |8 |4+ |
116 |49 |829.131 |8 |4+ |139 PS LT
116 |49 |850.491 |23 |3- |
116 |49 |875.287 |33 |3- |
116 |49 |892.667 |12 |4- |
116 |49 |910.77 |10 |(2)+ |
116 |49 |914.5 |5 | |
116 |49 |920.81 |10 |+ |
116 |49 |949.305 |10 |4(+),5(+) |
116 |49 |951.476 |15 |4- |
116 |49 |970.302 |8 |3+,4+,5+ |
116 |49 |972.95 |20 | |
116 |49 |1007.663 |13 |6- |
116 |49 |1015.495 |21 |4-,5- |
116 |49 |1019.038 |12 |3-,4-,5- |104 PS LT
116 |49 |1031.226 |25 |4+ |
116 |49 |1052.680 |19 |5- |
116 |49 |1057.340 |19 |(3+,4+,5+,6+) |
116 |49 |1070.89 |10 |3+,(4,5)+ |
116 |49 |1072.37 |17 |4-,5- |
116 |49 |1081.58 |18 |6- |
116 |49 |1081.871 |24 |3+,4+,5+ |
116 |49 |1088.1 |11 |6+ |
116 |49 |1094.42 | | |
116 |49 |1097.7 |3 |3- |
116 |49 |1119.4 |13 |3+ |
116 |49 |1121.5 | | |
116 |49 |1152.40 |8 |6-,(6+) |
116 |49 |1167.040 |10 |+ |
116 |49 |1187.27 | | |
116 |49 |1204.36 |10 |6+,(7+) |
116 |49 |1213.456 |28 |4+,5+ |
116 |49 |1252.65 | |3+ |
116 |49 |1258.5 |4 |3- |
116 |49 |1285.692 | | |
116 |49 |1285.83 |8 |4-,5- |
116 |49 |1292.5 |8 |3- |
116 |49 |1318.2 |6 |6- |
116 |49 |1341.5 |10 | |
116 |49 |1374.43 |12 |4-,5- |
116 |49 |1399.77 |8 |5+ |
116 |49 |1426.4 | | |
116 |49 |1437.7 | | |
116 |49 |1451.07 | | |
116 |49 |1465.9 | | |
116 |49 |13240 |50 | |
116 |49 |13740 |50 | |
116 |49 |14500 |50 | |
116 |49 |15140 |50 | |
116 |49 |15660 |50 | |
117 |49 |0.0 | |9/2+ |43.2 M 3
117 |49 |315.303 |11 |1/2- |116.2 M 3
117 |49 |588.653 |15 |3/2- |0.192 NS 16
117 |49 |659.765 |13 |3/2+ |53.6 NS 7
117 |49 |748.07 |3 |7/2+ |
117 |49 |749.488 |14 |1/2+ |4.73 NS 12
117 |49 |880.720 |13 |5/2+ |
117 |49 |1028.04 |3 |(5/2-) |
117 |49 |1030 |13 |(3/2+,5/2+) |
117 |49 |1051.709 |19 |5/2+ |
117 |49 |1065.984 |19 |(11/2+) |
117 |49 |1209.03 |4 |(11/2+) |
117 |49 |1234.606 |21 |(13/2+) |
117 |49 |1360 |15 |3/2+,5/2+ |
117 |49 |1365.524 |22 |7/2+,9/2+ |
117 |49 |1376.28 |6 |(3/2)+ |
117 |49 |1432.921 |17 |9/2+ |
117 |49 |1439.38 |8 | |
117 |49 |1468.67 |13 |5/2+,7/2,9/2+ |
117 |49 |1554.48 |19 |(1/2-,3/2-) |
117 |49 |1609.39 |3 |(3/2+,5/2,7/2+) |
117 |49 |1612.10 |4 |(1/2,3/2,5/2) |
117 |49 |1653 |15 |3/2+,5/2+ |
117 |49 |1712.547 |24 |3/2+ |
117 |49 |1784.97 |5 |3/2+ |
117 |49 |1855.63 |10 |(5/2-,7/2,9/2-) |
117 |49 |1891.929 |19 |1/2+ |0.42 NS 6
117 |49 |1898.0 |10 |(15/2+) |
117 |49 |1957.37 |9 |(9/2-) |
117 |49 |1997.329 |17 |(11/2)- |
117 |49 |1997.368 |19 |3/2+ |
117 |49 |2022.23 |3 |3/2+ |
117 |49 |2064.16 |4 |3/2+ |
117 |49 |2095.035 |25 |(11/2,13/2)- |
117 |49 |2096.42 |3 |(9/2,11/2)- |
117 |49 |2109.83 |4 |(3/2+) |
117 |49 |2112.98 |15 |1/2+,3/2,5/2+ |
117 |49 |2124.0 |9 |(15/2-) |
117 |49 |2171.74 |3 |3/2+ |
117 |49 |2223 |15 |3/2+,5/2+ |
117 |49 |2255 |15 |3/2+,5/2+ |
117 |49 |2261.4 |11 |(17/2-) |
117 |49 |2263.4 |8 |(17/2+) |
117 |49 |2308 |15 |7/2+,9/2+ |
117 |49 |2311.722 |20 |1/2+,3/2+ |
117 |49 |2322.76 |6 |(9/2,11/2)- |
117 |49 |2327.79 |5 |(1/2)+ |
117 |49 |2345.50 |5 |3/2+ |
117 |49 |2372 |15 | |
117 |49 |2400.38 |9 |(9/2)- |
117 |49 |2405.29 |6 |(11/2,13/2)- |
117 |49 |2414.23 |20 | |
117 |49 |2417.44 |9 |(9/2)- |
117 |49 |2429.8 |11 |(19/2-) |
117 |49 |2440.05 |15 |(9/2,11/2,13/2) |
117 |49 |2446.4 |8 |(17/2+) |
117 |49 |2455.97 |10 |1/2+ |
117 |49 |2462.5 |3 |11/2,13/2+ |
117 |49 |2476.21 |17 | |
117 |49 |2525 |15 |1/2+ |
117 |49 |2540.86 |12 |(11/2,13/2) |
117 |49 |2560 |15 |3/2+,5/2+ |
117 |49 |2621.8 |15 |(21/2-) |
117 |49 |2642 |15 | |
117 |49 |2670.2 |9 |(21/2+) |
117 |49 |2727.0 |14 |(19/2+) |
117 |49 |2731.2 |13 |(23/2+) |
117 |49 |2755 |15 |3/2+,5/2+ |
117 |49 |2837.2 |17 |(25/2+) |
117 |49 |2856.8 |18 |(23/2-) |
117 |49 |3030.8 |20 |(25/2-) |
117 |49 |3191.8 |20 |(27/2+) |
117 |49 |3559.1 |22 |(27/2-) |
117 |49 |3726.8 |23 |(29/2+) |
117 |49 |4187.5 |22 |(29/2-) |
117 |49 |14945 |6 |(1/2+) |
117 |49 |15075 |6 |(3/2+) |
117 |49 |15380 |6 |(1/2+) |
117 |49 |15605 |6 |(3/2+) |
118 |49 |0.0 | |1+ |5.0 S 5
118 |49 |60 |AP |5+ |4.45 M 5
118 |49 |173 |6 | |
118 |49 |200 |AP |8- |8.5 S 3
118 |49 |234 |6 | |
118 |49 |251 |6 | |
118 |49 |350 |6 | |
118 |49 |429 |6 | |
118 |49 |500 |6 | |
118 |49 |600 |6 | |
118 |49 |637 |6 | |
118 |49 |711 |6 | |
118 |49 |790 |6 | |
118 |49 |843 |6 | |
118 |49 |948 |6 | |
118 |49 |974 |6 | |
118 |49 |1028 |10 | |
118 |49 |1234 |10 | |
118 |49 |1290 |10 | |
119 |49 |0 | |9/2+ |2.4 M 1
119 |49 |311.37 |3 |1/2- |18.0 M 3
119 |49 |604.18 |7 |3/2- |1.0 NS LT
119 |49 |654.27 |7 |(3/2)+ |130 NS 15
119 |49 |720.60 |11 |(7/2+) |
119 |49 |788.26 |9 |1/2+,3/2+ |2.00 NS 15
119 |49 |941.43 |8 |5/2+ |
119 |49 |1025.02 |7 |(11/2+) |
119 |49 |1044.44 |20 |5/2- |
119 |49 |1050.21 |8 |(5/2+) |
119 |49 |1143.00 |11 |(11/2+) |
119 |49 |1203.71 |7 |(13/2+) |
119 |49 |1353.10 |17 |(9/2+) |
119 |49 |1388.39 |16 |7/2- |
119 |49 |1436.44 |9 |7/2+,9/2+ |
119 |49 |1474 |5 |7/2+,9/2+ |
119 |49 |1553 |5 |1/2-,3/2- |
119 |49 |1624.94 |17 |1/2,3/2,5/2 |
119 |49 |1649 |5 |3/2+,5/2+ |
119 |49 |1729 |5 |1/2-,3/2- |
119 |49 |1769.97 |14 |1/2+,3/2,5/2 |
119 |49 |1779.0 |10 |(15/2+) |
119 |49 |1806.59 |15 |1/2+,3/2,5/2 |
119 |49 |1837 |5 |1/2-,3/2- |
119 |49 |1920.99 |8 |1/2+,3/2+ |
119 |49 |1979 |5 |7/2+,9/2+ |
119 |49 |2021.35 |8 |(9/2-,11/2-) |
119 |49 |2050 |5 |1/2-,3/2- |
119 |49 |2064.15 |18 |1/2+,3/2,5/2- |
119 |49 |2104.30 |15 |(9/2,11/2,13/2+) |
119 |49 |2126.93 |8 |(11/2-) |
119 |49 |2132.1 |9 |(15/2-) |
119 |49 |2223.3 |9 |(17/2+) |
119 |49 |2226.5 |11 |(17/2-) |
119 |49 |2272 |5 |- |
119 |49 |2286.9 |11 |(19/2-) |
119 |49 |2338.04 |8 |1/2+,3/2+ |
119 |49 |2343 |5 |1/2-,3/2- |
119 |49 |2359.54 |22 |(9/2,11/2) |
119 |49 |2367.95 |10 |1/2+,3/2+ |
119 |49 |2389.18 |11 |(9/2,11/2) |
119 |49 |2410 |5 |5/2-,7/2,9/2+ |
119 |49 |2422.54 |18 |(9/2-) |
119 |49 |2460 |5 |5/2-,7/2,9/2+ |
119 |49 |2487.21 |12 |(9/2-,11/2-,13/2-) |
119 |49 |2493.9 |15 |(21/2-) |
119 |49 |2502 |5 |1/2-,3/2- |
119 |49 |2504.9 |15 |(21/2+) |
119 |49 |2519.0 |15 |(19/2+) |
119 |49 |2520.3 |5 |(9/2,11/2,13/2+) |
119 |49 |2524.57 |12 |1/2+,3/2+,5/2+ |
119 |49 |2526.6 |5 |(9/2,11/2,13/2) |
119 |49 |2554.40 |21 |1/2,3/2,5/2 |
119 |49 |2564.64 |17 |(11/2-) |
119 |49 |2564.8 |3 |1/2+,3/2+,5/2+ |
119 |49 |2618 |5 |7/2+,9/2+ |
119 |49 |2656.9 |18 |(25/2+) |240 NS 25
119 |49 |2667.86 |19 |1/2+,3/2+ |
119 |49 |2670 |5 |- |
119 |49 |2672.19 |23 |(9/2,11/2) |
119 |49 |2745 |5 |7/2+,9/2+ |
119 |49 |2782.9 |18 |(23/2-) |
119 |49 |2798.7 |5 |1/2+,3/2+,5/2+ |
119 |49 |2811 |5 |1/2-,3/2- |
119 |49 |2859.60 |21 |1/2+,3/2+ |
119 |49 |2885 |5 |- |
119 |49 |2927.9 |21 |(25/2-) |
119 |49 |2992.9 |21 |(27/2+) |
119 |49 |3005 |5 |5/2-,7/2,9/2+ |
119 |49 |3130 |5 |7/2+,9/2+ |
119 |49 |3330 |5 |- |
119 |49 |3452.9 |23 |(29/2+) |
119 |49 |3526.9 |22 |(27/2-) |
119 |49 |4025.9 |22 |(29/2-) |
120 |49 |0.0 | |1+ |3.08 S 8
120 |49 |0.0+X | |(8-) |47.3 S 5
120 |49 |70 |60 |(5)+ |46.2 S 8
121 |49 |0.0 | |9/2+ |23.1 S 6
121 |49 |313.68 |7 |1/2- |3.88 M 10
121 |49 |637.90 |7 |3/2- |
121 |49 |987.17 |10 |(3/2+) |5.5 NS 3
121 |49 |987.69 |6 |(9/2)+ |
121 |49 |1020.83 |6 |(9/2,11/2,13/2)+ |
121 |49 |1040.33 |8 |(5/2)+ |
121 |49 |1078.98 |10 |5/2- |
121 |49 |1181.55 |7 |(13/2)+ |
121 |49 |1197.34 |12 |(1/2+) |2 NS LT
121 |49 |1315.22 |7 |(5/2+) |
121 |49 |1407.99 |8 |(9/2+) |
121 |49 |1460.6 |4 | |
121 |49 |1483.26 |9 |(5/2+) |
121 |49 |1487.11 |8 |(9/2+) |
121 |49 |1504.02 |9 | |
121 |49 |1614 |5 | |
121 |49 |1759.8 |3 | |
121 |49 |1792.09 |19 | |
121 |49 |1961.23 |15 |(1/2+,3/2+) |
121 |49 |1965.83 |14 |(1/2+,3/2+,5/2+) |
121 |49 |1977 |5 | |
121 |49 |1988.80 |18 | |
121 |49 |2048.0 |10 |(11/2+,13/2+) |
121 |49 |2059.39 |7 |(11/2-) |
121 |49 |2114.84 |10 |(9/2-,11/2-) |
121 |49 |2129 |5 | |
121 |49 |2134.20 |11 |(15/2-) |
121 |49 |2136.36 |12 |(3/2+) |
121 |49 |2160.09 |8 |(11/2-) |
121 |49 |2222.04 |13 |(1/2+,3/2+,5/2+) |
121 |49 |2247 |5 | |
121 |49 |2264.91 |10 |(5/2)+ |
121 |49 |2292.00 |7 |(11/2-) |
121 |49 |2299.49 |14 |(1/2+,3/2+,5/2+) |
121 |49 |2331.90 |10 |(9/2-,11/2-) |
121 |49 |2336.95 |10 |(1/2+,3/2+) |
121 |49 |2357.59 |16 |(9/2-,11/2-,13/2-) |
121 |49 |2364.87 |8 |(11/2-) |
121 |49 |2367 |5 | |
121 |49 |2369.71 |9 |(9/2-,11/2-) |
121 |49 |2382.12 |22 |(3/2+,5/2+) |
121 |49 |2396.4 |3 | |
121 |49 |2455.05 |7 |(9/2-,11/2-) |
121 |49 |2472.71 |13 |(1/2+,3/2+,5/2+) |
121 |49 |2477.61 |8 |(11/2-,13/2-) |
121 |49 |2491.81 |11 |(1/2+,3/2+,5/2+) |
121 |49 |2503.76 |16 | |
121 |49 |2510.78 |10 |(9/2-,11/2-) |
121 |49 |2523.22 |16 |(3/2+,5/2+) |
121 |49 |2538.82 |22 | |
121 |49 |2562.36 |10 |(11/2-) |
121 |49 |2581.39 |11 |(11/2-,13/2-) |
121 |49 |2611.73 |21 |(1/2+,3/2+,5/2+) |
121 |49 |2134.0+X | |(17/2-) |
121 |49 |2134.0+Y | |(19/2-) |
121 |49 |2303.0+Y |10 |(21/2-) |
121 |49 |2348.0+Y |10 |(21/2+) |
121 |49 |2447.0+Y |15 |(25/2+) |350 NS 50
121 |49 |2664.0+Y |15 |(23/2-) |
121 |49 |2774.0+Y |18 |(25/2-) |
121 |49 |2802.0+Y |15 | |
121 |49 |3347.0+Y |20 |(27/2-) |
121 |49 |3890.0+Y |20 |(29/2-) |
122 |49 |0.0 | |1+ |1.5 S 3
122 |49 |40 |60 |5+ |10.3 S 6
122 |49 |157 |15 | |
122 |49 |229 |15 | |
122 |49 |262 |15 | |
122 |49 |2.9E+2 |14 |(8-) |10.8 S 4
122 |49 |299 |15 | |
122 |49 |383 |15 | |
122 |49 |415 |20 | |
122 |49 |598 |15 | |
122 |49 |801 |15 | |
122 |49 |942 |25 | |
122 |49 |1070 |25 | |
122 |49 |1120 |25 | |
122 |49 |1150 |25 | |
123 |49 |0.0 | |(9/2)+ |6.17 S 5
123 |49 |327.21 |4 |(1/2)- |47.4 S 4
123 |49 |698.55 |4 |(3/2)- |
123 |49 |1027.39 |3 |(9/2,11/2,13/2+) |
123 |49 |1052.29 |3 |(5/2+) |
123 |49 |1137.51 |5 |(1/2,3/2,5/2-) |
123 |49 |1165.801 |24 |(9/2,11/2,13/2+) |
123 |49 |1473.79 |3 | |
123 |49 |1512.12 |3 |7/2+,9/2+ |
123 |49 |1566.27 |4 |(9/2,11/2,13/2+) |
123 |49 |1615.76 |7 |(1/2,3/2,5/2-) |
123 |49 |1926.34 |5 |(1/2,3/2,5/2-) |
123 |49 |2020.69 |3 |(5/2+,7/2) |
123 |49 |2029.85 |6 |(1/2+,3/2+) |
123 |49 |2100.95 |4 |(-) |
123 |49 |2102.74 |5 |(9/2-,11/2-) |
123 |49 |2136.61 |4 |(1/2+,3/2+) |
123 |49 |2158.63 |7 |(1/2+,3/2+,5/2+) |
123 |49 |2178.45 |5 |(9/2-,11/2-) |
123 |49 |2185.7 |4 | |
123 |49 |2267.95 |3 |(9/2-,11/2-) |
123 |49 |2309.59 |5 |(9/2-,11/2-,13/2-) |
123 |49 |2354.69 |4 |(9/2-,11/2-) |
123 |49 |2377.27 |9 |(1/2+,3/2+,5/2+) |
123 |49 |2393.31 |4 |(5/2+) |
123 |49 |2429.52 |6 |(1/2+,3/2+,5/2+) |
123 |49 |2461.49 |6 |(9/2-,11/2-) |
123 |49 |2501.03 |3 |(9/2-,11/2-) |
123 |49 |2529.17 |5 |(1/2+,3/2+) |
123 |49 |2529.42 |4 |(9/2-,11/2-,13/2-) |
123 |49 |2541.34 |5 |(1/2+,3/2+) |
123 |49 |2602.20 |7 |(9/2-,11/2-) |
123 |49 |2617.81 |6 |(9/2-,11/2-,13/2-) |
123 |49 |2723.54 |6 |(9/2-,11/2-,13/2-) |
124 |49 |0.0 | |(1)+ |3.12 S 9
124 |49 |36.53 |4 |(1,2)+ |
124 |49 |50 |LT |(8-) |3.7 S 2
124 |49 |122 |15 | |
124 |49 |179.88 |4 |(2)- |
124 |49 |242.68 |1 |(1)+ |50 NS 6
124 |49 |365 |20 | |
124 |49 |555 |20 | |
125 |49 |0.0 | |9/2+ |2.36 S 4
125 |49 |360.12 |9 |1/2(-) |12.2 S 2
125 |49 |796.44 |10 |(3/2-) |
125 |49 |1027.40 |4 |(11/2+) |
125 |49 |1099.48 |3 |(5/2+) |
125 |49 |1173.064 |24 |(13/2+) |
125 |49 |1219.80 |11 |(1/2,3/2,5/2-) |
125 |49 |1563.88 |6 |(9/2,11/2,13/2+) |
125 |49 |1577.60 |5 | |
125 |49 |1588.57 |14 | |
125 |49 |1810.38 |13 | |
125 |49 |1909.70 |4 |(13/2+) |
125 |49 |1953.1 |5 |(15/2+) |
125 |49 |1958.08 |6 | |
125 |49 |1970.90 |7 | |
125 |49 |2009.4 |7 |(19/2+) |9.4 US 6
125 |49 |2064.60 |5 |(9/2,11/2,13/2) |
125 |49 |2101.40 |8 |(9/2,11/2,13/2) |
125 |49 |2147.18 |10 |(5/2+) |
125 |49 |2161.2 |9 |(23/2-) |5.0 MS 15
125 |49 |2217.83 |5 |(9/2,11/2,13/2) |
125 |49 |2248.50 |18 |(9/2,11/2,13/2) |
125 |49 |2252.65 |11 |(9/2,11/2,13/2+) |
125 |49 |2349.44 |14 |(1/2,3/2,5/2) |
125 |49 |2378.16 |4 |(9/2,11/2,13/2) |
125 |49 |2381.28 |11 |(1/2,3/2,5/2) |
125 |49 |2392.594 |25 |(9/2-,11/2-) |
125 |49 |2411.48 |9 |(9/2,11/2,13/2) |
125 |49 |2497.43 |11 |(1/2+,3/2+) |
125 |49 |2572.76 |6 |(9/2,11/2,13/2) |
125 |49 |2585.08 |14 |(1/2+,3/2+,5/2+) |
125 |49 |2616.37 |3 |(9/2-,11/2-) |
125 |49 |2631.58 |9 |(9/2,11/2,13/2) |
125 |49 |2640.29 |3 |(9/2-,11/2-,13/2-) |
125 |49 |2641.26 |16 |(1/2,3/2,5/2) |
125 |49 |2641.67 |5 |(9/2-,11/2-) |
125 |49 |2802.12 |15 |(9/2-,11/2-) |
125 |49 |2818.80 |9 |(9/2,11/2,13/2) |
125 |49 |2863.31 |20 |(9/2,11/2,13/2+) |
126 |49 |0.0 | |3(+) |1.53 S 1
126 |49 |102 |64 |(8-) |1.64 S 5
126 |49 |260.09 |7 | |
126 |49 |308.1 |6 | |
126 |49 |555.40 |9 | |
126 |49 |585.45 |23 | |
126 |49 |625.61 |16 | |
126 |49 |688.23 |8 |(1+) |
127 |49 |0.0 | |(9/2+) |1.09 S 1
127 |49 |408.9 |3 |(1/2-) |3.67 S 4
127 |49 |932.5 |3 |(3/2-) |
127 |49 |1066.26 |13 |(5/2+,7/2) |
127 |49 |1202.30 |10 |(5/2+,7/2) |
127 |49 |1235.16 |10 |(5/2+,7/2) |
127 |49 |1300.7 |5 | |
127 |49 |1589.2 |6 | |
127 |49 |1611.44 |14 | |
127 |49 |1863 |58 |(21/2-) |1.04 S 10
127 |49 |2085 |58 |(23/2-) |
127 |49 |2317 |59 |(25/2+) |
127 |49 |2364 |60 |(29/2+) |9 US 2
127 |49 |2677.27 |25 | |
127 |49 |2688.0 |5 | |
127 |49 |2756.7 |6 | |
127 |49 |2825.1 |4 | |
127 |49 |2852.0 |6 | |
127 |49 |2893.95 |25 | |
127 |49 |3589.5 |9 | |
128 |49 |0.0 | |(3)+ |0.84 S 6
128 |49 |247.87 |10 | |
128 |49 |315.86 |13 | |
128 |49 |3.4E+2 |6 |(8-) |0.72 S 10
128 |49 |710.37 |24 | |
128 |49 |1172.88 |14 |1+ |
129 |49 |0.0 | |(9/2+) |611 MS 5
129 |49 |459 |5 |(1/2-) |1.23 S 3
129 |49 |858.8 |4 |(5/2) |
129 |49 |995.17 |17 |(11/2+) |
129 |49 |1020.5 |4 |(5/2) |
129 |49 |1091.0 |4 |(3/2-) |
129 |49 |1354.14 |17 |(13/2+) |
129 |49 |1422.8 |4 |(5/2+) |
129 |49 |1562.0 |4 |(5/2) |
129 |49 |1585.7 |5 |(9/2+) |
129 |49 |1630 |56 |(23/2-) |0.67 S 10
129 |49 |1632.8 |7 |(5/2-) |
129 |49 |1687.97 |25 |(17/2-) |8.7 US 7
129 |49 |1911 |56 |(29/2+) |110 MS 15
129 |49 |2419.2 |4 |(13/2-) |
129 |49 |2918.9 |4 |(5/2) |
129 |49 |3150.2 |4 |(13/2-) |
129 |49 |3183.9 |4 | |
129 |49 |4578.9 |4 |(5/2-) |
130 |49 |0.0 | |1(-) |0.29 S 2
130 |49 |50 |50 |(10-) |0.54 S 1
130 |49 |388.3 |2 |(3+) |3.1 US 3
130 |49 |400 |60 |(5+) |0.54 S 1
130 |49 |1170.3 |3 |(0:3-) |
130 |49 |1669.2 |1 |(1-) |
130 |49 |2120.2 |2 |1+ |
130 |49 |2585.8 |7 |(0,1) |
130 |49 |4407.4 |6 |(1+) |
130 |49 |4631.1 |10 |(1+) |
130 |49 |5098.1 |10 |(1+) |
130 |49 |5196.1 |10 |(1+) |
130 |49 |5390.8 |7 |(1+) |
131 |49 |0.0 | |(9/2+) |0.28 S 3
131 |49 |302 |32 |(1/2-) |0.35 S 5
131 |49 |1650 |AP |(3/2) |
131 |49 |2750 |AP |(5/2) |
131 |49 |3764 |88 |(21/2+) |0.32 S 6
132 |49 |0.0 | |(7-) |0.207 S 6
132 |49 |800 |AP |(1-) |
132 |49 |1200 |AP |(1+) |
132 |49 |5000 |AP |(1-) |
132 |49 |5200 |AP |(1+) |
132 |49 |5900 |AP |(1+) |
132 |49 |8100 |AP |(1+) |
132 |49 |8600 |AP |(1+) |
132 |49 |9300 |AP |(1+) |
133 |49 |0 | |(9/2+) |165 MS 3
133 |49 |330 |40 |(1/2-) |180 MS 15
134 |49 |0 | |(4-to7-) |140 MS 4
135 |49 |0 | | |92 MS 10
136 |49 |0 | | |85 MS +10-8
137 |49 |0 | | |65 MS +40-30
