100 |50 |0 | |0+ |1.16 S 20
101 |50 |0.0 | |(5/2+) |1.7 S 3
101 |50 |171.7 |6 |(7/2+) |
102 |50 |0.0 | |0+ |3.8 S 2
102 |50 |0+X | | |
102 |50 |1472 | |(2+) |
102 |50 |1969 | |(4+) |
102 |50 |1969+Y | |(6+) |0.8 US 3
103 |50 |0.0 | |(5/2+) |7.0 S 2
103 |50 |168.0 |1 |(7/2+) |
103 |50 |1197.2 |4 | |
103 |50 |1486.2 |3 |(11/2+) |
103 |50 |1775.4 |4 | |
103 |50 |1784.6 |4 |(13/2+) |
104 |50 |0.0 | |0+ |20.8 S 5
104 |50 |1260.1 |3 |2+ |
104 |50 |1942.7 |5 |4+ |
104 |50 |2257.2 |6 |(6+) |1.5 NS 5
104 |50 |3440.2 |6 |8+ |14 PS LT
104 |50 |3980.2 |7 |10+ |104 PS 14
104 |50 |4721.7 |5 |(9-) |5.5 PS LT
104 |50 |5838.9 |4 |(11-) |
104 |50 |6033.4 |4 |(11-) |
104 |50 |6084.5 |5 |(11-) |0.7 PS 3
104 |50 |6431.5 |9 |(13-) |44 PS 7
104 |50 |6469.5 |4 |(13-) |36 PS 8
104 |50 |6581.0 |6 |(12-) |1 PS LE
104 |50 |6854.0 |4 |(14-) |
104 |50 |7125.1 |6 |(13-) |
104 |50 |7997.6 |5 | |
104 |50 |8443 | | |
104 |50 |8990 | | |
104 |50 |9587 | | |
104 |50 |9998 | | |
105 |50 |0 | |(5/2+) |34 S 1
105 |50 |199.7 |3 |(7/2+) |0.33 NS 8
105 |50 |1194.0 |4 |(9/2+) |
105 |50 |1393.8 |4 |(11/2+) |
105 |50 |1848.7 |4 |(13/2+) |
105 |50 |1915.6 |7 |(13/2+) |
105 |50 |2030.7 |5 |(15/2+) |
105 |50 |2167.0 |6 |(15/2+) |
105 |50 |2203.5 |5 |(17/2+) |0.38 NS 5
105 |50 |3012.9 |6 |(19/2+) |
105 |50 |3283.8 |6 |(21/2+) |
105 |50 |3427.0 |7 |(17/2+) |
105 |50 |3755.2 |9 |(19/2+) |
105 |50 |3831.5 |12 |(21/2+) |
105 |50 |4082.7 |8 |(21/2+) |
105 |50 |4429.6 |8 |(23/2+) |
105 |50 |4551.5 |11 |(23/2-) |
105 |50 |5375.3 |14 | |
105 |50 |5529.0 |9 |(25/2+) |
105 |50 |5693.3 |14 | |
105 |50 |5874.1 |12 |(27/2-) |
105 |50 |6126.3 |9 |(27/2+) |
105 |50 |6582.7 |12 |(29/2-) |
105 |50 |7039.5 |12 |(29/2-) |
105 |50 |7340.5 |12 |(31/2-) |
105 |50 |7728.5 |16 |(33/2-) |
105 |50 |8194.5 |19 |(35/2-) |
105 |50 |8680.5 |21 |(37/2-) |
105 |50 |9136.5 |23 |(39/2-) |
105 |50 |9692 |3 |(41/2-) |
105 |50 |10288 |3 |(43/2-) |
106 |50 |0.0 | |0+ |115 S 5
106 |50 |1207.7 |5 |2+ |
106 |50 |2019.6 |5 |4+ |
106 |50 |2325.0 |18 |6+ |2.6 NS 4
106 |50 |3480.4 |6 |8+ |
106 |50 |3777.3 |6 | |
106 |50 |4135.0 |23 |10+ |25 PS 4
106 |50 |4393.9 |6 |9- |
106 |50 |4459.0 |7 | |
106 |50 |4587.3 |6 |10+ |
106 |50 |4853.3 |6 | |
106 |50 |5294.2 |6 |12+ |
106 |50 |5542.1 |7 |11+ |
106 |50 |5543.4 |6 |11- |
106 |50 |5860.3 |21 |(12+) |
106 |50 |5900.9 |7 |(11) |
106 |50 |5959.8 |7 | |
106 |50 |6255.8 |6 |13- |
106 |50 |6655.8 |7 |13 |
106 |50 |6711.4 |7 |14- |15 PS LE
106 |50 |6745.6 |7 |(13-) |
106 |50 |6745.7 |7 | |
106 |50 |6752.5 |7 | |
106 |50 |6773.3 |7 | |
106 |50 |7007.0 |7 |13 |
106 |50 |7141.8 |3 |15- |
106 |50 |7385.3 |7 |15- |
106 |50 |7596.8 |3 |(16+) |
106 |50 |7598.5 |7 |(14-) |
106 |50 |7681.3 |7 | |
106 |50 |7686.1 |7 | |
106 |50 |7745.0 |15 | |
106 |50 |7804.6 |7 |16- |
106 |50 |7865.3 |10 | |
106 |50 |8012.0 |7 |(15-) |
106 |50 |8045.8 |7 |(15-) |
106 |50 |8140.5 |5 | |
106 |50 |8141.0 |7 | |
106 |50 |8215.7 |7 |17- |
106 |50 |8215.7+X |3 | |
106 |50 |8559.0 |7 |(16-) |
106 |50 |8617.7+X |10 | |
106 |50 |8653.5 |3 |(18) |
106 |50 |8686.5 |3 |(18+) |
106 |50 |9096.7+X |15 | |
106 |50 |9100.5 |3 |(19+) |
106 |50 |9102.3 |7 |(17-) |
106 |50 |9552.2 |7 |(18-) |
106 |50 |9987.2 |7 |18 |
106 |50 |10040.4 |8 |(19-) |
106 |50 |10370.7 |3 | |
106 |50 |10632.4 |1 | |
106 |50 |10806.7 |8 |20 |
106 |50 |11265.42 |4 | |
106 |50 |11318.7 |4 |(20) |
106 |50 |11318.7+Y | |(22+) |
106 |50 |12312.7+Y |10 |(24+) |
106 |50 |13440.7+Y |15 |(26+) |
106 |50 |14714.7+Y |18 |(28+) |
106 |50 |16181.7+Y |20 |(30+) |
106 |50 |17898.7+Y |23 |(32+) |
106 |50 |19931.7+Y |25 |(34+) |
106 |50 |Z | | |
106 |50 |941.0+Z |10 | |
106 |50 |2050.0+Z |15 | |
106 |50 |3291.0+Z |18 | |
106 |50 |4693.0+Z |20 | |
106 |50 |6265.0+Z |23 | |
107 |50 |0.0 | |(5/2+) |2.90 M 5
107 |50 |151.2 |3 |(7/2+) |
107 |50 |703.72 |24 |(3/2+) |
107 |50 |818.02 |24 |(5/2+) |
107 |50 |970.42 |24 |(3/2+,5/2+) |
107 |50 |1221.8 |5 |(9/2+) |
107 |50 |1280.1 |3 |(3/2,5/2,7/2)+ |
107 |50 |1349.1 |5 |(11/2+) |
107 |50 |1370.6 |6 |(9/2+) |
107 |50 |1453.9 |3 |(3/2+) |
107 |50 |1619.5 |3 | |
107 |50 |1666.8 |6 |(11/2-) |28 PS 11
107 |50 |1798.8 |5 |(13/2+) |
107 |50 |1942.4 |5 |(13/2+) |
107 |50 |2010.4 |5 |(13/2+) |
107 |50 |2045.5 |3 | |
107 |50 |2066.2 |5 |(15/2+) |
107 |50 |2143.8 |5 |(15/2+) |
107 |50 |2207.7 |5 |(17/2+) |0.25 NS 4
107 |50 |2730.8 |7 |(15/2-) |
107 |50 |2802.8 |7 | |
107 |50 |3098.5 |6 |(19/2+) |
107 |50 |3460.2 |6 |(21/2+) |
107 |50 |3617.2 |8 |(19/2-) |
107 |50 |3826.0 |6 |(21/2-) |
107 |50 |4208.5 |7 |(23/2+) |
107 |50 |4260.9 |6 |(23/2-) |
107 |50 |4553.0 |7 |(25/2+) |
107 |50 |4631.0 |10 |(23/2-) |
107 |50 |4979.1 |8 |(25/2-) |
107 |50 |5196.0 |6 |(27/2-) |13 PS 4
107 |50 |6044.7 |8 |(31/2-) |
108 |50 |0.0 | |0+ |10.30 M 8
108 |50 |1206.07 |10 |2+ |0.48 PS 12
108 |50 |2111.11 |14 |4+ |
108 |50 |2155.13 |23 |(2+) |
108 |50 |2364.46 |17 |6+ |7.3 NS 4
108 |50 |2479.0 |4 | |
108 |50 |2624.68 |21 |5+ |
108 |50 |2640.6 |3 | |
108 |50 |2.70E+3 |AP |(0+) |
108 |50 |2804.6 |4 | |
108 |50 |2817.25 |23 |6+ |
108 |50 |2855.04 |23 |4+ |
108 |50 |2975.95 |24 |(3+,4+) |
108 |50 |3074.8 |5 | |
108 |50 |3560.38 |19 |8+ |71 PS 10
108 |50 |3586.46 |20 |7- |
108 |50 |3714.0 |4 | |
108 |50 |3870.21 |20 |7+ |
108 |50 |3.88E+3 |AP |(0+) |
108 |50 |3929.9 |3 |7 |
108 |50 |4000.6 |3 |8+ |
108 |50 |4145.69 |19 |8- |
108 |50 |4159.54 |23 |8+ |
108 |50 |4176.24 |22 |9- |
108 |50 |4256.00 |20 |10+ |
108 |50 |4398.95 |24 |9+ |
108 |50 |4500.34 |20 |10+ |
108 |50 |4.90E+3 |AP |(0+) |
108 |50 |5062.1 |3 |9 |
108 |50 |5140.71 |21 |10- |
108 |50 |5316.94 |21 |11- |
108 |50 |5416.07 |20 |12+ |
108 |50 |5699.4 |4 | |
108 |50 |5753.91 |21 |10+ |
108 |50 |5756.4 |8 | |
108 |50 |5765.52 |23 |10+ |
108 |50 |5959.22 |21 |12- |
108 |50 |5970.4 |4 |(10+) |
108 |50 |6070.22 |22 |12- |
108 |50 |6099.14 |21 |13- |
108 |50 |6163.2 |3 | |
108 |50 |6315.98 |21 |13- |
108 |50 |6374.6 |3 |13- |
108 |50 |6493.75 |23 |12+ |
108 |50 |6530.13 |21 |14- |
108 |50 |6665.94 |22 |12- |
108 |50 |6885.86 |21 |13- |
108 |50 |7028.6 |3 | |
108 |50 |7035.9 |4 |(13-) |
108 |50 |7183.57 |22 |14- |
108 |50 |7195.0 |3 |15- |
108 |50 |7200.9 |3 |14+ |
108 |50 |7299.6 |4 |(15-) |
108 |50 |7480.4 |3 | |
108 |50 |7607.26 |23 |15- |0.46 PS 4
108 |50 |7646.3 |5 | |
108 |50 |7789.9 |4 |16- |
108 |50 |7790.1 |3 |15- |
108 |50 |7992.1 |3 |16+ |
108 |50 |8037.8 |4 |15- |
108 |50 |8079.0 |4 | |
108 |50 |8102.8 |7 |16- |
108 |50 |8117.19 |25 |16- |0.16 PS 1
108 |50 |8330.5 |4 |17- |
108 |50 |8351.0 |5 |17- |
108 |50 |8380.1 |5 |15- |
108 |50 |8635.4 |3 |17- |0.20 PS +3-1
108 |50 |8695.5 |4 |18- |
108 |50 |8701.3 |3 |17- |
108 |50 |8893.0 |4 |18+ |
108 |50 |8933.9 |11 | |
108 |50 |9105.5 |5 |19- |
108 |50 |9170.5 |3 |18- |0.31 PS +4-3
108 |50 |9232.9 |5 |17- |
108 |50 |9579.1 |5 |20- |
108 |50 |9720.6 |4 |19- |0.39 PS 9
108 |50 |9773.9 |4 |19- |
108 |50 |9907.5 |5 |20+ |
108 |50 |9907.5+X |5 |(20-) |
108 |50 |10053.2 |5 |19- |
108 |50 |10062.3 |7 |21- |
108 |50 |10355.9 |5 |20- |
108 |50 |10571.4 |9 |22- |
108 |50 |10836.60+X |20 |(22-) |
108 |50 |10954.4 |5 |21- |
108 |50 |11004.5 |5 |21- |
108 |50 |11026.6 |7 |22+ |
108 |50 |11865.5+X |6 |(24-) |
108 |50 |11902.6 |5 |23- |
108 |50 |12251.8 |8 |24+ |
108 |50 |12944.5 |6 |25- |
108 |50 |13061.5+X |12 |(26-) |
108 |50 |13607.8 |9 |26+ |
108 |50 |14123.5 |12 |27- |
108 |50 |14447.5+X |12 |(28-) |
108 |50 |15121.6 |10 |28+ |
108 |50 |15479.8 |13 |29- |
108 |50 |16024.1+X |13 |(30-) |
108 |50 |16826.7 |11 |30+ |
108 |50 |17022.7 |13 |31- |
108 |50 |17801.5+X |14 |(32-) |
108 |50 |18722.0 |11 |(32+) |
108 |50 |18764.2 |14 |33- |
108 |50 |18801.0 |12 |(32+) |
108 |50 |19802.8+X |16 |(34-) |
108 |50 |20340.6 |12 |(34+) |
108 |50 |20746.2 |15 |(35-) |
108 |50 |22063.4 |12 |(36+) |
108 |50 |22087.9+X |18 |(36-) |
108 |50 |22987.0 |16 |(37-) |
108 |50 |23935.5 |13 |(38+) |
108 |50 |25559.6 |24 |(39-) |
109 |50 |0 | |5/2+ |18.0 M 2
109 |50 |13.48 |20 |(7/2+) |
109 |50 |544.8 |3 |(1/2+) |
109 |50 |664.45 |24 |(3/2+) |
109 |50 |678.65 |24 |(5/2+) |
109 |50 |925.40 |22 |3/2+ |
109 |50 |991.1 |6 |(1/2+,3/2+) |
109 |50 |1062.8 |3 |3/2+ |
109 |50 |1078.0 |3 |7/2+ |
109 |50 |1228.79 |19 |(3/2+,5/2+) |
109 |50 |1239.49 |14 |9/2+ |
109 |50 |1257.33 |21 |11/2+ |2.0 NS
109 |50 |1269.34 |22 |11/2- |2.0 NS 2
109 |50 |1343.5 |3 |(7/2+) |
109 |50 |1495.4 |5 |(3/2+,5/2+) |
109 |50 |1614.30 |21 |(5/2+) |
109 |50 |1650.0 |5 |3/2+ |
109 |50 |1676.8 |5 |9/2,11/2(+) |
109 |50 |1715.2 |4 |7/2,9/2(+) |
109 |50 |1883.5 |4 |11/2+ |
109 |50 |1914.25 |18 |(3/2+,5/2+) |
109 |50 |1929.76 |21 |(13/2+) |
109 |50 |1991.8 |4 |9/2(+) |
109 |50 |2016.00 |17 |(3/2+,5/2+) |
109 |50 |2049.9 |5 |13/2+ |
109 |50 |2070.83 |24 |11/2(+) |
109 |50 |2090.14 |23 |15/2+ |
109 |50 |2115.4 |3 |17/2+ |7 NS 1
109 |50 |2126.68 |16 |(3/2+,5/2+) |
109 |50 |2217.89 |22 |15/2+ |
109 |50 |2350.3 |3 |15/2- |
109 |50 |2379.6 |4 |13/2(+) |
109 |50 |2397.2 |3 |13/2(+) |
109 |50 |2442.39 |25 |13/2 |
109 |50 |2511.7 |3 |9/2,11/2(+) |
109 |50 |2531.6 |3 | |
109 |50 |2570.7 |4 |7/2,(9/2+) |
109 |50 |2644.8 |4 | |
109 |50 |2821.0 |6 |9/2(+) |
109 |50 |2921.2 |6 | |
109 |50 |3265.3 |4 |(21/2+) |
109 |50 |3300.1 |3 |19/2- |
109 |50 |3315.2 |3 |19/2- |
109 |50 |3345.3 |4 |(21/2+) |
109 |50 |3473.6 |3 |21/2+ |
109 |50 |3526.6 |5 |(19/2-) |
109 |50 |3863.4 |5 |(23/2+) |
109 |50 |3925.6 |4 |(23/2+) |
109 |50 |4261.1 |4 |23/2- |
109 |50 |4450.3 |5 |23/2- |
109 |50 |4608.7 |5 |25/2+ |
109 |50 |4983.9 |6 |(27/2+) |
109 |50 |5129.5 |5 |(27/2+) |
109 |50 |5171.1 |8 |25/2(+) |
109 |50 |5284.7 |5 |27/2- |
109 |50 |5449.8 |6 |27/2(+) |
109 |50 |5849.0 |6 |(31/2+) |
109 |50 |5991.9 |9 |29/2(+) |
109 |50 |6223.2 |6 |31/2- |
109 |50 |6336.4 |6 |31/2(+) |
109 |50 |6823.9 |14 |33/2(+) |
109 |50 |7193.7 |7 |35/2(+) |
109 |50 |7232.2 |12 |35/2- |
109 |50 |7723.9 |17 |37/2(+) |
109 |50 |8122.9 |8 |39/2(+) |
109 |50 |8262.2 |16 |39/2- |
109 |50 |8726.0 |20 |41/2(+) |
109 |50 |9143.9 |12 |(43/2+) |
109 |50 |9329.9 |12 |(41/2,43/2) |
109 |50 |9346.3 |19 |43/2- |
109 |50 |9865.0 |22 |45/2(+) |
109 |50 |10132.9 |13 |(45/2,47/2) |
109 |50 |10285.9 |16 |(47/2+) |
109 |50 |10508.3 |21 |47/2- |
109 |50 |11068.9 |16 |(49/2,51/2) |
109 |50 |11149.0 |24 |49/2(+) |
109 |50 |11582.9 |19 |(51/2+) |
109 |50 |11703.3 |23 |(51/2-) |
109 |50 |11798.3 |23 |(51/2-) |
109 |50 |12187.9 |19 |(53/2,55/2) |
109 |50 |12343 |3 |53/2(+) |
109 |50 |12595 |3 |(53/2+) |
109 |50 |12977.3 |23 |(55/2-) |
109 |50 |13091.9 |21 |(55/2+) |
109 |50 |13154.3 |25 |(55/2-) |
109 |50 |13487.9 |22 |(57/2,59/2) |
109 |50 |13770 |3 |(57/2+) |
109 |50 |14426 |3 |(59/2-) |
109 |50 |14639 |3 |(59/2-) |
109 |50 |14832.9 |23 |(59/2+) |
109 |50 |14906 |3 |(61/2+) |
109 |50 |15011.9 |24 |(61/2,63/2) |
109 |50 |16069 |3 |(63/2-) |
109 |50 |16225 |3 |(65/2+) |
109 |50 |16271 |3 |(63/2-) |
109 |50 |16757 |3 |(63/2+) |
109 |50 |16778 |3 |(65/2,67/2) |
109 |50 |17719 |4 |(69/2+) |
109 |50 |17906 |3 |(67/2-) |
109 |50 |18730 |3 |(69/2,71/2) |
109 |50 |18879 |3 |(67/2+) |
109 |50 |19396 |4 |(73/2+) |
109 |50 |19947 |3 |(71/2-) |
109 |50 |20909 |3 |(73/2,75/2) |
109 |50 |21274 |4 |(77/2+) |
109 |50 |22216 |4 |(75/2-) |
109 |50 |23382 |4 |(81/2+) |
109 |50 |24742 |4 |(79/2-) |
110 |50 |0.0 | |0+ |4.154 H 4
110 |50 |1212.02 |9 |2+ |0.48 PS 4
110 |50 |2058.0 |4 |(0+,2) |
110 |50 |2121.04 |23 |2+ |
110 |50 |2197.05 |10 |4+ |
110 |50 |2309 |3 |0+ |
110 |50 |2455.6 |3 |4+ |
110 |50 |2458.42 |15 |3- |
110 |50 |2477.68 |15 |6+ |5.6 NS 3
110 |50 |2545.7 |5 |2+ |
110 |50 |2573 |3 |0+ |
110 |50 |2694.5 |4 |4+ |
110 |50 |2742.1 |8 |0+ |
110 |50 |2753.67 |16 |6+ |
110 |50 |2800.27 |13 |(6+) |
110 |50 |2821.5 |4 |(2+,3,4+) |
110 |50 |2833.6 |3 |2+ |
110 |50 |2857 |3 |2+ |
110 |50 |2914.8 |10 |2+ |
110 |50 |2948.2 |3 |(3,4+) |
110 |50 |2963.82 |14 |5- |
110 |50 |2965 |3 |2+ |
110 |50 |2977.2 |5 |(2,3,4+) |
110 |50 |2983 | |4+ |
110 |50 |2997 | |(2+) |
110 |50 |3059 |3 |4+ |
110 |50 |3083 |3 |2+ |
110 |50 |3153 | |2+ |
110 |50 |3182.9 |6 |(2,3,4+) |
110 |50 |3183 |3 |0+ |
110 |50 |3210.9 |4 |(3,4,5) |
110 |50 |3222.6 |3 |(3,4+) |
110 |50 |3249.2 |8 |(6)- |
110 |50 |3252 | |4+ |
110 |50 |3320 | |2+ |
110 |50 |3321.16 |18 |(6+) |
110 |50 |3335.2 |5 |(6+) |
110 |50 |3355.20 |25 |5- |
110 |50 |3416.92 |15 |5- |
110 |50 |3421 |3 |2+ |
110 |50 |3446.8 |5 |(2,3,4+) |
110 |50 |3472 | | |
110 |50 |3540.5 |7 |4+ |
110 |50 |3577 | | |
110 |50 |3594 | | |
110 |50 |3609 |3 |4+ |
110 |50 |3629.8 |4 |(3,4+) |
110 |50 |3643 | | |
110 |50 |3687.52 |17 |7- |
110 |50 |3751 |3 |2+ |
110 |50 |3765.77 |17 |8- |1.16 NS 10
110 |50 |3807 | | |
110 |50 |3812 |3 |2+ |
110 |50 |3813.09 |22 |8+ |
110 |50 |3844 |3 |5- |
110 |50 |3885.0 |7 |3- |
110 |50 |3933.57 |18 |9- |121 PS 19
110 |50 |3971 | | |
110 |50 |3991.7 |3 |(8+) |
110 |50 |4003.77 |24 |(7)+ |
110 |50 |4132 |3 |3-&amp;5- |
110 |50 |4137.86 |20 |(8+) |
110 |50 |4158 | | |
110 |50 |4280.6 |7 |(8+) |
110 |50 |4315.7 |3 |(8)+ |
110 |50 |4317 |3 |4+ |
110 |50 |4317.3 |4 |(10) |
110 |50 |4465 | | |
110 |50 |4501 | | |
110 |50 |4600 | | |
110 |50 |4625.6 | | |
110 |50 |4644 | | |
110 |50 |4780.44 |20 |9- |
110 |50 |4881.07 |23 |(10+) |
110 |50 |4895.20 |20 |10- |21 PS LT
110 |50 |5006.1 |6 |(2,3,4+) |
110 |50 |5017.40 |23 |(10+) |
110 |50 |5108.15 |23 |11- |52 PS 16
110 |50 |5219.7 |4 |(10+) |
110 |50 |5228.98 |19 |10+ |
110 |50 |5331.27 |20 |11- |
110 |50 |5730.8 |3 |(12+) |
110 |50 |5939.4 |3 |(9-) |
110 |50 |6037.14 |21 |(12+) |
110 |50 |6066.5 |3 |(10-) |
110 |50 |6207.13 |21 |(11-) |
110 |50 |6354.9 |4 |(12-) |
110 |50 |6370.9 |11 |(12) |
110 |50 |6545.2 |5 |(13) |
110 |50 |6598.3 |4 |(14+) |
110 |50 |6613.2 |8 |(13) |
110 |50 |6778.04 |23 |(14+) |
110 |50 |6974.4 |13 |(14) |
110 |50 |7541.1 |5 |(16+) |
110 |50 |7587.9 |3 |(16+) |
110 |50 |8491.8 |3 |(18+) |
110 |50 |9495.2 |3 |(20+) |
110 |50 |10501.5 |6 |(22+) |
110 |50 |11516.0 |6 |(24+) |
111 |50 |0.0 | |7/2+ |35.3 M 6
111 |50 |154.48 |3 |5/2+ |
111 |50 |254.71 |4 |1/2+ |12.5 US 10
111 |50 |643.62 |9 |3/2+ |
111 |50 |755.46 |18 |5/2+ |
111 |50 |978.6 |3 |11/2- |10.0 NS 5
111 |50 |1032.57 |9 |3/2+ |
111 |50 |1107 |2 |1/2+ |
111 |50 |1151.74 |18 |3/2+,5/2+ |
111 |50 |1235.60 |24 |(9/2)+ |
111 |50 |1276.69 |24 |7/2+ |0.3 NS 2
111 |50 |1302.1 |3 |5/2+ |
111 |50 |1347.85 |23 |11/2+ |
111 |50 |1417 |3 | |
111 |50 |1432 |3 |3/2+,5/2+ |
111 |50 |1478.1 |3 |9/2+ |
111 |50 |1577.5 |10 |5/2+ |
111 |50 |1693.2 |4 |(3/2+,5/2+) |
111 |50 |1732 |3 |1/2+ |
111 |50 |1805 |3 | |
111 |50 |1823.1 |10 |7/2+ |
111 |50 |1866 |3 |(3/2+,5/2+) |
111 |50 |1890.3 |14 |7/2+,9/2+ |
111 |50 |1928 |3 |9/2-,11/2- |
111 |50 |1956 |3 |(3/2+,5/2+) |
111 |50 |1988.0 |10 | |
111 |50 |1995.8 |10 |(3/2+,5/2+) |
111 |50 |2030.5 |20 |3/2+ |
111 |50 |2062.3 |3 |15/2- |
111 |50 |2065.1 |3 |15/2+ |0.52 NS 9
111 |50 |2090.1 |5 |(9/2+) |
111 |50 |2092 |10 |(1/2-,3/2-) |
111 |50 |2100.4 |3 |(13/2)+ |
111 |50 |2140 |10 |1/2- |
111 |50 |2188.2 |4 |(11/2,13/2) |
111 |50 |2191.6 |20 | |
111 |50 |2216.8 |3 | |
111 |50 |2257.4 |3 |(17/2)+ |4 NS GE
111 |50 |2275 |5 | |
111 |50 |2284.5 |20 |(5/2)+ |
111 |50 |2312.6 |20 |(7/2+) |
111 |50 |2363.1 |4 |9/2+,11/2+,13/2+ |
111 |50 |2374 |5 | |
111 |50 |2386.1 |4 |(13/2) |
111 |50 |2395 |5 | |
111 |50 |2433 |5 | |
111 |50 |2466 |5 |5/2+ |
111 |50 |2505 |5 |7/2+ |
111 |50 |2523.5 |4 |(15/2)+ |
111 |50 |2533 |5 |(7/2+,9/2+) |
111 |50 |2544 |5 | |
111 |50 |2600 |5 |(1/2-,3/2-) |
111 |50 |2639 |5 | |
111 |50 |2666 |5 | |
111 |50 |2690 |5 | |
111 |50 |2715 |5 |1/2+ |
111 |50 |2738 |5 | |
111 |50 |2786 |5 |3/2+,5/2+ |
111 |50 |2804 |5 | |
111 |50 |2824 |5 |3/2+,5/2+ |
111 |50 |2867 |5 | |
111 |50 |2910 |5 | |
111 |50 |2983.5 |3 |19/2- |0.15 NS 10
111 |50 |3014 |10 |7/2+,9/2+ |
111 |50 |3123.7 |3 |19/2- |
111 |50 |3228.5 |4 |19/2- |
111 |50 |3238 |10 | |
111 |50 |3263 |10 |1/2-,3/2- |
111 |50 |3306.5 |3 |19/2- |
111 |50 |3322.8 |3 |21/2- |
111 |50 |3443 |10 |7/2+,9/2+ |
111 |50 |3459.2 |4 |23/2- |
111 |50 |3496 |10 |1/2-,3/2- |
111 |50 |3513 |10 | |
111 |50 |3559 |10 | |
111 |50 |3582 |10 | |
111 |50 |3620.2 |3 |23/2- |
111 |50 |3622 |10 |7/2+,9/2+ |
111 |50 |3661 |10 |1/2-,3/2- |
111 |50 |3694 |10 |1/2-,3/2- |
111 |50 |3712 |10 |7/2+,9/2+ |
111 |50 |3758 |10 |7/2+,9/2+ |
111 |50 |3789.0 |4 |(23/2)- |
111 |50 |3815 |10 |7/2+,9/2+ |
111 |50 |3830 |10 |7/2+,9/2+ |
111 |50 |3865 |10 |7/2+,9/2+ |
111 |50 |3952 |10 |(1/2-,3/2-) |
111 |50 |3955.4 |3 |(23/2) |
111 |50 |3971 |10 | |
111 |50 |4011 |10 | |
111 |50 |4029 |10 |(1/2-,3/2-) |
111 |50 |4074.3 |3 |23/2- |
111 |50 |4079 |10 |7/2+,9/2+ |
111 |50 |4130 |10 |7/2+,9/2+ |
111 |50 |4145 |10 | |
111 |50 |4156.1 |5 |25/2- |
111 |50 |4176 |10 |7/2+,9/2+ |
111 |50 |4192 |10 |7/2+,9/2+ |
111 |50 |4232 |10 |7/2+,9/2+ |
111 |50 |4259 |10 | |
111 |50 |4286 |10 | |
111 |50 |4311 |10 |1/2-,3/2- |
111 |50 |4332 |10 |1/2-,3/2- |
111 |50 |4369 |10 |(1/2-,3/2-) |
111 |50 |4393 |10 | |
111 |50 |4416 |10 | |
111 |50 |4446.1 |4 |25/2- |
111 |50 |4448 |10 | |
111 |50 |4483 |10 | |
111 |50 |4511 |10 | |
111 |50 |4556 |10 |1/2-,3/2- |
111 |50 |4580 |10 |1/2-,3/2- |
111 |50 |4617 |10 | |
111 |50 |4839.0 |4 |27/2- |
111 |50 |4877.2 |3 |27/2- |0.49 PS +2-3
111 |50 |4988.7 |4 |(27/2) |
111 |50 |5746.2 |4 |31/2- |0.173 PS 14
111 |50 |5766.8 |4 |(29/2,31/2) |
111 |50 |6131.4 |4 |(31/2) |
111 |50 |6688.6 |8 |35/2- |0.152 PS 14
111 |50 |6842.8 |4 |(31/2,33/2) |
111 |50 |7683.9 |12 |39/2- |0.159 PS 21
111 |50 |8738.5 |12 |43/2- |0.125 PS +21-14
111 |50 |9860.3 |12 |47/2- |0.14 PS LT
111 |50 |11081.6 |13 |(51/2-) |
111 |50 |12448.6 |16 |(55/2-) |
111 |50 |13983.6 |19 |(59/2-) |
111 |50 |15742.6 |22 |(63/2-) |
111 |50 |17812.7 |24 |(67/2-) |
112 |50 |0.0 | |0+ |STABLE
112 |50 |1256.69 |4 |2+ |0.376 PS 5
112 |50 |2150.87 |5 |2+ |1.4 PS 4
112 |50 |2190.81 |6 |0+ |2.7 PS GE
112 |50 |2247.39 |6 |4+ |3.3 PS 5
112 |50 |2354.21 |6 |3- |0.215 PS 14
112 |50 |2476.16 |11 |2+ |2.4 PS GT
112 |50 |2520.70 |7 |4+ |0.42 PS 14
112 |50 |2549.22 |14 |6+ |13.73 NS 8
112 |50 |2556.6 |3 |(2+) |
112 |50 |2617.62 |18 |0+ |0.4 PS GT
112 |50 |2721.06 |14 |2+ |0.8 PS +10-3
112 |50 |2756.02 |9 |3+ |0.8 PS GT
112 |50 |2765.2 |3 |0+:4+ |1.0 PS GT
112 |50 |2783.66 |14 |4+ |0.32 PS 7
112 |50 |2860 |2 | |
112 |50 |2913.07 |21 |4+ |0.6 PS GT
112 |50 |2917.39 |10 |2+,3,4+ |1.1 PS GT
112 |50 |2926.82 |18 |6+ |0.22 PS GT
112 |50 |2945.70 |13 |4+ |1.1 PS GT
112 |50 |2966.63 |8 |2+ |0.5 PS +8-2
112 |50 |2969.31 |6 | |0.29 PS +21-9
112 |50 |2986.4 |3 |0+ |1.7 PS GT
112 |50 |3078.53 |13 |(2,3)+ |1.2 PS GT
112 |50 |3092.21 |10 |2+ |0.25 PS +8-5
112 |50 |3113.54 |15 |0+:4+ |
112 |50 |3133.42 |11 |5- |1.0 PS GT
112 |50 |3141.1 |4 | |
112 |50 |3149.28 |21 |4+ |0.6 PS +10-2
112 |50 |3248.69 |10 |2+ |1.1 PS GT
112 |50 |3272.31 |16 |4+ |0.30 PS +21-10
112 |50 |3283.60 |21 |2+ |
112 |50 |3286.18 |15 |(2)+ |0.22 PS +15-7
112 |50 |3288.0 |3 |(1,2+) |
112 |50 |3338.3 |3 |2+ |0.3 PS GT
112 |50 |3353.1 |4 |2+ |1.4 PS GT
112 |50 |3354.38 |15 |(7)- |
112 |50 |3378.9 |3 |0+:4+ |
112 |50 |3384.30 |22 |(3)- |0.18 PS +8-5
112 |50 |3397.20 |12 |2-,3- |0.23 PS +10-6
112 |50 |3400 |3 |4+ |
112 |50 |3413.93 |12 |6+ |0.6 PS 3
112 |50 |3417.41 |11 |4+ |0.4 PS GT
112 |50 |3430.65 |22 |(8)- |0.61 NS 3
112 |50 |3433.9 |5 |(1-) |1.9 FS +11-10
112 |50 |3445 |3 |4+ |
112 |50 |3456.31 |20 |2+,3+ |0.7 PS GT
112 |50 |3471.7 |3 |4+ |0.23 PS GT
112 |50 |3494.00 |21 |2+:6+ |
112 |50 |3499.21 |16 |5- |0.04 PS +4-2
112 |50 |3520.45 |20 |1:4+ |
112 |50 |3524.54 |18 |2+ |0.12 PS GT
112 |50 |3530.15 |14 |2+,3,4+ |
112 |50 |3553.7 |3 |(3)- |0.17 PS +11-6
112 |50 |3557.29 |12 | |0.3 PS GT
112 |50 |3570 | |(0)+ |
112 |50 |3580 |5 |(4)+ |
112 |50 |3586 |3 |(2)+ |
112 |50 |3604.90 |12 | |
112 |50 |3610.97 |11 | |0.8 PS +4-2
112 |50 |3624 |3 |(2+,4+) |
112 |50 |3631.03 |24 | |
112 |50 |3654.34 |15 |2+ |
112 |50 |3693.68 |22 |(9)- |47 PS 7
112 |50 |3726.22 |21 | |
112 |50 |3754.4 |3 | |
112 |50 |3782.9 |3 | |
112 |50 |3813.78 |10 |(2+,3+,4+) |
112 |50 |3832 |7 | |
112 |50 |3857 |7 | |
112 |50 |3877 |7 | |
112 |50 |3914 |7 | |
112 |50 |3988 |7 | |
112 |50 |4031 |7 | |
112 |50 |4054 |7 | |
112 |50 |4077.59 |14 |8+ |1.0 PS 4
112 |50 |4105 |7 | |
112 |50 |4141.3 |5 |(1-) |
112 |50 |4151 |7 | |
112 |50 |4162.3 |5 |(1-) |
112 |50 |4171 |7 |4(+) |
112 |50 |4193 |7 | |
112 |50 |4222 |7 | |
112 |50 |4239 |7 | |
112 |50 |4279 |7 | |
112 |50 |4330.4 |5 |(1-) |
112 |50 |4364 |7 | |
112 |50 |4402 |7 | |
112 |50 |4437 |7 | |
112 |50 |4461 |7 | |
112 |50 |4502 |7 | |
112 |50 |4544 |7 | |
112 |50 |4582.61 |25 |(10)- |0.24 PS 7
112 |50 |4610 |7 | |
112 |50 |4681.0 |3 |(10+) |
112 |50 |4726.5 |5 |(1-) |
112 |50 |4757 |7 | |
112 |50 |4794 |7 | |
112 |50 |4819.37 |22 |10+ |0.14 PS 7
112 |50 |4837.4 |5 |(1-) |
112 |50 |4850 |7 | |
112 |50 |4887 |7 | |
112 |50 |4928.9 |4 |(11)- |21 PS LT
112 |50 |4957 |7 | |
112 |50 |5057.1 |5 |(1-) |
112 |50 |5089 |7 | |
112 |50 |5128.2 |5 |(1-) |
112 |50 |5144 |7 | |
112 |50 |5181 |7 | |
112 |50 |5246.2 |5 |(1-) |
112 |50 |5270 |7 | |
112 |50 |5355 |7 | |
112 |50 |5480.5 |5 |(1-) |
112 |50 |5502.6 |5 |(1-) |
112 |50 |5564.3 |3 |12+ |0.66 PS 14
112 |50 |5593.7 |5 |(1-) |
112 |50 |5617.6 |5 |(1-) |
112 |50 |5649.1 |5 |(1-) |
112 |50 |5666.4 |5 |(1-) |
112 |50 |5684.59 |24 |12+ |
112 |50 |5699.9 |5 |(1-) |
112 |50 |5748.6 |5 |(1-) |
112 |50 |5812.7 |5 |(1-) |
112 |50 |5860.7 |5 |(1-) |
112 |50 |5884.0 |5 |(1-) |
112 |50 |5924.1 |5 |(1-) |
112 |50 |5976.6 |5 |(1-) |
112 |50 |6005.0 |10 |(1-) |
112 |50 |6059.8 |10 |(1-) |
112 |50 |6080.9 |10 |(1-) |
112 |50 |6096.9 |10 |(1-) |
112 |50 |6129.0 |10 |(1-) |
112 |50 |6150.4 |10 |(1-) |
112 |50 |6168.3 |10 |(1-) |
112 |50 |6198.7 |10 |(1-) |
112 |50 |6224.3 |10 |(1-) |
112 |50 |6246.4 |10 |(1-) |
112 |50 |6259.1 |10 |(1-) |
112 |50 |6272.6 |10 |(1-) |
112 |50 |6313.3 |10 |(1-) |
112 |50 |6348.7 |10 |(1-) |
112 |50 |6362.9 |3 |14+ |1.2 PS 3
112 |50 |6388.1 |10 |(1-) |
112 |50 |6398.3 |5 |(13-) |
112 |50 |6404.1 |10 |(1-) |
112 |50 |6428.6 |10 |(1-) |
112 |50 |6450.0 |10 |(1-) |
112 |50 |6476.3 |15 |(1-) |
112 |50 |6520.7 |10 |(1-) |
112 |50 |6550.1 |10 |(1-) |
112 |50 |6601.0 |10 |(1-) |
112 |50 |6679.9 |10 |(1-) |
112 |50 |6706.7 |10 |(1-) |
112 |50 |6715.0 |10 |(1-) |
112 |50 |6731.9 |10 |(1-) |
112 |50 |6795.5 |10 |(1-) |
112 |50 |6818.7 |10 |(1-) |
112 |50 |6824.2 |10 |(1-) |
112 |50 |6855.9 |10 |(1-) |
112 |50 |6871.2 |10 |(1-) |
112 |50 |6941.2 |10 |(1-) |
112 |50 |6961.5 |10 |(1-) |
112 |50 |6982.7 |10 |(1-) |
112 |50 |7009.8 |10 |(1-) |
112 |50 |7018.7 |10 |(1-) |
112 |50 |7025.8 |10 |(1-) |
112 |50 |7043.1 |10 |(1-) |
112 |50 |7092.8 |10 |(1-) |
112 |50 |7167.2 |10 |(1-) |
112 |50 |7198.2 |10 |(1-) |
112 |50 |7207.1 |5 |(15-) |
112 |50 |7208.1 |10 |1- |
112 |50 |7214.2 |3 |16+ |0.55 PS 10
112 |50 |7217.8 |11 |(1-) |
112 |50 |7228.1 |10 |(1-) |
112 |50 |7248.4 |14 |(1-) |
112 |50 |7311.1 |10 |(1-) |
112 |50 |7389.9 |10 |(1-) |
112 |50 |7438.6 |10 |(1-) |
112 |50 |7444.1 |10 |(1-) |
112 |50 |7468.3 |10 |(1-) |
112 |50 |7531.3 |10 |(1-) |
112 |50 |7537.2 |10 |(1-) |
112 |50 |7559.1 |10 |(1-) |
112 |50 |7594.5 |10 |(1-) |
112 |50 |7615.3 |10 |(1-) |
112 |50 |7859.5 |10 |(1-) |
112 |50 |7904.7 |10 |(1-) |
112 |50 |7936.7 |10 |(1-) |
112 |50 |7988.2 |10 |(1-) |
112 |50 |8020.7 |10 |(1-) |
112 |50 |8051.6 |10 |(1-) |
112 |50 |8069.6 |10 |(1-) |
112 |50 |8083.0 |5 |(17-) |
112 |50 |8147.1 |4 |18+ |0.34 PS +8-10
112 |50 |8194.5 |10 |(1-) |
112 |50 |8218.2 |10 |(1-) |
112 |50 |8253.6 |10 |(1-) |
112 |50 |8448.6 |10 |(1-) |
112 |50 |8568.9 |10 |(1-) |
112 |50 |8600.4 |10 |(1-) |
112 |50 |8750.2 |10 |(1-) |
112 |50 |8823.4 |10 |(1-) |
112 |50 |9045.2 |6 |(19-) |
112 |50 |9050.5 |10 |(1-) |
112 |50 |9095.3 |10 |(1-) |
112 |50 |9150.1 |10 |(1-) |
112 |50 |9186.6 |4 |20+ |0.22 PS 6
112 |50 |9329.8 |10 |(1-) |
112 |50 |10076.2 |12 |(21-) |
112 |50 |10335.7 |5 |22+ |0.14 PS 4
112 |50 |11570.6 |7 |(24+) |0.35 PS LT
112 |50 |12965.1 |13 |(26+) |
113 |50 |0.0 | |1/2+ |115.09 D 3
113 |50 |77.389 |19 |7/2+ |21.4 M 4
113 |50 |409.83 |4 |5/2+ |
113 |50 |498.07 |5 |3/2+ |0.35 PS GT
113 |50 |738.4 |3 |11/2- |86 NS 2
113 |50 |1013.94 |14 |3/2+ |0.2 PS 1
113 |50 |1018.08 |5 |5/2+ |1.0 PS 5
113 |50 |1042 |25 |3/2+,5/2+ |
113 |50 |1140 |25 | |
113 |50 |1248.7 |3 | |
113 |50 |1284.06 |11 |5/2+ |0.5 PS 2
113 |50 |1303 |25 |1/2+ |
113 |50 |1314.07 |15 |3/2+ |
113 |50 |1355.90 |20 |3/2+ |0.7 PS 3
113 |50 |1472.54 |15 |5/2+ |0.8 PS 5
113 |50 |1537 |5 |(7/2+,9/2+) |
113 |50 |1539.0 |7 |5/2+ |0.6 PS 1
113 |50 |1539.9 |4 |(11/2-) |0.2 PS 1
113 |50 |1556.50 |10 |3/2+ |
113 |50 |1646.06 |14 |3/2+,5/2+ |
113 |50 |1647.2 |3 | |
113 |50 |1651.62 |17 |5/2+ |
113 |50 |1732.22 |17 |(3/2+,5/2+) |
113 |50 |1744.81 |14 |3/2+,5/2+ |0.31 PS 8
113 |50 |1781.1 |3 |9/2- |0.19 PS 7
113 |50 |1821.0 |3 |1/2+ |
113 |50 |1831.0 |3 |1/2+ |
113 |50 |1867.28 |20 |5/2+ |0.33 PS 10
113 |50 |1906.6 |4 |15/2- |0.8 PS 2
113 |50 |1909.64 |18 |(5/2+,7/2+) |
113 |50 |1935.4 |4 |(11/2-) |1.9 PS 8
113 |50 |1945.3 |4 |(9/2-) |0.40 PS 20
113 |50 |1952.1 |4 |13/2- |1.0 PS 4
113 |50 |1957.05 |16 |3/2(+),5/2(+) |
113 |50 |2031.4 |3 | |
113 |50 |2039.88 |19 |7/2+ |0.2 PS 1
113 |50 |2045.47 |20 |(3/2+,5/2+) |
113 |50 |2050 |5 |1/2-,3/2- |
113 |50 |2105 |5 |(3/2-) |
113 |50 |2128.14 |21 |3/2+,5/2+ |
113 |50 |2135.0 |3 | |
113 |50 |2176.27 |18 |7/2+ |0.3 PS 2
113 |50 |2200.7 |3 |5/2+ |0.24 PS GT
113 |50 |2258.6 |3 |5/2+ |0.3 PS 1
113 |50 |2275.8 |3 |1/2-,3/2- |
113 |50 |2336.7 |4 |11/2- |0.35 PS 8
113 |50 |2385.77 |25 |7/2+ |0.7 PS 6
113 |50 |2410.8 |5 | |
113 |50 |2448.38 |23 |7/2+ |
113 |50 |2457.11 |22 | |
113 |50 |2467.9 |3 | |
113 |50 |2506.0 |3 | |
113 |50 |2512.0 |3 |(3/2,5/2) |
113 |50 |2538.27 |22 |3/2+,5/2+ |
113 |50 |2540 |5 |5/2-,7/2- |
113 |50 |2540.0 |4 |(15/2-) |0.07 PS 3
113 |50 |2552.4 |3 |(3/2,5/2,7/2) |
113 |50 |2579 |AP | |
113 |50 |2582.3 |4 |(15/2-) |0.22 PS 9
113 |50 |2590.77 |22 |(3/2) |
113 |50 |2616.7 |5 | |
113 |50 |2619.4 |4 | |
113 |50 |2620 |5 |1/2+ |
113 |50 |2624.04 |21 | |
113 |50 |2649.0 |4 |(9/2-) |
113 |50 |2662.8 |3 |(3/2+,5/2+) |
113 |50 |2671.1 |4 | |
113 |50 |2675.3 |4 | |
113 |50 |2700.4 |4 | |0.4 PS 1
113 |50 |2717.8 |4 |(11/2-) |
113 |50 |2749.7 |4 |17/2- |0.21 PS 7
113 |50 |2764 |5 |(7/2)- |
113 |50 |2777.9 |4 | |
113 |50 |2780 |5 | |
113 |50 |2806.6 |5 |19/2- |0.31 PS 10
113 |50 |2851.6 |4 |(17/2-) |1.2 PS 6
113 |50 |2862 |5 |(7/2)- |
113 |50 |2888.9 |4 | |
113 |50 |2915.9 |4 | |
113 |50 |2932.2 |5 | |
113 |50 |2956.5 |4 | |
113 |50 |2975.0 |4 |(19/2-) |0.28 PS 14
113 |50 |3004 |5 |1/2-,3/2- |
113 |50 |3080 |5 |(7/2)- |
113 |50 |3091.2 |4 |19/2- |0.45 PS 18
113 |50 |3128.7 |5 |21/2- |
113 |50 |3130.3 |5 | |
113 |50 |3138.9 |6 | |
113 |50 |3204 |5 |1/2-,3/2- |
113 |50 |3223.2 |5 |(19/2)- |1.4 PS GT
113 |50 |3307 |5 |(7/2)- |
113 |50 |3409.5 |6 |17/2 |
113 |50 |3412.5 |4 | |
113 |50 |3418 |5 |(7/2)- |
113 |50 |3420.4 |5 |(21/2-) |
113 |50 |3456.5 |5 | |
113 |50 |3458.3 |5 |(23/2-) |
113 |50 |3494 |5 |(7/2)- |
113 |50 |3499 |5 | |
113 |50 |3539 |5 |(7/2)- |
113 |50 |3584 |5 |(7/2)- |
113 |50 |3680.4 |6 |(23/2-) |
113 |50 |3696 |5 |(7/2)- |
113 |50 |3743 |5 |(7/2)- |
113 |50 |3796 |5 |(7/2)- |
113 |50 |3808 |5 |(7/2)- |
113 |50 |3822 |5 |(7/2)- |
113 |50 |3837.5 |6 |(23/2-) |
113 |50 |3846 |5 | |
113 |50 |3873 |5 |(7/2)- |
113 |50 |3901.9 |5 |(23/2-) |0.6 PS 2
113 |50 |3906 |2 |(7/2)- |
113 |50 |3913.8 |6 |(21/2-) |
113 |50 |3960 |5 | |
113 |50 |3972.1 |5 |(23/2-) |0.5 PS 2
113 |50 |4022 |5 |(3/2) |
113 |50 |4044 |5 |(7/2)- |
113 |50 |4051.8 |5 |21/2 |
113 |50 |4058.0 |6 |25/2+ |0.69 NS 28
113 |50 |4233 |5 |(7/2)- |
113 |50 |4265 |5 |(7/2)- |
113 |50 |4315 |5 |(7/2)- |
113 |50 |4335 |5 | |
113 |50 |4343 |5 |(7/2)- |
113 |50 |4364 |5 | |
113 |50 |4397 |5 |(7/2)- |
113 |50 |4430 |5 |(7/2)- |
113 |50 |4438 |5 | |
113 |50 |4475.1 |6 |(27/2+) |1.1 PS GT
113 |50 |4504 |5 | |
113 |50 |4589 |5 |(7/2)- |
113 |50 |4609 |5 |(7/2)- |
113 |50 |4649 |5 | |
113 |50 |4714.4 |6 |(27/2-) |0.31 PS 10
113 |50 |4752.2 |6 |25/2 |
113 |50 |4992 |5 |(7/2)- |
113 |50 |5012 |5 |(7/2)- |
113 |50 |5067 |5 |(7/2)- |
113 |50 |5239 |5 |(7/2)- |
113 |50 |5291 |5 |(7/2)- |
113 |50 |5318 |5 | |
113 |50 |5450 |5 |(7/2)- |
113 |50 |5534.4 |6 |29/2 |
113 |50 |5605.7 |8 |31/2+ |
113 |50 |5645.6 |7 |31/2- |
113 |50 |5647 |5 |(7/2)- |
113 |50 |6385.3 |7 |33/2 |
113 |50 |6682.3 |9 |35/2- |
113 |50 |7322.0 |9 |37/2 |
113 |50 |7745.5 |25 |1/2+ |
113 |50 |7784.4 |10 |39/2- |
113 |50 |7883.1 |10 |39/2- |
113 |50 |8347.8 |10 |41/2 |
113 |50 |8811.7 |10 |43/2- |
113 |50 |9014.0 |10 |43/2- |
113 |50 |9466.9 |11 |45/2 |
113 |50 |9936.4 |11 |47/2- |
113 |50 |10209.7 |11 |47/2- |
113 |50 |10589.1 |12 |49/2 |
113 |50 |11242.0 |12 |51/2- |
113 |50 |11405.1 |12 |51/2- |
113 |50 |11723.5 |13 |53/2 |
113 |50 |11826 |50 |9/2+ |
113 |50 |12254 |50 |1/2- |
113 |50 |12513 |50 |3/2- |
113 |50 |12642.9 |13 |55/2- |
113 |50 |12736.8 |13 |(55/2-) |
113 |50 |13034.6 |14 |57/2 |
113 |50 |14032.6 |14 |59/2- |
113 |50 |14286.5 |14 |59/2- |
113 |50 |14577.5 |15 |(61/2) |
113 |50 |15653.9 |15 |(63/2-) |
113 |50 |15990.8 |18 |(63/2-) |
113 |50 |16309.8 |18 |(65/2) |
113 |50 |17504.3 |18 |(67/2-) |
113 |50 |18219.8 |20 |(69/2) |
114 |50 |0 | |0+ |STABLE
114 |50 |1299.907 |7 |2+ |0.42 PS 3
114 |50 |1953.266 |21 |0+ |6.5 PS 23
114 |50 |2156.28 |3 |0+ |7.6 PS GT
114 |50 |2187.602 |11 |4+ |5.3 PS 4
114 |50 |2238.953 |13 |2+ |
114 |50 |2274.990 |11 |3- |0.360 PS 21
114 |50 |2421.67 |22 |0+ |
114 |50 |2454.072 |16 |2+ |
114 |50 |2514 | |3- |
114 |50 |2514.760 |22 |3+ |
114 |50 |2576 |4 |2+ |
114 |50 |2614.461 |16 |4+ |0.55 PS 10
114 |50 |2738.4 |5 | |
114 |50 |2759.7 |5 | |
114 |50 |2765.36 |4 |4+ |0.56 PS 30
114 |50 |2815.146 |22 |5- |1.4 PS GT
114 |50 |2859.81 |3 |4+ |
114 |50 |2905 |5 |3- |
114 |50 |2905.12 |5 |3- |
114 |50 |2915.73 |15 |2+ |
114 |50 |2943.43 |6 |2+ |
114 |50 |3025 | |2,3+ |
114 |50 |3025.29 |6 |0+ |
114 |50 |3028.09 |10 |2,3+ |
114 |50 |3071.4 |5 | |
114 |50 |3087.37 |7 |7- |733 NS 14
114 |50 |3100.1 |5 | |
114 |50 |3107.1 |5 | |
114 |50 |3149.79 |12 |6+ |1.1 PS 3
114 |50 |3186.13 |8 |2+ |
114 |50 |3188.92 |5 |6+ |2.14 PS 10
114 |50 |3190.39 |8 |8- |0.35 NS 20
114 |50 |3207.61 |17 |4+ |
114 |50 |3211.76 |19 |(1,2) |
114 |50 |3226.00 |9 |3- |
114 |50 |3242.05 |10 |5-,6+ |
114 |50 |3244.39 |7 |6- |1.4 PS GT
114 |50 |3297.3 |5 | |
114 |50 |3308.4 |6 |0+ |
114 |50 |3326 | |2+ |
114 |50 |3326.50 |16 |(1) |
114 |50 |3357.42 |18 |4+ |
114 |50 |3363.00 |10 |6- |1.1 PS +7-3
114 |50 |3364.8 |5 |5- |
114 |50 |3380.1 |5 | |
114 |50 |3392.1 |5 | |
114 |50 |3393.0 |7 | |
114 |50 |3396.1 |6 |6+ |
114 |50 |3396.9 |5 |(4-) |
114 |50 |3422.7 |9 |0+ |
114 |50 |3448.37 |10 |4+ |
114 |50 |3451.8 |3 |0+ |
114 |50 |3471.4 |3 |6+ |0.5 PS +3-18
114 |50 |3478.85 |13 |2+ |
114 |50 |3486 |3 |5- |
114 |50 |3510.70 |10 |9- |7.2 PS 39
114 |50 |3514.19 |10 |3-,9- |
114 |50 |3525.36 |16 |3- |
114 |50 |3549 |3 |0+ |
114 |50 |3561.1 |3 |2+ |
114 |50 |3566.47 |8 |7- |
114 |50 |3587 |3 |4+ |
114 |50 |3610.71 |20 |5(-) |
114 |50 |3654 |3 |4+ |
114 |50 |3658.7 |10 | |0.8 PS +5-3
114 |50 |3680 |3 |4+ |
114 |50 |3685.15 |21 |6- |
114 |50 |3696 |3 |2+ |
114 |50 |3717.83 |12 |7- |1.0 PS +7-4
114 |50 |3720.4 |5 | |
114 |50 |3727 |3 |2+ |
114 |50 |3740.03 |20 |0+ |
114 |50 |3765 |3 |0+ |
114 |50 |3781.98 |8 |2+ |
114 |50 |3786 |3 |4+ |
114 |50 |3800 |3 |2+ |
114 |50 |3854.3 |7 | |
114 |50 |3855.6 |6 | |
114 |50 |3871 |3 |5- |
114 |50 |3871.28 |9 |8+ |1.01 PS 8
114 |50 |3876 |3 |2+ |
114 |50 |3889.3 |6 | |
114 |50 |3939 |6 |3- |
114 |50 |3971 |3 |2+ |
114 |50 |3971.21 |12 |8- |
114 |50 |3987.6 |5 | |
114 |50 |3988 |3 |3- |
114 |50 |3991.39 |12 |2+,3+,4+ |
114 |50 |4000 |3 |4+ |
114 |50 |4029.83 |9 |2+,3+,4+ |
114 |50 |4043.15 |21 |5- |
114 |50 |4046.82 |15 |5- |
114 |50 |4057 |3 |6+ |
114 |50 |4088.74 |16 |8+ |
114 |50 |4095 |3 |2+ |
114 |50 |4118 |3 |4+ |
114 |50 |4136 |3 |4+ |
114 |50 |4139.69 |13 |10+ |218 PS 24
114 |50 |4141.50 |16 |8- |
114 |50 |4152.5 |10 | |
114 |50 |4160 |30 | |
114 |50 |4177 |6 | |
114 |50 |4220.89 |17 |6- |
114 |50 |4262.0 |5 | |
114 |50 |4293.8 |5 | |
114 |50 |4313.00 |23 |7+ |
114 |50 |4322.0 |5 | |
114 |50 |4338.3 |5 | |
114 |50 |4353 |6 | |
114 |50 |4394.1 |5 | |
114 |50 |4403.0 |5 | |
114 |50 |4406.4 |5 | |
114 |50 |4413 |6 |0+ |
114 |50 |4428.6 |9 | |
114 |50 |4430.36 |12 |7- |
114 |50 |4434.5 |5 | |
114 |50 |4449.5 |6 | |
114 |50 |4472 |6 | |
114 |50 |4481.5 |9 | |
114 |50 |4488.5 |6 | |
114 |50 |4492.0 |5 | |
114 |50 |4515.0 |5 | |
114 |50 |4526.9 |5 | |
114 |50 |4553.3 |4 |8+ |
114 |50 |4568.3 |6 | |
114 |50 |4576 |6 | |
114 |50 |4583.7 |5 | |
114 |50 |4593.5 |5 | |
114 |50 |4613.0 |5 | |
114 |50 |4624.1 |4 |7- |
114 |50 |4650.5 |11 | |
114 |50 |4664.88 |22 |9- |
114 |50 |4669.44 |13 |8- |
114 |50 |4671.2 |3 |10- |
114 |50 |4672.77 |11 |10+ |0.69 PS 9
114 |50 |4678.7 |7 | |
114 |50 |4682.1 |11 |(6+) |
114 |50 |4683.1 |5 | |
114 |50 |4717.7 |5 | |
114 |50 |4732.2 |5 | |
114 |50 |4736.38 |16 |10- |
114 |50 |4766.2 |5 | |
114 |50 |4766.4 |5 | |
114 |50 |4787.6 |5 | |
114 |50 |4788.3 |12 | |
114 |50 |4797 |6 | |
114 |50 |4805.8 |6 | |
114 |50 |4831 |10 | |
114 |50 |4858.7 |8 | |
114 |50 |4909 |10 | |
114 |50 |4916.41 |23 |10- |
114 |50 |4919.30 |12 |9- |
114 |50 |4923.70 |13 |9- |
114 |50 |4924.3 |9 | |
114 |50 |4926.9 |5 | |
114 |50 |4932.3 |6 | |
114 |50 |4963.58 |20 |11- |0.30 PS 11
114 |50 |4964.1 |5 | |
114 |50 |5014.2 |6 | |
114 |50 |5039.2 |5 | |
114 |50 |5054.9 |8 |9- |
114 |50 |5065.4 |6 | |
114 |50 |5094.82 |22 |(10-) |
114 |50 |5102.9 |11 | |
114 |50 |5119.6 |5 | |
114 |50 |5124.2 |5 | |
114 |50 |5181.72 |19 |12+ |0.49 PS +21-14
114 |50 |5182.15 |23 | |
114 |50 |5191.4 |6 | |
114 |50 |5213.5 |4 |10+ |
114 |50 |5214.3 |4 |(10)+ |
114 |50 |5221.6 |3 |(11)- |
114 |50 |5221.72 |23 | |
114 |50 |5226.6 |5 | |
114 |50 |5233.60 |15 |10- |2.2 PS 6
114 |50 |5254.9 |4 |(8,10)+ |
114 |50 |5280.4 |9 | |
114 |50 |5299.32 |21 |11+ |0.25 PS 11
114 |50 |5310.72 |23 |(8,10+) |
114 |50 |5348.9 |6 | |
114 |50 |5357.22 |23 |(8,10)+ |
114 |50 |5372.3 |6 | |
114 |50 |5419.5 |8 | |
114 |50 |5445.3 |8 | |
114 |50 |5468.23 |21 |(12-) |
114 |50 |5488.12 |23 |(9,11-) |
114 |50 |5500.1 |5 | |
114 |50 |5535.3 |5 | |
114 |50 |5538.7 |5 |(9,11)+ |
114 |50 |5548.24 |14 |12+ |0.42 PS 9
114 |50 |5554.09 |13 |11- |1.2 PS 4
114 |50 |5586.6 |7 | |
114 |50 |5596.9 |11 | |
114 |50 |5599.4 |6 | |
114 |50 |5627.92 |23 |(8,10+) |
114 |50 |5699.87 |23 |(9,11-) |
114 |50 |5707.2 |5 | |
114 |50 |5735.17 |23 |(9,11-) |
114 |50 |5776.26 |17 |12+ |
114 |50 |5776.7 |6 | |
114 |50 |5801.1 |8 | |
114 |50 |5834.93 |23 |(8,10)- |
114 |50 |5857.2 |8 | |
114 |50 |5886.5 |6 | |
114 |50 |5892.0 |12 | |
114 |50 |5920.96 |18 |13+ |1.4 PS +14-7
114 |50 |5921.97 |17 |12- |1.05 PS 20
114 |50 |5956.2 |6 | |
114 |50 |5974.21 |24 |(12)+ |
114 |50 |5977.1 |11 | |
114 |50 |6001.1 |5 | |
114 |50 |6045.53 |20 |14+ |13.78 PS 8
114 |50 |6067.8 |6 | |
114 |50 |6131.7 |6 | |
114 |50 |6132.3 |6 | |
114 |50 |6135.1 |3 | |
114 |50 |6164.5 |6 | |
114 |50 |6173.9 |8 | |
114 |50 |6174.9 |8 | |
114 |50 |6225.6 |6 | |
114 |50 |6266.23 |23 |14+ |
114 |50 |6279.01 |18 |13- |1.00 PS 24
114 |50 |6341.62 |20 |14+ |0.34 PS 8
114 |50 |6460.44 |24 |(13)- |
114 |50 |6496.4 |6 | |
114 |50 |6497.3 |3 |(14)+ |
114 |50 |6520.5 |6 | |
114 |50 |6551.0 |3 | |
114 |50 |6551.1 |3 |15+ |3.62 PS 35
114 |50 |6552.3 |6 | |
114 |50 |6610.6 |7 | |
114 |50 |6690.64 |25 |(13)- |
114 |50 |6698.3 |6 | |
114 |50 |6715.9 |8 |14- |0.57 PS 33
114 |50 |6725.6 |12 | |
114 |50 |6925.7 |4 |16+ |
114 |50 |7115.1 |6 |(15-) |0.40 PS 10
114 |50 |7204.68 |22 |16+ |0.35 PS 4
114 |50 |7205.18 |23 | |
114 |50 |7300 |AP | |
114 |50 |7369.7 |6 | |
114 |50 |7377.1 |8 | |
114 |50 |7607.9 |9 |(16-) |0.24 PS 4
114 |50 |7709.6 |5 | |
114 |50 |7869.7 |5 | |
114 |50 |8049.3 |6 |(17-) |0.21 PS 6
114 |50 |8131.4 |5 | |
114 |50 |8142.7 |3 |18+ |0.215 PS 28
114 |50 |8194.4 |4 | |
114 |50 |8300 |AP | |
114 |50 |8357.7 |8 | |
114 |50 |8587.5 |9 |(18-) |0.097 PS 35
114 |50 |8644.6 |5 | |
114 |50 |9060.7 |6 |(19-) |0.118 PS 28
114 |50 |9194.9 |4 |20+ |0.152 PS 21
114 |50 |9647.5 |10 |(20-) |0.12 PS 6
114 |50 |10113.9 |7 |(21-) |0.12 PS 6
114 |50 |10359.0 |5 |(22+) |0.076 PS 21
114 |50 |10778.3 |10 |(22-) |0.43 PS LT
114 |50 |11174.7 |7 |(23-) |0.10 PS 6
114 |50 |11609.0 |11 |(24+) |0.042 PS 35
114 |50 |12311.7 |12 |(25-) |0.35 PS LT
114 |50 |12943.0 |15 |(26+) |0.18 PS LT
114 |50 |13516.7 |16 |(27-) |
114 |50 |14406.0 |18 |(28+) |
114 |50 |14801.7 |19 |(29-) |
114 |50 |15997.0 |21 |(30+) |
114 |50 |16236.7 |21 |(31-) |
114 |50 |17870.7 |24 |(33-) |
115 |50 |0.0 | |1/2+ |STABLE
115 |50 |497.334 |22 |3/2+ |11 PS 2
115 |50 |612.81 |4 |7/2+ |3.26 US 8
115 |50 |713.64 |12 |11/2- |159 US 1
115 |50 |986.56 |4 |5/2+ |1.97 PS 10
115 |50 |1280.28 |5 |3/2+ |0.44 PS 9
115 |50 |1416.90 |6 |5/2+ |0.35 PS 4
115 |50 |1633.76 |10 |3/2(+) |0.97 PS +35-14
115 |50 |1643.52 |23 |(7/2-,9/2+) |
115 |50 |1643.73 |16 |(7/2-) |
115 |50 |1734.06 |11 |5/2+ |
115 |50 |1785.92 |15 |(9/2to13/2)- |0.69 PS +21-14
115 |50 |1805 |10 |(11/2+,13/2+) |
115 |50 |1824.93 |21 |(3/2+,5/2+) |
115 |50 |1857.40 |10 |7/2+ |0.35 PS 7
115 |50 |1945.76 |13 |11/2-,13/2- |1.3 PS +4-3
115 |50 |1974.0 |5 |1/2+ |
115 |50 |1993.9 |5 |3/2+,5/2+ |
115 |50 |1996.53 |17 |(11/2+) |1.04 PS +21-14
115 |50 |2025.48 |13 |(15/2-) |1.0 PS +4-3
115 |50 |2060.15 |21 |5/2+ |
115 |50 |2076.94 |11 |(1/2+) |
115 |50 |2084.27 |14 |(9/2+) |0.90 PS +28-14
115 |50 |2155.77 |13 |(7/2+) |
115 |50 |2164.76 |22 |(3/2+,5/2+) |
115 |50 |2193.16 |20 |(3/2+,5/2+) |
115 |50 |2196.6 |4 | |
115 |50 |2207.48 |14 |5/2+ |1.0 PS 4
115 |50 |2230.27 |23 |(3/2,5/2+) |
115 |50 |2265 |5 |1/2-,3/2- |
115 |50 |2302 |5 |(5/2-,7/2-) |
115 |50 |2313.82 |19 |3/2+,5/2+ |
115 |50 |2347.43 |14 |(11/2-) |
115 |50 |2352.16 |18 |(1/2+,3/2,5/2+) |
115 |50 |2365.20 |12 |(3/2+,5/2+) |
115 |50 |2371 |5 |7/2+,9/2+ |
115 |50 |2440.22 |9 |(7/2+) |
115 |50 |2447.7 |3 |(1/2-,3/2-) |
115 |50 |2486.7 |9 |7/2+,9/2+ |
115 |50 |2510 |10 |5/2+ |
115 |50 |2553.8 |3 |(3/2+,5/2+) |
115 |50 |2560 | |(1/2-,3/2-) |
115 |50 |2592.35 |19 |(15/2-) |2.4 PS GT
115 |50 |2592.7 |6 |1/2- |
115 |50 |2644.30 |21 |15/2- |
115 |50 |2653.65 |21 |13/2- |
115 |50 |2654.0 |1 |(11/2+) |1.2 PS +14-5
115 |50 |2685.51 |14 |(17/2-) |1.2 PS +5-3
115 |50 |2745 | |(11/2+,13/2+) |
115 |50 |2759.7 |3 | |
115 |50 |2770 |15 |(1/2-,3/2-) |
115 |50 |2807.37 |25 |5/2+ |0.6 PS +4-3
115 |50 |2808.28 |23 |(15/2,17/2) |
115 |50 |2843.35 |13 |15/2- |0.62 PS +21-14
115 |50 |2855 |10 |3/2+,5/2+ |
115 |50 |2860 | |(11/2+,13/2+) |
115 |50 |2890 | |9/2-,11/2- |
115 |50 |2912.85 |18 |(13/2+) |
115 |50 |2930 |10 |(9/2-,11/2-) |
115 |50 |2938.24 |17 |(17/2-) |1.7 PS GT
115 |50 |2950 |5 |5/2+ |
115 |50 |2975.4 |6 |3/2+,5/2+ |
115 |50 |3000 |10 |(3/2+,5/2+) |
115 |50 |3004.09 |13 |19/2- |0.62 PS +35-21
115 |50 |3025 |10 |(3/2+,5/2+) |
115 |50 |3043.25 |17 |(15/2+) |
115 |50 |3060 |20 |7/2+,9/2+ |
115 |50 |3085 |20 | |
115 |50 |3130 |20 |3/2+,5/2+ |
115 |50 |3190 |20 |3/2+,5/2+ |
115 |50 |3191 | |9/2-,11/2- |
115 |50 |3203.81 |12 |17/2- |1.0 PS GT
115 |50 |3204.86 |13 |(15/2+) |
115 |50 |3206.0 |4 |(3/2+,5/2+) |
115 |50 |3220.17 |15 |17/2+ |1.2 PS +4-3
115 |50 |3258.80 |14 |19/2- |
115 |50 |3265 |20 |(3/2+,5/2+) |
115 |50 |3300 |20 |(5/2-,7/2-) |
115 |50 |3318.66 |13 |19/2- |1.3 PS +5-4
115 |50 |3345 |20 |3/2+,5/2+ |
115 |50 |3380 |20 | |
115 |50 |3385.64 |14 |(19/2+) |0.42 PS +21-14
115 |50 |3405 |20 |9/2-,11/2- |
115 |50 |3420 |20 |3/2+,5/2+ |
115 |50 |3470 |20 |3/2+,5/2+ |
115 |50 |3471.98 |14 |19/2- |
115 |50 |3500 |20 |7/2+,9/2+ |
115 |50 |3509.75 |14 |21/2+ |
115 |50 |3526.25 |18 |(17/2+) |
115 |50 |3533.29 |15 |(19/2+) |
115 |50 |3550 |20 |3/2+,5/2+ |
115 |50 |3590 |20 | |
115 |50 |3645 |20 |3/2+,5/2+ |
115 |50 |3666.5 |2 |9/2+ |
115 |50 |3666.6 |2 |23/2+ |
115 |50 |3690 |20 | |
115 |50 |3710 |20 |(7/2+,9/2+) |
115 |50 |3745.07 |15 |(21/2-) |
115 |50 |3839.49 |14 |(25/2+) |
115 |50 |3842.1 |4 | |
115 |50 |3859.36 |17 |(19/2+) |
115 |50 |3879.22 |13 |21/2- |0.8 PS +4-2
115 |50 |3890.25 |20 | |
115 |50 |3959.95 |15 |(23/2+) |
115 |50 |4029.8 |4 | |
115 |50 |4047.16 |14 |23/2- |
115 |50 |4060.18 |13 |(23/2-) |1.0 PS GT
115 |50 |4132.02 |15 | |
115 |50 |4163.0 |4 | |
115 |50 |4242.95 |20 |(21/2+) |
115 |50 |4272.25 |16 |(27/2+) |
115 |50 |4611.26 |20 |(23/2+) |
115 |50 |4635.8 |5 | |
115 |50 |4687.95 |15 |25/2- |
115 |50 |4865.89 |14 |27/2- |
115 |50 |4889.20 |14 |(27/2-) |
115 |50 |5031.19 |20 | |
115 |50 |5060.95 |23 |(25/2+) |
115 |50 |5092.90 |25 | |
115 |50 |5225.61 |25 | |
115 |50 |5330.86 |16 |29/2+ |
115 |50 |5417.87 |22 |(27/2+) |
115 |50 |5434.48 |17 |29/2+ |
115 |50 |5458.4 |3 |(27/2+) |
115 |50 |5599.76 |19 |(29/2) |
115 |50 |5629.54 |16 |29/2- |
115 |50 |5659.86 |19 | |
115 |50 |5749.0 |2 |(31/2+) |
115 |50 |5810.19 |15 |31/2- |
115 |50 |5812.83 |16 |(31/2-) |
115 |50 |5911.49 |17 |(31/2+) |
115 |50 |5966.2 |4 |(29/2+) |
115 |50 |6073.6 |5 | |
115 |50 |6268.6 |3 |(31/2+) |
115 |50 |6286.64 |18 |(33/2) |
115 |50 |6357.25 |17 |(31/2-) |
115 |50 |6461.3 |3 | |
115 |50 |6575.65 |16 |(33/2-) |
115 |50 |6685.2 |3 |33/2- |
115 |50 |6719.33 |17 |35/2- |
115 |50 |6830.63 |18 |(35/2-) |
115 |50 |6949.60 |17 |(35/2-) |
115 |50 |7157.2 |5 |(35/2+) |
115 |50 |7248.65 |18 |(37/2-) |
115 |50 |7683.62 |20 |(39/2-) |
115 |50 |7826.3 |11 |(37/2-) |
115 |50 |7922.6 |3 |(39/2-) |
115 |50 |8163.2 |11 |(39/2+) |
115 |50 |9069.6 |11 |(43/2-) |
115 |50 |13250 | |9/2+ |
115 |50 |13600 | |1/2- |
115 |50 |13850 | |3/2- |
115 |50 |X | | |
115 |50 |5748+X | |(33/2) |
115 |50 |6002.0+X |5 |(35/2) |
115 |50 |6328.8+X |6 |(37/2) |
115 |50 |6711.1+X |6 |(39/2) |
115 |50 |7204.2+X |7 |(41/2) |
115 |50 |7830.2+X |9 |(43/2) |
116 |50 |0 | |0+ |STABLE
116 |50 |1293.560 |8 |2+ |0.374 PS 10
116 |50 |1756.864 |24 |0+ |44 PS 6
116 |50 |2027.48 |3 |0+ |160 PS 20
116 |50 |2112.323 |15 |2+ |1.89 PS 10
116 |50 |2225.379 |17 |2+ |2.4 PS 12
116 |50 |2266.159 |19 |3- |0.34 PS 4
116 |50 |2365.975 |21 |5- |348 NS 19
116 |50 |2390.879 |18 |4+ |0.28 PS 14
116 |50 |2529.202 |18 |4+ |100 PS LT
116 |50 |2545.71 |3 |(0+) |
116 |50 |2585.564 |24 |1+ |
116 |50 |2650.438 |23 |2+ |
116 |50 |2773.33 |3 |6- |
116 |50 |2790.55 |4 |(0)+ |
116 |50 |2801.28 |4 |4+ |
116 |50 |2843.82 |5 |2+ |
116 |50 |2908.85 |3 |7- |0.5 NS 3
116 |50 |2960.03 |3 |2+ |
116 |50 |2996.27 |3 |3+ |
116 |50 |3016.44 |7 |6(-) |
116 |50 |3032.70 |17 |6+ |
116 |50 |3046.40 |9 |4+ |
116 |50 |3088.63 |3 |2+ |
116 |50 |3096.93 |13 |4+ |
116 |50 |3105.18 |17 |5- |
116 |50 |3157.73 |7 |3-,4 |
116 |50 |3179.68 |6 |3+ |
116 |50 |3184 |5 |3- |
116 |50 |3194.32 |6 |0+ |
116 |50 |3210.00 |5 |7- |0.5 NS LT
116 |50 |3227.45 |5 |(2+) |
116 |50 |3227.95 |11 |8- |
116 |50 |3228.06 |14 |2+ |
116 |50 |3236.02 |6 |0+ |
116 |50 |3257.67 |12 |3-,4-,5- |
116 |50 |3277.6 |5 |6+ |
116 |50 |3288.99 |17 | 4 |
116 |50 |3309.0 |4 |6- |
116 |50 |3314.99 |13 |3+ |
116 |50 |3333.78 |6 |1- |
116 |50 |3344.34 |5 |2+ |
116 |50 |3350.5 |4 |(5+) |
116 |50 |3371.42 |8 |3+ |
116 |50 |3379.8 |5 |3+ |
116 |50 |3416.2 |3 |2+ |
116 |50 |3427.91 |14 |4- |
116 |50 |3453.2 |3 |4,5 |
116 |50 |3469.61 |9 |2+ |
116 |50 |3492.98 |12 |8+ |
116 |50 |3507.25 |20 |5- |
116 |50 |3508.33 |7 |2+ |
116 |50 |3510 |5 |4+ |
116 |50 |3513.6 |3 |(2)+ |
116 |50 |3522.66 |25 |9- |
116 |50 |3547.16 |17 |10+ |833 NS 30
116 |50 |3551.7 |5 |3+ |
116 |50 |3572.77 |17 |2+,3 |
116 |50 |3576.2 |6 |4+,5 |
116 |50 |3586.63 |10 |2+ |
116 |50 |3593.76 |9 |3+ |
116 |50 |3616.3 |4 |4- |
116 |50 |3624.6 |7 |4+ |
116 |50 |3640.7 |7 |4,5+ |
116 |50 |3648.1 |5 |3-,5- |
116 |50 |3658.05 |6 |2+ |
116 |50 |3706.9 |7 |3+ |
116 |50 |3711.89 |8 |(1)+ |
116 |50 |3712.4 |3 |8+ |
116 |50 |3730.6 |4 | 3 |
116 |50 |3739 | |3+ |
116 |50 |3742.90 |18 |3- |
116 |50 |3747.9 |4 | 3 |
116 |50 |3776.78 |15 |1+ |
116 |50 |3787.2 |5 |(6-) |
116 |50 |3797 | |+ |
116 |50 |3805.5 |5 |4+ |
116 |50 |3806.02 |18 |2+ |
116 |50 |3809.3 |8 |2+,3 |
116 |50 |3836.67 |23 |0+ |
116 |50 |3843.66 |19 |2+,3 |
116 |50 |3850.9 |5 |1,2+ |
116 |50 |3851 |5 | |
116 |50 |3886.9 |4 |5+ |
116 |50 |3903.58 |24 |2+ |
116 |50 |3904.91 |6 |1 |
116 |50 |3916.91 |7 |2+ |
116 |50 |3945.8 |5 |1+,2+,3 |
116 |50 |3950.52 |21 |1-,2,3 |
116 |50 |3952.9 |3 |2+ |
116 |50 |3973.7 |8 |4+ |
116 |50 |3985.5 |2 | |
116 |50 |4001.10 |7 |1(-) |
116 |50 |4013.27 |15 |2+ |
116 |50 |4015.1 |6 |2,3,4+ |
116 |50 |4023 |1 |5+ |
116 |50 |4026.4 |3 |1 |
116 |50 |4028.5 |5 | 3 |
116 |50 |4037.2 |4 |2+,3+ |
116 |50 |4075.87 |20 |1+,2+,3+ |
116 |50 |4077 |10 |4+,5+ |
116 |50 |4113.89 |6 |1,2+ |
116 |50 |4128.28 |20 |1,2+ |
116 |50 |4143.9 |5 |1+,2+,3 |
116 |50 |4162.108 |24 |2 |
116 |50 |4170.9 |4 |2+ |
116 |50 |4190.5 |4 |2+,3+,4+ |
116 |50 |4200.09 |14 |1 |
116 |50 |4201.52 |8 |1,2 |
116 |50 |4211.59 |12 |0+,1,2 |
116 |50 |4238.15 |22 |2+ |
116 |50 |4240 | |4+,5+ |
116 |50 |4251.68 |11 |1 |
116 |50 |4278.51 |20 |1,2+ |
116 |50 |4280.7 |7 |2,3-,4 |
116 |50 |4285.0 |4 |(7)+ |
116 |50 |4297.1 |5 | 3 |
116 |50 |4308.5 |3 | |
116 |50 |4340 | |+ |
116 |50 |4365 | | |
116 |50 |4392.62 |8 | |
116 |50 |4410.98 |15 | |
116 |50 |4430.45 |23 | |
116 |50 |4480.19 |11 | |
116 |50 |4496.0 |6 |(10-) |
116 |50 |4506.2 |4 |10+ |
116 |50 |4511.36 |17 | |
116 |50 |4548.38 |14 |1- |
116 |50 |4584.13 |24 | |
116 |50 |4649.21 |10 | |
116 |50 |4701.83 |23 |11+ |
116 |50 |4765 |1 |7+ |
116 |50 |4840 |10 |(8,10-) |
116 |50 |4852.7 |3 | |
116 |50 |4877.07 |14 | |
116 |50 |4879.5 |6 |(11-) |
116 |50 |4881.95 |23 |12+ |
116 |50 |4892.55 |21 |1- |
116 |50 |4925.92 |14 | |
116 |50 |4940 | |0+ |
116 |50 |4952.02 |20 | |
116 |50 |4980.3 |5 |1 |
116 |50 |5055.53 |8 | |
116 |50 |5066.3 |4 | |
116 |50 |5085.7 |6 |1 |
116 |50 |5161.27 |23 |12+ |
116 |50 |5174.4 |5 | |
116 |50 |5242.3 |3 | |
116 |50 |5329.90 |24 |12+ |
116 |50 |5357.9 |3 | |
116 |50 |5390.4 |5 |12+ |
116 |50 |5391.2 |6 |1 |
116 |50 |5395.5 |3 | |
116 |50 |5453.5 |4 |1(-) |
116 |50 |5474.9 |3 | |
116 |50 |5484.24 |22 | |
116 |50 |5493.2 |6 | |
116 |50 |5495.91 |23 |13+ |
116 |50 |5500 | | |
116 |50 |5522.19 |23 |13+ |
116 |50 |5550.7 |5 |1 |
116 |50 |5555.4 |5 |1 |
116 |50 |5562.72 |21 | |
116 |50 |5573.6 |5 |(12+) |
116 |50 |5630.2 |5 |1- |
116 |50 |5668.1 |4 | |
116 |50 |5707.2 |3 | |
116 |50 |5716.7 |4 | |
116 |50 |5723.24 |25 |(12-) |
116 |50 |5730 |10 | |
116 |50 |5740 |10 | |
116 |50 |5767.19 |11 | |
116 |50 |5780 | |(-) |
116 |50 |5823.68 |23 |14+ |
116 |50 |5834.7 |5 |1 |
116 |50 |5860 | |(-) |
116 |50 |5923.6 |3 | |
116 |50 |5929.3 |3 |(13+) |
116 |50 |5968.4 |4 | |
116 |50 |5977.57 |23 |13- |
116 |50 |5989.53 |10 | |
116 |50 |5995.58 |11 | |
116 |50 |6006.2 |5 |1(-) |
116 |50 |6041.59 |22 | |
116 |50 |6083.0 |5 |1 |
116 |50 |6088.7 |4 |1 |
116 |50 |6098.30 |24 |14+ |
116 |50 |6116.8 |3 | |
116 |50 |6130.97 |17 | |
116 |50 |6151.9 |4 | |
116 |50 |6159.57 |10 | |
116 |50 |6180.5 |4 |1- |
116 |50 |6198.74 |11 | |
116 |50 |6213.01 |23 |14- |
116 |50 |6216.7 |5 |1- |
116 |50 |6289.0 |4 |1- |
116 |50 |6292.7 |11 |(10-) |
116 |50 |6313.4 |6 |14+ |
116 |50 |6323.0 |6 |1- |
116 |50 |6339.3 |5 |1- |
116 |50 |6344.08 |23 |15- |
116 |50 |6357.7 |3 | |
116 |50 |6358.0 |6 |(14+) |
116 |50 |6363.6 |5 |1 |
116 |50 |6371.9 |5 |1- |
116 |50 |6373.0 |3 | |
116 |50 |6398.5 |5 |1 |
116 |50 |6405.59 |15 | |
116 |50 |6423.1 |5 |1- |
116 |50 |6428.05 |23 | |
116 |50 |6436.31 |21 | |
116 |50 |6446.5 |5 |1- |
116 |50 |6457.2 |5 |1- |
116 |50 |6466.1 |10 |1 |
116 |50 |6468.7 |3 | |
116 |50 |6472.3 |3 |1- |
116 |50 |6482.59 |17 | |
116 |50 |6484.1 |4 |1- |
116 |50 |6507.6 |6 |1- |
116 |50 |6510.55 |9 | |
116 |50 |6518.7 |4 |1- |
116 |50 |6532.01 |21 | |
116 |50 |6581.9 |6 |1- |
116 |50 |6593.2 |5 |1- |
116 |50 |6654.9 |7 |(1) |
116 |50 |6659.52 |25 |16- |
116 |50 |6663.1 |6 |(15+) |
116 |50 |6717.24 |11 | |
116 |50 |6741.4 |6 |(1) |
116 |50 |6749.5 |5 |1 |
116 |50 |6754.07 |18 | |
116 |50 |6834.1 |3 |1 |
116 |50 |6877.0 |7 |1 |
116 |50 |6889.4 |5 |1- |
116 |50 |6967.3 |5 |1 |
116 |50 |7011.5 |6 |1 |
116 |50 |7035.01 |8 | |
116 |50 |7082.15 |25 |17- |
116 |50 |7125.6 |5 |1- |
116 |50 |7145.8 |6 |1 |
116 |50 |7154.7 |5 |1- |
116 |50 |7165.0 |6 |1 |
116 |50 |7173.9 |4 | |
116 |50 |7203.7 |8 |1 |
116 |50 |7215.3 |6 |1 |
116 |50 |7224.7 |4 | |
116 |50 |7229.2 |6 |16+ |
116 |50 |7235.5 |11 |1 |
116 |50 |7241.4 |6 |1 |
116 |50 |7246.3 |5 | |
116 |50 |7319.9 |7 |1 |
116 |50 |7325.27 |22 | |
116 |50 |7353.4 |3 |1- |
116 |50 |7457.3 |6 |(16+) |
116 |50 |7479.8 |14 |1- |
116 |50 |7597.8 |10 |1 |
116 |50 |7654.3 |7 |1- |
116 |50 |7659.94 |19 | |
116 |50 |7692.77 |18 | |
116 |50 |7758.8 |9 |1 |
116 |50 |7826.3 |10 |1(-) |
116 |50 |7896.6 |8 |1 |
116 |50 |7917.1 |7 |1- |
116 |50 |7925.2 |8 |1(+) |
116 |50 |7933.7 |6 |1 |
116 |50 |7947.0 |8 |1 |
116 |50 |7961.1 |6 |1- |
116 |50 |7991.6 |8 |1- |
116 |50 |8187.4 |7 |1 |
116 |50 |8214.3 |6 |1- |
116 |50 |8227.9 |6 |18+ |
116 |50 |8234.5 |8 |1 |
116 |50 |8247.8 |7 |1 |
116 |50 |8282.9 |9 |1 |
116 |50 |8361.3 |8 |1- |
116 |50 |8427.9 |11 |1 |
116 |50 |8457.9 |8 |1 |
116 |50 |8585.6 |3 | |
116 |50 |8661.2 |4 | |
116 |50 |8739.7 |7 |(1) |
116 |50 |9141.4 |4 | |
116 |50 |9321.9 |12 |(20+) |
116 |50 |16198 | | |
116 |50 |16308 | | |
116 |50 |16388 | | |
116 |50 |16478 | | |
116 |50 |16568 | | |
116 |50 |17708 | | |
117 |50 |0.0 | |1/2+ |STABLE
117 |50 |158.562 |12 |3/2+ |0.279 NS 9
117 |50 |314.58 |4 |11/2- |14.00 D 5
117 |50 |360 |10 | |
117 |50 |678.5 | | |
117 |50 |711.54 |10 |7/2+ |980 PS 30
117 |50 |1004.53 |14 |3/2+ |1.32 PS 6
117 |50 |1019.92 |6 |5/2+ |0.46 PS 4
117 |50 |1179.7 |5 |5/2+ |0.4 PS LT
117 |50 |1304.3 |5 |(7/2-) |
117 |50 |1340 | |+ |
117 |50 |1446.2 |3 |5/2+ |0.42 PS 3
117 |50 |1468.6 |3 |3/2+,5/2+ |
117 |50 |1496.8 |10 |(5/2+,3/2+) |
117 |50 |1510.1 |3 | |0.0025 EV 3
117 |50 |1530 | |3/2+,5/2+ |
117 |50 |1578.25 |24 |(3/2+) |
117 |50 |1588 |AP |(11/2-) |
117 |50 |1589 |10 |(3/2+,5/2+) |
117 |50 |1593.1 |3 |(15/2-) |
117 |50 |1625.4 |3 |(13/2-) |
117 |50 |1628 |5 |(7/2+,9/2+) |
117 |50 |1668.2 |15 |(5/2+,3/2+) |
117 |50 |1710 | |3/2+,5/2+ |
117 |50 |1770 | |3/2+,5/2+ |
117 |50 |1810 |10 | |
117 |50 |1874.5 |4 |(11/2+) |
117 |50 |1910 |10 | |
117 |50 |1948 |10 | |
117 |50 |2007 |10 |(1/2-,3/2-) |
117 |50 |2046 |10 |(5/2-,7/2-) |
117 |50 |2048.2 |3 |1/2,(3/2) |0.0068 EV 5
117 |50 |2050 |10 |7/2+,9/2+ |
117 |50 |2076 |10 |(1/2-,3/2-) |
117 |50 |2079 |10 |1/2+ |
117 |50 |2128.6 |4 | |0.00124 EV 25
117 |50 |2146 |10 |3/2+,5/2+ |
117 |50 |2160 |20 |5/2-,7/2- |
117 |50 |2203 |10 | |
117 |50 |2220 | |+ |
117 |50 |2256 |10 | |
117 |50 |2280 |20 |5/2-,7/2- |
117 |50 |2280.4 |6 | |0.00061 EV 22
117 |50 |2300 |15 |3/2+,5/2+ |
117 |50 |2304.6 |5 | |0.00101 EV 25
117 |50 |2331.2 |15 | |
117 |50 |2350 |10 |9/2-,11/2- |
117 |50 |2367.3 |2 |3/2 |0.0115 EV 8
117 |50 |2381.0 |4 |(17/2-) |
117 |50 |2390 |15 |(1/2-,3/2-) |
117 |50 |2400 |10 |1/2+ |
117 |50 |2400.7 |4 |(17/2-) |
117 |50 |2406.4 |4 |(19/2+) |1.75 US 7
117 |50 |2415.9 |3 | |0.0028 EV 4
117 |50 |2461 |10 |(5/2-,7/2-) |
117 |50 |2500 |AP |7/2+,9/2+ |
117 |50 |2515.8 |5 | |0.0012 EV 3
117 |50 |2545 |10 |(5/2-,7/2-) |
117 |50 |2590.2 |5 | |0.0018 EV 4
117 |50 |2655.5 |11 |(1/2,3/2) |
117 |50 |2656 |10 |(5/2-,7/2-) |
117 |50 |2660 |10 |3/2+,5/2+ |
117 |50 |2690 |10 |1/2-,3/2- |
117 |50 |2709.1 |5 | |0.0028 EV 4
117 |50 |2718.2 |4 | |0.0033 EV 8
117 |50 |2750 |15 | |
117 |50 |2770 |10 |(3/2+,5/2+) |
117 |50 |2775.2 |4 | |0.0020 EV 4
117 |50 |2807.6 |5 |(19/2-) |
117 |50 |2827 |10 |3/2+,5/2+ |
117 |50 |2864.1 |11 | |0.0012 EV 4
117 |50 |2879.8 |9 | |0.0013 EV 4
117 |50 |2908.5 |4 |(1/2-,3/2-) |0.0047 EV 6
117 |50 |2940 |10 | |
117 |50 |2961.9 |4 | |0.0061 EV 6
117 |50 |2976.1 |5 | |
117 |50 |2986.7 |3 |1/2,(3/2) |0.0169 EV 20
117 |50 |2990.6 |5 | |
117 |50 |2995.7 |3 |3/2 |0.0128 EV 10
117 |50 |2998.1 |5 | |
117 |50 |3024 |10 | |
117 |50 |3040 |10 | |
117 |50 |3100.8 |7 | |0.0019 EV 4
117 |50 |3108.2 |7 | |0.0021 EV 4
117 |50 |3113 |10 |(3/2+,5/2+) |
117 |50 |3134.3 |6 | |0.0025 EV 4
117 |50 |3140 |15 | |
117 |50 |3144.9 |5 | |0.0029 EV 5
117 |50 |3152.8 |5 | |
117 |50 |3169.1 |4 |3/2 |0.0088 EV 8
117 |50 |3172 |10 | |
117 |50 |3224.6 |11 |1/2,(3/2) |0.0155 EV 15
117 |50 |3228.2 |7 |3/2 |0.0347 EV 25
117 |50 |3235 |10 |(5/2-,7/2-) |
117 |50 |3286.0 |4 |1/2,(3/2) |0.0101 EV 10
117 |50 |3325 |10 |(1/2-,3/2-) |
117 |50 |3349.9 |3 |1/2,(3/2) |0.0095 EV 9
117 |50 |3360.1 |8 | |0.0016 EV 6
117 |50 |3385.4 |4 | |0.0042 EV 6
117 |50 |3408.5 |9 | |0.0016 EV 6
117 |50 |3414 |10 | |
117 |50 |3425.8 |9 | |0.0018 EV 8
117 |50 |3468.8 |6 |(1/2-,3/2-) |0.0015 EV 5
117 |50 |3489.6 |3 |3/2 |0.0173 EV 15
117 |50 |3506.0 |5 | |
117 |50 |3520.4 |7 | |0.0017 EV 6
117 |50 |3560.5 |6 | |0.0018 EV 5
117 |50 |3580 |10 | |
117 |50 |3602.4 |6 |(23/2-) |
117 |50 |3637 |10 |(1/2-,3/2-) |
117 |50 |3716 |10 |7/2+,9/2+ |
117 |50 |3719.8 |7 | |0.0114 EV 16
117 |50 |3749.4 |4 | |0.0076 EV 12
117 |50 |3773.3 |13 | |0.0034 EV 14
117 |50 |3785 |10 |(5/2-,7/2-) |
117 |50 |3788.3 |7 | |0.0059 EV 13
117 |50 |3824.0 |6 |(27/2-) |
117 |50 |3871.3 |4 |1/2,(3/2) |0.0197 EV 26
117 |50 |3883.2 |4 | |0.0141 EV 21
117 |50 |3893.0 |6 | |
117 |50 |3900.2 |6 | |0.0043 EV 12
117 |50 |3920.1 |7 | |0.0058 EV 16
117 |50 |3930.4 |5 | |0.0045 EV 12
117 |50 |3949.8 |16 | |0.013 EV 6
117 |50 |3980.9 |5 | |0.014 EV 3
117 |50 |3994.0 |6 | |0.0072 EV 19
117 |50 |4013.6 |6 | |0.011 EV 3
117 |50 |4027.8 |4 | |0.028 EV 5
117 |50 |4043.6 |7 | |0.017 EV 5
117 |50 |4110 |15 | |
117 |50 |4160 |15 | |
117 |50 |4210 |15 | |
117 |50 |4290 |15 | |
117 |50 |4360 |15 | |
117 |50 |4970 |AP |(1/2-,3/2-) |
117 |50 |5050 |AP | |
117 |50 |5300 |60 |7/2+,9/2+ |
117 |50 |6400 |60 |7/2+,9/2+ |
117 |50 |6942.9 | |1/2+ |
117 |50 |7010 | | |
117 |50 |14.18E3 | |(9/2+) |
117 |50 |14.55E3 | |(1/2-) |
117 |50 |14.81E3 | |(3/2-) |
117 |50 |15.66E3 |4 | |
117 |50 |18.0E3 | | |
117 |50 |19.0E3 | | |
118 |50 |0.0 | |0+ |STABLE
118 |50 |1229.666 |16 |2+ |0.485 PS 19
118 |50 |1758.31 |3 |0+ |21 PS 3
118 |50 |2042.882 |19 |2+ |2.9 PS 4
118 |50 |2056.91 |4 |0+ |200 PS LT
118 |50 |2120 |15 |(2+) |
118 |50 |2280.342 |21 |4+ |0.76 PS 13
118 |50 |2321.23 |4 |5- |21.7 NS 2
118 |50 |2324.846 |22 |3- |0.19 PS +4-3
118 |50 |2328.02 |3 |2+ |0.2 PS GT
118 |50 |2403.22 |3 |2+ |0.18 PS +8-4
118 |50 |2408 |3 |4+ |
118 |50 |2488.871 |19 |4+ |0.55 PS GT
118 |50 |2496.88 |5 |0+ |
118 |50 |2530 | | |
118 |50 |2574.91 |4 |7- |230 NS 10
118 |50 |2577 |3 |2+ |
118 |50 |2677.35 |3 |2+ |0.28 PS GT
118 |50 |2725 |3 |1+,2+,3+ |
118 |50 |2733.789 |20 |4+ |0.5 PS +6-2
118 |50 |2738.01 |4 |1+ |0.19 PS +16-6
118 |50 |2773.94 |4 |4- |
118 |50 |2817 |3 |(4-,5-,6-) |
118 |50 |2817.17 |4 |(3-) |
118 |50 |2878.70 |5 |4,5,6+ |
118 |50 |2889 |10 |(8+) |
118 |50 |2903.87 |4 |2+ |0.077 PS +20-13
118 |50 |2929.72 |7 |0+,1+ |
118 |50 |2934 |10 |(2+) |
118 |50 |2963.437 |20 |4+ |
118 |50 |2972 |3 |4+ |
118 |50 |2991 |3 | |
118 |50 |2999.45 |7 |6+ |
118 |50 |3015.21 |6 |1,2,3 |
118 |50 |3020 |3 |0+ |
118 |50 |3048.35 |5 |4 |
118 |50 |3052.16 |7 |7+,8+ |
118 |50 |3057.22 |6 |2+ |0.11 PS +5-3
118 |50 |3089.21 |4 |+ |
118 |50 |3108.06 |22 |9+,10+ |2.52 US 6
118 |50 |3137.48 |15 |0+ |
118 |50 |3159.35 |15 |4+ |
118 |50 |3190 |20 | |
118 |50 |3227.67 |7 |2+,3+ |
118 |50 |3228.37 |8 |2+ |0.15 PS +14-10
118 |50 |3231 |10 |(8+) |
118 |50 |3237 |3 | |
118 |50 |3252.03 |7 |(3+) |0.08 PS +6-3
118 |50 |3262.53 |6 |3+ |
118 |50 |3270.67 |11 |1 |0.005 PS 3
118 |50 |3274 |3 | |
118 |50 |3286 |3 | |
118 |50 |3308.54 |15 |2+ |
118 |50 |3317 |3 |0-,1-,2- |
118 |50 |3344 |3 |(3-) |
118 |50 |3355.86 |13 |2+ |
118 |50 |3363 |3 |0+,1+ |
118 |50 |3374.60 |4 |4+ |
118 |50 |3386.30 |8 |3+ |
118 |50 |3389 |3 | |
118 |50 |3409 |3 | |
118 |50 |3427.11 |10 |3+ |
118 |50 |3441 | | |
118 |50 |3460.49 |5 |4+ |
118 |50 |3462.63 |11 |(2-,3-) |
118 |50 |3475 |3 | |
118 |50 |3540.57 |9 |1+,2+,3+ |0.11 PS +23-5
118 |50 |3541 |10 |(6+,7-) |
118 |50 |3558.9 |10 |7-,8-,9- |
118 |50 |3576 |3 |2-,3-,4- |
118 |50 |3592.54 |5 |4+ |
118 |50 |3597 |3 |2+ |
118 |50 |3635 |3 | |
118 |50 |3643 |3 | |
118 |50 |3673.67 |15 |4+ |
118 |50 |3692.0 |4 |8+ |
118 |50 |3696.78 |17 |1+,2+ |0.11 PS +38-6
118 |50 |3704.84 |8 |4+ |
118 |50 |3705 |10 |(6+) |
118 |50 |3709.87 |15 |1+,2+ |
118 |50 |3721 |3 |0-,1-,2- |
118 |50 |3750 |3 |(0-to3+) |
118 |50 |3753.85 |6 |4,5,6 |
118 |50 |3762.13 |14 |1,2,3 |
118 |50 |3773 |10 |4+ |
118 |50 |3784 |3 |(0+,1+) |
118 |50 |3816.64 |9 |1+,2+,3+ |
118 |50 |3838.88 |14 |4 |
118 |50 |3857.0 |4 |1,2+ |
118 |50 |3889 |3 |(0-,1-,2-) |
118 |50 |3898.90 |20 | |
118 |50 |3916 |3 |1+,2+,3+ |
118 |50 |3944.4 |4 |1+,2+ |
118 |50 |3977 |10 | |
118 |50 |3995 |3 |0-,1-,2- |
118 |50 |4044.6 |3 |(1+,2+,3+) |
118 |50 |4109.0 |3 |0-,1-,2- |
118 |50 |4126.7 |4 |1+,2+ |
118 |50 |4203 |3 |1+,2+,3+ |
118 |50 |4233 |3 |(2-,3-,4-) |
118 |50 |4252 |3 | |
118 |50 |4288 |3 | |
118 |50 |4313 |3 | |
118 |50 |4326 |3 | |
118 |50 |4352 |3 | |
118 |50 |4365 |3 | |
118 |50 |4391 |3 | |
118 |50 |4408 |3 | |
118 |50 |4422 |3 |(0+,1+) |
118 |50 |4448 |3 |(1+,2+,3+) |
118 |50 |4472 |3 |(0-,1-,2-) |
118 |50 |4484 |3 | |
118 |50 |4495.4 |5 |(10+) |
118 |50 |4507 |3 | |
118 |50 |4523 |3 | |
118 |50 |4540 |3 |(0-to3+) |
118 |50 |4573 |3 |(0-,1-,2-) |
118 |50 |4604 |7 | |
118 |50 |4617 |3 | |
118 |50 |4637 |3 |1+,2+,3+ |
118 |50 |4696 |3 | |
118 |50 |4706 |3 | |
118 |50 |4798 |3 |3- |
118 |50 |4832 |3 |0+,1+ |
118 |50 |4862 |3 |0+,1+ |
118 |50 |4879 |3 |0+,1+ |
118 |50 |4940 |3 |(2-,3-,4-) |
118 |50 |5006 |3 | |
118 |50 |5014 |3 |2-,3-,4- |
118 |50 |5025 |3 | |
118 |50 |5043 |3 | |
118 |50 |5068 |3 |(2-,3-,4-) |
118 |50 |5098 |3 | |
118 |50 |5116 |3 |(0-to3+) |
118 |50 |5142 |3 | |
118 |50 |5150 |3 | |
118 |50 |5163 |3 | |
118 |50 |5181 |3 | |
118 |50 |5193 |3 | |
118 |50 |5208 |3 | |
118 |50 |5379.4 |12 |(12+) |
118 |50 |5400 |80 |3- |
118 |50 |6325 |7 |1 |5.7 FS 24
118 |50 |6.9E+3 |4 |3- |
118 |50 |6988 |5 |1- |2.9 FS 6
118 |50 |7010 |5 |1 |
118 |50 |12.35E3 |20 | |
118 |50 |15.55E3 |20 | |
118 |50 |24.3E+3 |15 |(3-) |
119 |50 |0 | |1/2+ |STABLE
119 |50 |23.871 |8 |3/2+ |18.03 NS 7
119 |50 |89.531 |13 |11/2- |293.1 D 7
119 |50 |787.01 |4 |7/2+ |0.19 NS 7
119 |50 |920.51 |14 |3/2+ |1.6 PS 5
119 |50 |921.39 |15 |5/2+ |1.2 PS 4
119 |50 |1060 |10 |(+) |
119 |50 |1062.4 |10 |7/2- |
119 |50 |1089.44 |6 |5/2+ |0.21 PS 7
119 |50 |1187.73 |6 |3/2+,5/2+ |
119 |50 |1210 | | |
119 |50 |1249.71 |5 |1/2+ |
119 |50 |1304.40 |10 |7/2 |
119 |50 |1309 |4 | |
119 |50 |1309.3 |9 |(15/2-) |
119 |50 |1354.8 |5 |5/2+ |0.42 PS 14
119 |50 |1378.8 |9 |(13/2-) |
119 |50 |1390 |10 | |
119 |50 |1510 | | |
119 |50 |1554.4 |5 |3/2+,5/2+ |
119 |50 |1562 |10 |3/2+,5/2+ |
119 |50 |1571.8 |6 |1/2,3/2,5/2+ |
119 |50 |1590 | | |
119 |50 |1617.1 |8 |(1/2+,3/2,5/2) |
119 |50 |1633 |4 |3/2+,5/2+ |
119 |50 |1718.4 |15 |3/2+,5/2+ |
119 |50 |1731 |6 |3/2+,5/2+ |
119 |50 |1774.8 |3 |3/2+,5/2+ |
119 |50 |1789.7 |20 |1/2,3/2,5/2+ |
119 |50 |1810 |8 | |
119 |50 |1905 |5 |3/2+,5/2+ |
119 |50 |1929.6 |20 |1/2,3/2,5/2+ |
119 |50 |1938.9 |5 |1/2+,3/2,5/2+ |
119 |50 |1950 |10 | |
119 |50 |1983.0 |20 | |
119 |50 |2003.1 |10 |1/2,3/2,5/2 |
119 |50 |2041.0 |25 |1/2,3/2,5/2+ |
119 |50 |2075 |8 | |
119 |50 |2100 |15 | |
119 |50 |2120 |6 | |
119 |50 |2127.0 |10 |(19/2+) |9.6 US 12
119 |50 |2130.2 |20 |1/2+ |
119 |50 |2155 |8 | |
119 |50 |2180 |15 |(5/2-,7/2-) |
119 |50 |2230 |15 |3/2+,5/2+ |
119 |50 |2240 | | |
119 |50 |2258 |6 |3/2+,5/2+ |
119 |50 |2280 |15 |(5/2-,7/2-) |
119 |50 |2322 |6 |3/2+,5/2+ |
119 |50 |2350 |8 | |
119 |50 |2367 |6 |3/2+,5/2+ |
119 |50 |2390 |15 |5/2-,7/2- |
119 |50 |2400 | |9/2-,11/2- |
119 |50 |2415.3 |14 |(19/2-) |
119 |50 |2470 | | |
119 |50 |2535 |8 | |
119 |50 |2549 |7 |5/2-,7/2- |
119 |50 |2636 |7 |(5/2-,7/2-) |
119 |50 |2640 | |3/2+,5/2+ |
119 |50 |2700 | |1/2-,3/2- |
119 |50 |2723 |7 |1/2-,3/2- |
119 |50 |2760 |8 | |
119 |50 |2813 |7 | |
119 |50 |2823 |7 | |
119 |50 |2840 | |1/2-,3/2- |
119 |50 |2845.8 |20 |3/2+,5/2+ |
119 |50 |2881.2 |20 |3/2+,5/2+ |
119 |50 |2905.1 |20 |3/2+,5/2+ |
119 |50 |2928.3 |17 |(23/2-) |
119 |50 |2939 |8 |3/2+,5/2+ |
119 |50 |2940 | | |
119 |50 |2965 |8 | |
119 |50 |3011.9 |15 |3/2+,5/2+ |
119 |50 |3046.9 |22 | 5/2 |
119 |50 |3071 |8 |3/2+,5/2+ |
119 |50 |3093 |8 |5/2-,7/2- |
119 |50 |3103.3 |20 |(27/2-) |34 NS 10
119 |50 |3120 |8 | |
119 |50 |3158 |8 |5/2-,7/2- |
119 |50 |3191 |8 | |
119 |50 |3279 |9 |3/2+,5/2+ |
119 |50 |3300 |8 | |
119 |50 |3366 |9 | |
119 |50 |3375 |9 |(3/2+,5/2,7/2-) |
119 |50 |3389 |9 | |
119 |50 |3405 |8 | |
119 |50 |3442 |9 |1/2-,3/2- |
119 |50 |3481 |9 |1/2-,3/2- |
119 |50 |3527 |9 |1/2-,3/2- |
119 |50 |3566 |9 |1/2-,3/2- |
119 |50 |3595 |9 |(1/2-,3/2-,5/2-) |
119 |50 |3618 |9 |1/2-,3/2- |
119 |50 |3656 |10 |1/2-,3/2- |
119 |50 |3675 |10 | |
119 |50 |3690 |10 | |
119 |50 |3730 |10 | |
119 |50 |3770 |10 | |
119 |50 |3807 |10 |1/2-,3/2- |
119 |50 |3843 |10 |1/2-,3/2- |
119 |50 |3880 |10 |7/2+,9/2+ |
119 |50 |3891 |10 |(1/2-,3/2-) |
119 |50 |3905 |10 | |
119 |50 |3921 |10 |5/2-,7/2- |
119 |50 |3955 |10 |(1/2-,3/2-) |
119 |50 |3980 |8 |7/2+,9/2+ |
119 |50 |3987 |10 | |
119 |50 |4031 |10 | |
119 |50 |4050 |8 |7/2+,9/2+ |
119 |50 |4062 |11 |1/2-,3/2- |
119 |50 |4115 |11 | |
119 |50 |4138 |11 | |
119 |50 |4191 |11 | |
119 |50 |4210 |11 |7/2+,9/2+ |
119 |50 |4235 |11 |5/2-,7/2- |
119 |50 |4261 |11 |5/2-,7/2- |
119 |50 |4301 |11 |(1/2-,3/2-) |
119 |50 |4350 |11 | |
119 |50 |4380 |11 |1/2-,3/2- |
119 |50 |4418 |11 | |
119 |50 |4435 |12 | |
119 |50 |4451 |12 | |
119 |50 |4470 |8 |7/2+,9/2+ |
119 |50 |4521 |12 | |
119 |50 |4552 |12 |(5/2-,7/2-) |
119 |50 |4610 |12 |(1/2-,3/2-) |
119 |50 |4663 |12 | |
119 |50 |4688 |12 | |
119 |50 |4758 |12 | |
119 |50 |4800 |8 | |
119 |50 |4900 |8 | |
119 |50 |4950 |8 | |
119 |50 |5050 |8 |7/2+,9/2+ |
119 |50 |5120 |8 |7/2+,9/2+ |
119 |50 |5200 |8 |7/2+,9/2+ |
119 |50 |5330 |8 |7/2+,9/2+ |
119 |50 |5480 |8 |7/2+,9/2+ |
119 |50 |5600 |8 | |
119 |50 |5710 |8 | |
119 |50 |5820 |8 |7/2+,9/2+ |
119 |50 |5960 |8 | |
119 |50 |6020 |15 | |
119 |50 |6120 |15 | |
119 |50 |6300 |15 | |
119 |50 |6360 |15 | |
119 |50 |6460 |15 | |
119 |50 |7500 | | |
119 |50 |9500 | | |
119 |50 |10500 | | |
119 |50 |12750 | | |
119 |50 |12900 |AP | |
119 |50 |14995 |50 |9/2+ |
119 |50 |15329 |50 |1/2- |
119 |50 |15622 |50 |3/2- |
119 |50 |15750 | | |
119 |50 |16100 |30 | |
119 |50 |16470 |30 |9/2+ |
119 |50 |20250 | | |
120 |50 |0.0 | |0+ |STABLE
120 |50 |1171.265 |15 |2+ |0.640 PS 12
120 |50 |1875.108 |25 |0+ |7.4 PS 10
120 |50 |2097.205 |20 |2+ |1.3 PS 4
120 |50 |2159.931 |25 |0+ |4 PS GT
120 |50 |2173 | | |
120 |50 |2194.299 |21 |4+ |1.4 PS 2
120 |50 |2284.27 |6 |5- |5.55 NS 3
120 |50 |2297 |15 |0+,1+ |
120 |50 |2355.383 |24 |2+ |0.33 PS +10-7
120 |50 |2400.30 |5 |3- |0.116 PS 8
120 |50 |2420.90 |3 |2+ |0.46 PS +21-10
120 |50 |2465.632 |23 |4+ |0.32 PS +7-4
120 |50 |2481.63 |6 |7- |11.8 US 5
120 |50 |2540 |10 |(5-) |
120 |50 |2587.25 |15 |0+ |0.34 PS GT
120 |50 |2643.353 |20 |4+ |1.0 PS GT
120 |50 |2685.16 |6 |6+ |
120 |50 |2691 |3 |(2+&amp;6+) |
120 |50 |2695.94 |6 |4- |
120 |50 |2728.12 |3 |2+ |0.24 PS +5-8
120 |50 |2749.71 |6 |6- |
120 |50 |2751 |3 |4+ |
120 |50 |2800.05 |7 |5- |
120 |50 |2802 |10 |(7-,8+) |
120 |50 |2835.39 |3 |1+ |0.13 PS +6-3
120 |50 |2836.52 |7 |(8+) |0.09 PS +4-2
120 |50 |2844.34 |7 |(6)- |
120 |50 |2857.61 |8 |(0+) |
120 |50 |2902.22 |22 |(10+) |6.26 US 11
120 |50 |2930.53 |5 |2+ |0.11 PS 2
120 |50 |2975.69 |7 |4- |
120 |50 |2997 | | |
120 |50 |3009 |9 |2+ |
120 |50 |3034.75 |9 |(0+) |
120 |50 |3057.946 |24 |4+ |
120 |50 |3069.73 |8 |(6+) |
120 |50 |3077.38 |8 |3+ |
120 |50 |3100 |3 |(1-) |
120 |50 |3157.97 |9 |2+ |0.050 PS +13-10
120 |50 |3179.06 |3 |4+ |
120 |50 |3208.54 |15 |0+ |
120 |50 |3210 |10 |1+,2+,3+ |
120 |50 |3231.95 |7 |1+,2+,3+ |
120 |50 |3237.33 |8 |(1,2) |
120 |50 |3252 |3 |5- |
120 |50 |3262.89 |11 | |
120 |50 |3279.29 |9 |(1-) |0.012 PS +4-3
120 |50 |3284.62 |9 |2+ |0.9 PS 3
120 |50 |3330 |10 |(6+,7-) |
120 |50 |3341 |3 | |
120 |50 |3349.92 |5 |(4)+ |
120 |50 |3386.32 |15 |2+ |
120 |50 |3438.23 |8 |4+ |
120 |50 |3446.48 |7 |(7-,8-) |
120 |50 |3455 |3 | |
120 |50 |3471.54 |10 |3- |
120 |50 |3547.58 |19 |1,2 |
120 |50 |3559 |10 | |
120 |50 |3581.90 |22 |(1,2) |0.06 PS +6-3
120 |50 |3600 | | |
120 |50 |3631.14 |18 |2+ |
120 |50 |3644.48 |16 |(6+,7-) |
120 |50 |3711.01 |17 |(1,2) |0.09 PS +17-4
120 |50 |3765.31 |24 |1+,2+ |0.089 PS 17
120 |50 |3772.09 |20 |+ |
120 |50 |3777.21 |6 |4+ |
120 |50 |3835.36 |24 |2+ |0.13 PS 6
120 |50 |3857.56 |13 |(4) |
120 |50 |3874.96 |24 |2+ |
120 |50 |3906.6 |3 |- |
120 |50 |3928 |10 | |
120 |50 |3955 |10 | |
120 |50 |3990.1 |4 |(2)+ |
120 |50 |4006.5 |6 |(1,2) |0.17 PS 5
120 |50 |4011.4 |6 |(1,2) |
120 |50 |4079.0 |4 |1+,2+,3+ |
120 |50 |4096.5 |4 | |
120 |50 |4110.4 |7 |1- |
120 |50 |4146.9 |11 | |
120 |50 |4180 |10 |- |
120 |50 |4190 | |1+,2+,3+ |
120 |50 |4230 |20 |+ |
120 |50 |4318.2 |3 |0-,1- |
120 |50 |4360 |20 |- |
120 |50 |4410 |10 |- |
120 |50 |4460 |20 |- |
120 |50 |4580 |20 | |
120 |50 |4650 |10 |- |
120 |50 |4690 |20 |- |
120 |50 |4720 |10 | |
120 |50 |4770 |20 |- |
120 |50 |4870 |10 | |
120 |50 |4920 |20 |- |
120 |50 |4970 |10 | |
120 |50 |5030 |10 | |
120 |50 |5090 |20 |- |
120 |50 |5170 |10 |- |
120 |50 |5230 |20 |+ |
120 |50 |6.3E+3 |3 | |
120 |50 |6728.6 |7 |1 |
120 |50 |6.9E+3 |4 |- |
120 |50 |7310.1 |7 |1 |
120 |50 |7686.6 |7 |1- |
120 |50 |8.40E+3 |15 | |
120 |50 |8993.0 |4 |1 |
120 |50 |9.9E+3 |5 | |
120 |50 |13.3E+3 |3 |2+ |
120 |50 |16.9E+3 |4 |0+ |
120 |50 |19.2E+3 |2 |(1-) |
120 |50 |19.4E+3 |2 |(1-) |
120 |50 |20.6E+3 |2 |(1-) |
120 |50 |20.9E+3 |15 |3-,5- |
120 |50 |25.0E+3 |10 |(3-) |
120 |50 |27.9E+3 |15 |1-,3- |
121 |50 |0.0 | |3/2+ |27.03 H 4
121 |50 |6.31 |6 |11/2- |43.9 Y 5
121 |50 |60.34 |2 |1/2+ |
121 |50 |663.63 |6 |7/2-,9/2- |
121 |50 |869.25 |5 |5/2+ |
121 |50 |908.8 |3 |5/2+ |
121 |50 |925.59 |5 |7/2+ |0.25 NS 6
121 |50 |949.2 |5 |7/2- |
121 |50 |1031 |3 | |
121 |50 |1067 |3 | |
121 |50 |1101.52 |24 |3/2+ |
121 |50 |1121.2 |5 |5/2+ |
121 |50 |1156 |3 | |
121 |50 |1157 | |(15/2-) |
121 |50 |1247 | |(13/2-) |
121 |50 |1337 |4 | |
121 |50 |1350.0 |38 |(7/2+,9/2+) |
121 |50 |1403.5 |5 |5/2+ |
121 |50 |1432 |8 | |
121 |50 |1450 |4 | |
121 |50 |1498 |4 | |
121 |50 |1537 |4 | |
121 |50 |1571 |4 | |
121 |50 |1653.2 |5 |1/2+,3/2 |
121 |50 |1710.0 |16 |(3/2)+ |
121 |50 |1758.3 |9 |(+) |
121 |50 |1864 |4 | |
121 |50 |1876 |10 |9/2-,11/2- |
121 |50 |1877.0 |10 |1/2-,3/2- |
121 |50 |1910 |5 |1/2-,3/2- |
121 |50 |1912.3 |4 |1/2+ |
121 |50 |1940.0 |26 |(3/2)+ |
121 |50 |1959 |5 |(1/2-,3/2-) |
121 |50 |1960.4 |5 |1/2+ |
121 |50 |1974.5 |10 | |
121 |50 |1986 |10 |(1/2+) |
121 |50 |1998 | |(19/2+) |5.3 US 5
121 |50 |2067.5 |11 |(3/2+) |
121 |50 |2075 |5 |(5/2-,7/2-) |
121 |50 |2113.6 |10 |(3/2+,5/2+) |
121 |50 |2163.7 |7 |(1/2,3/2) |
121 |50 |2168 |2 |7/2+,9/2+ |
121 |50 |2187 | |(19/2-) |
121 |50 |2190 |6 | |
121 |50 |2220 |25 |(3/2+,5/2+) |
121 |50 |2225 |10 |(5/2-,7/2-) |
121 |50 |2238 |2 | |
121 |50 |2242.9 | | |
121 |50 |2256 |6 |(3/2+,5/2+) |
121 |50 |2280 |25 |1/2+ |
121 |50 |2285.2 |5 |3/2+,5/2+ |
121 |50 |2330 |2 |9/2-,11/2- |
121 |50 |2361.0 |12 | |
121 |50 |2376 |3 |(5/2-,7/2-) |
121 |50 |2415 |10 | |
121 |50 |2440 |3 |(7/2+,9/2+) |
121 |50 |2457 |10 |(1/2+) |
121 |50 |2460 |5 |(5/2-,7/2-) |
121 |50 |2498.7 |8 | |
121 |50 |2514.0 |14 |9/2-,11/2- |
121 |50 |2524.0 |20 | |
121 |50 |2558.0 |12 | |
121 |50 |2589.0 |23 |7/2- |
121 |50 |2652.0 |12 | |
121 |50 |2658 | |(23/2-) |
121 |50 |2666 |2 |7/2- |
121 |50 |2700 |10 |5/2-,7/2- |
121 |50 |2713.0 |16 |7/2+,9/2+ |
121 |50 |2748 |7 | |
121 |50 |2777 |7 | |
121 |50 |2804.0 |25 |(3/2)+ |
121 |50 |2811 |15 | |
121 |50 |2834 | |(27/2-) |0.167 US 25
121 |50 |2849.0 |14 |(5/2-,7/2-) |
121 |50 |2864.3 |5 |(1/2,3/2) |
121 |50 |2915 |7 |(5/2-,7/2-) |
121 |50 |2930 |7 |(7/2-) |
121 |50 |2951 |4 |1/2-,3/2- |
121 |50 |2961.0 |13 | |
121 |50 |2999.0 |13 |3/2+ |
121 |50 |3028 |8 |(7/2-) |
121 |50 |3076.5 |10 | |
121 |50 |3096 |8 | |
121 |50 |3107 |8 |(1/2-,3/2-) |
121 |50 |3120.1 |14 | |
121 |50 |3138.0 |15 |(7/2-) |
121 |50 |3140 |25 |(3/2+,5/2+) |
121 |50 |3154.0 |14 |(5/2-,7/2,9/2+) |
121 |50 |3172 |4 | |
121 |50 |3223 |8 | |
121 |50 |3228 |2 | |
121 |50 |3320 |15 |7/2- |
121 |50 |3321 |9 |(1/2-,3/2-) |
121 |50 |3350 |9 | |
121 |50 |3382.0 |13 |(7/2+,9/2+) |
121 |50 |3396.0 |14 |3/2- |
121 |50 |3434 |9 |(1/2+) |
121 |50 |3459 |9 | |
121 |50 |3499 |9 |(5/2-,7/2,9/2+) |
121 |50 |3510.0 |7 |3/2- |
121 |50 |3518.0 |10 | |
121 |50 |3520 |15 |(5/2-,7/2,9/2+) |
121 |50 |3532 |15 | |
121 |50 |3579 |9 | |
121 |50 |3613 |15 | |
121 |50 |3620 |9 |(5/2-,7/2-) |
121 |50 |3658 |15 | |
121 |50 |3680.0 |13 |3/2- |
121 |50 |3730 |10 |1/2-,3/2- |
121 |50 |3762.5 |17 |1/2-,3/2- |
121 |50 |3798 |10 |1/2-,3/2- |
121 |50 |3814 |10 |1/2-,3/2- |
121 |50 |3857 |10 |1/2-,3/2- |
121 |50 |3875 |10 |1/2-,3/2- |
121 |50 |3932.5 |15 |1/2-,3/2- |
121 |50 |3960 |10 |1/2-,3/2- |
121 |50 |3984 |10 |1/2-,3/2- |
121 |50 |4020 |10 | |
121 |50 |4059.0 |15 | |
121 |50 |4073 |11 | |
121 |50 |4094 |11 | |
121 |50 |4111 |11 | |
121 |50 |4144 |11 | |
121 |50 |4171 |11 |1/2-,3/2- |
121 |50 |4199 |11 | |
121 |50 |4264 |11 |(1/2-,3/2-) |
121 |50 |4274 |3 | |
121 |50 |4330 |11 | |
121 |50 |4401 |11 | |
121 |50 |4453 |12 | |
121 |50 |4468 |12 | |
121 |50 |4519.0 |11 | |
121 |50 |4540.0 |10 | |
121 |50 |4646 |25 | |
121 |50 |4680 |25 |(1/2-,3/2-) |
121 |50 |4736 |25 |(5/2-,7/2,9/2+) |
121 |50 |4773 |25 | |
121 |50 |4826 |25 |(5/2-,7/2,9/2+) |
121 |50 |4905 |25 | |
121 |50 |5051.0 |16 | |
121 |50 |15953 |50 |9/2+ |40 KEV 8
121 |50 |16304 |50 |1/2- |36 KEV 7
121 |50 |16610 |50 |3/2- |37 KEV 4
122 |50 |0.0 | |0+ |STABLE
122 |50 |1140.51 |3 |2+ |0.776 PS 16
122 |50 |2087.71 |5 |0+ |0.277 PS GT
122 |50 |2142.06 |3 |4+ |1.56 PS 21
122 |50 |2153.81 |3 |2+ |0.69 PS +55-21
122 |50 |2245.81 |3 |5- |7.9 NS 9
122 |50 |2331.09 |3 |4+ |0.83 PS +69-28
122 |50 |2409.03 |4 |7- |7.5 US 9
122 |50 |2415.543 |25 |2+ |0.33 PS +10-7
122 |50 |2492.67 |4 |3- |0.079 PS +5-3
122 |50 |2530.33 |4 |(0)+ |
122 |50 |2555.42 |6 |6+ |
122 |50 |2651.37 |4 |4-,5-,6- |
122 |50 |2653.00 |5 |6- |
122 |50 |2657 |10 | |
122 |50 |2675.57 |6 |0+ |0.2 PS GT
122 |50 |2690.04 |7 |(8+) |
122 |50 |2734.50 |4 |2+ |0.49 PS +69-21
122 |50 |2751.01 |5 |5- |
122 |50 |2765.6 |10 |(10+) |62 US 3
122 |50 |2775.55 |6 |2+ |0.62 PS +83-28
122 |50 |2837.88 |7 |6- |
122 |50 |2855.47 |4 |4- |
122 |50 |2867.73 |7 | |0.13 PS +20-6
122 |50 |2879.79 |5 |1+,2+ |0.111 PS +55-28
122 |50 |2944.96 |6 |3+ |
122 |50 |2959.12 |6 |4+ |
122 |50 |2971.1 |4 | |
122 |50 |2973.39 |4 |4+ |
122 |50 |3035.91 |5 |3- |
122 |50 |3082.15 |5 |4+ |0.19 PS +15-6
122 |50 |3128.6 |7 |2+ |0.043 PS +10-7
122 |50 |3130.58 |15 | |
122 |50 |3206.25 |18 |(0)+ |
122 |50 |3233.74 |4 |4+ |
122 |50 |3281.43 |9 | |0.10 PS +10-4
122 |50 |3305.69 |4 |4+ |
122 |50 |3330 |30 | |
122 |50 |3358.59 |9 |1- |0.006 PS +4-3
122 |50 |3362.87 |9 |3- |
122 |50 |3371.24 |14 |(2+) |
122 |50 |3416.5 |4 |(7-,8-,9-) |
122 |50 |3454.82 |13 |(3-) |
122 |50 |3478.60 |21 |(7-) |
122 |50 |3530.71 |5 |(7-,8-) |
122 |50 |3548.66 |10 |2+ |0.06 PS +9-3
122 |50 |3568.14 |21 | |
122 |50 |3582.35 |18 |2+ |0.028 PS +16-10
122 |50 |3627.01 |14 |4+ |
122 |50 |3670.28 |7 |4+ |
122 |50 |3703.38 |11 |(7-,8-,9-) |
122 |50 |3704.9 |5 |(2+) |
122 |50 |3710.15 |14 |(7-,8-) |
122 |50 |3730.00 |20 | |
122 |50 |3751.3 |6 |2+ |0.055 PS +69-41
122 |50 |3758.51 |20 |1,2+ |0.028 PS +41-20
122 |50 |3777.0 |3 | |
122 |50 |3782.84 |18 |(4+) |
122 |50 |3810 |10 |+ |
122 |50 |3818 |10 |(6+) |
122 |50 |3819.79 |22 |2+ |0.049 PS +68-21
122 |50 |3840.65 |9 |(4+) |
122 |50 |3871.1 |9 |1,2+ |
122 |50 |3876.48 |16 |5-,6+ |
122 |50 |3882.10 |5 |4+ |
122 |50 |3899.68 |16 |0+,1+,2+ |
122 |50 |3900 |10 | |
122 |50 |3929.9 |5 |1,2+ |
122 |50 |3948.5 |5 |5-,6+ |
122 |50 |3974 |7 | |
122 |50 |4004.0 |10 |(2+) |
122 |50 |4040 |10 |- |
122 |50 |4104 |10 |(5-) |
122 |50 |4106.6 |4 |1,2+ |
122 |50 |4116.3 |4 |0+,1+,2+ |
122 |50 |4120 |10 |- |
122 |50 |4179.6 |4 |0,1,2 |
122 |50 |4220 |10 |- |
122 |50 |4283.8 |9 |(2+) |
122 |50 |4360 |10 |- |
122 |50 |4470 |10 |+ |
122 |50 |4510 |10 |+ |
122 |50 |4560 |10 |+ |
122 |50 |4680 |10 |+ |
122 |50 |4750 |10 |+ |
122 |50 |4800 | |(-) |
122 |50 |4930 |10 |+ |
122 |50 |5000 | | |
122 |50 |5300 | |(-) |
123 |50 |0.0 | |11/2- |129.2 D 4
123 |50 |24.6 |4 |3/2+ |40.06 M 1
123 |50 |150.4 |4 |1/2+ |
123 |50 |618.81 |24 |(9/2)- |
123 |50 |870.2 |4 |(1/2,3/2,5/2+) |
123 |50 |919.8 |6 |(3/2)+ |
123 |50 |931.4 |5 |7/2- |
123 |50 |1044.3 |4 |(7/2)+ |0.1 NS LT
123 |50 |1072.1 |6 |(1/2,3/2)+ |
123 |50 |1107.0 |9 |(15/2-) |
123 |50 |1109 |3 | |
123 |50 |1136.3 |8 |(1/2,3/2,5/2,7/2)+ |
123 |50 |1155.0 |3 |7/2+ |0.1 NS LT
123 |50 |1194.4 |6 |(5/2)+ |
123 |50 |1217.0 |9 |(13/2-) |
123 |50 |1301 |3 | |
123 |50 |1440 |3 | |
123 |50 |1466 |3 | |
123 |50 |1488.8 |11 |(5/2)+ |
123 |50 |1714 |6 | |
123 |50 |1729 |6 | |
123 |50 |1784 |6 |3/2+,5/2+ |
123 |50 |1829 |6 | |
123 |50 |1902 |6 |3/2+,5/2+ |
123 |50 |1926.0 |10 |(17/2-) |
123 |50 |1945.0 |10 |(19/2+) |7.4 US 26
123 |50 |2001.2 |3 |(9/2)+ |
123 |50 |2026 |6 |3/2+,5/2+ |
123 |50 |2080 |25 |3/2+,5/2+ |
123 |50 |2114 |6 | |
123 |50 |2153.0 |12 |(23/2+) |6 US
123 |50 |2155.8 |13 | |
123 |50 |2162 |6 | |
123 |50 |2263.0 |12 |(19/2-) |
123 |50 |2270 |25 |3/2+,5/2+ |
123 |50 |2271 |6 |1/2-,3/2- |
123 |50 |2365 |6 |7/2+,9/2+ |
123 |50 |2396.0 |14 |(21/2+) |
123 |50 |2425 |6 |1/2+ |
123 |50 |2446 |6 | |
123 |50 |2543.0 |13 |(23/2-) |
123 |50 |2601 |6 | |
123 |50 |2621.0 |22 |1/2+ |
123 |50 |2676 |6 |5/2-,7/2- |
123 |50 |2713.0 |14 |(27/2-) |34 US
123 |50 |2726 |6 |(7/2)- |
123 |50 |2730 |25 |7/2+,9/2+ |
123 |50 |2757 |6 |5/2-,7/2- |
123 |50 |2828 |6 |5/2-,7/2- |
123 |50 |2850 |25 |(3/2+,5/2+) |
123 |50 |3020 |25 | |
123 |50 |3049 |6 |5/2-,7/2- |
123 |50 |3073 |6 | |
123 |50 |3113 |6 |5/2-,7/2- |
123 |50 |3151.7 |21 |(7/2)- |
123 |50 |3188 |6 |1/2-,3/2,5/2+ |
123 |50 |3217 |6 |5/2-,7/2- |
123 |50 |3259 |3 |3/2+,5/2+ |
123 |50 |3306 |3 | |
123 |50 |3320 |6 |(3/2-) |
123 |50 |3358 |6 |1/2-,3/2,5/2+ |
123 |50 |3395 |6 |1/2-,3/2,5/2+ |
123 |50 |3435 |6 |1/2-,3/2,5/2+ |
123 |50 |3456 |6 |1/2-,3/2,5/2+ |
123 |50 |3514 |6 | |
123 |50 |3534 |6 |1/2-,3/2,5/2+ |
123 |50 |3551 |6 |1/2-,3/2,5/2+ |
123 |50 |3632 |6 |1/2-,3/2,5/2+ |
123 |50 |3650 |6 |1/2-,3/2,5/2+ |
123 |50 |3677 |6 | |
123 |50 |3694 |6 | |
123 |50 |3720 |6 |1/2-,3/2,5/2+ |
123 |50 |3735 |6 | |
123 |50 |3773 |6 |1/2-,3/2,5/2+ |
123 |50 |3809 |6 |1/2-,3/2,5/2+ |
123 |50 |3827 |6 |1/2-,3/2,5/2+ |
123 |50 |3849 |6 |1/2-,3/2,5/2+ |
123 |50 |3868 |6 | |
123 |50 |3910 |6 |5/2-,7/2- |
123 |50 |3966 |6 |5/2-,7/2- |
123 |50 |4008 |6 |(1/2-) |
123 |50 |4057 |6 |5/2-,7/2- |
123 |50 |4075 |6 |5/2-,7/2- |
123 |50 |4105 |6 | |
123 |50 |4267 |6 |1/2-,3/2,5/2+ |
123 |50 |4358 |6 |5/2-,7/2- |
123 |50 |4423 |6 |5/2-,7/2- |
123 |50 |4464 |6 | |
123 |50 |4736 |6 | |
123 |50 |16943 |50 |(9/2+) |39 KEV 8
123 |50 |17306 |50 |(1/2-) |45 KEV 7
123 |50 |17656 |50 |(3/2-) |39 KEV 15
124 |50 |0.0 | |0+ |STABLE
124 |50 |1131.739 |17 |2+ |0.92 PS 3
124 |50 |2101.711 |23 |4+ |3.7 PS 4
124 |50 |2129.596 |25 |2+ |0.8 PS +5-2
124 |50 |2192.17 |3 |0+ |0.55 PS GT
124 |50 |2204.620 |23 |(5-) |0.27 US 6
124 |50 |2221.75 |5 |4+ |0.9 PS +9-3
124 |50 |2325.01 |4 |(7-) |3.1 US 5
124 |50 |2366.5 |5 | |
124 |50 |2426.316 |21 |2+ |0.35 PS +20-10
124 |50 |2448 |10 |(8+) |
124 |50 |2454.34 |3 |6+ |
124 |50 |2568.15 |4 |6- |
124 |50 |2578.44 |5 |8(+) |
124 |50 |2602.495 |25 |3- |0.068 PS 6
124 |50 |2614.45 |3 |4- |
124 |50 |2656.6 |5 |(10+) |45 US 5
124 |50 |2688.50 |5 |0+ |0.28 PS GT
124 |50 |2701.78 |3 |5- |
124 |50 |2703.187 |25 |2+ |0.4 PS +4-1
124 |50 |2706 |10 |(4+) |
124 |50 |2753.05 |3 |4- |
124 |50 |2819.3 |5 |(6+) |0.4 PS GT
124 |50 |2836.58 |4 |3+ |0.28 PS GT
124 |50 |2855.13 |5 |6- |
124 |50 |2875.37 |5 |2+ |0.13 PS +7-3
124 |50 |2878.65 |5 |2+ |0.067 PS +18-14
124 |50 |2958.11 |6 |4+ |0.9 PS GT
124 |50 |2988.03 |3 |3- |0.55 PS GT
124 |50 |3011.1 |3 |(7,8,9) |
124 |50 |3109.5 |5 |1,2+ |
124 |50 |3130 |20 |(3-,5-) |
124 |50 |3143.86 |6 |4+ |0.11 PS +9-4
124 |50 |3214.36 |10 |2+ |0.025 PS 6
124 |50 |3227.95 |11 | |0.07 PS +23-3
124 |50 |3240.36 |21 |(7,8,9) |
124 |50 |3264.49 |11 |2+ |0.19 PS +22-8
124 |50 |3267.13 |9 |1,2,3 |0.14 PS GT
124 |50 |3293.42 |9 |2,3 |
124 |50 |3312.99 |7 |2,3,4 |
124 |50 |3330.41 |10 |2,3 |0.07 PS +9-3
124 |50 |3333.54 |9 |2(+) |
124 |50 |3346.46 |7 |(3,4) |
124 |50 |3360 |5 |4+ |
124 |50 |3362.3 |3 |(7,8,9) |
124 |50 |3363.59 |8 |3(+) |
124 |50 |3396.5 |8 |1,2+ |
124 |50 |3410.14 |13 |1 |
124 |50 |3414 |5 |4+ |
124 |50 |3490.18 |14 |1- |0.0051 PS 5
124 |50 |3498.58 |15 |1,2,3 |
124 |50 |3509.15 |9 |3(+) |
124 |50 |3524.02 |8 |(7-,8-) |
124 |50 |3551.53 |12 |(3-) |
124 |50 |3583.66 |13 |2+ |
124 |50 |3603.86 |17 |2,3 |
124 |50 |3643.4 |3 |(7,8,9) |
124 |50 |3655.20 |15 |2,3 |
124 |50 |3684.91 |8 |(7-) |
124 |50 |3697.3 |4 |1 |0.029 PS +13-10
124 |50 |3710.39 |19 |2+ |0.030 PS +28-15
124 |50 |3724.7 |3 |1,2+ |
124 |50 |3741.62 |10 |(2)+ |
124 |50 |3760.27 |20 |(0+,1,2) |
124 |50 |3761.83 |21 |2+ |0.05 PS +7-3
124 |50 |3765.14 |11 |(7-,8-,9-) |
124 |50 |3787 |10 | |
124 |50 |3802.54 |17 |2,3 |
124 |50 |3809.71 |21 |(7,8,9) |
124 |50 |3820 |10 |(3-,5-) |
124 |50 |3831.4 |3 |2,3,4 |
124 |50 |3834.3 |7 |1,2+ |
124 |50 |3864.26 |13 |1,2+ |
124 |50 |3872 |10 |(6+) |
124 |50 |3888.0 |8 |1,2+ |
124 |50 |3910.7 |9 |2+ |
124 |50 |3917.27 |5 |2+ |
124 |50 |3923 |5 |4+ |
124 |50 |3931.5 |3 |(7,8,9) |
124 |50 |3963.6 |3 |1,2 |
124 |50 |4043.8 |5 |1,2+ |
124 |50 |4074.4 |4 |2 |
124 |50 |4094.2 |3 |2,3 |
124 |50 |4120 |20 | |
124 |50 |4156.1 |3 |2+ |
124 |50 |4208.1 |3 |2,3 |
124 |50 |4219.2 |6 |1 |13.1 FS 14
124 |50 |4227.57 |16 |1,2+ |
124 |50 |4263.5 |6 |1 |23 FS 4
124 |50 |4264.1 |3 |1,2+ |
124 |50 |4269.82 |22 |(4) |
124 |50 |4331.4 |4 |1,2+ |
124 |50 |4359.58 |20 |0+to4+ |
124 |50 |4400 |20 | |
124 |50 |4470.3 |4 |1,2+ |
124 |50 |4528.8 |4 |1,2+ |
124 |50 |4560 |20 | |
124 |50 |4570 |20 | |
124 |50 |4604.6 |7 |1,2+ |
124 |50 |4605.8 |6 | |10.1 FS 25
124 |50 |4620 |5 |(4+) |
124 |50 |4620 |20 |(3-,4-,5-) |
124 |50 |4672 |5 |3- |
124 |50 |4707 |5 |3- |
124 |50 |4770 |20 |(3-,4-) |
124 |50 |4818 |5 |(5-) |
124 |50 |4880 |10 |3- |
124 |50 |4916 |10 |3- |
124 |50 |4948 |5 |(5-) |
124 |50 |4953.8 |7 |1 |14 FS 3
124 |50 |4970 |5 |(2+,3-) |
124 |50 |5014 |5 |3- |
124 |50 |5050 |20 | |
124 |50 |5064.8 |7 | |7.0 FS 15
124 |50 |5100 |20 | |
124 |50 |5131 |5 |(4+) |
124 |50 |5166 |5 |3- |
124 |50 |5196 |5 |3- |
124 |50 |5267 |5 |(7-) |
124 |50 |5290 |20 | |
124 |50 |5313 |5 |(5-) |
124 |50 |5345 |5 |(5-) |
124 |50 |5379 |5 |(5-) |
124 |50 |5430 |5 |(5-) |
124 |50 |5459 |10 |(5-) |
124 |50 |5520 |20 | |
124 |50 |5552 |10 | |
124 |50 |5614 |10 | |
124 |50 |5640 |20 | |
124 |50 |5710 |20 | |
124 |50 |5760 |20 | |
124 |50 |5800 |20 | |
124 |50 |5842.6 |7 |1- |1.02 FS 8
124 |50 |5866 |10 | |
124 |50 |5869.8 |8 |(1) |5.1 FS 10
124 |50 |5902.7 |7 |1 |5.4 FS 20
124 |50 |5951.9 |7 |1 |1.38 FS 19
124 |50 |5968.6 |7 |1 |2.2 FS 4
124 |50 |6002.2 |7 |1 |1.7 FS 3
124 |50 |6129.2 |7 |1 |0.82 FS 9
124 |50 |6171.0 |12 |1 |1.04 FS 10
124 |50 |6184.2 |6 |1- |0.94 FS 11
124 |50 |6236.7 |7 |1 |0.64 FS 6
124 |50 |6287.3 |7 |1 |1.52 FS 24
124 |50 |6321.8 |7 |1- |0.70 FS 6
124 |50 |6369.3 |7 |1- |0.277 FS 16
124 |50 |6453.3 |7 |1 |1.30 FS 16
124 |50 |6467.7 |6 |1 |0.95 FS 9
124 |50 |6503.4 |6 |1 |1.26 FS 20
124 |50 |6524.2 |5 |1- |0.56 FS 6
124 |50 |6548.7 |5 |1 |0.65 FS 7
124 |50 |6561.0 |7 |1- |0.35 FS 3
124 |50 |6566.0 |8 |1 |0.85 FS 11
124 |50 |6584.3 |6 |1- |0.75 FS 8
124 |50 |6600.0 |7 |1 |1.4 FS 3
124 |50 |6635.8 |6 |1- |0.39 FS 3
124 |50 |6678.1 |7 |1- |0.42 FS 3
124 |50 |6683.5 |8 |1- |0.71 FS 9
124 |50 |6705.6 |8 |1- |0.97 FS 14
124 |50 |6713.8 |7 |1- |0.52 FS 5
124 |50 |6722.5 |6 |1 |0.66 FS 7
124 |50 |6764.4 |8 |1- |0.58 FS 7
124 |50 |6775.8 |8 |1 |0.84 FS 15
124 |50 |6790.8 |8 |1- |0.71 FS 8
124 |50 |6808.2 |6 |1(+) |1.08 FS 14
124 |50 |6847.3 |8 |1- |0.90 FS 10
124 |50 |6902.3 |8 |1- |1.13 FS 14
124 |50 |6928.4 |8 |(1) |1.4 FS 4
124 |50 |6939.1 |8 |1 |1.6 FS 3
124 |50 |6947.7 |8 |1 |1.6 FS 3
124 |50 |7018.2 |8 |1 |1.07 FS 13
124 |50 |7032.7 |7 |1- |0.97 FS 11
124 |50 |7062.4 |9 |1 |2.6 FS 6
124 |50 |7071.3 |8 |1 |1.31 FS 18
124 |50 |7086.7 |7 |1 |1.46 FS 25
124 |50 |7125.9 |7 |1 |1.22 FS 17
124 |50 |7234.0 |8 |1 |1.8 FS 5
124 |50 |7258.8 |10 |1 |1.7 FS 5
124 |50 |7295.7 |7 |1- |0.63 FS 5
124 |50 |7308.7 |9 |1 |1.7 FS 4
124 |50 |7326.4 |7 |1 |1.7 FS 4
124 |50 |7337.7 |7 |1- |0.76 FS 11
124 |50 |7344.6 |7 |1 |1.06 FS 21
124 |50 |7394.7 |4 |1- |0.93 FS 15
124 |50 |7487.8 |7 |1- |0.72 FS 9
124 |50 |7536.7 |7 |1- |0.70 FS 11
124 |50 |7551.1 |6 |1- |0.83 FS 12
124 |50 |7567.1 |10 |1 |1.33 FS 18
124 |50 |7576.1 |7 |1- |0.96 FS 12
124 |50 |7596.6 |10 |1- |0.64 FS 6
124 |50 |7604.0 |8 |1- |0.59 FS 8
124 |50 |7642.9 |8 |1- |1.22 FS 24
124 |50 |7666.3 |7 |1 |1.9 FS 3
124 |50 |7679.1 |14 |1 |1.7 FS 4
124 |50 |7684.2 |11 |1- |0.92 FS 17
124 |50 |7691.5 |7 |1 |1.08 FS 18
124 |50 |7702.9 |9 |1 |2.2 FS 5
124 |50 |7747.7 |7 |1- |0.76 FS 8
124 |50 |7759.4 |4 |1- |0.62 FS 6
124 |50 |7770.9 |6 |1 |1.09 FS 20
124 |50 |7778.4 |9 |1 |1.6 FS 3
124 |50 |7788.6 |5 |1 |0.78 FS 9
124 |50 |7815.6 |5 |1- |0.345 FS 25
124 |50 |7863.7 |8 |1- |0.90 FS 11
124 |50 |7872.4 |6 |1 |0.78 FS 12
124 |50 |7880.5 |5 |1- |0.39 FS 3
124 |50 |7905.4 |12 |1 |1.6 FS 3
124 |50 |7913.4 |8 |1 |1.03 FS 21
124 |50 |7939.3 |12 |1 |1.6 FS 3
124 |50 |7957.4 |9 |1 |0.53 FS 3
124 |50 |7999.2 |9 |1- |0.90 FS 12
124 |50 |8112.1 |16 |1 |1.22 FS 18
124 |50 |8119.1 |8 |1 |0.55 FS 4
124 |50 |8132.0 |15 |1 |0.64 FS 6
124 |50 |8162.5 |8 |1 |1.17 FS 16
124 |50 |8214.6 |12 |1 |1.6 FS 3
124 |50 |8229.2 |6 |1 |0.72 FS 8
124 |50 |8257.2 |9 |1 |1.43 FS 18
124 |50 |8270.1 |7 |1(+) |0.81 FS 6
124 |50 |8350.4 |13 |1 |1.44 FS 19
124 |50 |8376.5 |11 |1- |0.78 FS 7
124 |50 |8423.1 |7 |1 |0.92 FS 9
124 |50 |8433.5 |10 |1 |1.08 FS 13
125 |50 |0.0 | |11/2- |9.64 D 3
125 |50 |27.50 |14 |3/2+ |9.52 M 5
125 |50 |215.12 |15 |1/2+ |
125 |50 |617.89 |8 |(9/2-) |
125 |50 |854.69 |17 |7/2+ |
125 |50 |930.38 |23 |1/2,3/2 |
125 |50 |936.49 |8 |(7/2)- |
125 |50 |1059.25 |18 |7/2+ |
125 |50 |1072.0 |4 |1/2,3/2 |
125 |50 |1087.35 |18 |(15/2-) |
125 |50 |1187.5 |7 |1/2+,3/2+,5/2+ |
125 |50 |1218.86 |18 |(13/2-) |
125 |50 |1258.9 |6 |(5/2)+ |
125 |50 |1362.52 |7 |7/2+ |
125 |50 |1540.3 |10 |(5/2)+ |
125 |50 |1757.0 |11 |1/2,3/2 |
125 |50 |1803 |10 | |
125 |50 |1875.3 |12 | |
125 |50 |1880.01 |20 |(15/2+) |
125 |50 |1892.8 |3 |(19/2+) |6.2 US 2
125 |50 |2059.5 |4 |(23/2+) |0.6 US 2
125 |50 |2076.0 |3 |(19/2-) |
125 |50 |2135.6 |3 |(19/2-) |
125 |50 |2176.1 |4 |7/2,9/2,11/2 |
125 |50 |2249.5 |9 |(3/2+,5/2+) |
125 |50 |2284.2 |10 | |
125 |50 |2308.1 |4 |(21/2+) |
125 |50 |2331.5 |16 | |
125 |50 |2347.2 |11 | |
125 |50 |2355 |10 |(1/2-,3/2-) |
125 |50 |2462.2 |3 |(23/2-) |
125 |50 |2519 |4 | |
125 |50 |2532.6 |16 | |
125 |50 |2589 |10 |(5/2-,7/2-) |
125 |50 |2623.5 |5 |(27/2-) |0.23 US 2
125 |50 |2760 |10 |7/2- |
125 |50 |2800 |10 | |
125 |50 |2883 |10 |(5/2-,7/2-) |
125 |50 |2990 |15 | |
125 |50 |3020 |15 | |
125 |50 |3080 |10 |5/2-,7/2- |
125 |50 |3109 |3 | |
125 |50 |3150 |15 | |
125 |50 |3180 |10 | |
125 |50 |3195 |7 |5/2-,7/2- |
125 |50 |3247 |10 | |
125 |50 |3344 |10 |(3/2-) |
125 |50 |3375 |6 | |
125 |50 |3416 |10 |(3/2)- |
125 |50 |3482 |10 |1/2-,3/2- |
125 |50 |3530 |10 |(9/2-,11/2-) |
125 |50 |3610 |10 |(5/2-,7/2-) |
125 |50 |3703 |10 | |
125 |50 |3738 |7 | |
125 |50 |3774 |14 | |
125 |50 |3820 |15 |(1/2)- |
125 |50 |3850 |15 | |
125 |50 |3870 |15 | |
125 |50 |3920 |15 | |
125 |50 |3970 |15 |(-) |
125 |50 |4030 |15 |(9/2-,11/2-) |
125 |50 |4100 |15 |(1/2-,3/2-) |
125 |50 |4160 |15 |(5/2-,7/2-) |
125 |50 |4200 |15 |(5/2-,7/2-) |
125 |50 |4290 |15 | |
125 |50 |4320 |15 | |
125 |50 |4430 |15 | |
125 |50 |4510 |15 | |
125 |50 |4550 |15 |(9/2-,11/2-) |
125 |50 |4650 |15 |(5/2-,7/2-) |
125 |50 |4730 |15 |(5/2-,7/2-) |
125 |50 |4780 |15 | |
125 |50 |4830 |15 |(5/2-,7/2-) |
125 |50 |4880 |15 | |
125 |50 |4900 |15 |(9/2-,11/2-) |
125 |50 |4980 |15 | |
125 |50 |5060 |15 |(9/2-,11/2-) |
125 |50 |5120 |40 |(9/2-,11/2-) |
125 |50 |5230 |40 |(9/2-,11/2-) |
126 |50 |0.0 | |0+ |2.30E+5 Y 14
126 |50 |1141.15 |4 |2+ |
126 |50 |2049.74 |6 |4+ |
126 |50 |2110.79 |6 |2(+) |
126 |50 |2130.09 |21 | |
126 |50 |2161.54 |7 |5- |10.8 NS 7
126 |50 |2194.22 |7 | |
126 |50 |2218.99 |8 |7- |6.6 US 14
126 |50 |2256.52 |21 | |
126 |50 |2276.85 |8 | |
126 |50 |2298 |25 | |
126 |50 |2370.46 |6 |2(+) |
126 |50 |2471.93 |16 | |
126 |50 |2477.51 |8 |6- |
126 |50 |2488.24 |9 |(8+) |
126 |50 |2550 |25 | |
126 |50 |2564.5 |5 |(10+) |7.7 US 5
126 |50 |2631.03 |11 | |
126 |50 |2636.64 |10 |2(+) |
126 |50 |2662.98 |8 | |
126 |50 |2712.06 |8 |2,3,4+ |
126 |50 |2720 |5 |3- |
126 |50 |2742.57 |7 | |
126 |50 |2795 |25 | |
126 |50 |2840.24 |10 | |
126 |50 |2886.41 |13 | |
126 |50 |2892 |5 |(5-) |
126 |50 |2971 |25 | |
126 |50 |3067.29 |8 | |
126 |50 |3246.55 |10 |2(+) |
126 |50 |3283.83 |9 | |
126 |50 |3300.3 |3 | |
126 |50 |3344.83 |9 |2(+) |
126 |50 |3385 |25 | |
126 |50 |3424 |5 |4+ |
126 |50 |3435.0 |6 |2(+) |
126 |50 |3454.88 |11 | |
126 |50 |3504.5 |3 |2(+) |
126 |50 |3625.80 |11 | |
126 |50 |3783.41 |13 | |
126 |50 |3809.21 |17 | |
126 |50 |3818.0 |4 |2(+) |
126 |50 |3830.75 |13 | |
126 |50 |3855.55 |8 | |
126 |50 |3860.3 |3 |2,3,4+ |
126 |50 |3886.54 |9 |2(+) |
126 |50 |3917.3 |5 |2,3,4+ |
126 |50 |3950.3 |5 | |
126 |50 |3964.20 |7 |2(+) |
126 |50 |3977.40 |15 | |
126 |50 |3985 |25 | |
126 |50 |4013.97 |21 |2,3,4(+) |
126 |50 |4184 |10 | |
126 |50 |4241.00 |15 |2(+) |
126 |50 |4257.1 |3 |2(+) |
126 |50 |4303.27 |15 |2(+) |
126 |50 |4330.9 |6 |2(+) |
126 |50 |4447 |10 | |
126 |50 |4556 |5 |(4+,5-) |
126 |50 |4656.5 |5 |2(+) |
126 |50 |4699.5 |6 |2(+) |
126 |50 |4734 |5 | |
126 |50 |4767 |5 |3- |
126 |50 |4779.17 |21 | |
126 |50 |4797.1 |6 |2(+) |
126 |50 |4807 |5 |3- |
126 |50 |4838 |5 |3- |
126 |50 |4869 |5 |3- |
126 |50 |4935 |5 |5- |
126 |50 |4974 |5 |5- |
126 |50 |4990.2 |3 |(7-) |
126 |50 |5009 |5 |5- |
126 |50 |5041 |5 |5- |
126 |50 |5092 |5 |5- |
126 |50 |5160 |5 |7- |
126 |50 |5188 |5 | |
126 |50 |5214 |5 |3- |
126 |50 |5257 |5 |5- |
126 |50 |5297 |5 |5- |
126 |50 |5339 |10 |(4+) |
126 |50 |5367 |10 |(4+) |
126 |50 |5397 |10 | |
126 |50 |5436 |10 | |
126 |50 |5528 |10 | |
126 |50 |5587 |10 | |
127 |50 |0.0 | |11/2- |2.10 H 4
127 |50 |5.07 |6 |3/2+ |4.13 M 3
127 |50 |257.76 |8 |(1/2)+ |
127 |50 |646.31 |4 |(9/2)- |
127 |50 |809.94 |6 |(5/2+) |
127 |50 |953.95 |9 |(1/2,3/2) |
127 |50 |963.61 |6 |(7/2-) |
127 |50 |1053.62 |6 |(7/2+) |
127 |50 |1090.61 |12 |(1/2,3/2) |
127 |50 |1094.61 |15 |(15/2-) |
127 |50 |1233.41 |24 |(3/2+) |
127 |50 |1242.79 |13 |(13/2-) |
127 |50 |1331.55 |11 |(5/2+) |
127 |50 |1501.5 |4 | |
127 |50 |1555.91 |6 |(7/2-,9/2+) |
127 |50 |1602.65 |6 |(7/2+) |
127 |50 |1618.40 |16 |(7/2,9/2+) |
127 |50 |1625.32 |19 | |
127 |50 |1702.59 |7 |(7/2+) |
127 |50 |1810.13 |15 |(15/2+) |
127 |50 |1819.9 |3 |(1/2,3/2) |
127 |50 |1826.67 |16 |(19/2+) |4.52 US 15
127 |50 |1909.54 |7 |(7/2+) |
127 |50 |1916.45 |18 |(19/2-) |
127 |50 |1930.97 |17 |(23/2+) |1.19 US 13
127 |50 |2024.21 |8 |(7/2+) |
127 |50 |2042.52 |11 |(7/2+) |
127 |50 |2045.98 |20 |(19/2) |
127 |50 |2047.4 |3 |(19/2-) |
127 |50 |2083.5 |4 | |
127 |50 |2165.8 |3 |(19/2) |
127 |50 |2232.10 |20 |(21/2+) |
127 |50 |2260.3 |9 |(1/2,3/2) |
127 |50 |2311.8 |3 |(19/2,17/2) |
127 |50 |2410.4 |9 |(23/2-) |
127 |50 |2442.69 |10 |(7/2,9/2) |
127 |50 |2464.79 |10 |(7/2,9/2) |
127 |50 |2515.25 |15 |(7/2,9/2) |
127 |50 |2552.4 |10 |(27/2-) |0.25 US 3
127 |50 |2630.5 |4 |(19/2,21/2) |
127 |50 |2733.82 |24 | |
127 |50 |2791.38 |15 |(7/2,9/2) |
127 |50 |2822.3 |3 |(7/2,9/2) |
127 |50 |2886.3 |6 |(1/2,3/2) |
127 |50 |3287.67 |21 | |
127 |50 |3333.38 |11 |(3/2) |
127 |50 |3397.60 |22 |(1/2,3/2) |
127 |50 |3564.5 |4 |(3/2) |
127 |50 |3605.12 |19 |(19/2-) |
127 |50 |3647.22 |24 |(19/2,21/2) |
127 |50 |3860.9 |9 | |
127 |50 |3899.5 |11 | |
128 |50 |0.0 | |0+ |59.07 M 14
128 |50 |1168.82 |4 |2+ |
128 |50 |2000.37 |7 |(4+) |
128 |50 |2091.50 |11 |(7-) |6.5 S 5
128 |50 |2104.07 |5 |(2)+ |
128 |50 |2120.91 |8 |(5-) |8.6 NS 8
128 |50 |2258.36 |6 |(1)-,(2)+ |
128 |50 |2274.06 |10 |(2-,3,4+) |
128 |50 |2378.08 |13 |(7-) |
128 |50 |2412.71 |12 |(8+) |40 NS LT
128 |50 |2491.91 |17 |(10+) |2.69 US
128 |50 |2547.10 |11 |(7-) |
128 |50 |2578.62 |8 |(1)-,(2)+ |
128 |50 |2633.09 |10 |(2-,3,4+) |
128 |50 |2642.27 |6 |(2-,3,4+) |
128 |50 |2756.54 |10 |(2-,3,4+) |
128 |50 |2952.46 |10 |(2-,3,4+) |
128 |50 |2959.49 |21 | |
128 |50 |3091.97 |9 |(2-,3,4+) |
128 |50 |3175.79 |12 |(7-) |
128 |50 |3225.6 |3 |(1)-,(2)+ |
128 |50 |3383.14 |16 |(7-) |
128 |50 |3519.86 |10 |(2)+ |
128 |50 |3608.50 |19 |(7,8,9-) |
128 |50 |3633.46 |13 | |
128 |50 |3769.08 |20 |(7,8,9-) |
128 |50 |3871.48 |15 |(8-,9-) |
128 |50 |3886.39 |13 |(2)+ |
128 |50 |3954.85 |9 |(2)+ |
128 |50 |3958.55 |15 |(8-,9-) |
128 |50 |3987.6 |3 |(7,8,9-) |
128 |50 |3997.61 |9 |(3,4)+ |
128 |50 |4038.01 |14 |(1)-,(2)+ |
128 |50 |4065.36 |15 |(8-,9-) |
128 |50 |4075.03 |10 |(3,4)+ |
128 |50 |4213.62 |15 |(8-,9-) |
128 |50 |4219.87 |10 |(3,4)+ |
128 |50 |4227.2 |3 |(1)-,(2)+ |
128 |50 |4243.02 |16 |(7,8,9-) |
128 |50 |4297.70 |15 |(2)+ |
128 |50 |4509.8 |10 |(1)-,(2)+ |
128 |50 |4898.01 |19 |(8-,9-) |
129 |50 |0.0 | |3/2+ |2.23 M 4
129 |50 |35.15 |5 |11/2- |6.9 M 1
129 |50 |315.406 |19 |(1/2)+ |
129 |50 |763.70 |5 |(9/2-) |
129 |50 |769.07 |5 |(5/2+) |
129 |50 |1043.66 |5 |(7/2-) |
129 |50 |1047.35 |6 |(7/2+) |
129 |50 |1054.21 |8 |(7/2+) |
129 |50 |1171.48 |7 |(15/2-) |
129 |50 |1222.58 |5 |(3/2+) |
129 |50 |1288.70 |8 |(3/2+) |
129 |50 |1359.40 |7 |(13/2-) |
129 |50 |1455.52 |9 |(5/2+) |
129 |50 |1534.35 |11 |(7/2-,9/2+) |
129 |50 |1613.45 |15 |(1/2:7/2+) |
129 |50 |1701.10 |11 |(7/2-) |
129 |50 |1741.89 |7 |(15/2+) |
129 |50 |1761.6 |10 |(19/2+) |3.40 US 13
129 |50 |1802.6 |10 |(23/2+) |2.22 US 14
129 |50 |1853.62 |15 |(7/2,9/2) |
129 |50 |1865.05 |4 |(7/2+) |
129 |50 |1906.24 |10 |(7/2) |
129 |50 |2118.34 |5 |(7/2+) |
129 |50 |2276.5 |10 |(21/2) |
129 |50 |2407.6 |11 |(23/2-) |
129 |50 |2552.9 |11 |(27/2-) |217 NS 19
129 |50 |2790.89 |20 |(7/2,9/2+) |
129 |50 |2835.76 |9 |(7/2+,9/2+) |
129 |50 |2981.81 |17 |(7/2+) |
129 |50 |3079.3 |3 |(3/2-) |
129 |50 |3140.32 |17 |(7/2+) |
129 |50 |3394.3 |3 |(1/2,3/2) |
129 |50 |3590.51 |7 |(3/2-) |
129 |50 |3992.5 |10 |(21/2-) |
130 |50 |0.0 | |0+ |3.72 M 7
130 |50 |1221.26 |5 |(2+) |
130 |50 |1946.88 |10 |(7-) |1.7 M 1
130 |50 |1995.62 |8 |(4+) |
130 |50 |2028.31 |7 |(2+) |
130 |50 |2084.84 |8 |(5-) |52 NS 3
130 |50 |2214.64 |8 |(4-) |0.5 NS LT
130 |50 |2256.96 |22 |(6+) |
130 |50 |2338.26 |11 |(8+) |40 NS LT
130 |50 |2434.79 |12 |(10+) |1.61 US 15
130 |50 |2490.86 |16 |(3-,4+) |
130 |50 |2492.99 |9 |(4,5) |
130 |50 |2597.67 |22 | |
130 |50 |3167.17 |9 |(2-,3) |
130 |50 |3425.01 |8 |(4+) |
130 |50 |4119.79 |9 |(2-) |
130 |50 |4205.73 |13 |(9-) |
130 |50 |4224.9 |4 |(3-,4+) |
130 |50 |4405.46 |9 |(4+) |
130 |50 |4463.36 |22 |(4+) |
130 |50 |5262.8 |3 |(4+) |
131 |50 |0.0 | |(3/2+) |56.0 S 5
131 |50 |0.0+X | |(11/2-) |58.4 S 5
131 |50 |331.73 |10 |(1/2+) |
131 |50 |1654.53 |8 |(5/2+) |
131 |50 |2434.13 |7 |(7/2+) |
131 |50 |3909.6 |6 |(1/2,3/2) |
131 |50 |3989.93 |19 |(7/2+) |
131 |50 |4102.01+X |18 |(15/2-) |
131 |50 |4220.1+X |8 |(13/2+) |
131 |50 |4247.1+X |8 |(15/2+) |
131 |50 |4262.2 |7 | |
131 |50 |4273.22+X |18 |(17/2+) |0.2 NS LT
131 |50 |4352.7 |7 | |
131 |50 |4404.8 |4 | |
131 |50 |4423.1+X |6 |(15/2+) |
131 |50 |4429.6 |5 |(1/2,3/2) |
131 |50 |4446.41+X |18 |(19/2-) |0.2 NS LT
131 |50 |4487.08 |20 |(7/2+) |
131 |50 |4510.6+X |8 |(17/2-) |
131 |50 |4557.85+X |21 |(19/2+) |2 NS LT
131 |50 |4575.8 |5 |1/2,3/2 |
131 |50 |4576.1+X |6 |(17/2+) |
131 |50 |4604.91+X |21 |(23/2-) |300 NS 20
131 |50 |4705.6+X |4 | |
131 |50 |4743.4+X |11 |(21/2-) |
131 |50 |4768.6+X |13 | |
131 |50 |4770.7 |5 | |
131 |50 |4989.9+X |11 |(21/2+) |
131 |50 |5111.9 |7 | |
131 |50 |5215.7 |5 | |
131 |50 |6653.61+X |24 |(19/2+,21/2+) |
132 |50 |0.0 | |0+ |39.7 S 8
132 |50 |4041.20 |15 |2+ |1.9 FS +14-6
132 |50 |4351.94 |14 |(3-) |5.0 PS LT
132 |50 |4416.29 |14 |(4+) |3.95 NS 13
132 |50 |4715.91 |17 |(6+) |20.1 NS 5
132 |50 |4830.97 |17 |(4-) |26.0 PS 5
132 |50 |4848.52 |20 |(8+) |2.03 US 4
132 |50 |4885.21 |19 |(5+) |40.0 PS LT
132 |50 |4919.00 |20 |(7+) |62.0 PS 7
132 |50 |4942.53 |16 |(5-) |17.0 PS 5
132 |50 |5279.5 |11 |(9+) |
132 |50 |5387.89 |20 |(4-) |
132 |50 |5399.22 |21 |(6+) |
132 |50 |5478.98 |23 |(8+) |
132 |50 |5629.26 |19 |(7+) |13.0 PS 5
132 |50 |6173.20 |20 |(5,6,7) |
132 |50 |6235.9 |3 |(6,7,8+) |
132 |50 |6598.5 |3 |(6,7-) |
132 |50 |6630.3 |3 |(6,7,8+) |
132 |50 |6709.04 |21 |(6,7-) |
132 |50 |6896.0 |3 |(6,7,8) |
132 |50 |7211.14 |17 |(6-) |
132 |50 |7244.06 |20 |(7-) |
132 |50 |7550 |AP | |
133 |50 |0.0 | |7/2- |1.46 S 3
133 |50 |853.7 |3 |3/2- |
133 |50 |1363 |31 |(1/2-) |
133 |50 |1560.9 |5 |(9/2-) |
133 |50 |2004.6 |10 |(5/2-) |
133 |50 |2.69E3 |20 |(13/2+) |
133 |50 |3700 |AP |(11/2-) |
134 |50 |0.0 | |0+ |1.050 S 11
134 |50 |725.6 | |2+ |
134 |50 |1073.4 | |4+ |
134 |50 |1247.4 | |6+ |80 NS 15
135 |50 |0 | |(7/2-) |530 MS 20
136 |50 |0 | |0+ |0.290 S 20
136 |50 |688 |1 |(2+) |
136 |50 |1079 |2 |(4+) |
137 |50 |0 | | |190 MS 60
138 |50 |0 | |0+ |260 MS AP
138 |50 |715 |1 |(2+) |
138 |50 |1176 |2 |(4+) |
139 |50 |0 | | |130 MS 60
