103 |51 |0 | | |49 NS LT
104 |51 |0.0 | | |0.44 S +15-11
105 |51 |0 | |(5/2+) |1.22 S 11
105 |51 |1219.41 |20 |(9/2+) |
105 |51 |1840.7 |3 |(13/2+) |
105 |51 |2211.1 |4 |(15/2+) |
105 |51 |2498.1 |4 |(17/2+) |
105 |51 |2993.3 |5 |(19/2+) |
105 |51 |3728.4 |6 |(23/2+) |
105 |51 |3973.8 |7 | |
106 |51 |0.0 | |(2+) |0.6 S 2
106 |51 |103.5 |3 |(4+) |232 NS 21
106 |51 |318.9 |5 |(5+) |
106 |51 |437.7 |5 |(6+) |
106 |51 |1135.7 |5 |(7+) |
106 |51 |1528.3 |6 |(8+) |
106 |51 |1841.8 |6 |(8+) |
106 |51 |2052.9 |6 |(9+) |
106 |51 |2166.1 |6 |(9+) |
106 |51 |2255.1 |6 |(10+) |
106 |51 |2492.2 |6 |(10+) |
106 |51 |2703.2 |6 |(11+) |
106 |51 |2980.2 |7 | |
106 |51 |3117.3 |8 |(11+) |
106 |51 |3315.9 |7 | |
106 |51 |3384.8 |6 |(11-) |
106 |51 |3483.0 |6 |(12+) |
106 |51 |3764.2 |6 |(13+) |
106 |51 |3944.6 |6 |(13-) |
106 |51 |3947.9 |8 | |
106 |51 |3991.3 |6 |(13-) |
106 |51 |4339.1 |6 |(13,14+) |
106 |51 |4368.9 |6 |(14-) |
106 |51 |4823.9 |8 |(15-) |
106 |51 |5204.1 |8 | |
106 |51 |5349.9 |8 |(16-) |
106 |51 |5768.9 |9 |(17-) |
106 |51 |5923.9 |8 |(17-) |
106 |51 |6087.9 |9 |(18) |
106 |51 |6305.9 |9 |(18) |
106 |51 |6573.6 |9 |(19-) |
106 |51 |6784.1 |10 | |
107 |51 |0.0 | |(5/2+) |4.0 S 2
107 |51 |768.62 |16 |(7/2+) |
107 |51 |1058.28 |15 |(9/2+) |
107 |51 |1388.97 |15 |(9/2+) |
107 |51 |1605.37 |21 |(11/2-) |
107 |51 |1790.45 |17 |(11/2+) |
107 |51 |1872.42 |21 | |
107 |51 |1900.06 |18 |(13/2+) |
107 |51 |2163.87 |19 |(13/2+) |
107 |51 |2239.54 |20 |(15/2+) |
107 |51 |2535.40 |23 |(17/2+) |
107 |51 |2621.29 |23 |(15/2-) |
107 |51 |2745.65 |22 |(17/2+) |
107 |51 |2878.6 |3 | |
107 |51 |3306.73 |23 | |
107 |51 |3377.68 |24 |(19/2+) |
107 |51 |3482.4 |3 | |
107 |51 |3487.11 |24 |(19/2-) |
107 |51 |3551.21 |25 | |
107 |51 |3661.5 |3 |(21/2+) |
107 |51 |3732.6 |4 | |
107 |51 |3779.38 |23 |(21/2-) |
107 |51 |3936.6 |3 | |
107 |51 |4100.3 |3 |(23/2-) |
107 |51 |4215.5 |3 | |
107 |51 |4234.7 |4 | |
107 |51 |4306.6 |3 | |
107 |51 |4442.7 |3 | |
107 |51 |4607.7 |3 |(25/2-) |
107 |51 |4889.4 |4 | |
107 |51 |5089.8 |3 | |
107 |51 |5131.1 |3 | |
107 |51 |5208.1 |4 |(27/2-) |
107 |51 |5674.4 |4 |(29/2-) |
107 |51 |5768.9 |4 | |
107 |51 |5967.6 |4 |(31/2-) |
107 |51 |6097.7 |4 | |
107 |51 |6379.6 |4 |(33/2-) |
107 |51 |6437.9 |4 | |
107 |51 |7269.1 |6 |(35/2-) |
107 |51 |7540.8 |5 |(37/2-) |
107 |51 |7900.6 |6 | |
107 |51 |8407.4 |5 |(41/2-) |
107 |51 |9863.5 |7 | |
107 |51 |0.0+X | | |
107 |51 |572.0+X |5 | |
107 |51 |815.6+X |8 | |
107 |51 |2041.4+X |7 |37/2 |
107 |51 |3167.7+X |7 |41/2 |
107 |51 |4446.1+X |8 |45/2 |
107 |51 |5882.6+X |9 |49/2 |
107 |51 |7434.8+X |10 |53/2 |
107 |51 |9228.2+X |13 |57/2 |
107 |51 |11491.2+X |16 |61/2 |
107 |51 |14217.2+X |19 |65/2 |
107 |51 |0.0+Y | | |
107 |51 |328.5+Y |7 |17/2 |
107 |51 |573.1+Y |3 | |
107 |51 |720.8+Y |7 |19/2 |
107 |51 |1089.3+Y |5 |21/2 |
107 |51 |1459.8+Y |6 |23/2 |
107 |51 |1851.0+Y |7 |25/2 |
107 |51 |2281.8+Y |7 |27/2 |
107 |51 |2748.1+Y |9 |29/2 |
107 |51 |3194.2+Y |9 |31/2 |
107 |51 |3284.9+Y |11 |31/2 |
107 |51 |3668.9+Y |10 |33/2 |
108 |51 |0.0 | |(4+) |7.4 S 3
108 |51 |259.5 |4 |(5+) |
108 |51 |376.3 |4 |6+ |
108 |51 |409.6 |4 |5+ |
108 |51 |1137.0 |5 |7+ |
108 |51 |1149.5 |4 |6+ |
108 |51 |1292.2 |4 |6+ |
108 |51 |1385.4 |5 |7+ |
108 |51 |1404.0 |4 |6+ |
108 |51 |1467.9 |5 |8+ |
108 |51 |1468.7 |7 |7+ |
108 |51 |1512.9 |5 |8- |
108 |51 |1571.2 |4 |7+ |
108 |51 |1880.8 |4 |7- |
108 |51 |1987.8 |7 |9- |
108 |51 |2100.5 |5 |9- |
108 |51 |2154.6 |4 |7- |
108 |51 |2245.9 |5 |8- |
108 |51 |2438.3 |4 |9- |
108 |51 |2478.9 |5 |9- |
108 |51 |2510.4 |5 |10- |
108 |51 |2538.8 |5 |9- |
108 |51 |2720.0 |4 |10- |
108 |51 |2752.5 |5 |10- |
108 |51 |2977.2 |4 |11- |
108 |51 |3032.5 |4 |11- |
108 |51 |3056.5 |4 |11- |
108 |51 |3081.9 |6 |11- |
108 |51 |3316.4 |5 |11- |
108 |51 |3362.0 |4 |12- |
108 |51 |3375.5 |4 |12- |
108 |51 |3377.4 |4 |12- |
108 |51 |3720.7 |4 |13- |
108 |51 |3764.3 |4 |13- |
108 |51 |3812.6 |5 |13- |
108 |51 |3851.1 |5 |13- |
108 |51 |4040.6 |5 |13- |
108 |51 |4057.1 |5 |14- |
108 |51 |4173.2 |4 |14- |
108 |51 |4176.1 |4 |14- |
108 |51 |4571.1 |6 |15- |
108 |51 |4595.5 |5 |15- |
108 |51 |4613.0 |5 |15- |
108 |51 |4961.3 |6 |14- |
108 |51 |4999.6 |6 |16- |
108 |51 |5062.6 |5 |16- |
108 |51 |5101.6 |5 |16- |
108 |51 |5159.8 |6 |15- |
108 |51 |5457.7 |8 |16- |
108 |51 |5560.0 |6 |17- |
108 |51 |5611.2 |5 |17- |
108 |51 |5867.5 |8 |17- |
108 |51 |5868.3 |7 |16- |
108 |51 |6090.5 |6 |18- |
108 |51 |6149.8 |5 |18- |
108 |51 |6586.4 |8 |18- |
108 |51 |6643.4 |7 |19- |
108 |51 |6719.5 |6 |19- |
108 |51 |6726.1 |10 |18- |
108 |51 |7214.5 |7 |20- |
109 |51 |0 | |(5/2+) |17.0 S 7
109 |51 |402.0 |4 |(1/2+) |
109 |51 |752.3 |4 |(3/2+,5/2+) |
109 |51 |832.2 |4 |7/2+ |
109 |51 |1100.9 |8 |9/2+ |
109 |51 |1330.8 |4 | |
109 |51 |1341.2 |7 |9/2+ |
109 |51 |1500.9 |12 |11/2- |
109 |51 |1591.8 |6 | |
109 |51 |1619.5 |4 | |
109 |51 |1837.4 |4 | |
109 |51 |1854.8 |8 |11/2+ |
109 |51 |1968.8 |6 | |
109 |51 |2019 | | |
109 |51 |2045.5 |4 | |
109 |51 |2091.9 |10 |13/2+ |
109 |51 |2106.0 |6 | |
109 |51 |2193.9 |9 |13/2+ |
109 |51 |2271.9 |10 |15/2+ |
109 |51 |2580.9 |13 |15/2- |
109 |51 |2650.9 |11 |17/2+ |
109 |51 |2821.6 |8 |(17/2+) |
109 |51 |2827 |1 |17/2- |
109 |51 |3215.6 |11 |(19/2+) |
109 |51 |3301.4 |4 |17/2+ |
109 |51 |3377.9 |4 |19/2+ |
109 |51 |3468+X | |(23/2-) |
109 |51 |3488.4 |4 |19/2- |
109 |51 |3535.5 |11 |(21/2+) |
109 |51 |3751.0 |4 |21/2- |
109 |51 |3762.1 |4 |21/2+ |
109 |51 |3874.4 |11 |(23/2+) |
109 |51 |3930.6 |4 |23/2- |84 PS 7
109 |51 |4234.9 |11 |(25/2+) |
109 |51 |4243.6 |5 |21/2- |
109 |51 |4244.8 |8 |21/2- |
109 |51 |4401+X | |(27/2-) |
109 |51 |4484.8 |5 |23/2- |
109 |51 |4485.5 |6 |25/2- |
109 |51 |4627.0 |7 |(27/2+) |
109 |51 |4804.0 |6 |25/2- |
109 |51 |4980.8 |5 |27/2- |
109 |51 |5044.0 |7 |(29/2+) |
109 |51 |5139.0+X |15 |(31/2-) |
109 |51 |5163.2 |5 |27/2- |
109 |51 |5488.5 |6 |(31/2+) |
109 |51 |5488.6 |6 |29/2- |
109 |51 |5506.0 |9 |(31/2+) |
109 |51 |5567.0 |6 |29/2- |
109 |51 |5824.5 |5 |31/2- |
109 |51 |5945.0+X |18 |(35/2-) |
109 |51 |5984.0 |10 |(33/2+) |
109 |51 |5985.5 |11 |(33/2+) |
109 |51 |5995.2 |6 |31/2- |
109 |51 |6336.1 |6 |33/2- |
109 |51 |6449.7 |6 |33/2- |
109 |51 |6509.0 |11 |(35/2+) |
109 |51 |6511.5 |11 |(35/2+) |
109 |51 |6668.5 |12 |35/2- |
109 |51 |6736.0+X |20 |(39/2-) |447 PS +60-50
109 |51 |6913.4 |6 |35/2- |
109 |51 |7042.0 |12 |(37/2+) |
109 |51 |7350.1 |12 |37/2- |
109 |51 |7352+Y | |(43/2+) |
109 |51 |7480.5 |9 |37/2- |
109 |51 |7597.0+X |23 |(43/2-) |282 PS +32-23
109 |51 |7684.2 |12 |39/2- |
109 |51 |7918+Z | |(49/2+) |
109 |51 |8320.0+Y |10 |(47/2+) |
109 |51 |8574.0+X |25 |(47/2-) |175 PS +22-19
109 |51 |8574+V | |(49/2-) |
109 |51 |9020.0+Z |10 |(53/2+) |
109 |51 |9355.0+Y |15 |(51/2+) |
109 |51 |9667+X |3 |(51/2-) |103 PS 10
109 |51 |9857.0+V |10 |(53/2-) |
109 |51 |10245.0+Z |15 |(57/2+) |
109 |51 |10478.0+Y |18 |(55/2+) |
109 |51 |10870+X |3 |(55/2-) |74 PS +8-10
109 |51 |10870+W | |(59/2+) |
109 |51 |11386.0+V |15 |(57/2-) |
109 |51 |11559.0+Z |18 |(61/2+) |
109 |51 |11701.0+Y |20 |(59/2+) |
109 |51 |12196+X |3 |(59/2-) |43 PS +4-6
109 |51 |12211.0+W |10 |(63/2+) |
109 |51 |12965.0+Z |20 |(65/2+) |
109 |51 |13043.0+Y |23 |(63/2+) |
109 |51 |13147.0+V |18 |(61/2-) |
109 |51 |13672+X |4 |(63/2-) |35 PS 6
109 |51 |13740.0+W |15 |(67/2+) |
109 |51 |14475.0+Z |23 |(69/2+) |
109 |51 |14546.0+Y |25 |(67/2+) |
109 |51 |15084.1+V |20 |(65/2-) |
109 |51 |15320+X |4 |(67/2-) |21 PS 5
109 |51 |15464.0+W |18 |(71/2+) |
109 |51 |16124.1+Z |25 |(73/2+) |
109 |51 |16224+Y |3 |(71/2+) |
109 |51 |17144.1+V |23 |(69/2-) |
109 |51 |17169+X |4 |(71/2-) |20 PS 5
109 |51 |17393.0+W |20 |(75/2+) |
109 |51 |17975+Z |3 |(77/2+) |
109 |51 |18104+Y |3 |(75/2+) |
109 |51 |19266+X |4 |(75/2-) |13 PS +4-3
109 |51 |19551.1+W |23 |(79/2+) |
109 |51 |20093+Z |3 |(81/2+) |
109 |51 |20220+Y |3 |(79/2+) |
109 |51 |21651+X |4 |(79/2-) |
109 |51 |22011.1+W |25 |(83/2+) |
109 |51 |22513+Z |3 |(85/2+) |
109 |51 |22636+Y |4 |(83/2+) |
109 |51 |24388+X |4 |(83/2-) |
109 |51 |24821+W |3 |(87/2+) |
109 |51 |25245+Z |4 |(89/2+) |
109 |51 |25458+Y |4 |(87/2+) |
110 |51 |0.0 | |(3+) |23.6 S 3
110 |51 |194.7 |7 |(5+) |
110 |51 |340.5 |8 |(6+) |
110 |51 |370.1 |8 | |
110 |51 |629.5 |10 | |
110 |51 |1136.2 |7 | |
110 |51 |1152.9 |10 |(8-) |24 NS 1
110 |51 |1159.4 |11 | |
110 |51 |1298.2 |8 | |
110 |51 |1299.8 |10 | |
110 |51 |1508.5 |11 | |
110 |51 |1691.1 |11 | |
110 |51 |1768.5 |11 |(9-) |
110 |51 |1841.3 |9 | |
110 |51 |1927.3 |11 |(8-) |
110 |51 |2128.2 |11 |(9-) |
110 |51 |2169.5 |13 |(10-) |
110 |51 |2188.1 |12 |(10-) |
110 |51 |2441.5 |12 |(10-) |
110 |51 |2670.1 |14 |(11+) |
110 |51 |2791.0 |11 |(11-) |
110 |51 |3121.4 |12 |(12-) |
110 |51 |3165.5 |12 |(12-) |
110 |51 |3472.4 |14 |(13-) |
110 |51 |3563.0 |13 |(13-) |
110 |51 |3711.9 |14 |(13+) |
110 |51 |3828.0 |13 |(14-) |
110 |51 |3996.0 |14 |(14-) |
110 |51 |4389.3 |15 |(13+) |
110 |51 |4471.5 |15 |(15-) |
110 |51 |4662.0 |16 |(15+) |
110 |51 |4907.0 |17 | |
110 |51 |4930.1 |16 |(15+) |
110 |51 |5010.5 |14 |(15+) |
110 |51 |5023 | | |
110 |51 |5681.2 |15 |(17+) |
110 |51 |6505.2 |18 |(19+) |
110 |51 |7418.2 |21 |(21+) |
110 |51 |8405.2 |23 |(23+) |
110 |51 |9472.2 |25 |(25+) |
110 |51 |10627 |3 |(27+) |
110 |51 |11878 |3 |(29+) |
110 |51 |13233 |3 |(31+) |
110 |51 |14705 |4 |(33+) |
110 |51 |16319 |4 |(35+) |
110 |51 |18103 |4 |(37+) |
110 |51 |20084 |4 |(39+) |
110 |51 |22301 |4 |(41+) |
110 |51 |24786 |4 |(43+) |
110 |51 |27548 | |(45+) |
110 |51 |X+0.0 | |(19-) |
110 |51 |X+824.0 |10 |(21-) |
110 |51 |X+1754.0 |15 |(23-) |
110 |51 |X+2762.0 |18 |(25-) |
110 |51 |X+3872.0 |20 |(27-) |
110 |51 |X+5118.0 |23 |(29-) |
110 |51 |X+6527.0 |25 |(31-) |
110 |51 |X+8146 |3 |(33-) |
110 |51 |X+10007 |3 |(35-) |
110 |51 |X+12076 |3 |(37-) |
110 |51 |Y+0.0 | |(20-) |
110 |51 |Y+882.0 |10 |(22-) |
110 |51 |Y+1854.0 |15 |(24-) |
110 |51 |Y+2924.0 |18 |(26-) |
110 |51 |Y+4141.0 |20 |(28-) |
110 |51 |Y+5513.0 |23 |(30-) |
110 |51 |Y+7076.0 |25 |(32-) |
110 |51 |Y+8824 |3 |(34-) |
110 |51 |Y+10756 |3 |(36-) |
110 |51 |Y+12880 | |(38-) |
111 |51 |0.0 | |(5/2+) |75 S 1
111 |51 |487.4 |8 |(1/2+) |
111 |51 |851.04 |13 |(7/2+) |
111 |51 |880.8 |6 |(3/2+) |
111 |51 |1147.64 |13 |(9/2+) |
111 |51 |1268.0 |10 |(7/2+) |
111 |51 |1398.55 |13 |(9/2+) |
111 |51 |1418.37 |20 |(11/2-) |
111 |51 |1576.7 |7 | |
111 |51 |1711.9 |8 | |
111 |51 |1879.9 |6 | |
111 |51 |1922.20 |15 |(11/2+) |
111 |51 |1977.92 |17 |(11/2+) |
111 |51 |2026.7 |7 | |
111 |51 |2119.7 |7 | |
111 |51 |2160.7 |7 | |
111 |51 |2220.27 |15 |(13/2+) |
111 |51 |2357.3 |6 | |
111 |51 |2406.73 |20 |(15/2+) |
111 |51 |2508.31 |25 |(13/2-) |
111 |51 |2560.70 |22 |(15/2-) |
111 |51 |2612.7 |7 | |
111 |51 |2749.36 |21 |(15/2+) |
111 |51 |2766.46 |21 |(15/2+) |
111 |51 |2793.62 |24 |(17/2+) |
111 |51 |2844.33 |20 |(15/2+) |
111 |51 |2854.12 |20 |(17/2+) |
111 |51 |3073.75 |22 |(15/2-) |
111 |51 |3226.71 |18 |(17/2+) |
111 |51 |3351.99 |23 |(17/2-) |
111 |51 |3381.84 |25 |(15/2-) |
111 |51 |3394.86 |24 |(15/2-) |
111 |51 |3435.11 |22 |(19/2-) |
111 |51 |3475.30 |24 |(19/2-) |
111 |51 |3634.3 |3 |(19/2-) |
111 |51 |3673.13 |21 |(19/2+) |
111 |51 |3679.6 |3 |(19/2-) |
111 |51 |3734.42 |23 |(19/2+) |
111 |51 |3742.2 |3 |(21/2-) |
111 |51 |3781.92 |20 |(19/2+) |
111 |51 |3800.8 |3 |(19/2-) |
111 |51 |3833.2 |3 |(19/2-) |
111 |51 |3976.8 |3 |(19/2-) |
111 |51 |4158.8 |3 |(21/2-) |
111 |51 |4224.31 |20 |(21/2+) |
111 |51 |4362.1 |4 |(25/2-) |
111 |51 |4384.7 |3 |(23/2-) |
111 |51 |4434.6 |3 |(23/2-) |
111 |51 |4534.8 |3 |(23/2-) |
111 |51 |4634.18 |23 |(23/2+) |
111 |51 |4789.3 |3 |(25/2-) |
111 |51 |4858.6 |4 |(25/2-) |
111 |51 |4881.2 |4 |(25/2-) |
111 |51 |4922.3 |4 |(25/2-) |
111 |51 |4929.09 |25 |(25/2+) |
111 |51 |5056.1 |4 |(27/2-) |
111 |51 |5193.6 |3 |(27/2-) |
111 |51 |5236.6 |3 |(27/2+) |
111 |51 |5263.5 |4 |(-) |
111 |51 |5417.6 |4 |(29/2-) |
111 |51 |5507.4 |5 |(29/2-) |
111 |51 |5578.5 |3 |(29/2+) |
111 |51 |5601.8 |3 |(29/2-) |
111 |51 |5811.4 |4 |(31/2-) |
111 |51 |5915.4 |4 |(29/2-) |
111 |51 |5948.8 |3 |(31/2+) |
111 |51 |6021.8 |3 |(31/2-) |
111 |51 |6047.7 |4 |(29/2-) |
111 |51 |6250.0 |5 |(31/2-) |
111 |51 |6343.8 |3 |(33/2+) |
111 |51 |6644.1 |5 |(35/2-) |
111 |51 |6754.8 |3 |(35/2+) |
111 |51 |7204.5 |3 |(37/2+) |
111 |51 |7556.1 |5 |(39/2-) |
111 |51 |7687.4 |3 |(39/2+) |
111 |51 |8204.7 |4 |(41/2+) |
111 |51 |8551.4 |5 |(43/2-) |
111 |51 |9632.6 |6 |(47/2-) |
111 |51 |10770.4 |9 |(51/2-) |
111 |51 |11972.9 |9 |(55/2-) |
111 |51 |13228.1 |10 |(59/2-) |
111 |51 |13381.3 |9 |(59/2-) |
111 |51 |14590.4 |11 |(63/2-) |
111 |51 |15013.8 |11 |63/2- |
111 |51 |16046.8 |12 |(67/2-) |
111 |51 |16817.6 |12 |67/2- |
111 |51 |17606.8 |12 |(71/2-) |
111 |51 |19272.3 |13 |(75/2-) |
111 |51 |21067.4 |24 |(79/2-) |
111 |51 |23013 |5 |(79/2-) |
111 |51 |X | |(35/2) |
111 |51 |Y | | |
111 |51 |6250+X | |(35/2) |
111 |51 |6642+Y | |(39/2) |
111 |51 |7020+X | |(39/2) |
111 |51 |7563+Y | |(43/2) |
111 |51 |7886+X | |(43/2) |
111 |51 |8561+Y | |(47/2) |
111 |51 |8841+X | |(47/2) |
111 |51 |9644+Y | |(51/2) |
111 |51 |9886+X | |(51/2) |
111 |51 |10808+Y | |(55/2) |
111 |51 |11024+X | |(55/2) |
111 |51 |12063+Y | |(59/2) |
111 |51 |12257+X | |(59/2) |
111 |51 |13443+Y | |(63/2) |
111 |51 |13615+X | |(63/2) |
111 |51 |14978+Y | |(67/2) |
111 |51 |15117+X | |(67/2) |
111 |51 |16714+Y | |(71/2) |
111 |51 |16788+X | |(71/2) |
111 |51 |18639+X | |(75/2) |
111 |51 |18682+Y | |(75/2) |
111 |51 |20676+X | |(79/2) |
111 |51 |20861+Y | |(79/2) |
112 |51 |0.0 | |(3+) |53.5 S 6
112 |51 |38.40 |6 |(2+) |
112 |51 |60.97 |16 |(1+) |
112 |51 |103.88 |6 |(4+) |
112 |51 |132.37 |22 |(5+) |
112 |51 |140 |30 |(1+) |
112 |51 |167.14 |6 |(4+) |
112 |51 |236.51 |5 |(3+) |
112 |51 |296.16 |4 |(2+) |
112 |51 |350.90 |20 |(1+) |
112 |51 |369.2 |3 |(6+) |
112 |51 |372.70 |20 |(1+) |
112 |51 |395.94 |6 |(3+) |
112 |51 |411.12 |7 |(1+,2+) |
112 |51 |501.96 |21 |(5+) |
112 |51 |510.56 |6 |(2+,3+) |
112 |51 |672.84 |8 |(3+,4+) |
112 |51 |714.68 |6 |(2+,3+) |
112 |51 |780.97 |7 |(1+,2+) |
112 |51 |788.25 |6 |(2+,3+) |
112 |51 |804.37 |11 |2+,3,4,5+ |
112 |51 |808.18 |4 |(2+) |
112 |51 |825.9 |4 |(8-) |536 NS 22
112 |51 |844.9 |4 | |
112 |51 |973.4 |3 |(6+) |
112 |51 |1042.7 |4 |(8-) |
112 |51 |1120 |30 |(1+) |
112 |51 |1169.9 |5 | |
112 |51 |1184.3 |5 |(7+) |
112 |51 |1268.0 |4 |(7-) |
112 |51 |1340 |30 |(1+) |
112 |51 |1340.3 |4 | |
112 |51 |1344.7 |3 |(7+) |
112 |51 |1389.5 |3 |(6+) |
112 |51 |1529.8 |4 |(9-) |
112 |51 |1540 |30 |1+ |
112 |51 |1674.4 |4 |(7-) |
112 |51 |1681.5 |5 |(8+) |
112 |51 |1690.5 |5 |(7+) |
112 |51 |1746.6 |4 |(8-) |
112 |51 |1830 |30 |(1+) |
112 |51 |1884.4 |4 |(10-) |
112 |51 |1948.7 |4 |(9-) |
112 |51 |2075.0 |4 |(9-) |
112 |51 |2100.0 |6 |(9+) |
112 |51 |2161.5 |6 |(8+) |
112 |51 |2180 |30 |(1+) |
112 |51 |2274.3 |4 |(10-) |
112 |51 |2320.1 |5 |(11+) |
112 |51 |2410 |30 |(1+) |
112 |51 |2481.8 |5 |(12-) |
112 |51 |2492.1 |5 | |
112 |51 |2547.9 |5 |(11-) |
112 |51 |2569.8 |6 |(9+) |
112 |51 |2581.6 |11 | |
112 |51 |2601.5 |5 |(12-) |
112 |51 |2628.1 |4 |(11-) |0.39 PS +17-18
112 |51 |2720 |30 |(1+) |
112 |51 |2868.2 |5 |(12-) |
112 |51 |2908.1 |6 | |
112 |51 |2987.6 |4 |(12-) |
112 |51 |3008.8 |4 |(12-) |0.35 PS +11-12
112 |51 |3082.0 |5 |(12-) |
112 |51 |3100 |30 |(1+) |
112 |51 |3224.0 |6 |(14-) |
112 |51 |3295.7 |5 |(12-) |
112 |51 |3380.1 |5 |(13+) |
112 |51 |3382.3 |4 |(13-) |
112 |51 |3401.4 |5 |(13-) |0.35 PS 8
112 |51 |3403.1 |5 |(12+) |
112 |51 |3420 |30 |(1+) |
112 |51 |3489.1 |5 |(12+) |
112 |51 |3622.0 |5 |(14-) |
112 |51 |3680 |30 |(1+) |
112 |51 |3686.6 |5 |(14-) |
112 |51 |3686.8 |6 |(14-) |
112 |51 |3725.6 |7 | |
112 |51 |3730.8 |6 | |
112 |51 |3747.3 |6 |(13-) |
112 |51 |3794.1 |7 | |
112 |51 |3808.3 |5 |(14-) |
112 |51 |3845.1 |6 | |
112 |51 |3850 |30 |1+ |
112 |51 |4050 |30 |1+ |
112 |51 |4088.9 |6 |(15+) |
112 |51 |4089.3 |7 |(15-) |
112 |51 |4121.3 |5 |(14+) |
112 |51 |4223.0 |6 | |
112 |51 |4240 |30 |1+ |
112 |51 |4254.8 |6 |(14-) |
112 |51 |4260.5 |5 |(15-) |
112 |51 |4276.5 |6 | |
112 |51 |4294.7 |5 |(15-) |
112 |51 |4320.2 |6 |(15+) |
112 |51 |4391.3 |7 |(16-) |
112 |51 |4433.4 |6 |(15+) |
112 |51 |4600 |30 |1+ |
112 |51 |4675.7 |7 |(16+) |
112 |51 |4797.8 |5 |(16-) |
112 |51 |4837.2 |6 |(16-) |
112 |51 |4863.9 |6 |(16+) |
112 |51 |4880 |30 |1+ |
112 |51 |5161.0 |6 |(17+) |
112 |51 |5310 |30 |(1+) |
112 |51 |5325.7 |6 |(17-) |
112 |51 |5570 |30 |(1+) |
112 |51 |5643.7 |7 |(18-) |
112 |51 |5717.0 |7 | |
112 |51 |5729.3 |7 |(18+) |
112 |51 |6002.3 |7 |(19+) |
112 |51 |6544.5 |7 |(20-) |
112 |51 |6934.5 |7 |(21+) |
112 |51 |7535.3 |8 |(22-) |
112 |51 |7937.4 |8 |(23+) |
112 |51 |8615.9 |9 |(24-) |
112 |51 |8996.4 |9 |(25+) |
112 |51 |9784.2 |9 |(26-) |
112 |51 |10113.2 |10 |(27+) |
112 |51 |11041.2 |10 |(28-) |
112 |51 |11296.4 |10 |(29+) |
112 |51 |12393.6 |11 |(30-) |
112 |51 |12595.2 |10 |(31+) |
112 |51 |13839.4 |12 |(32-) |
112 |51 |14088.8 |11 |(33+) |
112 |51 |15387.6 |13 |(34-) |
112 |51 |15784.3 |11 |(35+) |
112 |51 |17053.6 |15 |(36-) |
112 |51 |17655.6 |12 |(37+) |
112 |51 |Y | |(10+) |
112 |51 |Y+378.09 |24 |(11+) |
112 |51 |Y+709.4 |11 |(12+) |
112 |51 |Y+750.72 |24 |(12+) |
112 |51 |Y+1077.6 |3 |(13+) |
112 |51 |Y+1095.4 |5 |(13+) |
112 |51 |Y+1372.6 |4 |(14+) |
112 |51 |Y+1690.4 |5 |(15+) |
112 |51 |Y+2046.2 |6 |(16+) |
112 |51 |Y+2437.8 |6 |(17+) |
112 |51 |Y+2852.1 |7 |(18+) |
112 |51 |Y+3217.1 |8 |(19+) |
112 |51 |Y+3284.6 |8 |(19+) |
112 |51 |X | |(11-) |
112 |51 |X+561.0 |3 |(13-) |
112 |51 |X+1216.8 |5 |(15-) |
112 |51 |X+1960.5 |6 |(17-) |
112 |51 |X+2794.5 |6 |(19-) |
112 |51 |X+3718.4 |7 |(21-) |
112 |51 |X+4733.7 |8 |(23-) |
112 |51 |X+5842.6 |8 |(25-) |
112 |51 |X+7046.5 |9 |(27-) |
112 |51 |X+8346.3 |9 |(29-) |
112 |51 |X+9733.3 |10 |(31-) |
112 |51 |X+11202.0 |10 |(33-) |
112 |51 |X+12772.6 |11 |(35-) |
112 |51 |X+14480.6 |12 |(37-) |
112 |51 |X+16361.4 |14 |(39-) |
112 |51 |X+18439.4 |17 |(41-) |
113 |51 |0.0 | |5/2+ |6.67 M 7
113 |51 |644.78 |20 |1/2+ |1 NS LT
113 |51 |814.17 |22 |7/2+ |1 NS LT
113 |51 |1018.6 |3 |5/2+ |1 NS LT
113 |51 |1181.0 |4 | |1 NS LT
113 |51 |1257.1 |3 |(9/2+) |1 NS LT
113 |51 |1347.9 |3 |11/2- |1 NS LT
113 |51 |1461.0 |3 |9/2+ |1 NS LT
113 |51 |1551.0 |4 |5/2+ |
113 |51 |1716.5 |5 | |
113 |51 |1853.2 |5 | |1 NS LT
113 |51 |1910.1 |4 |(11/2+) |1 NS LT
113 |51 |1995.2 |11 | |1 NS LT
113 |51 |2094.2 |6 | |
113 |51 |2115.5 |6 | |
113 |51 |2132.1 |7 | |
113 |51 |2172.1 |5 | |
113 |51 |2217.7 |4 |(13/2+) |1 NS LT
113 |51 |2307.6 |4 |(13/2+) |
113 |51 |2395.3 |5 | |
113 |51 |2504.8 |5 |(15/2+) |
113 |51 |2534.9 |3 | |
113 |51 |2626.3 |5 |(15/2-) |
113 |51 |2659.1 |4 |(15/2+) |
113 |51 |2815.5 |4 |15/2- |
113 |51 |3009.7 |11 | |
113 |51 |3044.7 |5 |19/2(-) |3.7 NS 3
113 |51 |3083.8 |5 |(17/2+) |
113 |51 |3173.4 |5 |21/2(-) |
113 |51 |3212.9 |5 |19/2- |
113 |51 |3344.8 |5 |(21/2) |
113 |51 |3473.2 |5 |(19/2+) |
113 |51 |3552.9 |5 |(23/2) |
113 |51 |3777.9 |11 |23/2- |
113 |51 |3914.4 |5 |(21/2+) |
113 |51 |4166.8 |5 |(25/2) |
113 |51 |4344.4 |6 |(23/2-) |
113 |51 |4363.1 |5 |(23/2+) |
113 |51 |4459.7 |12 |27/2- |
113 |51 |4506.4 |5 |(25/2-) |
113 |51 |4525.2 |5 | |
113 |51 |4535.9 |5 | |
113 |51 |4642.7 |6 |(25/2-) |
113 |51 |4744.8 |5 |25/2+ |
113 |51 |4783.9 |6 |(27/2) |
113 |51 |5014.3 |6 |(27/2-) |
113 |51 |5040.8 |6 |27/2+ |
113 |51 |5166.1 |6 |29/2 |
113 |51 |5177.7 |8 |(27/2+) |
113 |51 |5239.0 |12 |31/2- |
113 |51 |5388.7 |6 |29/2+ |
113 |51 |5391.1 |7 |(29/2-) |
113 |51 |5569.3 |9 |(29/2+) |
113 |51 |5612.0 |6 |(29/2-) |
113 |51 |5716.4 |6 |(29/2) |
113 |51 |5762.6 |6 |31/2+ |
113 |51 |5781.7 |7 |(31/2-) |
113 |51 |5960.1 |10 |(31/2+) |
113 |51 |6052.6 |7 | |
113 |51 |6093.7 |12 |35/2- |
113 |51 |6153.4 |6 |33/2+ |
113 |51 |6195.9 |7 |(33/2-) |
113 |51 |6334.2 |11 |(33/2+) |
113 |51 |6424.1 |7 | |
113 |51 |6545.7 |6 |35/2+ |
113 |51 |6625.4 |7 |(35/2-) |
113 |51 |6682.0 |12 |(35/2+) |
113 |51 |6976.6 |6 |37/2+ |
113 |51 |6977.6 |13 |(37/2+) |
113 |51 |7012.8 |13 |39/2- |
113 |51 |7075.8 |7 |(37/2-) |
113 |51 |7544.5 |7 |(39/2-) |
113 |51 |7998.4 |13 |43/2- |
113 |51 |8025.2 |7 |(41/2-) |
113 |51 |9059.7 |14 |47/2- |
113 |51 |9280 |40 | |
113 |51 |9720 |40 | |
113 |51 |9780 |40 | |
113 |51 |10215.4 |14 |51/2- |
113 |51 |11466.6 |14 |55/2- |
113 |51 |12800.9 |15 |59/2- |
113 |51 |14213.9 |18 |(63/2-) |
113 |51 |15717.9 |20 |(67/2-) |
113 |51 |17352.9 |23 |(71/2-) |
113 |51 |19143.9 |25 |(75/2-) |
113 |51 |21104 |3 |(79/2-) |
114 |51 |0.0 | |3+ |3.49 M 3
114 |51 |27.33 |3 |1+ |
114 |51 |45.86 |2 |(2+),4+ |26 NS 3
114 |51 |54.64 |3 |3+ |20.4 NS 9
114 |51 |83.48 |3 |(5) |
114 |51 |83.84 |3 |2+ |2 NS LT
114 |51 |144.95 |2 |2+ |1 NS LT
114 |51 |173.81 |12 |(6+) |2 NS LT
114 |51 |264.57 |3 |4+ |
114 |51 |272.00 |3 |1+ |1 NS LT
114 |51 |344.48 |2 |3+ |1 NS LT
114 |51 |492.00 |2 |2+ |
114 |51 |495.5 |7 |(8-) |219 US 12
114 |51 |495.5+X | | |
114 |51 |495.5+Y | | |
114 |51 |501.63 |3 |3- |1 NS LT
114 |51 |506.88 |3 |(0+) |
114 |51 |565.76 |3 |4+ |
114 |51 |572.65 |4 |(2,3) |
114 |51 |641.50 |6 |5 |
114 |51 |664.80 |4 |4- |1 NS LT
114 |51 |664.85 |3 |3+ |
114 |51 |691.4 |1 |2+ |
114 |51 |756.21 |12 | |
114 |51 |763.32 |5 |1+,2+ |
114 |51 |793.4 |3 |5,6+ |
114 |51 |805.88 |4 |2+ |
114 |51 |809.21 |7 |3+ |
114 |51 |869.85 |6 |0+ |
114 |51 |871.91 |5 |1+ |
114 |51 |893.15 |6 |5- |1 NS LT
114 |51 |945.31 |20 |(3,4) |
114 |51 |948.72 |20 |4,5,6+ |
114 |51 |988.7 |8 |(7-) |
114 |51 |990.70 |20 |1,2 |
114 |51 |1005.2 |5 | |
114 |51 |1017.36 |6 |1,2 |
114 |51 |1055+X | | |
114 |51 |1080+Y | | |
114 |51 |1109.13 |17 |(2+) |
114 |51 |1184.4 |5 | |
114 |51 |1244.6 |8 |(9-) |
114 |51 |1471.77 |6 |(1+) |
114 |51 |1562.3 |8 |(8-) |
114 |51 |1666.5 |3 |10- |
114 |51 |1670.5 |1 |(1+) |
114 |51 |1680.0 |8 |(10-) |
114 |51 |1694+X | | |
114 |51 |1757.51 |5 |(1+) |
114 |51 |1769.6 |8 |(9-) |
114 |51 |1771+Y | | |
114 |51 |1924.21 |5 |(1+) |
114 |51 |1938.2 |8 |(11+) |
114 |51 |1971.2 |5 |(1+) |
114 |51 |1985.94 |8 |(1+) |
114 |51 |2072.5 | |(8-) |
114 |51 |2078.6 |8 |(10-) |
114 |51 |2081.2 |8 |12 |
114 |51 |2139.61 |22 |(1+) |
114 |51 |2188.9 |11 |(9-) |
114 |51 |2261.8 |8 |(12+) |
114 |51 |2365.4 |11 |(10-) |
114 |51 |2374.4 |8 | |
114 |51 |2421.6 |8 |(11-) |
114 |51 |2435+X | | |
114 |51 |2505.4 |11 |(11-) |
114 |51 |2538.5 |8 |(12+) |
114 |51 |2554+Y | | |
114 |51 |2681.9 |8 |(12+,13+) |
114 |51 |2740.7 |11 |(12-) |
114 |51 |2794.1 |8 |(12-) |
114 |51 |2933.4 |11 |(13-) |
114 |51 |3011.7 |8 |(12,13,14)+ |
114 |51 |3099.9 |13 |(13+) |
114 |51 |3185.2 |8 |(13-) |
114 |51 |3195.2 |8 | |
114 |51 |3256+X | | |
114 |51 |3256.3 |11 |(14-) |
114 |51 |3257.0 | |(12,13,14)+ |
114 |51 |3425+Y | | |
114 |51 |3533.8 |11 |(15-) |
114 |51 |3586.5 |8 | |
114 |51 |3588.5 |13 |(14-) |
114 |51 |3614.8 |8 |(14-) |
114 |51 |3696.9 |13 |(15+) |
114 |51 |3889.5 |12 |(16-) |
114 |51 |3949.9 |13 | |
114 |51 |4080.2 |8 | |
114 |51 |4085.3 |5 |(15-) |
114 |51 |4151.6 |13 |(16+) |
114 |51 |4155+X | | |
114 |51 |4266.3 |12 |(17-) |
114 |51 |4371+Y | | |
114 |51 |4591.9 |5 |(16-) |
114 |51 |4659.8 |12 |(18-) |
114 |51 |5107.1 |5 |(17-) |
114 |51 |5124+X | | |
114 |51 |5130.0 |12 |(19-) |
114 |51 |5390+Y | | |
114 |51 |5548.7 |12 |(20-) |
114 |51 |5613.8 |6 |(18-) |
114 |51 |6118.7 |12 |(21-) |
114 |51 |6150.9 |9 |(19-) |
114 |51 |6171+X | | |
114 |51 |6491+Y | | |
114 |51 |6550.0 |12 |(22-) |
114 |51 |7221.6 |13 |(23-) |
114 |51 |7307+X | | |
114 |51 |7652.8 |13 |(24-) |
114 |51 |7680+Y | | |
114 |51 |8428.2 |13 |(25-) |
114 |51 |8526+X | | |
114 |51 |8841.3 |13 |(26-) |
114 |51 |8957+Y | | |
114 |51 |9729.6 |13 |(27-) |
114 |51 |9806+X | | |
114 |51 |10105.2 |13 |(28-) |
114 |51 |10316+Y | | |
114 |51 |11119.7 |14 |(29-) |
114 |51 |11150+X | | |
114 |51 |11441.5 |14 |(30-) |
114 |51 |11770+Y | | |
114 |51 |12540+X | | |
114 |51 |12636+X | | |
114 |51 |12858.5 |14 |(32-) |
114 |51 |13358+Y | | |
114 |51 |14338+X | | |
114 |51 |14386.7 |14 |(34-) |
114 |51 |16268+X | | |
115 |51 |0.0 | |5/2+ |32.1 M 3
115 |51 |723.583 |20 |7/2+ |
115 |51 |770.40 |10 |1/2+ |4.4E+2 FS +37-15
115 |51 |1071.73 |18 |(3/2)+ |93 FS +21-14
115 |51 |1098.63 |3 |7/2+ |0.58 PS 8
115 |51 |1300.21 |5 |11/2- |6.2 NS 3
115 |51 |1326.85 |4 |9/2+ |1.21 PS +24-14
115 |51 |1380.58 |3 |9/2+ |0.97 PS 28
115 |51 |1504.17 |16 |(3/2)+ |106 FS 6
115 |51 |1736.21 |19 |(5/2+) |
115 |51 |1755.03 |5 |(11/2)+ |
115 |51 |1937.17 |14 | |0.90 PS +35-14
115 |51 |2074.39 |18 | |
115 |51 |2092.54 |11 |(13/2)+ |
115 |51 |2104.36 |18 |(3/2)+ |
115 |51 |2215.11 |19 |(3/2)+ |
115 |51 |2315.97 |12 |(13/2)- |
115 |51 |2323.43 |5 |(9/2)+ |
115 |51 |2389.02 |8 |(7/2)+ |
115 |51 |2457.58 |15 |(15/2)+ |
115 |51 |2516.91 |9 |15/2- |0.42 PS +21-14
115 |51 |2638.42 |9 |15/2- |2.1 PS GT
115 |51 |2659.93 |18 |(3/2)+ |
115 |51 |2688.27 |16 |(5/2,7/2)+ |
115 |51 |2709.7 |4 |(3/2)+ |
115 |51 |2763.81 |23 |(1/2,3/2)+ |
115 |51 |2796.26 |9 |(19/2)- |159 NS 3
115 |51 |2803.4 |3 |(17/2)- |
115 |51 |2838.40 |16 |(17/2)+ |
115 |51 |2960.66 |12 |19/2- |
115 |51 |3003.64 |14 |(21/2)- |
115 |51 |3098 | |(19/2) |
115 |51 |3255.45 |19 |(19/2)+ |1.1 PS +10-5
115 |51 |3445.47 |16 |(23/2)- |
115 |51 |3542.37 |16 |23/2- |
115 |51 |3544.5 |3 |(21/2-) |
115 |51 |3659.60 |17 |(25/2)+ |4.1 NS 2
115 |51 |3692.63 |20 |(21/2)+ |
115 |51 |3792.3 |4 |(23/2-) |
115 |51 |4111.8 |5 |(25/2-) |
115 |51 |4120.0 |3 |(23/2+) |
115 |51 |4262.7 |4 |27/2- |
115 |51 |4283.0 |4 | |
115 |51 |4344.6 |4 | |
115 |51 |4492.3 |5 |(27/2-) |
115 |51 |4510.8 |3 |(25/2+) |
115 |51 |4551.13 |25 |23/2- |
115 |51 |4732.9 |4 | |
115 |51 |4885.4 |4 |(27/2+) |
115 |51 |4900.6 |8 |(29/2-) |
115 |51 |4985.1 |5 | |
115 |51 |5034.8 |3 |27/2- |
115 |51 |5109.6 |5 |31/2- |
115 |51 |5150.1 |5 |(31/2-) |
115 |51 |5245.0 |4 |(29/2+) |
115 |51 |5330.7 |4 | |
115 |51 |5333.1 |9 |(31/2-) |
115 |51 |5632.6 |4 |31/2- |
115 |51 |5635.7 |4 |(31/2+) |
115 |51 |5704.1 |5 | |
115 |51 |5784.5 |5 | |
115 |51 |5793.0 |9 |(33/2-) |
115 |51 |6029.5 |4 |(33/2+) |
115 |51 |6069.2 |6 |(35/2-) |
115 |51 |6349.0 |5 |35/2- |
115 |51 |6431.7 |5 |(35/2+) |
115 |51 |6885.7 |5 |(37/2+) |
115 |51 |7120.8 |7 |(39/2-) |
115 |51 |7172.3 |6 |(39/2-) |
115 |51 |8104.5 |7 |(43/2-) |
115 |51 |8256.8 |12 |(43/2-) |
115 |51 |9151.1 |8 |(47/2-) |
115 |51 |10083 |15 |1/2 |
115 |51 |10305.9 |9 |(51/2-) |
115 |51 |10589 |15 |3/2+ |
115 |51 |10698 |15 |7/2+ |
115 |51 |11065 |15 |5/2+ |
116 |51 |0.0 | |3+ |15.8 M 8
116 |51 |93.99 |5 |1+ |194 NS 4
116 |51 |103.0 |1 |2+ |1. NS LT
116 |51 |383 |40 |8- |60.3 M 6
116 |51 |410.848 |19 |4+ |1. NS LT
116 |51 |455.175 |19 |3- |2.1 NS 3
116 |51 |466.071 |18 |3+ |1 NS LT
116 |51 |503.09 |4 |5(+) |1. NS LT
116 |51 |518.120 |21 |2- |1. NS LT
116 |51 |546.34 |6 |4+ |1. NS LT
116 |51 |550.948 |17 |2+ |
116 |51 |574.56 |3 |2+ |1. NS LT
116 |51 |612.81 |3 |4- |1. NS LT
116 |51 |654.32 |5 |3+ |1. NS LT
116 |51 |681.68 |15 |6- |
116 |51 |731.721 |22 |1+ |1. NS LT
116 |51 |735.42 |3 |4+ |
116 |51 |809.18 |14 |7- |
116 |51 |815.10 |3 |3+ |
116 |51 |820.89 |4 |5- |1. NS LT
116 |51 |841.12 |5 |(6+) |1. NS LT
116 |51 |881.6 |4 |3+ |
116 |51 |917.820 |25 |1+ |
116 |51 |948.28 |4 |4+ |
116 |51 |998.02 |21 |(3-,4-) |
116 |51 |1032 |5 |0+,1+ |
116 |51 |1037.7 |5 |(4+,5+) |
116 |51 |1045.37 |3 |(4)- |
116 |51 |1065.31 |5 |(5)+ |
116 |51 |1076.76 |5 |(5,3)+ |
116 |51 |1087.52 |5 |4+,3+,2+ |
116 |51 |1096.07 |11 |(2,3,4) |
116 |51 |1122.3 |10 |1+to5+ |
116 |51 |1127.42 |11 |(2) |
116 |51 |1135.50 |18 |9- |
116 |51 |1138.84 |7 |4+ |
116 |51 |1155.31 |15 |(6,7)- |
116 |51 |1158.42 |12 |1+ |
116 |51 |1158.79 |15 |7+ |10.6 NS 7
116 |51 |1164.09 |13 | |
116 |51 |1200.0 |10 | |
116 |51 |1208.2 |7 |(4-,5-) |
116 |51 |1212.1 |5 |(4,3)+ |
116 |51 |1223.31 |8 |3,2 |
116 |51 |1226.12 |8 | |
116 |51 |1267.82 |15 |(6,7)- |
116 |51 |1289.1 |3 |6- |
116 |51 |1307.39 |25 |(6,7,8)- |
116 |51 |1312.3 |10 |(-) |
116 |51 |1336.58 |10 |2,3 |
116 |51 |1351.38 |14 |7- |1.0 NS
116 |51 |1385.82 |11 |1,2,3 |
116 |51 |1386.72 |11 |(4,5,6)+ |
116 |51 |1407.88 |11 |(3,4) |
116 |51 |1425.55 |9 |(1,2,3) |
116 |51 |1436.2 |10 | |
116 |51 |1451.15 |16 |8- |
116 |51 |1473.05 |15 |(5to9)- |
116 |51 |1481.08 |11 |(1to4) |
116 |51 |1483.31 |11 |(2to5)- |
116 |51 |1505.00 |7 |(6,7,8)- |
116 |51 |1570 |1 |(8+) |
116 |51 |1626.03 |16 |(8+) |
116 |51 |1658.15 |16 | |
116 |51 |1666.4 |4 |9- |
116 |51 |1684.99 |17 | |
116 |51 |1703.78 |18 | |
116 |51 |1782.11 |18 |11+ |4.0 NS 1
116 |51 |1885 |5 | |
116 |51 |1949 |1 |(9+) |
116 |51 |1961 |6 |(9+) |
116 |51 |1983.6 |4 |10- |
116 |51 |2314 |1 |(10+) |
116 |51 |2335.9 |4 |11- |
116 |51 |2365 |1 |(10+) |
116 |51 |2384.3 |5 | |
116 |51 |2688 | |(11+) |
116 |51 |2718.3 |4 |12- |
116 |51 |2788 |1 |(11+) |
116 |51 |2966.2 |3 |13+ |
116 |51 |3005.2 |5 | |
116 |51 |3129.0 |5 |13- |
116 |51 |3207.0 |4 |14+ |1.3 NS
116 |51 |3433.3 |4 |15+ |
116 |51 |3572.9 |5 |14- |
116 |51 |3940.3 |5 | |
116 |51 |4030.7 |4 | |
116 |51 |4245.6 |5 | |
117 |51 |0.0 | |5/2+ |2.80 H 1
117 |51 |527.31 |8 |7/2+ |
117 |51 |719.7 |5 |1/2+ |
117 |51 |923.9 |6 |3/2+ |118 FS +70-35
117 |51 |1089.34 |14 |7/2+ |1.5E+2 FS +15-6
117 |51 |1159.99 |8 |9/2+ |2 PS GT
117 |51 |1310.62 |14 |9/2+ |50 FS GT
117 |51 |1322.86 |12 |11/2- |3.8 NS 2
117 |51 |1354.4 |10 |(1/2,3/2) |
117 |51 |1378.8 |8 |7/2 |1.5E+2 FS +15-6
117 |51 |1380 |10 |3/2+,5/2+ |
117 |51 |1396.01 |22 | |
117 |51 |1454.2 |12 |1/2+,3/2+,5/2+ |
117 |51 |1471.7 |8 |7/2 |367 FS GE
117 |51 |1487.65 |15 |9/2+ |0.8 PS 3
117 |51 |1534.60 |12 |11/2+ |
117 |51 |1536.53 |16 |(9/2+) |243 FS GE
117 |51 |1623.9 |12 |3/2 |132 FS GE
117 |51 |1710.63 |16 |11/2+ |1.4 PS +4-3
117 |51 |1716.4 |6 |1/2+,3/2+ |32 FS +7-6
117 |51 |1751.9 |6 | |2.4E+2 FS +31-9
117 |51 |1761.21 |12 |9/2+ |
117 |51 |1810.5 |7 |1/2+,3/2+ |
117 |51 |1871.48 |13 |13/2+ |
117 |51 |2033.35 |24 |(11/2+) |
117 |51 |2040.00 |16 |11/2+ |1.4 PS +14-3
117 |51 |2085.2 |10 | |66 FS +30-18
117 |51 |2187.45 |14 |13/2+ |0.7 PS +4-2
117 |51 |2213.0 |15 |3/2+,5/2+ |
117 |51 |2228.42 |25 | |0.5 PS AP
117 |51 |2237.49 |13 |15/2+ |
117 |51 |2242.01 |24 |(13/2+) |
117 |51 |2284.8 |7 |1/2+ |
117 |51 |2300.1 |7 |1/2+,3/2+ |14 FS +10-8
117 |51 |2323.05 |13 |15/2- |2 PS GT
117 |51 |2355.62 |25 |13/2+ |
117 |51 |2410 |30 |1/2+ |
117 |51 |2412.64 |15 |15/2- |
117 |51 |2520 |30 | |
117 |51 |2525.3 |2 |17/2- |
117 |51 |2526.8 |2 |15/2+ |
117 |51 |2610 |30 | |
117 |51 |2624.60 |14 |17/2+ |1 PS AP
117 |51 |2760 |30 |+ |
117 |51 |2778.65 |25 |17/2+ |1.4 PS GT
117 |51 |2780.15 |18 |19/2- |0.50 NS 15
117 |51 |2841.76 |16 |17/2- |1.1 PS +4-3
117 |51 |2845.50 |20 |19/2- |
117 |51 |2875.10 |14 |19/2- |0.2 NS LT
117 |51 |3057.65 |21 |19/2+ |
117 |51 |3060.5 |4 | |
117 |51 |3072.64 |17 |(21/2)- |0.1 NS LT
117 |51 |3098.4 |3 | |
117 |51 |3130.76 |19 |(25/2)+ |355 US 17
117 |51 |3173.9 |3 | |
117 |51 |3214.13 |15 |19/2- |1.4 PS GT
117 |51 |3230.1 |2 |19/2+ |
117 |51 |3230.7 |2 |(23/2-) |290 NS 5
117 |51 |3416.0 |3 |(23/2-) |1.1 PS 3
117 |51 |3437.7 |3 |(25/2-) |
117 |51 |3485.9 |4 |(21/2+) |
117 |51 |3495.1 |4 | |
117 |51 |3501.9 |3 | |
117 |51 |3522.66 |21 |(21/2+) |
117 |51 |3741.1 |5 |(27/2-) |
117 |51 |3836.8 |4 | |
117 |51 |4001.49 |23 |(23/2+) |
117 |51 |4029.6 |4 |23/2+ |
117 |51 |4076.6 |4 | |
117 |51 |4106.6 |4 |(29/2-) |
117 |51 |4116.2 |4 |(27/2-) |
117 |51 |4296.6 |4 |(25/2+) |
117 |51 |4424.83 |25 |(25/2+) |
117 |51 |4509.4 |4 |(31/2-) |
117 |51 |4555.32 |25 |(25/2+) |
117 |51 |4679.1 |5 | |
117 |51 |4749.3 |4 | |
117 |51 |4759.0 |4 |27/2+ |
117 |51 |4901.8 |4 |27/2+ |
117 |51 |4929.2 |4 |(31/2-) |
117 |51 |4937.1 |4 |(33/2-) |
117 |51 |5027.9 |3 |(27/2+) |
117 |51 |5170.2 |4 | |
117 |51 |5172.4 |4 |(29/2+) |
117 |51 |5182.8 |5 |(29/2+) |
117 |51 |5394.2 |4 |(35/2-) |
117 |51 |5572.1 |5 |(31/2+) |
117 |51 |5823.7 |5 |(31/2+) |
117 |51 |5837.2 |5 |(35/2-) |
117 |51 |5882.8 |4 |(37/2-) |
117 |51 |6009.2 |5 |(33/2+) |
117 |51 |6121.4 |5 |(33/2+) |
117 |51 |6403.6 |4 |(39/2-) |
117 |51 |6762.4 |5 |(35/2+) |
117 |51 |6829.3 |5 |(39/2-) |
117 |51 |6950.9 |4 |(41/2-) |
117 |51 |7116.8 |5 |(37/2+) |
117 |51 |7905.8 |6 |(43/2-) |
117 |51 |8184.6 |6 |(41/2+) |
117 |51 |11280 |10 |1/2+ |
117 |51 |11430 |10 |3/2+ |
117 |51 |11.5E3 |AP |(11/2-) |
117 |51 |12290 |15 |(5/2)+ |
117 |51 |12455 |15 |5/2+ |
117 |51 |12587 |15 |(7/2-) |
118 |51 |0.0 | |1+ |3.6 M 1
118 |51 |31.26 |4 |(2) |15 NS LT
118 |51 |50.814 |21 |(3)+ |20.6 US 6
118 |51 |82.07 |6 |(4)+ |
118 |51 |118 |10 | |
118 |51 |166.169 |20 |(2)+ |
118 |51 |238 |10 | |
118 |51 |250 |6 |8- |5.00 H 2
118 |51 |269.82 |3 |(3)- |13.3 NS 2
118 |51 |282 |10 | |
118 |51 |324.317 |16 |2+ |
118 |51 |324.65 |4 |(4)+ |
118 |51 |370 |10 | |
118 |51 |398.20 |4 |(4)- |
118 |51 |403.50 |3 |(3)+ |
118 |51 |511.0 |3 | |
118 |51 |540.592 |25 |3+ |
118 |51 |557.32 |4 |(3,4) |
118 |51 |568.23 |3 |(6,7,8)- |
118 |51 |569.90 |6 |(4,5)- |
118 |51 |606.32 |10 | |
118 |51 |618.74 |3 |(3,4,5)+ |
118 |51 |622.223 |20 |1+,2+ |
118 |51 |628.05 |6 |(5+) |
118 |51 |629.04 |3 |(3)+ |
118 |51 |637.57 |4 |(3,4,5)- |
118 |51 |682.99 |4 |(3,4,5)- |
118 |51 |712 |10 | |
118 |51 |741.24 |3 |(2,3)+ |
118 |51 |760.43 |4 | |
118 |51 |788.32 |4 |(2,3)+ |
118 |51 |808.30 |11 | |
118 |51 |821.15 |4 |(2to5)- |
118 |51 |821.66 |4 |(6-,7,8) |
118 |51 |833.74 |4 |(2,3)- |
118 |51 |837.35 |21 |(6+) |
118 |51 |852.40 |6 |(3,4,5)+ |
118 |51 |863.40 |3 |(1,2,3)+ |
118 |51 |873.50 |12 | |
118 |51 |890.15 |7 | |
118 |51 |926.48 |4 |7,8,9- |
118 |51 |930.36 |11 | |
118 |51 |939.01 |5 |(3,4,5)+ |
118 |51 |940.11 |5 |(0,2,3)+ |
118 |51 |947.85 |24 | |
118 |51 |964.88 |4 |(7)+ |22.6 NS 3
118 |51 |985.39 |13 | |
118 |51 |998.63 |6 |7,8,9- |
118 |51 |998.70 |4 |+ |
118 |51 |1016.95 |8 |- |
118 |51 |1019.33 |4 |0+,1+,2+ |
118 |51 |1024.03 |6 | |
118 |51 |1044.316 |24 |(2,3)+ |
118 |51 |1072.97 |6 |- |
118 |51 |1081.34 |11 |(+) |
118 |51 |1093.72 |11 | |
118 |51 |1096.12 |4 |1+,2+,3+ |
118 |51 |1113.49 |11 | |
118 |51 |1117.421 |24 |(1,2,3)+ |
118 |51 |1124.45 |6 | |
118 |51 |1131.35 |5 |0+,1+,2+ |
118 |51 |1142.50 |8 | |
118 |51 |1147.70 |4 | |
118 |51 |1150 | | |
118 |51 |1152.80 |10 | |
118 |51 |1153.61 |6 | |
118 |51 |1160.48 |5 |+ |
118 |51 |1164.55 |8 | |
118 |51 |1168.38 |10 | |
118 |51 |1170.80 |16 | |
118 |51 |1187.21 |4 |7-,8-,9- |
118 |51 |1191.56 |6 |+ |
118 |51 |1196.03 |6 | |
118 |51 |1211.38 |8 | |
118 |51 |1213.59 |5 |- |
118 |51 |1224.34 |9 |(8-) |
118 |51 |1233.55 |12 | |
118 |51 |1252.10 |9 |(1,2,3)- |
118 |51 |1262.74 |21 |(2,3,4)- |
118 |51 |1269.93 |12 | |
118 |51 |1279.85 |13 |(3,4,5)+ |
118 |51 |1286.2 |5 | |
118 |51 |1294.42 |7 | |
118 |51 |1295.99 |8 |+ |
118 |51 |1299.61 |11 | |
118 |51 |1306.75 |8 | |
118 |51 |1309.43 |10 | |
118 |51 |1325.31 |12 | |
118 |51 |1325.83 |11 | |
118 |51 |1327.62 |11 | |
118 |51 |1331.27 |7 | |
118 |51 |1335.92 |5 | |
118 |51 |1381.60 |12 | |
118 |51 |1393.36 |11 | |
118 |51 |1405.34 |10 | |
118 |51 |1411.33 |11 | |
118 |51 |1427.07 |9 |(9-) |
118 |51 |1427.72 |19 | |
118 |51 |1434.33 |11 | |
118 |51 |1451.05 |7 | |
118 |51 |1458.22 |12 | |
118 |51 |1497.62 |20 | |
118 |51 |1542.03 |10 | |
118 |51 |1571.0 |3 |(10-) |
118 |51 |1582.24 |11 | |
118 |51 |1633.70 |7 | |
118 |51 |1635.65 |9 | |
118 |51 |1640.24 |11 | |
118 |51 |1693.96 |11 | |
118 |51 |1712.09 |6 | |
118 |51 |1732.8 |5 |(11+) |
118 |51 |1753.4 |4 |(10-) |
118 |51 |1802.28 |11 | |
118 |51 |1820.84 |14 | |
118 |51 |1852.27 |10 | |
118 |51 |1889.01 |21 | |
118 |51 |2104.66 |9 | |
118 |51 |2115.5 |4 |(11-) |
118 |51 |2171.58 |13 | |
118 |51 |2402.8 |6 |(12+) |
118 |51 |2503.0 |5 |(12-) |
118 |51 |2918.4 |6 | |
118 |51 |4440 |15 | |
118 |51 |5670 |15 | |
118 |51 |6140 |15 | |
118 |51 |6470 |15 | |
118 |51 |6770 |15 | |
118 |51 |6920 |15 | |
118 |51 |7100 |15 | |
118 |51 |7170 |15 | |
118 |51 |7330 |15 | |
118 |51 |9300 | | |
119 |51 |0 | |5/2+ |38.19 H 22
119 |51 |270.52 |4 |7/2+ |35 PS 10
119 |51 |644.03 |4 |1/2+ |5.2 PS 48
119 |51 |699.88 |5 |3/2+,5/2+ |300 FS GT
119 |51 |970.90 |5 |9/2+ |
119 |51 |1048.42 |5 |7/2+ |300 FS GT
119 |51 |1212.74 |4 |9/2+ |5.2 PS 48
119 |51 |1249.74 |5 |9/2+ |
119 |51 |1327.25 |11 |(1/2-) |76 FS GT
119 |51 |1338.61 |9 |3/2+ |0.07 PS +6-3
119 |51 |1340.75 |17 |11/2+ |
119 |51 |1366.34 |4 |11/2- |112 PS 15
119 |51 |1407.35 |8 |11/2+ |
119 |51 |1413.21 |7 |3/2- |0.12 PS +10-5
119 |51 |1450 |8 | |
119 |51 |1469 |3 |3/2+,5/2+ |
119 |51 |1482 |10 |1/2- |
119 |51 |1487.61 |6 |(3/2+) |215 FS GT
119 |51 |1547 |10 | |
119 |51 |1646.5 |10 |1/2+ |450 FS GT
119 |51 |1660 |8 |(7/2+) |
119 |51 |1665 |10 |(3/2+,5/2+) |
119 |51 |1675.72 |16 |13/2+ |
119 |51 |1730 |30 | |
119 |51 |1749.64 |6 |3/2+ |23 FS +11-7
119 |51 |1821.14 |8 |1/2+ |55 FS 22
119 |51 |1848.2 |10 | |130 FS GT
119 |51 |1875.32 |20 |(1/2+,3/2) |0.08 PS +21-4
119 |51 |1970 |10 |7/2+,9/2+ |
119 |51 |1982.0 |10 | |0.11 PS +28-7
119 |51 |2037.61 |19 |15/2+ |
119 |51 |2043 |3 | |
119 |51 |2067 |10 | |
119 |51 |2094.38 |15 | |
119 |51 |2100 |3 | |
119 |51 |2114 |10 |1/2+,3/2+,5/2+ |
119 |51 |2129.82 |10 |9/2- |
119 |51 |2130 |10 | |
119 |51 |2138.38 |13 |13/2+ |
119 |51 |2159 |3 | |
119 |51 |2187 |10 | |
119 |51 |2202.35 |13 |13/2+ |
119 |51 |2223 |8 | |
119 |51 |2226.06 |6 |11/2- |
119 |51 |2258 |3 | |
119 |51 |2269.1 |10 |1/2+,3/2+,5/2+ |14 FS LT
119 |51 |2278.93 |6 |13/2- |
119 |51 |2283.7 |4 |9/2- |
119 |51 |2298 |8 | |
119 |51 |2314.02 |24 |(15/2)- |
119 |51 |2320 |30 | |
119 |51 |2327 |3 | |
119 |51 |2355 |3 | |
119 |51 |2360.20 |9 |9/2- |
119 |51 |2379.60 |20 |(9/2,13/2) |
119 |51 |2384 |8 | |
119 |51 |2415.53 |20 |1/2+ |0.12 PS +28-6
119 |51 |2419.34 |20 |17/2+ |
119 |51 |2455 |10 | |
119 |51 |2475.44 |13 |15/2- |
119 |51 |2505.24 |21 |15/2- |
119 |51 |2508 |8 | |
119 |51 |2539 |10 | |
119 |51 |2553.6 |3 |(19/2-) |130 NS 3
119 |51 |2561 |10 | |
119 |51 |2624 |8 | |
119 |51 |2707.74 |24 |17/2- |
119 |51 |2708 |10 |1/2+,3/2+,5/2+ |
119 |51 |2747.68 |25 | |
119 |51 |2749 |8 | |
119 |51 |2769.08 |24 |(17/2+) |
119 |51 |2841.7 |4 |(21/2-) |
119 |51 |2841.7+X | |(27/2+) |0.85 S 9
119 |51 |2848.99 |22 |19/2+ |
119 |51 |2862 |10 | |
119 |51 |2885 |10 | |
119 |51 |2980 |10 | |
119 |51 |3002.5 |3 |19/2- |
119 |51 |3035 |10 | |
119 |51 |3062 |10 | |
119 |51 |3064.89 |25 |17/2- |
119 |51 |3068.70 |22 |17/2- |
119 |51 |3280 |30 | |
119 |51 |3295.85 |20 |19/2- |
119 |51 |3310.37 |24 |21/2+ |
119 |51 |3440 |30 | |
119 |51 |3505.5 |3 |(21/2+) |
119 |51 |3581.9 |3 |21/2- |
119 |51 |3608.4 |4 |23/2- |
119 |51 |3620 |30 | |
119 |51 |3630 |20 | |
119 |51 |3778 |15 | |
119 |51 |3784.6 |3 |23/2+ |
119 |51 |3830 |15 | |
119 |51 |3939.6 |3 |23/2- |
119 |51 |3990 |30 | |
119 |51 |4020 |15 |(23/2+,25/2+) |
119 |51 |4120 |15 |(19/2+,21/2+) |
119 |51 |4200 |30 | |
119 |51 |4210 |15 |(19/2+,21/2+) |
119 |51 |4211.5 |4 |25/2+ |
119 |51 |4274.3 |3 |25/2+ |
119 |51 |4298.1 |4 |27/2- |
119 |51 |4342.0 |4 |(25/2+) |
119 |51 |4346.5 |3 |25/2- |
119 |51 |4352.6 |4 |27/2- |
119 |51 |4444.7 |5 |29/2- |
119 |51 |4490 |30 | |
119 |51 |4542.6 |4 |(27/2+) |
119 |51 |4776.1 |3 |27/2- |
119 |51 |4785.2 |4 |(27/2+) |
119 |51 |4940.3 |5 |(29/2+) |
119 |51 |5190.5 |5 |(31/2-) |
119 |51 |5232.1 |3 |(29/2-) |
119 |51 |5243.5 |5 |(29/2+) |
119 |51 |5354.0 |5 |(31/2+) |
119 |51 |5490 |20 | |
119 |51 |5712.0 |4 |(31/2-) |
119 |51 |6113.9 |5 |(35/2-) |
119 |51 |6880 |30 | |
119 |51 |7200 |30 | |
119 |51 |8090 |25 | |
119 |51 |12368 |12 |1/2+ |
119 |51 |12386 |17 |3/2+ |
119 |51 |13170 | |7/2+ |
119 |51 |13300 | |3/2+ |
119 |51 |13433 |12 |5/2+ |
119 |51 |13708 |17 |5/2+ |
119 |51 |13710 |25 | |
119 |51 |14290 | | |
120 |51 |0.0 | |1+ |15.89 M 4
120 |51 |0.0+X | |8- |5.76 D 2
120 |51 |8.37 |6 |(2)- |
120 |51 |78.16 |5 |3+ |246 NS 2
120 |51 |149.32 |5 |3+ |
120 |51 |165.20+X |24 | |
120 |51 |166.09 |7 |3- |
120 |51 |192.62 |4 |2+ |
120 |51 |230.40+X |21 | |
120 |51 |233.09 |4 |2+ |
120 |51 |243.89 |6 |4 |
120 |51 |260.20 |7 |3- |
120 |51 |261.71 |9 |4 |
120 |51 |280 | | |
120 |51 |334.08 |7 |4 |
120 |51 |341.35 |7 |5 |
120 |51 |343.24 |8 |4 |
120 |51 |387.11 |14 | |
120 |51 |390.34 |5 |2,3 |
120 |51 |437.68 |6 |2+ |
120 |51 |447.69 |4 |1+ |
120 |51 |518.0+X |3 | |
120 |51 |551.86 |17 | |
120 |51 |616.69 |21 | |
120 |51 |628.46 |11 |2+,3+ |
120 |51 |636.59 |15 |2,3,4+ |
120 |51 |668 |5 |2+,3+ |
120 |51 |699 |5 |+ |
120 |51 |724.24 |13 |2+,3+ |
120 |51 |729.82 |21 | |
120 |51 |758.69 |21 | |
120 |51 |760.92 |13 | |
120 |51 |772 |4 |+ |
120 |51 |820.39 |21 | |
120 |51 |821.69 |21 | |
120 |51 |841.64 |14 |2+,3+ |
120 |51 |858.0+X |3 |(8-) |
120 |51 |901.69 |21 | |
120 |51 |908.29 |21 |2+,3+ |
120 |51 |934 |4 |+ |
120 |51 |974 |4 |2+,3+ |
120 |51 |1022.35 |17 |+ |
120 |51 |1032.31 |15 | |
120 |51 |1037.06+X |25 |(9-) |
120 |51 |1059 |5 |2+,3+ |
120 |51 |1104 |4 |+ |
120 |51 |1164 |4 |2+,3+ |
120 |51 |1208 |4 |+ |
120 |51 |1239 |4 |2+,3+ |
120 |51 |1242.6+X |3 | |
120 |51 |1285 |4 | |
120 |51 |1331 |4 |2+,3+ |
120 |51 |1369.9+X |4 |(10-) |
120 |51 |1383 |4 |2+,3+ |
120 |51 |1449.8+X |4 | |
120 |51 |1457 |5 |2+,3+ |
120 |51 |1499 |4 |+ |
120 |51 |1550 |5 |+ |
120 |51 |1564.9+X |4 | |
120 |51 |1586 |5 |2+,3+ |
120 |51 |1639 |6 |2+,3+ |
120 |51 |1697 |6 |2+,3+ |
120 |51 |1742.8+X |5 |(11-) |
120 |51 |2123.9+X |5 | |
120 |51 |2134.1+X |5 |(12-) |
120 |51 |2266.3+X |4 | |
120 |51 |2328.3+X |6 | |400 NS 8
120 |51 |2552.7+X |6 |(13-) |
120 |51 |2736.4+X |5 | |
120 |51 |2884.7+X |6 | |14 NS 3
120 |51 |10204 |30 | |
120 |51 |11354 |30 | |
120 |51 |11994 |30 | |
120 |51 |12314 |30 | |
120 |51 |12504 |30 | |
120 |51 |12604 |30 | |
120 |51 |12784 |30 | |
120 |51 |12914 |30 | |
120 |51 |13034 |30 | |
120 |51 |13124 |30 | |
121 |51 |0.0 | |5/2+ |STABLE
121 |51 |37.1298 |2 |7/2+ |3.46 NS 3
121 |51 |507.597 |8 |3/2+ |1.93 PS 19
121 |51 |573.142 |9 |1/2+ |10.0 PS 16
121 |51 |946.989 |14 |9/2+ |20 PS +9-5
121 |51 |1024.0 |3 |7/2+ |0.16 PS 3
121 |51 |1035.429 |14 |9/2+ |0.3E-3 PS GT
121 |51 |1139.287 |20 |9/2+,11/2+ |
121 |51 |1144.66 |4 |9/2+ |0.46 PS +15-9
121 |51 |1321.94 |17 |(11/2+) |
121 |51 |1385.2 |3 |+ |
121 |51 |1407.29 |19 |1/2+,3/2,5/2+ |
121 |51 |1426.88 |17 |(11/2)- |
121 |51 |1447.51 |24 |3/2+,5/2+,7/2+ |
121 |51 |1471.2 |3 |+ |
121 |51 |1474.4 |6 |+ |
121 |51 |1509.0 |7 |+ |
121 |51 |1519.2 |4 |+ |
121 |51 |1590.4 |4 | |
121 |51 |1612.5 |7 |+ |
121 |51 |1628.3 |3 |+ |
121 |51 |1649.78 |20 |(13/2+) |
121 |51 |1659 |10 |1/2-,3/2- |
121 |51 |1736.31 |20 |+ |
121 |51 |1758.5 |4 |+ |
121 |51 |1810.8 |5 |1/2+,3/2+ |
121 |51 |1822 |5 |1/2+,3/2+ |
121 |51 |1868 |5 |+ |
121 |51 |1883 |5 |+ |
121 |51 |1910.6 |3 | |
121 |51 |1927.1 |5 | |
121 |51 |1932 |5 |+ |
121 |51 |1951 |5 |+ |
121 |51 |1981.6 |4 |3/2+,5/2+ |
121 |51 |1995 |5 |+ |
121 |51 |1997.80 |23 |(15/2+) |
121 |51 |2016.5 |9 | |
121 |51 |2025.9 |6 | |
121 |51 |2035 |5 |+ |
121 |51 |2048 |3 | |
121 |51 |2057.08 |21 |(13/2+) |
121 |51 |2063.2 |4 |+ |
121 |51 |2075 |5 |- |
121 |51 |2093.0 |7 |- |
121 |51 |2097.9 |5 |3/2+,5/2+ |
121 |51 |2104 |5 |- |
121 |51 |2114.1 |4 |+ |
121 |51 |2121.3 |7 | |
121 |51 |2129 |5 |- |
121 |51 |2139.0 |4 |13/2+,15/2+ |
121 |51 |2140.2 |7 | |
121 |51 |2142.23 |21 |(15/2)- |1.8 NS 2
121 |51 |2149 |5 |- |
121 |51 |2150.7 |6 |(17/2) |
121 |51 |2159 |5 |- |
121 |51 |2165 |5 |- |
121 |51 |2176 |5 |- |
121 |51 |2189 |5 |1/2+,3/2+ |
121 |51 |2209 |5 |- |
121 |51 |2235.5 |3 |+ |
121 |51 |2239 |5 |- |
121 |51 |2255.2 |6 | |
121 |51 |2259.1 |3 | |
121 |51 |2265.9 |4 |+ |
121 |51 |2280.4 |5 | |
121 |51 |2289.8 |4 |+ |
121 |51 |2302 |5 |- |
121 |51 |2312 |5 |- |
121 |51 |2323.5 |4 | |
121 |51 |2329 |3 |1/2+,3/2+ |
121 |51 |2356.78 |25 |(17/2+) |
121 |51 |2362 |5 |+ |
121 |51 |2371 |2 | |
121 |51 |2377 |5 |+ |
121 |51 |2398.84 |22 |+ |
121 |51 |2407 |5 |+ |
121 |51 |2426 |5 |+ |
121 |51 |2434.6 |3 |(19/2)- |7.8 NS 3
121 |51 |2435.89 |22 |+ |
121 |51 |2442.0 |3 | |
121 |51 |2447.7 |4 | |
121 |51 |2452 |5 |+ |
121 |51 |2459.2 |6 | |
121 |51 |2477.0 |4 |- |
121 |51 |2488 |5 |- |
121 |51 |2497.7 |3 | |
121 |51 |2502 |5 |+ |
121 |51 |2523 |5 |+ |
121 |51 |2543.1 |4 |17/2 |
121 |51 |2545 |5 |- |
121 |51 |2551.6 |4 |(21/2,19/2)- |
121 |51 |2558 |10 |+ |
121 |51 |2573.8 |7 | |
121 |51 |2578.8 |6 | |
121 |51 |2585.6 |8 |+ |
121 |51 |2599 |5 |- |
121 |51 |2607 |5 |- |
121 |51 |2625 |5 |1/2+,3/2+ |
121 |51 |2636 |5 |+ |
121 |51 |2639 |10 | |
121 |51 |2649.0 |7 |+ |
121 |51 |2663.2 |4 | |
121 |51 |2668.1 |7 | |
121 |51 |2678.1 |4 | |
121 |51 |2679.9 |3 |(19/2+) |
121 |51 |2690.5 |3 |3/2+,5/2+ |
121 |51 |2698.8 |8 | |
121 |51 |2713.5 |4 | |
121 |51 |2721.4 |6 | |
121 |51 |2721.6 |4 |(21/2)+ |1.9 NS 3
121 |51 |2721.5+X | |(25/2) |179 US 6
121 |51 |2725.8 |12 | |
121 |51 |2733.0 |9 | |
121 |51 |2740.8 |6 | |
121 |51 |2745.0 |9 | |
121 |51 |2764.8 |4 |(19/2+) |
121 |51 |2775.1 |6 | |
121 |51 |2783.7 |7 | |
121 |51 |2798.7 |5 | |
121 |51 |2810.0 |7 | |
121 |51 |2828.4 |5 | |
121 |51 |2835.8 |5 | |
121 |51 |2843.6 |3 | |
121 |51 |2860.1 |5 | |
121 |51 |2865.3 |4 | |
121 |51 |2873.1 |6 | |
121 |51 |2911.0 |7 | |
121 |51 |2917.3 |6 | |
121 |51 |2931.8 |5 | |
121 |51 |2937.4 |4 |1/2+,3/2+ |
121 |51 |2948.1 |9 | |
121 |51 |2964.0 |7 | |
121 |51 |2973.6 |3 | |
121 |51 |2994.1 |3 | |
121 |51 |3024.6 |6 | |
121 |51 |3033.1 |10 | |
121 |51 |3050.4 |3 | |
121 |51 |3064.1 |6 | |
121 |51 |3072.9 |5 | |
121 |51 |3082.7 |8 | |
121 |51 |3098.7 |3 | |
121 |51 |3106.0 |8 | |
121 |51 |3115.9 |6 | |
121 |51 |3122.9 |4 | |
121 |51 |3132.0 |7 | |
121 |51 |3148.8 |7 | |
121 |51 |3151.7 |8 | |
121 |51 |3159.5 |3 | |
121 |51 |3183.4 |5 |(21/2,23/2) |
121 |51 |3186.9 |4 | |
121 |51 |3193.7 |4 | |
121 |51 |3206.6 |4 | |
121 |51 |3210.1 |5 | |
121 |51 |3232.5 |3 | |
121 |51 |3252.2 |5 | |
121 |51 |3259.9 |7 | |
121 |51 |3289.7 |6 | |
121 |51 |3302.9 |4 | |
121 |51 |3314.1 |3 | |
121 |51 |3345.8 |7 | |
121 |51 |3351.7 |7 | |
121 |51 |3363.7 |4 | |
121 |51 |3385.0 |6 | |
121 |51 |3451.068 |4 |(3/2+,5/2+) |0.18 PS 4
121 |51 |3474.3 |4 | |
121 |51 |3485.9 |5 | |
121 |51 |3495.7 |8 | |
121 |51 |3503.3 |6 | |
121 |51 |3512.8 |11 | |
121 |51 |3517.4 |7 | |
121 |51 |3521.4 |5 | |
121 |51 |3545.0 |7 | |
121 |51 |3570.3 |13 | |
121 |51 |3575.1 |7 | |
121 |51 |3580.8 |4 | |
121 |51 |3587.7 |10 | |
121 |51 |3614.6 |6 | |
121 |51 |3621.5 |11 | |
121 |51 |3642.1 |7 | |
121 |51 |3648.6 |8 | |
121 |51 |3672.7 |11 | |
121 |51 |3676.6 |7 | |
121 |51 |3706.4 |7 | |
121 |51 |3731.6 |5 | |
121 |51 |3749.0 |5 | |
121 |51 |3755.9 |6 | |
121 |51 |3759.5 |9 | |
121 |51 |3771.9 |8 | |
121 |51 |3781.4 |5 | |
121 |51 |3787.4 |7 | |
121 |51 |3792.7 |6 | |
121 |51 |3804.4 |10 | |
121 |51 |3812.7 |5 | |
121 |51 |3837.9 |7 | |
121 |51 |3844.7 |8 | |
121 |51 |3849.2 |7 | |
121 |51 |3854.3 |7 | |
121 |51 |3858.2 |7 | |
121 |51 |3863.9 |6 | |
121 |51 |3867.1 |8 | |
121 |51 |3870.2 |8 | |
121 |51 |3894.1 |9 | |
121 |51 |3899.7 |10 | |
121 |51 |3905.3 |6 | |
121 |51 |3909.5 |11 | |
121 |51 |3916.1 |8 | |
121 |51 |3923.5 |7 | |
121 |51 |3929.2 |8 | |
121 |51 |3933.4 |9 | |
121 |51 |3941.0 |7 | |
121 |51 |3972.8 |11 | |
121 |51 |13274 |15 |3/2+ |39 KEV
121 |51 |13349 |15 |1/2+ |60 KEV
121 |51 |14400 |15 |5/2+ |53 KEV
121 |51 |14703 |15 |5/2+ |38 KEV
121 |51 |15870 |20 |7/2- |28 KEV
121 |51 |15952 |20 |7/2- |70 KEV
121 |51 |16210 |20 |(7/2-) |50 KEV
121 |51 |16302 |20 |(7/2-) |42 KEV
121 |51 |16399 |20 |(7/2-) |58 KEV
121 |51 |16595 |20 |(7/2-) |78 KEV
121 |51 |16667 |20 |3/2- |107 KEV
121 |51 |16795 |20 |3/2- |52 KEV
121 |51 |16940 |20 |(3/2-) |110 KEV
122 |51 |0.0 | |2- |2.7238 D 2
122 |51 |0+X | |3+,4+ |
122 |51 |61.4131 |5 |3+ |1.86 US 8
122 |51 |78.0914 |6 |(3)- |0.14 NS LT
122 |51 |121.4967 |9 |(1)+ |6.3 NS 3
122 |51 |137.4726 |8 |(5)+ |0.53 MS 3
122 |51 |163.5591 |17 |(8)- |4.191 M 3
122 |51 |167.2293 |6 |(2)+ |0.28 NS LT
122 |51 |178.6 |4 | |
122 |51 |192.9594 |10 |(4)- |0.11 NS LT
122 |51 |209.6508 |6 |(4)+ |0.14 NS LT
122 |51 |255.4986 |8 |(3)+ |0.9 NS 2
122 |51 |264.4260 |13 |(5)- |
122 |51 |265.1111 |16 |(7)- |
122 |51 |271.7630 |15 | |
122 |51 |282.6499 |8 |(3)- |0.14 NS LT
122 |51 |311.2612 |14 |(4)- |0.14 NS LT
122 |51 |323.0922 |12 |(2)+ |0.14 NS LT
122 |51 |333.6801 |8 |(3)+ |
122 |51 |393.6993 |11 |(3,4,5)+ |0.14 NS LT
122 |51 |396.9373 |10 |(2,3)+ |0.11 NS LT
122 |51 |410.1 |20 | |
122 |51 |413.7657 |16 |(6)- |
122 |51 |416 |2 |3+,4+ |
122 |51 |425.1484 |14 |(3,4,5)- |0.14 NS LT
122 |51 |453.7478 |20 |(1,2,3)+ |0.21 NS LT
122 |51 |474 |2 |3+,4+ |
122 |51 |480.436 |11 | |
122 |51 |481.339 |5 |+ |
122 |51 |483.6519 |8 |(2,3,4)+ |0.14 NS LT
122 |51 |586.054 |3 |+ |
122 |51 |605 |2 |- |
122 |51 |620 | | |
122 |51 |631.82 |4 |(1-,2-,3-) |
122 |51 |642.5649 |22 |(3,4) |
122 |51 |658.443 |5 | |
122 |51 |667.554 |10 | |
122 |51 |693.995 |4 |(4-,5,6-) |
122 |51 |702.727 |16 |+ |
122 |51 |748 |2 |+ |
122 |51 |790.7 |20 | |
122 |51 |796.67 |5 |(2-,3-) |
122 |51 |810.9 |20 | |
122 |51 |824.954 |17 |(2-,3-) |
122 |51 |855.3 |8 | |
122 |51 |868.58 |6 |+ |
122 |51 |883 |3 | |
122 |51 |920.57 |11 |(2-,3-) |
122 |51 |935.5 |7 | |
122 |51 |948.2 |12 |3+,4+ |
122 |51 |968.7 |16 |+ |
122 |51 |997.9 |10 |+ |
122 |51 |1003.7 |20 | |
122 |51 |1005.5 |5 | |
122 |51 |1018.5 |5 | |
122 |51 |1030.5 |5 |+ |
122 |51 |1043.4 |8 |+ |
122 |51 |1068.5 |10 | |
122 |51 |1115.4 |8 | |
122 |51 |1118.3 |20 |(2-,3-) |
122 |51 |1121.0 |5 | |
122 |51 |1128.9 |5 | |
122 |51 |1159.3 |4 |3+,4+ |
122 |51 |1177.7 |6 |+ |
122 |51 |1186.8 |5 | |
122 |51 |1189.7 |20 | |
122 |51 |1199 |5 | |
122 |51 |1205.6 |5 | |
122 |51 |1229.6 |5 | |
122 |51 |1242.6 |5 |+ |
122 |51 |1247.8 |6 |(1-,2-,3-) |
122 |51 |1258.5 |20 | |
122 |51 |1273.9 |20 | |
122 |51 |1301.0 |20 |(2-,3-,4-) |
122 |51 |1335 |5 |+ |
122 |51 |1382 |2 |+ |
122 |51 |1416 |7 |+ |
122 |51 |1432 |4 |+ |
122 |51 |1467 |30 | |
122 |51 |1497.2 |20 | |
122 |51 |1500.4 |20 | |
122 |51 |1527.1 |20 | |
122 |51 |1536 |5 |+ |
122 |51 |1547.5 |20 | |
122 |51 |1561.3 |20 | |
122 |51 |1571.0 |20 | |
122 |51 |1588.8 |20 | |
122 |51 |1603.5 |20 | |
122 |51 |1651.6 |20 | |
122 |51 |1677 |7 | |
122 |51 |1760 |7 | |
122 |51 |1779.6 |20 | |
122 |51 |1786.8 |20 | |
122 |51 |1808.3 |20 | |
122 |51 |1816.3 |20 | |
122 |51 |1835.4 |20 |- |
122 |51 |1879.0 |20 | |
122 |51 |1890 |50 |11+ |
122 |51 |1945.0 |20 |- |
122 |51 |1961.1 |20 | |
122 |51 |2018.0 |20 | |
122 |51 |2029.5 |20 | |
122 |51 |2078.9 |20 | |
122 |51 |2121.3 |20 |- |
122 |51 |2150.7 |20 | |
122 |51 |2157.1 |20 | |
122 |51 |2185.4 |20 | |
122 |51 |2205.0 |20 | |
122 |51 |2246.0 |20 | |
122 |51 |2307 |30 | |
122 |51 |2347.3 |20 | |
122 |51 |2436.6 |20 | |
122 |51 |2464.1 |20 | |
122 |51 |2475.3 |20 | |
122 |51 |2647 |30 | |
122 |51 |2807 |30 | |
122 |51 |3137 |30 | |
122 |51 |3800 | | |
122 |51 |6100 | | |
122 |51 |6806.38 |15 |2+,3+ |
123 |51 |0.0 | |7/2+ |STABLE
123 |51 |160.33 |5 |5/2+ |0.61 NS 3
123 |51 |541.8 |3 |3/2+ |10.6 PS 12
123 |51 |712.8 |3 |1/2+ |
123 |51 |1030.24 |10 |9/2+ |0.190 PS 13
123 |51 |1088.64 |10 |(9/2)+ |0.52 PS 3
123 |51 |1181.28 |15 |(7/2,9/2)+ |
123 |51 |1260.9 |3 |(5/2,7/2,9/2) |
123 |51 |1337.42 |15 |7/2+,9/2+ |
123 |51 |1424.8 |4 | |
123 |51 |1510.5 |5 |3/2+,5/2+ |
123 |51 |1513.53 |24 | |
123 |51 |1575.5 |6 | |
123 |51 |1643 |3 |5/2+ |
123 |51 |1644 |10 |11/2- |
123 |51 |1729 |10 |1/2-,3/2- |
123 |51 |1745 |21 |3/2+,5/2+ |
123 |51 |1764.3 |3 |(7/2)+ |
123 |51 |1773.4 |11 | |
123 |51 |1777.7 |4 | |
123 |51 |1810 |30 | |
123 |51 |1884 |10 |1/2-,3/2- |
123 |51 |1896.4 |3 | |
123 |51 |2011.6 |4 | |
123 |51 |2026 |3 | |
123 |51 |2033 |3 | |
123 |51 |2036.4 |4 | |
123 |51 |2047.6 |3 | |
123 |51 |2059.0 |6 | |
123 |51 |2114 |3 |3/2+,5/2+ |
123 |51 |2137.9 |8 | |
123 |51 |2170.0 |6 | |
123 |51 |2230.3 |4 | |
123 |51 |2235.0 |5 |1/2-,3/2- |
123 |51 |2238.6 |6 | |
123 |51 |2252.0 |6 | |
123 |51 |2270.0 |7 | |
123 |51 |2273.7 |5 | |
123 |51 |2278.7 |5 | |
123 |51 |2283.3 |7 | |
123 |51 |2292.1 |8 | |
123 |51 |2296.6 |4 | |
123 |51 |2300.8 |5 | |
123 |51 |2306.4 |3 | |
123 |51 |2322.3 |3 | |
123 |51 |2329.5 |3 | |
123 |51 |2371.3 |3 | |
123 |51 |2423.0 |4 | |
123 |51 |2429.3 |3 | |
123 |51 |2447.3 |6 | |
123 |51 |2455.4 |6 | |
123 |51 |2459.1 |4 | |
123 |51 |2472 |3 | |
123 |51 |2507.3 |6 |1/2+ |
123 |51 |2521.8 |3 |1/2+ |
123 |51 |2597.7 |4 | |
123 |51 |2605.9 |8 | |
123 |51 |2620.1 |4 | |
123 |51 |2647.4 |3 |7/2+,9/2+ |
123 |51 |2701.6 |5 | |
123 |51 |2756.7 |4 |(3/2+,5/2+) |
123 |51 |2799 |10 | |
123 |51 |2843.1 |10 | |
123 |51 |2860.6 |9 | |
123 |51 |2883.1 |5 | |
123 |51 |2904.9 |5 |7/2+,9/2+ |
123 |51 |2919.0 |6 | |
123 |51 |2934.6 |7 | |
123 |51 |2989.0 |6 | |
123 |51 |3000.8 |5 | |
123 |51 |3017.3 |3 | |
123 |51 |3056.8 |3 | |
123 |51 |3062.6 |4 | |
123 |51 |3098.1 |7 | |
123 |51 |3147.9 |5 | |
123 |51 |3152.4 |6 | |
123 |51 |3158.5 |10 | |
123 |51 |3184.5 |4 |7/2+,9/2+ |
123 |51 |3190.6 |3 | |
123 |51 |3198.2 |5 | |
123 |51 |3209.8 |8 | |
123 |51 |3228.4 |9 | |
123 |51 |3277.6 |10 | |
123 |51 |3281.1 |6 | |
123 |51 |3294.2 |3 | |
123 |51 |3327 |10 |1/2-,3/2- |
123 |51 |3331.9 |5 | |
123 |51 |3351.7 |6 | |
123 |51 |3385.7 |7 | |
123 |51 |3399.7 |9 | |
123 |51 |3412.3 |10 | |
123 |51 |3418.3 |10 | |
123 |51 |3427.6 |9 | |
123 |51 |3476.2 |6 | |
123 |51 |6417.4 |15 |9/2 |
123 |51 |6759.3 |14 |7/2 |
123 |51 |6873.6 |15 |7/2 |
123 |51 |7162.6 |15 |7/2 |
123 |51 |7309.7 |14 |9/2 |
123 |51 |14256 |23 |3/2+ |48 KEV
123 |51 |14390 | |1/2+ |48 KEV
123 |51 |15429 | |5/2+ |74 KEV
123 |51 |15729 | |5/2+ |93 KEV
123 |51 |16927 | |7/2- |94 KEV
123 |51 |17371 | |(7/2-) |140 KEV
123 |51 |17558 | |(3/2-) |202 KEV
123 |51 |18251 | |(1/2)- |130 KEV
124 |51 |0.0 | |3- |60.20 D 3
124 |51 |10.8627 |8 |5+ |93 S 5
124 |51 |36.8440 |14 |(8)- |20.2 M 2
124 |51 |40.8038 |7 |3+,4+ |3.2 US 3
124 |51 |80.7638 |8 |3+,4+ |4 NS 1
124 |51 |87.6016 |4 |(4)- |
124 |51 |103.6514 |6 |2-,3-,4- |
124 |51 |125.2291 |13 |(6)- |86 NS 2
124 |51 |131.6928 |8 |3-,4-,5- |
124 |51 |150 |30 |(1+) |
124 |51 |180.0509 |16 |(7,8)- |
124 |51 |195.9822 |11 |4+,5+ |
124 |51 |214.6032 |9 |3+,4+,5+ |
124 |51 |221.5 |20 | |
124 |51 |231.5 |20 | |
124 |51 |248.3692 |12 |+ |0.38 NS 7
124 |51 |287.1286 |17 |3+,4+ |
124 |51 |368.333 |8 | |
124 |51 |371.823 |3 |6-,7-,8- |
124 |51 |384.5336 |25 |4-,5- |
124 |51 |386.2882 |12 |2+,3+,4+ |
124 |51 |402.8775 |16 |3+,4+ |
124 |51 |419.0624 |18 |2-,3-,4- |
124 |51 |439.1717 |24 |4-,5- |
124 |51 |445.672 |3 |6- |
124 |51 |471.2599 |19 |+ |
124 |51 |483.9988 |21 |3+,4+,5+ |
124 |51 |522.6911 |17 |+ |
124 |51 |565.1 |24 | |
124 |51 |581.916 |4 | |
124 |51 |593 |2 | |
124 |51 |598.658 |4 |3-,4- |
124 |51 |612.693 |7 | |
124 |51 |642.057 |4 |5-,6,7- |
124 |51 |642.652 |4 |4-,5,6- |
124 |51 |653 |2 | |
124 |51 |744.950 |6 | |
124 |51 |757.196 |9 | |
124 |51 |770 |30 |(1+) |
124 |51 |804.266 |13 | |
124 |51 |827.064 |14 |5-,6,7(-) |
124 |51 |855.969 |5 |4-,5 |
124 |51 |863.003 |7 |3,4 |
124 |51 |869.415 |7 |3-,4,5- |
124 |51 |881.1 |11 | |
124 |51 |896.7 |9 | |
124 |51 |905.1 |8 | |
124 |51 |917.5 |14 | |
124 |51 |939 |2 | |
124 |51 |968.0 |4 | |
124 |51 |1020.948 |10 |3-,4,5- |
124 |51 |1031.2 |6 | |
124 |51 |1053.067 |16 | |
124 |51 |1059.645 |16 | |
124 |51 |1067.1 |5 | |
124 |51 |1075.1 |20 | |
124 |51 |1097.3 |5 | |
124 |51 |1129.2 |3 | |
124 |51 |1143.3 |5 | |
124 |51 |1159.6 |6 | |
124 |51 |1180.7 |6 | |
124 |51 |1237.3 |5 | |
124 |51 |1242.5 |3 | |
124 |51 |1261 |8 | |
124 |51 |1267.8 |12 | |
124 |51 |1285.6 |4 | |
124 |51 |1301.8 |20 | |
124 |51 |1330 |30 |(1+) |
124 |51 |1379 |40 | |
124 |51 |1446 |40 |(+) |
124 |51 |1500 |30 |(1+) |
124 |51 |1566 |2 | |
124 |51 |1586 |2 | |
124 |51 |1596 |2 | |
124 |51 |1605.2 |20 | |
124 |51 |1616.8 |20 | |
124 |51 |1689 |2 | |
124 |51 |1716.6 |20 | |
124 |51 |1746.0 |20 | |
124 |51 |1832.8 |20 | |
124 |51 |1870 |30 |(1+) |
124 |51 |1882.2 |20 | |
124 |51 |1952.7 |20 |(+) |
124 |51 |2038.6 |20 | |
124 |51 |2050 |30 |(1+) |
124 |51 |2165.1 |20 | |
124 |51 |2179.2 |20 | |
124 |51 |2220.6 |20 | |
124 |51 |2305 |40 | |
124 |51 |2375 |40 | |
124 |51 |2410 |30 |(1+) |
124 |51 |2465 |40 | |
124 |51 |2555 |40 |(+) |
124 |51 |2615 |40 |(-) |
124 |51 |2685 |40 |(-) |
124 |51 |2735 |40 |(-) |
124 |51 |2795 |40 |(-) |
124 |51 |2850 |30 |(1+) |
124 |51 |2875 |40 |(-) |
124 |51 |2935 |40 |(-) |
124 |51 |3090 |30 |(1+) |
124 |51 |3280 |30 |(1+) |
124 |51 |3600 |30 |(1+) |
124 |51 |3970 |30 |(1+) |
124 |51 |4150 |30 |(1+) |
125 |51 |0.0 | |7/2+ |2.75856 Y 25
125 |51 |332.06 |3 |5/2+ |156 PS 8
125 |51 |642.97 |2 |3/2+,5/2+ |
125 |51 |921.67 |3 |1/2+ |
125 |51 |1067.30 |3 |9/2+ |
125 |51 |1089.50 |3 |11/2+ |
125 |51 |1349.60 |3 |7/2+ |
125 |51 |1419.85 |4 |9/2+ |
125 |51 |1483.78 |2 |3/2+,5/2+ |
125 |51 |1560 |5 | |
125 |51 |1591.57 |5 |7/2+,9/2+ |
125 |51 |1660 |20 | |
125 |51 |1700.69 |5 |1/2+,3/2,5/2+ |
125 |51 |1736.13 |3 |(3/2)+ |
125 |51 |1800 |20 |1/2+ |
125 |51 |1806.700 |16 |(9/2)+ |
125 |51 |1889.848 |15 |9/2-,11/2- |
125 |51 |1894 |10 | |
125 |51 |1913.77 |8 |3/2+,5/2 |
125 |51 |1947.45 |4 |(3/2)+ |
125 |51 |1971.25 |20 |15/2- |4.1 US 2
125 |51 |1971.25+X |20 |(19/2-) |25 US 4
125 |51 |1982.84 |4 |11/2- |
125 |51 |1993.64 |25 |(15/2)+ |
125 |51 |2002.140 |12 |9/2,11/2+ |
125 |51 |2112.1 |3 |(19/2-) |28.0 US 7
125 |51 |2113.0 |10 |1/2-,3/2- |
125 |51 |2193.4 |3 |15/2+ |
125 |51 |2201.023 |12 |9/2,11/2+ |
125 |51 |2217.2 |3 |(17/2)- |
125 |51 |2227.0 |4 | |
125 |51 |2240.72 |4 |9/2+ |
125 |51 |2253.39 |5 |9/2,11/2,13/2 |
125 |51 |2275.769 |10 |9/2,11/2+ |
125 |51 |2288.21 |8 |(11/2+) |
125 |51 |2299 |10 |1/2-,3/2- |
125 |51 |2325.0 |3 |(19/2)+ |31 NS 2
125 |51 |2471.0 |4 |(23/2)+ |272 NS 16
125 |51 |2480 |20 | |
125 |51 |2483.8 |4 | |
125 |51 |2488.5 |5 | |
125 |51 |2515 |10 |1/2-,3/2- |
125 |51 |2570 |20 |1/2+ |
125 |51 |2636.5 |5 | |
125 |51 |2670 |20 |1/2+ |
125 |51 |2678 |10 |5/2-,7/2,9/2+ |
125 |51 |2710 |20 |1/2+ |
125 |51 |2780 |20 | |
125 |51 |2815.4 |6 | |
125 |51 |2820 |20 | |
125 |51 |2890 |20 |3/2+,5/2+ |
125 |51 |2917.3 |5 | |
125 |51 |3122 |10 |7/2+,9/2+ |
125 |51 |3190 |10 |5/2-,7/2- |
125 |51 |3399.2 |6 | |
125 |51 |3462 |10 |1/2-,3/2- |
125 |51 |3941.8 |6 | |
125 |51 |4479.9 |6 | |
125 |51 |4933.1 |7 | |
125 |51 |5365.1 |9 | |
125 |51 |15172 |20 |3/2+ |
125 |51 |15379 |20 |1/2+ |
125 |51 |16417 |20 |(5/2)+ |
125 |51 |16701 |20 |(5/2)+ |
125 |51 |17869 |20 |7/2- |
125 |51 |18468 |20 |(3/2-) |
125 |51 |18537 |20 |(3/2-) |
125 |51 |18959 |20 |(1/2)- |
125 |51 |19118 |20 |(1/2)- |
126 |51 |0.0 | |(8-) |12.35 D 6
126 |51 |17.7 |3 |(5+) |19.15 M 8
126 |51 |40.4 |3 |(3-) |11 S AP
126 |51 |83.0 |3 |(2-,3-,4-) |5.1 NS 3
126 |51 |104.6 |3 |(3+) |553 NS 5
126 |51 |127.9 |3 |(2+) |78.0 NS 5
127 |51 |0.0 | |7/2+ |3.85 D 5
127 |51 |490.94 |19 |(5/2)+ |
127 |51 |765.41 |22 |(3/2)+ |
127 |51 |1095.47 |17 |(11/2+) |
127 |51 |1110 |10 |1/2+ |
127 |51 |1114.33 |18 |(9/2+) |
127 |51 |1185.8 |3 |1/2+ |
127 |51 |1351.6 |3 |(5/2+) |
127 |51 |1471.28 |23 |(7/2+) |
127 |51 |1584.28 |21 |(9/2+) |
127 |51 |1610 |10 | |
127 |51 |1700.7 |3 |(1/2+,3/2,5/2) |
127 |51 |1712.2 |3 |(7/2) |
127 |51 |1840.37 |19 |(3/2+,5/2) |
127 |51 |1920.19 |21 |(15/2-) |11 US 1
127 |51 |1937.48 |17 |(7/2,9/2,11/2+) |
127 |51 |1947.44 |25 |(15/2+) |
127 |51 |1955.06 |22 | |
127 |51 |1990.5 |3 | |
127 |51 |1994.5 |4 | |
127 |51 |2003.48 |21 |(9/2,11/2+) |
127 |51 |2051.1 |4 |(13/2,15/2+) |
127 |51 |2055.1 |3 |(3/2+,5/2+) |
127 |51 |2093.41 |19 |(9/2,11/2+) |
127 |51 |2102.3 |3 |(7/2+,9/2+) |
127 |51 |2110.2 |3 | |
127 |51 |2124.30 |22 |(11/2-,13/2,15/2+) |
127 |51 |2140.37 |22 |(11/2-,13/2,15/2+) |
127 |51 |2150.4 |4 |(1/2+,3/2,5/2) |
127 |51 |2150.55 |22 |(9/2,11/2+) |
127 |51 |2160.0 |5 |(7/2+,9/2,11/2+) |
127 |51 |2194.3 |3 | |
127 |51 |2202.1 |3 | |
127 |51 |2221.54 |22 |(11/2-,13/2,15/2+) |
127 |51 |2256.3 |5 |7/2+,9/2+ |
127 |51 |2274.68 |24 |(9/2,11/2,13/2+) |
127 |51 |2304.0 |4 |(7/2+,9/2+) |
127 |51 |2304.1 |4 |(1/2+,3/2,5/2) |
127 |51 |2317.5 |3 |(7/2+,9/2,11/2+) |
127 |51 |2324.7 |4 | |0.165 US 20
127 |51 |2345.66 |21 |(11/2-,13/2,15/2+) |
127 |51 |2351.80 |24 | |
127 |51 |2358.5 |3 |(11/2-,13/2) |
127 |51 |2372.57 |24 |(11/2-,13/2,15/2+) |
127 |51 |2378.0 |5 | |
127 |51 |2378.5 |6 | |
127 |51 |2379.1 |5 | |
127 |51 |2406.3 |3 |(9/2,11/2,13/2+) |
127 |51 |2423 |10 | |
127 |51 |2447.3 |3 |(9/2,11/2+) |
127 |51 |2455.85 |21 |(9/2,11/2,13/2) |
127 |51 |2470.0 |5 |(7/2+,9/2,11/2+) |
127 |51 |2482.7 |5 |(9/2,11/2,13/2+) |
127 |51 |2485.5 |5 | |
127 |51 |2500.70 |22 |(9/2,11/2,13/2+) |
127 |51 |2513.9 |5 |(7/2+,9/2,11/2+) |
127 |51 |2529.67 |21 |(11/2-,13/2) |
127 |51 |2549 |10 |1/2-,3/2- |
127 |51 |2553.7 |3 |(9/2,11/2,13/2) |
127 |51 |2586.79 |21 |(9/2-,11/2-) |
127 |51 |2630.6 |6 |(9/2,11/2+) |
127 |51 |2638.5 |3 |(9/2,11/2,13/2) |
127 |51 |2663.7 |3 |(9/2,11/2,13/2) |
127 |51 |2678.1 |7 | |
127 |51 |2695.7 |4 |(9/2,11/2+) |
127 |51 |2747 |10 |3/2-,1/2- |
127 |51 |2762.18 |24 |(9/2-,11/2-) |
127 |51 |2785.3 |4 |(11/2-,13/2) |
127 |51 |2790 | |(1/2-,3/2-) |
127 |51 |2805.21 |24 |(9/2,11/2+) |
127 |51 |2834.3 |5 |(9/2,11/2,13/2+) |
127 |51 |2846.6 |4 |(9/2-) |
127 |51 |2863.7 |5 | |
127 |51 |2866 |10 |5/2-,7/2- |
127 |51 |2867.2 |3 |(9/2-,11/2-) |
127 |51 |2881.1 |5 |(9/2+) |
127 |51 |3164 |10 |7/2+,9/2+ |
127 |51 |3194.3 |8 | |
127 |51 |3255.6 |5 | |
127 |51 |3670.6 |10 | |
127 |51 |3868.2 |6 | |
127 |51 |4007.0 |11 | |
127 |51 |4254.8 |7 | |
127 |51 |4736.1 |8 | |
127 |51 |5101.5 |9 | |
127 |51 |5354.3 |10 | |
128 |51 |0.0 | |8- |9.01 H 4
128 |51 |0.0+X | |5+ |10.4 M 2
128 |51 |45.70+X |20 |4+ |
128 |51 |77.8+X |3 |3+ |
128 |51 |152.7+X |3 |2+,3+ |
128 |51 |482.4+X |3 |2+,3+ |
128 |51 |635.2+X |3 |1+ |
128 |51 |751.6+X | | |
128 |51 |833.0+X | |1+ |
129 |51 |0.0 | |7/2+ |4.366 H 26
129 |51 |645.14 |5 |(5/2)+ |
129 |51 |913.58 |5 |(3/2)+ |
129 |51 |1128.63 |4 |(11/2+) |
129 |51 |1161.39 |4 |(9/2+) |
129 |51 |1252.25 |5 |(3/2+,5/2,7/2-) |
129 |51 |1493.33 |7 |(1/2+) |
129 |51 |1503.61 |7 |(5/2+) |
129 |51 |1762.17 |9 |(1/2,3/2,5/2) |
129 |51 |1842.13 |7 |(1/2,3/2,5/2) |
129 |51 |1848.97 |9 |(5/2+) |
129 |51 |1851.31 |6 |(19/2-) |17.7 M 1
129 |51 |1861.06 |5 |(15/2-) |2.2 US 2
129 |51 |1911.21 |5 |(13/2-) |
129 |51 |1913.81 |22 |(1/2,3/2,5/2) |
129 |51 |1922.32 |6 |(11/2-) |
129 |51 |1928.63 |5 |(17/2-) |
129 |51 |1940.37 |8 |(15/2-,17/2-) |
129 |51 |1972.75 |5 |(13/2-) |
129 |51 |1991.95 |5 |(13/2-) |
129 |51 |2031.06 |5 |(11/2-,13/2-) |
129 |51 |2040.81 |21 |(19/2+) |
129 |51 |2115.09 |11 |(1/2,3/2,5/2) |
129 |51 |2139.4 |3 |(23/2+) |1.1 US 1
129 |51 |2148.12 |5 |(15/2-) |
129 |51 |2148.46 |7 |(9/2,11/2,13/2) |
129 |51 |2155.05 |11 |(1/2,3/2,5/2) |
129 |51 |2181.09 |9 |(1/2,3/2,5/2) |
129 |51 |2221.32 |12 |(9/2,11/2,13/2) |
129 |51 |2232.16 |11 |(9/2-,11/2,13/2) |
129 |51 |2247.35 |7 |(13/2-,15/2+) |
129 |51 |2259.75 |11 |(1/2,3/2,5/2) |
129 |51 |2271.56 |7 |(15/2-) |
129 |51 |2294.69 |8 |(9/2-:15/2+) |
129 |51 |2297.23 |10 |(13/2-,15/2+) |
129 |51 |2303.35 |7 |(9/2-,11/2,13/2+) |
129 |51 |2317.08 |7 |(9/2,11/2,13/2+) |
129 |51 |2329.85 |21 |(13/2-) |
129 |51 |2369.21 |10 |(9/2,11/2,13/2+) |
129 |51 |2377.5 |6 |(9/2,11/2,13/2) |
129 |51 |2383.63 |22 |(1/2,3/2,5/2) |
129 |51 |2392.89 |10 |(1/2,3/2,5/2) |
129 |51 |2430.24 |6 |(11/2-,13/2+) |
129 |51 |2434.44 |8 |(13/2-,15/2+) |
129 |51 |2564.80 |10 |(11/2-,13/2) |
129 |51 |2568.28 |8 |(11/2-,13/2+) |
129 |51 |2611.26 |8 |(11/2-,13/2+) |
129 |51 |2665.03 |8 |(9/2,11/2,13/2+) |
129 |51 |2678.29 |9 |(9/2,11/2,13/2) |
129 |51 |2698.46 |21 |(11/2-,13/2) |
129 |51 |2710 |10 |7/2+,9/2+ |
129 |51 |2722.8 |3 |(11/2-,13/2) |
129 |51 |2726.45 |7 |(9/2,11/2,13/2) |
129 |51 |2747.9 |3 |(1/2,3/2,5/2) |
129 |51 |2766.90 |10 |(9/2,11/2,13/2) |
129 |51 |2785.4 |4 |(1/2,3/2,5/2) |
129 |51 |2796.80 |21 |(9/2,11/2,13/2+) |
129 |51 |2822.71 |19 |(9/2-,11/2,13/2) |
129 |51 |2831.30 |11 |(1/2,3/2,5/2) |
129 |51 |2864.40 |19 |(11/2-,13/2) |
129 |51 |2882.08 |15 |(9/2,11/2,13/2+) |
129 |51 |2884.43 |15 |(9/2,11/2,13/2) |
129 |51 |2948.25 |21 |(9/2,11/2,13/2) |
129 |51 |2960.5 |4 |(9/2,11/2,13/2) |
129 |51 |3013.8 |4 |(9/2,11/2,13/2) |
129 |51 |3031.95 |21 |(9/2-,11/2,13/2) |
129 |51 |3070.02 |8 |(9/2,11/2,13/2) |
129 |51 |3071 |10 |1/2-,3/2- |
129 |51 |3094.1 |5 |(1/2,3/2,5/2) |
129 |51 |3097.03 |20 |(9/2-,11/2,13/2) |
129 |51 |3110 |10 | |
129 |51 |3130.8 |8 |(9/2,11/2,13/2) |
129 |51 |3148.13 |8 |(9/2,11/2,13/2) |
129 |51 |3164.05 |11 |(9/2,11/2,13/2) |
129 |51 |3208.68 |12 |(9/2,11/2,13/2) |
129 |51 |3274.16 |12 |(9/2-,11/2,13/2) |
129 |51 |3280.71 |8 |(13/2-) |
129 |51 |3291 |10 | |
129 |51 |3410 |10 |1/2-,3/2- |
129 |51 |3484 |10 |5/2-,7/2- |
130 |51 |0.0 | |(8-) |39.5 M 8
130 |51 |4.8 |2 |(4,5)+ |6.3 M 2
130 |51 |68.04 |12 |(+) |
130 |51 |74.82 |4 |(3,4,5)+ |3.6 NS 3
130 |51 |84.67 |4 |(6-,7-,8-) |
130 |51 |111.73 |11 |(-) |
130 |51 |144.911 |5 |(7-,8-) |
130 |51 |267.24 |4 |(2,3)+ |
130 |51 |346.40 |4 |(2+,3+) |
130 |51 |689.03 |5 | |
130 |51 |702.32 |6 |1+ |
130 |51 |731.16 |4 |(2+,3+) |
130 |51 |733.39 |5 |(6,7,8) |
130 |51 |749.40 |5 |(2)+ |
130 |51 |814.6 |5 | |
130 |51 |818.53 |4 |(1)+ |
130 |51 |870.96 |9 | |
130 |51 |882.96 |7 | |
130 |51 |937.71 |7 |(6,7,8) |
130 |51 |1031.3 |3 | |
130 |51 |1044.64 |5 |(6,7,8) |
130 |51 |1047.40 |6 | |
130 |51 |1047.67 |20 |1+ |
130 |51 |1096.8 |8 | |
130 |51 |1159.85 |7 | |
130 |51 |1192.3 |3 | |
130 |51 |1261.8 |3 | |
130 |51 |1306.14 |9 | |
130 |51 |1352.9 |5 | |
130 |51 |1358.7 |4 | |
130 |51 |1394.33 |14 |(1+) |
130 |51 |1460.3 |4 | |
130 |51 |1482.4 |4 | |
130 |51 |1555.9 |3 | |
130 |51 |1636.92 |10 | |
130 |51 |1716.6 |5 | |
130 |51 |1726.72 |20 | |
130 |51 |1810.5 |4 | |
130 |51 |1813.0 |4 | |
130 |51 |1893.24 |21 | |
130 |51 |1912.61 |13 | |
130 |51 |2023.0 |5 | |
130 |51 |2026.65 |11 | |
130 |51 |2085.1 |5 | |
130 |51 |2096.5 |8 | |
130 |51 |2178.7 |5 | |
130 |51 |2200.5 |4 | |
130 |51 |2271.8 |4 | |
130 |51 |2394.78 |9 | |
130 |51 |2416.8 |5 | |
130 |51 |2457.4 |5 | |
130 |51 |2484.04 |18 | |
130 |51 |2526.30 |18 | |
130 |51 |2535.2 |5 | |
130 |51 |2546.27 |12 | |
130 |51 |2580.3 |7 | |
130 |51 |2614.9 |5 | |
130 |51 |2636.6 |10 | |
130 |51 |2761.9 |5 | |
130 |51 |2820.2 |8 | |
130 |51 |2983.1 |5 | |
131 |51 |0.0 | |(7/2+) |23.03 M 4
131 |51 |798.494 |19 |(5/2+) |
131 |51 |1141.67 |14 |(3/2+) |
131 |51 |1202.61 |14 |(5/2+) |
131 |51 |1226.04 |3 |(11/2+) |
131 |51 |1229.28 |5 |(9/2+) |
131 |51 |1481.15 |3 |(7/2+) |
131 |51 |1676.06 |6 |(15/2-) |91 US 4
131 |51 |1687.2 |9 |(19/2-) |4.3 US 8
131 |51 |1725.9 |9 |(17/2-) |
131 |51 |1730.6 |3 |(13/2-) |
131 |51 |1758.2 |11 | |
131 |51 |1786.9 | | |
131 |51 |1812.93 |13 |(11/2-) |
131 |51 |1861.9 |10 | |
131 |51 |1867.0 |11 | |
131 |51 |1871.90 |12 |(5/2,7/2,9/2) |
131 |51 |1889.5 |7 | |
131 |51 |1916.49 |9 |(15/2-) |
131 |51 |1918.7 |7 | |
131 |51 |1931.08 |8 |(7/2,9/2,11/2) |
131 |51 |1980.39 |7 |(13/2-) |
131 |51 |1997.5 |10 | |
131 |51 |2004.07 |25 | |
131 |51 |2018.7 |10 | |
131 |51 |2021.4 |8 | |
131 |51 |2036.64 |13 | |
131 |51 |2043.45 |8 | |
131 |51 |2069.2 |10 |(19/2+) |
131 |51 |2086.2 |4 |(11/2,13/2) |
131 |51 |2165.6 |15 |(23/2+) |1.1 US 2
131 |51 |2274.62 |20 | |
131 |51 |2392.11 |18 |(1/2+) |
131 |51 |2453.70 |20 | |
131 |51 |2561.14 |24 | |
131 |51 |2663.57 |14 | |
131 |51 |2861.2 |5 | |
131 |51 |2865.47 |10 |(11/2,13/2,15/2) |
131 |51 |2916.3 |4 | |
131 |51 |2938.1 |6 | |
131 |51 |2953.56 |17 | |
131 |51 |2978.01 |12 |(3/2,5/2,7/2) |
131 |51 |2984.35 |18 | |
131 |51 |3060.9 |5 | |
131 |51 |3074.51 |23 | |
131 |51 |3121.33 |19 | |
131 |51 |3258.58 |18 | |
131 |51 |3268.61 |14 |(5/2,7/2,9/2) |
131 |51 |3308.45 |14 | |
131 |51 |3367.5 |3 | |
131 |51 |3411.91 |20 |(9/2) |
131 |51 |3539.1 |10 | |
131 |51 |3568.7 |10 | |
132 |51 |0.0 | |(4)+ |2.79 M 7
132 |51 |0+X | |(8-) |4.10 M 5
132 |51 |85.55 |6 |(3)+ |15.62 NS 13
132 |51 |162.8 |2 |(5+) |
132 |51 |254.5 |3 |(6-) |102 NS 4
132 |51 |389.2 |4 |(4-) |
132 |51 |426.07 |6 |(2)+ |15.8 PS 17
132 |51 |483.1 |4 |(3-) |
132 |51 |529.10 |5 |(3+) |13 PS LE
132 |51 |1025.0+X |8 |(9-) |
132 |51 |1078.31 |6 |(2)+ |2.6 PS 14
132 |51 |1325.15 |6 |1+ |37 PS LE
132 |51 |2268.26 |19 |1+ |60 PS LE
132 |51 |2799.0+X |8 |(10+) |
132 |51 |3199.7+X |11 |(11+) |
132 |51 |3489.1+X |11 |(10-) |
132 |51 |4126.3+X |11 |(11+) |
132 |51 |4266.2+X |12 |(12+) |
132 |51 |4446.2+X |12 |(12-) |
132 |51 |4544.7+X |13 |(13+) |
132 |51 |4601.2+X |16 |(13-) |
132 |51 |4892.2+X |19 |(14-) |
132 |51 |5109.2+X |21 |(15-) |
133 |51 |0.0 | |(7/2+) |2.34 M 5
133 |51 |962.30 |9 |(5/2+) |
133 |51 |2439.57 |13 |(3/2+) |
133 |51 |2791.54 |11 |(11/2-) |11.4 PS 45
133 |51 |3822.7 |3 | |
133 |51 |4028.77 |20 | |
133 |51 |4150 | |(11/2) |
133 |51 |4183.9 |3 | |
133 |51 |4191.7 |3 |(11/2+) |
133 |51 |4210.0 |5 | |
133 |51 |4215.27 |20 | |
133 |51 |4244.6 |4 | |
133 |51 |4290.1 |3 | |
133 |51 |4294.25 |15 |(9/2,11/2,13/2) |
133 |51 |4296.25 |19 | |
133 |51 |4296.81 |22 |(13/2-) |
133 |51 |4301.7 |3 |(13/2+) |
133 |51 |4307.37 |20 | |
133 |51 |4359.2 |3 |(15/2-) |
133 |51 |4463.7 |3 |(15/2+) |
133 |51 |4525.3 |4 |(17/2+) |
133 |51 |4537.05 |22 | |
133 |51 |4.56E3 |10 |(21/2+) |16.54 US 19
133 |51 |4572.78 |20 | |
133 |51 |4624.6 |4 | |
133 |51 |4634.7 |7 | |
133 |51 |4650.2 |4 | |
133 |51 |4786.0 |3 | |
133 |51 |4801.05 |20 | |
133 |51 |4830.2 |4 |(5/2,7/2,9/2) |
133 |51 |4898.3 |4 |(7/2,9/2) |
133 |51 |4902.38 |15 |(5/2,7/2,9/2) |
133 |51 |4937.3 |3 | |
133 |51 |5001.62 |19 |(5/2,7/2,9/2) |
133 |51 |5039.84 |19 | |
133 |51 |5118.76 |18 | |
133 |51 |5124.66 |13 |(5/2,7/2) |
133 |51 |5149.81 |14 |(7/2,9/2) |
133 |51 |5167.54 |15 |(7/2,9/2) |
133 |51 |5190.9 |3 |(5/2,7/2,9/2) |
133 |51 |5276.74 |15 |(5/2,7/2,9/2) |
133 |51 |5302.71 |20 | |
133 |51 |5376.12 |20 | |
133 |51 |5413.3 |4 | |
133 |51 |5421.5 |15 | |
133 |51 |5483.22 |20 | |
133 |51 |5485.18 |22 | |
133 |51 |5493.7 |5 |(5/2,7/2,9/2) |
133 |51 |5560.06 |15 |(5/2,7/2,9/2) |
133 |51 |5593.3 |4 | |
133 |51 |5603.53 |20 | |
133 |51 |5612.49 |14 |(7/2,9/2) |
133 |51 |5645.35 |16 |(5/2,7/2) |
133 |51 |5684.2 |3 | |
133 |51 |5742.5 |3 | |
133 |51 |5750.1 |5 | |
133 |51 |5790.24 |20 | |
133 |51 |5835.2 |6 | |
133 |51 |5841.2 |6 | |
133 |51 |5848.8 |5 | |
133 |51 |5881.49 |17 |(7/2,9/2) |
133 |51 |5921.3 |3 |(7/2,9/2) |
133 |51 |5928.6 |3 | |
133 |51 |5938.3 |3 | |
133 |51 |5960.24 |20 | |
133 |51 |5971.04 |20 | |
133 |51 |5977.7 |6 | |
133 |51 |6059.5 |3 | |
133 |51 |6067.55 |19 |(7/2,9/2) |
133 |51 |6074.9 |8 | |
133 |51 |6093.4 |6 | |
133 |51 |6102.7 |3 | |
133 |51 |6112.55 |20 | |
133 |51 |6124.15 |20 | |
133 |51 |6136.3 |7 | |
133 |51 |6170.25 |20 | |
133 |51 |6200.5 |4 | |
133 |51 |6239.1 |14 | |
133 |51 |6252.1 |4 | |
133 |51 |6264.5 |5 | |
133 |51 |6286.5 |11 | |
133 |51 |6314.96 |20 | |
133 |51 |6326.8 |4 | |
133 |51 |6348.96 |20 | |
133 |51 |6364.4 |3 | |
133 |51 |6411.7 |3 | |
133 |51 |6445.3 |3 | |
133 |51 |6457.87 |20 | |
133 |51 |6498.1 |3 | |
133 |51 |6505.6 |3 | |
133 |51 |6515.1 |3 | |
133 |51 |6576.4 |6 | |
133 |51 |6705.9 |6 | |
133 |51 |6770.9 |6 |(9/2) |
133 |51 |6794.6 |6 | |
133 |51 |6950.9 |5 | |
134 |51 |0.0 | |(0-) |0.78 S 6
134 |51 |13.0 |4 |(1-) |
134 |51 |279 |1 |(7-) |10.07 S 5
134 |51 |331.1 |3 |(2-) |1 NS LT
134 |51 |384.0 |4 |(3-) |
134 |51 |441 |1 |(5-) |
134 |51 |555.0 |5 |(4-) |
134 |51 |617 |1 |(6-) |
134 |51 |885.0 |4 |(1-) |1 NS LT
134 |51 |935.0 |3 |(2-) |
134 |51 |1331.0 |5 |(2-) |
134 |51 |1352 |1 |(8-) |
134 |51 |1385.0 |5 |(5-) |
134 |51 |1900.0 |4 |(1-) |
134 |51 |2170.0 |4 |(1-) |
134 |51 |2405 |1 |(9+) |
134 |51 |2429.8 |4 |(1-) |
134 |51 |2713 |1 |(10+) |
134 |51 |3775 |50 |(1+) |1 NS LT
134 |51 |4373.2 |15 |(10-) |
134 |51 |4704.2 |16 |(11-) |
134 |51 |4796.2 |14 |(12-) |
134 |51 |4849.2 |14 |(12-) |
134 |51 |5045.2 |15 |(13-) |
135 |51 |0.0 | |(7/2+) |1.679 S 15
135 |51 |281.7 |1 |(5/2+) |6.1 NS 4
135 |51 |440.1 |3 |(3/2+) |
135 |51 |523 | |(1/2+) |1.2 NS 1
135 |51 |707.0 |3 |(11/2+) |
135 |51 |798.0 |3 |(9/2+) |
135 |51 |1014.1 |4 |(5/2+,7/2,9/2+) |
135 |51 |1026.93 |23 |(7/2+,9/2) |
135 |51 |1113.1 |3 |(5/2+,7/2+) |
135 |51 |1117.4 |5 |(15/2+) |
135 |51 |1207.0 |3 |(5/2+,7/2,9/2+) |
135 |51 |1333.0 |4 |(7/2+,9/2) |
135 |51 |1342.3 |6 |(19/2+) |20 NS AP
135 |51 |1353.1 |6 |(5/2,7/2+) |
135 |51 |1387.04 |25 |(5/2,7/2,9/2+) |
135 |51 |1456.1 |3 |(5/2,7/2,9/2+) |
135 |51 |1549.0 |5 | |
135 |51 |1597.0 |4 |(7/2+,9/2) |
135 |51 |1630.0 |4 |(5/2,7/2,9/2+) |
135 |51 |1734.1 |4 |(5/2,7/2+) |
135 |51 |1831.1 |6 |(5/2,7/2,9/2) |
135 |51 |1855.4 |3 |(5/2,7/2,9/2+) |
135 |51 |1971.4 |6 |(23/2+) |
135 |51 |2038.2 |6 | |
135 |51 |2089.1 |3 |(5/2,7/2+) |
135 |51 |2170.0 |4 |(5/2+,7/2,9/2) |
135 |51 |2212.0 |6 | |
135 |51 |2440.0 |5 | |
135 |51 |2462.1 |4 |(5/2,7/2,9/2+) |
135 |51 |2764.0 |5 | |
135 |51 |3263.0 |5 | |
136 |51 |0 | |1- |0.923 S 14
136 |51 |Y | |(6-) |0.57 US 5
137 |51 |0.0 | |(7/2+) |450 MS 50
138 |51 |X | | |300 NS GE
139 |51 |0.0 | | |150 NS GT
140 |51 |0 | | |407 NS GT
