108 |53 |0.0 | |(1) |36 MS 6
109 |53 |0.0 | |1/2+ |103 US 5
109 |53 |X | | |
109 |53 |729+X | | |
109 |53 |1372.4+X | |(11/2-) |
109 |53 |1965.8+X | |(15/2-) |
109 |53 |2503.1+X | | |
109 |53 |2682.8+X | |(19/2-) |
109 |53 |3240.1+X | | |
109 |53 |3563.8+X | |(23/2-) |
109 |53 |3788.1+X | | |
109 |53 |3906.2+X | | |
109 |53 |4620.8+X | |(27/2-) |
110 |53 |0.0 | |(1+) |0.664 S 24
110 |53 |0.0+X | | |
110 |53 |45.0+X |20 | |
110 |53 |191.0+X |10 | |
110 |53 |269.0+X |17 | |
110 |53 |472.0+X |15 | |
110 |53 |502.0+X |20 | |
110 |53 |517.0+X |14 | |
110 |53 |784.0+X |18 | |
110 |53 |830.0+X |14 | |
110 |53 |1071.0+X |22 | |
110 |53 |1084.0+X |14 | |
110 |53 |1128.0+X |20 | |
110 |53 |1220.0+X |16 | |
110 |53 |1387.0+X |23 | |
110 |53 |1706.0+X |16 | |
110 |53 |1710.0+X |24 | |
110 |53 |1729.0+X |25 | |
110 |53 |1834.0+X |24 | |
110 |53 |2065.0+X |17 |(11+) |
110 |53 |2426+X |3 | |
110 |53 |2592.0+X |20 |(13+) |
110 |53 |2676+X |3 | |
110 |53 |3256.0+X |22 |(15+) |
110 |53 |3309+X |3 | |
110 |53 |3576+X |3 | |
110 |53 |3998.0+X |24 |(17+) |
110 |53 |4267+X |3 | |
110 |53 |4966+X |3 |(19+) |
110 |53 |5412+X |4 | |
110 |53 |5973+X |3 |(21+) |
110 |53 |7075+X |3 |(23+) |
111 |53 |0.0 | |(5/2+) |2.5 S 2
111 |53 |37.2 |3 |7/2(+) |
111 |53 |618.90 |20 |9/2(+) |
111 |53 |679.8 |3 |11/2(+) |
111 |53 |1094.8 |3 |11/2- |
111 |53 |1496 | |(13/2-) |
111 |53 |1649.9 |4 |15/2- |
111 |53 |2340.5 |4 |19/2- |
111 |53 |2519 | |(15/2-) |
111 |53 |2988 | |(19/2-) |
111 |53 |3031.1 |5 |23/2- |
111 |53 |3048.9 |5 | |
111 |53 |3444 | |(23/2-) |
111 |53 |3596.9 |11 | |
111 |53 |3778.3 |5 |27/2- |
111 |53 |4000.6 |5 |25/2(+) |
111 |53 |4149 | |(27/2-) |
111 |53 |4159.1 |11 | |
111 |53 |4222.1 |11 | |
111 |53 |4432.7 |6 |31/2- |
111 |53 |4510.9 |6 |(29/2+) |
111 |53 |4549.3 |6 |31/2- |
111 |53 |5023 | |(31/2-) |
111 |53 |5114.1 |15 | |
111 |53 |5177.4 |6 |(33/2+) |
111 |53 |5199.2 |6 |35/2- |
111 |53 |5397.9 |6 |35/2- |
111 |53 |5968.2 |6 |(37/2+) |
111 |53 |6055.3 |6 | |
111 |53 |6246.5 |6 |39/2- |
111 |53 |6878.1 |7 |(41/2+) |
111 |53 |7076.2 |6 |43/2- |
111 |53 |7847.1 |12 |(45/2+) |
111 |53 |8084.7 |6 |(47/2-) |
111 |53 |8996.1 |16 |(49/2+) |
111 |53 |9156.7 |12 |(51/2-) |
111 |53 |10318.7 |16 |(55/2-) |
111 |53 |11507.8 |19 |(59/2-) |
111 |53 |13016.8 |21 |(63/2-) |
112 |53 |0.0 | |(1+) |3.34 S 8
112 |53 |55.0 |5 | |
112 |53 |124.3 |3 | |
112 |53 |188.7 |4 | |
112 |53 |245.9 |5 | |
112 |53 |291.5 |4 | |
112 |53 |296.4 |5 | |
112 |53 |350.7 |4 | |
112 |53 |440.9 |4 | |
112 |53 |576.6 |5 | |
112 |53 |643.4 |4 | |
112 |53 |853.0 |5 | |
112 |53 |1186.0 |6 | |
112 |53 |1737.7 |7 | |
112 |53 |1841.0 |7 | |
112 |53 |2380.3 |7 | |
112 |53 |3082.9 |8 | |
112 |53 |3137.2 |8 | |
112 |53 |3816.6 |9 | |
112 |53 |4665.1 |9 | |
112 |53 |4812.5 |9 | |
112 |53 |5727.3 |9 | |
112 |53 |5799.6 |9 | |
112 |53 |6625.9 |10 | |
112 |53 |7371.8 |10 | |
112 |53 |7990.6 |11 | |
112 |53 |8712.2 |11 | |
112 |53 |X | | |25 PS GT
112 |53 |133.0+X |8 | |
112 |53 |551.9+X |9 | |
112 |53 |656.1+X |8 | |
112 |53 |1254.6+X |12 | |
112 |53 |1310.1+X |10 | |
112 |53 |1988.6+X |14 | |
112 |53 |2067.4+X |12 | |
112 |53 |2936.5+X |14 | |
112 |53 |2984.6+X |17 | |
112 |53 |3899.6+X |20 | |
112 |53 |4899.6+X |22 | |
113 |53 |0.0 | |5/2+ |6.6 S 2
113 |53 |63.6 |5 |7/2+ |
113 |53 |629.4 |4 |9/2+ |
113 |53 |753.9 |6 |11/2+ |
113 |53 |838.2 |6 |9/2+ |
113 |53 |909.3 |4 |9/2+ |
113 |53 |1017.9 |5 |11/2- |159 PS 36
113 |53 |1269.1 |6 |11/2+ |
113 |53 |1548.7 |7 |15/2- |5.0 PS 3
113 |53 |1614.4 |6 |13/2+ |
113 |53 |1616.7 |7 |15/2+ |
113 |53 |1986.6 |7 |15/2+ |
113 |53 |2186.4 |9 |19/2- |1.61 PS 17
113 |53 |2358.7 |8 |17/2+ |
113 |53 |2684.9 |8 |19/2+ |
113 |53 |2731.2 |9 |19/2+ |
113 |53 |2870.3 |10 |23/2- |1.86 PS 30
113 |53 |3035.6 |10 |23/2- |
113 |53 |3106.2 |10 |21/2+ |
113 |53 |3306.6 |10 |23/2- |
113 |53 |3480.9 |10 |23/2+ |
113 |53 |3568.9 |10 |23/2+ |
113 |53 |3696.2 |10 |27/2- |0.67 PS 25
113 |53 |3741.1 |10 |27/2- |
113 |53 |3766.8 |9 |23/2+ |
113 |53 |3792.0 |9 |23/2+ |
113 |53 |3861.1 |10 |25/2+ |
113 |53 |4113.3 |11 |27/2- |
113 |53 |4127.9 |22 |25/2+ |
113 |53 |4236.4 |10 |27/2+ |
113 |53 |4396.1 |9 |27/2+ |
113 |53 |4497.0 |11 |31/2- |1.1 PS 3
113 |53 |4630.0 |10 |31/2- |
113 |53 |4630.4 |10 |29/2+ |
113 |53 |4798.6 |20 |29/2+ |
113 |53 |5015.4 |10 |31/2+ |
113 |53 |5081.6 |10 |31/2+ |
113 |53 |5211.8 |11 |35/2- |1.3 PS 4
113 |53 |5364.3 |12 |35/2- |
113 |53 |5423.5 |11 |33/2+ |
113 |53 |5535.4 |17 |33/2+ |
113 |53 |5838.6 |11 |35/2+ |
113 |53 |5846.4 |10 |35/2+ |
113 |53 |5947.3 |12 |39/2- |
113 |53 |6266.2 |13 |39/2- |
113 |53 |6278.3 |11 |37/2+ |
113 |53 |6354.0 |14 |37/2+ |
113 |53 |6688.0 |11 |39/2+ |
113 |53 |6712.1 |13 |43/2- |
113 |53 |6741.4 |12 |39/2+ |
113 |53 |7214.6 |12 |41/2+ |
113 |53 |7247.1 |13 |41/2+ |
113 |53 |7249.2 |14 |43/2- |
113 |53 |7610.0 |12 |43/2+ |
113 |53 |7680.7 |14 |47/2- |
113 |53 |7699.5 |13 |43/2+ |
113 |53 |8198.4 |12 |45/2+ |
113 |53 |8213.6 |14 |45/2+ |
113 |53 |8296.2 |14 |47/2- |
113 |53 |8347.6 |14 |47/2- |
113 |53 |8586.3 |15 |51/2- |
113 |53 |8613.6 |12 |47/2+ |
113 |53 |8738.6 |15 |47/2+ |
113 |53 |9229.7 |13 |49/2+ |
113 |53 |9279.6 |16 |49/2+ |
113 |53 |9496.6 |14 |51/2- |
113 |53 |9611.0 |16 |55/2- |
113 |53 |9686.6 |13 |51/2+ |
113 |53 |10332.7 |14 |53/2+ |
113 |53 |10767.2 |15 |55/2- |
113 |53 |10834.3 |14 |55/2+ |
113 |53 |11066.9 |19 |59/2- |
113 |53 |11510.1 |17 |57/2+ |
113 |53 |12083.4 |18 |59/2+ |
113 |53 |12120.1 |18 |59/2- |
113 |53 |12769.5 |20 |61/2+ |
113 |53 |12990.5 |21 |63/2- |
113 |53 |13414.8 |20 |63/2+ |
113 |53 |13554.5 |24 |63/2- |
113 |53 |14117.4 |22 |65/2+ |
113 |53 |14841.4 |23 |67/2+ |
113 |53 |14993 |3 |67/2- |
113 |53 |15559.3 |24 |69/2+ |
113 |53 |16366.9 |25 |71/2+ |
113 |53 |16436 |4 |71/2- |
113 |53 |17104 |3 |73/2+ |
113 |53 |17990 |4 |75/2- |
113 |53 |18005 |3 |75/2+ |
113 |53 |18756 |3 |77/2+ |
113 |53 |19670 |3 |79/2- |
113 |53 |19773 |3 |79/2+ |
113 |53 |20523 |3 |81/2+ |
113 |53 |21514 |3 |83/2- |
113 |53 |21688 |3 |83/2+ |
113 |53 |22419 |4 |85/2+ |
113 |53 |23498 |4 |87/2- |
113 |53 |23561 |4 |87/2- |
113 |53 |23764 |4 |87/2+ |
113 |53 |24459 |4 |89/2+ |
113 |53 |25743 |4 |91/2- |
113 |53 |26005 |4 |91/2+ |
113 |53 |26660 |4 |93/2+ |
113 |53 |28185 |5 |(95/2-) |
113 |53 |28432 |5 |95/2+ |
113 |53 |29039 |4 |97/2+ |
113 |53 |31013 |5 |(99/2)+ |
113 |53 |31621 |5 |(101/2)+ |
113 |53 |X | |(53/2-) |
113 |53 |11.9+X |15 |- |
113 |53 |992+X |3 |(57/2-) |
113 |53 |1098.0+X |10 |(57/2-) |
113 |53 |2176+X |3 |(61/2-) |
113 |53 |2218.8+X |15 |(61/2-) |
113 |53 |3392.5+X |18 |(65/2-) |
113 |53 |3433+X |3 |(65/2-) |
113 |53 |3518.7+X |18 | |
113 |53 |4737.3+X |20 |(69/2-) |
113 |53 |4773.8+X |24 |(69/2-) |
113 |53 |4913.3+X |20 | |
113 |53 |6184.8+X |22 |(73/2-) |
113 |53 |6230.6+X |22 |(73/2-) |
113 |53 |6344.7+X |23 | |
113 |53 |7778.2+X |25 |(77/2-) |
113 |53 |7857.7+X |25 |(77/2-) |
113 |53 |9537+X |3 |(81/2-) |
113 |53 |9644+X |3 |(81/2-) |
113 |53 |11540+X |3 |(85/2-) |
113 |53 |11615+X |3 |(85/2-) |
113 |53 |13772+X |4 |(89/2-) |
113 |53 |13837+X |4 |(89/2-) |
113 |53 |13903+X |4 |(89/2-) |
113 |53 |Y | |(59/2-) |
113 |53 |1235.5+Y |10 |(63/2-) |
113 |53 |2579.5+Y |15 |(67/2-) |
113 |53 |4032.9+Y |18 |(71/2-) |
113 |53 |5624.1+Y |20 |(75/2-) |
113 |53 |7355.6+Y |23 |(79/2-) |
113 |53 |9261.4+Y |25 |(83/2-) |
113 |53 |11310+Y |4 |(87/2-) |
113 |53 |11375+Y |4 |(87/2-) |
113 |53 |Z | |(53/2+) |
113 |53 |19.0+Z |15 |+ |
113 |53 |45.5+Z |15 |+ |
113 |53 |1258.0+Z |10 |(57/2+) |
113 |53 |2553.1+Z |15 |(61/2+) |
113 |53 |3933.8+Z |18 |(65/2+) |
113 |53 |5438.3+Z |20 |(69/2+) |
113 |53 |7101.0+Z |23 |(73/2+) |
113 |53 |8970.8+Z |25 |(77/2+) |
113 |53 |11090+Z |4 |(81/2+) |
113 |53 |U | |(63/2-) |
113 |53 |1543.7+U |10 |(67/2-) |
113 |53 |3173.4+U |15 |(71/2-) |
113 |53 |4915.6+U |18 |(75/2-) |
113 |53 |6782.5+U |20 |(79/2-) |
113 |53 |8822+U |3 |(83/2-) |
113 |53 |11025+U |4 |(87/2-) |
113 |53 |V | |(55/2+) |
113 |53 |1360.6+V |10 |(59/2+) |
113 |53 |2839.0+V |15 |(63/2+) |
113 |53 |4418.2+V |18 |(67/2+) |
113 |53 |6102.5+V |20 |(71/2+) |
113 |53 |7873.5+V |23 |(75/2+) |
113 |53 |9817.5+V |25 |(79/2+) |
113 |53 |11930+V |4 |(83/2+) |
113 |53 |W | |(77/2-) |
113 |53 |1680.5+W |10 |(81/2-) |
113 |53 |3458.7+W |15 |(85/2-) |
113 |53 |5329.3+W |18 |(89/2-) |
113 |53 |7301.4+W |20 |(93/2-) |
113 |53 |9403+W |3 |(97/2-) |
113 |53 |11659+W |4 |(101/2-) |
113 |53 |14092+W |4 |(105/2-) |
114 |53 |0.0 | |1+ |2.1 S 2
114 |53 |0+X | | |
114 |53 |103.2 | |(2)- |
114 |53 |131.4 | |(4) |
114 |53 |221+X | |(8-) |
114 |53 |265.9 | |(7) |6.2 S 5
114 |53 |288 | | |
114 |53 |419+X | |(9-) |
114 |53 |491 | | |
114 |53 |635 | | |
114 |53 |690+X | |(10-) |
114 |53 |745 | | |
114 |53 |954 | | |
114 |53 |1008+X | |(11-) |
114 |53 |1236 | | |
114 |53 |1285 | | |
114 |53 |1362+X | |(12-) |
114 |53 |1530 | | |
114 |53 |1595 | |(7-) |
114 |53 |1744+X | |(13-) |
114 |53 |2032 | | |
114 |53 |2150+X | | |
114 |53 |2155 | | |
114 |53 |2580+X | | |
114 |53 |2692 | | |
114 |53 |2857 | | |
114 |53 |3026+X | | |
114 |53 |3462 | | |
114 |53 |3487+X | | |
114 |53 |3592 | | |
114 |53 |3956+X | | |
114 |53 |4314 | | |
114 |53 |4588 | | |
114 |53 |5257 | | |
114 |53 |5552 | | |
114 |53 |6530 | | |
114 |53 |7524 | | |
114 |53 |8576 | | |
115 |53 |0.0 | |(5/2+) |1.3 M 2
115 |53 |56.7 |3 |(7/2+) |
115 |53 |564.7 |3 |(9/2+) |0.50 NS 10
115 |53 |633.6 |3 |(9/2+) |
115 |53 |731.8 |3 |(9/2+) |
115 |53 |837.5 |3 |(11/2-) |0.90 NS 20
115 |53 |877.9 |3 |(11/2+) |
115 |53 |1198.1 |3 |(13/2+) |
115 |53 |1248.2 |3 |(15/2-) |
115 |53 |1540.7 |3 |(15/2+) |
115 |53 |1765.2 |3 |(19/2-) |
115 |53 |1899.0 |3 |(17/2+) |
115 |53 |2273.6 |3 |(19/2+) |
115 |53 |2387.0 |3 |(23/2-) |
115 |53 |2659 |1 |(21/2+) |
115 |53 |2917.1 |4 | |
115 |53 |3053.3 |4 |(23/2+) |
115 |53 |3115.6 |3 |(27/2-) |
115 |53 |3406.4 |5 |(27/2-) |
115 |53 |3447.7 |11 |(25/2+) |
115 |53 |3462 |1 |(25/2+) |
115 |53 |3840.0 |5 |(27/2+) |
115 |53 |3912.5 |3 |(31/2-) |
115 |53 |4052.8 |5 |(31/2-) |
115 |53 |4244.8 |11 |(29/2+) |
115 |53 |4762.2 |6 |(35/2-) |
115 |53 |4798.9 |5 |(35/2-) |
115 |53 |5083.1 |6 | |
115 |53 |5619.5 |6 |(39/2-) |
115 |53 |5656 |1 |(39/2-) |
115 |53 |6484.4 |6 |(43/2-) |
115 |53 |6543.1 |6 |(43/2-) |
115 |53 |6671.6 |6 |(43/2-) |
115 |53 |7516.6 |7 |(47/2-) |
115 |53 |7728 | |(47/2-) |
115 |53 |8228.8 |7 |(51/2-) |
115 |53 |8570.4 |7 | |
115 |53 |8857 | |(51/2-) |
115 |53 |8899 | |(51/2-) |
115 |53 |9499 | |(55/2-) |
115 |53 |10069 | |(55/2-) |
115 |53 |11388 | |(59/2-) |
115 |53 |12852 | |(63/2-) |
115 |53 |0.0+X | | |
115 |53 |1093+X | | |
115 |53 |2250+X | | |
115 |53 |3476+X | | |
115 |53 |4787+X | | |
115 |53 |6197+X | | |
115 |53 |7704+X | | |
115 |53 |9315+X | | |
115 |53 |11043+X | | |
115 |53 |12913+X | | |
115 |53 |14932+X | | |
115 |53 |17110+X | | |
115 |53 |19449+X | | |
115 |53 |0.0+Y | | |
115 |53 |981+Y | | |
115 |53 |2011+Y | | |
115 |53 |3101+Y | | |
115 |53 |4247+Y | | |
115 |53 |5456+Y | | |
115 |53 |6756+Y | | |
115 |53 |8139+Y | | |
115 |53 |9604+Y | | |
115 |53 |11183+Y | | |
115 |53 |12888+Y | | |
115 |53 |14747+Y | | |
115 |53 |16772+Y | | |
115 |53 |18962+Y | | |
115 |53 |0.0+Z | | |
115 |53 |923+Z | | |
115 |53 |1892+Z | | |
115 |53 |2909+Z | | |
115 |53 |3990+Z | | |
115 |53 |5126+Z | | |
115 |53 |6327+Z | | |
115 |53 |7610+Z | | |
115 |53 |8975+Z | | |
115 |53 |10426+Z | | |
115 |53 |11959+Z | | |
115 |53 |13590+Z | | |
115 |53 |15350+Z | | |
115 |53 |17275+Z | | |
115 |53 |19391+Z | | |
115 |53 |0.0+V | | |
115 |53 |1146+V | | |
115 |53 |2350+V | | |
115 |53 |3642+V | | |
115 |53 |5044+V | | |
115 |53 |6544+V | | |
115 |53 |8183+V | | |
115 |53 |9993+V | | |
115 |53 |11990+V | | |
115 |53 |14178+V | | |
115 |53 |0.0+W | | |
115 |53 |1395+W | | |
115 |53 |2912+W | | |
115 |53 |4592+W | | |
115 |53 |6471+W | | |
115 |53 |8570+W | | |
116 |53 |0.0 | |1+ |2.91 S 15
116 |53 |0+X | | |
116 |53 |104.3 |3 | |
116 |53 |214.2 |4 | |
116 |53 |227.0 |3 |(3+) |
116 |53 |320.3 |5 | |
116 |53 |341.1 |4 |(4+) |
116 |53 |376.5 |4 |(5+) |
116 |53 |386.1 |5 | |
116 |53 |430.4 |5 |(7-) |3.27 US
116 |53 |468.5 |4 |(8-) |
116 |53 |479.8 |4 | |
116 |53 |519.0 |4 | |
116 |53 |560.0 |5 |(9-) |
116 |53 |570.7 |5 |(8-) |
116 |53 |571.6 |4 | |
116 |53 |647.8+X | | |
116 |53 |664.5 |5 | |
116 |53 |702.6+X | | |
116 |53 |791.7 |5 |(9-) |
116 |53 |874.3 |4 |(8+) |
116 |53 |1063.7 |4 |(9+) |
116 |53 |1075.1 |5 |(10-) |
116 |53 |1097.3 |4 |(10+) |
116 |53 |1132.2 |5 |(10-) |
116 |53 |1260.4+X | |(12-) |
116 |53 |1316.3 |6 |(9-) |
116 |53 |1345.5 |5 |(11+) |
116 |53 |1399.2 |5 |(11-) |
116 |53 |1565.7 |5 |(12+) |
116 |53 |1756.7 |5 |(12-) |
116 |53 |1829.8 |5 |(12-) |
116 |53 |1874.2 |5 |(13+) |
116 |53 |1933.2+X | | |
116 |53 |2143.7 |5 |(13-) |
116 |53 |2185.8 |7 | |
116 |53 |2186.9 |5 |(14+) |
116 |53 |2532.7 |5 |(15+) |
116 |53 |2547.6 |5 |(14-) |
116 |53 |2559.7 |5 |(14-) |
116 |53 |2689.3 |6 | |
116 |53 |2709.4+X | | |
116 |53 |2936.0 |5 |(16+) |
116 |53 |2998.9 |5 |(15-) |
116 |53 |3293.4 |6 |(17+) |
116 |53 |3295.9 |5 |(16-) |
116 |53 |3461.8 |5 |(16-) |
116 |53 |3527.0 |6 |(17+) |
116 |53 |3563.8+X | | |
116 |53 |3818.8 |6 |(18+) |
116 |53 |3950.0 |6 |(17-) |
116 |53 |4104.3 |6 |(18-) |
116 |53 |4197.5 |6 |(19+) |
116 |53 |4331.3 |6 |(19+) |
116 |53 |4447.6 |6 |(18-) |
116 |53 |4806.4 |7 |(20+) |
116 |53 |4980.0 |7 |(20-) |
116 |53 |5186.6 |6 |(21+) |
116 |53 |5248.0 |7 |(21+) |
116 |53 |5887.7 |7 |(22-) |
116 |53 |5895.6 |2 |(22+) |
116 |53 |5938.8 |7 |(22-) |
116 |53 |6215.0 |7 |(24-) |
116 |53 |6243.5 |7 |(23+) |
116 |53 |6262.3 |7 |(23+) |
116 |53 |7081.7 |3 |(24+) |
116 |53 |7170.1 |7 |(25+) |
116 |53 |7229.5 |8 | |
116 |53 |7435.6 |2 |(25+) |
116 |53 |8188.0 |7 | |
116 |53 |8354.3 |2 |(26+) |
116 |53 |8680.6 |2 |(27+) |
116 |53 |9691.3 |2 |(28+) |
116 |53 |10002.6 |2 |(29+) |
116 |53 |11124.3 |2 |(30+) |
116 |53 |11402.6 |2 |(31+) |
117 |53 |0.0 | |(5/2)+ |2.22 M 4
117 |53 |58.87 |7 |(7/2)+ |
117 |53 |116.71 |8 |(1/2)+ |
117 |53 |160.56 |7 |(3/2)+ |
117 |53 |221.33 |8 |(3/2)+ |
117 |53 |315.77 |6 |(3/2,5/2)+ |
117 |53 |353.59 |11 |(9/2)+ |12.1 NS 7
117 |53 |519.14 |14 |(7/2+) |
117 |53 |567.42 |22 | |
117 |53 |573.76 |20 |(9/2+) |
117 |53 |619.00 |20 |(9/2+) |
117 |53 |654.2 |3 |(11/2)+ |
117 |53 |660.46 |15 |(+) |
117 |53 |661.09 |14 |(9/2+) |
117 |53 |677.6 |4 |(11/2)- |
117 |53 |695.10 |17 |(9/2+) |
117 |53 |715.92 |21 |(11/2+) |
117 |53 |971.7 |3 |(13/2+) |
117 |53 |1015.1 |3 |(15/2-) |
117 |53 |1049.87 |23 | |
117 |53 |1084.25 |23 | |
117 |53 |1130.0 |4 | |
117 |53 |1174.30 |18 |(11/2)- |
117 |53 |1208.4 |3 |(13/2+) |
117 |53 |1317.0 |3 |(15/2+) |
117 |53 |1341.3 |7 |(13/2+) |
117 |53 |1450.0 |3 |(15/2)+ |
117 |53 |1485.2 |3 |(19/2)- |
117 |53 |1622.29 |24 |(15/2)- |
117 |53 |1684.6 |4 |(17/2)+ |
117 |53 |1720.9 |8 |(15/2+) |
117 |53 |1877.1 |4 | |
117 |53 |1934.0 |3 |(17/2+) |
117 |53 |2076.3 |4 |(19/2)+ |
117 |53 |2088.1 |4 |(23/2-) |
117 |53 |2106.5 |5 |(17/2+) |
117 |53 |2107.4 |3 |(19/2)- |
117 |53 |2245.0 |4 |(19/2)+ |
117 |53 |2263.3 |6 |(17/2)+ |
117 |53 |2314.1 |4 |(21/2)+ |
117 |53 |2486.7 |4 |(21/2)+ |
117 |53 |2496.6 |5 |(19/2)+ |
117 |53 |2521.4 |8 |(19/2+) |
117 |53 |2588.1 |7 |(21/2-) |
117 |53 |2642.0 |4 |(23/2-) |
117 |53 |2695.1 |7 |(17/2+) |
117 |53 |2702.4 |4 |(21/2+) |
117 |53 |2753.0 |5 |(21/2+) |
117 |53 |2819.6 |4 |(27/2-) |
117 |53 |2827.6 |5 |(19/2+) |
117 |53 |2912.1 |8 |(23/2-) |
117 |53 |2913.8 |7 |(23/2+) |
117 |53 |2926.1 |9 |(21/2+) |
117 |53 |2982.9 |4 |(21/2+) |
117 |53 |3025.5 |7 |(23/2+) |
117 |53 |3060.6 |4 |(23/2+) |
117 |53 |3184.2 |4 |(23/2+) |
117 |53 |3274.2 |8 |(25/2-) |
117 |53 |3324.6 |8 |(25/2+) |
117 |53 |3339.4 |6 |(25/2+) |
117 |53 |3341.1 |13 |(23/2+) |
117 |53 |3355.1 |5 |(27/2-) |
117 |53 |3375.7 |4 |(25/2+) |
117 |53 |3424.8 |4 |(25/2+) |
117 |53 |3517.5 |6 |(27/2+) |
117 |53 |3649.5 |5 |(27/2+) |
117 |53 |3660.5 |5 |(31/2-) |
117 |53 |3666.4 |9 |(27/2-) |
117 |53 |3682 | |(27/2+) |
117 |53 |3685.5 |5 |(27/2+) |
117 |53 |3711.2 |8 |(27/2+) |
117 |53 |3970.4 |5 |(29/2+) |
117 |53 |4044 | |(29/2+) |
117 |53 |4054.7 |5 |(31/2-) |
117 |53 |4082.3 |9 |(29/2-) |
117 |53 |4098.2 |9 |(29/2+) |
117 |53 |4286.4 |5 |(31/2+) |
117 |53 |4331.6 |6 |(31/2+) |
117 |53 |4509.9 |11 |(31/2+) |
117 |53 |4520.1 |10 |(31/2-) |
117 |53 |4601.7 |6 |(35/2-) |
117 |53 |4683.4 |6 |(33/2+) |
117 |53 |4814.2 |6 |(35/2-) |
117 |53 |4936.8 |11 |(33/2+) |
117 |53 |4978.2 |10 |(33/2-) |
117 |53 |5063.8 |7 |(35/2+) |50 NS
117 |53 |5107.3 |7 |(35/2+) |
117 |53 |5397.5 |11 |(35/2+) |
117 |53 |5452.9 |11 |(35/2-) |
117 |53 |5493.4 |12 |(37/2+) |
117 |53 |5504.7 |9 |(39/2+) |
117 |53 |5626.7 |6 |(39/2-) |
117 |53 |5667.3 |6 |(39/2-) |
117 |53 |5769.3 |9 |(39/2-) |
117 |53 |5877.9 |12 |(37/2+) |
117 |53 |5939.8 |11 |(37/2-) |
117 |53 |5986.8 |7 |(39/2+) |
117 |53 |6274.1 |6 |(43/2-) |
117 |53 |6293.6 |11 |(43/2+) |
117 |53 |6393.4 |12 |(39/2+) |
117 |53 |6451.8 |12 |(39/2-) |
117 |53 |6635.4 |6 |(43/2-) |
117 |53 |6751.8 |7 |(43/2-) |
117 |53 |6934.0 |12 |(41/2+) |
117 |53 |6964.8 |8 |(43/2+) |
117 |53 |6971.1 |13 |(41/2-) |
117 |53 |7182.2 |12 |(47/2+) |
117 |53 |7243.3 |12 | |
117 |53 |7332.0 |12 |(47/2+) |
117 |53 |7348.6 |7 |(47/2-) |
117 |53 |7506.2 |14 |(43/2+) |
117 |53 |7531.4 |14 |(43/2-) |
117 |53 |7680.8 |7 |(47/2-) |
117 |53 |7891.1 |8 |(47/2-) |
117 |53 |8029.3 |8 |(47/2+) |
117 |53 |8091.0 |14 |(45/2-) |
117 |53 |8100.1 |14 |(45/2+) |
117 |53 |8106.1 |9 |(49/2) |
117 |53 |8227.8 |12 |(51/2+) |
117 |53 |8324.9 |13 |(51/2+) |
117 |53 |8344.6 |12 |(51/2) |
117 |53 |8362.9 |8 |(51/2-) |
117 |53 |8456.0 |18 |(47/2+) |
117 |53 |8695.7 |15 |(47/2-) |
117 |53 |8719.4 |15 |(47/2+) |
117 |53 |8755.2 |13 |(53/2+) |
117 |53 |8805.8 |7 |(51/2-) |
117 |53 |8860.3 |10 |(51/2-) |
117 |53 |9082.9 |10 |(51/2-) |
117 |53 |9175.3 |9 |(51/2+) |
117 |53 |9185.5 |13 |(55/2+) |
117 |53 |9263.1 |14 | |
117 |53 |9278.2 |15 |(49/2-) |
117 |53 |9373.1 |18 |(49/2+) |
117 |53 |9384.2 |10 | |
117 |53 |9444.0 |15 |(51/2+) |
117 |53 |9935.8 |16 |(51/2-) |
117 |53 |10038.8 |8 |(55/2-) |
117 |53 |10133.6 |14 |(57/2+) |
117 |53 |10270.2 |14 |(59/2+) |
117 |53 |10300.0 |12 |(55/2-) |
117 |53 |10404.3 |10 |(55/2+) |
117 |53 |10439.1 |17 | |
117 |53 |10531.0 |10 |(55/2+) |
117 |53 |10753.1 |20 |(53/2+) |
117 |53 |11185.6 |16 |(61/2+) |
117 |53 |11194.8 |9 |(59/2-) |
117 |53 |11245.4 |9 |(59/2-) |
117 |53 |11597.3 |13 |(59/2-) |
117 |53 |11706.1 |11 |(59/2+) |
117 |53 |12326.5 |10 |(63/2-) |
117 |53 |12971.2 |12 |(63/2+) |
117 |53 |13522.4 |12 |(67/2-) |
117 |53 |14328.0 |14 |(67/2+) |
117 |53 |15823.4 |15 |(71/2+) |
117 |53 |17459.4 |18 |(75/2+) |
117 |53 |19224.5 |21 |(79/2+) |
117 |53 |21127.5 |23 |(83/2+) |
118 |53 |0.0 | |2- |13.7 M 5
118 |53 |0.0+X | | |
118 |53 |104.0+X |20 |(7-) |8.5 M 5
118 |53 |129.58 |25 | |
118 |53 |222.22 |25 | |
118 |53 |226.9+X |21 |(8-) |
118 |53 |247.8 |4 | |
118 |53 |412.9 |4 | |
118 |53 |451.9+X |21 | |
118 |53 |456.6+X |21 |(9-) |
118 |53 |704.8 |5 | |
118 |53 |750.9+X |21 |(10-) |
118 |53 |900.7 |5 | |
118 |53 |983.2 |6 | |
118 |53 |1084.0+X |21 |(11-) |
118 |53 |1106.6 |6 | |
118 |53 |1375.5 |6 | |
118 |53 |1432.6 |7 | |
118 |53 |1447.5+X |21 |(12-) |
118 |53 |1529.2 |6 | |
118 |53 |1726.3 |7 | |
118 |53 |1772.2 |7 | |
118 |53 |1836.9+X |21 |(13-) |
118 |53 |2061.3 |8 | |
118 |53 |2252.6+X |22 |(14-) |
118 |53 |2401.9 |8 | |
118 |53 |2805.9 |8 | |
119 |53 |0.0 | |5/2+ |19.1 M 4
119 |53 |90.1 |5 |(3/2,5/2,7/2) |
119 |53 |98.60 |10 |7/2+ |
119 |53 |230.82 |13 |3/2+ |
119 |53 |306.66 |14 |9/2+ |34.6 NS 5
119 |53 |320.23 |11 |(5/2+) |
119 |53 |462.01 |12 |7/2+ |
119 |53 |536.22 |10 |9/2+ |
119 |53 |557.0 |5 |(3/2+,5/2,7/2) |
119 |53 |601.20 |18 |11/2+ |
119 |53 |649.82 |11 |9/2+ |
119 |53 |687.41 |14 |11/2- |5.5 NS 5
119 |53 |731.95 |14 |7/2- |
119 |53 |800.96 |16 |11/2+ |
119 |53 |913.90 |17 |13/2+ |
119 |53 |1024.23 |15 |15/2- |30.8 PS 21
119 |53 |1044.99 |16 |11/2+ |
119 |53 |1151.78 |15 |13/2+ |
119 |53 |1169.05 |13 |11/2- |8.5 PS 16
119 |53 |1202.20 |18 |13/2+ |
119 |53 |1253.63 |17 |15/2+ |
119 |53 |1392.84 |18 |13/2+ |
119 |53 |1442.90 |20 |13/2- |
119 |53 |1486.10 |16 |19/2- |5.4 PS 5
119 |53 |1539.7 |4 |(9/2,11/2,13/2) |
119 |53 |1561.09 |19 |15/2+ |
119 |53 |1571.64 |18 |15/2+ |
119 |53 |1581.86 |15 |15/2- |10.1 PS 12
119 |53 |1615.12 |18 |17/2+ |
119 |53 |1753.16 |18 |15/2+ |
119 |53 |1851.18 |17 |15/2- |
119 |53 |1857.46 |19 |17/2- |0.55 PS +28-21
119 |53 |1883.83 |20 |17/2+ |
119 |53 |1934.55 |19 |17/2+ |
119 |53 |1999.67 |18 |19/2+ |
119 |53 |2074.28 |16 |19/2- |5.5 PS 6
119 |53 |2076.38 |17 |23/2- |1.63 PS 21
119 |53 |2186.5 |3 |17/2+ |
119 |53 |2223.95 |17 |19/2- |
119 |53 |2326.93 |20 |(17/2-) |
119 |53 |2331.79 |22 |19/2+ |
119 |53 |2336.98 |19 |21/2- |0.35 PS +12-9
119 |53 |2376.80 |22 |19/2+ |
119 |53 |2403.31 |19 |21/2+ |
119 |53 |2417.35 |20 |19/2 |4.0 NS 5
119 |53 |2474.99 |20 |(17/2) |
119 |53 |2500.1 |11 | |
119 |53 |2544.37 |19 |19/2- |
119 |53 |2604.01 |22 |19/2+ |3.3 PS 6
119 |53 |2604.9 |6 |23/2- |
119 |53 |2606.09 |17 |23/2- |
119 |53 |2620.27 |25 |21/2 |
119 |53 |2667.07 |23 |(19/2) |
119 |53 |2713.68 |18 |21/2+ |
119 |53 |2723.20 |18 |23/2- |2.8 PS 7
119 |53 |2747.01 |23 |21/2+ |
119 |53 |2785.74 |21 |21/2- |
119 |53 |2788.68 |17 |21/2- |
119 |53 |2790.57 |19 |27/2- |0.62 PS 10
119 |53 |2824.90 |20 |23/2+ |
119 |53 |2865.4 |3 | |
119 |53 |2927.78 |21 |25/2- |0.33 PS 10
119 |53 |2929.84 |25 |23/2 |
119 |53 |2990.08 |21 |19/2(+) |
119 |53 |3035.6 |3 |(21/2) |
119 |53 |3065.67 |19 |23/2- |
119 |53 |3146.19 |18 |21/2(+) |
119 |53 |3165.6 |3 |23/2+ |
119 |53 |3181.23 |25 |23/2+ |
119 |53 |3222.55 |19 |23/2+ |
119 |53 |3258.68 |23 |25/2+ |
119 |53 |3265.4 |4 | |
119 |53 |3289.3 |3 |23/2+ |
119 |53 |3290.4 |3 |25/2 |
119 |53 |3305.7 |3 |23/2+ |
119 |53 |3309.07 |18 |25/2+ |6.6 PS 17
119 |53 |3344.50 |18 |27/2- |0.69 PS 17
119 |53 |3351.09 |19 |23/2(+) |
119 |53 |3382.60 |20 |(25/2-) |
119 |53 |3443.04 |18 |27/2- |0.34 PS 8
119 |53 |3447.6 |3 |(23/2) |
119 |53 |3520.88 |19 |25/2+ |
119 |53 |3527.21 |21 |27/2+ |
119 |53 |3537.58 |24 |25/2+ |
119 |53 |3565.76 |19 |25/2(+) |
119 |53 |3605.73 |22 |31/2- |0.30 PS 6
119 |53 |3619.0 |3 |25/2+ |
119 |53 |3633.46 |22 |29/2- |0.21 PS 7
119 |53 |3663.59 |24 |25/2- |
119 |53 |3673.9 |3 |27/2 |
119 |53 |3684.4 |4 | |
119 |53 |3694.97 |24 |27/2+ |
119 |53 |3725.09 |24 |25/2- |
119 |53 |3736.01 |22 |(27/2-) |
119 |53 |3809.5 |3 |27/2+ |
119 |53 |3840.85 |20 |27/2(+) |
119 |53 |3869.9 |3 |(27/2+) |
119 |53 |3884.5 |3 | |
119 |53 |3899.7 |4 |(27/2+) |
119 |53 |3958.8 |3 | |
119 |53 |4054.7 |4 |(27/2+) |
119 |53 |4063.67 |22 |29/2+ |
119 |53 |4073.2 |3 |(27/2+) |
119 |53 |4083.5 |3 |29/2 |
119 |53 |4095.74 |20 |31/2- |0.35 PS 10
119 |53 |4112.95 |24 |(29/2-) |
119 |53 |4120.1 |3 |29/2+ |
119 |53 |4186.70 |22 |29/2(+) |
119 |53 |4218.39 |21 |31/2- |0.55 PS +28-14
119 |53 |4229.28 |24 |29/2+ |
119 |53 |4293.3 |3 |(29/2+) |
119 |53 |4307.1 |3 | |
119 |53 |4432.52 |23 |31/2+ |
119 |53 |4449.1 |3 |33/2- |0.27 PS +9-6
119 |53 |4461.0 |4 |31/2+ |
119 |53 |4513.72 |25 |35/2- |0.20 PS 3
119 |53 |4518.4 |3 | |
119 |53 |4519.5 |4 |31/2 |
119 |53 |4521.89 |21 |31/2(+) |
119 |53 |4530.2 |4 | |
119 |53 |4536.9 |3 |31/2+ |
119 |53 |4757.0 |4 |(31/2+) |
119 |53 |4844.25 |22 |33/2+ |
119 |53 |4944.8 |4 | |
119 |53 |4951.2 |3 |33/2+ |
119 |53 |4953.69 |23 |35/2- |0.38 PS 10
119 |53 |4969.1 |3 |33/2+ |
119 |53 |4976.8 |4 |(33/2) |
119 |53 |5014.04 |22 |35/2- |0.29 PS 4
119 |53 |5208.0 |4 |35/2+ |
119 |53 |5249.99 |24 |35/2+ |
119 |53 |5366.3 |4 |37/2- |0.22 PS +11-8
119 |53 |5419.8 |3 |35/2+ |
119 |53 |5509.5 |3 |39/2- |0.15 PS 3
119 |53 |5518.79 |25 |37/2+ |
119 |53 |5649.21 |23 |39/2- |1.3 PS 7
119 |53 |5747.2 |4 |37/2+ |
119 |53 |5907.3 |4 |(37/2+) |
119 |53 |5932.6 |3 |(39/2-) |
119 |53 |6051.7 |5 |39/2+ |
119 |53 |6090.5 |3 |39/2+ |
119 |53 |6257.4 |3 |43/2- |3.3 PS 10
119 |53 |6257.4+X | | |125 PS 28
119 |53 |6381.1 |4 |(41/2-) |0.25 PS 4
119 |53 |6405.1 |3 |(39/2+) |
119 |53 |6593.6 |3 |43/2- |0.10 PS 4
119 |53 |6640.6 |5 |(41/2+) |
119 |53 |6686.8 |3 |43/2- |
119 |53 |6694.0 |3 |41/2+ |
119 |53 |6989.2 |5 |43/2+ |
119 |53 |7009.3 |4 |(43/2-) |
119 |53 |7040.7 |4 |(43/2-) |
119 |53 |7177.4 |3 |43/2+ |
119 |53 |7346.7 |3 |45/2- |0.15 PS +11-9
119 |53 |7497.9 |5 |(45/2-) |
119 |53 |7623.6 |5 |(45/2+) |
119 |53 |7663.6 |3 |47/2- |
119 |53 |7737.5 |3 |45/2+ |
119 |53 |7817.6 |3 |45/2 |
119 |53 |7829.6 |4 |(47/2-) |
119 |53 |7854.4 |3 |47/2+ |
119 |53 |8019.3 |6 |(47/2+) |
119 |53 |8192.1 |3 |47/2+ |
119 |53 |8391.5 |3 |51/2+ |
119 |53 |8862.1 |4 |51/2- |
119 |53 |8976.5 |4 |53/2 |
119 |53 |9039.4 |4 |55/2+ |
119 |53 |9721.0 |4 |55/2- |
119 |53 |10167.6 |4 |(57/2) |
119 |53 |10198.5 |4 | |
119 |53 |10654.2 |4 | |
119 |53 |10724.9 |4 |59/2- |
119 |53 |10869.2 |4 | |
119 |53 |11822.5 |5 |(63/2-) |
120 |53 |0.0 | |2- |81.6 M 2
120 |53 |25.07 |8 |1+ |13.6 NS 7
120 |53 |72.61 |9 |1+,2+,3+ |228 NS 15
120 |53 |89.82 |10 |0-,1- |2.0 NS 2
120 |53 |102.25 |10 |1+ |1.35 NS 5
120 |53 |113.52 |9 |1+,2+,3+ |
120 |53 |153.77 |9 |1+ |
120 |53 |158.63 |11 |1+ |
120 |53 |171.86 |9 |1+,2+ |
120 |53 |200.95 |12 |1+ |
120 |53 |203.11 |11 |1+ |
120 |53 |212.37 |10 |1+ |
120 |53 |278.42 |10 |1,2 |
120 |53 |3.2E+2 |15 |(7-) |53 M 4
120 |53 |334.63 |12 | |
120 |53 |369.33 |16 |0-,1 |
120 |53 |375.35 |11 |1+ |
120 |53 |396.30 |13 |0-,1 |
120 |53 |424.98 |19 |0,1,2- |
120 |53 |449.32 |10 |1+ |
120 |53 |476.46 |17 |0,1 |
120 |53 |488.6 |3 |(8-) |
120 |53 |489.79 |14 |0,1 |
120 |53 |529.52 |14 |0-,1 |
120 |53 |580.66 |13 |0-,1 |
120 |53 |658.75 |18 |0,1 |
120 |53 |664.91 |15 |0-,1 |
120 |53 |677.29 |16 |0,1 |
120 |53 |707.73 |14 |0-,1 |
120 |53 |765.0 |4 |(9-) |
120 |53 |850.77 |12 |1+ |
120 |53 |897.83 |14 |0-,1 |
120 |53 |965.62 |10 |1+ |
120 |53 |1023.52 |11 |1+ |
120 |53 |1039.20 |17 |0-,1 |
120 |53 |1058.09 |18 |0-,1 |
120 |53 |1086.24 |17 |0-,1 |
120 |53 |1099.3 |4 |(10-) |
120 |53 |1142.86 |15 |1+ |
120 |53 |1465.6 |5 |(11-) |
120 |53 |1858.0 |5 |(12-) |
120 |53 |2277.6 |5 |(13-) |
120 |53 |2724.0 |5 |(14-) |
120 |53 |3198.9 |5 |(15-) |
120 |53 |3694.9 |6 |(16-) |
120 |53 |X+0.0 | | |
120 |53 |X+56.3 |5 | |
120 |53 |X+70.3 |8 | |
120 |53 |X+151.0 |8 | |
120 |53 |X+183.2 |3 | |
120 |53 |X+274.8 |7 |(7-) |
120 |53 |X+327.1 |5 |(5) |
120 |53 |X+382.4 |7 |(8-) |
120 |53 |X+474.2 |7 | |
120 |53 |X+530.0 |6 | |
120 |53 |X+633.0 |8 | |
120 |53 |X+663.2 |7 | |
120 |53 |X+775.2 |6 |(7-) |
120 |53 |X+840.2 |7 |(8-) |
120 |53 |X+953.3 |7 |(9-) |
120 |53 |X+1016.5 |7 |(10-) |
120 |53 |X+1271.8 |7 |(10-) |
120 |53 |X+1506.2 |7 |(11-) |
120 |53 |X+1730.3 |8 |(12-) |
120 |53 |X+1860.8 |7 |(12-) |
120 |53 |X+2173.9 |8 |(13-) |
120 |53 |X+2541.9 |9 |(14-) |
120 |53 |X+2580.3 |8 |(14-) |
120 |53 |X+2658.3 |22 | |
120 |53 |X+2826.0 |8 |(15-) |
120 |53 |X+3038.0 |8 |(16-) |
120 |53 |X+3071.1 |8 | |
120 |53 |X+3533.8 |9 |(16-) |
120 |53 |X+3917.1 |8 |(17-) |
120 |53 |X+4011 |3 | |
120 |53 |X+4090 |3 | |
120 |53 |X+4606 |3 | |
120 |53 |X+4788.9 |9 |(19-) |
120 |53 |X+5526 |4 | |
120 |53 |X+5856.1 |9 |(21-) |
120 |53 |X+6361.8 |10 |(23-) |
121 |53 |0.0 | |5/2+ |2.12 H 1
121 |53 |95.71 |10 |1/2+ |8.3 NS 4
121 |53 |132.81 |10 |7/2+ |0.35 NS 2
121 |53 |175.84 |11 |3/2+ |0.32 NS 2
121 |53 |252.73 |9 |3/2+ |55 PS +10-15
121 |53 |310.58 |10 |5/2+ |0.13 NS 3
121 |53 |433.56 |13 |(9/2)+ |9.6 NS 4
121 |53 |445.35 |11 |(7/2)+ |0.1 NS LT
121 |53 |529.30 |13 |(9/2)+ |
121 |53 |649.85 |13 |(9/2)+ |
121 |53 |748.26 |16 |(11/2)+ |
121 |53 |801.5 |4 |(11/2+) |
121 |53 |811.67 |13 |(11/2)- |0.189 NS 7
121 |53 |906.00 |19 | |
121 |53 |930.77 |21 |3/2+,5/2+ |
121 |53 |938.20 |16 |3/2+,5/2+ |
121 |53 |961.99 |17 |1/2+,3/2+,5/2+ |
121 |53 |1006.53 |17 |3/2+,5/2+ |
121 |53 |1031.3 |3 |(11/2)+ |
121 |53 |1035.33 |15 |3/2+,5/2+ |
121 |53 |1046.31 |21 | |
121 |53 |1076.81 |18 |(13/2)+ |
121 |53 |1077.47 |16 |3/2+,5/2+ |
121 |53 |1094.16 |21 | |
121 |53 |1113 |6 |(3/2+,5/2+) |
121 |53 |1129.44 |18 | |
121 |53 |1134.0 |4 |(13/2)+ |
121 |53 |1140 |6 |3/2+,5/2+ |
121 |53 |1186.31 |21 | |
121 |53 |1239.71 |24 |(15/2)- |
121 |53 |1254.58 |22 | |
121 |53 |1276.56 |13 |3/2+,5/2+ |
121 |53 |1302.6 |3 | |
121 |53 |1326.2 |3 |(11/2-) |58 PS 12
121 |53 |1339.32 |18 | |
121 |53 |1385 |6 |3/2+,5/2+ |
121 |53 |1435.24 |20 |(15/2)+ |
121 |53 |1466 |6 |1/2+ |
121 |53 |1557 |6 |1/2+ |
121 |53 |1558.5 |3 | |
121 |53 |1575.2 |5 |(15/2+) |
121 |53 |1607 |6 |3/2+,5/2+ |
121 |53 |1679.94 |25 | |
121 |53 |1721.7 |4 |(13/2-) |
121 |53 |1746.8 |4 |(15/2+) |
121 |53 |1749 |6 |+ |
121 |53 |1775 |6 |3/2+,5/2+ |
121 |53 |1780.9 |4 |(19/2)- |
121 |53 |1793.45 |21 |3/2+,5/2+ |
121 |53 |1813.75 |22 |(17/2)+ |
121 |53 |1847.0 |7 | |
121 |53 |1852 |8 |3/2+,5/2+ |
121 |53 |1864.4 |5 |(17/2)+ |
121 |53 |1885 |8 |1/2+ |
121 |53 |1907.65 |22 | |
121 |53 |1919 |8 |3/2+,5/2+ |
121 |53 |1964.57 |20 |3/2+,5/2+ |
121 |53 |2022.9 |3 |3/2+,5/2+ |
121 |53 |2039 |8 |3/2+,5/2+ |
121 |53 |2076.86 |16 | |
121 |53 |2080 |8 |1/2+ |
121 |53 |2132.1 |4 |(15/2-) |
121 |53 |2188.33 |23 | |
121 |53 |2201.7 |11 | |
121 |53 |2218.2 |3 |(19/2)+ |
121 |53 |2220.49 |18 | |
121 |53 |2223.69 |22 | |
121 |53 |2286.1 |7 | |
121 |53 |2350 |8 |3/2+,5/2+ |
121 |53 |2353.0 |3 |(21/2) |80 NS 12
121 |53 |2375 |8 |3/2+,5/2+ |
121 |53 |2376.9 |4 | |9.0 US 14
121 |53 |2426.1 |5 |(23/2)- |
121 |53 |2441.0 |6 |(19/2+) |
121 |53 |2465.5 |4 |3/2+,5/2+ |
121 |53 |2569.9 |5 |(17/2-) |
121 |53 |2588.90 |18 | |
121 |53 |2621.9 |5 |(19/2+) |
121 |53 |2641.8 |3 |(21/2+) |
121 |53 |2684.9 |11 | |
121 |53 |2689.91 |25 | |
121 |53 |2728.9 |5 |(21/2+) |
121 |53 |2739.20 |23 | |
121 |53 |2762 |8 |1/2+ |
121 |53 |2777.0 |9 | |
121 |53 |2780.74 |20 | |
121 |53 |2797.57 |21 | |
121 |53 |2809.9 |4 |3/2+,5/2+ |
121 |53 |2822.3 |4 | |
121 |53 |2830.6 |3 | |
121 |53 |2847.5 |3 | |
121 |53 |2858.9 |11 | |
121 |53 |2892.8 |3 | |
121 |53 |2904.5 |3 | |
121 |53 |2934 |8 | |
121 |53 |2994.1 |3 | |
121 |53 |3023.5 |6 |(19/2-) |
121 |53 |3067.98 |22 | |
121 |53 |3084.8 |4 |(23/2+) |
121 |53 |3097.3 |4 | |
121 |53 |3105.6 |6 |(23/2+) |
121 |53 |3112.7 |3 | |
121 |53 |3158.1 |4 | |
121 |53 |3158.9 |15 | |
121 |53 |3160.0 |3 | |
121 |53 |3166.73 |20 | |
121 |53 |3194.32 |19 | |
121 |53 |3229.8 |3 | |
121 |53 |3248.5 |6 | |
121 |53 |3272.0 |13 | |
121 |53 |3273.5 |5 |(27/2-) |
121 |53 |3281.1 |11 | |
121 |53 |3353.9 |15 | |
121 |53 |3398.49 |23 | |
121 |53 |3438.6 |8 | |
121 |53 |3471.9 |12 | |
121 |53 |3487.2 |9 |(21/2-) |
121 |53 |3496.9 |12 |(25/2+) |
121 |53 |3511.3 |6 |(23/2+) |
121 |53 |3518.2 |6 |(23/2+) |
121 |53 |3533.1 |4 |(25/2+) |
121 |53 |3583.4 |6 |(25/2+) |
121 |53 |3604.1 |11 | |
121 |53 |3638.9 |12 | |
121 |53 |3677.1 |7 | |
121 |53 |3684.1 |11 | |
121 |53 |3704.9 |6 |(25/2+) |
121 |53 |3763.2 |6 |(27/2+) |
121 |53 |3929.1 |15 | |
121 |53 |3965.6 |5 |(27/2+) |
121 |53 |4006.6 |6 |(27/2+) |
121 |53 |4096.9 |18 | |
121 |53 |4098.9 |15 | |
121 |53 |4164.4 |6 |(31/2)- |
121 |53 |4233.9 |15 |(29/2+) |
121 |53 |4322.1 |6 |(29/2+) |
121 |53 |4377.1 |11 |(29/2+) |
121 |53 |4381.5 |12 | |
121 |53 |4436.5 |12 | |
121 |53 |4531.1 |12 | |
121 |53 |4635.9 |15 | |
121 |53 |4662.9 |18 | |
121 |53 |4676.8 |6 |(31/2+) |
121 |53 |4921.9 |21 | |
121 |53 |5001.5 |6 |(33/2+) |
121 |53 |5040.8 |6 |(35/2)- |
121 |53 |5255.5 |15 | |
121 |53 |5338.3 |6 |(35/2+) |
121 |53 |5432.6 |6 |(39/2-) |263 PS 22
121 |53 |5655.7 |6 |(37/2+) |
121 |53 |6245.4 |6 |(41/2-) |
121 |53 |6537.9 |6 |(43/2-) |
121 |53 |6793.2 |6 |(41/2+) |
121 |53 |7206.0 |6 |(43/2-) |
121 |53 |7446.5 |6 |(45/2)+ |
121 |53 |7516.0 |6 |(47/2-) |
121 |53 |8135.2 |6 |(49/2+) |
121 |53 |8776.2 |7 |(51/2) |
121 |53 |8895.2 |7 |(51/2-) |
121 |53 |9030.6 |7 |(53/2) |
121 |53 |9239.2 |7 |(55/2-) |
121 |53 |9501.0 |7 | |
121 |53 |10283.8 |7 | |
121 |53 |10471.7 |7 | |
121 |53 |10632.3 |7 | |
121 |53 |10911.9 |7 | |
121 |53 |11142.8 |7 | |
121 |53 |X | | |
121 |53 |X+495.0 |10 | |
121 |53 |X+1124.0 |15 | |
121 |53 |X+1868.0 |18 | |
121 |53 |X+2705.0 |20 | |
122 |53 |0.0 | |1+ |3.63 M 6
122 |53 |53.114 |15 |0,1,2,3+ |
122 |53 |61.625 |4 |0+,1+ |7.4 NS 3
122 |53 |90.596 |6 |1+,2+ |1.9 NS 3
122 |53 |109.68 |18 | |
122 |53 |148.612 |4 |1+ |80 PS LE
122 |53 |154.35 |23 | |
122 |53 |155.7 |4 |(4+) |16.6 NS
122 |53 |163.066 |7 |1+,2+ |
122 |53 |175.574 |10 | |
122 |53 |176.72 |23 | |
122 |53 |246.66 |20 | |
122 |53 |279.428 |9 |0,1 |
122 |53 |299.3 |3 | |
122 |53 |314.9 |4 |(7-) |190 NS
122 |53 |342.9 |4 |(6+) |
122 |53 |350.052 |8 |1+ |
122 |53 |356.7 |4 | |
122 |53 |379.4 |5 |(7-) |80 US 8
122 |53 |389.9 |5 |(8+) |
122 |53 |394.1 |5 |(8+) |80 US 8
122 |53 |416.675 |19 |1+ |
122 |53 |444.1 |5 |(8-) |148 NS
122 |53 |453.0 |4 | |
122 |53 |458.3 |5 |(8-) |
122 |53 |502.1 |5 | |
122 |53 |519.2 |5 |(8-) |
122 |53 |534.4 |5 | |
122 |53 |581.3 |5 |(6+) |
122 |53 |717.5 |5 |(9-) |
122 |53 |731.6 |5 |(5+) |
122 |53 |746.0 |5 |(9-) |
122 |53 |786.3 |5 |(8+) |
122 |53 |857.7 |6 |(7+) |
122 |53 |1016.9 |5 |(9-) |
122 |53 |1068.2 |5 |(10-) |
122 |53 |1091.9 |5 | |
122 |53 |1108.7 |5 |(10-) |
122 |53 |1166.2 |5 |(10+) |
122 |53 |1208.9 |5 | |
122 |53 |1244.0 |5 |(10-) |
122 |53 |1260.2 |5 |(10-) |
122 |53 |1429.1 |6 |(7+) |
122 |53 |1444.1 |5 |(11-) |
122 |53 |1489.2 |5 |(11-) |
122 |53 |1536.0 |5 |(11+) |
122 |53 |1623.9 |5 |(11-) |
122 |53 |1719.8 |5 | |
122 |53 |1774.8 |5 |(10-) |
122 |53 |1824.9 |5 |(12+) |
122 |53 |1841.4 |5 |(12-) |
122 |53 |1849.4 |5 |(12-) |
122 |53 |2012.5 |5 |(11-) |
122 |53 |2067.3 |6 |(12-) |
122 |53 |2071.4 |6 |(12-) |
122 |53 |2184.2 |5 |(13+) |
122 |53 |2187.6 |7 |(9+) |
122 |53 |2272.9 |5 |(13-) |
122 |53 |2333.8 |5 |(12-) |
122 |53 |2355.8 |5 |(13-) |
122 |53 |2502.1 |6 | |
122 |53 |2523.6 |5 |(14+) |
122 |53 |2546.0 |6 |(13-) |
122 |53 |2649.1 |5 |(13-) |
122 |53 |2679.9 |5 |(14-) |
122 |53 |2729.7 |5 |(14-) |
122 |53 |2824.0 |5 |(15+) |
122 |53 |2987.6 |5 |(14-) |
122 |53 |3007.9 |5 |(16+) |
122 |53 |3045.9 |7 |(14-) |
122 |53 |3052.0 |7 |(14-) |
122 |53 |3216.3 |6 |(15-) |
122 |53 |3290.2 |7 | |
122 |53 |3342.5 |6 |(15-) |
122 |53 |3405.9 |5 |(15-) |
122 |53 |3597.4 |6 |(15-) |
122 |53 |3641.5 |5 |(16-) |
122 |53 |3649.2 |6 |(17+) |
122 |53 |3674.1 |6 |(16-) |
122 |53 |3774.0 |5 |(16-) |
122 |53 |3949.3 |6 |(17+) |
122 |53 |4166.7 |7 |(17-) |
122 |53 |4204.7 |6 |(17-) |
122 |53 |4217.1 |6 |(18+) |
122 |53 |4247.1 |7 | |
122 |53 |4517.7 |6 |(18-) |
122 |53 |4605.3 |6 |(18-) |
122 |53 |4610.8 |7 | |
122 |53 |4775.4 |7 | |
122 |53 |4953.0 |6 |(19-) |
122 |53 |5144.1 |7 |(20+) |
122 |53 |5220.5 |7 |(20-) |
122 |53 |5460.7 |7 | |
122 |53 |5493.4 |7 |(22+) |
122 |53 |6008.6 |7 | |
122 |53 |6217.4 |8 |(23+) |
122 |53 |7023.5 |9 |(24+) |
122 |53 |8323.2 |9 | |
123 |53 |0.0 | |5/2+ |13.2235 H 19
123 |53 |138.20 |12 |7/2+ |
123 |53 |148.92 |10 |1/2+ |2.35 NS 3
123 |53 |178.02 |10 |(3/2)+ |0.36 NS 2
123 |53 |302.20 |10 | |0.8 NS 1
123 |53 |330.28 |10 |(3/2)+ |42 PS 13
123 |53 |474.18 |15 |(7/2)+ |
123 |53 |552.31 |13 |9/2+ |
123 |53 |641.25 |16 |9/2+ |0.2 NS 1
123 |53 |670.95 |14 |9/2+ |
123 |53 |766.5 |3 | |
123 |53 |794.02 |15 |11/2+ |
123 |53 |943.44 |16 |11/2- |0.2 NS 1
123 |53 |972.43 |24 |11/2+ |
123 |53 |1011.06 |14 |(3/2)+ |
123 |53 |1048.70 |13 |1/2+ |
123 |53 |1080.08 |25 |(11/2+) |
123 |53 |1113.10 |13 |(1/2,3/2)+ |
123 |53 |1153.4 |3 |(3/2)+ |
123 |53 |1156.22 |21 |13/2+ |
123 |53 |1189.9 |3 |(1/2,3/2,5/2+) |
123 |53 |1242.37 |16 |1/2+ |
123 |53 |1271 |5 | |
123 |53 |1310.11 |14 |(3/2)+ |
123 |53 |1315.52 |25 |13/2+ |
123 |53 |1338 |3 |1/2+ |
123 |53 |1368 |3 |3/2+,5/2+ |
123 |53 |1390.81 |14 |(1/2+,3/2+) |
123 |53 |1437.4 |3 |(13/2+) |
123 |53 |1440 |5 | |
123 |53 |1453.0 |3 |15/2- |
123 |53 |1493 |3 |1/2+ |
123 |53 |1576.60 |24 |15/2+ |
123 |53 |1583 |3 |3/2+,5/2+ |
123 |53 |1602.5 |4 |(15/2+) |
123 |53 |1607.1 |3 | |
123 |53 |1629 |5 | |
123 |53 |1632.4 |4 |(13/2-) |
123 |53 |1657.1 |3 |(3/2)+ |
123 |53 |1690.3 |3 |15/2+ |
123 |53 |1718 |3 |3/2+,5/2+ |
123 |53 |1744 |5 | |
123 |53 |1791.1 |4 |(15/2+) |
123 |53 |1808 |5 | |
123 |53 |1816.0 |3 | |
123 |53 |1864.90 |13 |1/2+ |
123 |53 |1871.31 |25 |(17/2+) |
123 |53 |1928 |5 |(+) |
123 |53 |1934.15 |15 |(1/2,3/2,5/2)+ |
123 |53 |1956.08 |15 |(3/2)+ |
123 |53 |1983 |3 |3/2+,5/2+ |
123 |53 |2000.6 |4 | |0.4 NS 1
123 |53 |2012 |5 | |
123 |53 |2016.2 |3 |(17/2+) |
123 |53 |2039.8 |4 |19/2- |
123 |53 |2048 |5 |1/2+ |
123 |53 |2062.50 |12 |(1/2,3/2,5/2)+ |
123 |53 |2082.1 |3 |(17/2+) |
123 |53 |2083 |5 | |
123 |53 |2110 |5 | |
123 |53 |2140 |5 |(+) |
123 |53 |2152.41 |21 | |
123 |53 |2201.33 |22 | |
123 |53 |2215 |10 | |
123 |53 |2250.04 |18 |(3/2)+ |
123 |53 |2261.9 |5 | |
123 |53 |2265.5 |4 |(17/2-) |
123 |53 |2282.4 |11 | |
123 |53 |2285.53 |21 |1/2+ |
123 |53 |2319.4 |11 | |
123 |53 |2322.6 |3 | |
123 |53 |2327.4 |4 | |
123 |53 |2339.0 |4 | |
123 |53 |2360 |6 | |
123 |53 |2361.8 |4 |(19/2+) |
123 |53 |2367.79 |22 | |
123 |53 |2369.6 |4 | |
123 |53 |2389.4 |3 |(3/2)+ |
123 |53 |2421 |5 |(3/2+,5/2+) |
123 |53 |2440.0 |4 | |
123 |53 |2455.5 |5 |(1/2+) |
123 |53 |2466.2 |4 |(19/2+) |
123 |53 |2477 |5 |3/2+,5/2+ |
123 |53 |2481.6 |4 | |
123 |53 |2501.0 |4 |(19/2+) |
123 |53 |2515 |8 |1/2+ |
123 |53 |2542 |8 |3/2+,5/2+ |
123 |53 |2560.3 |5 | |
123 |53 |2567.3 |4 | |
123 |53 |2580.0 |5 | |
123 |53 |2614.1 |4 |23/2- |
123 |53 |2647.4 |5 |(19/2+) |
123 |53 |2659.9 |4 |(21/2+) |27.2 NS 15
123 |53 |2711.9 |4 |(21/2+) |
123 |53 |2732 |5 | |
123 |53 |2766 |8 |(1/2+) |
123 |53 |2790.3 |4 | |
123 |53 |2807 |5 |3/2+,5/2+ |
123 |53 |2846 |5 | |
123 |53 |2880 |8 |1/2+ |
123 |53 |2947.6 |5 |(21/2-) |
123 |53 |2963 |8 |3/2+,5/2+ |
123 |53 |3001 |8 | |
123 |53 |3032 |8 | |
123 |53 |3059 |8 |1/2+ |
123 |53 |3145 |8 | |
123 |53 |3178 |8 |1/2+ |
123 |53 |3207 |8 |1/2+ |
123 |53 |3255 |8 | |
123 |53 |3286 |8 | |
123 |53 |3309 |8 |(1/2+) |
123 |53 |3409 | | |
123 |53 |3512.4 |5 |(27/2-) |
123 |53 |3697 | | |
123 |53 |4326.9 |6 |(31/2-) |
123 |53 |5001.5 |6 |(35/2-) |
123 |53 |5592.4 |6 |(39/2-) |
123 |53 |6092.9 |11 | |
123 |53 |6424.6 |7 |(41/2-) |
123 |53 |6777.3 |7 |(43/2-) |
123 |53 |6784.4 |10 | |
123 |53 |7030.2 |8 |(43/2-) |
123 |53 |7179.7 |8 | |
123 |53 |7549.7 |10 | |
123 |53 |7579.4 |8 |(45/2) |
123 |53 |7885.7 |11 | |
123 |53 |8023.8 |11 | |
123 |53 |8315.0 |12 | |
123 |53 |8570.2 |10 |(47/2) |
123 |53 |8985.5 |12 | |
123 |53 |12102 |20 |1/2+ |51 KEV 5
123 |53 |12260 |20 |3/2+ |33 KEV 5
123 |53 |13533 |20 |(3/2+,5/2+) |
123 |53 |13663 |20 |(3/2+,5/2+) |
123 |53 |13861 |20 |(1/2) |36 KEV 5
123 |53 |13969 |20 |(3/2-) |38 KEV 5
123 |53 |14067 |20 |(3/2-) |32 KEV 7
123 |53 |14117 |20 |(7/2-) |37 KEV 6
123 |53 |14168 |20 |(3/2-) |50 KEV 10
123 |53 |14463 |20 |(1/2-,3/2-) |
123 |53 |14653 |20 | |
123 |53 |14823 |20 |(5/2-,7/2-) |
123 |53 |14989 |20 | |
123 |53 |15793 |20 | |
124 |53 |0.0 | |2- |4.1760 D 3
124 |53 |55.48 |5 |(3+) |52 NS 5
124 |53 |105.40 |25 | |
124 |53 |123.04 |6 |(4-) |9.6 NS 10
124 |53 |150.55 |9 |(+) |
124 |53 |163.39 |9 |(+) |
124 |53 |169.59 |15 |(+) |
124 |53 |184.20 |7 |(3-) |
124 |53 |213.27 |25 | |
124 |53 |246.92 |13 | |
124 |53 |250.54 |13 | |14 NS
124 |53 |255.90 |11 | |
124 |53 |265.96 |10 | |
124 |53 |275.39 |16 |(5-) |
124 |53 |287.36 |23 |(6-) |1.6 NS 3
124 |53 |289.02 |13 |(2,4) |
124 |53 |291.14 |16 |(3-,4-,5-) |
124 |53 |297.03 |9 |(3-) |
124 |53 |300.6 |3 | |
124 |53 |311.4 |8 |(7-) |3 NS
124 |53 |323.6 |6 | |
124 |53 |336.79 |15 | |
124 |53 |345.56 |21 | |
124 |53 |353.55 |19 | |
124 |53 |361.91 |14 |(2-,3-,4-) |
124 |53 |369.60 |14 | |
124 |53 |380.17 |13 | |
124 |53 |397.1 |5 | |10.0 NS 7
124 |53 |404.56 |20 |(4-,5-,6-) |
124 |53 |426.7 |10 |(5+) |
124 |53 |442.76 |16 |(4-) |
124 |53 |443.35 |18 | |
124 |53 |446.87 |12 |(1-,3-) |
124 |53 |448.73 |18 | |
124 |53 |454.0 |9 |(8-) |
124 |53 |466.8 |5 |(6-) |
124 |53 |492.95 |16 |(-) |
124 |53 |496.69 |13 |(1-,2-,3-) |
124 |53 |535.5 |7 |(7-) |
124 |53 |543.40 |17 | |
124 |53 |557.1 |9 |(8-) |
124 |53 |591.7 |3 | |
124 |53 |596.38 |16 |(1-,2-,3-) |
124 |53 |604.88 |17 | |
124 |53 |609.4 |4 | |
124 |53 |622.8 |7 | |
124 |53 |654.20 |21 | |
124 |53 |664.86 |22 | |
124 |53 |689.7 |10 |(8-) |14 NS
124 |53 |724.8 |15 |(6+) |
124 |53 |748.0 |6 | |
124 |53 |755.9 |9 |(9-) |
124 |53 |761.6 |11 | |
124 |53 |765.1 |4 | |
124 |53 |766.3 |7 | |
124 |53 |781.72 |18 | |
124 |53 |783.0 |6 | |
124 |53 |880.4 |10 |(8-) |
124 |53 |909.7 |4 | |
124 |53 |926.08 |21 | |
124 |53 |936.3 |8 | |
124 |53 |947.2 |12 |(9-) |
124 |53 |985.4 |6 | |
124 |53 |1078.9 |10 |(9-) |
124 |53 |1081.0 |15 |(7+) |
124 |53 |1134.9 |10 |(10-) |
124 |53 |1245.3 |9 |(9-) |
124 |53 |1296.9 |10 |(10+) |
124 |53 |1304.3 |12 |(10-) |
124 |53 |1304.9 |12 |(10-) |
124 |53 |1432.6 |18 |(8+) |
124 |53 |1490.3 |11 |(11-) |
124 |53 |1681.8 |13 |(11+) |
124 |53 |1705.8 |12 |(11-) |
124 |53 |1810.4 |18 |(9+) |
124 |53 |1893.5 |11 |(12-) |
124 |53 |1986.0 |13 |(12+) |
124 |53 |2116.7 |12 |(12-) |
124 |53 |2130.0 |13 |(12-) |
124 |53 |2172.0 |20 |(10+) |
124 |53 |2343.7 |14 |(13+) |
124 |53 |2359.2 |13 |(13-) |
124 |53 |2562.2 |20 |(11+) |
124 |53 |2569.7 |13 |(13-) |
124 |53 |2682.1 |15 |(14+) |
124 |53 |2735.7 |12 | |
124 |53 |2746.3 |13 |(14-) |
124 |53 |2763.8 |12 | |
124 |53 |2788.8 |13 | |
124 |53 |2907.7 |15 |(15+) |
124 |53 |3022.9 |14 |(14-) |
124 |53 |3100.2 |16 |(14-) |
124 |53 |3205.8 |16 |(16+) |
124 |53 |3382.7 |15 |(15-) |
124 |53 |3485.1 |12 |(15-) |
124 |53 |3745.3 |17 |(16-) |
124 |53 |3860.1 |15 | |
124 |53 |3887.9 |16 |(17+) |
124 |53 |4093.8 |17 |(17+) |
124 |53 |4211.5 |16 |(17-) |
124 |53 |4366.0 |17 |(18+) |
124 |53 |4396.2 |18 |(17-) |
124 |53 |4652.3 |20 |(18-) |
124 |53 |4863.8 |19 |(19-) |
124 |53 |4967.6 |18 |(19+) |
124 |53 |5342.7 |18 |(20+) |
124 |53 |5515.6 |20 | |
124 |53 |5555.5 |21 |(21-) |
125 |53 |0.0 | |5/2+ |59.407 D 10
125 |53 |113.544 |7 |7/2+ |0.61 NS 2
125 |53 |188.416 |4 |3/2+ |0.344 NS 9
125 |53 |243.382 |4 |1/2+ |0.230 NS 10
125 |53 |372.066 |13 |3/2+ |
125 |53 |453.792 |9 |3/2+ |
125 |53 |536.10 |13 |7/2+ |
125 |53 |595.56 |11 |9/2+ |
125 |53 |625 |4 |(+) |
125 |53 |704.31 |11 |9/2+ |
125 |53 |768.10 |13 |11/2+ |
125 |53 |935.7 |3 |9/2(+) |0.2 NS 1
125 |53 |1007.450 |16 |3/2+ |
125 |53 |1066 |3 |3/2+,5/2+ |
125 |53 |1082.8 |8 | |
125 |53 |1084.86 |14 |(11/2)- |0.2 NS LE
125 |53 |1089.904 |12 |(1/2)+ |
125 |53 |1150 |5 | |
125 |53 |1173.07 |19 |11/2+ |
125 |53 |1180.872 |13 |3/2+ |
125 |53 |1198 |3 |3/2+,5/2+ |
125 |53 |1203.72 |17 |13/2+ |
125 |53 |1252 |4 |7/2+,9/2+ |
125 |53 |1263.95 |3 |(1/2,3/2) |
125 |53 |1269.9 |4 |11/2(+) |
125 |53 |1289 |3 | |
125 |53 |1332.0 |6 | |
125 |53 |1337 |3 |3/2+,5/2+ |
125 |53 |1365 |6 | |
125 |53 |1381.635 |22 |1/2+,3/2+ |
125 |53 |1392 |6 |3/2+,5/2+,(1/2+) |
125 |53 |1442.80 |5 |3/2+ |
125 |53 |1481 |3 | |
125 |53 |1512 |3 | |
125 |53 |1543 |5 | |
125 |53 |1554.44 |20 |15/2 |
125 |53 |1562.43 |10 |1/2,3/2 |
125 |53 |1580 |5 |(1/2+) |
125 |53 |1610 |5 |(1/2+) |
125 |53 |1616.7 |4 |13/2(+) |
125 |53 |1663 |4 |3/2+,5/2+ |
125 |53 |1664.55 |22 |(15/2)- |
125 |53 |1690 |5 |1/2+ |
125 |53 |1733 |4 |7/2+,9/2+ |
125 |53 |1778 |4 |+ |
125 |53 |1827 |6 |+ |
125 |53 |1868.7 |6 | |
125 |53 |1870.9 |3 |15/2 |
125 |53 |1887.93 |22 |17/2+ |
125 |53 |1916 |5 |1/2+ |
125 |53 |1938 |4 |3/2+,5/2+ |
125 |53 |1978 |5 |3/2+,5/2+ |
125 |53 |1997.4 |5 |(15/2) |
125 |53 |2031 |5 |3/2+,5/2+ |
125 |53 |2069 |5 |1/2+ |
125 |53 |2142 |5 |1/2+ |
125 |53 |2183 |5 |1/2+ |
125 |53 |2221.7 |6 | |
125 |53 |2231 |5 |(3/2+,5/2+) |
125 |53 |2278.1 |3 |(19/2)- |
125 |53 |2302 |5 |(3/2+,5/2+) |
125 |53 |2350.52 |24 |(17/2) |1.6 NS 3
125 |53 |2354 |5 |(3/2+,5/2+) |
125 |53 |2397.0 |6 | |
125 |53 |2399 |5 |1/2+ |
125 |53 |2438 |5 |3/2+,5/2+ |
125 |53 |2462.9 |4 | |
125 |53 |2472 |5 |1/2+ |
125 |53 |2502.3 |3 |19/2 |
125 |53 |2517 |8 |3/2+,5/2+ |
125 |53 |2553 |8 |(3/2+,5/2+) |
125 |53 |2554.78 |25 |19/2 |
125 |53 |2589 |8 | |
125 |53 |2624.2 |6 | |
125 |53 |2654 |5 |1/2+ |
125 |53 |2694 |8 |1/2+ |
125 |53 |2713.3 |6 | |
125 |53 |2731 |8 |3/2+,5/2+ |
125 |53 |2737.9 |4 |21/2 |
125 |53 |2783.9 |4 |(23/2-) |
125 |53 |2790.9 |3 |(21/2) |0.3 NS 1
125 |53 |2796 |8 | |
125 |53 |2815.0 |8 | |
125 |53 |2838 |8 | |
125 |53 |2884 |8 | |
125 |53 |2916.1 |6 | |
125 |53 |2919.1 |6 | |
125 |53 |2932 |8 |1/2+ |
125 |53 |2982 |8 |1/2+ |
125 |53 |3026 |8 | |
125 |53 |3060 |8 |1/2+ |
125 |53 |3060.2 |4 | |
125 |53 |3073.4 |11 | |
125 |53 |3098.9 |3 |(23/2) |
125 |53 |3100 |8 | |
125 |53 |3149 |8 |1/2+ |
125 |53 |3158.8 |6 | |
125 |53 |3195 |10 | |
125 |53 |3241 |10 | |
125 |53 |3258.9 |16 | |
125 |53 |3259.5 |4 | |
125 |53 |3284 |10 | |
125 |53 |3293.4 |4 | |
125 |53 |3302.9 |7 | |
125 |53 |3312 |10 | |
125 |53 |3343 |10 | |
125 |53 |3375 |10 | |
125 |53 |3413 |10 | |
125 |53 |3447 |10 | |
125 |53 |3458.8 |7 | |
125 |53 |3474 |10 | |
125 |53 |3496.9 |5 | |
125 |53 |3500 |10 | |
125 |53 |3547 |10 | |
125 |53 |3585 |10 |1/2+ |
125 |53 |3621 |10 |1/2+ |
125 |53 |3654 |10 | |
125 |53 |3674.5 |5 |27/2 |
125 |53 |3685 |10 | |
125 |53 |3728 |10 |1/2+ |
125 |53 |3768 |10 | |
125 |53 |3775.3 |14 | |
125 |53 |3800 |10 | |
125 |53 |3829 |10 |1/2+ |
125 |53 |3859 |10 |1/2+ |
125 |53 |3867.9 |7 | |
125 |53 |3894 |10 |1/2+ |
125 |53 |3930 |10 | |
125 |53 |3964 |10 | |
125 |53 |4006 |10 | |
125 |53 |4042 |10 | |
125 |53 |4082 |10 | |
125 |53 |13092 |20 |1/2+ |
125 |53 |13127 |20 |3/2+ |
125 |53 |13752 |20 |(5/2)+ |
125 |53 |13830 |20 |(5/2+) |
125 |53 |14123 |20 | |
125 |53 |14230 |20 | |
125 |53 |14341 |20 | |
125 |53 |14631 |20 |(1/2+) |
125 |53 |14911 |20 |(7/2)- |
125 |53 |15025 |20 |(3/2)- |
125 |53 |15069 |20 |7/2- |
125 |53 |15115 |20 |(1/2)- |
125 |53 |15183 |20 |7/2- |
125 |53 |15354 |20 |3/2- |
125 |53 |15601 |20 | |
125 |53 |15811 |20 | |
125 |53 |15968 |20 | |
125 |53 |16138 |20 | |
126 |53 |0.0 | |2- |12.93 D 5
126 |53 |56.43 | |1+ |15.9 NS 14
126 |53 |110.85 |4 |1+,2+,3+ |56 NS 3
126 |53 |122.17 |5 |1-,2-,3- |13.5 NS 10
126 |53 |146 |2 | |
126 |53 |166.04 |8 | |
126 |53 |178.96 |6 | |
126 |53 |204.28 |6 |+ |
126 |53 |222.62 |4 |1+,2+,3+ |
126 |53 |227.78 |5 |1+,2+ |
126 |53 |237.39 |6 |1+,2+,3+ |
126 |53 |244.79 |7 | |
126 |53 |311.28 |6 |0+,1+,2+ |
126 |53 |331.28 |7 |- |
126 |53 |338.49 |9 |- |
126 |53 |343.46 |5 |- |
126 |53 |348.43 |6 |1+,2+ |
126 |53 |360 |10 | |
126 |53 |365.49 |7 | |
126 |53 |369.57 |8 |- |
126 |53 |373.76 |6 |+ |
126 |53 |393.79 |6 | |
126 |53 |397.56 |8 |(1,2,3)- |
126 |53 |410 |3 | |
126 |53 |422.23 |7 | |
126 |53 |434.22 |5 |+ |
126 |53 |448 |2 | |
126 |53 |458.04 |13 | |
126 |53 |465 |10 | |
126 |53 |478.99 |7 |(1,2)+ |
126 |53 |491.03 |11 |+ |
126 |53 |506.96 |14 | |
126 |53 |513.49 |8 |+ |
126 |53 |535.62 |8 |+ |
126 |53 |544.65 |8 |+ |
126 |53 |550 |10 | |
126 |53 |566.79 |10 | |
126 |53 |570.36 |7 | |
126 |53 |580.64 |13 | |
126 |53 |591.34 |7 | |
126 |53 |617.88 |11 |+ |
126 |53 |658.29 |12 | |
126 |53 |676.68 |8 |+ |
126 |53 |687.92 |9 |1-,2-,3- |
126 |53 |703.14 |7 |+ |
126 |53 |714.70 |7 | |
126 |53 |748.69 |12 | |
126 |53 |800.09 |13 | |
126 |53 |812.79 |11 | |
126 |53 |819.48 |12 | |
126 |53 |868.99 |9 | |
126 |53 |890.29 |12 | |
126 |53 |944.67 |21 | |
126 |53 |956.6 |12 | |
126 |53 |979.1 |3 | |
126 |53 |1000.19 |12 | |
126 |53 |1002.57 |11 | |
126 |53 |1082.69 |14 | |
126 |53 |1102.16 |13 | |
127 |53 |0.0 | |5/2+ |STABLE
127 |53 |57.608 |11 |7/2+ |1.95 NS 1
127 |53 |202.860 |8 |3/2+ |0.387 NS 9
127 |53 |295 |4 | |
127 |53 |374.992 |9 |1/2+ |31 PS 8
127 |53 |417.99 |6 |5/2+ |3.3 PS 3
127 |53 |473 |4 | |
127 |53 |618.31 |13 |3/2+ |2.1 PS LT
127 |53 |628.69 |16 |7/2+ |1.9 PS 6
127 |53 |650.92 |8 |9/2(+) |3.9 PS 4
127 |53 |716.50 |6 |(11/2+) |3.0 PS 6
127 |53 |744.71 |8 |9/2(+) |2.79 PS 18
127 |53 |831 |4 | |
127 |53 |883 |4 | |
127 |53 |990.94 |12 |3/2+,5/2+ |
127 |53 |1044.10 |16 |7/2+ |0.21 PS 7
127 |53 |1094.37 |12 |3/2+,5/2+ |0.21 PS 7
127 |53 |1122.76 |20 |1/2+ |
127 |53 |1181.40 |15 |(9/2+) |
127 |53 |1218.45 |17 |(7/2+) |
127 |53 |1228.91 |20 | |
127 |53 |1235.07 |13 |(11/2)- |
127 |53 |1266.6 |3 |(13/2+) |
127 |53 |1274.97 |10 |(7/2)+ |
127 |53 |1319 |6 |(7/2+,9/2+) |
127 |53 |1342 |6 |(7/2+,9/2+) |
127 |53 |1350.2 |4 |(9/2+) |
127 |53 |1363.97 |20 | |
127 |53 |1375 |6 | |
127 |53 |1401.82 |13 |3/2+,5/2+ |
127 |53 |1413.20 |15 |(9/2+) |0.64 PS LT
127 |53 |1442.9 |12 |1/2+,3/2+,5/2+ |
127 |53 |1480.0 |3 |(15/2+) |
127 |53 |1507 |6 |3/2+,5/2+ |
127 |53 |1516.65 |15 | |
127 |53 |1555.6 |17 |(1/2+,3/2+,5/2+) |
127 |53 |1569 |6 |7/2+,9/2+ |
127 |53 |1654.08 |21 | |
127 |53 |1658.6 |3 |5/2+,3/2+ |
127 |53 |1675.8 |9 |(11/2+) |
127 |53 |1696 |6 | |
127 |53 |1719 |6 | |
127 |53 |1775.5 |8 | |
127 |53 |1792 |8 |(1/2+) |
127 |53 |1836 |8 | |
127 |53 |1860.4 |4 | |
127 |53 |1869.5 |9 |(3/2+,5/2+) |
127 |53 |1873 |8 | |
127 |53 |1876.7 |5 |(17/2+) |
127 |53 |1886 |8 |3/2+,5/2+ |
127 |53 |1894.0 |10 |(15/2)- |
127 |53 |1909 |3 |5/2+,7/2,9/2+ |
127 |53 |1913 |8 |(1/2+) |
127 |53 |1978 |8 | |
127 |53 |2060 |8 | |
127 |53 |2072.2 |9 |(13/2+) |
127 |53 |2075.4 |8 | |
127 |53 |2136 |8 |(3/2+,5/2+) |
127 |53 |2168 |8 |(3/2+,5/2+) |
127 |53 |2237 |3 | |
127 |53 |2264 |3 | |
127 |53 |2314 |3 | |
127 |53 |2355 |3 | |
127 |53 |2360.1 |6 |(19/2+) |
127 |53 |2399 |3 | |
127 |53 |2412.3 |9 |(15/2+) |
127 |53 |2431 |8 | |
127 |53 |2456 |8 | |
127 |53 |2496 |8 | |
127 |53 |2524 |8 | |
127 |53 |2545.8 |15 |(19/2)- |
127 |53 |2611 |8 | |
127 |53 |2641 |8 | |
127 |53 |2689 |8 | |
127 |53 |2735 |8 | |
127 |53 |2752 |8 | |
127 |53 |2792 |8 | |
127 |53 |2810.2 |12 |(21/2+) |
127 |53 |2816 |8 | |
127 |53 |2849 |8 | |
127 |53 |2894 |8 | |
127 |53 |2947 |8 | |
127 |53 |2975.8 |18 |(23/2)- |
127 |53 |2997 |8 | |
127 |53 |3010 |8 | |
127 |53 |3102 |8 | |
127 |53 |3126 |8 | |
127 |53 |3218 |8 | |
127 |53 |3283 |8 | |
127 |53 |3335 |8 | |
127 |53 |3350.3 |18 | |
127 |53 |3372 |8 | |
127 |53 |3404 |8 | |
127 |53 |7727 |20 |3/2+ |
127 |53 |7798 |20 |1/2+ |
127 |53 |8507 |20 |(5/2+) |
127 |53 |8870 |20 |(5/2+) |
127 |53 |9100 |20 | |
127 |53 |9292 |20 | |
127 |53 |9410 |20 | |
127 |53 |9545 |20 | |
127 |53 |9632 |20 |7/2- |
127 |53 |9705 |20 | |
127 |53 |9740 |20 |7/2- |
127 |53 |9847 |20 |7/2- |
127 |53 |9903 |20 | |
127 |53 |10083 |20 | |
127 |53 |10150 |20 |(3/2-) |
127 |53 |10347 |20 |1/2- |
127 |53 |10423 |20 | |
127 |53 |10518 |20 | |
127 |53 |10780 |20 | |
127 |53 |11142 |20 |3/2- |
127 |53 |11421 |20 | |
127 |53 |11885 |20 | |
127 |53 |12193 |20 | |
128 |53 |0.0 | |1+ |24.99 M 2
128 |53 |27.3621 |11 |2+ |
128 |53 |85.470 |3 |3+ |
128 |53 |128.233 |7 |(4)+ |
128 |53 |133.6106 |10 |2- |12.3 NS 5
128 |53 |137.850 |4 |4- |0.845 US 20
128 |53 |143.994 |9 |(3)- |
128 |53 |151.6419 |21 |(3)+ |0.7 NS LT
128 |53 |160.7562 |11 |1+,2+ |0.7 NS LT
128 |53 |167.367 |5 |(6)- |175 NS 15
128 |53 |180.377 |3 |(3)+ |1.7 NS LT
128 |53 |220.9256 |24 |1+,2+,3+ |0.7 NS LT
128 |53 |226.101 |6 |(5,6,7)- |
128 |53 |232.578 |4 |4+ |1.7 NS LT
128 |53 |234.487 |5 |(5)- |
128 |53 |269.711 |7 |(5,6,7)- |
128 |53 |285.4 |4 | |
128 |53 |294.357 |4 |(5)- |
128 |53 |295.667 |4 |(2,3,4)+ |0.8 NS LT
128 |53 |344.516 |4 |(2,3,4)+ |1.2 NS LT
128 |53 |372.120 |7 | |0.4 NS LT
128 |53 |376.623 |5 |(4)- |5 NS LT
128 |53 |385.447 |5 |2+,3+ |0.3 NS LT
128 |53 |386.593 |4 |(3to6)- |0.8 NS LT
128 |53 |392.002 |3 |1+,2+,3+ |0.5 NS LT
128 |53 |416.280 |3 |(2,3)+ |0.4 NS LT
128 |53 |426.339 |4 |1+,3+ |0.5 NS LT
128 |53 |434.355 |14 | |
128 |53 |435.511 |4 |(2,3)- |0.6 NS LT
128 |53 |445.3 |3 | |
128 |53 |480.9 |5 | |
128 |53 |485.422 |10 | |1.4 NS LT
128 |53 |518.455 |5 |(3,4)- |0.2 NS LT
128 |53 |521.080 |15 |(4-,5-) |1.5 NS LT
128 |53 |529.966 |19 |(3+) |
128 |53 |536.48 |9 | |
128 |53 |549.733 |18 |(3+,4+) |
128 |53 |552.320 |14 | |1.0 NS LT
128 |53 |554.431 |6 |(3-) |0.3 NS LT
128 |53 |581.3 |4 | |
128 |53 |589.4 |9 | |
128 |53 |608.704 |5 |4- |0.6 NS LT
128 |53 |613.11 |17 | |
128 |53 |629.7 |4 | |
128 |53 |657.01 |4 | |
128 |53 |661.36 |6 | |
128 |53 |676.69 |9 | |
128 |53 |678.92 |8 | |
128 |53 |687.050 |6 |3-,4- |0.5 NS LT
128 |53 |704.95 |12 | |
128 |53 |715.2 |7 |(1-,2,3+) |
128 |53 |724.2 |5 | |
128 |53 |728.183 |19 |- |
128 |53 |735.46 |8 |3,5 |
128 |53 |750.79 |13 | |
128 |53 |768.36 |15 | |
128 |53 |770.7 |4 | |
128 |53 |778.62 |9 | |
128 |53 |787.96 |23 | |
128 |53 |791.9 |5 | |
128 |53 |794.64 |20 | |
128 |53 |821.41 |6 | |
128 |53 |825.1 |7 | |
128 |53 |828.1 |3 | |
128 |53 |834.61 |14 | |
128 |53 |838.9 |4 |(1-,2,3+) |
128 |53 |842.1 |6 | |
128 |53 |844.63 |15 | |
128 |53 |848.99 |8 | |
128 |53 |856.8 |8 | |
128 |53 |866.56 |10 | |
128 |53 |867.16 |10 | |
128 |53 |876.2 |10 | |
128 |53 |880.97 |5 | |
128 |53 |910.1 |7 | |
128 |53 |917.01 |10 | |
128 |53 |934.06 |7 |(3,4)- |
128 |53 |942.30 |10 |(3-,4,5-) |
128 |53 |944.75 |9 | |
128 |53 |957.1 |7 | |
128 |53 |985.50 |64 | |
128 |53 |994.3 |11 | |
128 |53 |1006.56 |15 | |
128 |53 |1013.1 |4 | |
128 |53 |1015.88 |18 | |
128 |53 |1024.8 |5 |(3,4,5) |
128 |53 |1032.02 |14 |2+,3,4- |
128 |53 |1035.5 |7 | |
128 |53 |1049.01 |20 |1,2,3 |
128 |53 |1062.0 |8 | |
128 |53 |1064.8 |5 | |
128 |53 |1084.5 |3 | |
128 |53 |1091.79 |9 | |
128 |53 |1099.8 |4 | |
128 |53 |1109.7 |13 | |
128 |53 |1117.7 |6 | |
128 |53 |1128.0 |6 | |
128 |53 |1135.69 |12 | |
128 |53 |1149.01 |13 | |
128 |53 |1164.4 |5 | |
128 |53 |1168.90 |6 | |
128 |53 |1171.3 |5 | |
128 |53 |1178.48 |7 | |
128 |53 |1197.39 |14 | |
128 |53 |1211.45 |19 | |
128 |53 |1217.6 |6 |2,3,4 |
128 |53 |1226.5 |4 |(3,4)- |
128 |53 |1232.2 |12 | |
128 |53 |1242.1 |13 | |
128 |53 |1246.6 |3 |2,3,4 |
128 |53 |1250.29 |25 |2,3,4 |
128 |53 |1256.8 |8 | |
128 |53 |1266.43 |21 |(2,3) |
128 |53 |1274.2 |5 | |
128 |53 |1291.2 |16 | |
128 |53 |1300.9 |4 |2,3,4 |
128 |53 |1303.66 |13 | |
128 |53 |1324.9 |10 | |
128 |53 |1329.6 |5 | |
128 |53 |1336.08 |11 | |
128 |53 |1343.51 |22 | |
128 |53 |1348.82 |19 | |
128 |53 |1360.10 |17 |(3,4) |
128 |53 |1362.48 |5 | |
128 |53 |1370.1 |6 | |
128 |53 |1382.71 |8 | |
128 |53 |1391.78 |9 | |
128 |53 |1404.0 |13 | |
128 |53 |1418.43 |11 | |
128 |53 |1429.85 |14 | |
128 |53 |1438.90 |10 | |
128 |53 |1442.0 |5 | |
128 |53 |1454.9 |7 | |
128 |53 |1459.7 |7 | |
128 |53 |1475.7 |14 | |
128 |53 |1486.7 |5 | |
128 |53 |1498.7 |5 | |
128 |53 |1506.2 |9 | |
128 |53 |1528.00 |24 |(2,3,4) |
128 |53 |1531.9 |7 |2,3,4 |
128 |53 |1537.2 |4 | |
128 |53 |1542.1 |7 | |
128 |53 |1553.8 |7 | |
128 |53 |1559.9 |6 | |
128 |53 |1565.8 | | |
128 |53 |1574.4 |6 | |
128 |53 |1579.93 |9 | |
128 |53 |1598.34 |11 | |
128 |53 |1615.87 |5 | |
128 |53 |1619.3 |7 | |
128 |53 |1627.2 |3 | |
128 |53 |1634.0 |4 | |
128 |53 |1650.96 |24 | |
128 |53 |1664.5 |6 | |
128 |53 |1677.4 |11 | |
128 |53 |1691.58 |14 | |
128 |53 |1703.1 |6 | |
128 |53 |1715.8 |4 | |
128 |53 |1717.2 |10 | |
128 |53 |1724.2 |7 |(3,4,5) |
128 |53 |1729.60 |6 | |
128 |53 |1732.95 |24 | |
128 |53 |1739.0 |5 | |
128 |53 |1746.0 |9 | |
128 |53 |1752.5 |14 | |
128 |53 |1761.09 |9 | |
128 |53 |1772.7 |4 | |
128 |53 |1782.89 |6 | |
128 |53 |1793.19 |12 | |
128 |53 |1803.8 |7 | |
128 |53 |1807.0 |4 | |
128 |53 |1818.06 |19 | |
128 |53 |1826.5 |5 | |
128 |53 |1836.7 |9 | |
128 |53 |1843.88 |13 | |
128 |53 |1863.4 |4 | |
128 |53 |1866.4 |5 |(3,4) |
128 |53 |1873.6 |3 |2,3,4 |
128 |53 |1875.87 |13 | |
128 |53 |1886.4 |4 |(3) |
128 |53 |1893.6 |8 | |
128 |53 |1904.2 |8 | |
128 |53 |1918.5 |3 | |
128 |53 |1921.3 |6 | |
128 |53 |1932.99 |9 | |
128 |53 |1942.8 |9 | |
128 |53 |1946.91 |6 | |
128 |53 |1971.72 |20 | |
128 |53 |1983.3 |8 |1,2,3 |
128 |53 |1987.57 |25 | |
128 |53 |1994.8 |9 | |
128 |53 |2004.1 |9 | |
128 |53 |2013.2 |8 | |
128 |53 |2025.4 |8 | |
128 |53 |2037.51 |11 | |
128 |53 |2050.76 |13 | |
128 |53 |2067.09 |6 | |
128 |53 |2070.8 |7 | |
128 |53 |2082.25 |10 | |
128 |53 |2115.40 |6 | |
128 |53 |2130.33 |23 | |
128 |53 |2144.1 |11 |1,2,3 |
128 |53 |2150.37 |19 | |
128 |53 |2161.6 |7 | |
128 |53 |2166.50 |11 | |
128 |53 |2186.7 |7 | |
128 |53 |2191.22 |11 | |
128 |53 |2205.0 |11 | |
128 |53 |2206.57 |10 | |
128 |53 |2320.2 |6 | |
128 |53 |2425.4 |9 | |
128 |53 |2432.7 |5 |(2,3,4) |
128 |53 |2454.0 |5 |(3,4,5) |
128 |53 |2567.0 |7 | |
128 |53 |2584.8 |6 |2,3,4 |
128 |53 |2640.8 |6 | |
128 |53 |2684.4 |7 | |
128 |53 |2721.0 |5 |(3,4) |
128 |53 |2737.2 |6 | |
128 |53 |2847.89 |20 | |
128 |53 |2900.4 |5 |(2,3) |
128 |53 |2950.78 |20 | |
128 |53 |3001.0 |8 | |
128 |53 |3075.6 |5 |1,2,3 |
128 |53 |3182.7 |5 | |
128 |53 |3794.3 |6 |1,2,3 |
128 |53 |3802.6 |4 | |
128 |53 |3834.4 |9 | |
128 |53 |3846.8 |4 | |
128 |53 |3862.8 |6 | |
128 |53 |3991.6 |7 | |
128 |53 |4149.8 |7 | |
128 |53 |11944 |22 |(0+) |
129 |53 |0.0 | |7/2+ |1.57E+7 Y 4
129 |53 |27.793 |20 |5/2+ |16.8 NS 2
129 |53 |278.381 |23 |3/2+ |0.104 NS 12
129 |53 |487.346 |25 |5/2+ |11.6 PS 27
129 |53 |559.61 |3 |1/2+ |
129 |53 |695.89 |5 |11/2+ |4.3 PS 5
129 |53 |729.57 |3 |(9/2)+ |3.8 PS 4
129 |53 |768.75 |3 |(7/2)+ |
129 |53 |829.91 |3 |3/2+,5/2+ |
129 |53 |844.82 |3 |(7/2)+ |
129 |53 |1047.35 |4 |3/2+,5/2+ |
129 |53 |1050.21 |3 |(7/2)+ |
129 |53 |1111.645 |25 |5/2+ |
129 |53 |1196.65 |13 | |
129 |53 |1203.71 |9 |(7/2+) |
129 |53 |1209.80 |10 |1/2+ |
129 |53 |1260.65 |3 |3/2+,5/2+ |
129 |53 |1281.99 |4 |(7/2+) |
129 |53 |1291.94 |4 |(3/2+,5/2+) |
129 |53 |1376.2 |2 |(13/2+) |
129 |53 |1401.43 |3 |(9/2)- |
129 |53 |1469.7 |3 |(15/2+) |
129 |53 |1483 |5 |1/2+ |
129 |53 |1521 |6 |(7/2:11/2) |
129 |53 |1566 |10 |3/2+,5/2+ |
129 |53 |1621 |10 |3/2+,5/2+ |
129 |53 |1666.9 |4 |(13/2+) |
129 |53 |1741 |10 | |
129 |53 |1823 |10 |1/2+ |
129 |53 |1833.5 |3 |(15/2+) |
129 |53 |1850.2 |4 |(15/2) |
129 |53 |1861 |10 |3/2+,5/2+ |
129 |53 |1909 |8 | |
129 |53 |1940 |8 | |
129 |53 |1963 |10 | |
129 |53 |2002 |8 | |
129 |53 |2012 |10 |1/2+ |
129 |53 |2026 |8 | |
129 |53 |2050 |8 | |
129 |53 |2073 |10 |3/2+,5/2+ |
129 |53 |2099.3 |5 |(17/2+) |
129 |53 |2150 |8 | |
129 |53 |2208 |10 |1/2+ |
129 |53 |2324.7 |4 |(19/2+) |
129 |53 |2400 |10 |1/2+ |
129 |53 |2529.6 |5 | |
129 |53 |2569 |1 | |
129 |53 |2590 |20 |1/2+ |
129 |53 |2633.1 |4 |(23/2+) |
129 |53 |2790 |20 |1/2+ |
129 |53 |2850 |20 |3/2+,5/2+ |
129 |53 |2882.3 |7 | |
129 |53 |2910 |20 |1/2+ |
129 |53 |2924 |1 | |
129 |53 |2933.8 |5 |(25/2+) |
129 |53 |2950 |20 |1/2+ |
129 |53 |3200 |20 |1/2+ |
129 |53 |3250 |20 |1/2+ |
129 |53 |3350 |20 |1/2+ |
129 |53 |3408 |1 | |
129 |53 |3450 |20 |1/2+ |
129 |53 |14666 |20 |3/2+,5/2+ |
129 |53 |14854 |20 |1/2+ |
129 |53 |15643 |20 |3/2+,5/2+ |
129 |53 |15969 |20 |3/2+,5/2+ |
129 |53 |16759 |20 |5/2-,7/2- |
129 |53 |16869 |20 |5/2-,7/2- |
129 |53 |16915 |25 |1/2-,3/2- |
129 |53 |16998 |20 |1/2-,3/2- |
129 |53 |17344 |20 |1/2-,3/2- |
129 |53 |17622 |20 |(5/2-,7/2-) |
129 |53 |18409 |20 |1/2-,3/2- |
130 |53 |0.0 | |5+ |12.36 H 1
130 |53 |39.9525 |13 |2+ |8.84 M 6
130 |53 |43.251 |3 |(1:4)+ |
130 |53 |43.9362 |17 |(3)- |
130 |53 |44.3269 |15 |3+,4+ |
130 |53 |48.8327 |8 |4+ |
130 |53 |62.2 |6 | |
130 |53 |69.5865 |7 |(6)- |133 NS 7
130 |53 |80 | |(2-) |
130 |53 |82.3960 |19 |- |315 NS 15
130 |53 |82.4+X | | |66 NS 8
130 |53 |85.1099 |10 |(6)- |254 NS 4
130 |53 |91.7605 |16 |(4)- |
130 |53 |93.7143 |14 |3+ |
130 |53 |111.0607 |11 |(5)- |
130 |53 |125.7595 |16 |4+,5+ |
130 |53 |180.3001 |15 |(5,6,7)- |
130 |53 |209.7392 |17 |2+,3+ |
130 |53 |223.9761 |15 |3+ |
130 |53 |242.4+X | | |
130 |53 |245.1019 |13 |(5)- |
130 |53 |251.5496 |23 |3+ |
130 |53 |254.7947 |22 |1+,2+,3+ |
130 |53 |262.0513 |19 |3+,4+ |
130 |53 |264.7 |5 | |
130 |53 |296.0376 |17 |(4,5)- |
130 |53 |349.596 |4 |(1:4)+ |
130 |53 |353.731 |4 |(2:5)- |0.04 NS LT
130 |53 |374.681 |3 |(2,3,4)+ |7 NS LT
130 |53 |378.3467 |22 |(4,5)- |0.07 NS LT
130 |53 |428.6 |7 | |
130 |53 |437.638 |4 |2+,3+,4+ |0.3 NS LT
130 |53 |460.912 |6 |- |
130 |53 |480.7026 |20 |(4,5)- |0.1 NS LT
130 |53 |525.881 |7 |(2,3,4)+ |
130 |53 |531.6 |7 | |
130 |53 |544.968 |5 |(2:5)+ |0.8 NS LT
130 |53 |593.993 |6 |(3:6)- |
130 |53 |606.550 |10 | |0.6 NS LT
130 |53 |642.0 |7 | |
130 |53 |678.491 |4 |(3,4,5)- |0.4 NS LT
130 |53 |682.234 |4 |(3,4,5)- |0.2 NS LT
130 |53 |699.206 |6 |(4,5)- |0.3 NS LT
130 |53 |761.516 |7 |(2:5)- |0.2 NS LT
130 |53 |768.415 |12 |(2:5)- |0.3 NS LT
130 |53 |783.162 |9 |(4:7)- |
130 |53 |804.07 |3 |3+,4,5+ |2 NS LT
130 |53 |825.024 |22 |(2:5)- |1.4 NS LT
130 |53 |876.261 |7 |(4,5)- |0.7 NS LT
130 |53 |944.96 |3 |(2:5)(-) |2 NS LT
130 |53 |1079.050 |9 |(3,4,5)- |0.9 NS LT
130 |53 |1670 | | |
130 |53 |2350 | | |
130 |53 |3590 | | |
130 |53 |4200 | | |
130 |53 |6200 | |(1+) |
130 |53 |7850 | |(1+) |
130 |53 |9570 | |(1+) |
131 |53 |0.0 | |7/2+ |8.0252 D 6
131 |53 |149.716 |3 |5/2+ |0.95 NS 5
131 |53 |492.664 |4 |3/2+,5/2+ |
131 |53 |602.0409 |25 |3/2+,5/2+ |
131 |53 |773.680 |19 |9/2+,11/2+ |
131 |53 |852.243 |18 |9/2+ |
131 |53 |876.724 |5 |1/2+ |
131 |53 |1005.772 |19 | |
131 |53 |1059.721 |18 |9/2(+) |
131 |53 |1098.260 |5 |3/2,5/2 |
131 |53 |1146.947 |6 |3/2+,5/2+ |
131 |53 |1148.952 |18 |5/2+,7/2,9/2+ |
131 |53 |1283.9 |3 | |
131 |53 |1298.223 |19 |3/2+,5/2+ |
131 |53 |1315.187 |20 |5/2+,7/2,9/2+ |
131 |53 |1346.48 |5 |1/2+,3/2+,5/2+ |
131 |53 |1376.8 |4 | |
131 |53 |1403.86 |13 |3/2+,5/2+ |
131 |53 |1427.151 |6 |3/2+,5/2+ |
131 |53 |1444.049 |11 |1/2+,3/2+,5/2+ |
131 |53 |1494 |6 | |
131 |53 |1500.622 |9 |3/2+,5/2+ |
131 |53 |1547.82 |4 | |
131 |53 |1556.166 |21 |+ |
131 |53 |1596.459 |23 |+ |
131 |53 |1622.6 |2 | |
131 |53 |1646.010 |17 |11/2- |
131 |53 |1677.455 |20 |1/2,3/2,5/2 |
131 |53 |1697.11 |10 | |
131 |53 |1718 |6 |1/2+ |
131 |53 |1757.87 |8 |1/2,3/2,5/2 |
131 |53 |1761.50 |9 | |
131 |53 |1797.093 |20 |9/2-,11/2-,13/2- |5.9 NS 2
131 |53 |1800.61 |5 |3/2+,5/2+ |
131 |53 |1831 |8 | |
131 |53 |1880.26 |10 | |
131 |53 |1887.68 |5 |9/2,11/2,13/2 |
131 |53 |1899.153 |19 |9/2-,11/2-,13/2- |
131 |53 |1915 | | |
131 |53 |1924.582 |22 |11/2- |
131 |53 |1931.943 |24 | |
131 |53 |1936.15 |7 | |
131 |53 |1974.25 |20 | |
131 |53 |1980.280 |17 |9/2-,11/2-,13/2- |
131 |53 |1985 | | |
131 |53 |2001.079 |23 |9/2,11/2 |
131 |53 |2011.052 |23 |9/2,11/2,13/2 |
131 |53 |2040.83 |10 |3/2,5/2 |
131 |53 |2063.33 |15 |9/2,11/2,13/2 |
131 |53 |2072.73 |8 |3/2+,5/2+ |
131 |53 |2114.22 |3 |9/2,11/2,13/2 |
131 |53 |2134 | | |
131 |53 |2168.46 |4 |9/2,11/2,13/2 |
131 |53 |2170.74 |4 |9/2,11/2,13/2 |
131 |53 |2175 |10 |1/2+ |
131 |53 |2176.64 |10 |9/2,11/2,13/2 |
131 |53 |2235.2 |10 | |
131 |53 |2241.68 |6 |9/2,11/2,13/2 |
131 |53 |2270.64 |8 |9/2,11/2,13/2 |
131 |53 |2308 |10 |1/2+ |
131 |53 |2329 | | |
131 |53 |2332.7 |4 | |
131 |53 |2346 |10 |1/2+ |
131 |53 |2352.2 |15 | |43 NS 1
131 |53 |2408 |10 |3/2+,5/2+ |
131 |53 |2444 |10 | |
131 |53 |2567 | | |
131 |53 |2595 | | |
131 |53 |2638 | | |
131 |53 |2699 |20 | |
131 |53 |2744 |20 |1/2+ |
131 |53 |2807 |20 |1/2+ |
131 |53 |2854 | | |
131 |53 |2870 |20 | |
131 |53 |2894 | | |
131 |53 |2940 |20 |1/2+ |
131 |53 |2985 | | |
131 |53 |3040 |20 |1/2+ |
131 |53 |3090 | | |
131 |53 |3170 |20 | |
131 |53 |3700 |20 |1/2+ |
131 |53 |7974 |14 |3/2+ |
131 |53 |8278 |14 |1/2+ |
131 |53 |10205 |14 |7/2- |
131 |53 |10451 |14 |3/2- |
131 |53 |10507 |14 |3/2- |
131 |53 |10906 |14 |1/2- |
132 |53 |0.0 | |4+ |2.295 H 13
132 |53 |22 |11 |(5+) |
132 |53 |49.72 |1 |3+ |7.14 NS 14
132 |53 |120 |20 |(8-) |1.387 H 15
132 |53 |161.52 |7 |2+ |3.57 NS 7
132 |53 |277.86 |6 |1+ |1.42 NS 2
133 |53 |0.0 | |7/2+ |20.83 H 8
133 |53 |312.075 |3 |(5/2+) |
133 |53 |719.843 |9 |(3/2+) |
133 |53 |786.915 |7 |(5/2+) |
133 |53 |912.671 |4 |11/2+ |
133 |53 |914.811 |10 |(9/2+) |
133 |53 |1239.832 |24 |(7/2+) |
133 |53 |1307.205 |16 |(7/2+) |
133 |53 |1312.798 |10 |(3/2+,5/2) |
133 |53 |1333.221 |13 |(5/2+) |
133 |53 |1373.688 |10 |(1/2+,3/2-) |
133 |53 |1454.85 |5 |(7/2+) |
133 |53 |1516.34 |5 |(9/2+) |
133 |53 |1560.103 |10 |15/2+ |
133 |53 |1564.201 |11 |(1/2+,3/2-) |
133 |53 |1608.7 |4 | |
133 |53 |1634.148 |10 |(19/2-) |9 S 2
133 |53 |1646.731 |11 |11/2+ |
133 |53 |1671.372 |18 |(3/2+) |
133 |53 |1704.41 |7 |(9/2+) |
133 |53 |1707.44 |14 | |
133 |53 |1717.586 |7 |(5/2+) |
133 |53 |1729.137 |10 |(15/2-) |170 NS AP
133 |53 |1776.619 |9 |(11/2-,13/2) |
133 |53 |1797.479 |11 |(11/2+) |
133 |53 |1798.549 |14 |(15/2-,17/2) |
133 |53 |1816.670 |24 |(15/2,17/2-) |
133 |53 |1885.542 |11 |(11/2+) |
133 |53 |1893.058 |17 |(11/2+) |
133 |53 |1942.615 |14 |(11/2-,13/2) |
133 |53 |1945.79 |20 | |
133 |53 |1974.666 |19 |11/2+ |
133 |53 |1990.771 |12 |(11/2-,13/2-) |
133 |53 |2005.14 |3 |(9/2+) |
133 |53 |2025.48 |4 |(3/2+) |
133 |53 |2040.39 |17 |(1/2+) |
133 |53 |2049.58 |4 |(9/2,11/2+) |
133 |53 |2053.50 |4 |(3/2+) |
133 |53 |2080.99 |19 |(15/2+) |
133 |53 |2136.43 |3 |(5/2+) |
133 |53 |2141.88 |4 |(9/2-,11/2) |
133 |53 |2193.62 |3 |(3/2+,5/2) |
133 |53 |2205.30 |22 | |
133 |53 |2210.03 |3 |(3/2+,5/2+) |
133 |53 |2211.89 |4 |(13/2) |
133 |53 |2225.06 |4 |(5/2+) |
133 |53 |2248.551 |23 |(11/2,13/2) |
133 |53 |2250.1 |10 | |
133 |53 |2255.29 |5 |(3/2+) |
133 |53 |2261.622 |15 |(13/2) |
133 |53 |2266.47 |9 |(3/2+) |
133 |53 |2283.83 |19 |(1/2+,3/2) |
133 |53 |2363.79 |21 |(3/2+,5/2) |
133 |53 |2371.642 |20 |(11/2-,13/2+) |
133 |53 |2372.95 |6 |(9/2,11/2,13/2) |
133 |53 |2393.35 |23 |(3/2+,5/2) |
133 |53 |2417.48 |6 |(5/2+) |
133 |53 |2419.22 |10 |(11/2+,13/2+) |
133 |53 |2426.55 |21 | |
133 |53 |2435.00 |23 |(19/2+) |0.78 US 16
133 |53 |2445.56 |10 |(13/2) |
133 |53 |2467.28 |3 |(9/2,11/2,13/2) |
133 |53 |2467.31 |6 |(3/2+,5/2) |
133 |53 |2482.62 |24 |(9/2,11/2+) |
133 |53 |2493.12 |7 |(1/2+) |
133 |53 |2493.7 |4 |(23/2+) |469 NS 15
133 |53 |2500.23 |5 |(9/2,11/2,13/2+) |
133 |53 |2505.96 |5 |(11/2+,13/2) |
133 |53 |2516.40 |7 |(9/2,11/2,13/2) |
133 |53 |2526.20 |7 |(3/2+,5/2) |
133 |53 |2541.74 |3 |(3/2+,5/2+) |
133 |53 |2552.13 |10 | |
133 |53 |2556.30 |3 |(13/2) |
133 |53 |2595.871 |15 |(11/2-) |
133 |53 |2597.47 |11 |(5/2+) |
133 |53 |2661.0 |4 |(3/2+,5/2+) |
133 |53 |2686.06 |5 |(9/2,11/2,13/2) |
133 |53 |2768.21 |5 |(1/2+,3/2,5/2) |
133 |53 |2783.64 |7 |(9/2,11/2,13/2) |
133 |53 |2795.9 |3 | |
133 |53 |2807.93 |7 |(9/2,11/2,13/2) |
133 |53 |2808.36 |11 |(1/2+,3/2,5/2+) |
133 |53 |2825.34 |12 |(3/2+,5/2) |
133 |53 |2826.48 |22 |(9/2,11/2) |
133 |53 |2866.29 |7 |(1/2+,3/2,5/2+) |
133 |53 |2880.56 |15 |(9/2,11/2,13/2) |
133 |53 |2935.83 |15 |(1/2+,3/2,5/2+) |
133 |53 |2968.1 |4 |(9/2,11/2,13/2) |
133 |53 |2974.7 |7 |(9/2,11/2,13/2) |
133 |53 |3028.47 |13 |(9/2,11/2,13/2) |
133 |53 |3051.28 |8 |(9/2,11/2+) |
133 |53 |3107.8 |11 | |
133 |53 |3821.5 |14 | |
133 |53 |3893.5 |14 | |
133 |53 |4047.3 |15 | |
134 |53 |0.0 | |(4)+ |52.5 M 2
134 |53 |44.39 |20 |(5)+ |10 NS LT
134 |53 |79.461 |11 |(3)+ |1.62 NS 10
134 |53 |180.872 |12 |(2,3)+ |0.1 NS LT
134 |53 |210.457 |15 |(2,3)+ |0.15 NS LT
134 |53 |316.49 |22 |(8)- |3.52 M 4
134 |53 |645.471 |13 |(2,3)+ |
134 |53 |846.688 |16 |1+ |
134 |53 |923.432 |14 |1+ |
135 |53 |0.0 | |7/2+ |6.58 H 3
135 |53 |603.68 |3 |(5/2)+ |
135 |53 |870.52 |4 |(5/2)+ |
135 |53 |1009.94 |20 | |
135 |53 |1133.4 |3 |(11/2+) |
135 |53 |1183.87 |17 |(9/2+) |
135 |53 |1421.5 |4 |(15/2+) |
135 |53 |1516.80 |25 | |
135 |53 |1709.8 |3 | |
135 |53 |1857.0 |5 | |
135 |53 |1993.9 |4 |(17/2+) |
135 |53 |2027.2 |4 | |
135 |53 |2069.15 |19 | |
135 |53 |2157.0 |5 | |
135 |53 |2312.6 |4 | |
135 |53 |2350.2 |4 | |
135 |53 |2421.5 |5 | |
135 |53 |2873.5 |4 | |
135 |53 |3046.5 |7 |(7/2+,9/2+) |
135 |53 |3357.0 |7 | |
135 |53 |3655.3 |4 |(19/2-) |
135 |53 |3689.7 |4 |(23/2-) |
135 |53 |3765.8 |4 |(21/2-) |
135 |53 |4241.9 |4 |(19/2+) |
135 |53 |4313.6 |6 |(7/2+,9/2+) |
135 |53 |4380.5 |4 |(21/2+) |
135 |53 |4463.9 |5 |(7/2-,9/2-) |
135 |53 |4772.7 |5 |(5/2-,7/2-,9/2-) |
135 |53 |4776.4 |4 |(23/2+) |
135 |53 |4779.2 |7 | |
135 |53 |5329.1 |5 |(25/2+) |
135 |53 |5577.6 |5 |(27/2+) |
135 |53 |5616.2 |7 |(23/2-) |
135 |53 |5849.2 |7 |(25/2-) |
136 |53 |0 | |(1-) |83.4 S 10
136 |53 |86.73 |7 |(0-,1-,2-) |0.4 NS 1
136 |53 |222.10 |7 |(0-,1,2-) |
136 |53 |333.97 |6 |(0-,1) |
136 |53 |578.77 |3 |(0-,1,2-) |
136 |53 |630.53 |16 |(0-,1) |
136 |53 |6.4E+2 |11 |(6-) |46.9 S 10
136 |53 |X | |(7-) |
136 |53 |738.21 |19 |(0-,1,2-) |
136 |53 |X+1111.0 |10 |(9-) |
136 |53 |X+1372.0 |15 |(11-) |4 NS AP
136 |53 |X+1614.9 |16 |(12-) |
136 |53 |2656.42 |22 |1+ |
136 |53 |X+2441.0 |18 |(12-) |
136 |53 |3137.1 |5 |1+ |
136 |53 |3235.2 |3 |1+ |
136 |53 |X+2834.7 |17 |(12+) |
136 |53 |X+2899.2 |17 |(13+) |
136 |53 |X+3016.5 |16 |(14+) |
136 |53 |X+3076.7 |19 | |
137 |53 |0.0 | |(7/2+) |24.5 S 2
137 |53 |243.3 | |5/2+ |
137 |53 |554.20 |9 |9/2+ |
137 |53 |620.51 |9 |11/2+ |
137 |53 |954.39 |10 |13/2+ |
137 |53 |1108.74 |11 |15/2+ |
137 |53 |1312.82 |12 |17/2+ |
137 |53 |1608.64 |13 |19/2+ |
137 |53 |2037.70 |13 |21/2+ |
137 |53 |2222.99 |14 |23/2+ |
137 |53 |2742.66 |15 |25/2+ |
137 |53 |3084.87 |16 |27/2+ |
137 |53 |3166.98 |17 |29/2+ |
137 |53 |3651.45 |17 |(31/2+) |
137 |53 |3852.82 |19 |(33/2+) |
138 |53 |0.0 | |(2-) |6.23 S 3
139 |53 |0.0 | |(7/2+) |2.280 S 11
139 |53 |209.5 |3 |(5/2+) |
139 |53 |418.6 |3 |(9/2+) |
139 |53 |435.0 |3 |(11/2+) |
139 |53 |816.0 |3 |(13/2+) |
139 |53 |928.9 |4 |(15/2+) |
139 |53 |1280.4 |4 |(17/2+) |
139 |53 |1564.5 |4 |(19/2+) |
139 |53 |1762.0 |4 |(21/2+) |
139 |53 |2035.7 |5 |(23/2+) |
139 |53 |2221.2 |5 |(17/2:21/2) |
139 |53 |2316.1 |5 |(19/2:23/2) |
139 |53 |2392.3 |5 |(19/2:23/2) |
139 |53 |2490.8 |5 |(25/2+) |
139 |53 |2688.4 |6 |(27/2+) |
139 |53 |3332.3 |7 | |
140 |53 |0.0 | |(4-) |0.86 S 4
141 |53 |0.0 | | |0.43 S 2
142 |53 |0.0 | | |222 MS 12
143 |53 |0.0 | | |130 MS 45
144 |53 |X | | |300 NS GE
145 |53 |0 | | |407 NS GT
