109 |54 |0.0 | |(7/2+) |13 MS 2
110 |54 |0.0 | |0+ |93 MS 3
110 |54 |469.70 |20 |(2+) |
110 |54 |1113.1 |4 |(4+) |
110 |54 |1889.7 |7 |(6+) |
111 |54 |0.0 | | |0.74 S 20
112 |54 |0.0 | |0+ |2.7 S 8
112 |54 |466.00 |20 |2+ |
112 |54 |1122.1 |3 |4+ |
112 |54 |1649.5 |5 |(3-) |
112 |54 |1906.9 |4 |6+ |
112 |54 |2021.9 |4 |(5-) |
112 |54 |2594.1 |4 |(7-) |
112 |54 |2777.5 |4 |8+ |
112 |54 |3189.1 |7 |(9-) |
112 |54 |3549.6 |5 |10+ |
112 |54 |3852.3 |8 |(11-) |
112 |54 |4447.3 |10 |(13-) |
112 |54 |4469.1 |5 |12+ |
113 |54 |0.0 | |(5/2+) |2.74 S 8
113 |54 |125.91 |18 |7/2+ |
113 |54 |146.19 |18 |5/2+ |
113 |54 |404.8 |4 |11/2- |
113 |54 |549.09 |20 |9/2+ |
113 |54 |711.14 |23 |11/2+ |
113 |54 |820.0 |4 |15/2- |
113 |54 |1242.17 |23 |13/2+ |
113 |54 |1472.34 |25 |15/2+ |
113 |54 |1476.3 |3 |19/2- |
113 |54 |2023.2 |3 |17/2+ |
113 |54 |2141.8 |3 |17/2+ |
113 |54 |2285.1 |3 |19/2+ |
113 |54 |2301.9 |4 |23/2- |
113 |54 |2378.6 |3 |19/2+ |
113 |54 |2393.3 |11 | |
113 |54 |2542.1 |3 |21/2+ |
113 |54 |2787.6 |4 |21/2+ |
113 |54 |2968.1 |3 |23/2+ |
113 |54 |3022.4 |4 |23/2+ |
113 |54 |3067.6 |4 |25/2+ |
113 |54 |3242.5 |5 |27/2- |
113 |54 |3288.5 |4 |25/2+ |
113 |54 |3288.6 |5 |25/2- |
113 |54 |3584.6 |4 |27/2+ |
113 |54 |3587.2 |4 |29/2+ |
113 |54 |3604.9 |4 |27/2+ |
113 |54 |4241.7 |5 |31/2- |
113 |54 |4263.5 |5 |33/2+ |
113 |54 |4277.1 |5 |31/2+ |
113 |54 |4277.6 |5 |31/2- |
113 |54 |4315.2 |4 |31/2+ |
113 |54 |5028.2 |5 |(33/2+) |
113 |54 |5069.4 |5 |35/2- |
113 |54 |5092.4 |5 |37/2+ |
113 |54 |5097.8 |5 |35/2+ |
113 |54 |5149.8 |5 |35/2+ |
113 |54 |5166.5 |5 |35/2- |
113 |54 |5389.6 |5 |(35/2-) |
113 |54 |5610.6 |5 |(37/2+) |
113 |54 |6040.6 |6 |39/2- |
113 |54 |6077.1 |6 |(41/2+) |
113 |54 |6218.5 |5 |(41/2+) |
113 |54 |6646.5 |6 | |
113 |54 |6661.6 |6 |(39/2-) |
113 |54 |6957.5 |6 |(45/2+) |
113 |54 |7109.2 |6 |43/2- |
113 |54 |7243.4 |6 |(45/2+) |
113 |54 |7832.4 |6 |(49/2+) |
113 |54 |7845.6 |6 |(43/2-) |
113 |54 |8098.6 |6 |(43/2-) |
113 |54 |8341.3 |21 |(47/2-) |
113 |54 |8566.4 |21 |(49/2+) |
113 |54 |8896.1 |6 |(53/2+) |
113 |54 |9189.6 |7 |(47/2-) |
113 |54 |9711.3 |21 |(51/2-) |
113 |54 |10084.1 |7 |(57/2+) |
113 |54 |10694.6 |7 |(51/2-) |
113 |54 |11513.1 |7 |(61/2+) |
113 |54 |12473.6 |7 |(55/2-) |
113 |54 |13218.1 |7 |(65/2+) |
114 |54 |0 | |0+ |10.0 S 4
114 |54 |450.08 |19 |2+ |15.6 PS 8
114 |54 |1069.1 |3 |4+ |3.6 PS 4
114 |54 |1148.7 |4 |(2)+ |
114 |54 |1623.8 |3 |3- |8.3 PS 21
114 |54 |1776.7 |4 |(4)+ |
114 |54 |1789.7 |3 |6+ |2.1 PS 3
114 |54 |2000.7 |3 |5- |21.2 PS 18
114 |54 |2356.5 |4 |(6)+ |
114 |54 |2554.4 |4 |8+ |
114 |54 |2559.4 |4 |7- |3.8 PS 8
114 |54 |2765.7 |5 |6- |
114 |54 |2920.2 |5 |7- |
114 |54 |2984.5 |4 |(8)+ |
114 |54 |3095.4 |5 |8- |
114 |54 |3170.9 |4 |9- |
114 |54 |3289.7 |4 |9- |
114 |54 |3305.6 |4 |10+ |
114 |54 |3613.3 |4 |(10)+ |
114 |54 |3638.1 |7 |(10-) |
114 |54 |3863.9 |4 |11- |
114 |54 |3924.4 |4 |11- |
114 |54 |4046.5 |4 |12+ |
114 |54 |4140.4 |4 |(12+) |
114 |54 |4407.7 |9 |(12-) |
114 |54 |4697.5 |5 |13- |
114 |54 |4736.3 |4 |13- |
114 |54 |4815.6 |5 |14+ |
114 |54 |4849.3 |4 |(14+) |
114 |54 |5285.6 |10 |(14-) |
114 |54 |5452.1 |4 |15- |
114 |54 |5617.6 |7 |15- |
114 |54 |5635.4 |7 |16+ |0.49 PS +21-13
114 |54 |5712.0 |4 |(16+) |
114 |54 |5720.1 |7 | |
114 |54 |6157.6 |11 |(16-) |
114 |54 |6308.5 |4 |17- |
114 |54 |6329.9 |8 | |
114 |54 |6514.2 |9 |18+ |0.34 PS +15-7
114 |54 |6537.4 |8 |17- |
114 |54 |6681.0 |7 |(18+) |
114 |54 |6851.4 |5 |19- |
114 |54 |7021.6 |12 |(18-) |
114 |54 |7357.4 |13 |(19-) |
114 |54 |7451.6 |10 |20+ |0.24 PS +10-6
114 |54 |7545.4 |5 |21- |
114 |54 |7684.0 |12 |20+ |
114 |54 |7898.4 |12 |(20-) |
114 |54 |8255.4 |17 |(21-) |
114 |54 |8379.9 |7 |23- |
114 |54 |8449.1 |11 |22+ |0.18 PS +8-5
114 |54 |9371.5 |9 |(25-) |
114 |54 |9510.8 |12 |24+ |0.132 PS +55-35
114 |54 |10543 |1 |26+ |
114 |54 |10583.5 |14 |(27-) |
114 |54 |10626 |1 |26+ |
114 |54 |10660 |1 |26+ |
114 |54 |11619 |1 |28+ |
114 |54 |11774 |1 |(28+) |
114 |54 |11864 |1 |28+ |
114 |54 |12806 |1 |(30+) |
114 |54 |12888 |2 |(30+) |
114 |54 |13142 |2 |30+ |
114 |54 |14115 |2 |(32+) |
114 |54 |14502 |2 |(32+) |
114 |54 |15640 |2 |(34+) |
114 |54 |15952 |2 |(34+) |
114 |54 |17452 |2 |(36+) |
114 |54 |17485 |2 |(36+) |
114 |54 |19115 |2 |(38+) |
114 |54 |20856 |2 |(40+) |
114 |54 |22726 |2 |(42+) |
114 |54 |24739 |3 |(44+) |
114 |54 |26914 |3 |(46+) |
114 |54 |29250 |3 |(48+) |
114 |54 |31781 |3 |(50+) |
114 |54 |34591 |3 |(52+) |
115 |54 |0.0 | |(5/2+) |18 S 4
115 |54 |208.0 |9 |7/2+ |
115 |54 |220.0 |9 |5/2+ |
115 |54 |240.7 |22 |11/2- |
115 |54 |569.0 |10 |9/2+ |
115 |54 |655.2 |22 |15/2- |
115 |54 |709.0 |14 |11/2+ |
115 |54 |1125.0 |15 |13/2+ |
115 |54 |1284.0 |17 |15/2+ |
115 |54 |1289.9 |22 |19/2- |
115 |54 |1548.2 |22 | |
115 |54 |1725.0 |18 |17/2+ |
115 |54 |1944.0 |20 |19/2+ |
115 |54 |2057.2 |22 |23/2- |
115 |54 |2263.7 |22 | |
115 |54 |2329.1 |20 |21/2+ |
115 |54 |2397.0 |20 |21/2+ |
115 |54 |2543.7 |22 | |
115 |54 |2681.0 |22 |23/2+ |
115 |54 |2893.2 |22 |25/2+ |
115 |54 |2911.1 |22 |27/2- |
115 |54 |3029.1 |23 |25/2+ |
115 |54 |3470.2 |24 |29/2+ |
115 |54 |3829.7 |23 |31/2- |
115 |54 |4193 |3 |33/2+ |
115 |54 |4781.9 |23 |35/2- |
115 |54 |5083 |3 |37/2+ |
115 |54 |5724.3 |23 |39/2- |
115 |54 |6103 |3 |41/2+ |
115 |54 |6731.1 |23 |(43/2-) |
115 |54 |7752.1 |23 |(47/2-) |
115 |54 |8835.9 |23 |(51/2-) |
115 |54 |9973.2 |24 |(55/2-) |
115 |54 |11182.6 |24 |(59/2-) |
116 |54 |0.0 | |0+ |59 S 2
116 |54 |393.6 |2 |2+ |24.3 PS 9
116 |54 |917.9 |3 |4+ |3.33 PS 14
116 |54 |1015.8 | |(2+) |
116 |54 |1321.5 | |(2+) |
116 |54 |1474.2 | |(3+) |
116 |54 |1533.7 |3 |6+ |1.66 PS 14
116 |54 |1557.0 | |(4+) |
116 |54 |1838.8 | |(4+) |
116 |54 |1979.9 |3 |5- |
116 |54 |2085.5 | |(5+) |
116 |54 |2117.2 | |6+ |
116 |54 |2210.7 |3 |8+ |1.18 PS 14
116 |54 |2445.2 |3 |7- |2.1 PS 8
116 |54 |2498.4 | |(6+) |
116 |54 |2607.2 |3 |6- |
116 |54 |2774.7 |3 |8+ |
116 |54 |2931.9 |3 |10+ |0.76 PS 14
116 |54 |2981.9 |3 |9- |2.6 PS 3
116 |54 |3079.1 |3 |8- |
116 |54 |3271.8 |3 |9- |
116 |54 |3457.3 |3 |10+ |
116 |54 |3555.2 |14 |(9+) |
116 |54 |3627.9 |3 |11- |1.7 PS 2
116 |54 |3633.4 |3 |10- |
116 |54 |3683.5 |4 |12+ |
116 |54 |3855.7 |3 |11- |
116 |54 |3856.4 |20 |(10+) |
116 |54 |3960.7 |3 | |
116 |54 |3979.0 |4 |12+ |
116 |54 |4171.4 |24 |(11+) |
116 |54 |4238.3 |3 |12- |
116 |54 |4363.4 |4 |13- |
116 |54 |4465.5 |4 |14+ |
116 |54 |4486 |3 |(12+) |
116 |54 |4548.0 |4 |13- |
116 |54 |4699.1 |4 |14+ |
116 |54 |4934.3 |4 |14- |
116 |54 |5163.0 |4 |15- |
116 |54 |5300.6 |4 |16+ |
116 |54 |5302.1 |4 |15- |
116 |54 |5393.1 |8 |(15-) |
116 |54 |5541.9 |4 |16+ |
116 |54 |5713.4 |4 |16- |
116 |54 |5990.3 |9 |(16-) |
116 |54 |6016.1 |5 |17- |
116 |54 |6110.8 |4 |(17-) |
116 |54 |6195.2 |4 |(18+) |
116 |54 |6468.7 |4 |(18+) |
116 |54 |6756.9 |16 |(18-) |
116 |54 |6920.1 |5 |(19-) |
116 |54 |6982.2 |5 |(19-) |
116 |54 |7147.8 |5 |(20+) |
116 |54 |7467.0 |5 |(20+) |
116 |54 |7852.8 |6 |(21-) |
116 |54 |7923.1 |13 |(21-) |
116 |54 |8150.5 |6 |(22+) |
116 |54 |8490.1 |6 |(22+) |
116 |54 |8868.1 |7 |(23-) |
116 |54 |8993.1 |19 |(23-) |
116 |54 |9198.2 |7 |(24+) |
116 |54 |9467.1 |13 |(23) |
116 |54 |9970.1 |15 |(25-) |
116 |54 |10063.1 |24 |(25-) |
116 |54 |10294.0 |10 |(26+) |
116 |54 |10422.7 |18 |(25) |
116 |54 |11201 |3 |(27-) |
116 |54 |11457.8 |10 |(28+) |
116 |54 |12408 |3 |(29-) |
116 |54 |12702.9 |11 |(30+) |
116 |54 |13654 |3 |(31-) |
116 |54 |14028.0 |12 |(32+) |
116 |54 |14926 |3 |(33-) |
116 |54 |15433.2 |14 |(34+) |
116 |54 |16908.5 |20 |(36+) |
116 |54 |18392 |3 |(38+) |
116 |54 |20009 |3 |(40+) |
116 |54 |20148 |3 |(40+) |
116 |54 |21707 |3 |(42+) |
116 |54 |21996 |4 |(42+) |
116 |54 |23483 |4 |(44+) |
116 |54 |X | | |
116 |54 |2775+X | |(10+) |
116 |54 |3517+X | |(12+) |
116 |54 |4269+X | |(14+) |
116 |54 |5031+X | |(16+) |
116 |54 |5870+X | |(18+) |
116 |54 |Y | | |
116 |54 |3633+Y | |(12-) |
116 |54 |4312+Y | |(14-) |
116 |54 |5060+Y | |(16-) |
116 |54 |5867+Y | |(18-) |
116 |54 |6699+Y | |(20-) |
116 |54 |7531+Y | |(22-) |
116 |54 |8398+Y | |(24-) |
116 |54 |9358+Y | |(26-) |
116 |54 |10473+Y | |(28-) |
116 |54 |Z | | |
116 |54 |5300+Z | |(20+) |
116 |54 |6062+Z | |(22+) |
116 |54 |6926+Z | |(24+) |
116 |54 |7817+Z | |(26+) |
116 |54 |8716+Z | |(28+) |
116 |54 |9807+Z | |(30+) |
116 |54 |11093+Z | |(32+) |
116 |54 |12556+Z | |(34+) |
116 |54 |14409+Z | |(36+) |
117 |54 |0.0 | |5/2(+) |61 S 2
117 |54 |204.82 |10 |(7/2+) |
117 |54 |205.52 |14 |(7/2-) |17 NS 8
117 |54 |221.65 |8 |(5/2+) |
117 |54 |229.78 |18 |(11/2-) |59 NS 20
117 |54 |242.71 |9 |5/2(-) |
117 |54 |263.07 |9 |(7/2+) |
117 |54 |271.17 |8 |(7/2+) |
117 |54 |313.49 |17 |9/2- |
117 |54 |364.72 |12 |(+) |
117 |54 |393.07 |8 |(+) |
117 |54 |438.69 |11 |(+) |
117 |54 |507.69 |10 |(9/2+) |
117 |54 |536.12 |13 |(+) |
117 |54 |540.10 |16 |(9/2+) |
117 |54 |579.62 |13 | |
117 |54 |593.5 |4 | |
117 |54 |614.98 |15 | |
117 |54 |630.56 |19 |(15/2-) |
117 |54 |636.6 |4 | |
117 |54 |699.78 |18 |(13/2-) |
117 |54 |713.03 |25 |(11/2+) |
117 |54 |736.73 |17 | |
117 |54 |785.54 |19 | |
117 |54 |817.6 |4 |(11/2+) |
117 |54 |825.1 |5 | |
117 |54 |869.11 |24 | |
117 |54 |882.07 |22 | |
117 |54 |978.4 |4 | |
117 |54 |987.3 |5 | |
117 |54 |989.30 |22 |(13/2+) |
117 |54 |1052.22 |25 | |
117 |54 |1069.1 |4 | |
117 |54 |1122.2 |4 |(13/2+) |
117 |54 |1197.5 |9 | |
117 |54 |1211.9 |3 |(19/2-) |
117 |54 |1248.0 |3 |(15/2+) |
117 |54 |1276.26 |19 |(17/2-) |
117 |54 |1429.5 |5 |(15/2+) |
117 |54 |1508.5 |5 | |
117 |54 |1553.5 |3 |(17/2+) |
117 |54 |1766.8 |5 |(17/2+) |
117 |54 |1786.7 |7 | |
117 |54 |1863.0 |4 |(19/2+) |
117 |54 |1877.6 |7 | |
117 |54 |1899.5 |10 | |
117 |54 |1924.5 |4 |(23/2-) |
117 |54 |1970.7 |4 |(21/2-) |
117 |54 |2091.4 |7 |(19/2+) |
117 |54 |2153.6 |4 |(19/2+) |
117 |54 |2178.8 |4 |(21/2+) |
117 |54 |2425.5 |6 |(21/2+) |
117 |54 |2543.8 |4 |(23/2+) |
117 |54 |2666.4 |4 |(23/2+) |
117 |54 |2690.7 |6 |(21/2+) |
117 |54 |2740.7 |5 |(25/2-) |
117 |54 |2744.9 |4 |(27/2-) |
117 |54 |2756.5 |11 | |
117 |54 |2796.4 |12 |(23/2+) |
117 |54 |2835.2 |5 |(25/2+) |
117 |54 |2974.5 |11 | |
117 |54 |3049.5 |5 |(25/2+) |
117 |54 |3206.6 |4 |(27/2+) |
117 |54 |3288.6 |5 |(27/2+) |
117 |54 |3309.4 |6 |(27/2+) |
117 |54 |3492.2 |14 |(27/2+) |
117 |54 |3502.0 |5 |(29/2+) |
117 |54 |3535.2 |5 |(29/2-) |
117 |54 |3592.5 |5 |(29/2+) |
117 |54 |3648.3 |5 |(31/2-) |
117 |54 |3920.0 |6 |(31/2+) |
117 |54 |3927.9 |6 |(31/2+) |
117 |54 |4069.2 |7 |(31/2+) |
117 |54 |4111.5 |15 | |
117 |54 |4146.0 |12 | |
117 |54 |4197.2 |17 |(31/2+) |
117 |54 |4259.2 |5 |(33/2+) |
117 |54 |4299.0 |6 |(33/2+) |
117 |54 |4308.5 |5 |(33/2-) |
117 |54 |4572.8 |5 |(35/2-) |
117 |54 |4608.3 |11 | |
117 |54 |4785.6 |8 |(35/2+) |
117 |54 |4858.3 |15 | |
117 |54 |4912.2 |9 |(35/2+) |
117 |54 |4923.3 |15 | |
117 |54 |5110.9 |6 |(37/2-) |
117 |54 |5123.1 |7 |(37/2+) |
117 |54 |5144.8 |6 |(37/2+) |
117 |54 |5472.6 |6 |(39/2-) |
117 |54 |5822.2 |14 |(39/2+) |
117 |54 |5994.8 |6 |(41/2-) |
117 |54 |6076.1 |8 |(41/2+) |
117 |54 |6105.5 |7 |(41/2+) |
117 |54 |6407.0 |6 |(43/2-) |
117 |54 |6498.6 |12 | |
117 |54 |6792.2 |17 |(43/2+) |
117 |54 |6882.6 |12 | |
117 |54 |6981.1 |7 |(45/2-) |
117 |54 |7025.9 |7 |(45/2+) |
117 |54 |7129.1 |13 |(45/2+) |
117 |54 |7413.9 |7 |(47/2-) |
117 |54 |7560.6 |16 | |
117 |54 |7888.2 |8 |(49/2+) |
117 |54 |8071.0 |10 |(49/2-) |
117 |54 |8276.1 |17 |(49/2+) |
117 |54 |8429.9 |12 | |
117 |54 |8502.7 |8 |(51/2-) |
117 |54 |8589.6 |19 | |
117 |54 |8868.7 |10 |(53/2+) |
117 |54 |9256.6 |11 |(53/2-) |
117 |54 |9530.1 |19 |(53/2+) |
117 |54 |9645.0 |16 | |
117 |54 |9674.3 |8 |(55/2-) |
117 |54 |9676.6 |21 | |
117 |54 |10037.3 |12 |(57/2+) |
117 |54 |10529.7 |13 |(57/2-) |
117 |54 |10878.0 |19 | |
117 |54 |10890.2 |22 |(57/2+) |
117 |54 |10939.5 |22 |(59/2-) |
117 |54 |11216.3 |15 |(61/2+) |
117 |54 |11352.4 |13 |(61/2+) |
117 |54 |11886.5 |14 |(61/2-) |
117 |54 |12281.5 |23 |(63/2-) |
117 |54 |13341.5 |17 |(65/2-) |
117 |54 |13708.3 |24 |(67/2-) |
117 |54 |15221.2 |24 |(71/2-) |
117 |54 |16815.3 |25 |(75/2-) |
117 |54 |18512 |3 |(79/2-) |
117 |54 |20318 |3 |(83/2-) |
117 |54 |22248 |3 |(87/2-) |
117 |54 |24255 |3 |(91/2-) |
117 |54 |0+X | | |
117 |54 |901.0+X |10 | |
117 |54 |1862.0+X |15 | |
117 |54 |2913.0+X |18 | |
117 |54 |4047.0+X |20 | |
117 |54 |0+Y | | |
117 |54 |780.0+Y |10 | |
117 |54 |1673.0+Y |15 | |
117 |54 |2672.0+Y |18 | |
117 |54 |3771.0+Y |20 | |
117 |54 |4957.0+Y |23 | |
117 |54 |6219.0+Y |25 | |
118 |54 |0.0 | |0+ |3.8 M 9
118 |54 |337.32 |13 |2+ |45 PS 2
118 |54 |810.27 |16 |4+ |7.48 PS 12
118 |54 |830.36 |17 |0+ |
118 |54 |928.10 |15 |2+ |
118 |54 |1228.31 |14 |2+ |
118 |54 |1366.18 |17 |(3)+ |
118 |54 |1396.81 |20 |6+ |3.2 PS 8
118 |54 |1441.16 |22 |4+ |
118 |54 |1640.34 |23 |1,2+ |
118 |54 |1701.73 |23 |3,4+ |
118 |54 |1721.20 |22 |0+ |
118 |54 |1730.41 |25 |(4+) |
118 |54 |1838.23 |21 |1,2+ |
118 |54 |1896.3 |3 | |
118 |54 |1922.12 |18 |(5+) |
118 |54 |1995.09 |22 |(5)- |
118 |54 |1997.00 |25 |6+ |
118 |54 |2073.4 |3 |8+ |2.8 PS 10
118 |54 |2129.2 |3 |1,2+ |
118 |54 |2143.48 |22 |(3-,4+) |
118 |54 |2163.7 |3 | |
118 |54 |2418.65 |23 |(7)- |
118 |54 |2486.7 |3 | |
118 |54 |2540.19 |22 |(5,6+) |
118 |54 |2559.8 |3 |(7)+ |
118 |54 |2624.5 |5 |(8+) |
118 |54 |2816.3 |3 |10+ |1.2 PS LT
118 |54 |2919.1 |3 |(9)- |
118 |54 |2997.2 |4 | |
118 |54 |3206.0 |4 |(9-) |
118 |54 |3239.8 |6 |(9)+ |
118 |54 |3255.0 |4 |(10+) |
118 |54 |3260.8 |4 | |
118 |54 |3452.1 |4 | |
118 |54 |3535.1 |5 | |
118 |54 |3541.7 |4 |(11)- |
118 |54 |3592.1 |4 |12+ |
118 |54 |3721.1 |5 | |
118 |54 |3847.0 |5 |(12+) |
118 |54 |4040.1 |6 | |
118 |54 |4172.8 |6 | |
118 |54 |4261.3 |5 |(13)- |
118 |54 |4367.9 |5 |14+ |
118 |54 |4385.1 |6 | |
118 |54 |4539.3 |6 |(14+) |
118 |54 |4909.9 |6 | |
118 |54 |5057.9 |6 | |
118 |54 |5155.7 |6 |(16+) |
118 |54 |5354.6 |7 | |
118 |54 |5924.9 |7 | |
118 |54 |6002.7 |7 | |
118 |54 |6810.9 |12 | |
118 |54 |6934.1 |9 | |
118 |54 |7670.9 |16 | |
118 |54 |7957.1 |10 | |
118 |54 |9071.8 |12 | |
118 |54 |10270.0 |13 | |
118 |54 |11553.5 |14 | |
118 |54 |12815.0 |15 | |
118 |54 |14086.9 |15 | |
118 |54 |15398.9 |16 | |
119 |54 |0.0 | |(5/2+) |5.8 M 3
119 |54 |169.34 |7 |(5/2+) |
119 |54 |176.08 |5 |(7/2-) |20 NS 4
119 |54 |197.24 |13 |(5/2-) |
119 |54 |225.13 |5 |(7/2+) |
119 |54 |243.39 |11 |(11/2-) |27 NS 5
119 |54 |245.99 |11 |(1/2+) |70 NS
119 |54 |246.42 |10 |(9/2-) |4 NS LT
119 |54 |257.84 |9 |(7/2+) |
119 |54 |314.11 |11 |(3/2+) |
119 |54 |390.26 |12 |(3/2+,5/2+) |
119 |54 |459.42 |11 |(9/2+) |
119 |54 |475.91 |11 |(3/2+,5/2+) |
119 |54 |484.33 |9 |(9/2+) |
119 |54 |524.37 |11 |(5/2+) |
119 |54 |592.97 |19 |(7/2+) |
119 |54 |618.92 |16 |(7/2+) |
119 |54 |645.11 |16 |(13/2-) |
119 |54 |649.41 |14 |(15/2-) |16 PS AP
119 |54 |661.48 |25 |(7/2-,9/2,11/2-) |
119 |54 |667.58 |13 |(7/2+,9/2+) |
119 |54 |671.64 |16 |(11/2+) |
119 |54 |722.74 |21 |(7/2+,9/2+) |
119 |54 |731.29 |21 |(7/2+,9/2+) |
119 |54 |758.73 |16 |(11/2+) |
119 |54 |776.5 |3 |(7/2-,9/2,11/2-) |
119 |54 |816.0 |3 |(7/2-) |
119 |54 |843.7 |4 |(7/2,9/2-) |
119 |54 |853.6 |3 | |
119 |54 |855.0 |3 |(7/2,9/2+) |
119 |54 |860.57 |16 |(7/2+) |
119 |54 |892.07 |22 |(7/2,9/2+) |
119 |54 |915.9 |5 | |
119 |54 |929.02 |22 |(13/2+) |
119 |54 |937.68 |19 |(7/2+,9/2+) |
119 |54 |941.14 |24 |(7/2+,9/2+) |
119 |54 |968.56 |23 |(7/2,9/2,11/2-) |
119 |54 |1003.2 |3 |(13/2-) |
119 |54 |1017.2 |4 |(7/2,9/2,11/2-) |
119 |54 |1020.60 |13 |(7/2+,9/2+) |
119 |54 |1068.96 |17 |(13/2+) |
119 |54 |1071.12 |20 |(3/2+,5/2+) |
119 |54 |1079.64 |25 |(7/2+,9/2+) |
119 |54 |1107.8 |10 |(7/2,9/2,11/2+) |
119 |54 |1202.66 |25 |(15/2+) |
119 |54 |1217.8 |3 |(7/2,9/2+) |
119 |54 |1224.43 |20 |(19/2-) |1.8 PS AP
119 |54 |1229.63 |20 |(17/2-) |
119 |54 |1286.6 |4 |(7/2,9/2+) |
119 |54 |1296.08 |22 |(7/2,9/2,11/2+) |
119 |54 |1365.9 |3 |(15/2-) |
119 |54 |1369.57 |25 |(7/2-,9/2+) |
119 |54 |1379.6 |4 |(7/2-,9/2+) |
119 |54 |1396.45 |23 |(15/2+) |
119 |54 |1461.5 |4 |(7/2,9/2,11/2+) |
119 |54 |1472.99 |15 |(7/2,9/2-) |
119 |54 |1507.9 |3 |(17/2+) |
119 |54 |1522.3 |6 |(7/2+) |
119 |54 |1560.3 |4 |(7/2,9/2,11/2+) |
119 |54 |1562.2 |3 |(17/2-) |
119 |54 |1584.2 |4 | |
119 |54 |1593.8 |5 | |
119 |54 |1632.8 |6 |(7/2-,9/2,11/2) |
119 |54 |1745.31 |25 |(17/2+) |
119 |54 |1822.9 |7 | |
119 |54 |1832.7 |3 |(19/2+) |
119 |54 |1932.63 |25 |(23/2-) |1.1 PS AP
119 |54 |1934.2 |3 |(19/2-) |
119 |54 |1951.97 |22 |(21/2-) |
119 |54 |2019.2 |7 |(7/2,9/2+) |
119 |54 |2026.3 |6 |(7/2,9/2+) |
119 |54 |2066.8 |6 |(7/2,9/2+) |
119 |54 |2108.3 |3 |(19/2+) |
119 |54 |2176.0 |4 |(21/2+) |
119 |54 |2241.5 |3 |(21/2-) |
119 |54 |2348.9 |7 |(7/2,9/2,11/2-) |
119 |54 |2399.6 |10 |(7/2,9/2,11/2-) |
119 |54 |2456.4 |3 |(21/2+) |
119 |54 |2536.2 |4 |(23/2+) |
119 |54 |2618.5 |4 |(23/2-) |
119 |54 |2686.1 |7 |(7/2,9/2+) |
119 |54 |2752.7 |3 |(27/2-) |
119 |54 |2783.0 |3 |(25/2-) |
119 |54 |2783.2 |3 |(23/2+) |
119 |54 |2846.9 |8 | |
119 |54 |2902.8 |6 |(25/2+) |
119 |54 |2983.0 |3 |(25/2+) |
119 |54 |3026.6 |4 |(25/2-) |
119 |54 |3214.5 |4 |(27/2+) |
119 |54 |3236.7 |4 |(27/2+) |
119 |54 |3314.4 |10 |(27/2+) |
119 |54 |3388.3 |6 |(27/2-) |
119 |54 |3534.6 |4 |(29/2+) |
119 |54 |3617.9 |6 |(29/2+) |
119 |54 |3662.5 |4 |(31/2-) |
119 |54 |3677.2 |3 |(29/2-) |
119 |54 |3680.2 |6 |(29/2+) |
119 |54 |3873.3 |5 |(29/2-) |
119 |54 |3876.2 |4 |(31/2+) |
119 |54 |3943.8 |5 |(31/2+) |
119 |54 |4068.1 |10 |(31/2+) |
119 |54 |4253.9 |4 |(33/2+) |
119 |54 |4375.1 |6 |(33/2+) |
119 |54 |4437.7 |7 |(33/2+) |
119 |54 |4553.5 |6 |(33/2-) |
119 |54 |4630.5 |11 |(35/2-) |
119 |54 |4666.6 |4 |(35/2+) |
119 |54 |4797.0 |5 |(35/2+) |
119 |54 |4846.3 |11 |(35/2+) |
119 |54 |5103.9 |4 |(37/2+) |
119 |54 |5231.6 |7 |(37/2+) |
119 |54 |5242.3 |6 |(37/2+) |
119 |54 |5570.0 |4 |(39/2+) |
119 |54 |5598.5 |15 |(39/2-) |
119 |54 |5680.7 |11 |(39/2+) |
119 |54 |5754.6 |5 |(39/2+) |
119 |54 |6053.9 |5 |(41/2+) |
119 |54 |6115.7 |9 |(41/2+) |
119 |54 |6200.2 |6 |(41/2+) |
119 |54 |6564.3 |6 |(43/2+) |
119 |54 |6585.7 |15 |(43/2-) |
119 |54 |6614.6 |10 |(43/2+) |
119 |54 |6774.8 |7 |(43/2+) |
119 |54 |7085.0 |7 |(45/2+) |
119 |54 |7086.5 |10 |(45/2+) |
119 |54 |7145.4 |6 |(45/2+) |
119 |54 |7591.8 |15 |(47/2-) |
119 |54 |7618.1 |16 | |
119 |54 |7630.8 |7 |(47/2+) |
119 |54 |7657.2 |11 |(47/2+) |
119 |54 |7849.8 |12 |(47/2+) |
119 |54 |8013.8 |7 |(49/2+) |
119 |54 |8152.5 |11 |(49/2+) |
119 |54 |8187.8 |9 |(49/2+) |
119 |54 |8669.3 |15 |(51/2-) |
119 |54 |8764.7 |9 |(51/2+) |
119 |54 |8804.6 |13 |(51/2+) |
119 |54 |9056.0 |8 |(53/2+) |
119 |54 |9326.9 |15 |(53/2+) |
119 |54 |9384.6 |10 |(53/2+) |
119 |54 |9828.0 |16 |(55/2-) |
119 |54 |9991.6 |10 |(55/2+) |
119 |54 |10183.1 |13 |(57/2+) |
119 |54 |10672.7 |14 |(57/2+) |
119 |54 |11071.1 |16 |(59/2-) |
119 |54 |11309.1 |17 |(61/2+) |
119 |54 |11310.6 |11 |(59/2+) |
119 |54 |12042.7 |18 |(61/2+) |
119 |54 |12400.1 |19 |(63/2-) |
119 |54 |12721.6 |15 |(63/2+) |
119 |54 |13816.1 |21 |(67/2-) |
119 |54 |15323.1 |21 |(71/2-) |
119 |54 |16934.6 |21 |(75/2-) |
119 |54 |18669.1 |21 |(79/2-) |
119 |54 |20542.2 |24 |(83/2-) |
120 |54 |0.0 | |0+ |40 M 1
120 |54 |322.61 |4 |2+ |45.7 PS 20
120 |54 |796.16 |4 |4+ |5.8 PS 4
120 |54 |876.10 |4 |2+ |
120 |54 |908.70 |5 |0+ |6.2 PS LT
120 |54 |1271.70 |4 |3+ |
120 |54 |1274.43 |4 |(2)+ |
120 |54 |1397.33 |6 |6+ |1.73 PS 25
120 |54 |1401.34 |5 |4+ |
120 |54 |1623.25 |5 |0+ |83 PS 28
120 |54 |1711.75 |5 |(4)+ |
120 |54 |1725.40 |5 |2+ |0.6 NS 5
120 |54 |1745.31 |7 |+ |
120 |54 |1767.54 |6 |(2+,3,4+) |
120 |54 |1816.98 |5 |(5)+ |
120 |54 |1924.11 |8 |2+ |
120 |54 |1941.31 |6 |2+ |
120 |54 |1982.49 |11 |(1,2+) |
120 |54 |1985.63 |6 |6+ |
120 |54 |1995.07 |6 |2 |
120 |54 |2050.56 |7 |(2+,3,4+) |
120 |54 |2071.99 |6 |4+ |
120 |54 |2072.7 |8 | |
120 |54 |2099.20 |8 |8+ |0.97 PS 17
120 |54 |2165.16 |6 |(2+,3,4+) |
120 |54 |2186.80 |6 |(2,3,4) |
120 |54 |2236.65 |15 |0+ |
120 |54 |2242.13 |7 | |
120 |54 |2272.68 |7 |(4-,5-) |
120 |54 |2295.10 |9 | |
120 |54 |2402.12 |6 |(1,2)+ |
120 |54 |2411.0 |10 |0+ |
120 |54 |2448.42 |9 |(3,4)+ |
120 |54 |2460.88 |8 |7+ |0.62 PS +35-14
120 |54 |2495.2 |6 |(7-) |
120 |54 |2536.07 |9 | |
120 |54 |2544.8 |7 |(6-) |
120 |54 |2637.59 |11 |(1,2+) |
120 |54 |2653.83 |12 |(8+) |
120 |54 |2669.5 |8 | |
120 |54 |2682.12 |8 | |
120 |54 |2721.89 |8 |(3,4,5)+ |
120 |54 |2727.34 |8 |(4+,5,6+) |
120 |54 |2728.5 |5 |(6-) |
120 |54 |2812.68 |8 |(4) |
120 |54 |2830.20 |10 |7- |
120 |54 |2830.95 |16 | |
120 |54 |2853.98 |6 | |
120 |54 |2872.70 |13 |10+ |0.63 PS 10
120 |54 |2912.1 |8 | |
120 |54 |2930.0 |5 |(7-) |
120 |54 |2966.77 |11 | |
120 |54 |2966.84 |13 |(8-) |
120 |54 |2970.80 |13 |(9-) |
120 |54 |3003.4 |6 |(8-) |
120 |54 |3075.7 |6 |(8-) |
120 |54 |3149.32 |13 |(9-) |
120 |54 |3149.5 |10 | |
120 |54 |3174.11 |13 |9+ |0.52 PS 7
120 |54 |3280.7 |8 |(9-) |
120 |54 |3326.43 |16 |(10+) |
120 |54 |3357.21 |7 |(2+) |
120 |54 |3383.34 |15 |(10-) |
120 |54 |3470.91 |10 |(2+) |
120 |54 |3535.4 |8 |(10-) |
120 |54 |3575.3 |9 |(10-) |
120 |54 |3591.69 |16 |(11-) |
120 |54 |3648.44 |15 |(11-) |
120 |54 |3676.51 |16 |12+ |0.58 PS 9
120 |54 |3802.62 |7 |(2+) |
120 |54 |3852.4 |11 |(11-) |
120 |54 |3918.7 |6 |12+ |1.2 PS +10-3
120 |54 |3933.9 |10 |(11+) |0.55 PS +21-14
120 |54 |3956.55 |18 |(12-) |
120 |54 |4157.8 |8 |(12+) |0.58 PS +14-10
120 |54 |4167.5 |13 |(12-) |
120 |54 |4212.5 |9 |(12-) |
120 |54 |4292.66 |19 |(13-) |
120 |54 |4306.3 |6 |(13-) |
120 |54 |4313.12 |9 |(2+) |
120 |54 |4458.92 |19 |14+ |0.69 PS 10
120 |54 |4557.7 |11 |(13-) |
120 |54 |4608.4 |7 |(14+) |1.1 PS +5-3
120 |54 |4664.45 |19 |(14-) |
120 |54 |4695.9 |15 |(13+) |0.87 PS +22-17
120 |54 |4846.8 |7 |(14+) |0.21 PS 3
120 |54 |4888.5 |17 |(14-) |
120 |54 |4938.5 |11 |(14-) |
120 |54 |5059.1 |7 |(15-) |
120 |54 |5085.2 |6 |(15-) |
120 |54 |5232.3 |9 |16+ |0.48 PS +15-8
120 |54 |5405.9 |12 |(16+) |0.45 PS +19-9
120 |54 |5479.7 |8 |(16-) |
120 |54 |5636.9 |8 |(16+) |0.49 PS +21-7
120 |54 |5691.8 |19 |(16-) |
120 |54 |5919.9 |9 |(17-) |
120 |54 |5928.9 |6 |(17-) |
120 |54 |6051.0 |14 |18+ |0.26 PS 4
120 |54 |6339.0 |16 |(18+) |0.22 PS 5
120 |54 |6382.5 |10 |(18-) |
120 |54 |6457.1 |10 |(18+) |0.22 PS +9-5
120 |54 |6574.5 |22 |(18-) |
120 |54 |6833.5 |12 |(19-) |
120 |54 |6862.6 |12 |(19-) |
120 |54 |6955.4 |17 |20+ |0.12 PS 3
120 |54 |7320.0 |19 |(20+) |0.12 PS 4
120 |54 |7363.7 |9 |(20-) |
120 |54 |7427.5 |14 |(20+) |
120 |54 |7511.8 |24 |(20-) |
120 |54 |7798.5 |16 |(21-) |
120 |54 |7877.7 |12 |(21-) |
120 |54 |7955.1 |20 |22+ |0.09 PS 4
120 |54 |8467 |3 |(22-) |
120 |54 |8810.2 |19 |(23-) |
120 |54 |9051.1 |22 |(24+) |
120 |54 |9483 |3 |(24-) |
120 |54 |9875.2 |21 |(25-) |
120 |54 |10241.1 |24 |(26+) |
120 |54 |10643.1 |21 |(26-) |
120 |54 |11002.2 |24 |(27-) |
120 |54 |11524 |3 |(28+) |
120 |54 |12150.4 |20 |(29-) |
121 |54 |0.0 | |5/2(+) |40.1 M 20
121 |54 |153.99 |11 |(1/2+) |80 NS 15
121 |54 |179.55 |9 |7/2(+) |
121 |54 |196.06 |13 |7/2(-) |6.8 NS 13
121 |54 |234.67 |21 |7/2(-),9/2(-) |
121 |54 |239.81 |12 |(3/2+) |
121 |54 |264.72 |14 |(11/2-) |6 NS 1
121 |54 |355.75 |15 |(5/2-) |
121 |54 |414.29 |10 |(9/2+) |
121 |54 |427.16 |13 |(3/2+,5/2+) |
121 |54 |449.89 |11 |(5/2+) |
121 |54 |459.59 |14 |(7/2+) |
121 |54 |476.16 |24 |(7/2,9/2,11/2)(-) |
121 |54 |497.2 |5 | |
121 |54 |553.07 |15 | |
121 |54 |560.83 |16 |(7/2+) |
121 |54 |592.7 |4 | |
121 |54 |608.4 |4 | |
121 |54 |619.92 |16 | |
121 |54 |646.16 |24 | |
121 |54 |657.90 |15 |(13/2-) |
121 |54 |661.10 |15 | |
121 |54 |661.1 |4 | |
121 |54 |667.76 |24 | |
121 |54 |670.49 |10 |(11/2+) |
121 |54 |682.40 |18 | |
121 |54 |687.02 |15 |(15/2-) |
121 |54 |696.52 |14 | |
121 |54 |706.19 |12 |(7/2+) |
121 |54 |734.58 |19 |(7/2+,9/2+) |
121 |54 |737.50 |21 | |
121 |54 |776.3 |10 | |
121 |54 |815.6 |10 | |
121 |54 |861.06 |24 | |
121 |54 |881.19 |23 |(9/2+) |
121 |54 |897.2 |4 | |
121 |54 |900.02 |23 | |
121 |54 |910.28 |18 | |
121 |54 |942.4 |13 |(13/2-) |
121 |54 |946.3 |4 | |
121 |54 |963.29 |11 |(13/2+) |
121 |54 |978.4 |4 | |
121 |54 |998.78 |17 | |
121 |54 |1021.42 |22 |(11/2+) |
121 |54 |1117.6 |4 | |
121 |54 |1149.5 |4 | |
121 |54 |1247.1 |6 | |
121 |54 |1261.6 |4 | |
121 |54 |1264.92 |15 |(17/2-) |
121 |54 |1274.00 |16 |(19/2-) |
121 |54 |1281.52 |13 |(15/2+) |
121 |54 |1299.61 |16 | |
121 |54 |1310.1 |3 |(15/2-) |
121 |54 |1343.5 |3 | |
121 |54 |1419.8 |3 | |
121 |54 |1445.9 |11 |(13/2+) |
121 |54 |1534.4 |8 |(17/2-) |
121 |54 |1590.01 |24 |(15/2+) |
121 |54 |1596.3 |5 | |
121 |54 |1618.39 |15 |(17/2+) |
121 |54 |1937.3 |3 |(19/2-) |
121 |54 |1986.01 |16 |(19/2+) |
121 |54 |1995.86 |17 |(23/2-) |
121 |54 |2015.44 |16 |(21/2-) |
121 |54 |2098.2 |15 |(17/2+) |
121 |54 |2244.2 |8 |(21/2-) |
121 |54 |2245.00 |23 |(19/2+) |
121 |54 |2271.1 |8 |(19/2+) |
121 |54 |2355.82 |17 |(21/2+) |
121 |54 |2534.26 |23 |(19/2+) |
121 |54 |2582.9 |11 |(21/2+) |
121 |54 |2623.33 |20 |(21/2+) |
121 |54 |2700.3 |3 |(23/2-) |
121 |54 |2748.05 |19 |(23/2+) |
121 |54 |2779.71 |19 |(23/2+) |
121 |54 |2819.59 |18 |(23/2+) |
121 |54 |2833.70 |20 |(27/2-) |
121 |54 |2881.92 |23 |(25/2-) |
121 |54 |2947.2 |11 |(23/2+) |
121 |54 |2994.62 |22 |(25/2+) |
121 |54 |3062.3 |8 |(25/2-) |
121 |54 |3101.75 |19 |(25/2+) |
121 |54 |3151.8 |11 |(25/2+) |
121 |54 |3267.68 |21 |(27/2+) |
121 |54 |3272.31 |20 |(27/2+) |
121 |54 |3549.5 |4 |(27/2-) |
121 |54 |3553.9 |11 |(27/2-) |
121 |54 |3591.6 |3 |(29/2+) |
121 |54 |3699.3 |15 |(27/2+) |
121 |54 |3719.2 |4 |(29/2+) |
121 |54 |3764.5 |3 |(31/2-) |
121 |54 |3837.0 |4 |(29/2-) |
121 |54 |3958.9 |13 |(29/2-) |
121 |54 |3965.17 |25 |(31/2+) |
121 |54 |4039.32 |25 |(31/2+) |
121 |54 |4355.5 |3 |(29/2-) |
121 |54 |4383.0 |4 |(33/2+) |
121 |54 |4497.4 |3 |(33/2+) |
121 |54 |4734.1 |6 |(31/2-) |
121 |54 |4754.0 |8 |(35/2-) |
121 |54 |4837.0 |6 |(33/2-) |
121 |54 |4841.9 |3 |(35/2+) |
121 |54 |4900.6 |3 |(35/2+) |
121 |54 |5102.1 |4 |(33/2-) |
121 |54 |5310.8 |8 |(33/2-) |
121 |54 |5336.8 |4 |(37/2+) |
121 |54 |5372.3 |3 |(37/2+) |
121 |54 |5500.8 |7 |(35/2-) |
121 |54 |5742.7 |12 |(37/2-) |
121 |54 |5783.6 |9 |(39/2-) |
121 |54 |5839.6 |4 |(39/2+) |
121 |54 |5853.1 |3 |(39/2+) |
121 |54 |5855.0 |12 |(39/2+) |
121 |54 |5978.7 |5 |(37/2-) |
121 |54 |6343.7 |3 |(41/2+) |
121 |54 |6377.4 |7 |(39/2-) |
121 |54 |6857.8 |3 |(43/2+) |
121 |54 |6873.5 |10 |(43/2-) |
121 |54 |6926.9 |5 |(41/2-) |
121 |54 |7184.6 |3 |(45/2+) |
121 |54 |7353.0 |8 |(43/2-) |
121 |54 |7363.5 |3 |(45/2+) |
121 |54 |7927.5 |4 |(47/2+) |
121 |54 |7943.4 |5 |(45/2-) |
121 |54 |8340.5 |4 |(49/2+) |
121 |54 |8983.8 |5 |(49/2-) |
121 |54 |9015.5 |4 |(51/2+) |
121 |54 |9149.5 |4 |(53/2+) |
121 |54 |9858.7 |4 |(53/2-) |
121 |54 |9869.8 |5 |(55/2+) |
121 |54 |10647.6 |5 |(57/2-) |
121 |54 |10900.6 |5 |(57/2+) |
121 |54 |11145.4 |5 |(55/2) |
121 |54 |12012.2 |6 | |
121 |54 |12168.1 |5 |(59/2+) |
121 |54 |12787.4 |7 | |
121 |54 |12789.9 |6 |(63/2+) |
121 |54 |13651.4 |6 |(67/2+) |
122 |54 |0.0 | |0+ |20.1 H 1
122 |54 |331.28 |7 |2+ |49.3 PS 20
122 |54 |828.53 |11 |4+ |4.50 PS 21
122 |54 |843.13 |9 |(2+) |
122 |54 |1149.18 |21 |0+ |
122 |54 |1214.34 |10 |(3)+ |
122 |54 |1402.71 |14 |(4)+ |
122 |54 |1467.05 |14 |6+ |1.4 PS 5
122 |54 |1495.01 |20 |2+ |
122 |54 |1716.36 |23 |1,2 |
122 |54 |1774.50 |14 |(5)+ |
122 |54 |1882.3 |3 | |
122 |54 |2056.66 |17 |(6)+ |
122 |54 |2065.54 |24 |2+ |
122 |54 |2217.69 |16 |8+ |0.8 PS 4
122 |54 |2264.4 |5 |0+,1,2 |
122 |54 |2343.1 |4 |2+ |
122 |54 |2458.98 |19 |(7)+ |
122 |54 |2530.7 |3 |0+,1,2 |
122 |54 |2564.88 |21 |(7)- |0.55 PS 28
122 |54 |2642.3 |3 |1,2 |
122 |54 |2795.12 |19 |(8+) |
122 |54 |2847.2 |3 |7,8+ |
122 |54 |2873.18 |20 |(7)- |
122 |54 |3008.8 |4 |(8-) |
122 |54 |3030.7 |5 | |
122 |54 |3033.30 |21 |(9)- |1.5 PS 14
122 |54 |3039.88 |18 |10+ |0.34 PS 14
122 |54 |3072.6 |5 | |
122 |54 |3216.1 |3 |(9+) |
122 |54 |3242.9 |3 |(9)- |
122 |54 |3468.9 |3 |(10)+ |
122 |54 |3562.2 |4 |(10-) |
122 |54 |3598.7 |3 |(10-) |
122 |54 |3608.52 |20 |(10+) |
122 |54 |3682.15 |22 |(11)- |1.0 PS 2
122 |54 |3747.9 |15 | |
122 |54 |3820.10 |20 |(12+) |
122 |54 |3843.9 |4 |(11-) |
122 |54 |3883.1 |3 |(12+) |
122 |54 |3961.5 |6 |(11+) |
122 |54 |4151.4 |3 |(12+) |
122 |54 |4240.2 |5 |(12-) |
122 |54 |4275.8 |7 |(12-) |
122 |54 |4412.0 |4 |(12+) |
122 |54 |4439.4 |3 |(13)- |0.48 PS 14
122 |54 |4514.9 |11 | |
122 |54 |4563.9 |3 |(14+) |
122 |54 |4576.1 |4 |(13-) |
122 |54 |4715.0 |8 |(13+) |
122 |54 |4827.2 |3 |(12+) |
122 |54 |5004.5 |3 |(13+) |
122 |54 |5032.3 |6 |(14-) |
122 |54 |5044.9 |7 |(14-) |
122 |54 |5059.0 |3 |(14+) |
122 |54 |5184.9 |4 |(14+) |
122 |54 |5209.7 |4 |(15-) |
122 |54 |5236.1 |3 |(14+) |
122 |54 |5407.0 |4 |(16+) |
122 |54 |5408.1 |5 |(15-) |
122 |54 |5530.9 |3 |(15+) |
122 |54 |5552.6 |9 |(15+) |
122 |54 |5848.7 |6 |(16-) |
122 |54 |5850.5 |5 |(15) |
122 |54 |5855.2 |5 |(15) |
122 |54 |5884.1 |4 |(16+) |
122 |54 |5906.8 |3 |(16+) |
122 |54 |5917.4 |6 |(16-) |
122 |54 |6048.2 |4 |(17-) |
122 |54 |6124.7 |5 |(16+) |
122 |54 |6289.6 |4 |(17+) |
122 |54 |6304.9 |5 |(17-) |
122 |54 |6370.1 |4 |(18+) |
122 |54 |6535.6 |6 |(17+) |
122 |54 |6693.0 |5 |(18-) |
122 |54 |6742.7 |4 |(18+) |
122 |54 |6786.5 |4 |(18+) |
122 |54 |6865.7 |7 |(18-) |
122 |54 |6940.3 |5 |(19-) |
122 |54 |6962.2 |5 |(18+) |
122 |54 |7244.5 |7 |(19-) |
122 |54 |7387.9 |6 |(19+) |
122 |54 |7453.1 |5 |(20+) |
122 |54 |7577.1 |5 |(20-) |
122 |54 |7766.7 |4 |(20+) |
122 |54 |7805.7 |5 |(20+) |
122 |54 |7861.8 |8 |(20-) |
122 |54 |7883.0 |5 |(21-) |
122 |54 |8240.1 |8 |(21-) |
122 |54 |8256.1 |6 |(21+) |
122 |54 |8511.5 |5 |(22-) |
122 |54 |8639.7 |5 |(22+) |
122 |54 |8653.1 |5 |(22+) |
122 |54 |8788.1 |7 |(22+) |
122 |54 |8801.3 |8 |(22+) |
122 |54 |8889.7 |9 |(22-) |
122 |54 |8977.1 |5 |(23-) |
122 |54 |9172.0 |5 |(23+) |
122 |54 |9306.0 |9 |(23-) |
122 |54 |9542.6 |8 |(24+) |
122 |54 |9594.0 |7 |(24-) |
122 |54 |9738.1 |6 |(24+) |
122 |54 |9875.2 |7 |(24+) |
122 |54 |10002.2 |6 |(25-) |
122 |54 |10198.7 |6 |(25+) |
122 |54 |10251.2 |5 |(25-) |
122 |54 |10465.9 |10 |(25-) |
122 |54 |10570.6 |10 |(26+) |
122 |54 |10659.6 |7 |(27-) |
122 |54 |10788.0 |7 |(26+) |
122 |54 |10819.7 |8 |(26-) |
122 |54 |10829.7 |12 | |
122 |54 |10944.6 |10 |(28+) |
122 |54 |11240.8 |7 |(27+) |
122 |54 |11530.4 |6 |(27-) |
122 |54 |11827.4 |11 |(29) |
122 |54 |11925.8 |13 |(28+) |
122 |54 |12068.4 |7 |(29-) |
122 |54 |12069.8 |9 |(28-) |
122 |54 |12131.9 |11 |(30+) |
122 |54 |12297.4 |7 |(29-) |
122 |54 |12309.8 |9 |(29+) |
122 |54 |12443.8 |16 | |
122 |54 |12649.0 |7 |(30-) |
122 |54 |13339.2 |8 |(31-) |
122 |54 |13472.9 |11 |(32+) |
123 |54 |0.0 | |(1/2)+ |2.08 H 2
123 |54 |97.30 |6 |(3/2)+ |380 PS 30
123 |54 |180.59 |6 |(5/2)+ |2.5 NS 2
123 |54 |185.18 |11 |7/2(-) |5.49 US 26
123 |54 |206.24 |12 |(9/2-) |11.8 NS 14
123 |54 |251.90 |10 |(7/2+) |
123 |54 |263.14 |12 |(11/2-) |1.5 NS 3
123 |54 |306.99 |7 |(5/2)+ |
123 |54 |437.44 |9 |(7/2)+ |
123 |54 |442.41 |9 |(1/2,3/2)+ |
123 |54 |466.98 |10 |(5/2,7/2)+ |
123 |54 |518.37 |10 |(9/2)+ |
123 |54 |567.54 |14 |(7/2-,9/2-,11/2-) |
123 |54 |585.63 |11 |(3/2) |
123 |54 |596.65 |8 |(1/2,3/2)+ |
123 |54 |611.09 |10 |(1/2,3/2)+ |
123 |54 |614.11 |12 | |
123 |54 |662.03 |13 |(13/2-) |
123 |54 |693.75 |17 |(1/2,3/2) |
123 |54 |718.97 |13 |(15/2-) |12.5 PS 21
123 |54 |731.38 |10 |(5/2,7/2,9/2) |
123 |54 |741.38 |9 |(1/2,3/2)+ |
123 |54 |750.51 |14 |(9/2-,11/2-) |
123 |54 |759.55 |16 | |
123 |54 |767.58 |12 |(11/2+) |
123 |54 |776.62 |10 |(7/2+) |
123 |54 |797.29 |10 |(9/2)+ |
123 |54 |848.45 |11 |(1/2,3/2) |
123 |54 |863.79 |13 |(5/2+,7/2+) |
123 |54 |867.71 |16 |(11/2-) |
123 |54 |876.92 |14 |(13/2-) |
123 |54 |917.29 |21 |(1/2,3/2) |
123 |54 |918.41 |16 | |
123 |54 |934.71 |14 |(11/2+) |
123 |54 |970.84 |14 |(11/2-) |
123 |54 |1032.1 |3 |(1/2,3/2) |
123 |54 |1041.36 |14 |(11/2-) |
123 |54 |1046.17 |11 |7/2,9/2(+) |
123 |54 |1051.04 |11 |(9/2+,11/2+) |
123 |54 |1054.4 |3 | |
123 |54 |1082.16 |13 |(13/2)+ |
123 |54 |1125.65 |19 |(1/2,3/2) |
123 |54 |1145.15 |14 | |
123 |54 |1260.09 |13 |(13/2-) |
123 |54 |1269.59 |14 |(15/2-) |
123 |54 |1273.27 |18 |(1/2,3/2) |
123 |54 |1278.01 |17 | |
123 |54 |1293.75 |14 |(17/2-) |
123 |54 |1325.23 |19 | |
123 |54 |1335.91 |15 |(19/2-) |3.5 PS LE
123 |54 |1338.90 |14 | |
123 |54 |1384.19 |24 | |
123 |54 |1397.65 |14 |(15/2)+ |
123 |54 |1430.53 |14 |(13/2+) |
123 |54 |1452.90 |19 |(1/2,3/2) |
123 |54 |1519.81 |17 | |
123 |54 |1521.50 |15 |(17/2-) |
123 |54 |1540.91 |14 |(15/2-) |
123 |54 |1553.86 |19 |(15/2+) |
123 |54 |1580.36 |15 | |
123 |54 |1618.37 |23 | |
123 |54 |1696.3 |4 | |
123 |54 |1733.05 |18 | |
123 |54 |1757.88 |18 |(17/2+) |
123 |54 |1758.8 |4 | |
123 |54 |1827.48 |15 |(17/2-) |
123 |54 |1841.52 |16 | |
123 |54 |1947.5 |4 |(15/2-) |
123 |54 |1949.04 |16 | |
123 |54 |1953.16 |16 | |
123 |54 |2062.89 |17 |(21/2-) |
123 |54 |2089.46 |19 |(23/2-) |
123 |54 |2112.41 |17 |(19/2+) |
123 |54 |2144.49 |19 | |
123 |54 |2196.68 |19 | |
123 |54 |2209.72 |17 | |
123 |54 |2225.78 |19 | |
123 |54 |2230.51 |17 |(19/2+) |
123 |54 |2248.56 |18 | |
123 |54 |2284.03 |19 | |
123 |54 |2416.4 |3 | |
123 |54 |2422.27 |21 |(19/2+) |
123 |54 |2497.60 |18 |(21/2+) |
123 |54 |2689.24 |19 |(21/2+) |
123 |54 |2770.0 |3 | |
123 |54 |2822.24 |19 |(23/2+) |
123 |54 |2882.58 |17 |(23/2+) |
123 |54 |2951.32 |22 | |
123 |54 |2964.21 |18 |(23/2+) |
123 |54 |2965.6 |3 |(27/2-) |
123 |54 |3152.28 |24 | |
123 |54 |3169.32 |17 |(25/2+) |
123 |54 |3210.61 |21 |(25/2+) |
123 |54 |3349.68 |19 |(27/2+) |
123 |54 |3479.2 |3 |(27/2+) |
123 |54 |3652.5 |11 | |
123 |54 |3820.7 |7 |(29/2+) |
123 |54 |3853.8 |8 | |
123 |54 |3905.4 |8 |(29/2+) |
123 |54 |3909.0 |7 |(27/2-) |
123 |54 |3951.4 |9 |(31/2-) |
123 |54 |3956.3 |11 | |
123 |54 |4103.3 |11 | |
123 |54 |4155.6 |8 |(31/2+) |
123 |54 |4214.0 |10 |(31/2+) |
123 |54 |4354.8 |9 | |
123 |54 |4610.3 |9 |(31/2-) |
123 |54 |4628.1 |9 |(33/2+) |
123 |54 |5010.6 |12 |(35/2-) |
123 |54 |5036.9 |10 |(35/2+) |
123 |54 |5043.3 |15 | |
123 |54 |5066.7 |12 |(35/2+) |
123 |54 |5213.0 |10 | |
123 |54 |5328.3 |15 | |
123 |54 |5339.3 |14 |(35/2-) |
123 |54 |5520.1 |11 |(37/2+) |
123 |54 |5916.0 |11 |(39/2+) |
123 |54 |6034.5 |13 |(39/2+) |
123 |54 |6046.6 |16 |(39/2-) |
123 |54 |6135.3 |17 |(39/2-) |
123 |54 |6465.8 |13 | |
123 |54 |6477.5 |12 |(41/2+) |
123 |54 |7068.3 |20 |(43/2-) |
123 |54 |7085.2 |12 |(43/2+) |
123 |54 |7109.6 |19 |(43/2-) |
123 |54 |7115.5 |16 |(43/2+) |
123 |54 |7482.8 |13 |(45/2+) |
123 |54 |7991.4 |14 |(47/2+) |
123 |54 |8077.3 |22 |(47/2-) |
123 |54 |8220.6 |21 |(47/2-) |
123 |54 |8299.5 |19 |(47/2+) |
123 |54 |8454.6 |15 |(49/2+) |
123 |54 |9260.4 |24 |(51/2-) |
123 |54 |9419.6 |18 |(53/2+) |
123 |54 |9426.6 |24 |(51/2-) |
123 |54 |2964.23+X | |(31/2-) |
123 |54 |3116.2+X |4 |(33/2-) |
123 |54 |3315.5+X |6 |(35/2-) |
123 |54 |3541.6+X |7 |(37/2-) |
123 |54 |3787.3+X |7 |(39/2-) |
123 |54 |4085.5+X |7 |(41/2-) |
123 |54 |4442.8+X |7 |(43/2-) |
123 |54 |4918.6+X |8 |(45/2-) |
123 |54 |5407.9+X |9 |(47/2-) |
124 |54 |0.0 | |0+ |1.6E+14 Y GE
124 |54 |354.03 |4 |2+ |46.8 PS 12
124 |54 |846.50 |4 |2+ |12.3 PS 21
124 |54 |878.92 |5 |4+ |5.68 PS 16
124 |54 |1247.63 |7 |3+ |6.2 PS 7
124 |54 |1268.91 |6 |0+ |
124 |54 |1437.96 |9 |4+ |2.1 PS 7
124 |54 |1548.46 |9 |6+ |1.29 PS 11
124 |54 |1628.57 |5 |2+ |
124 |54 |1689.91 |7 |0+ |
124 |54 |1836.92 |9 |5+ |3.99 PS 17
124 |54 |1873.40 |13 |(4+) |
124 |54 |1898.01 |23 |3(-) |
124 |54 |1978.51 |6 |2+ |
124 |54 |1994.28 |22 | |
124 |54 |2014.73 |17 |4(+) |
124 |54 |2143.74 |13 |6+ |4.2 PS
124 |54 |2164.9 |3 | |
124 |54 |2182.0 |7 |1 |
124 |54 |2205.35 |7 |(2+) |
124 |54 |2222.78 |16 |(4,5) |
124 |54 |2226.33 |15 |5(-) |
124 |54 |2279.3 |3 | |
124 |54 |2281.5 |3 | |
124 |54 |2290.7 |3 | |
124 |54 |2331.04 |12 |8+ |0.79 PS 24
124 |54 |2360.61 |15 |5(+) |
124 |54 |2367.2 |3 | |
124 |54 |2373.61 |7 |(0)+ |
124 |54 |2380.9 |4 |5 |
124 |54 |2382.09 |10 |1(+),2(+) |
124 |54 |2508.9 |3 |(5,6) |
124 |54 |2519.47 |6 |2+ |
124 |54 |2531.83 |19 |6(+) |
124 |54 |2535.87 |8 |0+,1+,2+ |
124 |54 |2536.4 |3 | |
124 |54 |2545.0 |7 |1 |
124 |54 |2574.61 |15 |7+ |3.5 PS
124 |54 |2578.70 |13 |6(-) |
124 |54 |2600.6 |3 | |
124 |54 |2625.4 |4 | |
124 |54 |2625.59 |13 |7- |68 PS 7
124 |54 |2644.90 |17 | |
124 |54 |2647.65 |16 |6 |
124 |54 |2675.83 |14 |7(-) |1.0 PS 6
124 |54 |2682.62 |23 | |
124 |54 |2700.58 |23 | |
124 |54 |2729.0 |3 | |
124 |54 |2758.95 |10 |(1+,2+) |
124 |54 |2768.68 |18 |7+ |
124 |54 |2779.0 |4 | |
124 |54 |2791.48 |12 |(1+,2) |
124 |54 |2799.8 |4 |(1,2+) |
124 |54 |2809.66 |15 |8- |0.75 NS 4
124 |54 |2825.56 |9 |(1,2+) |
124 |54 |2867.0 |10 |1 |
124 |54 |2867.4 |4 | |
124 |54 |2869.2 |4 | |
124 |54 |2874.0 |7 |1 |
124 |54 |2900.0 |4 |6 |
124 |54 |2912.13 |21 |8+ |
124 |54 |2959.1 |4 | |
124 |54 |2984.2 |4 | |
124 |54 |2990.9 |6 |1 |
124 |54 |3013.2 |4 |(8) |
124 |54 |3026.21 |16 |(7+) |
124 |54 |3032.2 |4 | |
124 |54 |3036.1 |7 |1 |
124 |54 |3.04E+3 |10 |+ |
124 |54 |3071.1 |4 | |
124 |54 |3095.58 |15 |8(-) |
124 |54 |3110.1 |4 | |
124 |54 |3111.85 |16 |9- |21 PS 4
124 |54 |3124.8 |7 |1 |
124 |54 |3131.88 |25 | |
124 |54 |3147.1 |7 |1 |
124 |54 |3147.81 |15 |9(-) |3.6 PS 5
124 |54 |3171.44 |14 |10+ |1.74 PS 22
124 |54 |3241.40 |24 | |
124 |54 |3265.1 |7 |1 |
124 |54 |3273.7 |3 |9(-) |
124 |54 |3343.91 |22 |(9+) |
124 |54 |3350.0 |10 |1 |
124 |54 |3439.1 |7 |1 |
124 |54 |3462.33 |18 |10(-) |
124 |54 |3464.1 |7 |1 |
124 |54 |3476.6 |4 | |
124 |54 |3502.48 |16 |(10+) |
124 |54 |3511.9 |6 |1 |
124 |54 |3542.1 |10 |1 |
124 |54 |3557.1 |3 | |
124 |54 |3582.19 |12 |(1,2+) |
124 |54 |3603.1 |10 |1 |
124 |54 |3667.1 |10 |1 |
124 |54 |3669.8 |3 |(10+) |
124 |54 |3676.73 |21 | |
124 |54 |3716.1 |10 |1 |
124 |54 |3717.36 |17 |10(-) |
124 |54 |3787.16 |19 |11(-) |
124 |54 |3822.61 |17 |11(-) |2.20 PS 6
124 |54 |3872.1 |10 |1 |
124 |54 |3883.09 |17 |12(+) |1.50 PS 25
124 |54 |3896.8 |5 |(0+,1,2) |
124 |54 |3905.1 |10 |1 |
124 |54 |3955.9 |4 |(11-) |
124 |54 |4002.9 |3 |(11+) |
124 |54 |4019.0 |7 |(10+) |
124 |54 |4216.10 |20 |12(-) |
124 |54 |4299.14 |18 |(12+) |
124 |54 |4421.39 |21 |12(-) |
124 |54 |4573.97 |22 |13(-) |
124 |54 |4598.39 |23 |13(-) |1.12 PS 6
124 |54 |4612.81 |24 |14(+) |
124 |54 |4743.1 |4 |(13+) |
124 |54 |4759.6 |5 |(13-) |
124 |54 |4809.8 |12 | |
124 |54 |4837.9 |8 | |
124 |54 |4875.9 |3 | |
124 |54 |5026.5 |7 | |
124 |54 |5049.79 |22 |(12+) |
124 |54 |5067.85 |24 |14(-) |
124 |54 |5114.4 |3 |(14+) |
124 |54 |5182.2 |3 |14(-) |
124 |54 |5290.40 |24 |13(+) |
124 |54 |5432.2 |6 |(14+) |
124 |54 |5433.5 |3 |15(-) |1.40 PS 8
124 |54 |5462.5 |4 |(15-) |
124 |54 |5465.8 |3 |16(+) |
124 |54 |5518.83 |23 |14 |
124 |54 |5551.83 |24 |14(+) |
124 |54 |5592.6 |5 |(15+) |
124 |54 |5659.2 |7 |(15-) |
124 |54 |5827.41 |24 |15(+) |
124 |54 |5938.2 |3 |(16+) |
124 |54 |5974.3 |3 |16(-) |
124 |54 |6011.6 |4 |(16-) |
124 |54 |6134.6 |4 |17(-) |
124 |54 |6153.9 |3 |16(+) |
124 |54 |6255.6 |4 |(16+) |
124 |54 |6305.0 |9 |(16+) |
124 |54 |6438.4 |5 |(17-) |
124 |54 |6438.8 |4 |18(+) |
124 |54 |6535.2 |8 |(17-) |
124 |54 |6543.9 |6 |(17+) |
124 |54 |6553.7 |3 |17(+) |
124 |54 |6741.1 |4 |18(-) |
124 |54 |6829.2 |4 |(18+) |
124 |54 |6984.6 |4 |18(+) |
124 |54 |7019.8 |5 |(18-) |
124 |54 |7031.3 |4 |19(-) |
124 |54 |7050.7 |9 |(18-) |
124 |54 |7053.3 |5 | |
124 |54 |7118.2 |6 |(18+) |
124 |54 |7219.1 |10 |(18+) |
124 |54 |7395.6 |12 |(19-) |
124 |54 |7433.0 |4 |19(+) |
124 |54 |7452.8 |11 | |
124 |54 |7481.3 |6 |(19-) |
124 |54 |7524.2 |4 |20(+) |
124 |54 |7556.0 |7 |(19+) |
124 |54 |7626.7 |4 |20(-) |
124 |54 |7637.6 |5 | |
124 |54 |7811.4 |5 |(20+) |
124 |54 |7914.8 |6 | |
124 |54 |7929.1 |4 |20(+) |
124 |54 |7939.6 |5 |21(-) |
124 |54 |8071.0 |7 |(20+) |
124 |54 |8083.3 |6 |(20+) |
124 |54 |8093.8 |10 |(20-) |
124 |54 |8100.4 |8 | |
124 |54 |8192.7 |5 | |
124 |54 |8356.0 |13 |(21-) |
124 |54 |8365.5 |4 |21(+) |
124 |54 |8484.1 |5 | |
124 |54 |8523.1 |5 |22(-) |
124 |54 |8567.1 |12 |(21+) |
124 |54 |8570.5 |12 |(21-) |
124 |54 |8722.1 |5 |22(+) |
124 |54 |8860.1 |5 |(22+) |
124 |54 |8901.2 |6 |(22+) |
124 |54 |8911.3 |4 |22(+) |
124 |54 |8990.5 |6 | |
124 |54 |9048.4 |5 | |
124 |54 |9083.9 |14 |(22-) |
124 |54 |9106.1 |5 |23(-) |
124 |54 |9375.4 |13 |(23-) |
124 |54 |9483.4 |5 |23(+) |
124 |54 |9650.9 |16 | |
124 |54 |9657.4 |8 |(24+) |
124 |54 |9671.1 |16 | |
124 |54 |9676.2 |5 |24(-) |
124 |54 |9761.5 |16 |(23-) |
124 |54 |9927.0 |5 |24(+) |
124 |54 |9994.6 |9 | |
124 |54 |9997.3 |6 |24(+) |
124 |54 |10088.1 |12 | |
124 |54 |10090.5 |12 |(24+) |
124 |54 |10123.3 |17 |(24-) |
124 |54 |10143.3 |7 | |
124 |54 |10342.7 |5 |25(-) |
124 |54 |10428.3 |7 |(25) |
124 |54 |10538.5 |12 |(25-) |
124 |54 |10803.7 |19 | |
124 |54 |10810.1 |8 |(26+) |
124 |54 |10839.6 |19 | |
124 |54 |10897.2 |6 |26(-) |
124 |54 |10929.4 |8 |(26+) |
124 |54 |11055.1 |8 |(26) |
124 |54 |11240.0 |12 |(26+) |
124 |54 |11258.7 |12 | |
124 |54 |11265.8 |20 |(26-) |
124 |54 |11387.1 |16 |(26+) |
124 |54 |11473.3 |8 |(27) |
124 |54 |11555.2 |6 |27(-) |
124 |54 |11624.7 |8 |(27) |
124 |54 |11739.1 |9 |(27-) |
124 |54 |11781.6 |16 | |
124 |54 |11821.8 |10 |(28+) |
124 |54 |11869.9 |8 |(28) |
124 |54 |12169.3 |10 |(28) |
124 |54 |12198.3 |9 |(28-) |
124 |54 |12334.1 |10 | |
124 |54 |12360.6 |8 |(29-) |
124 |54 |12464.0 |16 |(28+) |
124 |54 |12491.9 |11 |(29) |
124 |54 |12517.8 |22 |(28-) |
124 |54 |12594.9 |10 |(29) |
124 |54 |12721.6 |12 |(29) |
124 |54 |12772.9 |13 | |
124 |54 |12993.8 |10 |(30) |
124 |54 |13304.8 |12 |(30) |
124 |54 |13318.0 |10 |(30) |
124 |54 |13578.3 |13 |(31-) |
124 |54 |13639.2 |11 |(31) |
124 |54 |13856.8 |12 |(31) |
124 |54 |14049.8 |13 |(32) |
124 |54 |14777.9 |14 |(33) |
124 |54 |14814.0 |12 |(32) |
124 |54 |15037.1 |13 |(33) |
124 |54 |15178.1 |15 |(34) |
124 |54 |16385.5 |17 | |
124 |54 |16512.4 |18 | |
124 |54 |16529.7 |17 | |
125 |54 |0.0 | |1/2(+) |16.9 H 2
125 |54 |111.79 |12 |3/2(+) |350 PS 20
125 |54 |252.61 |14 |9/2(-) |57 S 1
125 |54 |265.57 |16 |7/2 |
125 |54 |295.89 |15 |7/2(+) |0.14 US 3
125 |54 |310.55 |16 |11/2(-) |
125 |54 |335.37 |12 |5/2(+) |
125 |54 |471.11 |12 |3/2(+) |
125 |54 |483.72 |12 |7/2(+) |
125 |54 |496.99 |12 |5/2(+) |
125 |54 |526.37 |16 |1/2(+),3/2(+) |
125 |54 |540.13 |13 |3/2(+) |
125 |54 |594.09 |13 |5/2,7/2(+) |
125 |54 |596.77 |13 |9/2(+) |80 PS 17
125 |54 |607.79 |13 |7/2(-) |
125 |54 |708.39 |13 |3/2(+),5/2(+) |
125 |54 |711.18 |14 |3/2(+) |
125 |54 |736.85 |15 |13/2(-) |
125 |54 |741.42 |14 |7/2(+) |
125 |54 |762.32 |14 |(5/2-) |
125 |54 |765.66 |14 |3/2,5/2(+) |
125 |54 |796.63 |16 |15/2(-) |8.7 PS 9
125 |54 |837.34 |13 |9/2(+) |
125 |54 |870.62 |16 |11/2(+) |7.8 PS 8
125 |54 |886.96 |17 |9/2,11/2(-) |
125 |54 |889.34 |14 |7/2(+) |
125 |54 |893.51 |16 |13/2(-) |
125 |54 |896.03 |16 |5/2(-) |
125 |54 |919.85 |17 |11/2 |
125 |54 |932.76 |15 |3/2(+),5/2,7/2(+) |
125 |54 |946.24 |14 |5/2(+),7/2(+) |
125 |54 |969.15 |15 |7/2(+) |
125 |54 |987.56 |17 | |
125 |54 |1019.06 |15 |9/2(+) |
125 |54 |1024.44 |18 |(11/2-) |
125 |54 |1030.28 |15 |11/2(+) |
125 |54 |1063.93 |25 | |
125 |54 |1077.10 |25 | |
125 |54 |1103.79 |17 |(9/2,11/2+) |
125 |54 |1121.1 |4 | |
125 |54 |1126.36 |19 | |
125 |54 |1137.6 |4 | |
125 |54 |1141.14 |19 |3/2(+),5/2,7/2(+) |
125 |54 |1161.81 |16 |5/2(+) |
125 |54 |1171.70 |21 | |
125 |54 |1193.12 |16 |7/2(+),9/2(+) |
125 |54 |1209.93 |17 |13/2(+) |2.9 PS 10
125 |54 |1217.17 |19 |5/2(+) |
125 |54 |1245.44 |18 |(9/2-,11/2,13/2-) |
125 |54 |1246.8 |3 | |
125 |54 |1247.74 |17 |11/2 |
125 |54 |1263.60 |21 | |
125 |54 |1281.69 |19 | |
125 |54 |1287.77 |19 | |
125 |54 |1307.2 |4 | |
125 |54 |1310.15 |18 |15/2(-) |
125 |54 |1310.2 |4 |(15/2-) |
125 |54 |1311.4 |7 |1/2,3/2 |
125 |54 |1312.21 |19 |3/2,5/2,7/2 |
125 |54 |1315.81 |15 |(11/2+) |
125 |54 |1321.07 |19 | |
125 |54 |1324.9 |7 |1/2,3/2 |
125 |54 |1327.0 |3 | |
125 |54 |1330.88 |17 |3/2(+),5/2,7/2(+) |
125 |54 |1341.21 |21 |(9/2-,11/2,13/2-) |
125 |54 |1359.64 |19 |3/2,5/2,7/2 |
125 |54 |1370.28 |17 |5/2(+),7/2(+) |
125 |54 |1379.95 |16 |7/2,9/2(+) |
125 |54 |1387.92 |18 |17/2 |
125 |54 |1395.60 |19 |11/2(-),13/2,15/2 |
125 |54 |1399.29 |25 | |
125 |54 |1403.86 |19 |5/2(+),7/2,9/2(+) |
125 |54 |1416.08 |19 |5/2(+) |
125 |54 |1425.3 |4 | |
125 |54 |1438.93 |18 |11/2(+) |
125 |54 |1441.16 |18 |19/2(-) |3 PS LT
125 |54 |1473.9 |3 | |
125 |54 |1477.41 |21 | |
125 |54 |1480.71 |19 |13/2(+) |
125 |54 |1489.91 |19 |3/2(+),5/2,7/2 |
125 |54 |1492.60 |18 | |
125 |54 |1494.7 |4 | |
125 |54 |1510.31 |19 | |
125 |54 |1536.24 |18 |15/2(+) |2.6 PS 9
125 |54 |1537.96 |24 |7/2(+) |
125 |54 |1573.34 |18 |(13/2) |
125 |54 |1578.59 |25 |5/2(+),7/2(+) |
125 |54 |1579.4 |7 |1/2,3/2 |
125 |54 |1579.92 |19 |17/2(-) |
125 |54 |1580.13 |24 | |
125 |54 |1585.53 |18 |(15/2) |
125 |54 |1600.09 |22 |(11/2) |
125 |54 |1601.84 |25 | |
125 |54 |1603.8 |4 | |
125 |54 |1606.09 |19 |5/2(+),7/2,9/2(+) |
125 |54 |1617.50 |19 | |
125 |54 |1624.97 |19 | |
125 |54 |1628.06 |22 |7/2(+) |
125 |54 |1640.18 |17 |11/2(-),13/2(+) |
125 |54 |1647.73 |25 | |
125 |54 |1648.9 |4 | |
125 |54 |1659.69 |19 |15/2 |
125 |54 |1668.67 |24 |3/2(+),5/2,7/2(+) |
125 |54 |1678.87 |18 |7/2(+),9/2,11/2(+) |
125 |54 |1684.46 |25 | |
125 |54 |1687.93 |22 | |
125 |54 |1688.34 |18 | |
125 |54 |1690.46 |19 |5/2(+),7/2(+) |
125 |54 |1698.3 |6 |1/2,3/2 |
125 |54 |1714.0 |3 | |
125 |54 |1716.57 |23 | |
125 |54 |1718.61 |22 |15/2 |
125 |54 |1723.58 |21 | |
125 |54 |1739.6 |3 | |
125 |54 |1752.91 |25 |7/2,9/2,11/2(+) |
125 |54 |1759.93 |19 | |
125 |54 |1804.71 |21 | |
125 |54 |1808.7 |4 | |
125 |54 |1825.94 |25 | |
125 |54 |1826.27 |22 |(15/2) |
125 |54 |1832.87 |25 |(9/2-,11/2,13/2+) |
125 |54 |1859.12 |22 |17/2(-) |
125 |54 |1864.99 |25 | |
125 |54 |1883.04 |21 |(15/2) |
125 |54 |1905.71 |23 | |
125 |54 |1925.34 |22 |17/2(+) |3 PS LT
125 |54 |1934.5 |4 | |
125 |54 |1975.78 |19 |(15/2) |
125 |54 |2004.61 |21 |(15/2,17/2) |
125 |54 |2006.43 |19 |19/2(-) |
125 |54 |2031.04 |22 |(9/2+,11/2,13/2+) |
125 |54 |2035.7 |3 | |
125 |54 |2046.5 |4 |9/2(+) |
125 |54 |2062.8 |3 | |
125 |54 |2082.0 |3 | |
125 |54 |2095.04 |25 |(9/2+,11/2,13/2+) |
125 |54 |2096.8 |3 | |
125 |54 |2144.5 |4 | |
125 |54 |2150.86 |20 |15/2(-) |
125 |54 |2154.9 |7 |1/2,3/2 |
125 |54 |2166.7 |4 | |
125 |54 |2166.73 |21 |21/2 |
125 |54 |2174.7 |3 | |
125 |54 |2174.9 |4 | |
125 |54 |2193.9 |4 | |
125 |54 |2215.74 |21 |23/2(-) |
125 |54 |2226.6 |3 |13/2 |
125 |54 |2227.0 |4 | |
125 |54 |2237.83 |24 |17/2 |
125 |54 |2254.99 |24 | |
125 |54 |2272.26 |21 |19/2(+) |3 PS LT
125 |54 |2301.5 |4 | |
125 |54 |2315.23 |19 | |
125 |54 |2317.7 |4 | |
125 |54 |2349.4 |3 | |
125 |54 |2384.3 |4 | |
125 |54 |2384.78 |22 |21/2(-) |
125 |54 |2414.9 |3 | |
125 |54 |2423.88 |20 |19/2(+) |
125 |54 |2447.5 |4 | |
125 |54 |2464.7 |3 | |
125 |54 |2485.08 |22 |(15/2-,17/2,19/2-) |
125 |54 |2508.3 |3 |19/2 |
125 |54 |2508.7 |4 | |
125 |54 |2524.4 |7 |1/2,3/2 |
125 |54 |2543.9 |7 |1/2,3/2 |
125 |54 |2550.79 |21 |19/2 |
125 |54 |2572.1 |4 | |
125 |54 |2604.3 |4 | |
125 |54 |2616.7 |3 |(15/2,17/2) |
125 |54 |2652.73 |22 |19/2 |
125 |54 |2664.3 |4 | |
125 |54 |2671.3 |3 | |
125 |54 |2704.19 |24 |21/2(+) |
125 |54 |2811.46 |24 |(23/2) |
125 |54 |2819.27 |19 |(17/2) |
125 |54 |2852.7 |4 | |
125 |54 |2890.52 |22 |(21/2) |
125 |54 |2926.6 |3 | |
125 |54 |2952.59 |22 |(19/2) |
125 |54 |2970.35 |25 |(21/2) |
125 |54 |3000.1 |3 | |
125 |54 |3055.2 |3 |25/2 |
125 |54 |3075.14 |19 |(21/2) |
125 |54 |3099.9 |3 |27/2(-) |
125 |54 |3131.3 |3 |(23/2) |
125 |54 |3151.15 |25 |(21/2) |
125 |54 |3210.8 |3 |(21/2) |
125 |54 |3272.2 |4 |(25/2) |
125 |54 |3277.91 |20 |(23/2) |
125 |54 |3322.88 |25 |(23/2) |
125 |54 |3379.5 |3 | |
125 |54 |3486.4 |3 |(25/2) |
125 |54 |3487.2 |4 |(25/2) |
125 |54 |3519.4 |3 |(25/2) |
125 |54 |3523.8 |4 | |
125 |54 |3562.7 |4 | |
125 |54 |3619.0 |3 |(27/2) |
125 |54 |3650.0 |4 | |
125 |54 |3752.8 |4 |(27/2) |
125 |54 |3898.7 |5 | |
125 |54 |3959.8 |4 |(27/2) |
125 |54 |4052.8 |4 |29/2 |
125 |54 |4064.9 |4 |(27/2) |
125 |54 |4070.8 |4 |(31/2-) |
125 |54 |4134.7 |3 | |
125 |54 |4148.3 |11 |(27/2) |
125 |54 |4211.3 |4 |(29/2) |
125 |54 |4268.2 |5 |(29/2) |
125 |54 |4292.7 |4 |(29/2) |
125 |54 |4383.2 |4 |(31/2) |
125 |54 |4573.5 |5 |(31/2) |
125 |54 |4762.9 |4 |(31/2) |
125 |54 |4912.1 |5 |(31/2) |
125 |54 |5066.8 |5 |(35/2) |
125 |54 |5122.1 |5 |(33/2) |
125 |54 |5137.9 |6 |(33/2) |
125 |54 |5162.5 |4 |(33/2) |
125 |54 |5200.2 |5 | |
125 |54 |5200.8 |11 |(33/2) |
125 |54 |5319.8 |11 |(35/2) |
125 |54 |5320.2 |4 |(35/2) |
125 |54 |5826.8 |6 |(35/2) |
125 |54 |5976.4 |10 |(37/2) |
125 |54 |5995.5 |7 |(35/2) |
125 |54 |6096.8 |6 |(39/2) |
125 |54 |6113.5 |6 |(37/2) |
125 |54 |6251.6 |5 |(37/2) |
125 |54 |6344.3 |11 |(39/2) |
125 |54 |6345.4 |5 |(39/2) |
125 |54 |6752.9 |6 |(39/2) |
125 |54 |6814.8 |12 |(39/2) |
125 |54 |7098.3 |11 |(41/2) |
125 |54 |7174.8 |12 |(43/2) |
125 |54 |7177.5 |12 |(41/2) |
125 |54 |7215.7 |6 |(43/2) |
125 |54 |7287.0 |6 |(41/2) |
125 |54 |7334.2 |8 |(43/2) |
125 |54 |7768.9 |9 |(43/2) |
125 |54 |7892.8 |16 |(43/2) |
125 |54 |8242.8 |9 |(47/2) |
125 |54 |8265.3 |6 |(45/2) |
125 |54 |8315.2 |9 |(45/2) |
125 |54 |8331.5 |16 |(45/2) |
125 |54 |8351.8 |15 |(47/2) |
125 |54 |8398.1 |11 |(47/2) |
125 |54 |8406.8 |15 |(47/2) |
125 |54 |8453.2 |7 | |
125 |54 |8496.7 |12 | |
125 |54 |8704.7 |9 |(47/2) |
125 |54 |9289.2 |10 |(49/2) |
125 |54 |9327.0 |10 |(49/2) |
125 |54 |9401.4 |11 |(51/2) |
125 |54 |9517.8 |15 |(51/2) |
125 |54 |9568.5 |19 |(49/2) |
125 |54 |9708.9 |11 |(51/2) |
125 |54 |10368.2 |14 |(53/2) |
125 |54 |10473.4 |15 |(55/2) |
125 |54 |10583.4 |15 |(55/2) |
125 |54 |10749.8 |18 |(55/2) |
125 |54 |10847.6 |21 |(53/2) |
125 |54 |11514.2 |18 |(57/2) |
125 |54 |11870.4 |18 |(59/2) |
125 |54 |12080.8 |21 |(59/2) |
125 |54 |12770.2 |20 |(61/2) |
125 |54 |13162.5 |21 |(63/2) |
125 |54 |13520.8 |23 |(63/2) |
125 |54 |13921 |4 |(61/2) |
125 |54 |14144.3 |23 |(65/2) |
125 |54 |15078 |3 |(67/2) |
125 |54 |15172 |4 |(65/2) |
125 |54 |15638.3 |25 |(69/2) |
125 |54 |16492 |4 |(69/2) |
125 |54 |16758 |3 |(71/2) |
125 |54 |17248 |3 |(73/2) |
125 |54 |17888 |3 |(73/2) |
125 |54 |18557 |3 |(75/2) |
125 |54 |18967 |3 |(77/2) |
125 |54 |19356 |3 |(77/2) |
125 |54 |20457 |3 |(79/2) |
125 |54 |20775 |3 |(81/2) |
125 |54 |20911 |3 |(81/2) |
125 |54 |22339 |4 |(83/2) |
125 |54 |22472 |3 |(85/2) |
125 |54 |22508 |3 |(85/2) |
125 |54 |24130 |3 |(89/2) |
125 |54 |24252 |4 |(87/2) |
125 |54 |24341 |4 |(89/2) |
125 |54 |25880 |4 |(93/2) |
125 |54 |26172 |4 |(93/2) |
125 |54 |26275 |4 |(91/2) |
125 |54 |27741 |4 |(97/2) |
125 |54 |28098 |4 |(97/2) |
125 |54 |28413 |4 |(95/2) |
125 |54 |29720 |4 |(101/2) |
125 |54 |30117 |4 |(101/2) |
125 |54 |30702 |4 |(99/2) |
125 |54 |31826 |4 |(105/2) |
125 |54 |32226 |4 |(105/2) |
125 |54 |32856 |4 |(103/2) |
125 |54 |34058 |4 |(109/2) |
125 |54 |34408 |4 |(109/2) |
125 |54 |35201 |4 |(107/2) |
125 |54 |36413 |4 |(113/2) |
125 |54 |36668 |4 |(113/2) |
125 |54 |37618 |5 |(111/2) |
125 |54 |X | |(47/2-) |
125 |54 |1077.0+X |10 |(51/2-) |
125 |54 |2231.0+X |15 |(55/2-) |
125 |54 |3455.0+X |18 |(59/2-) |
125 |54 |4777.0+X |20 |(63/2-) |
125 |54 |6189.0+X |23 |(67/2-) |
125 |54 |7696.0+X |25 |(71/2-) |
125 |54 |9307+X |3 |(75/2-) |
125 |54 |11008+X |3 |(79/2-) |
125 |54 |11036+X |3 |(79/2-) |
125 |54 |12709+X |3 |(83/2-) |
125 |54 |12860+X |3 |(83/2-) |
125 |54 |14499+X |4 |(87/2-) |
125 |54 |14747+X |3 |(87/2-) |
125 |54 |16382+X |4 |(91/2-) |
125 |54 |16696+X |4 |(91/2-) |
125 |54 |18355+X |4 |(95/2-) |
125 |54 |18730+X |4 |(95/2-) |
125 |54 |20426+X |4 |(99/2-) |
125 |54 |22594+X |4 |(103/2-) |
125 |54 |24850+X |4 |(107/2-) |
125 |54 |27174+X |4 |(111/2-) |
125 |54 |Y | |(49/2-) |
125 |54 |1091.0+Y |10 |(53/2-) |
125 |54 |2339.0+Y |15 |(57/2-) |
125 |54 |3596.0+Y |18 |(61/2-) |
125 |54 |4896.0+Y |20 |(65/2-) |
125 |54 |6211.0+Y |23 |(69/2-) |
125 |54 |7592.0+Y |25 |(73/2-) |
125 |54 |9080+Y |3 |(77/2-) |
125 |54 |10684+Y |3 |(81/2-) |
125 |54 |12343+Y |3 |(85/2-) |
125 |54 |14056+Y |4 |(89/2-) |
125 |54 |15809+Y |4 |(93/2-) |
125 |54 |17671+Y |4 |(97/2-) |
125 |54 |19648+Y |4 |(101/2-) |
125 |54 |21752+Y |4 |(105/2-) |
125 |54 |23982+Y |4 |(109/2-) |
125 |54 |26337+Y |4 |(113/2-) |
125 |54 |Z | |(53/2-) |
125 |54 |1116.0+Z |10 |(57/2-) |
125 |54 |2317.0+Z |15 |(61/2-) |
125 |54 |3618.0+Z |18 |(65/2-) |
125 |54 |5030.0+Z |20 |(69/2-) |
125 |54 |6554.0+Z |23 |(73/2-) |
125 |54 |8189.0+Z |25 |(77/2-) |
125 |54 |9847+Z |3 |(81/2-) |
125 |54 |9919+Z |3 |(81/2-) |
125 |54 |11601+Z |3 |(85/2-) |
125 |54 |11732+Z |3 |(85/2-) |
125 |54 |13469+Z |3 |(89/2-) |
125 |54 |13652+Z |3 |(89/2-) |
125 |54 |15448+Z |3 |(93/2-) |
125 |54 |15686+Z |4 |(93/2-) |
125 |54 |17535+Z |4 |(97/2-) |
125 |54 |17844+Z |4 |(97/2-) |
125 |54 |20108+Z |4 |(101/2-) |
125 |54 |U | |(55/2+) |
125 |54 |1223.0+U |10 |(59/2+) |
125 |54 |2548.0+U |15 |(63/2+) |
125 |54 |3940.0+U |18 |(67/2+) |
125 |54 |5427.0+U |20 |(71/2+) |
125 |54 |7015.0+U |23 |(75/2+) |
125 |54 |8711.1+U |25 |(79/2+) |
125 |54 |10517+U |3 |(83/2+) |
125 |54 |12437+U |3 |(87/2+) |
125 |54 |14467+U |3 |(91/2+) |
125 |54 |16610+U |4 |(95/2+) |
125 |54 |18861+U |4 |(99/2+) |
125 |54 |21213+U |4 |(103/2+) |
125 |54 |23630+U |4 |(107/2+) |
126 |54 |0.0 | |0+ |STABLE
126 |54 |388.631 |9 |2+ |40.8 PS 13
126 |54 |879.871 |10 |2+ |
126 |54 |942.00 |3 |4+ |
126 |54 |1313.88 |3 |0+ |
126 |54 |1317.68 |3 |3+ |
126 |54 |1488.38 |4 |4+ |
126 |54 |1634.98 |5 |6+ |
126 |54 |1678.569 |22 |2+ |
126 |54 |1760.54 |10 |0+ |
126 |54 |1867.20 |21 |(6+) |
126 |54 |1903.13 |7 |4+ |
126 |54 |1903.49 |5 |5+ |
126 |54 |2004.85 |6 |3(-) |
126 |54 |2042.09 |11 |4(+) |
126 |54 |2064.0 |4 |2(+) |0.29 PS LE
126 |54 |2086.30 |6 |2+ |
126 |54 |2187.94 |18 | |
126 |54 |2214.31 |7 |6+ |
126 |54 |2215.18 |7 |(1,2+) |
126 |54 |2228.66 |8 |0+,1,2 |
126 |54 |2258.78 |21 |(4,5) |
126 |54 |2262.48 |11 |(3) |0.46 PS LE
126 |54 |2301.56 |7 |5(-) |
126 |54 |2304.62 |7 |4(-) |
126 |54 |2305.37 |9 |(2,3) |
126 |54 |2314.89 |9 |(3-) |
126 |54 |2321.54 |6 |4(-) |
126 |54 |2347.24 |5 |0+,1,2 |
126 |54 |2350.57 |7 |(2,3) |
126 |54 |2358.59 |7 |(2+) |0.069 PS LE
126 |54 |2363.07 |7 |5+ |
126 |54 |2395.30 |7 |(3,4+) |
126 |54 |2414.28 |7 |5(-) |
126 |54 |2419.24 |6 |1+,2+ |
126 |54 |2435.71 |10 |8+ |
126 |54 |2455.323 |23 |2+ |
126 |54 |2489.36 |5 |(2+) |0.25 PS LE
126 |54 |2492.59 |8 |(6+) |
126 |54 |2502.56 |5 |0+,1,2 |
126 |54 |2515.21 |11 |(3) |
126 |54 |2520.87 |8 |0+,1,2 |
126 |54 |2525.7 |6 | |
126 |54 |2537.79 |11 |4 |
126 |54 |2553.03 |10 |0+ |
126 |54 |2562.15 |8 |6- |
126 |54 |2565.16 |4 |(3+) |
126 |54 |2591.40 |8 |7- |0.2 NS LT
126 |54 |2594.6 |10 | |
126 |54 |2598.58 |9 |5 |
126 |54 |2600 |40 |+ |
126 |54 |2603.9 |10 | |
126 |54 |2608.87 |8 |(4,5) |
126 |54 |2622.91 |9 |5,6 |
126 |54 |2631.8 |7 | |
126 |54 |2632.4 |10 | |
126 |54 |2642.4 |6 | |
126 |54 |2661.42 |12 |7+ |
126 |54 |2664.55 |8 |6(+) |
126 |54 |2677.85 |8 |7- |
126 |54 |2681.0 |10 | |
126 |54 |2685.7 |10 | |
126 |54 |2694.6 |3 | |
126 |54 |2702.2 |7 | |
126 |54 |2739.7 |10 | |
126 |54 |2741.85 |9 |5(-) |
126 |54 |2753.53 |19 |(3+,4,5+) |
126 |54 |2756.9 |10 | |
126 |54 |2758.21 |11 |8- |1.3 NS 2
126 |54 |2759.46 |10 | |
126 |54 |2762.58 |6 |6- |
126 |54 |2765.6 |5 |(3+,5+) |
126 |54 |2779.8 |5 | |
126 |54 |2788.16 |10 |(5+,6-) |
126 |54 |2789.9 |4 |(5) |
126 |54 |2796.42 |8 |0+,1,2 |
126 |54 |2801.0 |10 | |
126 |54 |2811.6 |7 | |
126 |54 |2818.7 |10 | |
126 |54 |2830.9 |7 | |
126 |54 |2848.6 |7 | |
126 |54 |2850.4 |10 | |
126 |54 |2859.7 |10 | |
126 |54 |2875.5 |5 |(5+,7+) |
126 |54 |2877.3 |7 | |
126 |54 |2878.3 |6 | |
126 |54 |2880.97 |9 |7- |
126 |54 |2884.7 |8 | |
126 |54 |2885.0 |7 | |
126 |54 |2885.5 |10 | |
126 |54 |2893.18 |5 |(2+) |
126 |54 |2898.0 |10 | |
126 |54 |2907.6 |7 |(3+,4,5+) |
126 |54 |2915.0 |7 | |
126 |54 |2929.0 |10 | |
126 |54 |2934.7 |5 |(5+,7+) |
126 |54 |2941.6 |5 | |
126 |54 |2941.9 |10 | |
126 |54 |2948.0 |5 | |
126 |54 |2952.30 |9 |(7,8) |
126 |54 |2953.0 |10 | |
126 |54 |2962.12 |11 | |
126 |54 |2965.9 |10 | |
126 |54 |2973.9 |7 |(4,5,6) |
126 |54 |2994.0 |7 | |
126 |54 |2996.1 |10 | |
126 |54 |2999.0 |10 | |
126 |54 |3001.7 |10 | |
126 |54 |3003.0 |10 | |
126 |54 |3025.9 |10 | |
126 |54 |3049.7 |7 | |
126 |54 |3050.1 |10 | |
126 |54 |3051.5 |7 | |
126 |54 |3061.66 |21 | |
126 |54 |3064.31 |13 |9- |
126 |54 |3073.0 |10 | |
126 |54 |3075.6 |10 | |
126 |54 |3084.8 |4 | |
126 |54 |3091.0 |7 | |
126 |54 |3094.28 |15 |(8-) |
126 |54 |3099.3 |7 | |
126 |54 |3106.0 |10 | |
126 |54 |3.11E+3 |18 |+ |
126 |54 |3117.19 |13 |(8+) |
126 |54 |3123.5 |10 | |
126 |54 |3156.3 |7 | |
126 |54 |3157.4 |10 | |
126 |54 |3170.3 |10 | |
126 |54 |3188.6 |10 | |
126 |54 |3194.7 |10 | |
126 |54 |3196.0 |10 | |
126 |54 |3197.98 |10 |(8-) |
126 |54 |3217.6 |10 | |
126 |54 |3218.3 |7 | |
126 |54 |3219.02 |10 |(9-) |
126 |54 |3243.0 |10 | |
126 |54 |3252.1 |7 | |
126 |54 |3271.0 |10 | |
126 |54 |3286.7 |10 | |
126 |54 |3294.64 |17 |(9-) |
126 |54 |3298.0 |10 | |
126 |54 |3312.7 |7 | |
126 |54 |3313.3 |3 | |
126 |54 |3314.14 |16 |10+ |
126 |54 |3329.0 |10 | |
126 |54 |3359.71 |15 |10+ |
126 |54 |3360.0 |10 | |
126 |54 |3369.4 |10 | |
126 |54 |3381.4 |10 | |
126 |54 |3383.78 |15 |(9+) |
126 |54 |3386.9 |3 | |
126 |54 |3396.1 |10 | |
126 |54 |3446.31 |15 |10- |
126 |54 |3471.1 |3 | |
126 |54 |3520.42 |16 | |
126 |54 |3521.2 |10 | |
126 |54 |3544.0 |10 | |
126 |54 |3578.7 |10 | |
126 |54 |3591.9 |4 | |
126 |54 |3625.7 |10 | |
126 |54 |3760.12 |20 | |
126 |54 |3783.31 |19 |11- |
126 |54 |3875.24 |18 | |
126 |54 |3884.57 |17 |12+ |
126 |54 |3920.92 |23 | |
126 |54 |3963.77 |23 | |
126 |54 |3998.3 |4 | |
126 |54 |4240.71 |23 | |
126 |54 |4274.4 |3 |(12+) |
126 |54 |4532.5 |4 | |
126 |54 |4566.9 |4 | |
126 |54 |4597.11 |23 | |
126 |54 |4619.45 |21 |14+ |
126 |54 |4701.0 |3 | |
126 |54 |4732.7 |3 | |
126 |54 |4737.5 |4 | |
126 |54 |4769.1 |4 | |
126 |54 |5090.0 |4 | |
126 |54 |5097.6 |5 | |
126 |54 |5392.8 |4 | |
126 |54 |5508.6 |4 |(16+) |
126 |54 |5636.3 |4 | |
126 |54 |5694.7 |5 | |
126 |54 |5923.1 |5 | |
126 |54 |6013.9 |5 | |
126 |54 |6249.0 |5 | |
126 |54 |6509.4 |6 | |
126 |54 |7186.0 |5 | |
126 |54 |7587.0 |7 | |
126 |54 |8744.8 |7 | |
126 |54 |0+X | | |
126 |54 |280.0+X |10 | |
126 |54 |656.0+X |13 | |
126 |54 |1019.0+X |13 | |
126 |54 |1441.0+X |16 | |
126 |54 |1837.0+X |16 | |
127 |54 |0.0 | |1/2+ |36.346 D 3
127 |54 |124.751 |20 |3/2+ |0.28 NS 1
127 |54 |297.10 |8 |9/2- |69.2 S 9
127 |54 |308.98 |13 |(11/2-) |
127 |54 |321.550 |20 |3/2+ |
127 |54 |342.23 |4 |7/2+ |36.7 NS 9
127 |54 |375.459 |24 |5/2+ |
127 |54 |411.965 |23 |1/2+ |
127 |54 |419.59 |6 |5/2-,7/2-,9/2- |
127 |54 |509.97 |3 |(3/2)+ |
127 |54 |530.31 |4 |7/2+ |
127 |54 |587.064 |22 |3/2+ |
127 |54 |645.90 |8 |(9/2)+ |
127 |54 |711.61 |3 |7/2+ |2 NS LT
127 |54 |720.09 |3 | |
127 |54 |747.7 |3 | |
127 |54 |792.37 |14 |(11/2-,13/2-) |
127 |54 |804.75 |20 |5/2+ |
127 |54 |828.09 |15 |(15/2-) |
127 |54 |846.0 |3 | |
127 |54 |878.12 |6 | |
127 |54 |897.63 |12 |(9/2+) |
127 |54 |904.80 |17 |1/2+,3/2+,5/2+ |
127 |54 |930.28 |15 |3/2+ |
127 |54 |931.070 |24 |3/2+ |
127 |54 |938.18 |11 |(11/2)+ |
127 |54 |960.10 |12 |(9/2,13/2-) |
127 |54 |976.07 |3 |1/2,3/2,5/2+ |
127 |54 |980.13 |22 | |
127 |54 |1021.0 |3 | |
127 |54 |1071.5 |3 | |
127 |54 |1080.79 |16 |11/2+ |
127 |54 |1107.9 |3 | |
127 |54 |1119.2 |3 | |
127 |54 |1196.85 |4 |1/2+,3/2+ |
127 |54 |1241.4 |3 | |
127 |54 |1283.11 |22 |(11/2+,13/2+) |
127 |54 |1306.334 |24 |3/2+ |
127 |54 |1369.27 |15 |(13/2-,15/2-) |
127 |54 |1402.60 |3 |(3/2)+ |
127 |54 |1466.75 |19 |(13/2-to17/2-) |
127 |54 |1508.69 |17 |(19/2-) |
127 |54 |1534.627 |22 |(3/2+) |
127 |54 |1541.16 |18 |(13/2+) |
127 |54 |1558.25 |6 |1/2,3/2,5/2+ |
127 |54 |1582.664 |24 |1/2+,3/2+ |
127 |54 |1584.01 |20 |1/2,3/2,5/2+ |
127 |54 |1611.96 |8 | |
127 |54 |1622.27 |14 |(15/2+) |
127 |54 |1650.7 |4 | |
127 |54 |1666.4 |5 | |
127 |54 |1704.45 |20 |(13/2-,17/2-) |
127 |54 |1716.56 |5 |1/2,3/2 |
127 |54 |1741.34 |8 |1/2,3/2 |
127 |54 |1751.56 |20 |15/2+ |
127 |54 |1774.91 |20 |1/2,3/2 |
127 |54 |1806.46 |4 |(1/2+,3/2) |
127 |54 |1831.01 |4 |(1/2+) |
127 |54 |1894.81 |9 |(1/2+,3/2) |
127 |54 |1925.4 |7 | |
127 |54 |1972.58 |10 |1/2,3/2 |
127 |54 |1973.58 |21 |3/2 |
127 |54 |2016.4 |4 | |
127 |54 |2033.17 |7 |1/2,3/2 |
127 |54 |2104.5 |3 |(15/2-TO19/2-) |
127 |54 |2170.5 |4 | |
127 |54 |2243.37 |23 |(17/2-,21/2-) |
127 |54 |2274.6 |4 |(9/2+,13/2+,15/2+) |
127 |54 |2306.6 |7 |(15/2-,17/2,19/2+) |
127 |54 |2307.1 |9 | |
127 |54 |2312.1 |7 |(23/2-) |
127 |54 |2395.07 |17 |(15/2+,19/2+) |
127 |54 |2497.7 |3 |15/2+,19/2+ |
127 |54 |2664.6 |7 | |
127 |54 |2665.2 |4 |(17/2,19/2,21/2) |
127 |54 |2716.8 |7 | |
127 |54 |2729.97 |25 | |25 NS 3
127 |54 |2778.9 |10 | |
127 |54 |2968.7 |6 | |
127 |54 |2970 |50 |(1/2+) |
127 |54 |3037.0 | | |
127 |54 |3052.4 | | |
127 |54 |3201.8 |7 |(27/2-) |
127 |54 |3275.8 |6 | |
127 |54 |3282.8 |7 | |
127 |54 |3402.7 |8 | |
127 |54 |3620.7 |13 | |
127 |54 |4088.8 |15 | |
127 |54 |4136.8 |12 |(31/2-) |
127 |54 |4411.8 |15 | |
127 |54 |4886.8 |17 | |
127 |54 |5098.8 |16 |(35/2-) |
127 |54 |5298.8 |17 | |
127 |54 |6122.8 |19 |(39/2-) |
127 |54 |6304.8 |20 | |
127 |54 |7199.8 |21 |(43/2-) |
127 |54 |7310.8 |22 | |
127 |54 |7352.8 |22 | |
127 |54 |7778.8 |22 | |
127 |54 |8335.8 |24 |(47/2-) |
127 |54 |8394.8 |24 | |
127 |54 |8813.8 |25 | |
127 |54 |9523 |3 |(51/2-) |
128 |54 |0.0 | |0+ |STABLE
128 |54 |442.911 |9 |2+ |21.3 PS 11
128 |54 |969.475 |12 |2+ |5.7 PS 5
128 |54 |1033.147 |19 |4+ |3.5 PS 3
128 |54 |1429.56 |3 |3+ |4 NS LT
128 |54 |1582.975 |16 |0+ |
128 |54 |1603.50 |15 |4+ |6 NS LT
128 |54 |1737.26 |18 |6+ |1.10 PS 10
128 |54 |1877.32 |8 |0+ |
128 |54 |1996.74 |19 |5+ |
128 |54 |1999.645 |21 |2+ |
128 |54 |2023.06 |20 |3+,4+ |
128 |54 |2127.06 |3 |1+,2+ |0.12 PS 5
128 |54 |2138.68 |20 |(3)- |
128 |54 |2165.9 |4 |(4) |
128 |54 |2229.23 |21 |(5)- |6 NS LT
128 |54 |2252.89 |6 |1,2 |
128 |54 |2272.85 |3 |2+ |
128 |54 |2280.92 |20 |6+ |4 NS LT
128 |54 |2305.7 |3 |(3) |
128 |54 |2336.05 |22 |(4) |
128 |54 |2361.6 |3 |(3) |
128 |54 |2361.80 |5 |1,2+ |
128 |54 |2388.81 |24 | |
128 |54 |2421.08 |4 | |
128 |54 |2430.69 |4 |1,2+ |
128 |54 |2438.8 |3 |5+ |
128 |54 |2443.92 |17 | |
128 |54 |2444.0 |5 | |
128 |54 |2462.72 |22 |(4) |
128 |54 |2469.66 |23 |5- |
128 |54 |2469.9 |6 | |
128 |54 |2482.51 |4 |(2) |
128 |54 |2500.91 |24 |6- |3 NS LT
128 |54 |2509.2 |4 |(3) |
128 |54 |2510.71 |4 |2+ |
128 |54 |2512.9 |5 |8+ |0.55 PS 6
128 |54 |2521.37 |6 | |
128 |54 |2547.1 |4 |6+ |
128 |54 |2550.67 |18 | |
128 |54 |2553.7 |5 |(5) |
128 |54 |2564.78 |16 | |
128 |54 |2583.22 |25 |7- |
128 |54 |2591.57 |4 |1,2+ |
128 |54 |2595.8 |3 |(4) |
128 |54 |2598.58 |4 |0+ |
128 |54 |2601.2 |3 |(5) |
128 |54 |2608.7 |4 | |
128 |54 |2632.99 |4 |2+ |
128 |54 |2643.1 |4 | |
128 |54 |2645.84 |24 |4 |
128 |54 |2687.5 |5 | |
128 |54 |2693.4 |4 | |
128 |54 |2698.0 |3 |6- |
128 |54 |2718.50 |6 | |
128 |54 |2720.0 |4 |6- |5 NS LT
128 |54 |2726.22 |15 | |
128 |54 |2730.6 |4 |7+ |
128 |54 |2734.1 |4 | |
128 |54 |2735.5 |6 | |
128 |54 |2736.7 |6 | |
128 |54 |2747.0 |3 | |
128 |54 |2752.0 |6 | |
128 |54 |2756.4 |3 |(2+,3+,4+) |
128 |54 |2777.0 |4 | |
128 |54 |2779.1 |5 | |
128 |54 |2787.3 |4 |8- |83 NS 2
128 |54 |2792.0 |4 | |
128 |54 |2794.4 |5 | |
128 |54 |2807.00 |17 | |
128 |54 |2819.9 |3 |(6) |
128 |54 |2820.0 |4 | |
128 |54 |2822.7 |4 |5-,6 |
128 |54 |2823.3 |4 | |
128 |54 |2827.9 |5 | |
128 |54 |2837.59 |4 |2+ |
128 |54 |2839.8 |6 | |
128 |54 |2842.3 |3 |(5)- |
128 |54 |2846.4 |5 | |
128 |54 |2851.5 |5 | |
128 |54 |2859.51 |5 | |
128 |54 |2864.6 |4 | |
128 |54 |2873.8 |5 | |
128 |54 |2876.7 |5 | |
128 |54 |2877.4 |5 | |
128 |54 |2881.4 |6 | |
128 |54 |2882.3 |5 | |
128 |54 |2892.1 |5 | |
128 |54 |2908.7 |4 | |
128 |54 |2920.0 |6 | |
128 |54 |2922.2 |6 | |
128 |54 |2937.81 |11 | |
128 |54 |2941.9 |6 | |
128 |54 |2942.1 |7 |7+,8+,9+ |4 NS LT
128 |54 |2943.0 |4 | |
128 |54 |2944.24 |24 | |
128 |54 |2954.9 |4 | |
128 |54 |2974.3 |4 |(6+,7+,8+) |
128 |54 |2980.3 |5 | |
128 |54 |2981.3 |5 | |
128 |54 |2985.4 |4 |(7) |
128 |54 |2997.9 |6 | |
128 |54 |3007.7 |5 | |
128 |54 |3013.2 |5 | |
128 |54 |3016.2 |5 | |
128 |54 |3026.2 |4 | |
128 |54 |3038.0 |6 | |
128 |54 |3042.8 |4 | |
128 |54 |3050.8 |4 |8- |
128 |54 |3060.31 |16 | |
128 |54 |3068.6 |5 | |
128 |54 |3075.2 |6 | |
128 |54 |3077.6 |6 | |
128 |54 |3079.9 |4 | |
128 |54 |3084.5 |4 | |
128 |54 |3099.59 |6 | |
128 |54 |3104.9 |3 | |
128 |54 |3110.51 |8 | |
128 |54 |3113.4 |4 | |
128 |54 |3115.4 |7 |(8,9)- |
128 |54 |3133.3 |6 | |
128 |54 |3182.3 |5 | |
128 |54 |3186.7 |6 | |
128 |54 |3195.7 |3 | |
128 |54 |3196.8 |7 |10+ |4 NS LT
128 |54 |3199.5 |6 | |
128 |54 |3204.1 |6 | |
128 |54 |3207.7 |4 |9- |
128 |54 |3214.3 |8 |+ |
128 |54 |3215.6 |5 | |
128 |54 |3224.7 |4 | |
128 |54 |3237.1 |6 | |
128 |54 |3237.6 |6 | |
128 |54 |3244.0 |6 | |
128 |54 |3250.4 |5 | |
128 |54 |3256.3 |6 | |
128 |54 |3259.5 |6 | |
128 |54 |3292.4 |7 | |
128 |54 |3297.6 |7 | |
128 |54 |3298.8 |4 | |
128 |54 |3320.6 |4 | |
128 |54 |3324.0 |7 | |
128 |54 |3324.6 |6 | |
128 |54 |3353.4 |7 | |
128 |54 |3364.6 |7 |10+ |0.9 PS 3
128 |54 |3364.9 |6 | |
128 |54 |3367.0 |6 | |
128 |54 |3376.5 |6 | |
128 |54 |3402.9 |5 | |
128 |54 |3406.65 |19 | |
128 |54 |3417.1 |6 | |
128 |54 |3450.4 |5 | |
128 |54 |3455.0 |6 | |
128 |54 |3.53E+3 |12 |3- |
128 |54 |3533.2 |5 | |
128 |54 |3533.6 |7 |9+ |
128 |54 |3541.9 |6 | |
128 |54 |3587.5 |5 | |
128 |54 |3590.5 |7 | |
128 |54 |3594.0 |7 |(10-) |
128 |54 |3596.2 |6 | |
128 |54 |3596.9 |8 | |
128 |54 |3624.2 |5 | |
128 |54 |3636.8 |5 | |
128 |54 |3685.4 |9 | |
128 |54 |3694.2 |6 | |
128 |54 |3707.7 |7 |(10-) |
128 |54 |3751.0 |9 | |
128 |54 |3809.5 |8 |12+ |
128 |54 |3863.3 |6 | |
128 |54 |3883 | |11 |
128 |54 |3884 | |11,12 |
128 |54 |3991 | |11,12 |
128 |54 |4006.0 |7 | |
128 |54 |4014 | |10 |
128 |54 |4055.8 |8 | |
128 |54 |4068 | |11,12 |
128 |54 |4151.2 |7 | |
128 |54 |4251 | |12 |
128 |54 |4445.4 |9 |(12-) |
128 |54 |4618.2 |9 |14+ |
128 |54 |5220.9 |10 |(14-) |
128 |54 |5573.4 |10 |(16+) |
129 |54 |0.0 | |1/2+ |STABLE
129 |54 |39.5774 |19 |3/2+ |0.97 NS 2
129 |54 |236.14 |3 |11/2- |8.88 D 2
129 |54 |274.29 |18 |(9/2-) |
129 |54 |318.1787 |16 |3/2+ |67.5 PS 20
129 |54 |321.711 |4 |5/2+ |44.0 PS 19
129 |54 |411.4959 |16 |1/2+ |81 PS 26
129 |54 |442.20 |14 |(5/2+) |
129 |54 |518.70 |12 |7/2+ |
129 |54 |525.26 |17 |(5/2+) |
129 |54 |572.68 |3 |(5/2)+ |2.0 PS 2
129 |54 |588.533 |3 |3/2+ |65 PS LE
129 |54 |624.332 |25 | |
129 |54 |665.43 |11 |7/2+ |
129 |54 |692.96 |18 |(1/2+:7/2+) |
129 |54 |771.17 |15 |(13/2-) |
129 |54 |822.16 |10 |9/2+ |
129 |54 |823.00 |17 |(5/2+) |
129 |54 |823.29 |16 |(15/2-) |
129 |54 |868.06 |13 |7/2+ |
129 |54 |904.318 |8 |3/2+ |
129 |54 |908.63 |20 |(9/2,11/2,13/2-) |
129 |54 |946.028 |4 |1/2+,3/2+ |
129 |54 |985.7 |4 | |
129 |54 |995.7 |3 |(1/2,3/2) |
129 |54 |1022.30 |25 |(7/2+) |
129 |54 |1032.02 |18 |(13/2-) |
129 |54 |1059.58 |20 |(9/2+) |
129 |54 |1089.48 |16 |11/2+ |
129 |54 |1194.5 |3 | |
129 |54 |1194.6 |3 |(9/2+) |
129 |54 |1197.11 |21 |(5/2,7/2,9/2+) |
129 |54 |1229.9 |3 |7/2+ |
129 |54 |1239.0 |10 |1/2,3/2 |
129 |54 |1241.2 |3 |(1/2,3/2,5/2+) |
129 |54 |1336.12 |23 |(11/2+) |
129 |54 |1395.57 |21 |(15/2-) |
129 |54 |1414.27 |19 |13/2(+) |
129 |54 |1430.28 |22 |(13/2,15/2,17/2-) |
129 |54 |1497.1 |3 |(11/2+) |
129 |54 |1507.19 |22 |(17/2-) |
129 |54 |1539.4 |3 |(15/2,17/2,19/2-) |
129 |54 |1570.0 |10 |1/2,3/2 |
129 |54 |1576.0 |3 |(19/2-) |
129 |54 |1748.7 |4 |(9/2:13/2+) |
129 |54 |1755.3 |4 |(7/2:11/2+) |
129 |54 |1762.28 |22 |(15/2+) |
129 |54 |1816.06 |21 |(17/2-) |
129 |54 |1884.0 |10 |1/2,3/2 |
129 |54 |1888.5 |4 |(9/2:13/2+) |
129 |54 |1972.3 |3 |(17/2-) |
129 |54 |2036.3 |3 |(13/2:17/2-) |
129 |54 |2048.2 |4 |(15/2+) |
129 |54 |2064.7 |3 |(17/2+) |
129 |54 |2172.2 |3 |(15/2:19/2-) |
129 |54 |2180.0 |3 |(19/2-) |
129 |54 |2186.0 |10 |1/2,3/2 |
129 |54 |2289.0 |10 |1/2,3/2 |
129 |54 |2293.1 |3 |(21/2-) |
129 |54 |2307.3 |4 | |
129 |54 |2343.0 |10 |1/2,3/2 |
129 |54 |2355.0 |10 |1/2,3/2 |
129 |54 |2383.0 |10 |1/2,3/2 |
129 |54 |2394.0 |10 |1/2,3/2 |
129 |54 |2425.1 |7 |1/2,3/2 |
129 |54 |2433.5 |4 |(19/2+) |
129 |54 |2446.3 |3 |(23/2-) |
129 |54 |2499.0 |10 |1/2,3/2 |
129 |54 |2554.0 |10 |1/2,3/2 |
129 |54 |2586.2 |4 |(19/2:23/2-) |
129 |54 |2592.0 |10 |1/2,3/2 |
129 |54 |2674.0 |10 |1/2,3/2 |
129 |54 |2724.0 |10 |1/2,3/2 |
129 |54 |2744.0 |7 |1/2,3/2 |
129 |54 |2767.0 |10 |1/2,3/2 |
129 |54 |2776.0 |10 |1/2,3/2 |
129 |54 |2793.0 |10 |1/2,3/2 |
129 |54 |2854.0 |10 |1/2,3/2 |
129 |54 |2917.0 |10 |1/2,3/2 |
129 |54 |2972.0 |10 |1/2,3/2 |
129 |54 |3015.0 |10 |1/2,3/2 |
129 |54 |3023.0 |10 |1/2,3/2 |
129 |54 |3215.0 |10 |1/2,3/2 |
129 |54 |3783.1 |10 |1/2,3/2 |
129 |54 |3805.1 |10 |1/2,3/2 |
129 |54 |3829.1 |10 |1/2,3/2 |
129 |54 |6907.1 |14 | |
129 |54 |6907.2 |14 | |
129 |54 |6907.3 |14 | |
129 |54 |6907.4 |14 | |
129 |54 |6907.5 |14 | |
129 |54 |6907.6 |14 | |
129 |54 |6907.7 |14 | |
129 |54 |6908.4 |14 | |
129 |54 |6908.4 |14 | |
129 |54 |6908.6 |14 | |
129 |54 |6909.2 |14 | |
129 |54 |6909.7 |14 | |
129 |54 |6909.7 |14 | |
129 |54 |6910.4 |14 | |
130 |54 |0.0 | |0+ |STABLE
130 |54 |536.068 |6 |2+ |8.6 PS 15
130 |54 |1122.112 |9 |2+ |3 NS LT
130 |54 |1204.614 |10 |4+ |2 NS LT
130 |54 |1590.4 |7 | |
130 |54 |1632.580 |11 |3+ |2 NS LT
130 |54 |1793.52 |24 |0+ |
130 |54 |1808.166 |11 |(4+) |
130 |54 |1944.140 |12 |6+ |2 NS LT
130 |54 |2017.06 |16 |0+ |
130 |54 |2059.60 |5 |(5)- |0.20 NS 10
130 |54 |2081.96 |4 |(4+) |
130 |54 |2103.41 |16 |(4)- |0.50 NS 10
130 |54 |2150.191 |25 |(2+) |
130 |54 |2171.632 |12 |(4+,5+) |
130 |54 |2223.50 |20 | |
130 |54 |2242.91 |20 | |
130 |54 |2296.09 |5 |1,2 |
130 |54 |2307.79 |18 |1,2 |
130 |54 |2310.02 |18 |(5)- |3 NS LT
130 |54 |2345.95 |19 |(6)- |3 NS LT
130 |54 |2362.073 |12 |5+ |9.4 PS 14
130 |54 |2375.21 |10 |(7)- |0.30 NS 10
130 |54 |2386.20 |19 | |
130 |54 |2427.18 |4 |(4+) |
130 |54 |2442.04 |15 |(6)- |2 NS LT
130 |54 |2494.10 |4 | |
130 |54 |2502.207 |25 |1,2 |
130 |54 |2533.4 |3 | |
130 |54 |2544.43 |8 | |
130 |54 |2608.426 |19 | |
130 |54 |2622.32 |9 | |
130 |54 |2628.36 |10 | |
130 |54 |2629.389 |23 | |
130 |54 |2633.2 |4 | |
130 |54 |2637.50 |5 | |
130 |54 |2644.87 |5 | |
130 |54 |2659.35 |19 |(7-) |2 NS LT
130 |54 |2692.55 |12 |(4+,5+) |
130 |54 |2696.95 |12 |8+ |3 NS LT
130 |54 |2704.92 |8 | |
130 |54 |2752.43 |3 | |
130 |54 |2762.6 |3 |1,2 |
130 |54 |2811.92 |10 |(4+) |
130 |54 |2841.58 |16 |(8-) |4 NS LT
130 |54 |2886.0 |4 |1,2 |
130 |54 |2931.42 |15 |(8)+ |
130 |54 |2954.3 |6 | |
130 |54 |2972.41 |15 |10+ |5.13 NS 11
130 |54 |2978.5 |4 |1,2 |
130 |54 |3058.45 |24 | |
130 |54 |3070.6 |5 | |
130 |54 |3071.49 |16 |(9-) |
130 |54 |3151.3 |4 | |
130 |54 |3189.1 |6 | |
130 |54 |3.23E3 |20 |2+ |
130 |54 |3242.9 |6 | |
130 |54 |3277.56 |19 |(9+) |
130 |54 |3299.0 |4 | |
130 |54 |3326.1 |4 | |
130 |54 |3341.6 |3 | |
130 |54 |3406.0 |6 | |
130 |54 |3461.23 |19 |(10+) |3 NS LT
130 |54 |3535.2 |5 | |
130 |54 |3542.17 |18 |(10-) |
130 |54 |3622.9 |6 | |
130 |54 |3688.1 |7 | |
130 |54 |3693.27 |18 |12+ |2 NS LT
130 |54 |3780.5 |6 | |
130 |54 |3814.31 |25 | |
130 |54 |3893.35 |19 |(11-) |
130 |54 |3894.2 |9 | |
130 |54 |3957.1 |3 | |
130 |54 |3959.6 |10 | |
130 |54 |3977.3 |6 |1,2 |
130 |54 |3988.4 |6 | |
130 |54 |4184.7 |3 | |
130 |54 |4217.2 |3 |(12+) |
130 |54 |4347.06 |21 |(12-) |
130 |54 |4370.8 |3 | |
130 |54 |4540.13 |20 |(13-) |
130 |54 |4551.0 |4 | |
130 |54 |4590.5 |3 |(14+) |
130 |54 |4628.4 |3 | |
130 |54 |4635.2 |3 | |
130 |54 |4827.8 |3 | |
130 |54 |4933.2 |4 | |
130 |54 |4942.66 |23 |(14-) |
130 |54 |4971.6 |3 |(15-) |
130 |54 |5070.0 |4 |(14+) |
130 |54 |5121.1 |4 | |
130 |54 |5296.7 |3 | |
130 |54 |5437.5 |11 | |
130 |54 |5560.9 |4 | |
130 |54 |5587.7 |4 |(16+) |
130 |54 |5604.8 |3 |(16-) |
130 |54 |5891.7 |4 | |
130 |54 |5953.1 |4 |(17-) |
130 |54 |5960.0 |11 | |
130 |54 |6290.5 |4 | |
130 |54 |6605.9 |4 | |
130 |54 |6643.3 |4 | |
130 |54 |6971.3 |4 | |
131 |54 |0.0 | |3/2+ |STABLE
131 |54 |80.1854 |19 |1/2+ |0.48 NS 3
131 |54 |163.930 |8 |11/2- |11.84 D 4
131 |54 |341.144 |9 |9/2- |1.6 NS 4
131 |54 |364.490 |4 |5/2+ |69 PS 2
131 |54 |404.815 |4 |3/2+ |18 PS 3
131 |54 |565.19 |15 |(1/2,3/2)+ |5.9 PS 11
131 |54 |636.990 |4 |7/2+ |6.1 PS 5
131 |54 |666.934 |9 |7/2- |0.5 NS LT
131 |54 |699.90 |10 |3/2+ |
131 |54 |722.909 |4 |5/2+ |0.53 PS 5
131 |54 |805.93 |20 |15/2- |
131 |54 |913.84 |14 | |
131 |54 |952.29 |15 | |
131 |54 |971.22 |13 |(9/2+) |
131 |54 |973.11 |14 |7/2+ |4.9 PS 9
131 |54 |994.42 |20 | |
131 |54 |1034.32 |20 |(5/2)+ |
131 |54 |1045.55 |20 |(13/2)- |
131 |54 |1113.28 |15 |(9/2)- |
131 |54 |1156.55 |20 |(11/2)- |
131 |54 |1191.15 |20 |(11/2-) |
131 |54 |1245.0 |10 | |
131 |54 |1320.25 |20 |(13/2-) |
131 |54 |1397.34 |17 |11/2+ |
131 |54 |1456.29 |20 |(9/2)+ |
131 |54 |1584.18 |19 |(13/2+) |
131 |54 |1600.6 |3 |17/2- |
131 |54 |1616.3 |3 |19/2- |
131 |54 |1621.02 |24 | |
131 |54 |1641.42 |24 |(11/2+) |
131 |54 |1654.22 |24 |(13/2+) |
131 |54 |1665 | | |
131 |54 |1721.91 |25 |(11/2) |
131 |54 |1804.42 |24 | |
131 |54 |1805.3 |3 |19/2+ |14 NS 3
131 |54 |1860.7 |3 |(17/2)- |
131 |54 |1997.8 |4 |(17/2+) |
131 |54 |2007 | | |
131 |54 |2089.5 |3 |(19/2) |
131 |54 |2194.3 |5 |(23/2+) |
131 |54 |2249.3 |5 |(21/2+) |
131 |54 |2297.1 |4 |(15/2+) |
131 |54 |2359 | | |
131 |54 |2378 | | |
131 |54 |2396 | | |
131 |54 |2517.8 |4 | |
131 |54 |2570 | | |
131 |54 |2601 | | |
131 |54 |2662 | | |
131 |54 |2675 | | |
131 |54 |2833 | | |
131 |54 |2848 | | |
131 |54 |2852 | | |
131 |54 |3088 | | |
131 |54 |3126 | | |
131 |54 |3175 | | |
131 |54 |3185.9 |6 | |
132 |54 |0.0 | |0+ |STABLE
132 |54 |667.715 |2 |2+ |4.63 PS 30
132 |54 |1297.912 |13 |2+ |3.05 PS 28
132 |54 |1440.323 |10 |4+ |1.80 PS 14
132 |54 |1803.714 |16 |3+ |
132 |54 |1850 |80 |0+&amp;2+ |
132 |54 |1963.01 |7 |4+ |
132 |54 |1985.641 |5 |2+ |
132 |54 |2040.31 |9 |(5-) |
132 |54 |2110.28 |7 |4+ |
132 |54 |2111.88 |16 |6+ |
132 |54 |2167.09 |15 |5+ |
132 |54 |2168.8 |4 |(1,2+) |
132 |54 |2187.40 |12 |2+ |
132 |54 |2214.01 |14 |(7-) |87 NS 3
132 |54 |2303.42 |15 |(6+) |
132 |54 |2350.64 |9 |5+ |
132 |54 |2353.1 |4 |(4,6) |
132 |54 |2394.92 |8 |4+ |
132 |54 |2424.77 |12 |3+ |
132 |54 |2468.78 |5 |(3-) |
132 |54 |2490 |50 |0+&amp;2+ |
132 |54 |2512.2 |4 |(4+) |
132 |54 |2555.61 |8 |(2+,3) |
132 |54 |2583.77 |10 |5+ |
132 |54 |2588.69 |9 |(4+) |
132 |54 |2613.45 |9 |5+ |
132 |54 |2650.3 |8 |(7-) |
132 |54 |2669.99 |11 |3+ |
132 |54 |2714.4 |4 |(1,2+) |
132 |54 |2752.21 |17 |(10+) |8.39 MS 11
132 |54 |2754.43 |11 |(4+) |
132 |54 |2828.0 |9 |(7,8,9-) |
132 |54 |2838.85 |7 |5+ |
132 |54 |2840.10 |12 |4(+) |
132 |54 |2872.7 |7 | |
132 |54 |2890.69 |11 |(4+) |
132 |54 |2916.85 |13 |(2+,3,4+) |
132 |54 |2935.2 |4 | |
132 |54 |2958.76 |19 |(2+,3,4+) |
132 |54 |2960.3 |12 |(7,8,9-) |
132 |54 |3049.6 |22 | |
132 |54 |3058.14 |11 |(3+) |
132 |54 |3076.43 |17 |(3+) |
132 |54 |3084.4 |4 |(3,4+) |
132 |54 |3112.08 |20 |(3,4+) |
132 |54 |3121.93 |24 |(4+) |
132 |54 |3155.66 |25 |3+,4+ |
132 |54 |3180.7 |6 |(3-) |
132 |54 |3192.81 |13 |(3+) |
132 |54 |3213.97 |20 |(3,4+) |
132 |54 |3226.71 |20 |(3,4,5) |
132 |54 |3237.2 |3 |(3+,4+) |
132 |54 |3243.4 |3 | |
132 |54 |3249 |2 | |
132 |54 |3260.9 |3 |(3,4+) |
132 |54 |3320.4 |4 |(3,4+) |
132 |54 |3353.3 |3 |(4+,5) |
132 |54 |3385.2 |6 |(3,4+) |
132 |54 |3699.5 |7 | |
132 |54 |3733 |2 | |
132 |54 |3792.5 |5 | |
132 |54 |3825 |2 | |
132 |54 |3855 |2 | |
132 |54 |3875.3 |5 | |
132 |54 |3909 |2 | |
132 |54 |3954.2 |6 | |
132 |54 |3990 |2 | |
132 |54 |4018 |2 | |
132 |54 |4027.0 |6 | |
132 |54 |4094.5 |4 |(3-,4+) |
132 |54 |4110 |2 | |
132 |54 |4147 |2 | |
132 |54 |4168 |2 | |
132 |54 |4188.4 |3 | |
132 |54 |4200 |2 | |
132 |54 |4230 |2 | |
133 |54 |0.0 | |3/2+ |5.2475 D 5
133 |54 |233.221 |15 |11/2- |2.198 D 13
133 |54 |262.702 |6 |1/2+ |
133 |54 |529.872 |3 |5/2+ |
133 |54 |607.87 |17 |5/2+ |
133 |54 |680.254 |9 |3/2+ |
133 |54 |743.752 |16 |9/2- |
133 |54 |875.328 |9 |7/2+ |
133 |54 |911.45 |3 |3/2+ |
133 |54 |928.52 |20 |15/2- |
133 |54 |1052.297 |17 |5/2+ |
133 |54 |1071.04 |17 |7/2+ |
133 |54 |1169.52 |20 |13/2- |
133 |54 |1236.449 |5 |7/2+ |
133 |54 |1298.233 |5 |5/2+ |
133 |54 |1350.380 |17 |5/2+ |
133 |54 |1386.153 |8 |7/2+ |
133 |54 |1589.94 |3 |5/2+ |
133 |54 |1609.30 |17 |9/2+ |
133 |54 |1701.4 |3 |(7/2) |
133 |54 |1716.4 |3 |15/2- |
133 |54 |1743.75 |20 |11/2+ |
133 |54 |1789.58 |17 |9/2+ |
133 |54 |1861.8 |3 |9/2+ |
133 |54 |1876.3 |3 |19/2- |
133 |54 |2062.0 |3 |13/2+ |
133 |54 |2092.75 |20 |(9/2)- |
133 |54 |2123.7 |4 |23/2- |
133 |54 |3000 | |(7/2+) |
134 |54 |0.0 | |0+ |5.8E+22 Y GT
134 |54 |847.041 |23 |2+ |2.08 PS 14
134 |54 |1613.77 |3 |(2)+ |
134 |54 |1636.2 |10 |(0+) |
134 |54 |1731.17 |3 |4+ |2.22 PS 14
134 |54 |1919.60 |3 |3+ |
134 |54 |1946.8 |7 | |
134 |54 |1965.5 |5 |7- |290 MS 17
134 |54 |2082.0 |6 |(4+) |
134 |54 |2116.4 |10 |(2,3,4) |
134 |54 |2136.60 |21 | |
134 |54 |2136.61 |4 |6+ |
134 |54 |2207.9 |10 | |
134 |54 |2262.7 |7 |(2+) |
134 |54 |2272.01 |4 |5+ |
134 |54 |2294.2 |10 | |
134 |54 |2302.25 |6 |(3,4+) |
134 |54 |2352.97 |3 |(4)+ |
134 |54 |2389.1 |7 |(1) |
134 |54 |2408.50 |4 |(5+) |
134 |54 |2417.4 | |(1,2,3,4) |
134 |54 |2547.55 |4 |4+,5+ |
134 |54 |2560.6 |10 |(2+) |
134 |54 |2580.4 |10 | |
134 |54 |2588.46 |3 |(4)+ |
134 |54 |2653.90 |5 |3(+) |
134 |54 |2772.90 |7 |(3,4+) |
134 |54 |2867.38 |3 |(4)+ |
134 |54 |2997.2 |10 |(8+) |
134 |54 |3025.2 |15 |(10+) |5 US 1
134 |54 |3083.78 |6 |(3,4+) |
134 |54 |3255.74 |17 |(3,4+) |
134 |54 |3300.0 |3 | |
134 |54 |3314.5 |3 |(3,4+) |
134 |54 |3360.47 |7 |(3,4+) |
134 |54 |3375.39 |5 |(4,5) |
134 |54 |3477.0 |3 | |
135 |54 |0.0 | |3/2+ |9.14 H 2
135 |54 |288.455 |15 |1/2+ |
135 |54 |526.551 |13 |11/2- |15.29 M 5
135 |54 |1131.512 |11 |7/2+ |
135 |54 |1260.416 |13 |5/2+ |
135 |54 |1448.36 |3 |(3/2+) |
135 |54 |1457.566 |15 |5/2+ |
135 |54 |1543.70 |17 |(1/2+) |
135 |54 |1565.288 |16 |9/2+ |
135 |54 |1678.065 |12 |(7/2)+ |
135 |54 |1748.5 |4 |(15/2-) |
135 |54 |1781.39 |3 |(11/2)+ |
135 |54 |1791.213 |19 |5/2+ |
135 |54 |1849.8 |4 |(13/2-) |
135 |54 |1894.45 |5 |(7/2,9/2) |
135 |54 |1927.294 |23 |(5/2+,7/2+) |
135 |54 |1968.323 |17 |(9/2)+ |
135 |54 |2045.892 |24 |(5/2+,7/2+) |
135 |54 |2048.55 |7 | |
135 |54 |2058.4 |6 |(19/2-) |
135 |54 |2092.943 |22 |(7/2-,9/2) |
135 |54 |2112.4 |5 |(5/2)+ |
135 |54 |2151.52 |10 | |
135 |54 |2168.9 |8 |(17/2-) |
135 |54 |2233.041 |19 |(9/2+) |
135 |54 |2255.479 |17 |(7/2+) |
135 |54 |2356.5 |8 | |
135 |54 |2357.24 |3 |(9/2+) |
135 |54 |2371.99 |4 |7/2(+),9/2(+) |
135 |54 |2387.5 |11 | |
135 |54 |2408.66 |3 |(5/2,7/2+) |
135 |54 |2447.30 |8 | |
135 |54 |2466.11 |9 |(7/2+) |
135 |54 |2475.08 |5 |(7/2-,9/2) |
135 |54 |2477.87 |20 |(5/2) |
135 |54 |2570.7 |8 | |
135 |54 |2710.6 |11 | |
135 |54 |3169.9 |9 | |
136 |54 |0.0 | |0+ |3.6E+20 Y GT
136 |54 |1313.027 |10 |2+ |0.360 PS 14
136 |54 |1694.386 |13 |4+ |1.293 NS 17
136 |54 |1891.703 |14 |6+ |2.95 US 9
136 |54 |2125.68 |6 |3+,4+ |
136 |54 |2261.53 |3 |6+ |50 PS LE
136 |54 |2289.53 |9 |2+ |
136 |54 |2414.74 |12 |2+ |
136 |54 |2444.39 |6 |5 |50 PS LE
136 |54 |2465.03 |11 |(4+) |
136 |54 |2559.87 |7 |4+ |
136 |54 |2582.4 |10 |0+ |
136 |54 |2608.43 |7 |4+ |50 PS LE
136 |54 |2634.16 |7 |2+ |
136 |54 |2849.43 |10 |2(+) |
136 |54 |2866.7 |3 |(8+) |
136 |54 |2869.00 |11 |2(+) |
136 |54 |2979.07 |22 |2+ |
136 |54 |3160 |20 | |
136 |54 |3211.91 |20 |1,2(+) |
136 |54 |3229.4 |3 |(8+) |
136 |54 |3275.22 |13 |3- |
136 |54 |3310 |20 | |
136 |54 |3484.5 |3 |(10+) |
136 |54 |3630 |20 | |
136 |54 |3780 |20 | |
136 |54 |3830.04 |17 |(6+,5) |
136 |54 |3830.2 |4 |(9-) |
136 |54 |3872.81 |20 |(6+,5) |
136 |54 |3873.13 |14 |2(+),3,4(+) |
136 |54 |4057.60 |14 |(6+,5) |
136 |54 |4150 |20 | |
136 |54 |4269.33 |9 |2(+) |
136 |54 |4320.1 |10 |0+ |
136 |54 |4380 |20 | |
136 |54 |4381.0 |11 |(8+) |
136 |54 |4454.07 |17 |1(-),2(+) |
136 |54 |4474.01 |22 |1,2(+) |
136 |54 |4545.0 |4 |1,2(+) |
136 |54 |4711.2 |4 |1,2(+) |
136 |54 |4820 |20 | |
136 |54 |4857.7 |5 |(11-) |
136 |54 |4947.42 |24 | |
136 |54 |5016.99 |21 |1,2(+) |
136 |54 |5100 |20 | |
136 |54 |5142.2 |5 |(13-) |
136 |54 |5150 |20 | |
136 |54 |5217.8 |4 |2(+) |
136 |54 |5321.05 |24 |1,2(+) |
136 |54 |5360 |20 | |
136 |54 |5420 |20 | |
136 |54 |5560 |20 | |
136 |54 |5608.2 |3 |1,2(+) |
136 |54 |5670 |20 | |
136 |54 |5760.2 |4 |2(+),3,4(+) |
136 |54 |5800.1 |3 |1,2(+) |
136 |54 |5832.2 |6 |2(+),3,4(+) |
136 |54 |5861.6 |4 |4(+),5,6(+) |
136 |54 |5870.8 |12 |1,2(+) |
136 |54 |5952.0 |11 |(12+) |
136 |54 |5968.5 |10 |1,2(+) |
136 |54 |6013 |1 |1,2(+) |
136 |54 |6052.6 |4 |1,2(+) |
136 |54 |6091.2 |3 | |
136 |54 |6103.9 |3 |1(-),2(+) |
136 |54 |6114.5 |7 |1,2(+) |
136 |54 |6126.4 |5 |1,2(+) |
136 |54 |6169.9 |8 |1,2(+) |
136 |54 |6173.0 |15 |(13+) |
136 |54 |6186.36 |25 |4(+) |
136 |54 |6200.1 |13 |1,2(+) |
136 |54 |6253.5 |8 |1,2(+) |
136 |54 |6290 |20 | |
136 |54 |6409.0 |8 |1,2(+) |
136 |54 |6412.3 |5 |3(+),4(+) |
137 |54 |0.0 | |7/2- |3.818 M 13
137 |54 |601.05 |7 |3/2- |0.25 NS LT
137 |54 |986.20 |10 |(1/2)- |
137 |54 |1218.00 |10 |9/2- |
137 |54 |1220.07 |15 |11/2- |
137 |54 |1302.73 |7 |5/2- |
137 |54 |1461.28 |18 |(1/2,3/2) |
137 |54 |1512.16 |7 | |
137 |54 |1534.32 |7 |(5/2)- |
137 |54 |1621.1 |2 |15/2- |
137 |54 |1668.13 |15 |(1/2,3/2) |
137 |54 |1715.55 |10 |3/2-,5/2,7/2- |
137 |54 |1752.56 |15 | |
137 |54 |1766.17 |10 |3/2-,5/2,7/2- |
137 |54 |1796.08 |15 | |
137 |54 |1808.75 |10 | |
137 |54 |1820.56 |10 | |
137 |54 |1841.49 |25 |(3/2-) |
137 |54 |1849.69 |10 |3/2-,5/2,7/2- |
137 |54 |1873.13 |10 | |
137 |54 |1879.26 |20 | |
137 |54 |1898.3 |3 | |
137 |54 |1926.4 |3 | |
137 |54 |1935.2 |3 |19/2- |10.1 NS 9
137 |54 |1936.05 |10 |(3/2-) |
137 |54 |1991.18 |15 | |
137 |54 |1997.06 |7 | |
137 |54 |2010.80 |17 | |
137 |54 |2013.1 |3 | |
137 |54 |2029.8 |7 | |
137 |54 |2088.0 |3 | |
137 |54 |2089.67 |25 | |
137 |54 |2099.97 |10 | |
137 |54 |2114.0 |4 | |
137 |54 |2144.32 |25 | |
137 |54 |2147.00 |20 | |
137 |54 |2155.11 |20 | |
137 |54 |2191.19 |15 | |
137 |54 |2196.15 |15 |(1/2-,3/2) |
137 |54 |2204.0 |6 |(19/2-) |
137 |54 |2229.97 |15 | |
137 |54 |2237.76 |25 | |
137 |54 |2244.09 |15 | |
137 |54 |2281.59 |20 | |
137 |54 |2345.65 |15 | |
137 |54 |2356.28 |15 | |
137 |54 |2368.32 |15 | |
137 |54 |2380.30 |15 | |
137 |54 |2422.70 |10 | |
137 |54 |2444.0 |3 | |
137 |54 |2452.4 |3 |1/2,3/2 |
137 |54 |2474.84 |20 | |
137 |54 |2490.38 |10 |(3/2-) |
137 |54 |2566.9 |6 | |
137 |54 |2571.09 |15 | |
137 |54 |2608.8 |5 | |
137 |54 |2629.70 |10 | |
137 |54 |2671.59 |20 | |
137 |54 |2676.30 |20 | |
137 |54 |2726.14 |20 | |
137 |54 |2829.8 |3 | |
137 |54 |2844.50 |15 | |
137 |54 |2909.8 |4 | |
137 |54 |2922.6 |3 | |
137 |54 |2960.3 |3 | |
137 |54 |2980.0 |6 |(23/2-) |
137 |54 |2983.5 |3 | |
137 |54 |2993.9 |3 | |
137 |54 |3022.9 |3 | |
137 |54 |3062.1 |8 |(23/2-) |
137 |54 |3111.9 |10 | |
137 |54 |3117.6 |3 | |
137 |54 |3251.8 |11 | |
137 |54 |3254.0 |4 | |
137 |54 |3263.1 |3 | |
137 |54 |3276.72 |20 | |
137 |54 |3287.6 |3 | |
137 |54 |3291.6 |7 |(27/2-) |
137 |54 |3347.4 |10 | |
137 |54 |3353.0 |4 | |
137 |54 |3417.1 |5 | |
137 |54 |3458.62 |15 | |
137 |54 |3500.7 |5 | |
137 |54 |3540.6 |5 | |
137 |54 |3544 |4 | |
137 |54 |3570.13 |15 | |
137 |54 |3571.69 |25 | |
137 |54 |3670.6 |4 | |
137 |54 |3729.66 |20 | |
137 |54 |3795.43 |20 | |
137 |54 |3800.7 |3 | |
137 |54 |3862.5 |3 | |
137 |54 |3866.2 |3 | |
137 |54 |3911.27 |20 | |
137 |54 |3986.9 |3 | |
137 |54 |3996.3 |3 | |
137 |54 |4016.2 |8 | |
137 |54 |4025.73 |25 | |
137 |54 |4028.92 |15 | |
137 |54 |4038.96 |15 | |
137 |54 |4064.6 |6 | |
137 |54 |4083.87 |15 | |
137 |54 |4103.3 |3 | |
137 |54 |4105.0 |6 | |
137 |54 |4129.99 |15 | |
137 |54 |4140.98 |15 | |
137 |54 |4153 |4 | |
137 |54 |4160.94 |15 | |
137 |54 |4173.11 |15 | |
137 |54 |4180.8 |16 | |
137 |54 |4189.0 |7 | |
137 |54 |4199.1 |7 | |
137 |54 |4211.6 |2 | |
137 |54 |4260.4 |4 | |
137 |54 |4270.3 |4 | |
137 |54 |4276.53 |15 | |
137 |54 |4282.6 |14 | |
137 |54 |4288.1 |8 | |
137 |54 |4298.3 |5 | |
137 |54 |4318.2 |5 | |
137 |54 |4332.78 |15 | |
137 |54 |4346.5 |12 | |
137 |54 |4350.5 |6 | |
137 |54 |4379.7 |2 | |
137 |54 |4380.2 |5 | |
137 |54 |4382.8 |10 |(29/2+) |
137 |54 |4399.8 |8 |(+) |
137 |54 |4402.78 |15 | |
137 |54 |4420.7 |10 | |
137 |54 |4424.7 |6 | |
137 |54 |4443.1 |13 | |
137 |54 |4477.8 |3 | |
137 |54 |4489.4 |8 | |
137 |54 |4501.9 |6 | |
137 |54 |4505.2 |10 | |
137 |54 |4527.2 |16 | |
137 |54 |4543.3 |6 | |
137 |54 |4543.6 |20 | |
137 |54 |4559.9 |4 | |
137 |54 |4584.6 |13 | |
137 |54 |4609.3 |4 | |
137 |54 |4631.1 |18 | |
137 |54 |4680.6 |7 | |
137 |54 |4685.8 |10 | |
137 |54 |4687.6 |11 |(33/2+) |
137 |54 |4712.7 |18 | |
137 |54 |4750.3 |10 | |
137 |54 |4758.0 |5 | |
137 |54 |4772.6 |9 | |
137 |54 |4784.7 |6 | |
137 |54 |4797.9 |12 |(+) |
137 |54 |4802.5 |13 | |
137 |54 |4869 |3 | |
137 |54 |4880.5 |3 |(+) |
137 |54 |4881.0 |12 | |
137 |54 |4899.0 |9 | |
137 |54 |4905.6 |24 | |
137 |54 |4956 |3 | |
137 |54 |4978.5 |12 |(+) |
137 |54 |4998.8 |18 | |
137 |54 |5025.1 |16 | |
137 |54 |5080.2 |13 |(+) |
137 |54 |5125 |3 | |
137 |54 |5132.2 |20 | |
137 |54 |5148.8 |12 | |
137 |54 |5158.2 |16 |(+) |
137 |54 |5170.2 |8 | |
137 |54 |5179.7 |20 |(+) |
137 |54 |5208.9 |19 |(+) |
137 |54 |5230.3 |23 |(+) |
137 |54 |5355 |5 |(+) |
137 |54 |5379 |5 |(+) |
137 |54 |5408 |5 |(+) |
138 |54 |0.0 | |0+ |14.08 M 8
138 |54 |588.827 |18 |2+ |
138 |54 |1072.53 |3 |4+ |
138 |54 |1463.99 |7 |(2+) |
138 |54 |1554.6 |9 |6+ |
138 |54 |1866.26 |8 |(1,2) |
138 |54 |1903.16 |6 |(2,3,4+) |
138 |54 |2015.45 |8 |(3-) |
138 |54 |2114.66 |13 |(1,2) |
138 |54 |2115.5 |10 | |
138 |54 |2117.21 |15 |(1,2,3) |
138 |54 |2212.51 |13 |(1,2,3) |
138 |54 |2262.14 |7 |(1,2) |
138 |54 |2284.2 |12 |8+ |
138 |54 |2293.2 |9 |(6+) |
138 |54 |2331.57 |10 |(2,3) |
138 |54 |2334.02 |11 |(1,2,3) |
138 |54 |2391.0 |13 | |
138 |54 |2398.15 |11 |(1,2) |
138 |54 |2535.12 |13 |(1,2,3) |
138 |54 |2543.73 |8 |(1,2) |
138 |54 |2572.41 |11 |(1,2) |
138 |54 |2644.69 |18 |(1,2) |
138 |54 |2655.1 |12 |(8+) |
138 |54 |2674.26 |10 |(1,2) |
138 |54 |2710.1 |13 | |
138 |54 |2794.34 |11 |(1,2) |
138 |54 |2835.65 |18 |(1,2) |
138 |54 |2890.47 |14 |(1,2,3) |
138 |54 |2952.58 |14 |(1,2,3) |
138 |54 |2964.36 |12 |(1,2) |
138 |54 |2972.2 |14 |10+ |
138 |54 |3131.40 |15 |(2,3) |
138 |54 |3224.7 |15 | |
138 |54 |3276.5 |16 | |
138 |54 |3354.7 |13 | |
138 |54 |3412.7 |16 | |
138 |54 |3474.78 |11 |(2+) |
138 |54 |3496.57 |11 |(1,2) |
138 |54 |3516.55 |11 |(1,2) |
138 |54 |3571.3 |15 |12+ |
138 |54 |3839.7 |15 | |
138 |54 |3876.7 |17 | |
138 |54 |3898.6 |14 | |
138 |54 |3899.08 |11 |(1,2) |
138 |54 |3961.3 |4 |(1,2,3) |
138 |54 |4084.6 |16 | |
138 |54 |4167.1 |5 | |
138 |54 |4182.00 |12 |(1,2) |
138 |54 |4318.96 |20 |(1,2) |
138 |54 |4357.4 |15 | |
138 |54 |4419.1 |18 |(14+) |
138 |54 |4490.49 |19 |(1,2,3) |
138 |54 |4511.8 |16 | |
138 |54 |4526.3 |18 | |
138 |54 |4689.9 |18 | |
138 |54 |4965.0 |20 | |
138 |54 |4989.7 |20 | |
138 |54 |5042.0 |3 | |
138 |54 |5141.6 |5 | |
138 |54 |5341.63 |17 |(1,2) |
138 |54 |5520.0 |21 | |
139 |54 |0.0 | |3/2- |39.68 S 14
139 |54 |22.86 |11 |(7/2-) |
139 |54 |31.85 |11 |(5/2-) |
139 |54 |559.69 |14 |(9/2-) |10 NS LE
139 |54 |594.28 |15 |(11/2-) |10 NS LE
139 |54 |624.29 |12 |(5/2-) |
139 |54 |670.15 |14 |(3/2-,5/2,7/2) |
139 |54 |678.86 |14 |(9/2-) |10 NS LE
139 |54 |1008.45 |13 |(5/2,7/2,9/2) |
139 |54 |1059.16 |17 |(3/2-,5/2,7/2) |
139 |54 |1086.2 |3 |(13/2-) |10 NS LE
139 |54 |1179.6 |4 |(15/2-) |10 NS LE
139 |54 |1193.28 |14 |(3/2-,5/2,7/2) |
139 |54 |1194.9 |3 |(13/2-) |10 NS LE
139 |54 |1312.98 |19 | |
139 |54 |1399.70 |12 |(3/2-,5/2,7/2) |
139 |54 |1418.2 |4 | |10 NS LE
139 |54 |1444.34 |16 |(7/2,9/2) |
139 |54 |1448.67 |14 |(7/2,9/2) |
139 |54 |1493.63 |19 | |
139 |54 |1512.5 |5 |(13/2+) |10 NS LE
139 |54 |1577.1 |4 |(17/2-) |10 NS LE
139 |54 |1684.31 |14 |(5/2,7/2,9/2) |
139 |54 |1809.9 |5 |(19/2-) |10 NS LE
139 |54 |1862.2 |4 |(17/2-) |10 NS LE
139 |54 |2014.7 |4 |(17/2+) |10 NS LE
139 |54 |2158.9 |5 |(21/2-) |10 NS LE
139 |54 |2192.9 |5 |(19/2-) |10 NS LE
139 |54 |2500.2 |6 |(23/2-) |10 NS LE
139 |54 |2575.3 |5 |(21/2+) |10 NS LE
139 |54 |2921.9 |7 |(25/2-) |10 NS LE
139 |54 |2925.4 |7 | |10 NS LE
139 |54 |2993.9 |7 | |10 NS LE
139 |54 |3161.6 |7 |(27/2-) |10 NS LE
139 |54 |3212.1 |6 |(25/2+) |10 NS LE
139 |54 |3547.9 |7 | |10 NS LE
139 |54 |3586.2 |8 |(29/2-) |10 NS LE
139 |54 |3793.1 |7 |(29/2+) |10 NS LE
139 |54 |4023.1 |9 |(31/2-) |10 NS LE
139 |54 |4232.7 |10 |(33/2-) |10 NS LE
139 |54 |4299.2 |10 | |10 NS LE
139 |54 |5096.5 |11 | |10 NS LE
140 |54 |0.0 | |0+ |13.60 S 10
140 |54 |376.658 |15 |2+ |70.5 PS 22
140 |54 |834.289 |25 |4+ |16 PS 3
140 |54 |1304.3 |6 | |
140 |54 |1416.78 |21 |6+ |8.6 PS LT
140 |54 |1513.1 |6 |3- |7.7 PS LT
140 |54 |1572.6 |3 | |
140 |54 |1725.53 |18 | |
140 |54 |1771.5 |3 |5- |11 PS 3
140 |54 |1953.97 |21 | |
140 |54 |1983.04 |24 |8+ |
140 |54 |2184.32 |25 |7- |
140 |54 |2255.80 |22 | |
140 |54 |2588.2 |3 | |
140 |54 |2589.9 |3 |10+ |
140 |54 |2735.9 |3 |9- |
140 |54 |2774.6 |5 | |
140 |54 |2932.6 |3 | |
140 |54 |3158.0 |4 | |
140 |54 |3246.1 |3 |11- |
140 |54 |3269.2 |4 |(12+) |
140 |54 |3282.2 |8 | |
140 |54 |3727.9 |4 | |
140 |54 |3811.7 |4 |(13-) |
140 |54 |3997.3 |5 |(14+) |
140 |54 |4432.0 |4 |(15) |
140 |54 |4743.9 |5 |(16+) |
140 |54 |5164.6 |5 |(17) |
140 |54 |5503.6 |5 |(18+) |
141 |54 |0.0 | |5/2(-) |1.73 S 1
141 |54 |35.6 | |(7/2-) |
141 |54 |111.9 | |(9/2-) |
141 |54 |481.5 | |(13/2-) |
141 |54 |552.2 | |(11/2-) |
141 |54 |998.2 | |(17/2-) |
141 |54 |1029.1 | |(15/2-) |
141 |54 |1155.0 | |(13/2+) |
141 |54 |1332.7 | |(15/2+) |
141 |54 |1494.4 | |(17/2+) |
141 |54 |1670.8 | |(19/2+) |
141 |54 |1679.1 | |(21/2-) |
141 |54 |1972.9 | |(21/2+) |
141 |54 |2134.7 | |(23/2+) |
141 |54 |2396.5 | |(25/2-) |
141 |54 |2574.7 | |(25/2+) |
141 |54 |2696.7 | |(27/2+) |
141 |54 |3106.7 | |(29/2-) |
141 |54 |3365.7 | |(31/2+) |
142 |54 |0.0 | |0+ |1.23 S 2
142 |54 |287.20 |20 |2+ |0.20 NS 3
142 |54 |690.7 |3 |(4+) |
142 |54 |1181.1 |4 |(6+) |
142 |54 |1258.5 |11 |(3-) |
142 |54 |1516.3 |11 |(5-) |
142 |54 |1622.4 |5 | |
142 |54 |1732.2 |4 |(8+) |
142 |54 |1864.5 |8 | |
142 |54 |1888.3 |9 |(7-) |
142 |54 |1981.2 |6 | |
142 |54 |2211.7 |7 | |
142 |54 |2342.6 |5 |(10+) |
142 |54 |2351.2 |7 |(9-) |
142 |54 |2605.3 |6 | |
142 |54 |2805.9 |9 | |
142 |54 |2891.7 |9 |(11-) |
142 |54 |3014.3 |7 |(12+) |
142 |54 |3210.4 |14 | |
142 |54 |3496.2 |14 |(13-) |
142 |54 |3739.7 |12 |(14+) |
142 |54 |3764.3 |17 | |
142 |54 |4511.2 |16 |(16+) |
143 |54 |0.0 | |5/2- |0.511 S 6
143 |54 |78.8 | |(3/2,5/2,7/2)+ |
143 |54 |322.9 | | |
143 |54 |547.3 | | |
143 |54 |567.0 | | |
143 |54 |741.1 | | |
143 |54 |1008.2 | | |
143 |54 |1428.9 | | |
143 |54 |1962.7 | | |
144 |54 |0.0 | |0+ |1.15 S 20
144 |54 |252.6 | |(2+) |
144 |54 |644.3 | |(4+) |
144 |54 |1132.2 | |(6+) |
144 |54 |1688.0 | |(8+) |
144 |54 |2302.7 | |(10+) |
145 |54 |0.0 | | |188 MS 4
146 |54 |0.0 | |0+ |
147 |54 |0.0 | |(3/2-) |0.10 S +10-5
148 |54 |0 | |0+ |0.4 US GT
