112 |55 |0 | |(1+) |0.49 MS 3
112 |55 |0+X | | |
112 |55 |272.1+X |12 | |
112 |55 |707.7+X |14 | |
112 |55 |1351.4+X |17 | |
112 |55 |2143.4+X |20 | |
113 |55 |0.0 | |(3/2+) |17.7 US 4
113 |55 |74.1 |3 |(5/2+) |
113 |55 |165.1 |4 |(7/2+) |
113 |55 |166.30 |20 |(5/2+) |
113 |55 |549.0 |5 |(11/2+) |
113 |55 |677.0 |4 |(9/2+) |
113 |55 |1145.2 |5 |(15/2+) |
113 |55 |1287.0 |6 |(13/2+) |
113 |55 |1882.3 |6 |(19/2+) |
113 |55 |2005.7 |7 |(17/2+) |
113 |55 |2696.0 |8 |(23/2+) |
113 |55 |2816.9 |8 |(21/2+) |
113 |55 |3204.0 |10 |(27/2+) |
113 |55 |3475.3 |9 |(25/2+) |
113 |55 |3820.0 |11 |(31/2+) |
113 |55 |4093.2 |11 |(29/2+) |
113 |55 |4564.8 |12 |(35/2+) |
113 |55 |4828.3 |13 |(33/2+) |
113 |55 |5384.0 |15 |(39/2+) |
113 |55 |5621.6 |14 |(37/2+) |
113 |55 |6281.9 |17 |(43/2+) |
113 |55 |6473.9 |17 |(41/2+) |
113 |55 |7239.9 |20 |(47/2+) |
113 |55 |7425 |3 |(45/2+) |
113 |55 |8290 |3 |(51/2+) |
114 |55 |0 | |(1+) |0.57 S 2
114 |55 |0+X | |(10+) |
114 |55 |229.0+X |1 |(11+) |
114 |55 |671.5+X |2 |(13+) |
114 |55 |1108.2+X |2 | |
114 |55 |1334.6+X |2 |(15+) |
114 |55 |1692.2+X |2 | |
114 |55 |2160.0+X |2 |(17+) |
114 |55 |2437.0+X |5 | |
114 |55 |3077.9+X |2 |(19+) |
114 |55 |4047.4+X |3 |(21+) |
114 |55 |5064.4+X |5 |(23+) |
114 |55 |6154.4+X |7 |(25+) |
115 |55 |0.0 | | |1.4 S 8
116 |55 |0 | |(1+) |0.70 S 4
116 |55 |100 |SY |4+,5,6 |3.85 S 13
116 |55 |0+X | | |
116 |55 |191.8+X |1 | |
116 |55 |416.9+X |2 |(8+) |
116 |55 |457+X | | |
116 |55 |633.1+X |2 |(10+) |
116 |55 |875.8+X |7 |(11+) |
116 |55 |1076.3+X |2 |(12+) |
116 |55 |1318.6+X |6 |(13+) |
116 |55 |1726.3+X |2 |(14+) |
116 |55 |1953.4+X |7 |(15+) |
116 |55 |2537.3+X |3 |(16+) |
116 |55 |2727.9+X |7 |(17+) |
116 |55 |3462.8+X |5 |(18+) |
116 |55 |3601.0+X |7 |(19+) |
116 |55 |4481.5+X |6 |(20+) |
116 |55 |4543.3+X |7 |(21+) |
116 |55 |5480.0+X |6 |(22+) |
116 |55 |5530.0+X |7 |(23+) |
116 |55 |6463.7+X |7 |(24+) |
116 |55 |6583.8+X |8 |(25+) |
116 |55 |7533.1+X |8 |(26+) |
116 |55 |7751.6+X |9 |(27+) |
116 |55 |9016.3+X |10 |(29+) |
116 |55 |10381.4+X |11 |(31+) |
117 |55 |0+Y | |(9/2+) |8.4 S 6
117 |55 |0+X | |(11/2-) |
117 |55 |0+Z | |(3/2+) |6.5 S 4
117 |55 |231.1 |2 |(11/2+) |
117 |55 |306.1+X |3 |(15/2-) |
117 |55 |345.2 |3 |(7/2+) |
117 |55 |489.4 |2 |(13/2+) |
117 |55 |772.2 |3 |(15/2+) |
117 |55 |780.8 |5 |(11/2+) |
117 |55 |800.9+X |5 |(19/2-) |
117 |55 |1077.9 |3 |(17/2+) |
117 |55 |1337.3 |6 |(15/2+) |
117 |55 |1404.3 |4 |(19/2+) |
117 |55 |1427.8+X |6 |(23/2-) |
117 |55 |1747.0 |4 |(21/2+) |
117 |55 |1903.4 |6 |(19/2+) |
117 |55 |2104.6 |4 |(23/2+) |
117 |55 |2150.6+X |6 |(27/2-) |
117 |55 |2453.0 |7 |(23/2+) |
117 |55 |2473.7 |5 |(25/2+) |
117 |55 |2852.1 |5 |(27/2+) |
117 |55 |2946.3+X |7 |(31/2-) |
117 |55 |3069.3 |8 |(27/2+) |
117 |55 |3238.6 |5 |(29/2+) |
117 |55 |3635.2 |5 |(31/2+) |
117 |55 |3781.5 |8 |(31/2+) |
117 |55 |3785.5+X |8 |(35/2-) |
117 |55 |4043.7 |5 |(33/2+) |
117 |55 |4121+X |1 |(35/2-) |
117 |55 |4465.2 |5 |(35/2+) |
117 |55 |4586.3 |9 |(35/2+) |
117 |55 |4654.6+X |8 |(39/2-) |
117 |55 |4904.4 |6 |(37/2+) |
117 |55 |5230+X |2 |(39/2-) |
117 |55 |5336.8 |6 |(39/2+) |
117 |55 |5468.1 |9 |(39/2+) |
117 |55 |5600.5+X |9 |(43/2-) |
117 |55 |5806 |6 |(41/2+) |
117 |55 |6258 | |(43/2+) |
117 |55 |6395.9 |10 |(43/2+) |
117 |55 |6638.9+X |9 |(47/2-) |
117 |55 |6800.8 |7 |(45/2+) |
117 |55 |7232.4 |7 |(47/2+) |
117 |55 |7389.3 |10 |(47/2+) |
117 |55 |7768.1+X |10 |(51/2-) |
117 |55 |8416.9 |11 |(51/2+) |
117 |55 |8993.0+X |10 |(55/2-) |
117 |55 |9541.2 |11 |(55/2+) |
117 |55 |10283.2+X |11 |(59/2-) |
117 |55 |11633+X |2 |(63/2-) |
117 |55 |12982+X |2 |(67/2-) |
117 |55 |14396+X |2 |(71/2-) |
118 |55 |0.0 | |2 |14 S 2
118 |55 |0.0+X | |6,7,8 |17 S 3
119 |55 |0.0 | |9/2+ |43.0 S 2
119 |55 |0.0+X | |3/2(+) |30.4 S 1
119 |55 |0.0+Y | |(11/2-) |
119 |55 |239.7 |8 |(11/2+) |
119 |55 |288.0+Y |10 |(15/2-) |
119 |55 |509.3 |8 |(13/2+) |
119 |55 |762.0+Y |15 |(19/2-) |
119 |55 |806.8 |10 |(15/2+) |
119 |55 |1128.7 |11 |(17/2+) |
119 |55 |1381.0+Y |18 |(23/2-) |
119 |55 |1471.6 |12 |(19/2+) |
119 |55 |1830.0 |13 |(21/2+) |
119 |55 |2111.0+Y |20 |(27/2-) |
119 |55 |2199.8 |13 |(23/2+) |
119 |55 |2575.9 |14 |(25/2+) |
119 |55 |2941.0+Y |23 |(31/2-) |
119 |55 |3857.0+Y |25 |(35/2-) |
119 |55 |3871.0+Y |23 | |
119 |55 |4891+Y |3 | |
120 |55 |0.0 | |2(+) |61.3 S 11
120 |55 |0.0+X | |(7-) |57 S 6
120 |55 |102.40+X |18 |(8-) |
120 |55 |102.58 |18 | |
120 |55 |134.8 |3 | |
120 |55 |179.40+X |18 |(8-) |
120 |55 |179.44 |15 |(1+) |
120 |55 |192.77 |16 |(1+) |
120 |55 |237.20+X |25 |(8) |
120 |55 |248.90 |20 | |
120 |55 |269.91 |18 | |
120 |55 |271.4+X |3 |(8-) |
120 |55 |284.9+X |3 |(9+) |
120 |55 |285.2 |3 | |
120 |55 |319.15 |19 |1+ |
120 |55 |326.1+X |4 |(9) |
120 |55 |336.5+X |4 |(10+) |
120 |55 |336.9 |3 | |
120 |55 |345.15 |17 |1+ |
120 |55 |350.2+X |3 |(9-) |
120 |55 |402.9+X |5 |(9) |
120 |55 |407.3 |4 | |
120 |55 |480.3+X |3 |(10-) |
120 |55 |505.4+X |4 |(11+) |
120 |55 |536.0+X |4 |(12+) |
120 |55 |597.9+X |7 |(10) |
120 |55 |612.1+X |4 |(10-) |
120 |55 |658.0+X |4 |(11-) |
120 |55 |821.5+X |8 |(11) |
120 |55 |832.8+X |4 |(11-) |
120 |55 |850.3+X |4 |(12-) |
120 |55 |851.9+X |5 |(13+) |
120 |55 |975.8+X |5 |(14+) |
120 |55 |1031.8+X |4 |(12-) |
120 |55 |1071.5+X |9 |(12) |
120 |55 |1108.2+X |4 |(13-) |
120 |55 |1322.6+X |5 |(13-) |
120 |55 |1344.3+X |10 |(13) |
120 |55 |1355.7+X |5 |(15+) |
120 |55 |1359.5+X |4 |(14-) |
120 |55 |1597.3+X |5 |(16+) |
120 |55 |1613.9+X |5 |(14-) |
120 |55 |1639.1+X |11 |(14) |
120 |55 |1684.9+X |4 |(15-) |
120 |55 |1945.1+X |5 |(15-) |
120 |55 |1959.1+X |11 |(15) |
120 |55 |1993.9+X |5 |(16-) |
120 |55 |2000.3+X |5 |(17+) |
120 |55 |2305.1+X |6 |(16-) |
120 |55 |2363.6+X |5 |(18+) |
120 |55 |2376.5+X |5 |(17-) |
120 |55 |2674.3+X |7 |(17-) |
120 |55 |2740.9+X |5 |(18-) |
120 |55 |2766.6+X |5 |(19+) |
120 |55 |3169.6+X |5 |(19-) |
120 |55 |3248.5+X |6 |(20+) |
120 |55 |3590.4+X |5 |(20-) |
120 |55 |3637.8+X |6 |(21+) |
120 |55 |4051.8+X |6 |(21-) |
120 |55 |4234.6+X |7 |(22+) |
120 |55 |4534.0+X |7 |(22-) |
120 |55 |4600.9+X |7 |(23+) |
120 |55 |5013.4+X |7 |(23-) |
120 |55 |5304.6+X |12 | |
120 |55 |5555.7+X |9 | |
120 |55 |5645.9+X |13 | |
120 |55 |6044.0+X |9 | |
120 |55 |6439.6+X |16 | |
120 |55 |6770.9+X |16 | |
120 |55 |7126.0+X |13 | |
121 |55 |0.0 | |3/2(+) |155 S 4
121 |55 |68.5 |3 |9/2(+) |122 S 3
121 |55 |98.2 |5 | |
121 |55 |99.2 |5 | |
121 |55 |209.8 |5 | |
121 |55 |210.8 |5 |(7/2+) |
121 |55 |313.9 |6 |(11/2+) |5.7 PS 8
121 |55 |589.9 |7 |(13/2+) |
121 |55 |627.7 |7 |(11/2+) |
121 |55 |893.9 |7 |(15/2+) |3.8 PS 12
121 |55 |1197.9 |9 |(15/2+) |
121 |55 |1220.8 |7 |(17/2+) |
121 |55 |1568.1 |8 |(19/2+) |
121 |55 |1863.9 |14 |(19/2+) |
121 |55 |1888.8 |8 |(17/2-) |
121 |55 |1928.3 |9 |(21/2+) |
121 |55 |2077.5 |8 |(19/2-) |
121 |55 |2294.6 |9 |(21/2-) |
121 |55 |2295.3 |10 |(23/2+) |
121 |55 |2451.4 |15 |(23/2+) |
121 |55 |2543.6 |9 |(23/2-) |
121 |55 |2661.5 |10 |(25/2+) |
121 |55 |2824.9 |10 |(25/2-) |
121 |55 |3019.3 |11 |(27/2+) |
121 |55 |3031.5 |15 |(27/2+) |
121 |55 |3138.6 |10 |(27/2-) |
121 |55 |3369.5 |12 |(29/2+) |
121 |55 |3482.2 |10 |(29/2-) |
121 |55 |3698.5 |18 |(31/2+) |
121 |55 |3776.0 |12 |(31/2+) |
121 |55 |3856.8 |11 |(31/2-) |
121 |55 |4170.9 |13 |(33/2+) |
121 |55 |4256.5 |12 |(33/2-) |
121 |55 |4455.6 |18 |(35/2+) |
121 |55 |4623 |1 |(35/2+) |
121 |55 |4683.8 |13 |(35/2-) |
121 |55 |5066.1 |15 |(37/2+) |
121 |55 |5294.4 |18 |(39/2+) |
121 |55 |6216.3 |19 |(43/2+) |
121 |55 |7225.8 |20 |(47/2+) |
121 |55 |8322.9 |20 |(51/2+) |
121 |55 |9512.2 |20 |(55/2+) |
121 |55 |10796.2 |23 |(59/2+) |
121 |55 |12184 |1 |(63/2+) |
121 |55 |X | |(11/2-) |
121 |55 |X+285.7 |3 |(15/2-) |48 PS +4-6
121 |55 |X+757.1 |7 |(19/2-) |3.4 PS 7
121 |55 |X+1065.9 |4 |(17/2-) |
121 |55 |X+1372.0 |9 |(23/2-) |1.7 PS LE
121 |55 |X+1435.9 |4 |(19/2-) |
121 |55 |X+1603.0 |4 |(21/2-) |
121 |55 |X+2001.7 |4 |(23/2-) |
121 |55 |X+2098.2 |10 |(27/2-) |
121 |55 |X+2260.0 |5 |(25/2-) |
121 |55 |X+2674.2 |5 |(27/2-) |
121 |55 |X+2737.9 |5 |(25/2) |
121 |55 |X+2835.0 |6 |(25/2) |
121 |55 |X+2914.6 |12 |(31/2-) |
121 |55 |X+3007.6 |5 |(29/2-) |
121 |55 |X+3111.1 |6 |(27/2) |
121 |55 |X+3375.2 |5 |(29/2) |
121 |55 |X+3418.2 |6 |(29/2) |
121 |55 |X+3434.3 |5 |(31/2-) |
121 |55 |X+3808.6 |13 |(35/2-) |
121 |55 |X+3824.6 |6 |(33/2-) |
121 |55 |X+4077.4 |6 | |
121 |55 |X+4280.4 |6 |(35/2-) |
121 |55 |X+4703.7 |6 |(37/2-) |
121 |55 |X+4776.9 |14 |(39/2-) |
121 |55 |X+5820.7 |15 |(43/2-) |
121 |55 |X+6940.7 |18 |(47/2-) |
121 |55 |X+8144.7 |20 |(51/2-) |
121 |55 |X+9438.7 |23 |(55/2-) |
121 |55 |X+10811 | |(59/2-) |
122 |55 |0.0 | |1+ |21.18 S 19
122 |55 |15.56 |14 | |
122 |55 |45.87 |12 |(3)+ |1 US GT
122 |55 |69.53 |13 | |
122 |55 |116.90 |20 |0,1,2 |
122 |55 |122.27 |23 | |
122 |55 |124.94 |13 | |
122 |55 |127.07 |16 |(5)- |0.36 S 2
122 |55 |140 |30 |8(-) |3.70 M 11
122 |55 |142.36 |14 | |
122 |55 |161.36 |13 | |
122 |55 |177.70 |22 | |
122 |55 |205.63 |21 | |
122 |55 |223.7 |4 | |
122 |55 |235.30 |14 |(9-) |
122 |55 |237.65 |16 | |
122 |55 |261.1 |4 | |
122 |55 |265.75 |24 | |
122 |55 |272.38 |16 |(9+) |
122 |55 |273.67 |19 | |
122 |55 |280.0 |4 | |
122 |55 |301.90 |20 | |
122 |55 |307.40 |20 | |
122 |55 |319.93 |18 | |
122 |55 |323.79 |23 |(10+) |
122 |55 |332.90 |21 | |
122 |55 |339.00 |24 | |
122 |55 |350.2 |3 | |
122 |55 |364.71 |16 | |
122 |55 |365.72 |15 |(10-) |
122 |55 |411.22 |19 | |
122 |55 |427.08 |21 |(11+) |
122 |55 |453.8 |4 |(10) |
122 |55 |484.82 |15 | |
122 |55 |508.55 |23 |(12+) |
122 |55 |537.9 |5 | |
122 |55 |550.56 |16 | |
122 |55 |569.00 |18 |(11-) |
122 |55 |787.79 |19 |(12-) |
122 |55 |814.81 |23 |(13+) |
122 |55 |891.6 |4 |(11-) |
122 |55 |909.5 |4 |(11-) |
122 |55 |981.13 |25 |(14+) |
122 |55 |1055.9 |3 |(13+) |
122 |55 |1072.59 |21 |(13-) |
122 |55 |1082.8 |5 |(12-) |
122 |55 |1358.3 |4 |(13-) |
122 |55 |1361.43 |21 |(14-) |
122 |55 |1373.7 |3 |(15+) |
122 |55 |1632.7 |3 |(15+) |
122 |55 |1640.4 |3 |(16+) |
122 |55 |1699.6 |6 |(14-) |
122 |55 |1707.26 |25 |(15-) |
122 |55 |1937.8 |6 |(15-) |
122 |55 |2051.7 |3 |(16-) |
122 |55 |2078.0 |3 |(17+) |
122 |55 |2368.5 |3 |(17+) |
122 |55 |2398.7 |8 |(16-) |
122 |55 |2444.0 |3 |(17-) |
122 |55 |2454.4 |4 |(18+) |
122 |55 |2624.0 |7 |(17-) |
122 |55 |2836.3 |4 |(18-) |
122 |55 |2910.0 |4 |(19+) |
122 |55 |3194.2 |9 |(18-) |
122 |55 |3234.4 |4 |(19+) |
122 |55 |3262.8 |4 |(19-) |
122 |55 |3391.4 |4 |(20+) |
122 |55 |3407.2 |8 |(19-) |
122 |55 |3706.4 |4 |(20-) |
122 |55 |3757.4 |11 |(20+) |
122 |55 |3848.0 |6 |(21+) |
122 |55 |4020.2 |13 |(20-) |
122 |55 |4156.6 |4 |(21-) |
122 |55 |4189.2 |5 |(21+) |
122 |55 |4279.9 |9 |(21-) |
122 |55 |4287.5 |9 |(21-) |
122 |55 |4426.2 |5 |(22+) |
122 |55 |4585.4 |11 |(22+) |
122 |55 |4652.6 |5 |(22-) |
122 |55 |4873.4 |6 |(23+) |
122 |55 |4886.2 |17 |(22-) |
122 |55 |5120.9 |6 |(23-) |
122 |55 |5251.9 |14 |(23-) |
122 |55 |5528.2 |12 |(24+) |
122 |55 |5651.6 |12 |(24-) |
122 |55 |5837.2 |20 |(24-) |
122 |55 |5961.4 |12 |(25+) |
122 |55 |6165.9 |12 |(25-) |
122 |55 |6667.2 |15 |(26+) |
122 |55 |7105 |5 |(27+) |
122 |55 |7873 |5 |(28+) |
123 |55 |0.0 | |1/2+ |5.88 M 3
123 |55 |30.59 |4 |(3/2,5/2)+ |
123 |55 |94.57 |3 |(5/2)+ |9 NS 3
123 |55 |123.52 |4 |3/2+,5/2+ |
123 |55 |146.80 |4 |5/2+ |
123 |55 |156.27 |5 |(11/2)- |1.64 S 12
123 |55 |214.57 |5 |(7/2)- |
123 |55 |231.63 |6 |(7/2)+ |
123 |55 |231.63+X | |(9/2+) |114 NS 5
123 |55 |328.09 |8 |5/2+,7/2+,9/2+ |
123 |55 |467.57 |14 |7/2+,9/2+ |
123 |55 |474.88 |10 |3/2-,5/2-,7/2- |
123 |55 |476.8 |3 |(15/2-) |40 PS 2
123 |55 |494.05 |9 |5/2+,3/2+ |
123 |55 |500.48+X |24 |(11/2+) |6.2 PS 14
123 |55 |524.69 |17 |1/2+,3/2+,5/2+ |
123 |55 |557.51 |18 |5/2+,3/2+ |
123 |55 |588.52 |18 | |
123 |55 |620.90 |13 |(5/2)+ |
123 |55 |659.9 |3 |(11/2)+ |18 PS 3
123 |55 |699.12 |18 |(5/2,7/2,9/2)+ |
123 |55 |728.0 |4 | |
123 |55 |749.64 |17 | |
123 |55 |784.37 |22 |(-) |
123 |55 |804.18+X |24 |(13/2+) |1.8 PS 8
123 |55 |811.17 |13 | |
123 |55 |817.15 |20 | |
123 |55 |866.46 |14 | |
123 |55 |869.7 |3 | |
123 |55 |905.43 |14 | |
123 |55 |999.2 |4 |(19/2)- |3.2 PS +3-6
123 |55 |1021.68 |16 | |
123 |55 |1048.75 |22 | |
123 |55 |1140.9+X |3 |(15/2+) |
123 |55 |1159.7 |4 |(17/2-) |
123 |55 |1260.2 |5 |(15/2+) |
123 |55 |1508.9+X |3 |(17/2+) |
123 |55 |1593.4 |4 |(19/2-) |
123 |55 |1684.7 |5 |(23/2)- |1.2 PS 6
123 |55 |1729.6 |4 |(21/2-) |1.7 PS LE
123 |55 |1898.6+X |4 |(19/2+) |
123 |55 |1994.4 |6 |(19/2+) |
123 |55 |2003.4 |6 |(19/2+) |
123 |55 |2196.6 |4 |(23/2-) |
123 |55 |2314.7+X |4 |(21/2+) |
123 |55 |2436.3 |5 |(25/2-) |
123 |55 |2485.5 |5 |(27/2)- |1.4 PS LE
123 |55 |2725.2+X |4 |(23/2+) |
123 |55 |2917.8 |5 |(27/2-) |
123 |55 |3227.1 |5 |(29/2-) |
123 |55 |3353.8 |6 |(31/2-) |
123 |55 |3729.3 |5 |(31/2-) |
123 |55 |4055.5 |6 |(33/2-) |
123 |55 |4258.5 |6 |(35/2-) |
123 |55 |4621.1 |6 |(35/2-) |
123 |55 |5214.0 |6 |(39/2-) |
123 |55 |6238.0 |7 |(43/2-) |
123 |55 |7351.0 |12 |(47/2-) |
123 |55 |8557.0 |16 |(51/2-) |
123 |55 |9860.5 |19 |(55/2-) |
123 |55 |11232.5 |19 |(59/2-) |
124 |55 |0.0 | |1+ |30.9 S 4
124 |55 |169.51 |5 |(1)+ |
124 |55 |188.981 |10 |(2)+ |
124 |55 |211.65 |4 |(3)+ |
124 |55 |242.90 |4 |(3)+ |
124 |55 |253.22 |6 |(1)+ |
124 |55 |270.29 |8 |(3)+ |
124 |55 |272.10 |9 |(0,1)+ |
124 |55 |272.66 |6 |(2,3)+ |
124 |55 |282.64 |5 |3+ |
124 |55 |301.14 |7 |(4)- |69 NS 3
124 |55 |312.47 |5 |(2)+ |
124 |55 |338.5 |8 | |
124 |55 |348.82 |8 | |
124 |55 |362.73 |5 |(3)+ |
124 |55 |373.6 |3 |(5)+ |
124 |55 |379.11 |10 |(4)+ |
124 |55 |397.73 |14 |(5)- |
124 |55 |399.51 |10 |(4)+ |
124 |55 |401.27 |10 |(1,2)+ |
124 |55 |404.25 |9 |(1+,2+) |
124 |55 |417.22 |9 |(3,4)+ |
124 |55 |427.5 |4 |(6+) |
124 |55 |441.47 |7 |4+ |
124 |55 |443.89 |8 |(1,2)+ |
124 |55 |462.63 |14 |(7)+ |6.3 S 2
124 |55 |464.93 |14 |1,2 |
124 |55 |479.02 |13 |(5)+ |
124 |55 |491.5 |3 |(6+) |
124 |55 |494.88 |24 |(6)- |
124 |55 |505.67 |7 |(1,2,3)+ |
124 |55 |512.33 |9 |(1,2,3)+ |
124 |55 |529.97 |13 |(5)- |
124 |55 |530.0 |3 |(7+) |
124 |55 |557.97 |19 |(1,2)+ |
124 |55 |565.69 |23 |(6-) |
124 |55 |586.5 |4 |(6-) |
124 |55 |588.5 |4 |(8+) |
124 |55 |596.16 |16 | |
124 |55 |596.64 |8 |+ |
124 |55 |613.95 |7 |(0,1,2)+ |
124 |55 |648.8 |3 |(7)- |
124 |55 |660.1 |4 |(9+) |
124 |55 |671.43 |12 |0,1,2 |
124 |55 |677.4 |3 |(7-) |
124 |55 |743.2 |4 |(7-) |
124 |55 |751.64 |14 |(1+) |
124 |55 |757.5 |3 |(8-) |
124 |55 |770.85 |9 |(1,2,3)+ |
124 |55 |784.1 |4 |(10+) |
124 |55 |796.7 |3 |(8-) |
124 |55 |846.5 |3 | |
124 |55 |864.1 |4 |1,2 |
124 |55 |895.7 |3 |0,1,2 |
124 |55 |920.68 |17 |(0to3)+ |
124 |55 |933.81 |20 |0,1 |
124 |55 |950.4 | | |
124 |55 |974.1 |3 |(9-) |
124 |55 |1000.89 |25 |0,1,2 |
124 |55 |1014.45 |21 | |
124 |55 |1040.29 |20 |0,1,2 |
124 |55 |1049.21 |22 |0,1 |
124 |55 |1091.4 |4 |(9-) |
124 |55 |1096.1 |4 |(11+) |
124 |55 |1097.87 |18 |0,1 |
124 |55 |1131.92 |16 |1 |
124 |55 |1141.59 |19 |0,1,2 |
124 |55 |1168.60 |21 |0,1 |
124 |55 |1196.4 |3 |(10-) |
124 |55 |1216.59 |12 |(1+) |
124 |55 |1244.55 |10 |(1)+ |
124 |55 |1259.80 |14 |(1+) |
124 |55 |1289.6 |4 |(10-) |
124 |55 |1300.3 |4 |(11+) |
124 |55 |1315.7 |4 |(12+) |
124 |55 |1388.88 |16 |(1+) |
124 |55 |1433.3 |3 |0,1,2 |
124 |55 |1494.6 |4 |(11-) |
124 |55 |1534.1 |5 | |
124 |55 |1589.4 |4 |0,1,2 |
124 |55 |1611.5 |4 |(11-) |
124 |55 |1623.2 |5 |0,1,2 |
124 |55 |1638.3 |10 |0,1,2 |
124 |55 |1671.0 |4 |(12+) |
124 |55 |1707.3 |5 |0,1,2 |
124 |55 |1713.3 |4 |(13+) |
124 |55 |1805.6 |4 |(12-) |
124 |55 |1845.9 |7 | |
124 |55 |1932.6 |4 |(13+) |
124 |55 |1949.4 |5 |(12-) |
124 |55 |2029.2 |4 |(14+) |
124 |55 |2169.5 |4 |(13-) |
124 |55 |2177.5 |5 | |
124 |55 |2263.1 |5 |(13-) |
124 |55 |2304.9 |4 |(14+) |
124 |55 |2486.1 |4 |(15+) |
124 |55 |2544.7 |5 |(14-) |
124 |55 |2705.9 |5 |(15+) |
124 |55 |2709.6 |6 | |
124 |55 |2710.3 |7 |(14-) |
124 |55 |2898.3 |4 |(16+) |
124 |55 |2908.2 |5 | |
124 |55 |2945.0 |5 |(15-) |
124 |55 |3008.9 |6 |(15-) |
124 |55 |3130.1 |5 |(16+) |
124 |55 |3350.1 |6 |(16-) |
124 |55 |3383.9 |5 |(17+) |
124 |55 |3613.7 |5 |(17+) |
124 |55 |3767.6 |6 |(17-) |
124 |55 |3817.4 |8 |(17-) |
124 |55 |3872.1 |5 |(18+) |
124 |55 |4206.7 |8 |(18-) |
124 |55 |4382.2 |5 |(19+) |
124 |55 |4642.5 |8 |(19-) |
124 |55 |4688.0 |10 |(19-) |
124 |55 |4946.7 |5 |(20+) |
124 |55 |5128.2 |9 |(20-) |
124 |55 |5463.9 |5 |(21+) |
124 |55 |6127.0 |7 |(22+) |
125 |55 |0.0 | |1/2(+) |46.7 M 1
125 |55 |77.11 |24 |3/2(+) |1.2 NS 1
125 |55 |84.82 |24 |(5/2+) |14.5 NS 15
125 |55 |140.3 |3 |(3/2-) |
125 |55 |185.1 |4 |1/2(+),3/2,5/2 |
125 |55 |253.1 |3 |(7/2+) |
125 |55 |266.1 |11 |(11/2-) |0.90 MS 3
125 |55 |540.7 |11 |(9/2+) |
125 |55 |631.8 |11 |(15/2-) |
125 |55 |683.3 |5 |(11/2+) |
125 |55 |850.0 |11 |(11/2+) |
125 |55 |1196.6 |11 |(13/2+) |
125 |55 |1203.8 |11 |(19/2-) |
125 |55 |1279.0 |11 |(17/2-) |
125 |55 |1293.6 |6 |(15/2+) |
125 |55 |1574.8 |11 |(15/2+) |
125 |55 |1753.9 |11 |(19/2-) |
125 |55 |1899.1 |12 |(21/2-) |
125 |55 |1963.0 |12 |(23/2-) |
125 |55 |1986.6 |11 |(17/2+) |
125 |55 |2055.3 |6 |(19/2+) |
125 |55 |2318.3 |12 |(17/2+) |
125 |55 |2396.6 |12 |(19/2+) |
125 |55 |2424.5 |12 |(23/2-) |
125 |55 |2425.4 |11 |(19/2+) |
125 |55 |2518.5 |12 |(21/2+) |
125 |55 |2570.8 |12 |(23/2-) |
125 |55 |2691.0 |12 |(25/2-) |
125 |55 |2699.1 |12 |(23/2+) |
125 |55 |2832.9 |12 |(27/2-) |
125 |55 |2895.9 |12 |(21/2+) |
125 |55 |2919.6 |7 |(23/2+) |
125 |55 |2943.9 |7 |(23/2+) |
125 |55 |2945.7 |12 |(25/2+) |
125 |55 |3178.2 |12 |(27/2-) |
125 |55 |3241.1 |16 |(25/2+) |
125 |55 |3243.8 |12 |(27/2-) |
125 |55 |3257.5 |12 |(27/2+) |
125 |55 |3385.5 |12 |(23/2-) |
125 |55 |3500.1 |13 |(27/2+) |
125 |55 |3553.4 |12 |(29/2-) |
125 |55 |3616.9 |12 |(29/2+) |
125 |55 |3723.9 |12 |(31/2-) |
125 |55 |3841.0 |13 |(29/2+) |
125 |55 |3976.0 |12 |(31/2-) |
125 |55 |4010.2 |12 |(31/2+) |
125 |55 |4212.7 |13 |(31/2+) |
125 |55 |4358.3 |12 |(33/2-) |
125 |55 |4451.2 |12 |(33/2+) |
125 |55 |4593.2 |13 |(35/2-) |
125 |55 |4604.3 |13 |(33/2+) |
125 |55 |4920.4 |12 |(35/2-) |
125 |55 |4925.7 |12 |(35/2+) |
125 |55 |5028.4 |13 |(35/2+) |
125 |55 |5212.8 |12 |(37/2-) |
125 |55 |5429.2 |13 |(37/2+) |
125 |55 |5495.8 |14 |(37/2+) |
125 |55 |5518.9 |13 |(39/2-) |
125 |55 |5937.0 |14 |(39/2+) |
125 |55 |6189.0 |14 |(41/2-) |
125 |55 |6469.1 |15 |(41/2+) |
125 |55 |6520.2 |13 |(43/2-) |
125 |55 |7273.1 |15 |(45/2-) |
125 |55 |7600.2 |17 |(47/2-) |
125 |55 |8759.2 |20 |(51/2-) |
125 |55 |10003.2 |22 |(55/2-) |
125 |55 |11310.2 |24 |(59/2-) |
125 |55 |0+X | |(23/2+) |
125 |55 |611.0+X |10 |(27/2+) |
125 |55 |1354.0+X |15 |(31/2+) |
125 |55 |2187.0+X |18 |(35/2+) |
125 |55 |3030.0+X |20 |(39/2+) |
125 |55 |3901.0+X |23 |(43/2+) |
125 |55 |4850.0+X |25 |(47/2+) |
125 |55 |5829+X |3 |(51/2+) |
126 |55 |0.0 | |1+ |1.64 M 2
126 |55 |217.86 |10 |1+ |
126 |55 |233.63 |8 |1+ |
126 |55 |241.01 |9 |(0,1,2)- |
126 |55 |257.60 |8 |0+,1+ |
126 |55 |273.0 |7 | |1 US GE
126 |55 |281.20 |12 |0TO3 |
126 |55 |328.28 |13 |0TO3 |
126 |55 |345.3 |7 | |
126 |55 |347.81 |20 |0TO3 |
126 |55 |373.4 |9 | |
126 |55 |421.7 |6 | |
126 |55 |454.7 |3 | |
126 |55 |457.11 |16 |1,0- |
126 |55 |483.9 |9 | |
126 |55 |489.41 |13 |1,0- |
126 |55 |495.6 |6 | |
126 |55 |508.50 |21 | |
126 |55 |513.3 |7 | |
126 |55 |538.88 |17 |1,0- |
126 |55 |542.67 |11 | |
126 |55 |574.7 |9 | |
126 |55 |589.45 |21 | |
126 |55 |596.1 |11 | |171 US 14
126 |55 |625.6 |6 |3+ |
126 |55 |645.5 |10 | |
126 |55 |675.6 |6 |3+ |
126 |55 |681.84 |12 |1+ |
126 |55 |709.53 |17 |1,0- |
126 |55 |710.6 |9 |4+ |
126 |55 |759.6 |13 |(5+) |
126 |55 |776.6 |3 |1,0- |
126 |55 |781.51 |22 |1,0- |
126 |55 |798.5 |11 | |
126 |55 |841.92 |18 |1,0- |
126 |55 |876.9 |3 |1,0- |
126 |55 |900.6 |15 |(6+) |
126 |55 |903.5 |3 |1,0- |
126 |55 |1097.48 |13 |1+ |
126 |55 |1140.5 |3 |1,0- |
126 |55 |1183.1 |10 | |
126 |55 |1210.75 |15 |1+ |
126 |55 |1234.33 |11 |0TO3 |
126 |55 |1238.6 |15 |(7+) |
126 |55 |1241.63 |16 |1+ |
126 |55 |1293.01 |12 |1+ |
126 |55 |1338.0 |11 | |
126 |55 |1397.6 |15 | |
126 |55 |1493.6 |15 |(8+) |
126 |55 |1759.7 |16 | |
126 |55 |1889.5 |16 |(9+) |
126 |55 |1895.6 |12 | |
126 |55 |2046.0 |15 | |
126 |55 |2086.7 |16 | |
126 |55 |2100.0 |15 | |
126 |55 |2232.5 |16 |(10+) |
126 |55 |2283.7 |19 | |
126 |55 |2431.4 |17 | |
126 |55 |2431.7 |19 | |
126 |55 |2696.5 |17 |(11+) |
126 |55 |2747.6 |16 | |
126 |55 |2858.3 |17 | |
126 |55 |2864.7 |21 | |
126 |55 |2892.0 |18 | |
126 |55 |2935.0 |18 | |
126 |55 |3111.4 |17 |(12+) |
126 |55 |3333.4 |17 | |
126 |55 |3607.4 |18 |(13+) |
126 |55 |3774.0 |21 | |
126 |55 |3794.4 |18 | |
126 |55 |3860.0 |21 | |
126 |55 |4072.4 |18 |(14+) |
126 |55 |4580.0 |23 | |
126 |55 |4600.4 |18 |(15+) |
126 |55 |4638.0 |23 | |
126 |55 |4802.4 |20 | |
126 |55 |5117.4 |20 |(16+) |
126 |55 |5672.4 |20 |(17+) |
126 |55 |5869.4 |23 | |
126 |55 |6252.4 |22 | |
126 |55 |6820.4 |22 | |
126 |55 |7450.4 |24 | |
126 |55 |7968.4 |24 | |
126 |55 |8687 |3 | |
127 |55 |0.0 | |1/2+ |6.25 H 10
127 |55 |66.09 |11 |(5/2)+ |24.88 NS 30
127 |55 |138.96 |12 |(3/2)+ |120 PS 20
127 |55 |180.92 |16 |3/2+ |60 PS LE
127 |55 |246.53 |22 |(5/2+) |
127 |55 |272.88 |16 |(7/2)+ |
127 |55 |452.23 |21 |(11/2)- |55 US 3
127 |55 |454.4 |6 |(9/2+) |
127 |55 |567.62 |22 |1/2,3/2 |
127 |55 |578.0 |3 | |
127 |55 |589.7 |6 | |
127 |55 |621.7 |7 | |
127 |55 |686.0 |4 |(9/2+) |
127 |55 |707.35 |25 |(11/2+) |8 NS LT
127 |55 |713.1 |4 |1/2,3/2 |
127 |55 |854.15 |23 |(9/2+) |
127 |55 |866.5 |4 |(15/2-) |8 NS LT
127 |55 |872.5 |4 |1/2,3/2 |
127 |55 |1043.4 |8 |(13/2+) |
127 |55 |1131.0 |3 |(11/2+) |8 NS LT
127 |55 |1151.0 |4 | |
127 |55 |1200.95 |25 |1/2,3/2 |
127 |55 |1289.3 |3 |1/2,3/2 |
127 |55 |1316.1 |5 |(13/2+) |
127 |55 |1323.8 |5 |(15/2+) |8 NS LT
127 |55 |1442.4 |4 |(13/2+) |8 NS LT
127 |55 |1458.2 |5 |(19/2-) |8 NS LT
127 |55 |1492.3 |4 |(17/2-,19/2-) |8 NS LT
127 |55 |1566.24 |21 |1/2,3/2 |
127 |55 |1618.0 |3 | |
127 |55 |1787.9 |5 |(15/2+) |
127 |55 |1802.1 |9 |(17/2+) |
127 |55 |1956.3 |4 |(19/2-) |8 NS LT
127 |55 |1981.56 |23 |1/2,3/2 |
127 |55 |2089.7 |3 |1/2,3/2 |
127 |55 |2094.2 |5 |(13/2-) |
127 |55 |2096.9 |5 |(19/2)+ |8 NS LT
127 |55 |2104.8 |5 |(17/2+) |
127 |55 |2117.5 |5 |(21/2-) |8 NS LT
127 |55 |2143.8 |7 |1/2,3/2 |
127 |55 |2167.1 |8 |(17/2+) |
127 |55 |2202.5 |6 |(15/2-) |
127 |55 |2238.5 |4 |1/2,3/2 |
127 |55 |2255.6 |5 |1/2,3/2 |
127 |55 |2258.3 |5 |(23/2-) |8 NS LT
127 |55 |2321.19 |21 |1/2+,3/2+ |
127 |55 |2440.3 |6 |(17/2-) |
127 |55 |2578.0 |9 |(19/2+) |
127 |55 |2639.1 |5 |(23/2-) |
127 |55 |2691.0 |9 |(21/2+) |
127 |55 |2696.8 |7 |(19/2-) |
127 |55 |2747.8 |5 |(19/2+) |
127 |55 |2897.6 |6 |(21/2+) |
127 |55 |2935.7 |5 |(25/2-) |8 NS LT
127 |55 |2959.8 |12 | |
127 |55 |3000.2 |6 |(23/2+) |8 NS LT
127 |55 |3002.4 |6 |(23/2+) |8 NS LT
127 |55 |3008.4 |7 |(21/2-) |
127 |55 |3018.0 |11 |(21/2+) |
127 |55 |3061.2 |6 |(23/2+) |
127 |55 |3062 | | |
127 |55 |3156.8 |5 |(27/2-) |8 NS LT
127 |55 |3261.9 |6 |(25/2+) |8 NS LT
127 |55 |3353.8 |6 |(25/2+) |
127 |55 |3365.8 |6 |(27/2-) |
127 |55 |3369.8 |8 | |
127 |55 |3563.6 |7 |(27/2+) |
127 |55 |3645.8 |12 |(27/2+) |
127 |55 |3647.0 |14 | |
127 |55 |3766.0 |8 | |
127 |55 |3815.6 |6 |(29/2-) |
127 |55 |3913.7 |7 |(29/2+) |
127 |55 |3984.2 | | |
127 |55 |4036.8 |16 | |
127 |55 |4101.3 |6 |(31/2-) |
127 |55 |4175.3 |9 | |
127 |55 |4305.2 |8 |(31/2+) |
127 |55 |4391.8 |19 | |
127 |55 |4640.4 |8 |(33/2-) |
127 |55 |4724.0 |10 | |
127 |55 |4954.4 |9 |(35/2-) |
127 |55 |5179.1 |11 | |
127 |55 |5187.3 |13 | |
127 |55 |5535.4 |11 | |
127 |55 |5865.4 |12 | |
128 |55 |0.0 | |1+ |3.66 M 2
128 |55 |187.88 |22 | |
128 |55 |215.44 |4 |0-,1 |
128 |55 |229.50 |6 |0-,1 |
128 |55 |273.440 |10 |1+ |
128 |55 |317.15 |10 |0-,1 |
128 |55 |359.11 |4 |0-,1 |
128 |55 |374.998 |20 |(1+) |
128 |55 |0.0+X | | |
128 |55 |18.6+X | | |
128 |55 |114.6+X |3 | |
128 |55 |187.56+X |25 |(7,8) |
128 |55 |301.7+X |3 |(7,8,9) |
128 |55 |322.5+X |3 |(6-,7,8) |
128 |55 |335.3+X |4 |(6,7,8) |
128 |55 |430.1+X |3 |(7-) |
128 |55 |453.4+X |4 |(8-) |
128 |55 |510.8+X |3 |(7-) |
128 |55 |551.8+X |3 |(8-) |
128 |55 |596.6+X |4 |(8-) |
128 |55 |755.3+X |4 |(9+) |50 NS 8
128 |55 |772.7+X |4 |(9-) |
128 |55 |907.7+X |4 |(9-) |
128 |55 |1010.7+X |4 |(10-) |
128 |55 |1104.1+X |5 |(10+) |
128 |55 |1137.2+X |4 |(10-) |
128 |55 |1162.4+X |5 |(10-) |
128 |55 |1348.9+X |4 |(11-) |
128 |55 |1377.0+X |5 |(11+) |
128 |55 |1456.1+X |5 |(11-) |
128 |55 |1737.6+X |5 |(12-) |
128 |55 |1785.2+X |5 |(12+) |
128 |55 |1894.8+X |5 |(12-) |
128 |55 |1906.7+X |9 |(12-) |
128 |55 |2086.4+X |5 |(13-) |
128 |55 |2156.0+X |5 |(13+) |
128 |55 |2205.6+X |6 |(13-) |
128 |55 |2593.8+X |6 |(14-) |
128 |55 |2620.3+X |6 |(14+) |
128 |55 |2714.7+X | |(14-) |
128 |55 |2794.8+X |5 |(14-) |
128 |55 |2957.5+X |6 |(15-) |
128 |55 |3025.5+X |7 |(15-) |
128 |55 |3030.2+X |6 |(15+) |
128 |55 |3507.2+X |7 |(16-) |
128 |55 |3523.6+X |6 |(16+) |
128 |55 |3807.8+X |12 |(16-) |
128 |55 |3882.6+X |7 |(17-) |
128 |55 |3924.5+X |7 |(17-) |
128 |55 |3960.2+X |7 |(17+) |
128 |55 |4453.4+X |8 |(18-) |
128 |55 |4473.9+X |9 |(18+) |
128 |55 |4917.7+X |7 |(19-) |
128 |55 |4946.7+X |7 |(19+) |
129 |55 |0.0 | |1/2+ |32.06 H 6
129 |55 |6.5450 |10 |5/2+ |72 NS 6
129 |55 |135.59 |7 |3/2+ |
129 |55 |188.91 |6 |7/2+ |2.26 NS 6
129 |55 |208.81 |6 |(5/2)+ |
129 |55 |220.78 |6 |3/2+ |
129 |55 |426.47 |8 |(9/2)+ |
129 |55 |551.59 |15 |(5/2+) |
129 |55 |554.05 |13 |(1/2,3/2)+ |
129 |55 |555.10 |9 |(5/2,7/2)+ |
129 |55 |575.40 |14 |(11/2-) |0.718 US 21
129 |55 |603.36 |6 |(7/2+) |
129 |55 |648.41 |8 |(11/2+) |
129 |55 |690.32 |8 |(9/2+) |
129 |55 |755.26 |7 |(5/2,7/2)+ |
129 |55 |879.31 |10 |(5/2+,7/2+) |
129 |55 |969.23 |7 |(5/2+,7/2+) |
129 |55 |991.97 |9 |(7/2+,9/2+,11/2+) |
129 |55 |1023.3 |4 |(15/2-) |
129 |55 |1032.9 |4 |(13/2+) |
129 |55 |1150.4 |6 |(13/2-) |
129 |55 |1156.23 |12 |(5/2+,7/2+) |
129 |55 |1164.68 |17 |(1/2,3/2)+ |
129 |55 |1231.7 |5 |(11/2+) |
129 |55 |1255.68 |7 |(5/2+,7/2+) |
129 |55 |1279.3 |3 |(15/2+) |0.53 PS +12-11
129 |55 |1339.8 |4 |(13/2+) |
129 |55 |1609.64 |22 |(1/2,3/2) |
129 |55 |1627.6 |5 |(19/2-) |1.64 PS +53-35
129 |55 |1648.01 |6 |(9/2)+ |
129 |55 |1648.56 |22 |(1/2+,3/2) |
129 |55 |1681.60 |9 |(5/2+,7/2+,9/2+) |
129 |55 |1691.6 |5 |(17/2-) |
129 |55 |1694.18 |23 |(1/2,3/2) |
129 |55 |1700.93 |22 |(1/2+,3/2) |
129 |55 |1718.0 |5 |(15/2-) |
129 |55 |1793.0 |4 |(17/2+) |
129 |55 |1812.56 |8 |(9/2)+ |
129 |55 |1830.49 |16 |(1/2,3/2) |
129 |55 |1890.8 |5 |(15/2+) |
129 |55 |1922.83 |16 |(1/2+,3/2) |
129 |55 |1941.02 |14 |(7/2+,9/2,11/2+) |
129 |55 |1954.03 |14 |(1/2+,3/2+) |
129 |55 |2019.12 |19 |(9/2,11/2+) |
129 |55 |2047.4 |4 |(19/2+) |0.30 PS +12-8
129 |55 |2077.66 |22 |(1/2+,3/2) |
129 |55 |2123.2 |4 |(17/2+) |
129 |55 |2214.4 |6 |(19/2-) |
129 |55 |2254.8 |3 | |
129 |55 |2319.5 |5 |(21/2-) |
129 |55 |2396.0 |6 |(23/2-) |0.49 PS +15-14
129 |55 |2500.6 |6 |(19/2+) |
129 |55 |2633.1 |5 |(21/2+) |0.15 PS +4-6
129 |55 |2667.1 |5 |(19/2+) |
129 |55 |2676.5 |4 |(19/2+) |
129 |55 |2812.7 |5 |(21/2+) |
129 |55 |2842.1 |6 |(23/2-) |
129 |55 |2908.3 |5 |(23/2+) |0.15 PS +10-7
129 |55 |2942.5 |6 |(21/2+) |
129 |55 |2952.6 |6 |(21/2+) |
129 |55 |2981.2 |7 |(19/2+,21/2+) |
129 |55 |3042.8 |6 |(23/2+) |
129 |55 |3095.9 |6 |(25/2-) |
129 |55 |3157.3 |6 |(23/2+) |
129 |55 |3235.9 |6 |(27/2-) |0.33 PS 10
129 |55 |3291.4 |9 |(25/2+) |
129 |55 |3296.8 |9 |(25/2+) |0.18 PS LT
129 |55 |3406.4 |6 |(25/2+) |
129 |55 |3419.0 |6 |25/2+ |
129 |55 |3518.2 |7 |(25/2-) |
129 |55 |3590.7 |6 |(27/2-) |
129 |55 |3682.1 |6 |(27/2+) |
129 |55 |3685.3 |7 |(27/2-) |
129 |55 |3730.0 |7 |(27/2+) |0.11 PS LT
129 |55 |3733.3 |9 |(23/2:27/2+) |
129 |55 |3734.2 |6 |(27/2+) |
129 |55 |3810.3 |7 |(25/2+) |
129 |55 |3919.9 |9 |(25/2) |
129 |55 |3924.5 |7 |(29/2-) |
129 |55 |3949.4 |11 |(29/2+) |
129 |55 |3993.6 |8 |(29/2+) |
129 |55 |4026.9 |9 |(29/2-) |
129 |55 |4114.7 |7 |(31/2-) |0.139 PS +49-20
129 |55 |4130.0 |7 |(29/2+) |
129 |55 |4199.4 |10 |(29/2) |
129 |55 |4366.9 |8 |(31/2+) |
129 |55 |4420.6 |8 |(31/2-) |
129 |55 |4437.1 |10 |(31/2+) |
129 |55 |4445.3 |7 |(31/2-) |
129 |55 |4599.0 |7 |(31/2+) |
129 |55 |4764.4 |8 |(33/2-) |
129 |55 |4900.0 |11 |(33/2-) |
129 |55 |5024.4 |8 |(33/2+) |
129 |55 |5032.6 |8 |(35/2-) |0.40 PS LT
129 |55 |5067.2 |8 |(33/2+) |
129 |55 |5212.5 |11 |(35/2+) |
129 |55 |5282.4 |12 |(35/2+) |
129 |55 |5402.1 |13 |(35/2-) |
129 |55 |5547.2 |9 |(35/2+) |
129 |55 |5566.7 |8 |(31/2,33/2,35/2+) |
129 |55 |5692.3 |9 |(37/2-) |
129 |55 |5989.6 |9 |(39/2-) |
129 |55 |6050.7 |10 |(35/2:39/2+) |
129 |55 |6200.4 |13 |(39/2+) |
129 |55 |6271.4 |13 |(39/2+) |
129 |55 |7000.8 |12 |(43/2-) |
129 |55 |7380.4 |14 |(43/2+) |
129 |55 |8099.5 |14 |(47/2-) |
130 |55 |0.0 | |1+ |29.21 M 4
130 |55 |80.37 |7 |2+ |
130 |55 |131.54 |6 |2+ |
130 |55 |148.35 |7 |2- |
130 |55 |163.25 |11 |5- |3.46 M 6
130 |55 |170.49 |8 |( 3) |
130 |55 |253.87 |10 |( 4) |
130 |55 |270.20 |11 |(1+,3+) |
130 |55 |278.80 |10 |(6)- |
130 |55 |314.52 |11 |(1,3) |
130 |55 |318.1 |1 | |
130 |55 |375.60 |15 |(7)- |
130 |55 |432.13 |14 |(1to4) |
130 |55 |530.2 |4 | |
130 |55 |535.0 |4 | |
130 |55 |565.50 |17 |(8-) |
130 |55 |618.12 |24 |(8)- |
130 |55 |638.2 |3 | |
130 |55 |688.35 |21 | |
130 |55 |878.26 |25 |(9-) |
130 |55 |954.3 |4 | |
130 |55 |962.1 |4 | |
130 |55 |974.8 |4 |(9+) |
130 |55 |997.25 |23 |(9-) |
130 |55 |1050.4 |4 | |
130 |55 |1126.5 |4 |(10+) |
130 |55 |1172.1 |3 |(10-) |
130 |55 |1242.9 |4 | |
130 |55 |1265.4 |3 |(10-) |
130 |55 |1479.8 |5 |(11+) |
130 |55 |1512.9 |4 |(11-) |
130 |55 |1673.8 | |(11+) |
130 |55 |1770.0 |5 |(12+) |
130 |55 |1805.6 |4 | |
130 |55 |1960.7 |4 |(12-) |
130 |55 |2074.8 | |(12+) |
130 |55 |2086.1 |4 |(12-) |
130 |55 |2187.0 |5 |(13+) |
130 |55 |2309.6 |5 | |
130 |55 |2446.8 | |(13+) |
130 |55 |2613.5 |6 |(14+) |
130 |55 |2796.6 |6 |(14+) |
130 |55 |2897.6 |5 | |
130 |55 |3082.5 | |(15+) |
130 |55 |3249.8 | |(15+) |
130 |55 |3547.5 | |(16+) |
130 |55 |4040.5 | |(17+) |
131 |55 |0.0 | |5/2+ |9.689 D 16
131 |55 |78.730 |4 |7/2+ |9.4 NS 2
131 |55 |123.804 |3 |1/2+ |3.75 NS 5
131 |55 |133.615 |4 |5/2+ |8.6 NS 3
131 |55 |216.086 |4 |3/2+ |0.2 NS LE
131 |55 |274 | | |
131 |55 |373.242 |5 |3/2+ |0.25 NS LE
131 |55 |496.11 |6 |9/2+ |
131 |55 |585.043 |10 |3/2+,5/2+ |
131 |55 |596.35 |5 |(5/2+,7/2+) |
131 |55 |616.2 |3 |11/2+ |
131 |55 |620.128 |6 |1/2+ |0.15 NS LT
131 |55 |657.62 |6 |7/2+ |
131 |55 |696.487 |9 |3/2+ |
131 |55 |750 | |(+) |
131 |55 |764.13 |14 |(3/2+,5/2)+ |
131 |55 |775.28 |6 |11/2- |10.46 NS 14
131 |55 |919.58 |4 |(5/2+) |
131 |55 |1043.99 |6 |7/2+ |
131 |55 |1047.682 |9 |3/2+ |
131 |55 |1147.32 |19 |13/2+ |
131 |55 |1170.67 |3 |3/2+ |
131 |55 |1212 | | |
131 |55 |1257.82 |7 |(7/2+) |
131 |55 |1288 | | |
131 |55 |1309.06 |18 |15/2- |
131 |55 |1314 | |(7/2+) |
131 |55 |1324.1 |3 |15/2+ |
131 |55 |1341.96 |5 |3/2 |
131 |55 |1355 | |(+) |
131 |55 |1383 | | |
131 |55 |1404.44 |18 |13/2- |
131 |55 |1458 | | |
131 |55 |1498 | | |
131 |55 |1558 | | |
131 |55 |1587 | |(+) |
131 |55 |1617 | | |
131 |55 |1636.1 |6 |15/2- |
131 |55 |1671 | |(7/2+) |
131 |55 |1708 | | |
131 |55 |1744 | | |
131 |55 |1927.77 |23 |17/2+ |
131 |55 |1948.39 |18 |15/2- |
131 |55 |1972.69 |22 |19/2- |
131 |55 |2006.3 |3 |(15/2-) |
131 |55 |2021.78 |22 |17/2- |
131 |55 |2154.6 |3 |19/2+ |
131 |55 |2222.7 |6 |17/2- |
131 |55 |2343.48 |23 |19/2- |
131 |55 |2553.5 |5 |17/2+ |
131 |55 |2572.4 |4 |(19/2-) |
131 |55 |2659.85 |22 |21/2- |
131 |55 |2675.3 |3 |21/2- |
131 |55 |2685.4 |5 |19/2+ |
131 |55 |2733.5 |3 |21/2+ |
131 |55 |2779.4 |4 |21/2+ |
131 |55 |2815.98 |25 |23/2- |
131 |55 |2834.0 |3 |21/2+ |
131 |55 |2874.1 |3 |23/2+ |
131 |55 |3032.6 |4 |23/2+ |
131 |55 |3041.5 |4 |25/2+ |
131 |55 |3057.3 |4 |23/2+ |
131 |55 |3063.4 |4 |(23/2-) |
131 |55 |3162.8 |3 |25/2+ |
131 |55 |3278.7 |4 |(23/2-) |
131 |55 |3413.6 |4 |25/2+ |
131 |55 |3424.6 |4 |(25/2-) |
131 |55 |3464.4 |3 |25/2- |
131 |55 |3520.9 |4 |25/2- |
131 |55 |3591.8 |6 |(25/2+) |
131 |55 |3620.0 |4 |27/2- |
131 |55 |3667.0 |4 |(27/2+) |
131 |55 |3722.2 |4 |27/2+ |
131 |55 |3724.5 |3 |27/2- |
131 |55 |3856.0 |4 |(29/2+) |
131 |55 |3867.6 |4 |(29/2+) |
131 |55 |3870.9 |4 |(27/2-) |
131 |55 |3971.4 |8 |(27/2+) |
131 |55 |4010.8 |4 |29/2- |
131 |55 |4043.2 |5 |(27/2-) |
131 |55 |4143.8 |5 |29/2+ |
131 |55 |4290.6 |7 |(29/2-) |
131 |55 |4347.2 |6 |(29/2+) |
131 |55 |4386.3 |4 |31/2- |
131 |55 |4623.0 |7 |(31/2+) |
131 |55 |4641.6 |5 |(31/2-) |
131 |55 |4652.7 |5 |(31/2+) |
131 |55 |4716.7 |6 |(31/2-) |
131 |55 |4733.7 |4 |33/2+ |
131 |55 |4856.2 |5 |(33/2+) |
131 |55 |4904.2 |5 |33/2- |
131 |55 |5078.2 |6 |(33/2+) |
131 |55 |5264.2 |5 |(35/2-) |
131 |55 |5735.1 |6 |(37/2+) |
132 |55 |0 | |2+ |6.480 D 6
132 |55 |86.2 |4 |(3+) |
132 |55 |108.3 |4 |(4+) |
132 |55 |136 | |(3+,4+) |
132 |55 |153 | |(-) |
132 |55 |183.6 |6 |(4+) |
132 |55 |185.9 |6 |(5) |
132 |55 |213 |2 | |
132 |55 |240.1 |5 |(5-) |
132 |55 |270 |3 | |
132 |55 |291 |2 | |
132 |55 |311.7 |8 |(7-) |
132 |55 |327 |2 | |
132 |55 |352 |2 | |
132 |55 |379.3 |8 |(8-) |
132 |55 |400 |2 | |
132 |55 |426 |2 | |
132 |55 |505 |2 | |
132 |55 |521 |2 | |
132 |55 |537.6 |8 |(8-) |
132 |55 |551 |2 | |
132 |55 |787.8 |8 |(9-) |
132 |55 |980.0 |8 |(9-) |
132 |55 |1081.5 |9 |(10-) |
132 |55 |1131.3 |8 |(9+) |
132 |55 |1214.7 |9 |(10-) |
132 |55 |1281.9 |8 |(10+) |
132 |55 |1474.6 |9 |(11-) |
132 |55 |1683.5 |9 |(11+) |
132 |55 |1729.2 |9 |(10+) |
132 |55 |1826.1 |9 |(11-) |
132 |55 |1835.2 |8 |(11+) |
132 |55 |1891.2 |9 |(11+) |
132 |55 |1933.9 |9 |(12-) |
132 |55 |1982.0 |9 |(12+) |
132 |55 |1987.9 |9 |(12+) |
132 |55 |2089.4 |10 |(12-) |
132 |55 |2201.6 |9 |(12+) |
132 |55 |2316.0 |10 |(13-) |
132 |55 |2368.7 |9 |(13+) |
132 |55 |2395.7 |9 |(14+) |
132 |55 |2410.0 |9 |(13+) |
132 |55 |2515.4 |9 |(13+) |
132 |55 |2636.0 |11 |(13-) |
132 |55 |2772.8 |10 |(14-) |
132 |55 |2865.1 |9 |(14+) |
132 |55 |2868.5 |10 |(14-) |
132 |55 |2893.6 |9 |(14+) |
132 |55 |2909.7 |9 |(14+) |
132 |55 |2988.7 |11 |(15-) |
132 |55 |3028.9 |9 |(15+) |
132 |55 |3165.3 |14 | |
132 |55 |3232.0 |10 |(15-) |
132 |55 |3270.9 |15 |(16-) |
132 |55 |3310.6 |9 |(15+) |
132 |55 |3373.5 |11 |(15-) |
132 |55 |3389.5 |9 |(16+) |
132 |55 |3585.9 |11 |(16-) |
132 |55 |3665.7 |16 |(17-) |
132 |55 |3759.1 |10 |(17+) |
132 |55 |3788.7 |9 |(16+) |
132 |55 |3985.6 |12 |(17-) |
132 |55 |4172.8 |10 |(18-) |
132 |55 |4187.0 |11 |(17-) |
132 |55 |4241.5 |10 |(17+) |
132 |55 |4386.3 |9 |(18+) |
132 |55 |4487.4 |11 |(18-) |
132 |55 |4665.5 |10 |(18+) |
132 |55 |4755.9 |11 |(19-) |
132 |55 |4943.7 |11 |(19-) |
132 |55 |5073.6 |10 |(19+) |
132 |55 |5212.4 |10 | |
132 |55 |5423.6 |10 |(20-) |
132 |55 |5696.5 |10 |(20+) |
133 |55 |0.0 | |7/2+ |STABLE
133 |55 |80.9979 |8 |5/2+ |6.283 NS 14
133 |55 |160.6121 |9 |5/2+ |172 PS 4
133 |55 |383.8491 |8 |3/2+ |44 PS 11
133 |55 |437.0113 |9 |1/2+ |150 PS LE
133 |55 |632.56 |10 |11/2+ |5.3 PS 4
133 |55 |640.40 |7 |(3/2)+ |0.76 PS 14
133 |55 |705.57 |9 |9/2+ |
133 |55 |729.16 |25 | |
133 |55 |767.68 |10 |(9/2)+ |2.0 PS 4
133 |55 |788.6 |3 | |
133 |55 |819.06 |7 |(5/2,7/2,9/2+) |1.0 PS 3
133 |55 |871.86 |10 |(7/2)+ |1.2 PS 3
133 |55 |916.09 |7 |(5/2,7/2,9/2+) |2.3 PS +10-5
133 |55 |941.6 |6 | |
133 |55 |1071.1 |4 |(11/2-) |
133 |55 |1089.25 |9 |(3/2+,5/2,7/2+) |
133 |55 |1172.69 |20 |(3/2+,5/2,7/2+) |
133 |55 |1219.33 |22 | |
133 |55 |1429.9 |4 |15/2+ |
133 |55 |1442.22 |14 | |
133 |55 |1509.6 |3 | |
133 |55 |1603.9 |4 |(15/2-) |
133 |55 |1674.65 |22 |(5/2+,7/2+) |
133 |55 |1692.4 |11 | |
133 |55 |1744.8 |5 |(15/2-) |
133 |55 |1880.6 |3 |(3/2+,5/2,7/2+) |
133 |55 |1919.4 |11 | |
133 |55 |1923.0 |5 |(19/2) |
133 |55 |1951.5 |5 |(17/2) |
133 |55 |2001.4 |17 | |
133 |55 |2035.6 |8 |(3/2+,5/2,7/2+) |
133 |55 |2156.2 |9 |(5/2,7/2,9/2) |1.34E-3 EV 22
133 |55 |2295.1 |5 |19/2+ |
133 |55 |2321.0 |8 |(5/2) |8.4E-4 EV 19
133 |55 |2415 | |(5/2,7/2,9/2) |2.7E-3 EV 4
133 |55 |2438 | |(5/2,7/2,9/2) |1.5E-3 EV 3
133 |55 |2462 | |(5/2,7/2,9/2) |1.10E-3 EV 22
133 |55 |2528.3 |6 |(21/2) |
133 |55 |2643.4 |6 |(23/2) |
133 |55 |2645 | |(5/2,7/2,9/2) |5.1E-3 EV 4
133 |55 |2672 | |(5/2,7/2,9/2) |2.4E-3 EV 3
133 |55 |2722 | |(5/2,7/2,9/2) |2.4E-3 EV 5
133 |55 |2744 | |(5/2,7/2,9/2) |3.5E-3 EV 5
133 |55 |2759 | |(5/2,7/2,9/2) |3.1E-3 EV 4
133 |55 |2815 | |(5/2,7/2,9/2) |1.0E-3 EV 3
133 |55 |2834.2 |7 |(25/2) |
133 |55 |2858 | |(5/2,7/2,9/2) |2.8E-3 EV 5
133 |55 |2873 | |(5/2,7/2,9/2) |2.6E-3 EV 3
133 |55 |2909 | |(5/2,7/2,9/2) |4.9E-3 EV 6
133 |55 |2944 | |(5/2,7/2,9/2) |2.3E-3 EV 3
133 |55 |3039 | |(5/2,7/2,9/2) |9.7E-4 EV 24
133 |55 |3296 | |(5/2,7/2,9/2) |1.8E-3 EV 6
133 |55 |3322 | |(5/2,7/2,9/2) |1.4E-3 EV 4
133 |55 |3422 | |(5/2,7/2,9/2) |1.7E-3 EV 6
133 |55 |3517 | |(5/2,7/2,9/2) |1.4E-3 EV 5
133 |55 |3526 | |(5/2,7/2,9/2) |3.3E-3 EV 5
133 |55 |3672 | |(5/2,7/2,9/2) |3.2E-3 EV 7
134 |55 |0.0 | |4+ |2.0652 Y 4
134 |55 |11.2442 |18 |5+ |46.6 NS 6
134 |55 |60.0297 |13 |(3)+ |
134 |55 |138.7441 |26 |8- |2.912 H 2
134 |55 |173.7942 |16 |(2,3)+ |
134 |55 |176.4044 |16 |3-,4- |49.7 NS 8
134 |55 |176.6400 |26 |(1)+ |
134 |55 |190.2614 |18 |(3)+ |
134 |55 |193.6162 |20 |4- |
134 |55 |197.7817 |17 |(2)+ |
134 |55 |209.5458 |18 |(4,5)+ |
134 |55 |234.3341 |18 |(3)+ |
134 |55 |257.1075 |26 |6- |12.3 NS 11
134 |55 |267.6618 |25 |4-,5- |
134 |55 |271.3489 |16 |(2,3)+ |
134 |55 |290.9669 |21 |(2)+ |
134 |55 |344.3594 |25 |7- |
134 |55 |377.1021 |20 |4+ |
134 |55 |382.9834 |24 |6- |
134 |55 |434.1746 |30 |6-,7- |
134 |55 |450.2381 |23 |5- |
134 |55 |451.4250 |18 |(3)+ |
134 |55 |454.0876 |24 |3+,4+ |
134 |55 |483.6574 |30 |(3,4)- |
134 |55 |502.8411 |30 |(3,4)+ |
134 |55 |519.3217 |26 |(3,4)+ |
134 |55 |539.657 |6 |(3,4,5)+ |
134 |55 |570.8266 |27 |4- |
134 |55 |579.131 |4 |(2,3)+ |
134 |55 |584.1804 |26 |(2,3)+ |
134 |55 |613.021 |5 |(4,5)- |
134 |55 |621.997 |5 |(2,3,4,5)+ |
134 |55 |624.0074 |29 |(5)- |
134 |55 |640.7 |11 | |
134 |55 |643.9642 |28 |4- |
134 |55 |653.3 |15 | |
134 |55 |665.0 |15 | |
134 |55 |676 |3 | |
134 |55 |680.7 |14 | |
134 |55 |684.504 |5 |(2,3)- |
134 |55 |688.626 |4 |(4)+ |
134 |55 |693.838 |5 |(2,3,4+) |
134 |55 |701.9999 |28 |3-,4- |
134 |55 |715.823 |4 |(2,3)- |
134 |55 |720.4 |4 |+ |
134 |55 |741.277 |4 |(3+,4) |
134 |55 |748.7 |9 | |
134 |55 |752.7029 |30 |4- |
134 |55 |783.8 |5 |(  6-) |
134 |55 |801.253 |6 |(1+,2,3,4+) |
134 |55 |802.8 |4 | |
134 |55 |819.2 |3 | |
134 |55 |820.7 |10 | |
134 |55 |821.605 |8 |(2,3,4+) |
134 |55 |831.684 |4 |4-,5- |
134 |55 |835.714 |5 |(2+,3,4,5+) |
134 |55 |839.813 |4 |3-,4- |
134 |55 |841.9 |5 | |
134 |55 |845.4 |9 | |
134 |55 |850.8 |4 | |
134 |55 |862 | | |
134 |55 |880.349 |4 |(3+,4+) |
134 |55 |912.608 |4 |3+,4+ |
134 |55 |916.175 |4 |3-,4- |
134 |55 |932.41 |13 | |
134 |55 |937.630 |5 |(4)- |
134 |55 |941.343 |15 |(4-) |
134 |55 |948.138 |5 |2-,3-,4- |
134 |55 |976.310 |4 |3-,4- |
134 |55 |982.1 |4 | |
134 |55 |991.882 |5 |4-,5- |
134 |55 |1003.61 |27 | |
134 |55 |1014.54 |14 | |
134 |55 |1028.7 |17 | |
134 |55 |1032.71 |10 | |
134 |55 |1043.523 |8 |(4)+ |
134 |55 |1067.6 |3 | |
134 |55 |1088.423 |5 |(3,4)- |
134 |55 |1094.553 |4 |(2)- |
134 |55 |1100.334 |5 |(2,3)- |
134 |55 |1114.8 |8 | |
134 |55 |1120.0 |3 | |
134 |55 |1133.05 |20 | |
134 |55 |1142.861 |5 |(2,3,4)- |
134 |55 |1157.54 |25 | |
134 |55 |1162.508 |5 |(3-,4) |
134 |55 |1171.36 |10 | |
134 |55 |1181.6 |7 | |
134 |55 |1188.3 |3 | |
134 |55 |1210.24 |20 | |
134 |55 |1215.1 |5 | |
134 |55 |1218.85 |16 | |
134 |55 |1232.83 |17 | |
134 |55 |1238.872 |7 |5- |
134 |55 |1250.75 |11 | |
134 |55 |1254.198 |5 |3-,4- |
134 |55 |1263.2 |8 | |
134 |55 |1266.168 |6 |(3-,4) |
134 |55 |1271.52 |22 | |
134 |55 |1276.05 |13 | |
134 |55 |1279.60 |12 | |
134 |55 |1288.2 |6 | |
134 |55 |1294.4 |9 | |
134 |55 |1312.9 |4 | |
134 |55 |1319.31 |8 | |
134 |55 |1323.41 |8 | |
134 |55 |1325.59 |9 | |
134 |55 |1338.5 |3 | |
134 |55 |1360.7 |12 | |
134 |55 |1371.3 |3 | |
134 |55 |1381.62 |13 | |
134 |55 |1385.80 |8 | |
134 |55 |1393.7 |10 | |
134 |55 |1397.93 |8 | |
134 |55 |1403.9 |4 | |
134 |55 |1406.9 |3 | |
134 |55 |1418.0 |6 | |
134 |55 |1456.7 |17 | |
134 |55 |1551.7 |13 | |
134 |55 |1970.7 |14 | |
134 |55 |2098.7 |14 | |
135 |55 |0.0 | |7/2+ |2.3E+6 Y 3
135 |55 |249.767 |4 |5/2+ |0.28 NS 8
135 |55 |408.026 |5 | |
135 |55 |608.153 |8 |5/2+ |
135 |55 |786.838 |13 |11/2+ |
135 |55 |981.396 |19 | |
135 |55 |1062.385 |13 | |
135 |55 |1133 | | |
135 |55 |1192 | | |
135 |55 |1358 | | |
135 |55 |1632.9 | |19/2- |53 M 2
136 |55 |0.0 | |5+ |13.16 D 3
136 |55 |X | |8- |19 S 2
137 |55 |0.0 | |7/2+ |30.08 Y 9
137 |55 |455.491 |3 |5/2+ |0.1 NS LE
137 |55 |848.88 |4 | |
137 |55 |1184.69 |4 |(11/2+) |
137 |55 |1273.20 |6 | |
137 |55 |1490 |12 |1/2+ |
137 |55 |1564.11 |6 | |
137 |55 |1569.83 |4 | |
137 |55 |1574.83 |6 | |
137 |55 |1651.23 |6 | |
137 |55 |1671.69 |11 |(15/2+) |
137 |55 |1783.46 |5 | |
137 |55 |1867.86 |4 |9/2- |
137 |55 |1893.99 |15 |(17/2+) |
137 |55 |1916.27 |5 | |
137 |55 |2068.02 |6 |(3/2+,5/2+) |
137 |55 |2099.40 |9 | |
137 |55 |2150 |17 |1/2+ |
137 |55 |2216.78 |22 | |
137 |55 |2367.83 |11 | |
137 |55 |2784.19 |18 |(21/2+) |
137 |55 |2795.92 |20 | |
137 |55 |2849.10 |12 | |
137 |55 |2850.03 |4 | |
137 |55 |2876.1 | |(19/2+) |
137 |55 |2945.17 |17 | |
137 |55 |3037.30 |7 | |
137 |55 |3104.15 |25 | |
137 |55 |3159.45 |20 | |
137 |55 |3168.1 | |(19/2+) |
137 |55 |3303.6 | |(19/2-) |
137 |55 |3377.46 |13 | |
137 |55 |3465.3 |3 |(23/2+) |
137 |55 |3496.39 |21 |(23/2-) |
137 |55 |3503.4 | |(21/2-) |
137 |55 |3584.10 |20 | |
137 |55 |3694.1 |3 | |
137 |55 |3736.7 |5 | |
137 |55 |3786.92 |18 | |
137 |55 |3823.96 |20 | |
137 |55 |3907.2 |4 | |
137 |55 |3937.7 |7 | |
137 |55 |3938.8 |4 | |
137 |55 |3952.40 |8 | |
137 |55 |3955.7 |6 | |
137 |55 |3976.5 |8 | |
137 |55 |4117.6 | |(19/2+) |
137 |55 |4291.0 | |(21/2+) |
137 |55 |4351.6 |4 |(23/2+) |
137 |55 |4408.30 |23 |(27/2-) |
137 |55 |4776.6 |4 |(25/2+) |
137 |55 |5023.0 |3 |(29/2-) |
137 |55 |5494.2 |5 |(31/2-) |
137 |55 |10195 |20 |(7/2-) |
137 |55 |10794 |20 |(3/2-) |
137 |55 |11173 |20 |(1/2-) |
137 |55 |11421 |20 |(9/2-) |
137 |55 |11498 |20 |(5/2-) |
137 |55 |11724 |20 |(7/2-) |
137 |55 |11940 |20 |(5/2-) |
137 |55 |12050 |20 |(3/2-) |
137 |55 |12140 |20 |(1/2-) |
137 |55 |12209 |20 |(5/2-) |
137 |55 |12399 |20 |(1/2-) |
137 |55 |12479 |20 |(5/2-) |
137 |55 |12698 |20 |(3/2-) |
137 |55 |12788 |20 |(1/2-) |
138 |55 |0.0 | |3- |33.41 M 18
138 |55 |10.86 |3 |2- |
138 |55 |15.744 |21 |(1)- |
138 |55 |79.9 |3 |6- |2.91 M 8
138 |55 |258.400 |19 |1-,2- |
138 |55 |335.37 |8 | |
138 |55 |403.72 |15 | |
138 |55 |412.260 |19 |1- |
138 |55 |450.32 |5 |0-,1- |
138 |55 |540.99 |4 | |
138 |55 |555.98 |9 |1-,2- |
138 |55 |691.15 |11 |1-,2- |
138 |55 |912.47 |4 |(1-,2) |
138 |55 |952.08 |6 |(0-,1) |
138 |55 |1109.58 |5 |(0-,1) |
138 |55 |1157.38 |6 | |
138 |55 |1160.93 |7 |(1-,2) |
138 |55 |1205.25 |10 |(1-,2-) |
138 |55 |1372.14 |18 | |
138 |55 |1488.88 |11 | |
138 |55 |1537.92 |21 | |
138 |55 |1559.57 |13 | |
138 |55 |1794.06 |12 |(0-,1) |
138 |55 |2022.22 |16 |(0-,1) |
138 |55 |2026.73 |5 |1+ |
138 |55 |2263.12 |7 |1+ |
138 |55 |2337.64 |7 |1+ |
138 |55 |2491.01 |14 |1+ |
139 |55 |0.0 | |7/2+ |9.27 M 5
139 |55 |218.644 |25 |5/2+,7/2+ |
139 |55 |289.76 |4 |3/2+,5/2,7/2+ |
139 |55 |393.48 |4 |5/2(+),7/2+ |
139 |55 |393.79 |11 |3/2,5/2,7/2+ |
139 |55 |515.22 |4 |3/2(+),5/2(+) |
139 |55 |595.43 |13 | |
139 |55 |601.5 | | |
139 |55 |646.52 |6 |3/2,5/2,7/2+ |
139 |55 |710.29 |12 | |
139 |55 |732.38 |4 |3/2+,5/2,7/2+ |
139 |55 |891.58 |6 |3/2,5/2,7/2+ |
139 |55 |942.54 |5 |3/2,5/2,7/2+ |
139 |55 |1006.73 |6 |1/2,3/2,5/2 |
139 |55 |1020.30 |6 |3/2,5/2,7/2+ |
139 |55 |1037.27 |9 | |
139 |55 |1070.9 | | |
139 |55 |1139.11 |8 | |
139 |55 |1145.8 | | |
139 |55 |1215.02 |16 | |
139 |55 |1395.25 |9 | |
139 |55 |1411.7 |3 | |
139 |55 |1461.31 |8 | |
139 |55 |1498.8 | | |
139 |55 |1508.24 |8 | |
139 |55 |1510.33 |24 | |
139 |55 |1599.99 |11 | |
139 |55 |1652.75 |6 | |
139 |55 |1693.92 |19 | |
139 |55 |1718.43 |9 | |
139 |55 |1721.94 |24 | |
139 |55 |1735.7 | | |
139 |55 |1738.69 |6 | |
139 |55 |1793.2 |4 | |
139 |55 |1816.5 |4 |3/2,5/2,7/2+ |
139 |55 |1831.4 |3 | |
139 |55 |2063.60 |11 |3/2,5/2,7/2+ |
139 |55 |2099.62 |16 | |
139 |55 |2103.8 |4 |3/2,5/2,7/2+ |
139 |55 |2119.64 |14 | |
139 |55 |2185.58 |5 |1/2,3/2,5/2 |
139 |55 |2238.8 | | |
139 |55 |2304.71 |8 |3/2,5/2 |
139 |55 |2328.77 |6 |3/2,5/2 |
139 |55 |2372.95 |8 |1/2,3/2,5/2 |
139 |55 |2423.5 |4 |3/2,5/2,7/2+ |
139 |55 |2432.44 |24 | |
139 |55 |2491.6 | | |
139 |55 |2510.46 |7 |3/2,5/2 |
139 |55 |2586.06 |10 |1/2,3/2,5/2 |
139 |55 |2620.60 |9 |1/2,3/2,5/2 |
139 |55 |2727.63 |17 | |
139 |55 |2754.13 |17 |3/2,5/2 |
139 |55 |2797.55 |12 |1/2,3/2,5/2 |
139 |55 |2852.31 |16 |1/2,3/2,5/2 |
139 |55 |2936.84 |21 |3/2,5/2 |
139 |55 |2966.2 | | |
139 |55 |2967.46 |11 |1/2,3/2,5/2 |
139 |55 |2980.45 |23 |1/2,3/2,5/2 |
139 |55 |3130.33 |23 |1/2,3/2,5/2 |
139 |55 |3146.7 |3 |3/2,5/2 |
139 |55 |3156.08 |23 |3/2,5/2 |
139 |55 |3208.83 |17 |1/2,3/2,5/2 |
139 |55 |3372.72 |18 |1/2,3/2,5/2 |
139 |55 |3375.40 |17 |3/2,5/2 |
139 |55 |3504.67 |13 |3/2,5/2 |
139 |55 |3745.5 |3 |1/2,3/2,5/2 |
139 |55 |3776.00 |12 |1/2,3/2,5/2 |
139 |55 |3815.23 |22 |1/2,3/2,5/2 |
139 |55 |3924.74 |21 |1/2,3/2,5/2 |
139 |55 |4227.67 |22 |1/2-,3/2-,5/2- |
140 |55 |0.0 | |1- |63.7 S 3
140 |55 |13.931 |21 |(2)- |471 NS 51
140 |55 |64.756 |23 |(3)- |3.7 NS 3
140 |55 |80.118 |23 |1-,0- |2.7 NS LT
140 |55 |103.100 |21 |(2)- |7.3 NS LT
140 |55 |112.511 |23 |(2)- |2.3 NS LT
140 |55 |118.447 |20 |(2,1)- |2.4 NS LT
140 |55 |149.01 |9 |(3,4) |2.7 NS LT
140 |55 |159.5 |10 | |
140 |55 |212.06 |4 |2-,1-,0- |2.6 NS LT
140 |55 |223.56 |14 | |
140 |55 |232.08 |7 |(3)- |1.9 NS LT
140 |55 |294.91 |7 |(1,0)- |
140 |55 |345.06 |7 | |
140 |55 |438.63 |6 |(2,1)- |
140 |55 |514.82 |8 |(0,1) |
140 |55 |547.87 |6 |(1,2) |
140 |55 |622.03 |5 |(2)- |
140 |55 |653.36 |7 |0(-),1(-) |
140 |55 |754.1 |15 | |
140 |55 |774.13 |7 |(0-,1-,2-) |
140 |55 |800.38 |11 |(1,2) |
140 |55 |903.01 |13 | |
140 |55 |965.78 |9 |1(-) |
140 |55 |982.50 |14 | |
140 |55 |1081.77 |19 | |
140 |55 |1137.07 |6 |0,1 |
140 |55 |1159.71 |23 | |
140 |55 |1169.5 |3 | |
140 |55 |1193.6 |4 | |
140 |55 |1208.5 |17 | |
140 |55 |1289.20 |8 |0,1 |
140 |55 |1395.0 |17 | |
140 |55 |1427.58 |4 |1+ |
140 |55 |1772.0 |18 | |
140 |55 |1989.56 |24 | |
140 |55 |2158.6 |20 | |
140 |55 |2286.05 |22 | |
140 |55 |2324.31 |19 |1+ |
140 |55 |2405.7 |20 | |
140 |55 |2930.3 |22 | |
141 |55 |0.0 | |7/2+ |24.84 S 16
141 |55 |69.05 |3 |(3/2)+ |23.3 NS 7
141 |55 |105.94 |1 |5/2+ |8.7 NS 2
141 |55 |116.82 |7 | |
141 |55 |187.76 |4 |+ |1.9 NS LT
141 |55 |206.65 |6 | |2.1 NS LT
141 |55 |369.5 |1 |11/2+ |
141 |55 |389.00 |4 |9/2+ |
141 |55 |468.00 |4 |+ |
141 |55 |492.80 |6 | |
141 |55 |557.1 |2 |+ |
141 |55 |644.2 |2 |+ |
141 |55 |668.7 |4 | |
141 |55 |801.0 |3 | |
141 |55 |843.1 |4 | |
141 |55 |850.7 |4 |15/2+ |
141 |55 |862.4 |3 |13/2+ |
141 |55 |975.2 |7 | |
141 |55 |979.8 |3 | |
141 |55 |1097.1 |3 |7/2(-),5/2(-) |
141 |55 |1121.0 |1 | |
141 |55 |1134.3 |4 | |
141 |55 |1195.5 |6 | |
141 |55 |1338.7 |7 | |
141 |55 |1482.9 |4 |19/2+ |
141 |55 |1488.9 |4 |17/2+ |
141 |55 |1549.9 |4 |(15/2-) |
141 |55 |1556.6 |8 |5/2(-),7/2(-) |
141 |55 |1577.2 |5 | |
141 |55 |1632.3 |4 |(17/2-) |
141 |55 |1661.0 |4 |(17/2) |
141 |55 |1941.5 |4 |(19/2-) |
141 |55 |2000.8 |4 |(19/2) |
141 |55 |2086.8 |4 |21/2(-) |
141 |55 |2113.5 |4 |21/2+ |
141 |55 |2131.3 |4 |23/2+ |
141 |55 |2285.4 |5 |(23/2+) |
141 |55 |2466.0 |4 |(23/2-) |
141 |55 |2649.5 |4 |(23/2) |
141 |55 |2675.5 |4 |25/2(-) |
141 |55 |2784.6 |5 |(25/2+) |
141 |55 |2789.5 |5 |(27/2+) |
141 |55 |2994.9 |4 |(27/2-) |
141 |55 |3056.6 |5 |(27/2+) |
141 |55 |3332.8 |5 |(27/2) |
141 |55 |3345.5 |5 |29/2(-) |
141 |55 |3501.8 |6 |(31/2+) |
141 |55 |3504.5 |6 |(29/2+) |
141 |55 |3603.2 |5 |(31/2-) |
141 |55 |4273.0 |6 |(35/2-) |
141 |55 |4345.7 |7 |(35/2+) |
142 |55 |0.0 | |0- |1.684 S 14
142 |55 |12.929 |20 | |
142 |55 |39.436 |20 | |
142 |55 |70.58 |15 | |
142 |55 |85.41 |6 | |
142 |55 |204.000 |19 | |
142 |55 |210.113 |21 | |
142 |55 |242.89 |6 | |
142 |55 |250.70 |7 | |
142 |55 |304.42 |6 | |
142 |55 |419.34 |8 | |
142 |55 |598.14 |9 | |
142 |55 |600.07 |16 | |
142 |55 |657.17 |3 | |
142 |55 |718.86 |9 | |
142 |55 |732.63 |7 | |
142 |55 |757.42 |9 | |
142 |55 |777.01 |11 | |
142 |55 |886.65 |14 | |
142 |55 |944.33 |4 | |
142 |55 |1066.96 |16 | |
142 |55 |1068.26 |16 | |
142 |55 |1089.94 |11 | |
142 |55 |1195.49 |7 | |
142 |55 |1312.38 |5 | |
142 |55 |1614.53 |8 | |
142 |55 |1875.76 |12 | |
142 |55 |1961.32 |14 | |
142 |55 |1984.61 |24 | |
142 |55 |2095.5 |6 | |
142 |55 |2281.79 |25 | |
142 |55 |2500.04 |13 | |
142 |55 |0+X | |J(-) |
142 |55 |25.51+X |24 |J+1(-) |
142 |55 |96.69+X |24 |J+2(-) |
142 |55 |122.9+X |3 |J+3(-) |11 NS 3
142 |55 |315.0+X |4 |J+4(-) |
142 |55 |328.5+X |4 |J+5(-) |
142 |55 |723.6+X |4 |J+6(-) |
142 |55 |733.3+X |4 |J+7(-) |
142 |55 |1073.1+X | |J+5(+) |
142 |55 |1150.2+X | |J+6(+) |
142 |55 |1272.4+X |5 |J+8(-) |
142 |55 |1278.2+X |5 |J+9(-) |
142 |55 |1342.4+X |5 |J+7(+) |
142 |55 |1449.1+X |5 |J+8(+) |
142 |55 |1652.8+X |5 | |
142 |55 |1730.0+X |5 |J+9(+) |
142 |55 |1793.7+X |5 | |
142 |55 |1862.6+X |5 |J+10(+) |
142 |55 |1974.5+X |5 |J+10(-) |
142 |55 |1978.2+X |5 |J+11(-) |
142 |55 |1995.4+X |5 | |
142 |55 |2233.2+X |5 |J+11(+) |
142 |55 |2322.6+X |5 | |
142 |55 |2399.9+X |5 |J+12(+) |
142 |55 |2731.1+X | |J+12(-) |
142 |55 |2765.4+X |6 |J+13(-) |
142 |55 |2785.1+X |5 | |
142 |55 |2849.0+X |6 |J+13(+) |
142 |55 |3078.4+X |6 |J+14(+) |
142 |55 |3363.3+X |6 | |
142 |55 |3554.3+X | |J+15(+) |
142 |55 |3661.8+X | |J+15(-) |
142 |55 |3862.3+X | |J+16(+) |
142 |55 |4001.3+X | | |
143 |55 |0 | |3/2+ |1.791 S 7
143 |55 |76.6 |3 |5/2+ |
143 |55 |90.3 |3 |7/2+ |
143 |55 |349.1 |3 |9/2+ |
143 |55 |372.4 |4 |11/2+ |
143 |55 |755.9 |4 |13/2+ |
143 |55 |769.1 |4 |15/2+ |
143 |55 |816.6 |4 |9/2- |
143 |55 |872.6 |4 |11/2- |
143 |55 |1072.1 |4 |13/2- |
143 |55 |1155.6 |4 |15/2- |
143 |55 |1182.3 |4 |13/2 |
143 |55 |1253.9 |4 |19/2+ |
143 |55 |1254.7 |4 |17/2+ |
143 |55 |1398.0 |4 |17/2- |
143 |55 |1549.9 |4 |19/2- |
143 |55 |1558.7 |4 |17/2 |
143 |55 |1803.1 |4 |21/2- |
143 |55 |1805.1 |5 |23/2+ |
143 |55 |1812.6 |4 |21/2+ |
143 |55 |2032.4 |5 |(23/2-) |
143 |55 |2052.8 |5 |(21/2) |
143 |55 |2294.1 |5 |(25/2-) |
143 |55 |2424.1 |6 |27/2+ |
143 |55 |2427.7 |5 |25/2+ |
143 |55 |2581.1 |6 | |
143 |55 |2627.1 |6 | |
143 |55 |2860.8 |6 | |
143 |55 |3086.8 |6 | |
143 |55 |3118.1 |6 | |
144 |55 |0.0 | |1(-) |0.994 S 6
144 |55 |42.8 |3 |(2-) |
144 |55 |92.2 |5 |(4-) |1.1 US 1
144 |55 |0+X | |J |
144 |55 |0+Y | |( 4) |1 S LT
144 |55 |107.9+X |6 |(J+1,J+2) |8 NS LE
144 |55 |222.7+X |6 |(J+2,J+4) |
144 |55 |486.2+X |7 |(J+4,J+6) |
144 |55 |890.9+X |8 |(J+6,J+8) |
144 |55 |1365.0+X |8 | |
145 |55 |0.0 | |3/2+ |0.587 S 5
145 |55 |88.7 | | |
145 |55 |203.8 | | |
145 |55 |359.4 | | |
145 |55 |550.8 | | |
145 |55 |742.8 | | |
145 |55 |1068.1 | | |
145 |55 |1510.8 | | |
146 |55 |0.0 | |1- |0.321 S 2
147 |55 |0.0 | |(3/2+) |0.230 S 1
148 |55 |0.0 | | |146 MS 6
149 |55 |0 | | |50 MS GT
150 |55 |0.0 | | |50 MS GT
151 |55 |0 | | |50 MS GT
