114 |56 |0 | |0+ |0.43 S +30-15
115 |56 |0.0 | |(5/2+) |0.45 S 5
116 |56 |0 | |0+ |1.3 S 2
117 |56 |0.0 | |(3/2) |1.75 S 7
118 |56 |0 | |0+ |5.5 S 2
118 |56 |194.0 | |(2+) |
118 |56 |554.0 | |(4+) |
118 |56 |1042.8 | |(6+) |
118 |56 |1636.0 | |(8+) |
118 |56 |1658.2 | |(5-) |
118 |56 |2012.4 | |(7-) |
118 |56 |2312.0 | |(10+) |
118 |56 |2488.2 | |(9-) |
118 |56 |3051.0 | |(12+) |
118 |56 |3072.2 | |(11-) |
118 |56 |3756.2 | |(13-) |
118 |56 |3836 | |(14+) |
118 |56 |4531 | |(15-) |
118 |56 |4660 | |(16+) |
118 |56 |5376 | |(17-) |
118 |56 |5532 | |(18+) |
118 |56 |6446 | |(20+) |
119 |56 |0.0 | |(5/2+) |5.4 S 3
119 |56 |0+X | |(3/2+) |
119 |56 |0+Y | |(5/2-) |
119 |56 |54.2+X |3 |(5/2+) |
119 |56 |60.5+Y |3 |(7/2-) |
119 |56 |85.1+X |3 |(5/2+) |
119 |56 |174.5+Y |3 |(9/2-) |
119 |56 |177.7+X |2 |(7/2+) |
119 |56 |267.5+Y |3 |(11/2-) |
119 |56 |339.7+X |3 |(9/2+) |
119 |56 |518.4+Y |5 |(13/2-) |
119 |56 |523.9+X |4 |(11/2+) |
119 |56 |631.5+Y |4 |(15/2-) |
119 |56 |751.6+X |4 |(13/2+) |
119 |56 |990.8+X |4 |(15/2+) |
119 |56 |1021.0+Y |4 |(17/2-) |
119 |56 |1144.0+Y |5 |(19/2-) |
119 |56 |1276.3+X |5 |(17/2+) |
119 |56 |1562.4+X |5 |(19/2+) |
119 |56 |1649.0+Y |5 |(21/2-) |
119 |56 |1779.6+Y |5 |(23/2-) |
119 |56 |1894.7+X |5 |(21/2+) |
119 |56 |2222.3+X |5 |(23/2+) |
119 |56 |2365.1+Y |5 |(25/2-) |
119 |56 |2508.3+Y |6 |(27/2-) |
119 |56 |2583.9+X |5 |(25/2+) |
119 |56 |2952.0+X |6 |(27/2+) |
119 |56 |3109.5+Y |6 |(29/2-) |
119 |56 |3295.7+Y |6 |(31/2-) |
119 |56 |3315.6+X |6 |(29/2+) |
119 |56 |3720.5+X |7 |(31/2+) |
119 |56 |3837.2+Y |6 |(33/2-) |
119 |56 |4110.4+X |7 |(33/2+) |
119 |56 |4113.6+Y |7 |(35/2-) |
119 |56 |4516.7+X |7 |(35/2+) |
119 |56 |4616.3+Y |7 |(37/2-) |
119 |56 |4966.3+Y |7 |(39/2-) |
119 |56 |5007.2+X |7 |(37/2+) |
119 |56 |5375.1+X |8 |(39/2+) |
119 |56 |5501.8+Y |7 |(41/2-) |
119 |56 |5884.1+Y |8 |(43/2-) |
119 |56 |6003.8+X |8 |(41/2+) |
119 |56 |6288.9+X |8 |(43/2+) |
119 |56 |6496.1+Y |8 |(45/2-) |
119 |56 |6886.2+Y |9 |(47/2-) |
119 |56 |7063.1+X |8 |(45/2+) |
119 |56 |7231.5+X |9 |(47/2+) |
119 |56 |7592.2+Y |9 |(49/2-) |
119 |56 |7978.5+Y |9 |(51/2-) |
119 |56 |8220.1+X |9 |(51/2+) |
119 |56 |8779.5+Y |9 |(53/2-) |
119 |56 |9154.9+Y |10 |(55/2-) |
119 |56 |9279.6+X |10 |(55/2+) |
119 |56 |10039.2+Y |10 |(57/2-) |
119 |56 |10361.9+Y |14 |(59/2-) |
119 |56 |10419.5+X |10 |(59/2+) |
119 |56 |10421.2+Y |10 |(59/2-) |
119 |56 |11409.3+Y |10 |(61/2-) |
119 |56 |11570.1+Y |14 |(63/2-) |
119 |56 |11599.9+Y |17 |(63/2-) |
119 |56 |11648.0+X |11 |(63/2+) |
119 |56 |12807.6+Y |15 |(67/2-) |
119 |56 |12964.2+X |11 |(67/2+) |
119 |56 |14145.1+Y |15 |(71/2-) |
119 |56 |14361.8+X |12 |(71/2+) |
119 |56 |15674.3+Y |15 |(75/2-) |
119 |56 |15837.5+X |12 |(75/2+) |
119 |56 |17415.5+X |12 |(79/2+) |
119 |56 |17451.1+Y |16 |(79/2-) |
119 |56 |19082.3+X |13 |(83/2+) |
120 |56 |0.0 | |0+ |24 S 2
120 |56 |186.0 |10 |(2+) |
120 |56 |544.0 |15 |(4+) |
120 |56 |1040.2 |17 |(6+) |
120 |56 |1645 | |(8+) |
120 |56 |1763.8 |17 |(5-) |
120 |56 |2104.7 |17 |(7-) |
120 |56 |2336 | |(10+) |
120 |56 |2566.8 |19 |(9-) |
120 |56 |3083 | |(12+) |
120 |56 |3137.8 |21 |(11-) |
120 |56 |3814.8 |24 |(13-) |
120 |56 |3856 | |(14+) |
120 |56 |4244 | |(14+) |
120 |56 |4588 |3 |(15-) |
120 |56 |4656 | |(16+) |
120 |56 |5064 | |(16+) |
120 |56 |5434 |3 |(17-) |
120 |56 |5517 | |(18+) |
120 |56 |5876 | | |
120 |56 |6455 | |(20+) |
120 |56 |6688 | |(20+) |
120 |56 |7471 | |(22+) |
120 |56 |7569 | |(22+) |
120 |56 |8502 | |(24+) |
120 |56 |8602 | |(24+) |
120 |56 |9548 | |(26+) |
120 |56 |9786 | |(26+) |
120 |56 |10668 | |(28+) |
120 |56 |11016 | |(28+) |
120 |56 |11872 | |(30+) |
120 |56 |12339 | |(30+) |
120 |56 |13160 | |(32+) |
120 |56 |13743 | |(32+) |
120 |56 |14510 | |(34+) |
120 |56 |15897 | |(36+) |
120 |56 |17378 | |(38+) |
120 |56 |18956 | |(40+) |
120 |56 |20601 | |(42+) |
121 |56 |0.0 | |5/2(+) |29.7 S 15
121 |56 |134.42 |21 |(7/2+) |
121 |56 |139.36 |23 |(5/2-) |
121 |56 |176.0 |3 |(7/2-) |
121 |56 |213.3 |4 | |
121 |56 |236.6 |5 | |
121 |56 |274.0 |4 |(9/2-) |
121 |56 |303.87 |23 |(9/2+) |
121 |56 |372.2 |4 |(11/2-) |
121 |56 |379.40 |22 |(3/2+) |
121 |56 |502.7 |3 |(11/2+) |
121 |56 |558.9 |3 |(5/2+) |
121 |56 |617.6 |4 |(13/2-) |
121 |56 |733.9 |3 |(13/2+) |
121 |56 |747.2 |4 |(15/2-) |
121 |56 |774.6 |3 |(7/2+) |
121 |56 |990.5 |4 |(15/2+) |
121 |56 |1024.1 |5 |(9/2+) |
121 |56 |1133.8 |5 |(17/2-) |
121 |56 |1270.2 |5 |(19/2-) |
121 |56 |1274.1 |4 |(17/2+) |
121 |56 |1289.9 |5 |(11/2+) |
121 |56 |1581.7 |5 |(19/2+) |
121 |56 |1598.0 |6 |(13/2+) |
121 |56 |1783.7 |5 |(21/2-) |
121 |56 |1890.7 |6 |(15/2+) |
121 |56 |1904.6 |5 |(21/2+) |
121 |56 |1912.4 |6 |(23/2-) |
121 |56 |2248.3 |6 |(17/2+) |
121 |56 |2254.1 |7 |(23/2+) |
121 |56 |2519.9 |6 |(25/2-) |
121 |56 |2534.9 |7 |(19/2+) |
121 |56 |2600.0 |6 |(25/2+) |
121 |56 |2640.2 |7 |(27/2-) |
121 |56 |2978.9 |9 |(27/2+) |
121 |56 |3127.6 |9 |(23/2+) |
121 |56 |3246.4 |7 |(29/2-) |
121 |56 |3322.4 |8 |(29/2+) |
121 |56 |3413.9 |8 |(31/2-) |
121 |56 |3725.0 |10 |(31/2+) |
121 |56 |3752.2 |10 |(27/2+) |
121 |56 |3919.5 |8 |(33/2-) |
121 |56 |4049.8 |9 |(33/2+) |
121 |56 |4209.4 |8 |(35/2-) |
121 |56 |4471.0 |11 |(31/2+) |
121 |56 |4471.1 |11 |(35/2+) |
121 |56 |4664.1 |9 |(37/2-) |
121 |56 |4826.9 |10 |(37/2+) |
121 |56 |5041.7 |9 |(39/2-) |
121 |56 |5260.6 |12 |(39/2+) |
121 |56 |5525.1 |11 |(41/2-) |
121 |56 |5690.7 |11 |(41/2+) |
121 |56 |5932.5 |9 |(43/2-) |
121 |56 |6136.1 |12 |(43/2+) |
121 |56 |6497.9 |11 |(45/2-) |
121 |56 |6654.5 |12 |(45/2+) |
121 |56 |6895.9 |11 |(47/2-) |
121 |56 |7114.2 |13 |(47/2+) |
121 |56 |7719.8 |13 |(49/2+) |
121 |56 |7938.9 |12 |(51/2-) |
121 |56 |9064.9 |13 |(55/2-) |
122 |56 |0.0 | |0+ |1.95 M 15
122 |56 |195.90 |20 |2+ |297 PS 27
122 |56 |568.6 |3 |(4+) |
122 |56 |618.2 |4 |(2+) |
122 |56 |939.5 |3 | |
122 |56 |1081.6 |3 |(6+) |
122 |56 |1167.8 |4 |(3+) |
122 |56 |1205.2 |4 |(4+) |
122 |56 |1271.6 |11 | |
122 |56 |1604.4 |4 |(5+) |
122 |56 |1701.8 |4 |(8+) |
122 |56 |1883.0 |4 |(5-) |
122 |56 |2141.7 |4 |(7+) |
122 |56 |2204.9 |4 |(7-) |
122 |56 |2298.3 |4 |(6-) |
122 |56 |2395.7 |4 |(10+) |
122 |56 |2640.4 |4 |(9-) |
122 |56 |2663.8 |4 |(8-) |
122 |56 |2693.7 |9 |(6-) |
122 |56 |2705.2 |7 |(6-) |
122 |56 |2713.6 |7 |(7-) |
122 |56 |2766.5 |4 |(9+) |
122 |56 |2804.9 |8 |(7-) |
122 |56 |2955.8 |10 |(8-) |
122 |56 |3117.8 |11 |(10-) |
122 |56 |3121.5 |5 |(12+) |
122 |56 |3154.9 |11 |(9-) |
122 |56 |3181.0 |4 |(11-) |
122 |56 |3392.6 |12 |(10-) |
122 |56 |3452.3 |5 |(11+) |
122 |56 |3669.4 |13 |(11-) |
122 |56 |3700.8 |15 |(12-) |
122 |56 |3827.4 |6 |(13-) |
122 |56 |3835.9 |5 |(14+) |
122 |56 |3981.4 |13 |(12-) |
122 |56 |4325.4 |14 |(13-) |
122 |56 |4396.8 |18 |(14-) |
122 |56 |4571.8 |6 |(16+) |
122 |56 |4572.2 |7 |(15-) |
122 |56 |4697.3 |15 |(14-) |
122 |56 |5096.6 |15 |(15-) |
122 |56 |5180.8 |21 |(16-) |
122 |56 |5379.6 |7 |(18+) |
122 |56 |5397.1 |8 |(17-) |
122 |56 |5516.8 |16 |(16-) |
122 |56 |5963.0 |17 |(17-) |
122 |56 |6034.8 |23 |(18-) |
122 |56 |6269.4 |8 |(20+) |
122 |56 |6284.9 |9 |(19-) |
122 |56 |6424.4 |18 |(18-) |
122 |56 |6910.0 |20 |(19-) |
122 |56 |6963.8 |25 |(20-) |
122 |56 |7236.9 |14 |(21-) |
122 |56 |7252.4 |13 |(22+) |
122 |56 |7408.4 |20 |(20-) |
122 |56 |7930.0 |22 |(21-) |
122 |56 |7984 |3 |(22-) |
122 |56 |8258.9 |17 |(23-) |
122 |56 |8328.4 |17 |(24+) |
122 |56 |8467.4 |23 |(22-) |
122 |56 |9033.0 |24 |(23-) |
122 |56 |9084 |3 |(24-) |
122 |56 |9361.9 |20 |(25-) |
122 |56 |9496.4 |19 |(26+) |
122 |56 |9612.4 |25 |(24-) |
122 |56 |10749.5 |22 |(28+) |
122 |56 |0+X |1 |J |
122 |56 |X+267.0 |8 |J+1 |
122 |56 |X+547.0 |8 |J+2 |
122 |56 |X+835.0 |10 |J+3 |
122 |56 |X+1118.9 |11 |J+4 |
122 |56 |X+1405.2 |12 |J+5 |
122 |56 |X+1706.4 |13 |J+6 |
122 |56 |X+2026.6 |13 |J+7 |
122 |56 |X+2369.9 |14 |J+8 |
122 |56 |X+2736.8 |15 |J+9 |
122 |56 |X+3129.8 |15 |J+10 |
122 |56 |X+3546.8 |16 |J+11 |
122 |56 |X+3991.8 |17 |J+12 |
122 |56 |X+4457.8 |17 |J+13 |
122 |56 |X+4949.8 |18 |J+14 |
122 |56 |X+5463.8 |20 |J+15 |
122 |56 |X+6010.8 |21 |J+16 |
123 |56 |0.0 | |5/2(+) |2.7 M 4
123 |56 |92.50 |10 |(7/2-) |40 NS AP
123 |56 |120.95 |8 |(1/2+) |0.83 US 6
123 |56 |153.61 |7 |(3/2+) |
123 |56 |169.01 |6 |(7/2+) |
123 |56 |202.32 |12 |(9/2-) |
123 |56 |328.00 |6 |(5/2+) |
123 |56 |335.52 |12 |(11/2-) |
123 |56 |374.22 |8 |(9/2+) |
123 |56 |397.49 |7 |(7/2+) |
123 |56 |460.70 |15 |(9/2+) |
123 |56 |482.30 |8 | |
123 |56 |564.26 |13 | |
123 |56 |582.28 |14 |(13/2-) |
123 |56 |612.57 |9 |(11/2+) |
123 |56 |695.27 |8 |(9/2+) |
123 |56 |721.18 |12 | |
123 |56 |756.5 |5 |(15/2-) |
123 |56 |790.89 |13 |(11/2+) |
123 |56 |799.21 |13 | |
123 |56 |878.3 |7 |(13/2+) |
123 |56 |1090.95 |10 | |
123 |56 |1136.3 |5 |(17/2-) |
123 |56 |1172.8 |8 |(15/2+) |
123 |56 |1325.4 |7 |(19/2-) |
123 |56 |1483.4 |9 |(17/2+) |
123 |56 |1820.2 |10 |(19/2+) |
123 |56 |1831.1 |8 |(21/2-) |
123 |56 |2019.5 |9 |(23/2-) |
123 |56 |2107.3 |11 |(21/2+) |
123 |56 |2518.2 |12 |(23/2+) |
123 |56 |2616.6 |10 |(25/2-) |
123 |56 |2800.8 |10 |(27/2-) |
123 |56 |2817.2 |13 |(25/2+) |
123 |56 |3243 |1 |(27/2+) |
123 |56 |3353.0 |12 |(29/2-) |
123 |56 |3534 | |(29/2+) |
123 |56 |3594.1 |12 |(31/2-) |
123 |56 |4002.5 |13 |(33/2-) |
123 |56 |4363.3 |14 |(35/2-) |
123 |56 |4765.4 |15 |(37/2-) |
123 |56 |5213.4 |15 |(39/2-) |
123 |56 |5674.4 |16 |(41/2-) |
123 |56 |6176.4 |17 |(43/2-) |
123 |56 |6718.4 |19 |(45/2-) |
123 |56 |7245.4 |20 |(47/2-) |
123 |56 |7882.4 |22 |(49/2-) |
123 |56 |8402.4 |22 |(51/2-) |
123 |56 |9133 | |(53/2-) |
123 |56 |9607.4 |24 |(55/2-) |
123 |56 |10841 |3 |(59/2-) |
123 |56 |12148 |3 |(63/2-) |
123 |56 |13551 |3 |(67/2-) |
124 |56 |0.0 | |0+ |11.0 M 5
124 |56 |229.91 |10 |2+ |191 PS 8
124 |56 |651.66 |13 |4+ |
124 |56 |873.20 |12 |2+ |
124 |56 |898.0 |10 |0+ |
124 |56 |1071.3 |10 |0+ |
124 |56 |1162.04 |14 |(3+) |
124 |56 |1228.39 |14 |6+ |
124 |56 |1324.78 |13 |4+ |
124 |56 |1353.3 |10 |(2+) |
124 |56 |1356.9 |10 |0+ |
124 |56 |1672.25 |16 |(5)+ |
124 |56 |1722.1 |8 |(3-) |
124 |56 |1858.14 |15 |(6)+ |
124 |56 |1912.92 |20 |5- |
124 |56 |1923.25 |16 |8+ |
124 |56 |2034.2 |3 |(4-) |
124 |56 |2261.79 |16 |(7)- |
124 |56 |2267.08 |19 |5- |
124 |56 |2285.31 |19 |(7+) |
124 |56 |2359.46 |18 |(6)- |
124 |56 |2479.03 |18 |(8+) |
124 |56 |2497.6 |3 |(6-) |
124 |56 |2647.47 |24 |(7-) |
124 |56 |2687.50 |20 |(10+) |
124 |56 |2690.8 |3 |(7-) |
124 |56 |2704.91 |18 |(8)- |
124 |56 |2721.65 |18 |(9)- |
124 |56 |2906.5 |3 |(8-) |
124 |56 |2975.18 |21 |(9+) |
124 |56 |3095.8 |4 |(7-) |
124 |56 |3109.8 |3 |(9-) |
124 |56 |3156.76 |24 |(10-) |
124 |56 |3177.1 |5 |(10+) |
124 |56 |3286.91 |19 |(11)- |
124 |56 |3335.5 |4 |(10-) |
124 |56 |3436.2 |3 |(12+) |
124 |56 |3591.6 |4 |(11-) |
124 |56 |3691.8 |4 |(12+) |
124 |56 |3694.0 |3 |(11+) |
124 |56 |3772.6 |4 |(12-) |
124 |56 |3829.5 |11 |(11) |
124 |56 |3891.5 |5 |(12-) |
124 |56 |3968.21 |22 |(13)- |
124 |56 |4125.9 |4 |(14+) |
124 |56 |4228.0 |5 |(13-) |
124 |56 |4381.8 |8 |(11+) |
124 |56 |4407.3 |4 |(14+) |
124 |56 |4534.3 |6 |(14-) |
124 |56 |4551.5 |10 |(12+) |
124 |56 |4603.8 |5 |(14-) |
124 |56 |4761.8 |3 |(15-) |
124 |56 |4766.3 |10 |(13+) |
124 |56 |4892.5 |6 |(16+) |
124 |56 |5009.7 |5 |(15-) |
124 |56 |5027.3 |10 |(14+) |
124 |56 |5215.8 |6 |(16+) |
124 |56 |5329.1 |10 |(15+) |
124 |56 |5392.4 |7 |(16-) |
124 |56 |5446.0 |6 |(16-) |
124 |56 |5638.9 |5 |(17-) |
124 |56 |5668.0 |11 |(16+) |
124 |56 |5725.0 |7 |(17+) |
124 |56 |5763.2 |7 |(18+) |
124 |56 |5905.8 |7 |(17-) |
124 |56 |6044.8 |11 |(17+) |
124 |56 |6080.4 |7 |(18+) |
124 |56 |6189.6 |6 |(18+) |
124 |56 |6290.4 |8 |(18-) |
124 |56 |6383.0 |7 |(18-) |
124 |56 |6452.9 |11 |(18+) |
124 |56 |6556.0 |7 |(19-) |
124 |56 |6581.3 |4 |(19+) |
124 |56 |6704.0 |7 |(18) |
124 |56 |6711.1 |8 |(20+) |
124 |56 |6870.8 |8 |(19-) |
124 |56 |6896.9 |12 |(19+) |
124 |56 |6999.4 |8 |(20+) |
124 |56 |7081.5 |6 |(20+) |
124 |56 |7229.9 |9 |(20-) |
124 |56 |7362.9 |13 |(20+) |
124 |56 |7366.0 |8 |(20-) |
124 |56 |7499.9 |5 |(21+) |
124 |56 |7502.6 |8 |(21-) |
124 |56 |7716.4 |9 |(22+) |
124 |56 |7863.8 |13 |(21+) |
124 |56 |7876.4 |10 |(21-) |
124 |56 |7983.4 |9 |(22+) |
124 |56 |8098.3 |6 |(22+) |
124 |56 |8262.5 |7 |(22-) |
124 |56 |8369.2 |14 |(22+) |
124 |56 |8408.2 |10 |(22-) |
124 |56 |8483.5 |5 |(23+) |
124 |56 |8512.4 |9 |(23-) |
124 |56 |8794.4 |10 |(24+) |
124 |56 |8904.4 |15 |(23+) |
124 |56 |8910.4 |12 |(23-) |
124 |56 |9053.4 |10 |(24+) |
124 |56 |9176.9 |7 |(24+) |
124 |56 |9380.1 |9 |(24-) |
124 |56 |9427.7 |16 |(24+) |
124 |56 |9525.3 |12 |(24-) |
124 |56 |9561.8 |8 |(25+) |
124 |56 |9613.1 |10 |(25-) |
124 |56 |9916.4 |8 |(25) |
124 |56 |9950.7 |10 |(26+) |
124 |56 |9975.0 |16 |(25+) |
124 |56 |9981.2 |13 |(25-) |
124 |56 |10220.0 |7 |(26+) |
124 |56 |10308.3 |9 |(26+) |
124 |56 |10519.6 |17 |(26+) |
124 |56 |10561.3 |11 |(26-) |
124 |56 |10703.7 |13 |(26-) |
124 |56 |10746.6 |10 |(27+) |
124 |56 |10811.9 |11 |(27-) |
124 |56 |11067.7 |10 |(27) |
124 |56 |11077.4 |17 |(27+) |
124 |56 |11115.4 |11 |(26) |
124 |56 |11182.5 |11 |(28+) |
124 |56 |11471.8 |9 |(28+) |
124 |56 |11522.5 |11 |(28+) |
124 |56 |11648.9 |18 |(28+) |
124 |56 |11753.3 |13 |(28-) |
124 |56 |12029.5 |12 |(29+) |
124 |56 |12116.4 |12 |(29-) |
124 |56 |12242.3 |18 |(29+) |
124 |56 |12288.9 |12 |(29) |
124 |56 |12491.3 |12 |(30+) |
124 |56 |12733.0 |11 |(30+) |
124 |56 |12820.4 |13 |(30+) |
124 |56 |12859.8 |19 |(30+) |
124 |56 |12959.8 |14 |(30-) |
124 |56 |13348.3 |13 |(30) |
124 |56 |13406.5 |13 |31+ |
124 |56 |13491.8 |19 |(31+) |
124 |56 |13517.2 |13 |(31-) |
124 |56 |13590.3 |13 |(31) |
124 |56 |13880.4 |13 |(32+) |
124 |56 |14057.6 |12 |(32+) |
124 |56 |14184.1 |15 |(32-) |
124 |56 |14190.5 |14 |(32+) |
124 |56 |14755.2 |14 |(32) |
124 |56 |14832.4 |20 |(33+) |
124 |56 |14881.2 |15 |(33+) |
124 |56 |14979.4 |15 |(33) |
124 |56 |15003.7 |15 |(33-) |
124 |56 |15335.4 |13 |(34+) |
124 |56 |15459.2 |14 |(34+) |
124 |56 |15475.0 |17 |(34-) |
124 |56 |15618.0 |15 |(34+) |
124 |56 |16029.2 |15 |(34) |
124 |56 |16280.4 |21 |(35+) |
124 |56 |16425.4 |16 |(35+) |
124 |56 |16461.2 |16 |(35) |
124 |56 |16775.3 |13 |(36+) |
124 |56 |16914.4 |13 |(36+) |
124 |56 |16943.5 |15 |(36+) |
124 |56 |17111.3 |17 |(36+) |
124 |56 |17435.2 |16 |(36) |
124 |56 |18040.9 |17 |(37) |
124 |56 |18045.0 |17 |(37+) |
124 |56 |18069.7 |14 |(38+) |
124 |56 |18143.7 |14 |(38+) |
124 |56 |18525.3 |14 |(38+) |
124 |56 |18649.1 |18 |(38+) |
124 |56 |18909.2 |17 |(38) |
124 |56 |19720.6 |18 |(39) |
124 |56 |20483.3 |18 |(40) |
124 |56 |21501.5 |19 |(41) |
124 |56 |22150.1 |19 |(42) |
124 |56 |23384.7 |20 |(43) |
124 |56 |25371.1 |21 |(45) |
125 |56 |0.0 | |1/2(+) |3.3 M 3
125 |56 |0.0+X | |(5/2+) |
125 |56 |43.69 |13 |(3/2+) |0.7 NS 2
125 |56 |67.7+X |4 |(7/2-) |2.76 US 14
125 |56 |166.4+X |4 |(9/2-) |
125 |56 |168.62+X |9 |(7/2+) |
125 |56 |237.40 |10 |(5/2+) |
125 |56 |300.4+X |4 |(11/2-) |
125 |56 |325.90 |13 |(7/2+) |
125 |56 |384.92+X |11 |(9/2+) |
125 |56 |572.9+X |4 |(13/2-) |
125 |56 |639.43+X |12 |(11/2+) |
125 |56 |651.40 |14 | |
125 |56 |688.0+X |4 | |
125 |56 |702.4+X |4 | |
125 |56 |735.5+X |4 | |
125 |56 |751.1+X |4 |(15/2-) |
125 |56 |753.6+X |4 | |
125 |56 |763.31 |17 | |
125 |56 |841.9+X |4 | |
125 |56 |910.4+X |7 | |
125 |56 |931.29+X |17 |(13/2+) |
125 |56 |1163.1+X |4 |(17/2-) |
125 |56 |1242.8+X |4 |(15/2-) |
125 |56 |1253.00+X |21 |(15/2+) |
125 |56 |1284.20 |14 | |
125 |56 |1311.10 |16 | |
125 |56 |1354.8+X |4 |(19/2-) |
125 |56 |1603.45+X |24 |(17/2+) |
125 |56 |1803.2+X |4 |(19/2-) |
125 |56 |1901.5+X |4 |(21/2-) |
125 |56 |1970.4+X |5 |(19/2+) |
125 |56 |2085.8+X |4 |(23/2-) |
125 |56 |2350.4+X |6 |(21/2+) |
125 |56 |2402.3+X |5 |(23/2-) |
125 |56 |2474.1+X |8 |(21/2+) |
125 |56 |2678.8+X |6 |(23/2+) |
125 |56 |2747.7+X |4 |(25/2-) |
125 |56 |2911.6+X |5 |(27/2-) |
125 |56 |2942.7+X |7 |(25/2+) |
125 |56 |3222.7+X |7 |(27/2+) |
125 |56 |3532.8+X |7 |(29/2-) |
125 |56 |3554.7+X |9 |(29/2+) |
125 |56 |3693.7+X |11 |(29/2+) |
125 |56 |3769.7+X |7 |(31/2-) |
125 |56 |3873.7+X |10 |(31/2+) |
125 |56 |3912.9+X |8 |(31/2-) |
125 |56 |4168.9+X |8 |(33/2-) |
125 |56 |4291.7+X |11 |(33/2+) |
125 |56 |4565.6+X |8 |(35/2-) |
125 |56 |4668.7+X |12 |(35/2+) |
125 |56 |4747.7+X |12 |(35/2+) |
125 |56 |4964.8+X |10 |(37/2-) |
125 |56 |5154.7+X |15 |(37/2+) |
125 |56 |5458.3+X |11 |(39/2-) |
125 |56 |5607.7+X |16 |(39/2+) |
125 |56 |5928.5+X |12 |(41/2-) |
125 |56 |6467.5+X |13 |(43/2-) |
125 |56 |6679.7+X |19 |(43/2+) |
125 |56 |7021.5+X |14 |(45/2-) |
125 |56 |7574.5+X |16 |(47/2-) |
125 |56 |7800.7+X |21 |(47/2+) |
125 |56 |8201.5+X |17 |(49/2-) |
125 |56 |8760.5+X |19 |(51/2-) |
125 |56 |9946.5+X |22 |(55/2-) |
125 |56 |11178.5+X |24 |(59/2-) |
126 |56 |0.0 | |0+ |100 M 2
126 |56 |256.02 |6 |2+ |137 PS 7
126 |56 |711.10 |6 |4+ |5.98 PS 12
126 |56 |873.57 |6 |2+ |
126 |56 |983.45 |9 |0+ |
126 |56 |1236.24 |7 |3+ |
126 |56 |1295.99 |7 |2(+) |
126 |56 |1332.47 |8 |6+ |0.94 PS 4
126 |56 |1345.45 |7 |4+ |
126 |56 |1717.61 |9 |(2+) |
126 |56 |1742.57 |7 |3- |
126 |56 |1753.84 |14 |(2+,3,4+) |
126 |56 |1808.01 |10 |5(+) |
126 |56 |1810.16 |19 |(2+,3,4+) |
126 |56 |1876.71 |9 | |
126 |56 |1890.20 |9 |6(+) |
126 |56 |1936.29 |9 |1,3 |
126 |56 |1938.85 |7 |5- |
126 |56 |2018.30 |11 |(2+,3,4+) |
126 |56 |2029.83 |12 |0(+) |
126 |56 |2056.13 |8 |4- |
126 |56 |2089.67 |11 |8+ |0.28 PS 2
126 |56 |2100.34 |20 | |
126 |56 |2103.48 |12 | |
126 |56 |2117.25 |19 | |
126 |56 |2179.18 |9 |(2+,3,4+) |
126 |56 |2247.61 |10 |3-,5- |
126 |56 |2255.26 |8 |5 |
126 |56 |2303.43 |8 |7- |3.3 PS 11
126 |56 |2378.91 |12 | |
126 |56 |2386.02 |12 | |
126 |56 |2399.1 |4 |(2+,3,4+) |
126 |56 |2408.21 |11 |6(-) |
126 |56 |2429.61 |9 |6(-) |
126 |56 |2459.17 |10 | |
126 |56 |2484.7 |3 |7(+) |
126 |56 |2499.19 |8 |(3-,4+) |
126 |56 |2512.32 |11 |(4+,5,6+) |
126 |56 |2530.19 |13 |8(+) |
126 |56 |2566.36 |12 |(4+,5,6+) |
126 |56 |2567.0 |8 | |
126 |56 |2576.81 |9 |(3,4) |
126 |56 |2605.57 |9 | |
126 |56 |2609.37 |13 |7 |
126 |56 |2657.44 |11 |(2+,3,4+) |
126 |56 |2684.37 |8 |(4) |
126 |56 |2716.27 |10 |(4+,5,6+) |
126 |56 |2732.60 |9 |(3-,4,5+) |
126 |56 |2748.60 |10 |(4+,5,6+) |
126 |56 |2772.94 |15 |8(-) |
126 |56 |2786.61 |11 |9- |2.8 PS 3
126 |56 |2813.30 |14 |8(-) |
126 |56 |2872.09 |11 |(2,3,4) |
126 |56 |2886.5 |8 | |
126 |56 |2942.07 |13 |10+ |0.17 PS 2
126 |56 |2953.70 |8 |(2+,3,4+) |
126 |56 |3096.48 |16 |9 |
126 |56 |3108.0 |4 |(2+,3,4+) |
126 |56 |3185.6 |3 |(2+,3,4+) |
126 |56 |3236.62 |13 |10(-) |
126 |56 |3243.8 |15 | |
126 |56 |3261.48 |16 |10(+) |
126 |56 |3375.37 |13 |11- |1.4 PS 2
126 |56 |3389.7 |4 | |
126 |56 |3403.0 |5 |(2+,3,4+) |
126 |56 |3419.91 |19 |10(-) |
126 |56 |3450.5 |5 |(8) |
126 |56 |3484.8 |7 |(2+,3,4+) |
126 |56 |3588.8 |8 | |
126 |56 |3703.76 |18 |(2+,3,4+) |
126 |56 |3746.84 |23 |11 |
126 |56 |3747.40 |16 |12+ |0.40 PS 4
126 |56 |3758.9 |3 | |
126 |56 |3886.78 |24 | |
126 |56 |3887.86 |16 |12+ |
126 |56 |4074.09 |19 |12(+) |
126 |56 |4078.89 |16 |13- |0.3 PS 1
126 |56 |4093.3 |17 | |
126 |56 |4110.2 |3 |12(-) |
126 |56 |4121.4 |4 |(10) |
126 |56 |4419.63 |19 |14+ |0.69 PS 5
126 |56 |4456.9 |6 |13 |
126 |56 |4670.6 |4 |14(+) |
126 |56 |4713.9 |3 | |
126 |56 |4764.3 |8 | |
126 |56 |4845.7 |5 |14(-) |
126 |56 |4851.6 |7 |14(+) |
126 |56 |4856.3 |20 | |
126 |56 |4896.4 |11 | |
126 |56 |4900.27 |19 |15- |0.3 PS 1
126 |56 |4905.2 |7 |(13) |
126 |56 |5086.7 |11 | |
126 |56 |5122.2 |12 |(14) |
126 |56 |5199.8 |4 |15 |
126 |56 |5244.72 |21 |16+ |0.32 PS 5
126 |56 |5255.8 |8 | |
126 |56 |5398.2 |15 |(15) |
126 |56 |5509.6 |5 |16(+) |
126 |56 |5650.6 |13 | |
126 |56 |5662.5 |6 | |
126 |56 |5707.7 |9 |16(-) |
126 |56 |5725.2 |15 |(16) |
126 |56 |5806.39 |22 |17- |0.3 PS 1
126 |56 |6042.5 |4 |17 |
126 |56 |6098.2 |16 | |
126 |56 |6182.8 |11 | |
126 |56 |6195.2 |6 |18+ |0.5 PS LT
126 |56 |6415.6 |11 | |
126 |56 |6513.2 |16 | |
126 |56 |6530.6 |16 | |
126 |56 |6585.5 |12 | |
126 |56 |6700.7 |14 | |
126 |56 |6721.6 |3 |19(-) |
126 |56 |6968.2 |17 | |
126 |56 |6995.9 |8 | |
126 |56 |7183.2 |12 |20(+) |
126 |56 |7387.6 |15 | |
126 |56 |7461.2 |19 | |
126 |56 |7636.8 |4 |21(-) |
126 |56 |8145.2 |15 |22(+) |
126 |56 |8388.6 |18 | |
126 |56 |8621.8 |11 |23(-) |
126 |56 |9202.2 |18 | |
126 |56 |9700.8 |15 | |
126 |56 |10308.2 |21 | |
126 |56 |10872.8 |18 | |
126 |56 |11475.2 |23 | |
126 |56 |12132.8 |21 | |
126 |56 |12718 |3 | |
126 |56 |13469.8 |23 | |
126 |56 |14041 |3 | |
126 |56 |14878.8 |25 | |
126 |56 |15434 |3 | |
126 |56 |16895 |3 | |
126 |56 |X+0.0 | |(13) |
126 |56 |180.0+X |10 |(14) |
126 |56 |425.0+X |13 |(15) |
126 |56 |693.0+X |13 |(16) |
126 |56 |1012.0+X |14 |(17) |
126 |56 |1377.0+X |15 |(18) |
126 |56 |1773.0+X |16 |(19) |
126 |56 |2206.0+X |16 |(20) |
127 |56 |0.0 | |1/2+ |12.7 M 4
127 |56 |56.17 |9 |3/2+ |
127 |56 |80.32 |11 |7/2- |1.93 S 7
127 |56 |81.29 |13 |(5/2)+ |75 NS 4
127 |56 |159.66 |14 |(9/2)- |0.4 NS 2
127 |56 |195.56 |14 |(7/2)+ |
127 |56 |269.6 |3 |(5/2)+ |
127 |56 |293.91 |14 |(11/2)- |
127 |56 |324.26 |23 |(7/2)+ |
127 |56 |375.17 |23 |(7/2)+ |
127 |56 |415.89 |16 |(9/2)+ |
127 |56 |579.52 |17 |(13/2)- |
127 |56 |599.36 |25 |(9/2+) |
127 |56 |669.11 |17 |(11/2)+ |
127 |56 |715.3 |6 | |
127 |56 |728.5 |4 |(9/2+) |
127 |56 |777.07 |18 |(15/2-) |
127 |56 |805.1 |6 | |
127 |56 |832.5 |4 | |
127 |56 |868.2 |3 |(11/2+) |
127 |56 |876.9 |4 | |
127 |56 |906.5 |3 |(11/2+) |
127 |56 |963.85 |18 |(13/2+) |
127 |56 |987.3 |4 | |
127 |56 |991.2 |4 | |
127 |56 |1194.77 |20 |(17/2-) |
127 |56 |1219.56 |23 |(15/2-) |
127 |56 |1230.5 |6 |(13/2+) |
127 |56 |1291.42 |19 |(15/2+) |
127 |56 |1305.3 |4 | |
127 |56 |1403.3 |4 | |
127 |56 |1410.4 |4 | |
127 |56 |1421.68 |21 |(19/2-) |
127 |56 |1519.9 |3 |(15/2+) |
127 |56 |1626 |5 | |
127 |56 |1654.56 |20 |(17/2+) |
127 |56 |1674.0 |4 | |
127 |56 |1764.72 |14 | |
127 |56 |1777.6 |3 |(19/2-) |
127 |56 |1790.6 |3 | |
127 |56 |1881 |5 | |
127 |56 |1961.2 |4 | |
127 |56 |1966.81 |24 |(21/2-) |
127 |56 |2043.39 |22 |(19/2+) |
127 |56 |2196.1 |3 |(23/2-) |
127 |56 |2244.4 |4 |(19/2+) |
127 |56 |2305.2 |4 |(19/2+) |
127 |56 |2351.9 |4 | |
127 |56 |2451.77 |23 |(21/2+) |
127 |56 |2463.6 |3 |(23/2-) |
127 |56 |2497.54 |24 |(21/2+) |
127 |56 |2737.43 |25 |(23/2+) |
127 |56 |2863.4 |11 |(23/2+) |
127 |56 |2869.1 |3 |(25/2-) |
127 |56 |2874.5 |4 |(23/2+) |
127 |56 |2923.2 |5 |(23/2+) |
127 |56 |2998.2 |3 |(25/2+) |
127 |56 |3059.2 |4 |(27/2-) |
127 |56 |3137.9 |4 |(25/2+) |
127 |56 |3273.8 |6 |(27/2-) |
127 |56 |3287.0 |3 |(27/2+) |
127 |56 |3401.0 |5 | |
127 |56 |3482.0 |4 |(27/2+) |
127 |56 |3518.4 |4 |(27/2-) |
127 |56 |3622.2 |3 |(29/2+) |
127 |56 |3755.9 |4 |(29/2-) |
127 |56 |3791.0 |4 |(29/2+) |
127 |56 |3949.7 |3 |(31/2+) |
127 |56 |3957.0 |4 |(31/2-) |
127 |56 |4102.5 |4 |(31/2-) |
127 |56 |4217.1 |8 |(31/2-) |
127 |56 |4226.4 |5 |(31/2+) |
127 |56 |4365.2 |4 |(33/2+) |
127 |56 |4408.2 |5 |(33/2-) |
127 |56 |4578.5 |4 |(33/2+) |
127 |56 |4746.0 |5 |(35/2+) |
127 |56 |4816.7 |5 |(35/2-) |
127 |56 |4904.0 |6 |(35/2-) |
127 |56 |5131.3 |5 |(35/2+) |
127 |56 |5213.5 |6 |(37/2-) |
127 |56 |5228.1 |13 |(35/2-) |
127 |56 |5228.1 |5 |(37/2+) |
127 |56 |5256.1 |13 |(35/2-) |
127 |56 |5512.4 |10 |(37/2+) |
127 |56 |5675.5 |7 |(39/2+) |
127 |56 |5741.7 |6 |(39/2-) |
127 |56 |5920.9 |10 |(39/2-) |
127 |56 |6203.0 |8 |(41/2+) |
127 |56 |6222.1 |8 |(41/2-) |
127 |56 |6320.1 |17 |(39/2-) |
127 |56 |6379.1 |17 |(39/2-) |
127 |56 |6552.4 |11 |(41/2+) |
127 |56 |6726.1 |9 |(43/2+) |
127 |56 |6762.7 |9 |(43/2-) |
127 |56 |7002.8 |9 |(43/2-) |
127 |56 |7277.4 |10 |(45/2+) |
127 |56 |7309.4 |10 |(45/2-) |
127 |56 |7465.1 |19 |(43/2-) |
127 |56 |7590.1 |19 |(43/2-) |
127 |56 |7632.4 |15 |(45/2+) |
127 |56 |7865.8 |10 |(47/2-) |
127 |56 |7881.7 |11 |(47/2+) |
127 |56 |8193.8 |14 |(47/2-) |
127 |56 |8429.6 |12 |(49/2+) |
127 |56 |8459.1 |11 |(49/2-) |
127 |56 |8756.4 |18 |(49/2+) |
127 |56 |8886.1 |22 |(47/2-) |
127 |56 |9034.9 |12 |(51/2-) |
127 |56 |9120.6 |13 |(51/2+) |
127 |56 |9440.8 |17 |(51/2-) |
127 |56 |9617.6 |14 |(53/2+) |
127 |56 |9677.2 |13 |(53/2-) |
127 |56 |9967.4 |21 |(53/2+) |
127 |56 |10192.1 |24 |(51/2-) |
127 |56 |10257.5 |14 |(55/2-) |
127 |56 |10440.6 |16 |(55/2+) |
127 |56 |10776.8 |20 |(55/2-) |
127 |56 |10822.6 |17 |(57/2+) |
127 |56 |10952.3 |15 |(57/2-) |
127 |56 |11266.4 |23 |(57/2+) |
127 |56 |11499.5 |17 |(59/2-) |
127 |56 |12086.6 |20 |(61/2+) |
127 |56 |12273.3 |18 |(61/2-) |
127 |56 |12817.5 |20 |(63/2-) |
127 |56 |13476.6 |22 |(65/2+) |
128 |56 |0.0 | |0+ |2.43 D 5
128 |56 |284.00 |8 |2+ |105 PS 9
128 |56 |763.31 |11 |4+ |5.34 PS 24
128 |56 |884.50 |12 |2+ |3.4 PS 4
128 |56 |942.2 |6 |0+ |
128 |56 |1321.1 |5 |2+ |
128 |56 |1324.38 |15 |3+ |
128 |56 |1372.32 |13 |4+ |3.3 PS 3
128 |56 |1406.87 |18 |6+ |1.33 PS 12
128 |56 |1710.0 |10 |0+ |
128 |56 |1799.55 |17 |(3-,4) |
128 |56 |1833.75 |19 |(3-,4) |
128 |56 |1907.5 |5 | |
128 |56 |1931.34 |22 |5+ |
128 |56 |1939.32 |19 |6+ |1.86 PS 22
128 |56 |2008.9 |5 | |
128 |56 |2039.38 |23 |(3-,4) |
128 |56 |2039.47 |19 |5- |1.11 PS 17
128 |56 |2175.6 |3 | |
128 |56 |2188.50 |19 |8+ |0.53 PS 7
128 |56 |2192.5 |6 | |
128 |56 |2203.4 |3 |(3-,4) |
128 |56 |2218.8 |5 |0+ |
128 |56 |2246.7 |5 | |
128 |56 |2347.2 |5 |(0+,1+) |
128 |56 |2395.79 |23 |(7)- |6.1 NS 2
128 |56 |2412.85 |19 |7- |3.6 PS 3
128 |56 |2425.44 |16 |(4-,5+) |
128 |56 |2451.4 |3 | |
128 |56 |2474.0 |10 | |
128 |56 |2531.5 |4 | |
128 |56 |2571.4 |4 | |
128 |56 |2600.25 |20 |8+ |0.8 PS 3
128 |56 |2612.80 |25 |(8)- |119 PS 5
128 |56 |2626.9 |5 | |
128 |56 |2627.1 |5 | |
128 |56 |2629.0 |10 |0+ |
128 |56 |2631.3 |5 |7+ |
128 |56 |2669.5 |6 | |
128 |56 |2721.0 |4 |(5,6+) |
128 |56 |2721.4 |5 | |
128 |56 |2746.2 |7 | |
128 |56 |2848.6 |4 | |
128 |56 |2860.76 |21 |(8)- |25 PS 3
128 |56 |2878.40 |24 |(5-,6+) |
128 |56 |2906.27 |20 |9- |3.8 PS 3
128 |56 |2927.0 |3 |(9)- |11.8 PS 8
128 |56 |2929.9 |6 | |
128 |56 |2975.3 |7 | |
128 |56 |2977.89 |25 |(4,5) |
128 |56 |3082.29 |21 |10+ |0.40 PS 5
128 |56 |3116.9 |6 | |
128 |56 |3292.5 |3 |(10)- |2.6 PS 6
128 |56 |3334.36 |21 |(10)- |3.4 PS 3
128 |56 |3345.76 |22 |10+ |0.63 PS 19
128 |56 |3387.2 |7 |(9+) |
128 |56 |3506.7 |5 |11- |
128 |56 |3521.69 |25 |10+ |2.4 PS 3
128 |56 |3683.1 |4 |(11)- |1.1 PS 4
128 |56 |3985.27 |23 |(12-) |
128 |56 |3988.17 |23 |12+ |0.58 PS 18
128 |56 |4017.72 |24 |12+ |0.70 PS 12
128 |56 |4112.2 |3 |12+ |
128 |56 |4116.1 |4 |(12)- |0.7 PS 3
128 |56 |4194.7 |3 |12+ |
128 |56 |4218.2 |5 |(13)- |
128 |56 |4556.8 |5 |(13)- |
128 |56 |4645.91 |24 |14+ |0.89 PS 18
128 |56 |4651.2 |8 |(12)+ |
128 |56 |4720.35 |25 |14+ |0.44 PS 9
128 |56 |4815.7 |5 |(14-) |0.23 PS 3
128 |56 |4901.6 |4 |(13+) |
128 |56 |4956.05 |25 |13+ |1.00 PS 9
128 |56 |5036.1 |4 |14+ |
128 |56 |5040.0 |6 |(14-) |
128 |56 |5052.2 |7 |(15-) |
128 |56 |5233.4 |3 |14+ |1.6 PS 3
128 |56 |5384.0 |9 |(15+) |
128 |56 |5495.9 |4 |16+ |0.46 PS 4
128 |56 |5499.5 |8 |(15-) |
128 |56 |5529.6 |3 |15+ |1.06 PS 15
128 |56 |5551.0 |4 |(16+) |
128 |56 |5753.7 |6 |(16-) |0.27 PS 3
128 |56 |5852.9 |3 |16+ |0.68 PS 23
128 |56 |5997.8 |9 |(17-) |
128 |56 |6011.0 |12 |(16-) |
128 |56 |6214.8 |3 |17+ |0.49 PS 6
128 |56 |6240.0 |8 |(17+) |
128 |56 |6436.3 |6 |(18+) |0.19 PS 4
128 |56 |6493.0 |11 |(18+) |
128 |56 |6608.4 |4 |18+ |0.34 PS 5
128 |56 |6732.7 |12 |(18-) |
128 |56 |6993.8 |13 |(19-) |
128 |56 |7036.1 |4 |19+ |0.21 PS 3
128 |56 |7178.2 |9 |(19+) |
128 |56 |7443.2 |10 |(20+) |0.16 PS 4
128 |56 |7493.8 |4 |20+ |
128 |56 |7530.0 |15 |(20+) |
128 |56 |7928.8 |17 |(21-) |
128 |56 |7980.8 |4 |21+ |
128 |56 |8163.3 |11 |(21+) |
128 |56 |8484.9 |13 |(22+) |
128 |56 |8497.2 |4 |22(+) |
128 |56 |8659.0 |18 |(22+) |
128 |56 |8934.8 |20 |(23-) |
128 |56 |9032.2 |4 |23(+) |
128 |56 |9167.6 |13 |(23+) |
128 |56 |9563.9 |16 |(24+) |
128 |56 |9601.0 |8 |(24+) |
128 |56 |9814.0 |21 |(24+) |
128 |56 |10023.8 |22 |(25-) |
128 |56 |10167.6 |9 |(25+) |
128 |56 |10237.6 |16 |(25+) |
128 |56 |10649.9 |19 |(26+) |
128 |56 |10785.0 |13 |(26+) |
128 |56 |11055.0 |23 |(26+) |
128 |56 |11195.8 |24 |(27-) |
128 |56 |11386.6 |19 |(27+) |
128 |56 |11775.9 |22 |(28+) |
128 |56 |12442 |3 |(29-) |
128 |56 |12590.6 |22 |(29+) |
128 |56 |12981.9 |24 |(30+) |
128 |56 |13737 |3 |(31-) |
128 |56 |14238 |3 |(32+) |
128 |56 |15062 |3 |(33-) |
128 |56 |15500 |3 |(34+) |
128 |56 |16288 |4 |(35-) |
128 |56 |16780 |3 |(36+) |
128 |56 |17653 |4 |(37-) |
128 |56 |18217 |3 |(38+) |
129 |56 |0.0 | |1/2+ |2.23 H 11
129 |56 |8.42 |6 |7/2+ |2.135 H 10
129 |56 |110.57 |5 |3/2+ |
129 |56 |182.04 |11 |9/2- |15.2 NS 10
129 |56 |253.76 |5 |3/2+ |
129 |56 |263.1 |1 |9/2+ |
129 |56 |278.57 |5 |1/2+ |
129 |56 |278.81 |12 |11/2- |
129 |56 |318.38 |5 |1/2-,3/2- |
129 |56 |318.4 |1 |5/2+ |
129 |56 |457.02 |6 |3/2+ |
129 |56 |459.29 |9 |5/2+ |
129 |56 |467.3 |1 |7/2+ |
129 |56 |542.27 |8 |5/2+ |
129 |56 |544.74 |10 |11/2+ |10.6 PS 3
129 |56 |617.81 |7 |(3/2+,5/2+) |
129 |56 |631.3 |13 |7/2- |
129 |56 |643.6 |1 |13/2- |
129 |56 |659.97 |8 |5/2+ |
129 |56 |667.77 |10 |(1/2,3/2,5/2) |
129 |56 |711.92 |6 |(3/2,5/2)+ |
129 |56 |787.07 |22 |(1/2,3/2,5/2) |
129 |56 |797.4 |1 |15/2- |6.5 PS 2
129 |56 |799.6 |50 |(3/2+,5/2+) |
129 |56 |806.84 |20 |9/2+ |
129 |56 |849.44 |9 |5/2+ |
129 |56 |864.1 |1 |13/2+ |
129 |56 |883.43 |13 |13/2- |
129 |56 |888.65 |6 |(3/2+,5/2+) |
129 |56 |892.1 |15 | |
129 |56 |906.70 |9 |1/2-,3/2- |
129 |56 |911.38 |21 |(1/2,3/2,5/2) |
129 |56 |928.59 |9 |1/2+ |
129 |56 |999.1 |1 |11/2+ |
129 |56 |1012.4 |9 | |
129 |56 |1035.4 |15 |9/2-,11/2- |
129 |56 |1062.65 |10 |3/2+ |
129 |56 |1068.1 |3 |(1/2,3/2,5/2) |
129 |56 |1094.96 |8 |(3/2+,5/2+) |
129 |56 |1097.8 |15 |1/2- |
129 |56 |1119.85 |12 |1/2+ |
129 |56 |1204.1 |2 |7/2+ |
129 |56 |1210.0 |1 |15/2- |
129 |56 |1210.5 |2 |15/2+ |1.68 PS 5
129 |56 |1219.73 |25 |3/2+,5/2+ |
129 |56 |1258.1 |3 |(1/2,3/2,5/2) |
129 |56 |1282.5 |8 |5/2+ |
129 |56 |1303.8 |8 |(9/2)+ |
129 |56 |1318.4 |1 |17/2- |
129 |56 |1338.9 |10 |9/2- |
129 |56 |1389.54 |9 |(1/2,3/2,5/2) |
129 |56 |1401.0 |20 |5/2+ |
129 |56 |1438.4 |3 |(13/2+) |
129 |56 |1439.23 |6 |3/2+,5/2+ |
129 |56 |1475.4 |1 |19/2- |1.0 PS 4
129 |56 |1504.3 |5 |(5/2)+ |
129 |56 |1530.2 |30 | |
129 |56 |1536.9 |46 |7/2+,9/2+ |
129 |56 |1545.3 |2 |17/2- |
129 |56 |1566.0 |17 |(3/2+,5/2+) |
129 |56 |1590.2 |2 |17/2+ |
129 |56 |1610.20 |8 |(5/2-) |
129 |56 |1635.40 |10 |1/2+ |
129 |56 |1651.4 |24 |(9/2-,11/2-) |
129 |56 |1654.6 |2 |(15/2+) |
129 |56 |1692.3 |13 |11/2- |
129 |56 |1712.9 |23 |1/2+ |
129 |56 |1768.2 |30 |1/2+ |
129 |56 |1778.28 |10 |(1/2,3/2,5/2+) |
129 |56 |1804.80 |18 |3/2+,5/2+ |
129 |56 |1837.3 |30 | |
129 |56 |1845.0 |2 |19/2- |
129 |56 |1866.33 |9 |3/2+,5/2+ |
129 |56 |1906.1 |57 |3/2+,5/2+ |
129 |56 |1951.8 |55 |(1/2+) |
129 |56 |1976.3 |45 | |
129 |56 |1989.9 |1 |19/2+ |0.82 PS 10
129 |56 |1990.50 |12 |1/2+ |
129 |56 |2008.1 |55 |3/2- |
129 |56 |2071.60 |17 |(1/2,3/2,5/2+) |
129 |56 |2146.3 |2 |(21/2-) |
129 |56 |2171.4 |4 |(17/2+) |
129 |56 |2281.2 |2 |(23/2-) |
129 |56 |2285.31 |17 |(1/2,3/2,5/2) |
129 |56 |2336.7 |2 |(21/2-) |
129 |56 |2340.2 |3 |(19/2+) |
129 |56 |2369.40 |22 |(1/2,3/2,5/2) |
129 |56 |2387.4 |4 |(13/2-:21/2-) |
129 |56 |2412.9 |2 |21/2+ |
129 |56 |2429.7 |3 |(19/2+) |
129 |56 |2462.6 |2 |(23/2+) |47 NS 1
129 |56 |2509.9 |3 |(19/2+) |
129 |56 |2599.6 |2 |(23/2-) |
129 |56 |2653.7 |2 |(21/2+) |
129 |56 |2674.7 |2 |(21/2+) |
129 |56 |2742.6 |3 |(17/2:21/2-) |
129 |56 |2815.5 |2 |23/2+ |
129 |56 |2874.0 |2 |(23/2+) |
129 |56 |2903.1 |4 |(23/2+) |
129 |56 |2913.7 |2 |(25/2+) |
129 |56 |3044.2 |3 | |
129 |56 |3079.1 |2 |25/2+ |1.2 PS 3
129 |56 |3094.2 |2 |(25/2-) |
129 |56 |3179.4 |2 |(27/2-) |
129 |56 |3368.2 |2 |(27/2+) |
129 |56 |3378.9 |2 |(27/2+) |
129 |56 |3430.6 |2 |(27/2-) |
129 |56 |3525.3 |4 |(27/2:31/2-) |
129 |56 |3687.5 |2 |(27/2-) |
129 |56 |3704.5 |2 |(31/2-) |
129 |56 |3741.8 |2 |(29/2+) |
129 |56 |3848.5 |3 |(27/2:31/2+) |
129 |56 |3852.8 |5 | |
129 |56 |3895.9 |2 |(29/2+) |
129 |56 |3948.1 |2 |(29/2-) |
129 |56 |4054.4 |2 |(31/2+) |
129 |56 |4137.6 |2 |(31/2-) |
129 |56 |4286.1 |2 |(31/2-) |
129 |56 |4320.2 |2 |(31/2+) |
129 |56 |4333.6 |3 | |
129 |56 |4351.4 |3 |(31/2-) |
129 |56 |4458.7 |3 |(31/2+) |
129 |56 |4502.8 |2 |(33/2+) |
129 |56 |4617.1 |2 |(33/2-) |
129 |56 |4663.9 |3 |(31/2:35/2+) |
129 |56 |4871.5 |2 |(35/2+) |
129 |56 |4951.1 |6 |(33/2+) |
129 |56 |5047.4 |2 |(35/2-) |
129 |56 |5152.0 |4 |(35/2-) |
129 |56 |5379.6 |3 |(37/2+) |
129 |56 |5469.3 |3 |(37/2-) |
129 |56 |5807.6 |3 |(39/2+) |
129 |56 |5975.6 |3 |(39/2-) |
129 |56 |6223.8 |6 |(39/2-) |
129 |56 |6352.1 |4 |(41/2+) |
129 |56 |6450.7 |3 |(41/2-) |
129 |56 |6843.6 |4 |(43/2+) |
129 |56 |6975.3 |4 |(43/2-) |
129 |56 |7434.0 |5 |(45/2+) |
129 |56 |7501.9 |6 |(45/2-) |
129 |56 |7964.1 |5 |(47/2+) |
129 |56 |9144.2 |7 |(51/2+) |
129 |56 |10388.3 |13 |(55/2+) |
130 |56 |0.0 | |0+ |STABLE
130 |56 |357.38 |8 |2+ |41.8 PS 12
130 |56 |888.89 |22 | |
130 |56 |901.85 |10 |4+ |3.83 PS 6
130 |56 |908.02 |8 |2+ |
130 |56 |1179.5 |2 |0+ |
130 |56 |1361.06 |9 |3(+) |
130 |56 |1477.53 |9 |(4+) |
130 |56 |1544.4 |3 | |
130 |56 |1557.55 |10 |2+ |
130 |56 |1592.84 |16 |6+ |0.98 PS 6
130 |56 |1844.65 |11 |4+ |
130 |56 |1882.97 |10 |2+ |
130 |56 |1918.6 |2 |3 |
130 |56 |1948 |5 |(3-) |
130 |56 |2012.57 |15 |5+ |
130 |56 |2053.7 |3 |(3,4+) |
130 |56 |2079.18 |9 |3(+) |
130 |56 |2101.16 |15 |(6+) |
130 |56 |2168.39 |17 |(5-) |
130 |56 |2182.9 |3 | |
130 |56 |2229.9 |4 | |
130 |56 |2248.17 |14 |(3,4+) |
130 |56 |2269.2 |2 | |
130 |56 |2279.5 |2 | |
130 |56 |2317.99 |18 |(3,4+) |
130 |56 |2346.87 |10 |3(+) |
130 |56 |2395.05 |18 |8+ |0.49 PS 14
130 |56 |2407.8 |4 | |
130 |56 |2433.8 |4 | |
130 |56 |2475.12 |18 |8- |9.4 MS 4
130 |56 |2557.1 |3 | |
130 |56 |2568.17 |17 |(7-) |4.16 PS 14
130 |56 |2602.1 |3 | |
130 |56 |2645.76 |16 |3(+) |
130 |56 |2733.7 |4 |(1,2+) |
130 |56 |2784.0 |2 |(3,4+) |
130 |56 |2799.79 |22 |(8+) |
130 |56 |2891.2 |2 |(1to4) |
130 |56 |2928.1 |4 | |
130 |56 |2928.86 |23 |(8-) |
130 |56 |2935.4 |4 | |
130 |56 |3066.92 |21 |(9-) |5.27 PS 14
130 |56 |3259.85 |24 |10+ |0.55 PS 7
130 |56 |3265.26 |24 | |
130 |56 |3289.9 |4 | |
130 |56 |3422.85 |24 |(10+) |
130 |56 |3434.94 |24 |(10-) |
130 |56 |3602.52 |23 |(10+) |
130 |56 |3658.9 |3 |(11-) |2.10 PS 9
130 |56 |3660.02 |23 |(2+,3,4+) |
130 |56 |3676.2 |4 | |
130 |56 |3704.7 |4 |(2+,3,4+) |
130 |56 |3712.0 |4 | |
130 |56 |3789.7 |3 |(10+) |
130 |56 |3798.7 |3 | |
130 |56 |3962.6 |4 | |
130 |56 |3989.6 |3 |(12)+ |2.15 PS 21
130 |56 |4006.8 |4 | |
130 |56 |4077.9 |3 |(12-) |
130 |56 |4222.3 |4 |(12+) |
130 |56 |4256.1 |3 |(12+) |1.52 PS 14
130 |56 |4354.0 |4 |(13-) |
130 |56 |4404.1 |4 | |
130 |56 |4783.3 |4 |(14+) |0.41 PS 4
130 |56 |4879.3 |4 |(14-) |
130 |56 |4885.3 |4 |(14+) |3.4 PS 6
130 |56 |5155.4 |4 |(15-) |
130 |56 |5679.5 |4 |(16+) |
130 |56 |5730.1 |4 |(16+) |
130 |56 |5766.6 |4 |(16-) |
130 |56 |6037.2 |5 |(17-) |
130 |56 |6757.4 |5 |(18+) |
130 |56 |6972.8 |6 | |
130 |56 |8022.8 |6 | |
131 |56 |0.0 | |1/2+ |11.50 D 6
131 |56 |108.077 |5 |3/2+ |0.35 NS 5
131 |56 |187.995 |9 |9/2- |14.6 M 2
131 |56 |285.251 |5 |3/2+ |
131 |56 |287.52 |20 |11/2- |
131 |56 |316.585 |7 |5/2+ |
131 |56 |365.165 |5 |1/2+ |
131 |56 |525.850 |6 |(3/2)+ |
131 |56 |542.89 |14 |7/2+ |
131 |56 |561.725 |15 |3/2+,5/2+ |
131 |56 |706.45 |17 |13/2- |
131 |56 |718.779 |10 |3/2+,5/2+ |
131 |56 |719.494 |15 |1/2+,3/2+ |
131 |56 |757 |10 |5/2-,7/2- |
131 |56 |783 |10 | |
131 |56 |803.41 |24 |9/2+ |
131 |56 |839 |10 | |
131 |56 |879.333 |17 |1/2+,3/2+,5/2+ |
131 |56 |895 |10 |(1/2+) |
131 |56 |898.72 |17 |15/2- |
131 |56 |949.94 |3 |3/2+,5/2+ |
131 |56 |974.211 |15 |3/2+,5/2+ |
131 |56 |1030.6 |6 |(13/2-) |
131 |56 |1100 |10 |1/2-,3/2- |
131 |56 |1118.91 |22 |11/2+ |
131 |56 |1135 |10 | |
131 |56 |1154.262 |24 |1/2+,3/2+,5/2+ |
131 |56 |1162 |10 |5/2-,7/2- |
131 |56 |1202 |10 | |
131 |56 |1243 |10 |(5/2-,7/2-) |
131 |56 |1243.96 |7 |1/2,3/2,5/2(+) |
131 |56 |1291.63 |5 |1/2,3/2,5/2(+) |
131 |56 |1317 |10 |1/2-,3/2- |
131 |56 |1349.77 |22 |(15/2-) |
131 |56 |1417.92 |23 |13/2+ |
131 |56 |1437 |10 |(1/2+) |
131 |56 |1458.67 |16 |17/2- |
131 |56 |1475.72 |10 |1/2+ |
131 |56 |1494.65 |4 |1/2,3/2,5/2(+) |
131 |56 |1565 |10 |5/2-,7/2- |
131 |56 |1605 |10 | |
131 |56 |1669 |10 |3/2+,5/2+ |
131 |56 |1683.01 |16 |19/2- |
131 |56 |1713.2 |6 |(17/2-) |
131 |56 |1747 |10 |(1/2+) |
131 |56 |1785 |10 | |
131 |56 |1796.68 |23 |15/2+ |
131 |56 |1820 |10 |1/2+ |
131 |56 |1908 |10 |(1/2+) |
131 |56 |1943 |10 |(1/2+) |
131 |56 |1965 |10 | |
131 |56 |1981.82 |13 |1/2,3/2,5/2 |
131 |56 |2045.24 |17 |(19/2-) |
131 |56 |2051 |15 |(5/2-,7/2-) |
131 |56 |2064.81 |11 |1/2,3/2,5/2(+) |
131 |56 |2100 |15 | |
131 |56 |2109.4 |4 |(15/2+) |
131 |56 |2122.06 |21 |17/2+ |
131 |56 |2163.16 |8 |1/2,3/2,5/2 |
131 |56 |2195.23 |10 |1/2,3/2,5/2(+) |
131 |56 |2271.17 |9 |1/2,3/2,5/2(+) |
131 |56 |2310 |15 |5/2-,7/2- |
131 |56 |2320.10 |19 |(17/2+) |
131 |56 |2347 |15 |(5/2-,7/2-) |
131 |56 |2358.10 |17 |21/2- |
131 |56 |2385.17 |9 |1/2,3/2,5/2 |
131 |56 |2401 |15 | |
131 |56 |2433 |15 | |
131 |56 |2460.7 |3 |(19/2) |
131 |56 |2487 |15 |5/2-,7/2- |
131 |56 |2519.36 |22 |(21/2-) |
131 |56 |2524 |15 |3/2+,5/2+ |
131 |56 |2533.9 |3 |19/2+ |
131 |56 |2561.28 |18 |(19/2+) |
131 |56 |2592 |15 |(5/2-,7/2-) |
131 |56 |2611.53 |24 |23/2- |
131 |56 |2616 |15 |(5/2-,7/2-) |
131 |56 |2656 |15 |(5/2-,7/2-) |
131 |56 |2725.38 |25 |(21/2+) |
131 |56 |2795.43 |22 |(21/2+) |
131 |56 |2795.51 |24 |(23/2-) |
131 |56 |2862.6 |4 |21/2+ |
131 |56 |2868.6 |4 | |
131 |56 |2884.4 |4 |(23/2) |
131 |56 |3009.9 |5 | |
131 |56 |3057.40 |20 |(23/2+) |
131 |56 |3119.3 |7 | |
131 |56 |3138.9 |8 |(23/2-) |
131 |56 |3255.0 |3 |(25/2-) |
131 |56 |3256.9 |6 | |
131 |56 |3272.6 |4 |(25/2+) |
131 |56 |3303.6 |4 |(25/2+) |
131 |56 |3401.1 |3 |25/2- |
131 |56 |3431.4 |8 | |
131 |56 |3477.1 |4 |(27/2-) |
131 |56 |3510.6 |5 |(27/2) |
131 |56 |3556.1 |4 |(27/2+) |
131 |56 |3585.2 |7 | |
131 |56 |3653.1 |4 |(27/2-) |
131 |56 |3657.3 |5 |(27/2) |
131 |56 |3717.7 |4 |27/2- |
131 |56 |3808.4 |13 | |
131 |56 |3902.4 |4 |(25/2-) |
131 |56 |3940.9 |5 |(29/2+) |
131 |56 |3949.7 |7 | |
131 |56 |4046.6 |4 |(27/2-) |
131 |56 |4072.0 |5 |(29/2+) |
131 |56 |4205.4 |17 | |
131 |56 |4278.6 |5 |(31/2+) |
131 |56 |4307.9 |5 |(29/2-) |
131 |56 |4338.8 |5 |(31/2-) |
131 |56 |4410.3 |13 | |
131 |56 |4501.9 |5 |(31/2-) |
131 |56 |4512.4 |5 |(31/2) |
131 |56 |4633.3 |5 |(31/2-) |
131 |56 |4670.0 |20 | |
131 |56 |4750.3 |6 |(33/2+) |
131 |56 |4975.2 |6 |(33/2-) |
131 |56 |5042.0 |6 |(33/2+) |
131 |56 |5163.2 |6 |(35/2+) |
131 |56 |5351.3 |6 |(35/2-) |
131 |56 |5387.9 |6 |(35/2-) |
131 |56 |5404.5 |7 |(35/2-) |
131 |56 |5489.4 |12 |(35/2) |
131 |56 |5687.2 |9 |(37/2+) |
131 |56 |5856.4 |7 |(37/2-) |
131 |56 |6174.4 |10 |(39/2+) |
131 |56 |6235.6 |12 |(37/2+) |
131 |56 |6365.0 |10 |(39/2-) |
131 |56 |6440.9 |12 |(39/2-) |
132 |56 |0.0 | |0+ |3.0E+21 Y GT
132 |56 |464.508 |12 |2+ |15.1 PS 11
132 |56 |1031.672 |10 |2+ |1.08 PS 10
132 |56 |1127.615 |18 |4+ |
132 |56 |1503.63 |5 |0+ |
132 |56 |1511.088 |22 |3+ |
132 |56 |1660.30 |4 |0+ |
132 |56 |1685.753 |19 |2+ |
132 |56 |1729.343 |20 |4+ |
132 |56 |1931.91 |6 |6+ |
132 |56 |1944.29 |3 |(4+) |
132 |56 |1998.179 |22 |2+ |
132 |56 |2026.943 |23 |4- |
132 |56 |2046.23 |4 |(2+) |
132 |56 |2046.48 |6 |(4+) |
132 |56 |2068.553 |21 |3- |
132 |56 |2119.59 |4 |5- |0.40 NS +20-10
132 |56 |2220.07 |4 |(3-) |
132 |56 |2225.82 |9 |(5+) |
132 |56 |2240.69 |7 |6(+) |
132 |56 |2271 |8 |0+ |
132 |56 |2287.98 |7 |(2+,3,4+) |
132 |56 |2312.49 |6 |5(-) |
132 |56 |2357.62 |5 |(6-) |
132 |56 |2374.422 |20 |3- |
132 |56 |2406 |8 |0+ |
132 |56 |2422.73 |6 |6(-) |
132 |56 |2438.93 |11 |(2+:6+) |
132 |56 |2452.87 |5 |(1-) |
132 |56 |2483.06 |6 |(7-) |0.2 NS LT
132 |56 |2492.35 |8 |(4+) |
132 |56 |2505.34 |5 |(2) |
132 |56 |2567.331 |20 |(3)- |
132 |56 |2609.60 |9 |(5-) |
132 |56 |2660 |10 |(4+) |
132 |56 |2693.27 |13 |(4,5-) |
132 |56 |2718.17 |6 |7(-) |
132 |56 |2736 |8 |0+ |
132 |56 |2772.40 |13 |(4-,6-) |
132 |56 |2791.50 |9 |(5-) |
132 |56 |2800.15 |7 |8+ |
132 |56 |2855.84 |5 |(2)- |
132 |56 |2867.02 |8 |(8+) |
132 |56 |2876.47 |5 |(1+) |
132 |56 |2886 |8 |0+ |
132 |56 |2900.57 |7 |(8-) |
132 |56 |2901.69 |9 |(7-) |
132 |56 |2927.846 |23 |(3-) |
132 |56 |2934.92 |14 |(7+) |
132 |56 |2946.33 |13 |(5-) |
132 |56 |2961.02 |12 |(8-) |
132 |56 |2980.97 |13 |(1,2+) |
132 |56 |2981.73 |20 | |
132 |56 |3018.59 |14 |(6-) |
132 |56 |3021.35 |15 |(1,2+,3) |
132 |56 |3068.79 |12 |(1+,2+,3,4+) |
132 |56 |3082.94 |20 | |
132 |56 |3094.69 |7 |(8-) |
132 |56 |3104.86 |6 |(8-) |
132 |56 |3116.14 |9 |10+ |8.94 NS 14
132 |56 |3122.21 |12 |(8+) |
132 |56 |3158.01 |6 |(1)- |
132 |56 |3188.31 |8 |(9-) |
132 |56 |3196.44 |20 | |
132 |56 |3217.10 |21 | |
132 |56 |3219.28 |4 |(2+) |
132 |56 |3229.44 |13 |(6+) |
132 |56 |3327.06 |13 |(4,5-) |
132 |56 |3336.32 |15 |(3-,5-) |
132 |56 |3340.17 |6 |(9-) |
132 |56 |3356.27 |10 |(9-) |
132 |56 |3363.55 |21 |(1,2+) |
132 |56 |3381.45 |15 | |
132 |56 |3412 |8 |0+ |
132 |56 |3423.85 |4 |(3)- |
132 |56 |3434.36 |13 | |
132 |56 |3445 |8 |0+ |
132 |56 |3461.06 |15 |(1,2+) |
132 |56 |3482.23 |9 |(9-) |
132 |56 |3494.95 |6 |(3,4+) |
132 |56 |3505.21 |16 |(9+) |
132 |56 |3526.65 |20 | |
132 |56 |3545.55 |13 |(9) |
132 |56 |3561.74 |6 | |
132 |56 |3562.41 |7 |(1,2+) |
132 |56 |3563.03 |6 |(1,2+) |
132 |56 |3591.27 |15 | |
132 |56 |3598.69 |9 |(10+) |
132 |56 |3607.46 |9 |(1,2+) |
132 |56 |3608.15 |20 | |
132 |56 |3617.35 |20 | |
132 |56 |3635.17 |7 |1- |
132 |56 |3659.20 |9 |(10-) |
132 |56 |3663.44 |5 |(1-,2-,3-) |
132 |56 |3672.16 |15 | |
132 |56 |3677.87 |10 |(10+) |
132 |56 |3697 |10 | |
132 |56 |3716.53 |9 | |
132 |56 |3717.48 |15 | |
132 |56 |3721.31 |8 |(10-) |
132 |56 |3734.13 |12 |(2+,3,4+) |
132 |56 |3735.45 |20 | |
132 |56 |3751 |8 |0+ |
132 |56 |3753.42 |10 |(2,3-) |
132 |56 |3768.19 |6 |(2,3) |
132 |56 |3769.15 |20 | |
132 |56 |3773.31 |12 |(1,2+) |
132 |56 |3775.58 |6 |(2+) |
132 |56 |3787.75 |20 | |
132 |56 |3805.29 |10 |(10+) |
132 |56 |3812 |8 |0+ |
132 |56 |3820.18 |12 | |
132 |56 |3821.05 |20 | |
132 |56 |3834.78 |12 |(1,2+) |
132 |56 |3849.50 |6 | |
132 |56 |3863.44 |13 | |
132 |56 |3878.75 |21 |(1,2+) |
132 |56 |3882 |8 |0+ |
132 |56 |3887.30 |11 |(3,4+) |
132 |56 |3903.17 |8 |(2+,3,4+) |
132 |56 |3906.08 |11 |(11+) |
132 |56 |3907.46 |8 | |
132 |56 |3915.78 |9 |(12+) |
132 |56 |3917.91 |15 |(2+,3,4+) |
132 |56 |3943.27 |9 |(10+) |
132 |56 |3943.30 |20 |(0+:4+) |
132 |56 |3950.18 |8 |(11-) |
132 |56 |3965.2 |10 | |
132 |56 |3967.52 |12 |(2+,3,4+) |
132 |56 |3974.38 |12 |(3,4+) |
132 |56 |3975.10 |20 | |
132 |56 |4010.08 |20 | |
132 |56 |4027.74 |11 |(2+,3,4+) |
132 |56 |4061.49 |10 |(11-) |
132 |56 |4090.15 |20 | |
132 |56 |4107.8 |3 |(10+) |
132 |56 |4229.2 |6 | |
132 |56 |4311.56 |23 |(11+) |
132 |56 |4361.77 |11 |(12+) |
132 |56 |4365.14 |14 |(11-) |
132 |56 |4440.34 |9 |(12-) |
132 |56 |4547.24 |12 |(12+) |
132 |56 |4556.34 |10 |(12-) |
132 |56 |4564.54 |12 |(12+) |
132 |56 |4689.23 |14 |(12+) |
132 |56 |4704.33 |14 |(12+) |
132 |56 |4711.21 |11 |(13-) |
132 |56 |4805.27 |12 |(14+) |
132 |56 |4811.18 |11 |(11+) |
132 |56 |4819.94 |10 |(13-) |
132 |56 |4863.26 |24 |(11-) |
132 |56 |4882.25 |23 |(13+) |
132 |56 |4984.48 |14 |(13+) |
132 |56 |4996.52 |9 |(12+) |
132 |56 |5032.99 |13 |(12-) |
132 |56 |5085.08 |12 | |
132 |56 |5104.16 |14 |(13-) |
132 |56 |5200.42 |11 |(13+) |
132 |56 |5248.59 |24 |(13-) |
132 |56 |5282.35 |14 |(15-) |
132 |56 |5306.7 |3 |(14+) |
132 |56 |5320.79 |11 |(14-) |
132 |56 |5335.98 |11 |(14-) |
132 |56 |5375.68 |15 |(14+) |
132 |56 |5436.28 |12 |(14+) |
132 |56 |5475.76 |12 |(14+) |
132 |56 |5539.65 |14 |(15+) |
132 |56 |5556.5 |4 |(14-) |
132 |56 |5573.88 |13 |(15-) |
132 |56 |5630.4 |4 |(14+) |
132 |56 |5720.64 |11 |(14-) |
132 |56 |5771.22 |13 |(15+) |
132 |56 |5835.90 |14 |(16+) |
132 |56 |5870.34 |14 |(15-) |
132 |56 |5871.97 |16 |(15+) |
132 |56 |5890.60 |12 |(15-) |
132 |56 |5963.5 |11 |(15-) |
132 |56 |5990.65 |18 |(16-) |
132 |56 |6106.39 |13 |(16-) |
132 |56 |6133.57 |16 |(15) |
132 |56 |6195.82 |17 |(16+) |
132 |56 |6267.68 |18 |(16+) |
132 |56 |6274.28 |15 |(16-) |
132 |56 |6294.36 |25 |(17-) |
132 |56 |6374.08 |15 |(17+) |
132 |56 |6414.09 |14 |(17-) |
132 |56 |6484.54 |14 |(17-) |
132 |56 |6664.8 |6 |(17+) |
132 |56 |6690.99 |16 |18+ |
132 |56 |6820.99 |17 |18- |
132 |56 |6954.70 |17 |(18+) |
132 |56 |7143.8 |8 |(18+) |
132 |56 |7238.4 |3 |(19-) |
132 |56 |7287.0 |4 |(19-) |
132 |56 |7396.79 |18 |(19+) |
132 |56 |7623.70 |19 |(20+) |
132 |56 |7751.0 |6 |(20-) |
132 |56 |8310.4 |6 |(21-) |
133 |56 |0.0 | |1/2+ |10.551 Y 11
133 |56 |12.327 |6 |3/2+ |7.0 NS 3
133 |56 |288.252 |9 |11/2- |38.93 H 10
133 |56 |291.188 |9 |5/2+ |
133 |56 |302.395 |11 |3/2+ |
133 |56 |539.799 |13 |1/2+ |
133 |56 |577.555 |13 |7/2+ |
133 |56 |630.568 |10 |5/2+ |
133 |56 |676.488 |12 |3/2+,5/2+ |
133 |56 |791.1 |5 |7/2- |
133 |56 |858.499 |11 |3/2+ |
133 |56 |862.80 |9 |(7/2)+ |
133 |56 |883.39 |4 |9/2+ |
133 |56 |887.135 |12 |5/2+ |
133 |56 |901.80 |8 |13/2- |
133 |56 |923.957 |10 |5/2+ |
133 |56 |968.97 |8 |15/2- |
133 |56 |969.4 |5 | |
133 |56 |1021.584 |23 |3/2+ |
133 |56 |1066.8 |5 | |
133 |56 |1111.2 |5 |5/2-,7/2- |
133 |56 |1112.346 |12 |3/2+,5/2+,7/2+ |
133 |56 |1211.792 |12 |3/2+,5/2+ |
133 |56 |1247.7 |5 |1/2+ |
133 |56 |1271.3 |5 |7/2- |
133 |56 |1283.959 |24 |3/2- |
133 |56 |1329.319 |18 |5/2+ |
133 |56 |1329.5 |5 |7/2- |
133 |56 |1352.76 |5 |7/2+ |
133 |56 |1375.65 |7 |11/2+ |
133 |56 |1501.5 |5 | |
133 |56 |1528.64 |9 |3/2,5/2+ |
133 |56 |1528.99 |9 |15/2- |
133 |56 |1532.40 |8 |3/2,5/2,7/2+ |
133 |56 |1563.399 |24 |5/2+ |
133 |56 |1582.7 |5 |1/2- |
133 |56 |1620.58 |3 |5/2+ |
133 |56 |1633.08 |8 |13/2+ |
133 |56 |1689.75 |6 |3/2+,5/2,7/2+ |
133 |56 |1706.93 |16 |3/2,5/2+ |
133 |56 |1712.75 |8 |17/2- |
133 |56 |1769.61 |6 |3/2,5/2+ |
133 |56 |1770.9 |5 |5/2- |
133 |56 |1830.22 |3 |3/2,5/2+ |
133 |56 |1859.11 |9 |19/2- |
133 |56 |1872.4 |5 | |
133 |56 |1938.3 |5 | |
133 |56 |1942.07 |9 |19/2+ |3.5 NS 15
133 |56 |1968.2 |5 |7/2- |
133 |56 |2017.0 |5 | |
133 |56 |2025.1 |5 | |
133 |56 |2036.19 |11 |17/2- |
133 |56 |2075.8 |5 |3/2- |
133 |56 |2101.3 |5 | |
133 |56 |2113.4 |5 |3/2- |
133 |56 |2142.2 |5 |(7/2-) |
133 |56 |2170.74 |9 |19/2- |
133 |56 |2171.2 |5 |5/2- |
133 |56 |2210.97 |10 |15/2+ |
133 |56 |2223.0 |5 | |
133 |56 |2245.3 |5 | |
133 |56 |2266.9 |5 | |
133 |56 |2288.1 |5 |7/2- |
133 |56 |2325.3 |5 | |
133 |56 |2338.8 |5 | |
133 |56 |2366.04 |11 |23/2+ |
133 |56 |2381.97 |14 |21/2+ |
133 |56 |2409 |20 | |
133 |56 |2447.22 |10 |17/2+ |
133 |56 |2495.99 |12 |(21/2+) |
133 |56 |2509.26 |9 |21/2- |
133 |56 |2526.47 |11 |19/2- |
133 |56 |2671.17 |11 |21/2- |
133 |56 |2830.44 |10 |23/2- |
133 |56 |2831.10 |12 |19/2(+) |
133 |56 |2862.15 |11 |21/2+ |
133 |56 |2890.38 |10 |23/2- |
133 |56 |2966.3 |4 |21/2- |
133 |56 |2978.2 |5 |19/2 |
133 |56 |3062.94 |11 |21/2(+) |
133 |56 |3103.80 |12 |25/2+ |
133 |56 |3115.16 |9 |21/2+ |
133 |56 |3246.51 |10 |23/2+ |
133 |56 |3255.92 |10 |25/2- |
133 |56 |3345.94 |12 |27/2+ |
133 |56 |3373.60 |12 |23/2(+) |
133 |56 |3433.71 |12 |25/2+ |
133 |56 |3545.92 |11 |27/2- |
133 |56 |3582.69 |11 |27/2- |
133 |56 |3646.41 |13 |(25/2)+ |
133 |56 |3688.41 |14 |(25/2-) |
133 |56 |3700.60 |16 |25/2(+) |
133 |56 |3709.90 |16 |(25/2) |
133 |56 |3710.68 |12 |27/2+ |
133 |56 |3838.92 |14 |29/2+ |
133 |56 |3967.85 |15 | |
133 |56 |3987.98 |14 |27/2- |
133 |56 |4084.6 |4 |27/2(+) |
133 |56 |4145.58 |14 |29/2+ |
133 |56 |4179.06 |14 |29/2+ |
133 |56 |4194.42 |13 |29/2- |
133 |56 |4203.20 |14 |31/2+ |
133 |56 |4223.82 |13 |(29/2+) |
133 |56 |4242.86 |12 |31/2- |
133 |56 |4255.82 |13 |29/2+ |
133 |56 |4402.41 |15 |(27/2) |
133 |56 |4421.91 |12 |31/2- |
133 |56 |4425.08 |13 |(27/2+) |
133 |56 |4485.34 |13 |31/2+ |
133 |56 |4500.6 |7 |29/2(+) |
133 |56 |4502.44 |13 |31/2+ |
133 |56 |4633.61 |18 |(29/2) |
133 |56 |4657.81 |12 |29/2- |
133 |56 |4824.51 |15 |31/2- |
133 |56 |4830.57 |14 |33/2+ |
133 |56 |5001.45 |15 |33/2+ |
133 |56 |5058.11 |18 |33/2- |
133 |56 |5174.16 |15 |33/2+ |
133 |56 |5242.24 |15 |35/2+ |
133 |56 |5263.4 |6 |(33/2-) |
133 |56 |5350.41 |21 |35/2- |
133 |56 |5391.72 |13 |35/2- |
133 |56 |5417.80 |14 |35/2+ |
133 |56 |5430.11 |14 |33/2- |
133 |56 |5465.17 |17 |(35/2)+ |
133 |56 |5520.56 |15 |35/2- |
133 |56 |5661.86 |14 |35/2- |
133 |56 |5735.61 |23 |37/2- |
133 |56 |5858.16 |16 |37/2+ |
133 |56 |5936.24 |16 |37/2+ |
133 |56 |5983.71 |14 |37/2- |
133 |56 |6237.0 |3 |39/2- |
133 |56 |6277.35 |17 |39/2+ |
133 |56 |6307.92 |15 |39/2- |
133 |56 |6366.90 |14 |39/2- |
133 |56 |6425.78 |16 |39/2+ |
133 |56 |6546.16 |19 | |
133 |56 |6749.51 |16 |41/2- |
133 |56 |6818.0 |3 |41/2- |
133 |56 |6955.08 |18 |41/2+ |
133 |56 |6980.56 |19 |(41/2+) |
133 |56 |7217.71 |19 |43/2- |
133 |56 |7421.0 |4 |43/2- |
133 |56 |7431.38 |18 |(43/2+) |
133 |56 |7585.86 |19 |43/2+ |
133 |56 |8052.0 |5 |45/2- |
134 |56 |0.0 | |0+ |STABLE
134 |56 |604.7223 |19 |2+ |5.12 PS 9
134 |56 |1167.968 |3 |2+ |2.7 PS 8
134 |56 |1400.590 |4 |4+ |0.83 PS 9
134 |56 |1643.336 |4 |3+ |78 PS 21
134 |56 |1760.555 |22 |0+ |
134 |56 |1969.921 |4 |4+ |
134 |56 |1986.35 |21 |5- |52 NS 6
134 |56 |2029.242 |18 |2+ |0.159 PS 16
134 |56 |2088.288 |17 |2+ |0.059 PS 5
134 |56 |2118.195 |9 |(4+) |
134 |56 |2159.683 |21 |(0)+ |0.104 PS +28-21
134 |56 |2164.620 |12 |(4+) |
134 |56 |2211.3 |3 |(6+) |
134 |56 |2244.99 |5 | |
134 |56 |2254.95 |14 |3- |
134 |56 |2271.57 |24 |7- |
134 |56 |2279.87 |3 |(2,3) |
134 |56 |2285.34 |4 |(5)+ |
134 |56 |2299.7 |3 |(6+) |
134 |56 |2311 | |(1) |
134 |56 |2334.76 |6 |1,2+ |0.21 PS +10-6
134 |56 |2336.82 |3 |0+ |0.097 PS +28-21
134 |56 |2371.02 |7 |2+ |0.46 PS +21-12
134 |56 |2377.1 |4 |(6) |
134 |56 |2379.112 |18 |0+ |
134 |56 |2464.28 |6 |(2+) |
134 |56 |2469.58 |6 |(5)+ |
134 |56 |2479 |10 |4+ |
134 |56 |2480.34 |5 |(2,3) |
134 |56 |2488.434 |21 |0+ |0.13 PS +9-4
134 |56 |2506.26 |4 |(4+) |0.15 PS +23-7
134 |56 |2531.31 |22 |(5-to7-) |
134 |56 |2536.91 |5 |0to2 |0.15 PS +19-6
134 |56 |2564.712 |19 |1+,2+ |0.06 PS +12-4
134 |56 |2570.87 |3 |1(+) |
134 |56 |2574.31 |10 |(2+) |
134 |56 |2599.88 |4 |2+ |
134 |56 |2656.23 |8 |(2+) |
134 |56 |2661.88 |5 |3to5 |
134 |56 |2677.76 |8 |3,4 |
134 |56 |2696.58 |5 |1,2 |
134 |56 |2729.23 |4 |1,2+ |
134 |56 |2747.965 |24 |2+ |
134 |56 |2758.9 |3 |1,2+ |
134 |56 |2760.74 |12 |1,2 |
134 |56 |2773.73 |10 |3,4 |
134 |56 |2779.9 |10 | |
134 |56 |2806 | |(1) |
134 |56 |2823.72 |11 |1- |
134 |56 |2828.50 |4 |1+,2+ |
134 |56 |2835.9 |4 |(8+) |
134 |56 |2851.26 |6 |2+ |
134 |56 |2874 |8 |0+ |
134 |56 |2876.89 |10 |3to5 |
134 |56 |2887.04 |4 |1,2 |
134 |56 |2913.1 |4 | |
134 |56 |2917.61 |6 |2 |
134 |56 |2925.99 |15 |3to5 |
134 |56 |2938.93 |20 |1+ |
134 |56 |2943.90 |14 |2to4 |
134 |56 |2950.56 |24 |3,4 |
134 |56 |2957.2 |5 |(10+) |2.63 US 14
134 |56 |2996 |8 |(0)+ |
134 |56 |3004.41 |15 |1,2+ |
134 |56 |3011 | |(1) |
134 |56 |3011.7 |11 | |
134 |56 |3027.38 |6 |(1+) |
134 |56 |3061.29 |6 |2(+) |
134 |56 |3068.85 |13 |1,2+ |
134 |56 |3074.72 |13 |(2) |
134 |56 |3079 |10 |4+ |
134 |56 |3086.65 |10 |1+,2+ |
134 |56 |3160.07 |19 |1,2+ |
134 |56 |3181 |8 |(0)+ |
134 |56 |3216.3 |6 |1,2+ |
134 |56 |3240.5 |4 |(9-) |
134 |56 |3242.3 |8 | |
134 |56 |3245.88 |19 |(1+) |
134 |56 |3262.0 |3 |2to4 |
134 |56 |3272.10 |5 |1-,2- |
134 |56 |3311.3 |8 | |
134 |56 |3314.56 |18 |2,3 |
134 |56 |3327.25 |13 |(1+) |
134 |56 |3328.3 |11 | |
134 |56 |3343 | |(1) |
134 |56 |3368.97 |6 |1,2 |
134 |56 |3371.79 |20 |2to4 |
134 |56 |3408.72 |17 |1,2 |
134 |56 |3432.15 |10 |1,2+ |
134 |56 |3443.39 |20 |2to4 |
134 |56 |3450.27 |8 |(1+) |
134 |56 |3451.0 |4 |1,2+ |
134 |56 |3459.3 |12 | |
134 |56 |3471.1 |3 |2+ |
134 |56 |3499.68 |14 |(1,2) |
134 |56 |3501 |8 |(0)+ |
134 |56 |3504.2 |11 | |
134 |56 |3548.5 |4 |1,2+ |
134 |56 |3560 | |1 |
134 |56 |3589 | |1 |
134 |56 |3599.3 |13 | |
134 |56 |3617 | |(1) |
134 |56 |3618 |8 |(0)+ |
134 |56 |3635.9 |11 | |
134 |56 |3652.1 |5 |1,2+ |
134 |56 |3684.2 |4 |2+ |
134 |56 |3705 | |1 |
134 |56 |3754 |10 | |
134 |56 |3783 | |(1) |
134 |56 |3836 | |1 |
134 |56 |3853.8 |4 |2+ |
134 |56 |3899.1 |11 | |
134 |56 |3954.3 |12 | |
134 |56 |3980 | |(1) |
134 |56 |3992 | |(1) |
134 |56 |4001.4 |5 | |
134 |56 |4019 |10 | |
134 |56 |4083.5 |11 | |
134 |56 |4517.4 |12 | |
134 |56 |4549.9 |15 | |
134 |56 |4635.2 |15 | |
134 |56 |5001.4 |15 | |
134 |56 |5015.4 |15 | |
135 |56 |0.0 | |3/2+ |STABLE
135 |56 |220.968 |13 |1/2+ |0.64 NS 27
135 |56 |268.218 |20 |11/2- |28.7 H 2
135 |56 |480.532 |14 |5/2+ |13 PS 2
135 |56 |587.827 |15 |3/2+ |
135 |56 |714.20 |4 |(7/2-) |
135 |56 |855.012 |14 |3/2+ |
135 |56 |874.518 |18 |7/2+ |1.32 PS 5
135 |56 |910.29 |3 |1/2+ |
135 |56 |950.5 |3 |(15/2-) |
135 |56 |979.965 |18 |3/2+,5/2+ |
135 |56 |1008.00 |10 | |
135 |56 |1130 | | |
135 |56 |1165.2 |22 | |
135 |56 |1200.48 |6 | |
135 |56 |1213.73 |7 |(3/2) |
135 |56 |1225.86 |7 |(3/2) |
135 |56 |1238.41 |7 |(5/2) |
135 |56 |1298.54 |10 |(1/2+,3/2+) |
135 |56 |1446.41 |7 |7/2- |
135 |56 |1557.35 |5 |(5/2,7/2+) |
135 |56 |1584.52 |6 |(3/2)- |
135 |56 |1609.31 |14 |(1/2+,3/2+) |
135 |56 |1670.67 |12 |(3/2-) |
135 |56 |1719.57 |13 |(1/2+,3/2+) |
135 |56 |1787.42 |18 |(5/2-) |
135 |56 |1794.4 |6 |(1/2,3/2) |
135 |56 |1830.5 |4 |(1/2,3/2) |
135 |56 |1871.46 |22 |(3/2+,5/2) |
135 |56 |1878.9 |3 |(1/2,3/2) |
135 |56 |1941.17 |20 |(3/2+,5/2+) |
135 |56 |1955.4 |5 |(11/2+) |
135 |56 |1964.83 |17 |(1/2+,3/2+) |
135 |56 |1971.6 |3 |(3/2,5/2) |
135 |56 |1991.02 |16 |(3/2,5/2) |
135 |56 |1997.57 |9 |(1/2)- |
135 |56 |2002.6 |5 |(19/2-) |
135 |56 |2075.43 |16 |(3/2,5/2+) |
135 |56 |2077.43 |13 |(1/2-,3/2-) |
135 |56 |2117.8 |9 |(1/2,3/2) |
135 |56 |2133.9 |5 |(19/2-) |
135 |56 |2150.7 |5 |(1/2,3/2) |
135 |56 |2283 | | |
135 |56 |2334 | | |
135 |56 |2388.0 |6 | |
135 |56 |2393.5 |5 |(21/2-) |
135 |56 |2396.6 |3 |(1/2+,3/2) |
135 |56 |2420 | | |
135 |56 |2440 | | |
135 |56 |2447.76 |20 |1/2-,3/2- |
135 |56 |2478 |15 |(5/2-) |
135 |56 |2485 | | |
135 |56 |2496 | | |
135 |56 |2579.2 |3 |(1/2+,3/2) |
135 |56 |2602 | | |
135 |56 |2621 | | |
135 |56 |2638 | | |
135 |56 |2651 | | |
135 |56 |2658.5 |3 |(1/2,3/2) |
135 |56 |2667 | | |
135 |56 |2688.0 |3 |(1/2,3/2) |
135 |56 |2708 | | |
135 |56 |2710.78 |25 |1/2,3/2 |
135 |56 |2730.05 |14 |1/2,3/2 |
135 |56 |2739.6 |6 |(23/2-) |
135 |56 |2781 | |(1/2-,3/2-) |
135 |56 |2824.7 |6 |(23/2+) |
135 |56 |2850 |15 |(5/2-,7/2-) |
135 |56 |2873.0 |3 |(1/2,3/2) |
135 |56 |2888.1 |6 |(1/2,3/2) |
135 |56 |2897.1 |4 |(1/2+,3/2) |
135 |56 |2947 | |(5/2-) |
135 |56 |3084.1 |5 |(21/2+) |
135 |56 |3085.84 |22 |1/2,3/2 |
135 |56 |3092.6 |3 |(1/2,3/2) |
135 |56 |3111 | | |
135 |56 |3122 | | |
135 |56 |3126 | | |
135 |56 |3148 | | |
135 |56 |3154.1 |3 |(1/2-,3/2-) |
135 |56 |3163 | | |
135 |56 |3169.2 |3 |(1/2,3/2) |
135 |56 |3182 | | |
135 |56 |3190 | | |
135 |56 |3196 | | |
135 |56 |3210.3 |6 |(27/2-) |
135 |56 |3211.8 |6 |(23/2+) |
135 |56 |3272 | | |
135 |56 |3294.0 |4 |(1/2,3/2) |
135 |56 |3324 | | |
135 |56 |3410 | | |
135 |56 |3415 | | |
135 |56 |3415.7 |6 |(25/2+) |
135 |56 |3422 | | |
135 |56 |3454 | | |
135 |56 |3510.3 |3 |(1/2,3/2) |
135 |56 |3587 | | |
135 |56 |3632.6 |5 |(1/2,3/2) |
135 |56 |3647.5 |7 |(29/2-) |
135 |56 |3656 | | |
135 |56 |3670 |20 | |
135 |56 |3696 | | |
135 |56 |3708 | | |
135 |56 |3720 | | |
135 |56 |3753 | | |
135 |56 |3758.3 |7 |(27/2+) |
135 |56 |3779 | | |
135 |56 |3786.0 |3 |(1/2,3/2) |
135 |56 |3805.2 |7 |(29/2-) |
135 |56 |3813 | | |
135 |56 |3881 | | |
135 |56 |3929.7 |20 | |
135 |56 |4072.3 |20 | |
135 |56 |4180.9 |7 |(29/2+) |
135 |56 |4254.1 |7 |(31/2+) |
135 |56 |4269 |20 | |
135 |56 |4695.8 |8 |(31/2+) |
135 |56 |4713.2 |8 |(35/2+) |
135 |56 |4729 |20 | |
135 |56 |4816.6 |7 |(33/2-) |
135 |56 |4890 |20 | |
135 |56 |4940 |20 | |
135 |56 |5023.4 |8 |(33/2+) |
135 |56 |5235.8 |8 |(33/2+) |
135 |56 |5850.2 |9 |(35/2+) |
136 |56 |0.0 | |0+ |STABLE
136 |56 |818.497 |11 |2+ |1.930 PS 15
136 |56 |1550.971 |14 |2+ |1.01 PS 23
136 |56 |1578.990 |23 |0+ |
136 |56 |1866.548 |18 |4+ |
136 |56 |2030.466 |18 |7- |0.3084 S 19
136 |56 |2053.822 |18 |4+ |
136 |56 |2080.026 |21 |2+ |0.6 PS GE
136 |56 |2128.830 |25 |2+ |0.051 PS 4
136 |56 |2140.168 |19 |5- |1.6 NS 1
136 |56 |2141.34 |5 |0+ |
136 |56 |2153.55 |8 | |
136 |56 |2207.077 |18 |6+ |3.11 NS 7
136 |56 |2222.704 |24 |(2)+ |
136 |56 |2298.61 |5 |(6-) |
136 |56 |2315.32 |7 |0+ |
136 |56 |2349.5 |5 | |
136 |56 |2356.47 |3 |4+ |
136 |56 |2373.689 |19 |(5)+ |
136 |56 |2390.79 |3 |3- |
136 |56 |2392.1 |6 |(1+,2+) |
136 |56 |2399.87 |5 |(1+,2+) |
136 |56 |2430.91 |3 |3+ |
136 |56 |2485.43 |17 |2+ |0.018 PS GT
136 |56 |2532.57 |5 |3- |
136 |56 |2544.41 |5 |0to4 |
136 |56 |2562 |10 | |
136 |56 |2587.09 |5 |3to5 |
136 |56 |2640.71 |6 |1to3 |
136 |56 |2659.72 |6 |3to5 |
136 |56 |2661.41 |10 |1+,2+ |
136 |56 |2693.59 |6 |1+ |0.0133 PS 24
136 |56 |2694.55 |5 |5+ |
136 |56 |2773.54 |8 |2+ |
136 |56 |2779.89 |9 |2+ |
136 |56 |2784.41 |13 |(0+) |
136 |56 |2811.91 |7 |(3+) |
136 |56 |2820.15 |7 |(3,4-) |
136 |56 |2840.61 |12 |3,4 |
136 |56 |2905.0 |5 | |
136 |56 |2934.40 |16 |(1,2+) |
136 |56 |2946.0 |5 |0(+),1,2,3+ |
136 |56 |2976.87 |13 |(2+,3+,4+) |
136 |56 |2984.86 |13 |(2+,3+,4+) |
136 |56 |2994 |5 | |
136 |56 |3019.8 |4 |(1,2+) |
136 |56 |3021.92 |12 |(1,2+) |
136 |56 |3044.58 |16 |1(-) |0.0201 PS 24
136 |56 |3077.33 |14 |3+ |
136 |56 |3109.57 |24 |2+ |
136 |56 |3115.85 |18 |2+ |0.122 PS 22
136 |56 |3178.9 |7 |0(+),1,2,3(+) |
136 |56 |3212.0 |5 |0(+),1,2,3+ |
136 |56 |3242.12 |20 |(2,3+,4+) |
136 |56 |3335.6 |3 |0to4 |
136 |56 |3347.6 |7 |0(+),1,2,3+ |
136 |56 |3354.5 |3 |0to4 |
136 |56 |3370.07 |21 |1 |0.018 PS 4
136 |56 |3378.0 |5 | |
136 |56 |3435.5 |3 |1- |6.0 FS 13
136 |56 |3505.0 |20 |0(+),1,2,3+ |
136 |56 |3508.7 |3 |0to4 |
136 |56 |3526.7 |4 |2+ |
136 |56 |3542.5 |7 |(0+),1,2,3,4(+) |
136 |56 |3550.69 |20 |0to4 |
136 |56 |3559.0 |5 |0(+),1,2,3(+) |
136 |56 |3579.5 |7 |0+,1,2,3,4+ |
136 |56 |3650.0 |5 |(0+),1,2,3,4(+) |
136 |56 |3691.89 |13 |1to3 |
136 |56 |3698.5 |7 |(0+),1,2,3,4(+) |
136 |56 |3706.1 |6 |(1,2+) |
136 |56 |3760.3 |11 | |
136 |56 |3767.1 |5 |1(-),2,3+ |
136 |56 |3795.33 |16 |1,2 |
136 |56 |3848.5 |5 |0(+),1,2,3+ |
136 |56 |3852.7 |6 |1,2 |
136 |56 |3859.5 | |0(+),1,2,3(+) |
136 |56 |3863.47 |23 |1,2 |
136 |56 |3882.8 |4 |0to4 |
136 |56 |3925.2 |3 |0to3 |
136 |56 |3962.8 |8 |0to4 |
136 |56 |3965.57 |5 |1,2 |
136 |56 |3979.1 |10 |(1-) |0.021 PS 4
136 |56 |3992.54 |19 |0(+),1,2,3+ |
136 |56 |4008.6 |3 |0(+),1,2,3(+) |
136 |56 |4075 |10 | |
136 |56 |4137.36 |8 |1,2 |
136 |56 |9107.12 |80 |1+ |
136 |56 |9107.18 |80 |2(+) |
136 |56 |9107.20 |80 |1(+),2 |
136 |56 |9107.32 |80 |2(+) |
136 |56 |9107.38 |80 |2(+) |
136 |56 |9107.42 |80 |2(+) |
136 |56 |9107.48 |80 |1(+) |
136 |56 |9107.51 |80 |2(+) |
136 |56 |9107.56 |80 |2 |
137 |56 |0.0 | |3/2+ |STABLE
137 |56 |283.54 |4 |1/2+ |
137 |56 |661.659 |3 |11/2- |2.552 M 1
137 |56 |907 |10 | |
137 |56 |1044 |10 | |
137 |56 |1251.82 |8 |7/2+ |0.354 PS 24
137 |56 |1293.90 |8 |5/2+ |
137 |56 |1463.8 |6 |3/2+ |
137 |56 |1481.8 |4 |(3/2+,5/2+) |
137 |56 |1797.67 |17 |7/2- |
137 |56 |1837.6 |7 |1/2+ |
137 |56 |1857 |10 |(1/2+) |
137 |56 |1892.0 |10 | |
137 |56 |1899.4 |4 |3/2+ |
137 |56 |1907.52 |20 |3/2+ |
137 |56 |2041.4 |6 |(5/2)+ |
137 |56 |2047.4 |3 | |
137 |56 |2117.0 |10 | |
137 |56 |2182.22 |5 |3/2- |
137 |56 |2228.9 |4 |7/2+ |
137 |56 |2229.5 |4 |(13/2-) |
137 |56 |2271.0 |4 |(3/2+,5/2) |
137 |56 |2311.0 |10 | |
137 |56 |2340 |20 |7/2+,9/2+ |
137 |56 |2344.0 |10 | |
137 |56 |2349.1 |5 |(17/2-) |0.59 US 10
137 |56 |2355.6 |4 |1/2,3/2 |
137 |56 |2373.0 |10 | |
137 |56 |2407.8 |5 | |
137 |56 |2427.0 |10 | |
137 |56 |2438.8 |3 | |
137 |56 |2529.6 |6 |7/2+ |
137 |56 |2571.0 |10 | |
137 |56 |2590.1 |4 | |
137 |56 |2623.8 |6 |(19/2) |30 NS LE
137 |56 |2653.0 |10 | |
137 |56 |2662.72 |5 |1/2- |
137 |56 |2709.0 |10 | |
137 |56 |2750 |30 | |
137 |56 |2810 |20 |(5/2-,7/2-) |
137 |56 |2848 |20 |5/2-,7/2- |
137 |56 |2873.8 |11 |(5/2)- |
137 |56 |2905.0 |10 |5/2-,7/2- |
137 |56 |2954.0 |10 | |
137 |56 |2964.9 |4 |1/2,3/2 |
137 |56 |2990 |30 |7/2+,9/2+ |
137 |56 |3008 |20 | |
137 |56 |3037.0 |10 | |
137 |56 |3074.0 |10 | |
137 |56 |3086.1 |4 |1/2,3/2 |
137 |56 |3094.0 |10 | |
137 |56 |3127.42 |12 |1/2,3/2 |
137 |56 |3140.0 |10 | |
137 |56 |3141 |20 |(9/2)- |
137 |56 |3179.4 |7 | |
137 |56 |3221.0 |10 |1/2,3/2 |
137 |56 |3228 |20 |5/2-,7/2- |
137 |56 |3244.0 |7 | |
137 |56 |3251.0 |10 | |
137 |56 |3279.0 |10 | |
137 |56 |3316.53 |15 |1/2-,3/2- |
137 |56 |3332.0 |10 |(5/2)- |
137 |56 |3383.0 |10 | |
137 |56 |3402.54 |11 |3/2- |
137 |56 |3420 |20 | |
137 |56 |3453.0 |10 | |
137 |56 |3473.0 |10 | |
137 |56 |3496 |20 |5/2-,7/2- |
137 |56 |3525.0 |10 | |
137 |56 |3550 | |7/2+,9/2+ |
137 |56 |3563.0 |10 | |
137 |56 |3591 |20 |5/2-,7/2- |
137 |56 |3606.1 |10 | |
137 |56 |3640.1 |10 |5/2-,7/2- |
137 |56 |3680.80 |17 |1/2-,3/2- |
137 |56 |3703.1 |10 |5/2-,7/2- |
137 |56 |3720.9 |4 |1/2,3/2 |
137 |56 |3761.1 |10 | |
137 |56 |3778.1 |10 | |
137 |56 |3798.89 |24 |(1/2-,3/2-) |
137 |56 |3822.1 |10 | |
137 |56 |3827 |20 |5/2-,7/2- |
137 |56 |3846.1 |10 | |
137 |56 |3850.3 |7 |1/2,3/2 |
137 |56 |3857.1 |10 |1/2,3/2 |
137 |56 |3894.1 |10 | |
137 |56 |3940.1 |10 | |
137 |56 |3963.1 |10 |1/2,3/2 |
137 |56 |3977.1 |10 |1/2,3/2 |
137 |56 |3981.1 |10 | |
137 |56 |4149.97 |18 |1/2+,3/2 |
137 |56 |4206.1 |10 |1/2,3/2 |
137 |56 |4216.10 |15 |1/2,3/2 |
137 |56 |4550.7 |7 |1/2,3/2 |
137 |56 |4594.9 |7 |1/2,3/2 |
137 |56 |4764.4 |5 |1/2,3/2 |
138 |56 |0.0 | |0+ |STABLE
138 |56 |1435.816 |10 |2+ |0.202 PS 8
138 |56 |1898.614 |11 |4+ |2.164 NS 11
138 |56 |2090.54 |6 |6+ |0.8 US 1
138 |56 |2189.94 |8 |1,2+ |
138 |56 |2203.10 |9 |6+ |55 PS 17
138 |56 |2217.90 |4 |2+ |0.121 PS 11
138 |56 |2307.59 |4 |4+ |7 PS 3
138 |56 |2340 | |0+ |
138 |56 |2415.41 |6 |5+ |16 PS 8
138 |56 |2445.617 |12 |3+ |5 PS 4
138 |56 |2582.81 |19 |4+ |
138 |56 |2583.17 |6 |2+,1+ |7 PS LE
138 |56 |2639.48 |5 |2+ |0.34 PS 7
138 |56 |2779.39 |7 |4+ |6 PS LE
138 |56 |2794.26 |13 |1,2+ |
138 |56 |2851.55 |9 |(4+) |11 PS LE
138 |56 |2880.755 |23 |3- |11 PS LE
138 |56 |2900 |AP | |
138 |56 |2916.50 |24 |1,2+ |
138 |56 |2931.45 |20 |1,2+ |
138 |56 |2991.15 |7 |3+ |11 PS LE
138 |56 |3050.10 |9 |2+ |
138 |56 |3154.65 |12 |4+ |
138 |56 |3163.42 |9 |(2+,3) |
138 |56 |3183.83 |22 |8+ |20 PS +20-14
138 |56 |3242.55 |9 |(2+,3) |
138 |56 |3257.52 |16 |(2+,3) |
138 |56 |3309.4 |4 | |
138 |56 |3338.97 |16 |2+ |38 FS 5
138 |56 |3352.6 |3 |(1,2+) |
138 |56 |3359.6 |3 |(7+) |25 PS 10
138 |56 |3366.45 |14 |2+ |34 FS 8
138 |56 |3376.53 |17 |3,(2) |
138 |56 |3437.5 |6 |(1+,2+) |
138 |56 |3442.29 |16 |(1,2+) |
138 |56 |3500 |AP |(4+) |
138 |56 |3504.39 |12 |1- |
138 |56 |3534 | |- |
138 |56 |3561 | |(4)- |
138 |56 |3600.79 |12 |1,2+ |
138 |56 |3610.0 |4 |(7+,8+) |
138 |56 |3612 | |(0+) |
138 |56 |3622.4 |4 |10+ |0.51 NS 7
138 |56 |3633.0 |4 |(9-) |31 PS 18
138 |56 |3643.64 |3 |2+ |20 FS AP
138 |56 |3646.85 |12 |(3)- |
138 |56 |3652.6 |8 |(1,2+) |
138 |56 |3678.1 |5 |(8-) |0.07 NS LE
138 |56 |3693.91 |11 | |
138 |56 |3837.52 |10 |(2+) |
138 |56 |3857 | |(5)- |
138 |56 |3910.9 |4 |(10+) |14 PS LE
138 |56 |3922.16 |8 |(3)- |
138 |56 |3935.04 |12 |2+ |
138 |56 |4001.77 |21 |1,2+ |
138 |56 |4012.3 |3 |(2,3,4) |
138 |56 |4013.7 |3 |1,2+ |
138 |56 |4025.87 |13 |1- |2.11 FS 16
138 |56 |4043 | |(2+) |
138 |56 |4079.96 |22 |(1)- |
138 |56 |4083.73 |12 |(1,2+) |
138 |56 |4114.80 |12 |1,2+ |
138 |56 |4115.0 |5 | |
138 |56 |4130.62 |21 | |
138 |56 |4143.12 |6 |1- |
138 |56 |4157.9 |5 |(9) |
138 |56 |4165 | |(4)- |
138 |56 |4197.6 |4 |1,2,3 |
138 |56 |4241.78 |10 |1,2+ |
138 |56 |4279.78 |9 |(2)- |
138 |56 |4323.37 |12 |1- |28 FS 5
138 |56 |4331.98 |9 |1,2+ |
138 |56 |4359.62 |8 |1+,2,3 |
138 |56 |4445.69 |16 |1- |10.5 FS 16
138 |56 |4507.59 |11 |2,3 |
138 |56 |4535.95 |14 |1- |
138 |56 |4564.63 |10 |(3)- |
138 |56 |4579.82 |13 |1,2,3 |
138 |56 |4584.5 |5 | |
138 |56 |4586.5 |4 |(1-,2-) |
138 |56 |4629.78 |13 | |
138 |56 |4645.74 |10 |1-,2-,3- |
138 |56 |4665.77 |13 |(1-,2+) |
138 |56 |4689.5 |5 |(12+) |14 PS LE
138 |56 |4707.48 |9 |1(-) |
138 |56 |4743.34 |12 |(2,3)- |
138 |56 |4795.88 |21 |(2,3)- |
138 |56 |4856.22 |21 |1(-) |1.4 FS 4
138 |56 |4860 | |+ |
138 |56 |4864.2 |5 | |
138 |56 |4872.01 |15 |(2,3)- |
138 |56 |5027.67 |17 |(2-,3) |
138 |56 |5145.7 |10 |1 |
138 |56 |5283.9 |10 |1 |
138 |56 |5391.7 |10 |1(-) |
138 |56 |5475.5 |10 |1 |
138 |56 |5510.8 |7 |1- |
138 |56 |5581.4 |10 |1- |
138 |56 |5644.7 |7 |1- |
138 |56 |5654.7 |10 |1- |
138 |56 |5694.2 |10 |1- |
138 |56 |5740 | |0+ |
138 |56 |5743.0 |7 |1- |
138 |56 |5766.2 |10 |1- |
138 |56 |5815.0 |10 |1- |
138 |56 |5873.8 |10 |1- |
138 |56 |5963.4 |10 |1- |
138 |56 |6102.8 |10 |1- |
138 |56 |6114.2 |10 |1- |
138 |56 |6193.3 |10 |1- |
138 |56 |6245.1 |10 |1- |
138 |56 |6280 | |0+ |
138 |56 |6345.8 |7 |1- |
138 |56 |6362.6 |10 |1- |
138 |56 |6410.5 |10 |1- |
138 |56 |6434.3 |10 |1- |
139 |56 |0.0 | |7/2- |83.06 M 28
139 |56 |627.294 |19 |3/2- |
139 |56 |1081.96 |4 |1/2- |
139 |56 |1283.32 |3 |9/2- |
139 |56 |1308.20 |5 |9/2+,11/2- |
139 |56 |1420.65 |4 |5/2- |
139 |56 |1538.96 |11 |13/2+ |
139 |56 |1619 |10 |9/2-,11/2- |
139 |56 |1620.73 |6 |5/2+,7/2,9/2+ |
139 |56 |1680.78 |4 |7/2- |
139 |56 |1698.68 |5 |5/2- |
139 |56 |1748.25 |5 |(3/2-) |
139 |56 |1817.76 |4 |1/2-,3/2,5/2- |
139 |56 |1828.8 |3 | |
139 |56 |1851.02 |6 | |
139 |56 |1877.37 |4 | |
139 |56 |1887.53 |5 |5/2-,7/2,9/2- |
139 |56 |1895.40 |4 |1/2,3/2,5/2+ |
139 |56 |1933.48 |5 |7/2- |
139 |56 |1946.02 |18 |3/2,5/2+ |
139 |56 |1949.11 |6 |3/2-,5/2,7/2- |
139 |56 |1951.54 |15 | |
139 |56 |1977.2 |5 | |0.40 NS 25
139 |56 |1998.25 |6 | |
139 |56 |2020.88 |10 |5/2-,7/2- |
139 |56 |2037.96 |5 |3/2-,5/2,7/2- |
139 |56 |2079.06 |14 | |
139 |56 |2089.88 |6 |5/2-,7/2- |
139 |56 |2091.7 |6 | |
139 |56 |2100.07 |11 |3/2-,5/2,7/2- |
139 |56 |2110.85 |6 | |
139 |56 |2129.15 |4 |3/2- |
139 |56 |2156.99 |8 |3/2-,5/2+ |
139 |56 |2158.77 |5 |3/2-,5/2+ |
139 |56 |2166.72 |19 | |
139 |56 |2173.94 |5 |5/2-,7/2- |
139 |56 |2185.50 |6 |1/2-,3/2- |
139 |56 |2218.91 |7 |3/2-,5/2,7/2- |
139 |56 |2229.79 |9 | |
139 |56 |2249.85 |24 | |
139 |56 |2304.87 |8 |(5/2-) |
139 |56 |2349.79 |3 |5/2-,7/2- |
139 |56 |2375.80 |8 |5/2-,7/2,9/2- |
139 |56 |2380.70 |7 | |
139 |56 |2435.21 |9 |(3/2)- |
139 |56 |2461.66 |7 |5/2-,7/2,9/2- |
139 |56 |2480.70 |5 |3/2-,5/2,7/2- |
139 |56 |2485.52 |24 |1/2,3/2,5/2+ |
139 |56 |2524.30 |11 | |
139 |56 |2529.68 |16 | |
139 |56 |2531.82 |5 |3/2-,5/2,7/2- |
139 |56 |2543 |10 |(5/2-,7/2-) |
139 |56 |2549.68 |16 |3/2-,5/2,7/2- |
139 |56 |2569.86 |13 |(3/2)- |
139 |56 |2605.73 |4 | |
139 |56 |2649.38 |7 |3/2-,5/2,7/2- |
139 |56 |2667 |10 | |
139 |56 |2739 |10 | |
139 |56 |2743.5 |4 | |
139 |56 |2797 |10 | |
139 |56 |2847.75 |7 | |
139 |56 |2857 |15 |(1/2-,3/2-) |
139 |56 |2909 |15 | |
139 |56 |2939 |15 | |
139 |56 |2994.42 |9 |5/2-,7/2,9/2- |
139 |56 |2997.31 |8 |5/2-,7/2,9/2 |
139 |56 |3023 |10 |(1/2-,3/2-) |
139 |56 |3080 |10 |13/2+,11/2+ |
139 |56 |3100 |10 | |
139 |56 |3168.12 |20 |(1/2-,3/2-) |
139 |56 |3177 |10 | |
139 |56 |3210 |10 |(1/2-,3/2-) |
139 |56 |3231 |10 | |
139 |56 |3259.1 |3 |1/2,3/2,5/2+ |
139 |56 |3270.28 |19 | |
139 |56 |3336 |10 | |
139 |56 |3385.02 |20 |(1/2-,3/2-) |
139 |56 |3401.36 |14 |5/2-,7/2- |
139 |56 |3418.79 |14 | |
139 |56 |3434.43 |21 | |
139 |56 |3464.39 |7 |(5/2-,7/2-) |
139 |56 |3480 |10 | |
139 |56 |3499 |10 | |
139 |56 |3524 |10 | |
139 |56 |3563 |10 | |
139 |56 |3592 |10 | |
139 |56 |3603 |10 | |
139 |56 |3665.66 |8 |5/2,7/2,9/2 |
139 |56 |3674.60 |14 |5/2,7/2- |
139 |56 |3701.94 |14 |5/2-,7/2,9/2- |
139 |56 |3724.19 |14 |5/2,7/2- |
139 |56 |3769.22 |11 |5/2,7/2,9/2 |
139 |56 |3820.05 |24 | |
139 |56 |3839.73 |15 |5/2,7/2,9/2 |
139 |56 |3853.93 |16 |5/2,7/2,9/2 |
139 |56 |3887.9 |3 | |
139 |56 |3912.27 |21 |5/2,7/2,9/2 |
139 |56 |3930 |10 | |
139 |56 |3950.82 |12 |5/2+ |
139 |56 |3971 |10 | |
139 |56 |4010 |10 | |
140 |56 |0.0 | |0+ |12.7527 D 23
140 |56 |602.37 |3 |2+ |9.7 PS 41
140 |56 |1130.60 |6 |4+ |
140 |56 |1510.68 |6 |2+ |
140 |56 |1660.3 |3 |6+ |
140 |56 |1802.90 |7 |3- |
140 |56 |1823.80 |9 |0+ |
140 |56 |1951.61 |25 |(3+) |
140 |56 |1993.66 |9 |2+ |
140 |56 |2138.24 |11 |3(+) |
140 |56 |2152.1 |4 |(5-) |
140 |56 |2204.21 |10 |2+,3 |
140 |56 |2237.24 |7 |2+ |
140 |56 |2309.52 |14 |2+,1 |
140 |56 |2320.51 |15 |(3,4+) |
140 |56 |2429.52 |8 |1,2+ |
140 |56 |2468.3 |4 |(8+) |
140 |56 |2521.81 |10 |(1,2+) |
140 |56 |2663.8 |3 | |
140 |56 |2692.0 |4 |(1+,2+) |
140 |56 |2704.04 |9 |1 |
140 |56 |2722.9 |4 |(7-) |
140 |56 |2782.08 |21 |(3) |
140 |56 |2787.55 |17 |(2+) |
140 |56 |2870.80 |19 |2 |
140 |56 |2873.84 |17 |(1+,2+) |
140 |56 |2932.63 |7 |2- |
140 |56 |2973.63 |20 | |
140 |56 |3098.47 |14 |(1+,2+) |
140 |56 |3296.8 |5 |(9-) |
140 |56 |3383.8 |6 |(10+) |
140 |56 |3451.48 |10 |(1-) |
140 |56 |3520.6 |5 |(1+,2) |
140 |56 |3526.6 |4 |(1+,2+) |
140 |56 |3601.7 |5 |(1-) |
140 |56 |3656.08 |10 |2 |
140 |56 |3769.5 |6 |(11-) |
140 |56 |3845.3 |6 | |
140 |56 |3851.05 |9 |1 |
140 |56 |3943.79 |6 |1 |
140 |56 |3973.20 |10 |2(-) |
140 |56 |4032.56 |25 |(2+) |
140 |56 |4037.25 |15 |(2-) |
140 |56 |4079.96 |13 |(2-) |
140 |56 |4102.8 |8 |(12+) |
140 |56 |4275.13 |24 |(2-) |
140 |56 |4358.44 |17 |2 |
140 |56 |4388.06 |21 |(1-,2-) |
140 |56 |4395.7 |4 | |
140 |56 |4416.1 |3 |(1-) |
140 |56 |4499.81 |11 |(1-) |
140 |56 |4531.2 |8 |(13-) |
140 |56 |4801.19 |21 |(2-) |
140 |56 |4981.9 |5 |(1-) |
140 |56 |5109.98 |18 |(1-,2-) |
140 |56 |5173.69 |18 |(2-) |
140 |56 |5183.14 |15 |(2-) |
140 |56 |5310.43 |24 |2- |
140 |56 |5388.89 |12 |(2-) |
140 |56 |5588.30 |23 |2- |
140 |56 |5611.1 |4 |2- |
140 |56 |5651.1 |3 |2- |
140 |56 |5765.3 |4 |2- |
141 |56 |0.0 | |3/2- |18.27 M 7
141 |56 |48.53 |2 |(5/2)- |2.3 NS 4
141 |56 |55.00 |4 |(7/2)- |5.2 NS 5
141 |56 |610.13 |7 |(9/2-) |
141 |56 |643.81 |7 |(11/2-) |
141 |56 |709.44 |8 | |
141 |56 |747.03 |6 |(9/2-) |
141 |56 |827.00 |6 | |
141 |56 |1056.24 |7 | |
141 |56 |1116.79 |7 | |
141 |56 |1187.3 | |(13/2-) |
141 |56 |1195.50 |6 | |
141 |56 |1202.10 |13 | |
141 |56 |1214.42 |6 | |
141 |56 |1226.50 |6 | |
141 |56 |1229.81 |15 | |
141 |56 |1231.63 |12 | |
141 |56 |1249.04 |7 | |
141 |56 |1256.78 |6 |(11/2) |
141 |56 |1302.02 |4 |(15/2-) |
141 |56 |1341.5 |1 |(13/2+) |
141 |56 |1432.29 |23 | |
141 |56 |1503.98 |15 | |
141 |56 |1546.02 |10 | |
141 |56 |1572.50 |11 | |
141 |56 |1583.13 |10 | |
141 |56 |1629.74 |9 | |
141 |56 |1654.09 |12 | |
141 |56 |1677.01 |21 | |
141 |56 |1690.32 |15 | |
141 |56 |1709.92 |22 | |
141 |56 |1717.35 |16 | |
141 |56 |1719.62 |5 |(17/2-) |
141 |56 |1764.09 |23 | |
141 |56 |1765.32 |10 | |
141 |56 |1836.23 |7 |(17/2+) |
141 |56 |1844.53 |11 | |
141 |56 |1853.87 |22 | |
141 |56 |1874.01 |9 | |
141 |56 |1942.49 |13 | |
141 |56 |2010.18 |20 | |
141 |56 |2062.43 |20 | |
141 |56 |2107.24 |12 | |
141 |56 |2114.94 |6 |(19/2-) |
141 |56 |2142.82 |13 | |
141 |56 |2172.16 |7 |(19/2-) |
141 |56 |2274.06 |7 | |
141 |56 |2329.12 |9 |(21/2-) |
141 |56 |2363.54 |24 | |
141 |56 |2382.73 |19 | |
141 |56 |2394.60 |15 | |
141 |56 |2433.25 |8 |(21/2+) |
141 |56 |2449.89 |16 | |
141 |56 |2781.47 |11 |(23/2-) |
141 |56 |2874.68 |15 | |
141 |56 |2943.77 |10 |(23/2+) |
141 |56 |2950.38 |14 |(23/2-) |
141 |56 |2972.66 |19 | |
141 |56 |3004.55 |17 | |
141 |56 |3031.95 |23 | |
141 |56 |3043.04 |21 | |
141 |56 |3078.43 |21 | |
141 |56 |3087.6 |3 | |
141 |56 |3099.51 |19 | |
141 |56 |3111.98 |19 | |
141 |56 |3120.36 |11 | |
141 |56 |3127.78 |10 |(25/2+) |
141 |56 |3132.88 |20 | |
141 |56 |3170.20 |19 | |
141 |56 |3175.11 |11 |(25/2-) |
141 |56 |3189.67 |15 | |
141 |56 |3243.04 |17 | |
141 |56 |3247.40 |15 | |
141 |56 |3259.26 |20 | |
141 |56 |3273.5 |3 | |
141 |56 |3315.53 |21 | |
141 |56 |3334.89 |18 | |
141 |56 |3431.73 |24 | |
141 |56 |3441.7 |3 | |
141 |56 |3456.54 |24 | |
141 |56 |3472.13 |21 |(27/2-) |
141 |56 |3493.23 |11 |(27/2+) |
141 |56 |3820.2 |5 |(27/2-) |
141 |56 |3834.20 |13 |(29/2+) |
141 |56 |3908.48 |15 |(29/2-) |
141 |56 |4239.1 |3 |5/2+,7/2+,9/2+ |
141 |56 |4244.24 |15 |(31/2+) |
141 |56 |4303.64 |24 |(31/2-) |
141 |56 |4364.40 |17 |5/2+,7/2+,9/2+ |
141 |56 |4533.42 |21 |5/2+,7/2+,9/2+ |
141 |56 |4544.72 |22 |5/2+,7/2+,9/2+ |
141 |56 |4591.20 |21 |5/2+,7/2+,9/2+ |
141 |56 |4618.63 |19 |(33/2+) |
141 |56 |4671.0 |3 |5/2+,7/2+,9/2+ |
141 |56 |4931.67 |21 |(35/2+) |
142 |56 |0.0 | |0+ |10.6 M 2
142 |56 |359.596 |14 |2+ |65 PS 2
142 |56 |834.81 |9 |4+ |12.5 PS 8
142 |56 |1292.20 |14 |(3-) |
142 |56 |1326.48 |5 |1- |10 PS 5
142 |56 |1424.06 |6 |2+ |9 PS LT
142 |56 |1465.98 |24 |6+ |7.2 PS 13
142 |56 |1535.53 |7 |0+ |9 PS 7
142 |56 |1541.57 |23 |5- |
142 |56 |1639.60 |10 |0+ |16 PS LT
142 |56 |1693.0 |3 |2+ |
142 |56 |1747.40 |23 |5(+) |
142 |56 |1781.50 |10 | |
142 |56 |1848.41 |21 |6+ |
142 |56 |1952.7 |4 |7- |
142 |56 |2070.1 |3 |7(+) |
142 |56 |2127.9 |3 |0+ |
142 |56 |2159.4 |4 |8+ |
142 |56 |2229.3 |3 |8(+) |
142 |56 |2341.77 |10 |1 |
142 |56 |2513.8 |4 |9- |
142 |56 |2569.78 |11 | |
142 |56 |2680.1 |4 |(9+) |
142 |56 |2814.9 |4 |(10+) |
142 |56 |2882.57 |16 |(1,2+) |
142 |56 |2925.9 |4 |(10+) |
142 |56 |3144.38 |23 |(1) |
142 |56 |3153.9 |5 |(11-) |
142 |56 |3261.7 |4 |(1) |
142 |56 |3283.29 |19 |(1) |
142 |56 |3343.0 |5 | |
142 |56 |3507.3 |5 | |
142 |56 |3573.08 |24 |(1) |
142 |56 |3794.9 |5 | |
142 |56 |3932.9 |6 | |
142 |56 |4369.3 |4 |(1) |
142 |56 |4517.4 |6 | |
142 |56 |5280.4 |4 | |
143 |56 |0.0 | |5/2- |14.5 S 3
143 |56 |33.29 |3 |(1/2)- |
143 |56 |117.368 |24 |9/2- |3.5 NS 8
143 |56 |228.83 |3 |(3/2)- |
143 |56 |232.416 |14 |(3/2,5/2)- |
143 |56 |263.386 |13 |7/2- |
143 |56 |306.56 |3 |(3/2)- |
143 |56 |460.7 |3 |13/2- |
143 |56 |466.67 |3 |- |
143 |56 |534.83 |3 |5/2- |
143 |56 |597.77 |11 | |
143 |56 |659.98 |5 | |
143 |56 |670.57 |5 | |
143 |56 |695.53 |5 |(+) |
143 |56 |716.3 |3 |11/2- |
143 |56 |729.27 |5 |5/2- |
143 |56 |822.74 |5 | |
143 |56 |830.85 |8 | |
143 |56 |834.10 |4 |3/2,5/2 |
143 |56 |933.69 |7 | |
143 |56 |953.8 |4 |17/2- |
143 |56 |1066.8 |4 |15/2+ |
143 |56 |1082.70 |6 | |
143 |56 |1085.12 |6 | |
143 |56 |1100.63 |5 | |
143 |56 |1109.97 |7 | |
143 |56 |1153.55 |6 | |
143 |56 |1178.0 |5 |(13/2+) |
143 |56 |1203.52 |20 | |
143 |56 |1232.0 |4 |15/2- |
143 |56 |1253.33 |6 | |
143 |56 |1299.7 |10 | |
143 |56 |1410.5 |4 |19/2+ |
143 |56 |1440.86 |8 | |
143 |56 |1452.25 |6 | |
143 |56 |1525.5 |4 |17/2+ |
143 |56 |1575.99 |10 | |
143 |56 |1579.5 |4 |21/2- |
143 |56 |1800.2 |4 |19/2- |
143 |56 |1880.0 |4 |23/2+ |
143 |56 |2007.4 |4 |21/2+ |
143 |56 |2271.2 |5 |25/2- |
143 |56 |2425.6 |5 |23/2- |
143 |56 |2473.8 |5 |27/2+ |
143 |56 |2586.5 |5 |25/2+ |
143 |56 |2638.96 |20 | |
143 |56 |2998.5 |6 |29/2- |
143 |56 |3165.5 |6 |31/2+ |
143 |56 |3201.0 |6 |29/2+ |
143 |56 |3858.7 |8 |33/2+ |
143 |56 |3944.3 |8 |35/2+ |
144 |56 |0.0 | |0+ |11.5 S 2
144 |56 |199.326 |6 |2+ |0.71 NS 2
144 |56 |530.19 |7 |4+ |34 PS 5
144 |56 |758.94 |4 |1(-) |24 PS LT
144 |56 |838.37 |5 |3(-) |10 PS LT
144 |56 |961.53 |11 |6+ |
144 |56 |1020.03 |7 |0+ |
144 |56 |1038.83 |11 |5(-) |
144 |56 |1315.64 |8 |(2) |
144 |56 |1355.24 |13 |7(-) |
144 |56 |1470.84 |14 |8+ |
144 |56 |1772.95 |14 |9(-) |
144 |56 |1837.58 |21 | |
144 |56 |1848.16 |9 |2(+) |
144 |56 |1864.25 |8 |2+ |
144 |56 |1880.98 |24 |(5+) |
144 |56 |1991.46 |18 |(6-) |
144 |56 |2044.32 |16 |10+ |
144 |56 |2159.26 |18 |(7+) |
144 |56 |2212.42 |8 |(2+) |
144 |56 |2279.07 |16 |11(-) |
144 |56 |2362.94 |21 |(8-) |
144 |56 |2375.39 |25 |(1+,2+) |
144 |56 |2664.0 |3 | |
144 |56 |2667.07 |19 |12+ |
144 |56 |2863.68 |18 |13(-) |
144 |56 |2903.66 |23 | |
144 |56 |3320.72 |22 |(14+) |
144 |56 |3519.00 |24 |(15-) |
144 |56 |3991.5 |3 |(16+) |
144 |56 |4242.1 |4 |(17-) |
145 |56 |0.0 | |5/2- |4.31 S 16
145 |56 |112.64 |1 |(7/2)- |0.22 NS 12
145 |56 |175.28 | |(1/2)- |
145 |56 |198.69 |1 |(5/2)- |
145 |56 |277.28 |1 |(9/2)- |
145 |56 |319.72 |1 |(3/2)+ |
145 |56 |416.46 |1 |(5/2)- |
145 |56 |435.69 |1 |3/2+ |
145 |56 |454.63 |1 |(3/2)- |
145 |56 |462.75 |14 |(11/2)- |
145 |56 |492.12 |1 | |
145 |56 |507.75 |13 |(11/2)- |
145 |56 |547.09 |1 |(5/2)+ |
145 |56 |566.72 |11 |(5/2-) |
145 |56 |611.07 |1 |(5/2-) |
145 |56 |617.34 |17 |(13/2)+ |
145 |56 |627.11 |1 | |
145 |56 |641.43 |15 |(13/2)- |
145 |56 |663.30 |1 | |
145 |56 |670.8 |8 |(11/2+) |
145 |56 |672.53 |1 | |
145 |56 |724.40 | |(5/2-) |
145 |56 |753.36 |1 |(1/2,5/2-) |
145 |56 |785.25 |1 |+ |
145 |56 |795.89 |1 | |
145 |56 |819.78 |1 | |
145 |56 |836.20 |1 | |
145 |56 |851.44 |1 | |
145 |56 |866.0 |2 |(17/2)+ |
145 |56 |872.37 |1 | |
145 |56 |900.33 |17 |(15/2)- |
145 |56 |971.8 |7 |(15/2+) |
145 |56 |1050.29 |2 | |
145 |56 |1098.27 |19 |(17/2)- |
145 |56 |1116.75 |2 | |
145 |56 |1137.62 |1 | |
145 |56 |1155.14 |1 | |
145 |56 |1240.3 |3 |(21/2)+ |
145 |56 |1240.52 |1 | |
145 |56 |1299.68 |2 | |
145 |56 |1353.52 |1 | |
145 |56 |1383.9 |7 |(19/2+) |
145 |56 |1394.0 |2 |(19/2-) |
145 |56 |1461.9 |8 |(19/2-) |
145 |56 |1640.2 |2 |(21/2)- |
145 |56 |1718.6 |3 |(25/2)+ |
145 |56 |1812.4 |7 |(23/2-) |
145 |56 |1889.7 |8 |(23/2+) |
145 |56 |1940 |1 |23/2- |
145 |56 |2206.5 |10 |25/2- |
145 |56 |2234.4 |7 |(27/2-) |
145 |56 |2282.8 |4 |(29/2)+ |
145 |56 |2429 |1 |(27/2+) |
145 |56 |2725.0 |9 |(31/2-) |
145 |56 |2923 |1 |(33/2)+ |
145 |56 |3289.0 |15 |(35/2-) |
145 |56 |3629.5 |15 |(37/2+) |
145 |56 |3921.6 |18 |(39/2-) |
145 |56 |4623 |2 |(43/2-) |
146 |56 |0.0 | |0+ |2.22 S 7
146 |56 |181.05 |5 |2+ |0.86 NS 3
146 |56 |513.50 |7 |4+ |18 PS 15
146 |56 |738.75 |8 |1(-) |160 PS 10
146 |56 |820.89 |8 |3- |237 PS 8
146 |56 |958.17 |11 |6+ |
146 |56 |1024.36 |10 |5- |
146 |56 |1052.5 |3 |0(+) |26 PS LT
146 |56 |1115.22 |11 |(1,2+) |
146 |56 |1256.21 |12 |(1,2+) |
146 |56 |1348.96 |12 |7- |
146 |56 |1482.37 |13 |8+ |
146 |56 |1566.42 |10 |2+ |
146 |56 |1715.10 |20 |(1,2+) |
146 |56 |1777.46 |14 |9- |
146 |56 |1874.49 |16 |6- |
146 |56 |1944.52 |18 |7- |
146 |56 |1968.4 |4 |(1,2+) |
146 |56 |1974.2 |5 | |
146 |56 |2029.21 |21 |(8+) |
146 |56 |2051.77 |15 |10+ |
146 |56 |2090.25 |17 |8- |
146 |56 |2096.67 |24 |(7-) |
146 |56 |2191.02 |16 |9- |
146 |56 |2212.87 |22 |(8,9-) |
146 |56 |2292.53 |21 |11- |
146 |56 |2349.73 |21 |(9-) |
146 |56 |2389.03 |22 |(10-) |
146 |56 |2442.79 |20 |(10+) |
146 |56 |2515.88 |18 |11- |
146 |56 |2529.9 |3 |(10,11-) |
146 |56 |2632.1 |3 |12+ |
146 |56 |2710.0 |3 | |
146 |56 |2790.5 |3 |(12-) |
146 |56 |2876.3 |3 |13- |
146 |56 |2938.61 |22 |13- |
146 |56 |2953.4 |5 | |
146 |56 |3192.4 |4 |14+ |
146 |56 |3297.6 |5 |(14-) |
146 |56 |3452.3 |3 |(15-) |
146 |56 |3523.8 |4 | |
146 |56 |3736.8 |4 |(16+) |
146 |56 |4071.8 |4 |(17-) |
147 |56 |0.0 | |(3/2-) |0.894 S 10
147 |56 |46.22 |5 |(1/2-,3/2-,5/2-) |0.51 NS 8
147 |56 |74.9 |8 | |
147 |56 |85.40 |5 |(1/2-,3/2-,5/2-) |0.37 NS 10
147 |56 |109.80 |5 |(1/2-,3/2-,5/2-) |1.4 NS
147 |56 |185.81 |6 |(-) |
147 |56 |198.9 |8 | |
147 |56 |238.80 |7 | |
147 |56 |279.12 |9 |(-) |
147 |56 |292.09 |6 |(-) |0.3 NS
147 |56 |319.4 |8 | |
147 |56 |327.40 |6 | |
147 |56 |360.09 |11 |(-) |
147 |56 |365.62 |8 |(-) |
147 |56 |397.48 |7 |(-) |
147 |56 |426.10 |7 | |
147 |56 |450.79 |23 |(-) |
147 |56 |451.32 |7 | |
147 |56 |462.08 |7 | |
147 |56 |487.04 |22 | |
147 |56 |491.12 |8 | |
147 |56 |513.81 |8 |(-) |
147 |56 |544.14 |8 | |
147 |56 |564.37 |7 | |
147 |56 |572.82 |22 | |
147 |56 |587.00 |8 | |
147 |56 |595.72 |9 | |
147 |56 |628.33 |11 | |
147 |56 |642.31 |14 |(-) |
147 |56 |655.63 |18 | |
147 |56 |690.7 |3 |(-) |
147 |56 |705.70 |15 | |
147 |56 |712.0 | | |
147 |56 |716.32 |10 | |
147 |56 |719.80 |8 | |
147 |56 |738.29 |15 | |
147 |56 |744.44 |9 | |
147 |56 |773.60 |15 | |
147 |56 |787.10 |10 | |
147 |56 |801.70 |10 | |
147 |56 |842.9 |3 | |
147 |56 |921.26 |11 | |
147 |56 |930.50 |21 | |
147 |56 |1015.94 |8 | |
147 |56 |1045.60 |10 | |
147 |56 |1067.3 |4 |(-) |
147 |56 |1078.9 |3 | |
147 |56 |1090.3 |3 | |
147 |56 |1140.3 | | |
147 |56 |1208.96 |18 | |
147 |56 |1239.52 |17 | |
147 |56 |1262.00 |17 | |
147 |56 |1326.21 |21 | |
147 |56 |1557.9 |5 |(-) |
147 |56 |1707.2 |3 | |
147 |56 |2300.2 |8 | |
147 |56 |2365.2 |10 | |
148 |56 |0.0 | |0+ |0.612 S 17
148 |56 |141.8 |1 |2+ |
148 |56 |423.10 |15 |4+ |
148 |56 |687.2 |7 |1- |
148 |56 |775.00 |23 |(3-) |
148 |56 |807.90 |18 |6+ |
148 |56 |963.20 |25 |(5-) |
148 |56 |1049.2 | |2+ |
148 |56 |1255.70 |20 |7- |
148 |56 |1264.70 |20 |8+ |
148 |56 |1644.92 |21 |9- |
148 |56 |1767.78 |22 |10+ |
148 |56 |2117.30 |25 |(11-) |
148 |56 |2303.5 |3 |(12+) |
148 |56 |2659.3 |4 | |
148 |56 |2867.0 |4 | |
149 |56 |0.0 | | |0.344 S 7
150 |56 |0.0 | |0+ |0.3 S
151 |56 |0 | | |300 NS GT
152 |56 |0 | |0+ |406 NS GT
