121 |58 |0.0 | |(5/2) |1.1 S 1
122 |58 |0.0 | |0+ |
122 |58 |136.4 |5 |(2+) |
122 |58 |434.7 |7 |(4+) |
122 |58 |872.2 |9 |(6+) |
122 |58 |1428.7 |10 |(8+) |
122 |58 |2086.7 |15 |(10+) |
122 |58 |2830.7 |18 |(12+) |
122 |58 |3642.7 |20 |(14+) |
123 |58 |0.0 | |(5/2) |3.8 S 2
123 |58 |0+X | |(5/2+) |
123 |58 |0+Y | |(7/2+) |
123 |58 |0+Z | |(7/2-) |
123 |58 |270.70+Z |10 |(11/2-) |
123 |58 |273.00+X |10 |(9/2+) |
123 |58 |335.80+Y |10 |(11/2+) |
123 |58 |638.50+Z |15 |(15/2-) |
123 |58 |669.40+X |15 |(13/2+) |
123 |58 |788.90+Y |15 |(15/2+) |
123 |58 |1131.10+Z |18 |(19/2-) |
123 |58 |1176.60+X |18 |(17/2+) |
123 |58 |1347.10+Y |18 |(19/2+) |
123 |58 |1728.60+Z |20 |(23/2-) |
123 |58 |1781.20+X |20 |(21/2+) |
123 |58 |1995.20+Y |20 |(23/2+) |
123 |58 |2407.31+Z |23 |(27/2-) |
123 |58 |2466.6+X |3 |(25/2+) |
123 |58 |2715.11+Y |23 |(27/2+) |
123 |58 |3131.7+Z |3 |(31/2-) |
123 |58 |3211.6+X |11 |(29/2+) |
123 |58 |3456.1+Y |3 |(31/2+) |
123 |58 |3874.9+Z |4 |(35/2-) |
123 |58 |3958.6+X |15 |(33/2+) |
123 |58 |4210.7+Y |4 |(35/2+) |
123 |58 |4658.5+Z |5 |(39/2-) |
123 |58 |4778.6+X |18 |(37/2+) |
123 |58 |4994.1+Y |5 |(39/2+) |
123 |58 |5513.5+Z |11 |(43/2-) |
123 |58 |5833.1+Y |11 |(43/2+) |
124 |58 |0.0 | |0+ |6 S 2
124 |58 |141.90 |20 |2+ |0.88 NS 19
124 |58 |447.8 |3 |4+ |19 PS 6
124 |58 |891.9 |4 |6+ |
124 |58 |1450.7 |4 |8+ |
124 |58 |1849.8 |5 |(7-) |
124 |58 |2100.9 |5 |10+ |
124 |58 |2127.7 |5 |(9-) |
124 |58 |2183.9 |5 |(8+) |
124 |58 |2509.9 |5 |(11-) |
124 |58 |2600.6 |5 |(10+) |
124 |58 |2818.3 |5 |12+ |
124 |58 |2984.1 |5 |(13-) |
124 |58 |3072.5 |5 |(12+) |
124 |58 |3544.0 |6 |(15-) |
124 |58 |3544.6 |5 |14+ |
124 |58 |3592.8 |5 |(14+) |
124 |58 |4182.9 |6 |(16+) |
124 |58 |4189.3 |6 |(17-) |
124 |58 |4239.2 |6 |16+ |
124 |58 |4846.2 |6 |(18+) |
124 |58 |4916.7 |6 |(19-) |
124 |58 |4997.6 |6 |18+ |
124 |58 |5584.5 |6 |(20+) |
124 |58 |5724.2 |7 |(21-) |
124 |58 |5848.2 |7 |20+ |
124 |58 |6402.7 |7 |(22+) |
124 |58 |6611.2 |7 |(23-) |
124 |58 |6788.2 |7 |(22+) |
124 |58 |7304.7 |12 |(24+) |
124 |58 |7577.6 |7 |(25-) |
124 |58 |7818.2 |12 |(24+) |
124 |58 |8284.7 |16 |(26+) |
124 |58 |8620.7 |13 |(27-) |
124 |58 |8947.2 |16 |(26+) |
124 |58 |9334.7 |19 |(28+) |
124 |58 |9733.7 |16 |(29-) |
124 |58 |10177.2 |19 |(28+) |
124 |58 |10483.7 |21 |(30+) |
124 |58 |10921.7 |19 |(31-) |
124 |58 |11502.2 |21 |(30+) |
124 |58 |11734.7 |24 |(32+) |
125 |58 |0.0 | |(7/2-) |9.7 S 3
125 |58 |0+X | |(7/2-) |
125 |58 |93.6 |4 |(1/2+) |
125 |58 |93.8+X |5 |(9/2-) |
125 |58 |116.9 |4 |(3/2+) |
125 |58 |134.65 |14 |(9/2-) |
125 |58 |135.77 |10 |(5/2+) |
125 |58 |266.9+X |6 |(11/2-) |
125 |58 |267.0 |3 |(5/2+) |
125 |58 |Y | |(9/2+) |
125 |58 |282.75 |15 |(7/2+) |
125 |58 |301.26 |19 |(11/2-) |
125 |58 |322.85 |21 |(7/2+) |
125 |58 |463.22 |19 |(9/2+) |
125 |58 |512.47 |21 |(13/2-) |
125 |58 |582.13 |24 |(9/2+) |
125 |58 |337.80+Y |20 |(13/2+) |
125 |58 |661.40 |21 |(11/2+) |
125 |58 |679.15 |20 |(11/2+) |
125 |58 |737.19 |22 |(15/2-) |
125 |58 |746.0+X |6 |(15/2-) |
125 |58 |912.79 |23 |(13/2+) |
125 |58 |1023.52 |25 |(13/2+) |
125 |58 |1026.8 |3 |(17/2-) |
125 |58 |785.1+Y |3 |(17/2+) |
125 |58 |1126.02 |23 |(15/2+) |
125 |58 |1144.2 |11 | |
125 |58 |1182.2 |3 |(15/2+) |
125 |58 |1292.78 |25 |(19/2-) |
125 |58 |1359.9+X |6 |(19/2-) |
125 |58 |1465.1 |3 |(17/2+) |
125 |58 |1570.1 |3 |(17/2+) |
125 |58 |1334.1+Y |4 |(21/2+) |
125 |58 |1657.3 |3 |(21/2-) |
125 |58 |1688.2 |3 |(19/2+) |
125 |58 |1780.2 |4 |(19/2+) |
125 |58 |1947.2 |3 |(23/2-) |
125 |58 |2083.7+X |7 |(23/2-) |
125 |58 |2100.6 |4 |(21/2+) |
125 |58 |1884.4+Y |4 |(25/2+) |
125 |58 |2189.7 |5 |(21/2+) |
125 |58 |2321.9 |3 |(23/2+) |
125 |58 |2340.3 |11 | |
125 |58 |2369.1 |3 |(25/2-) |
125 |58 |2450.3 |4 |(23/2+) |
125 |58 |2657.3 |3 |(27/2-) |
125 |58 |2785.9 |4 |(25/2+) |
125 |58 |2536.8+Y |5 |(29/2+) |
125 |58 |2809.3 |7 |(25/2+) |
125 |58 |2900.7+X |9 |(27/2-) |
125 |58 |2969.0 |4 |(27/2+) |
125 |58 |3054.3 |3 |(29/2-) |
125 |58 |3194.3 |11 |(27/2+) |
125 |58 |3269.3 |11 | |
125 |58 |3316.9 |4 |(31/2-) |
125 |58 |3360.6 |7 |(29/2+) |
125 |58 |3377.9 |4 |(29/2+) |
125 |58 |3480.9 |9 |(29/2+) |
125 |58 |3261.1+Y |5 |(33/2+) |
125 |58 |3529.9 |11 |(29/2+) |
125 |58 |3581.4 |4 |(31/2+) |
125 |58 |3667.4 |4 |(33/2-) |
125 |58 |3673.3 |11 |(31/2-) |
125 |58 |3800.8+X |10 |(31/2-) |
125 |58 |3880.3 |15 |(31/2+) |
125 |58 |3985.2 |5 |(35/2-) |
125 |58 |4015.2 |4 |(33/2+) |
125 |58 |4031.7 |7 |(33/2+) |
125 |58 |4051.3 |15 | |
125 |58 |4235.6 |5 |(35/2+) |
125 |58 |4252.7 |10 |(33/2+) |
125 |58 |4043.3+Y |6 |(37/2+) |
125 |58 |4375.4 |6 |(37/2-) |
125 |58 |4529.3 |15 |(35/2-) |
125 |58 |4582.3 |18 |(35/2+) |
125 |58 |4751.2 |11 |(37/2+) |
125 |58 |4767.6 |7 |(39/2-) |
125 |58 |4777.8+X |14 |(35/2-) |
125 |58 |4803.8 |8 |(37/2+) |
125 |58 |4979.5 |7 |(39/2+) |
125 |58 |4813.3+Y |12 |(41/2+) |
125 |58 |5111.5 |11 |(37/2+) |
125 |58 |5216.9 |7 |(41/2-) |
125 |58 |5380.3 |21 |(39/2+) |
125 |58 |5589.2 |15 |(41/2+) |
125 |58 |5661.8 |13 |(41/2+) |
125 |58 |5678.0 |7 |(43/2-) |
125 |58 |5823.5 |9 |(43/2+) |
125 |58 |5843.4+X |15 |(39/2-) |
125 |58 |5617.3+Y |23 |(45/2+) |
125 |58 |6048.2 |12 |(41/2+) |
125 |58 |6197.3 |7 |(45/2-) |
125 |58 |6268.4 |23 |(43/2+) |
125 |58 |6522.2 |18 |(45/2+) |
125 |58 |6595.8 |16 |(45/2+) |
125 |58 |6712.5 |8 |(47/2-) |
125 |58 |6770.7 |10 |(47/2+) |
125 |58 |6505+Y |3 |(49/2+) |
125 |58 |7014.4+X |18 |(43/2-) |
125 |58 |7244.4 |25 |(47/2+) |
125 |58 |7313.8 |17 |(49/2-) |
125 |58 |7538.2 |21 |(49/2+) |
125 |58 |7614.8 |19 |(49/2+) |
125 |58 |7465+Y |3 |(53/2+) |
125 |58 |7820.2 |10 |(51/2+) |
125 |58 |7857.5 |11 |(51/2-) |
125 |58 |8309.4+X |21 |(47/2-) |
125 |58 |8311 |3 |(51/2+) |
125 |58 |8561.8 |20 |(53/2-) |
125 |58 |8632.2 |23 |(53/2+) |
125 |58 |8729.8 |22 |(53/2+) |
125 |58 |8496+Y |3 |(57/2+) |
125 |58 |8968.7 |13 |(55/2+) |
125 |58 |9084.5 |15 |(55/2-) |
125 |58 |9478 |3 |(55/2+) |
125 |58 |9807.2 |25 |(57/2+) |
125 |58 |9893.8 |22 |(57/2-) |
125 |58 |9943.9 |24 |(57/2+) |
125 |58 |10209.7 |14 |(59/2+) |
125 |58 |10454.5 |18 |(59/2-) |
125 |58 |10738 |3 |(59/2+) |
125 |58 |11062 |3 |(61/2+) |
125 |58 |11256 |3 |(61/2+) |
125 |58 |11290.8 |24 |(61/2-) |
125 |58 |11538.2 |16 |(63/2+) |
125 |58 |12101 |4 |(63/2+) |
125 |58 |12378 |3 |(65/2+) |
125 |58 |12664 |3 |(65/2+) |
125 |58 |12950.2 |19 |(67/2+) |
125 |58 |13706 |3 |(69/2+) |
125 |58 |14445.2 |22 |(71/2+) |
125 |58 |15066 |4 |(73/2+) |
126 |58 |0.0 | |0+ |51.0 S 3
126 |58 |169.59 |3 |2+ |0.59 NS 10
126 |58 |519.04 |8 |4+ |15.2 PS 14
126 |58 |954.4 |4 |(2+) |
126 |58 |1014.94 |10 |6+ |6 PS 2
126 |58 |1154.7 |4 |(3+) |
126 |58 |1337.14 |22 |(4+) |
126 |58 |1625.44 |11 |8+ |2 PS 1
126 |58 |1877.0 |8 |(4+) |
126 |58 |1881.8 |8 |(7-) |
126 |58 |2031.2 |8 |(6+) |
126 |58 |2199.4 |3 |(9-) |8 PS 3
126 |58 |2208.6 |8 |(6+) |
126 |58 |2231.2 |15 | |
126 |58 |2312.9 |3 |(10+) |
126 |58 |2459.9 |20 | |
126 |58 |2628.9 |3 |(11-) |4 PS 2
126 |58 |2658.0 |12 |(8+) |
126 |58 |2840.9 |25 | |
126 |58 |2990.9 |4 |(12+) |
126 |58 |3147.9 |3 |(13-) |
126 |58 |3199.9 |17 |(10+) |
126 |58 |3283.6 |11 |(12+) |
126 |58 |3354 |3 | |
126 |58 |3598.1 |4 |(14+) |
126 |58 |3751.7 |3 |(15-) |
126 |58 |3837.0 |20 |(12+) |
126 |58 |3974 |3 | |
126 |58 |4034.8 |10 |(14+) |
126 |58 |4287.7 |7 |(16+) |
126 |58 |4399.1 |23 |(14+) |
126 |58 |4441.1 |8 |(17-) |
126 |58 |4891.5 |15 |(16+) |
126 |58 |5065 |3 |(16+) |
126 |58 |5097.0 |7 |(18+) |
126 |58 |5206.9 |11 |(19-) |
126 |58 |5366.2 |14 |(18+) |
126 |58 |5764 |3 |(18+) |
126 |58 |5849.7 |21 |(18+) |
126 |58 |6010.9 |10 |(20+) |
126 |58 |6040.4 |13 |(21-) |
126 |58 |6553 |4 |(20+) |
126 |58 |6935.8 |17 |(23-) |
126 |58 |6992.2 |13 |(22+) |
126 |58 |7458 |4 |(22+) |
126 |58 |7914.0 |21 |(25-) |
126 |58 |8026.6 |16 |(24+) |
126 |58 |8483 |4 |(24+) |
126 |58 |8990.6 |25 |(27-) |
126 |58 |9137.2 |19 |(26+) |
126 |58 |9626 |5 |(26+) |
126 |58 |10141 |3 |(29-) |
126 |58 |10335.9 |23 |(28+) |
126 |58 |10875 |5 |(28+) |
126 |58 |11314 |4 |(31-) |
126 |58 |11626 |3 |(30+) |
126 |58 |12527 |4 |(33-) |
126 |58 |13001 |3 |(32+) |
126 |58 |13806 |4 |(35-) |
126 |58 |14465 |4 |(34+) |
126 |58 |15161 |5 |(37-) |
126 |58 |16016 |4 |(36+) |
126 |58 |16603 |5 |(39-) |
127 |58 |0 | |(1/2+) |34 S 2
127 |58 |7.3 |11 |(5/2+) |28.6 S 7
127 |58 |29.2 |3 |(3/2+) |
127 |58 |36.8 |12 |(7/2-) |10 US GT
127 |58 |162.7 |12 |(9/2-) |
127 |58 |167.1 |11 |(7/2+) |
127 |58 |205.67 |9 |(5/2+) |
127 |58 |272.3 |3 |(7/2+) |
127 |58 |325.2 |12 |(11/2-) |
127 |58 |365.9 |11 |(9/2+) |
127 |58 |553.2 |12 |(13/2-) |
127 |58 |571.3 |4 |(9/2+) |
127 |58 |600.8 |11 |(11/2+) |
127 |58 |674.7 |5 |(11/2+) |
127 |58 |703.7 |3 |(5/2+) |
127 |58 |710.2 |15 |(7/2+,5/2+) |
127 |58 |742.0 |12 | |
127 |58 |774.2 |12 |(15/2-) |
127 |58 |777.0 |12 | |
127 |58 |821.2 |12 | |
127 |58 |866.4 |11 |(13/2+) |
127 |58 |997.4 |12 | |
127 |58 |1057.5 |12 | |
127 |58 |1073.6 |5 |(13/2+) |
127 |58 |1094.6 |12 |(17/2-) |
127 |58 |1160.5 |11 |(15/2+) |
127 |58 |1215.3 |6 |(15/2+) |
127 |58 |1351.5 |12 |(19/2-) |
127 |58 |1478.3 |11 |(17/2+) |
127 |58 |1683.4 |6 |(17/2+) |
127 |58 |1752.6 |12 |(21/2-) |
127 |58 |1810.8 |11 |(19/2+) |
127 |58 |1865.3 |7 |(19/2+) |
127 |58 |2028.1 |12 |(23/2-) |
127 |58 |2146.1 |11 |(21/2+) |
127 |58 |2330.3 |7 |(21/2+) |
127 |58 |2459.4 |12 |(25/2-) |
127 |58 |2492.4 |10 |(23/2+) |
127 |58 |2540.3 |8 |(23/2+) |
127 |58 |2714.6 |13 |(27/2-) |
127 |58 |2746.9 |11 | |
127 |58 |2826.6 |11 |(25/2+) |
127 |58 |2865.2 |9 |(25/2+) |
127 |58 |3044.5 |13 |(29/2-) |
127 |58 |3058.3 |9 |(27/2+) |
127 |58 |3101.9 |11 |(27/2+) |
127 |58 |3300.9 |13 |(31/2-) |
127 |58 |3402.1 |11 |(29/2+) |
127 |58 |3427.1 |9 |(29/2+) |
127 |58 |3630.9 |10 |(31/2+) |
127 |58 |3633.1 |13 |(33/2-) |
127 |58 |3713.5 |11 |(31/2+) |
127 |58 |3953.8 |13 |(35/2-) |
127 |58 |4049.6 |11 |(33/2+) |
127 |58 |4109.7 |10 |(33/2+) |
127 |58 |4331.8 |11 |(35/2+) |
127 |58 |4340.9 |13 |(37/2-) |
127 |58 |4430.4 |12 |(35/2+) |
127 |58 |4733.3 |13 |(39/2-) |
127 |58 |4833.2 |12 |(37/2+) |
127 |58 |4923.9 |11 |(37/2+) |
127 |58 |5167.1 |12 |(39/2+) |
127 |58 |5183.6 |13 |(41/2-) |
127 |58 |5251.1 |12 |(39/2+) |
127 |58 |5641.3 |14 |(43/2-) |
127 |58 |5701.8 |13 |(41/2+) |
127 |58 |5882.1 |12 |(41/2+) |
127 |58 |6131.2 |12 |(43/2+) |
127 |58 |6147.8 |13 |(43/2+) |
127 |58 |6157.8 |14 |(45/2-) |
127 |58 |6624.8 |13 |(45/2+) |
127 |58 |6670.8 |14 |(47/2-) |
127 |58 |7099.0 |14 |(47/2+) |
127 |58 |7259.4 |14 |(49/2-) |
127 |58 |7622.6 |14 |(49/2+) |
127 |58 |7810.7 |14 |(51/2-) |
127 |58 |8142.8 |14 |(51/2+) |
127 |58 |8482.1 |15 |(53/2-) |
127 |58 |8712.5 |15 |(53/2+) |
127 |58 |9053.1 |15 |(55/2-) |
127 |58 |9819.1 |15 |(57/2-) |
128 |58 |0.0 | |0+ |3.93 M 2
128 |58 |207.09 |18 |2+ |0.30 NS 3
128 |58 |606.77 |23 |4+ |8.0 PS +18-14
128 |58 |869.4 |3 |2+ |
128 |58 |1052.4 |4 |(3,4+) |
128 |58 |1138.5 |3 |3+ |
128 |58 |1157.1 |3 |6+ |2.0 PS +13-10
128 |58 |1306.0 |4 |2+ |
128 |58 |1312.1 |3 |4+ |
128 |58 |1663.4 |4 |5+ |
128 |58 |1700.7 |4 | |
128 |58 |1819.3 |3 |8+ |0.46 PS 7
128 |58 |1847.1 |4 |6+ |
128 |58 |1888.8 |4 |5- |
128 |58 |1979.5 |4 |4(-) |
128 |58 |2177.1 |4 |6+ |
128 |58 |2240.5 |3 |(5-) |
128 |58 |2244.7 |4 |7- |
128 |58 |2285.9 |5 |5- |
128 |58 |2298.3 |6 |7+ |
128 |58 |2332.5 |4 |6(-) |
128 |58 |2369.6 |6 | |
128 |58 |2384.6 |4 |6- |
128 |58 |2417.5 |6 | |
128 |58 |2466.3 |5 |8+ |
128 |58 |2519.7 |4 |7- |
128 |58 |2530.5 |4 |10+ |2.4 PS 4
128 |58 |2586.1 |5 |7- |
128 |58 |2659.0 |4 |8+ |
128 |58 |2700.4 |4 |8- |
128 |58 |2735.3 |4 |9- |
128 |58 |2812.0 |5 |8- |
128 |58 |2859.6 |5 |9- |
128 |58 |2869.9 |6 |10+ |
128 |58 |2974.6 |6 | |
128 |58 |3001.3 |8 |9+ |
128 |58 |3014.7 |8 | |
128 |58 |3086.5 |5 |9- |
128 |58 |3106.5 |4 |12+ |1.7 PS 5
128 |58 |3130.0 |6 |10- |
128 |58 |3131.6 |7 |(10+) |
128 |58 |3143.6 |6 |10+ |
128 |58 |3269.1 |5 |10+ |
128 |58 |3323.9 |7 |11- |
128 |58 |3383.2 |7 |(11-) |
128 |58 |3397.6 |6 |10- |
128 |58 |3478.0 |5 |12+ |
128 |58 |3585.0 |8 |(12+) |
128 |58 |3666.4 |5 |14+ |1.5 PS 4
128 |58 |3676.8 |10 | |
128 |58 |3722.9 |6 |11- |
128 |58 |3727.1 |8 |12- |
128 |58 |3809.5 |7 |(12+) |
128 |58 |3965.8 |8 |13- |
128 |58 |3996.3 |6 |12+ |
128 |58 |4086.2 |7 |12- |
128 |58 |4102.4 |9 |(13-) |
128 |58 |4120.8 |7 | |
128 |58 |4281.6 |7 |14+ |0.90 PS 14
128 |58 |4356.8 |7 |16+ |
128 |58 |4404.6 |7 |13- |
128 |58 |4427.8 |11 | |
128 |58 |4476.5 |9 |14- |
128 |58 |4544.0 |9 |(14+) |
128 |58 |4595.0 |6 |14+ |
128 |58 |4688.1 |9 |15- |
128 |58 |4791.8 |8 |(14-) |
128 |58 |4846.8 |7 | |
128 |58 |4935.6 |10 |(15-) |
128 |58 |5069.1 |7 | |
128 |58 |5072.7 |9 |(15-) |
128 |58 |5126.8 |8 |16+ |
128 |58 |5184.5 |8 |18+ |0.21 PS 3
128 |58 |5192.4 |9 |16+ |
128 |58 |5280.6 |12 | |
128 |58 |5301.7 |10 |(16-) |
128 |58 |5352.0 |14 |(16+) |
128 |58 |5373.6 |10 |(18-) |
128 |58 |5478.9 |10 |17- |
128 |58 |5854.4 |14 |18+ |
128 |58 |6005.8 |13 |18+ |
128 |58 |6142.7 |10 |20+ |0.12 PS 3
128 |58 |6225.0 |17 |(18+) |
128 |58 |6252.6 |24 | |
128 |58 |6316.9 |11 |19- |
128 |58 |6376.0 |14 |19- |
128 |58 |6501.0 |14 |(19-) |
128 |58 |6605.4 |17 |20+ |
128 |58 |6929.8 |17 |20+ |
128 |58 |7175.5 |13 |21- |
128 |58 |7219.4 |11 |22+ |0.28 PS LT
128 |58 |7296.0 |18 |21- |
128 |58 |7336 |3 | |
128 |58 |7380.0 |18 |(21-) |
128 |58 |7462.4 |20 |22+ |
128 |58 |7911.8 |20 |22+ |
128 |58 |8139.5 |24 |23- |
128 |58 |8361.0 |20 |(23-) |
128 |58 |8405.4 |12 |24+ |
128 |58 |8432.5 |22 |24+ |
128 |58 |8521 |4 | |
128 |58 |8956.8 |22 |24+ |
128 |58 |9219 |3 |(25-) |
128 |58 |9472.0 |23 |(25-) |
128 |58 |9514.5 |24 |26+ |
128 |58 |9695.4 |23 |(26+) |
128 |58 |9800 |5 | |
128 |58 |10076.8 |24 |26+ |
128 |58 |10403 |3 |(27-) |
128 |58 |10698 |3 |(28+) |
128 |58 |11078 |3 |(28+) |
128 |58 |11271 |3 |28+ |
128 |58 |11975 |3 |(30+) |
128 |58 |12541 |3 |(30+) |
128 |58 |12547 |4 |(30+) |
128 |58 |13333 |3 |(32+) |
128 |58 |13875 |3 |(32+) |
128 |58 |14762 |4 |(34+) |
128 |58 |16265 |4 |(36+) |
128 |58 |17839 |4 |(38+) |
129 |58 |0.0 | |(5/2+) |3.5 M 3
129 |58 |0.0+X | |(1/2+) |
129 |58 |0+Y | |(9/2-) |
129 |58 |39.50+X |9 |(3/2+) |
129 |58 |107.60 |16 |(7/2-) |60 NS 2
129 |58 |144.38 |9 |(7/2+) |
129 |58 |189.59 |19 |(9/2-) |
129 |58 |243.31+X |9 |(5/2+) |
129 |58 |279.01 |9 |(9/2+,7/2+) |
129 |58 |331.30+X |20 |(7/2+) |
129 |58 |334.93 |25 |(11/2-) |
129 |58 |348.01 |17 |(9/2+) |
129 |58 |419.9+Y |10 |(13/2-) |
129 |58 |589.68 |22 |(11/2+) |
129 |58 |595.5 |3 |(13/2-) |
129 |58 |613.59 |16 | |
129 |58 |616.9+X |5 | |
129 |58 |671.41+X |22 |(9/2+) |
129 |58 |748.09 |24 | |
129 |58 |781.1 |4 | |
129 |58 |789.8+X |5 | |
129 |58 |805.7 |3 |(15/2-) |
129 |58 |806+X |3 |(11/2+) |
129 |58 |808.6 |4 | |
129 |58 |820.3 |4 | |
129 |58 |830.0 |3 | |
129 |58 |831.41+X |22 | |
129 |58 |835.0+X |4 | |
129 |58 |868.4 |3 |(13/2+) |
129 |58 |918.86+X |21 | |
129 |58 |967.2+Y |11 |(17/2-) |
129 |58 |979.9 |3 | |
129 |58 |1134.0+X |5 |(3/2,5/2) |
129 |58 |1135.5 |4 | |
129 |58 |1177.5 |3 |(15/2+) |0.51 PS 6
129 |58 |1186.7 |4 |(17/2-) |
129 |58 |1229.6 |5 | |
129 |58 |1324.6 |11 | |
129 |58 |1337.6 |3 | |
129 |58 |1340+X |3 |(3/2,5/2) |
129 |58 |1347.5+X |10 | |
129 |58 |1422.4 |4 |(19/2-) |1.24 PS 10
129 |58 |1445.4 |10 | |
129 |58 |1514.6 |4 |(17/2+) |
129 |58 |1550.5 |5 | |
129 |58 |1568.1+Y |11 |(21/2-) |
129 |58 |1678.5+X |4 |(3/2,5/2) |
129 |58 |1825.9+X |4 | |
129 |58 |1870.1 |4 |(19/2+) |0.46 PS 4
129 |58 |1909.0 |4 |(21/2-) |0.20 PS 6
129 |58 |2008.9 |4 | |
129 |58 |2150.4 |4 |(23/2-) |0.61 PS 34
129 |58 |2202.0+Y |12 |(25/2-) |
129 |58 |2233.1 |4 |(21/2+) |
129 |58 |2536.2 |4 |(23/2+) |0.374 PS 35
129 |58 |2622.1 |5 |(23/2+) |
129 |58 |2665.5 |5 |(25/2-) |0.334 PS 22
129 |58 |2776.0 |5 |(25/2+) |
129 |58 |2867.1 |6 |(25/2+) |
129 |58 |2889.7 |5 |(27/2-) |0.89 PS 29
129 |58 |2901.2+Y |12 |(29/2-) |
129 |58 |3011.2 |5 |(27/2+) |1.74 PS 25
129 |58 |3145.5 |6 |(27/2+) |
129 |58 |3208.2 |5 |(29/2-) |1.14 PS 26
129 |58 |3291.8 |5 |(29/2+) |
129 |58 |3447.1 |7 |(29/2+) |
129 |58 |3461.2 |5 |(31/2-) |0.78 PS 27
129 |58 |3586.1 |5 |(31/2+) |1.8 PS LT
129 |58 |3675.4+Y |12 |(33/2-) |
129 |58 |3788.2 |5 |(33/2-) |0.30 PS 24
129 |58 |3803.7 |7 |(31/2+) |
129 |58 |3934.4 |6 |(33/2+) |
129 |58 |4117.4 |6 |(35/2-) |0.33 PS 25
129 |58 |4179.0 |8 |(33/2+) |
129 |58 |4295.0 |6 |(35/2+) |
129 |58 |4507.4 |6 |(37/2-) |0.33 PS LT
129 |58 |4526.4+Y |13 |(37/2-) |
129 |58 |4596.9 |10 |(35/2+) |
129 |58 |4711.9 |6 |(37/2+) |
129 |58 |4910.7 |6 |(39/2-) |0.28 PS LT
129 |58 |5048.8 |10 |(37/2+) |
129 |58 |5135.8 |6 |(39/2+) |
129 |58 |5367.0 |6 |(41/2-) |
129 |58 |5449.8+Y |13 |(41/2-) |
129 |58 |5468.0 |11 |(39/2+) |
129 |58 |5619.3 |6 |(41/2+) |
129 |58 |5836.8 |6 |(43/2-) |
129 |58 |6009.8 |12 |(41/2+) |
129 |58 |6105.3 |7 |(43/2+) |
129 |58 |6361.4 |7 |(45/2-) |
129 |58 |6448.4+Y |14 |(45/2-) |
129 |58 |6649.1 |9 |(45/2+) |
129 |58 |6884.8 |8 |(47/2-) |
129 |58 |6970.8 |13 |(45/2+) |
129 |58 |7193.1 |10 |(47/2+) |
129 |58 |7479.7 |10 |(49/2-) |
129 |58 |7520.8+Y |17 |(49/2-) |
129 |58 |7789.9 |11 |(49/2+) |
129 |58 |8038.5 |10 |(51/2-) |
129 |58 |8385.0 |11 |(51/2+) |
129 |58 |8667.8+Y |20 |(53/2-) |
129 |58 |8711.9 |11 |(53/2-) |
129 |58 |9033.6 |12 |(53/2+) |
129 |58 |9282.5 |12 |(55/2-) |
129 |58 |9672.0 |13 |(55/2+) |
129 |58 |9890.3+Y |22 |(57/2-) |
129 |58 |10045.3 |13 |(57/2-) |
129 |58 |10601.4 |13 |(59/2-) |
129 |58 |11189.4+Y |24 |(61/2-) |
129 |58 |11470.3 |14 |(61/2-) |
129 |58 |11979.4 |15 |(63/2-) |
129 |58 |12565+Y |3 |(65/2-) |
129 |58 |14021+Y |3 |(69/2-) |
129 |58 |15554+Y |3 |(73/2-) |
129 |58 |17178+Y |4 |(77/2-) |
129 |58 |18905+Y |4 |(81/2-) |
130 |58 |0.0 | |0+ |22.9 M 5
130 |58 |253.85 |16 |2+ |143 PS 6
130 |58 |710.37 |21 |4+ |4.3 PS +5-3
130 |58 |834.55 |16 |(2+) |
130 |58 |1025.7 |11 |0+ |
130 |58 |1177.37 |21 |(2+,3,4+) |
130 |58 |1322.83 |22 |(4+) |
130 |58 |1324.1 |3 |6+ |0.87 PS 7
130 |58 |1671.99 |21 |(2+,3,4+) |
130 |58 |1755.4 |4 | |
130 |58 |1897.6 |3 |(6+) |
130 |58 |1954.8 |3 |(5-) |
130 |58 |2053.0 |3 |8+ |0.24 PS 7
130 |58 |2115.8 |3 |(2+,3,4+) |
130 |58 |2313.2 |3 |(7-) |23 PS 3
130 |58 |2333.3 |5 | |
130 |58 |2381.0 |4 |(6-) |
130 |58 |2453.6 |3 |(7-) |100 NS 8
130 |58 |2560.6 |5 |(8+) |
130 |58 |2624.3 |4 | |
130 |58 |2642.5 |4 |(8-) |
130 |58 |2644.5 |4 |(8-) |
130 |58 |2760.9 |4 |(9-) |2.8 PS 14
130 |58 |2809.0 |4 |10+ |0.42 PS 10
130 |58 |2958.6 |5 |(9-) |
130 |58 |3071.6 |4 |(10-) |5.2 PS 10
130 |58 |3296.5 |7 |(10+) |
130 |58 |3311.9 |4 |12+ |2.84 PS 17
130 |58 |3317.0 |5 |(10-) |
130 |58 |3319.8 |4 |(11-) |1.4 PS LT
130 |58 |3681.3 |5 |(12-) |1.0 PS LT
130 |58 |3700.0 |6 |(11-) |
130 |58 |3860.5 |5 |14+ |1.24 PS 7
130 |58 |3985.3 |8 |(12+) |
130 |58 |4026.7 |5 |(13-) |
130 |58 |4120.2 |6 |(12-) |
130 |58 |4448.8 |6 |(14-) |
130 |58 |4536.0 |6 |(13-) |
130 |58 |4553.2 |5 |16+ |0.28 PS 7
130 |58 |4755.4 |9 |(14+) |
130 |58 |4862.4 |6 |(15-) |
130 |58 |4973.4 |7 |(14-) |
130 |58 |5305.3 |7 |(15-) |
130 |58 |5343.5 |8 |(16-) |
130 |58 |5384.2 |6 |18+ |0.21 PS 5
130 |58 |5585.8 |7 |(16-) |
130 |58 |5608 |2 |(16+) |
130 |58 |5757.9 |7 |(17-) |
130 |58 |5881.3 |8 |(17-) |
130 |58 |5884.5 |8 | |
130 |58 |6211.9 |8 |(18-) |
130 |58 |6320.0 |9 |(18-) |
130 |58 |6341.6 |7 |20+ |173 FS 35
130 |58 |6396 |1 |(20+) |
130 |58 |6533 |2 |(18+) |
130 |58 |6576.3 |8 |(19-) |
130 |58 |6642.3 |8 |(19-) |
130 |58 |6978.3 |9 |(20-) |
130 |58 |7388 |1 |(20-) |
130 |58 |7408.6 |8 |22+ |75 FS 14
130 |58 |7412.3 |10 |(21-) |
130 |58 |7513 |2 |(20+) |
130 |58 |7583 |1 |(21-) |
130 |58 |7885.3 |11 |(22-) |
130 |58 |8380.3 |12 |(23-) |
130 |58 |8511 |2 |(22-) |
130 |58 |8554 |2 |(22+) |
130 |58 |8570.0 |9 |24+ |52 FS 10
130 |58 |8605 |2 |(23-) |
130 |58 |8606 |1 |(24+) |
130 |58 |8912.3 |13 |(24-) |
130 |58 |9465.3 |14 |(25-) |
130 |58 |9664 |3 |(24+) |
130 |58 |9702.5 |11 |(26+) |
130 |58 |9703 |2 |(25-) |
130 |58 |9748 |2 |(26+) |
130 |58 |9816 |2 |(26+) |31 FS 9
130 |58 |10050 |2 |(26-) |
130 |58 |10650 |2 |(27-) |
130 |58 |10849 |3 |(26+) |
130 |58 |10876 |2 |(27-) |
130 |58 |10997 |2 |(28+) |
130 |58 |11132 |2 |(28+) |
130 |58 |11138 |2 |(28+) |
130 |58 |11283 |2 |(28-) |
130 |58 |11923 |2 |(29-) |
130 |58 |12097 |3 |(29-) |
130 |58 |12486 |2 |(30+) |
130 |58 |12607 |2 |(30-) |
130 |58 |13817 |3 |(32+) |
130 |58 |15178 |3 |(34+) |
130 |58 |X | |J  (18) |
130 |58 |865+X | |J+2 |
130 |58 |1764+X | |J+4 |
130 |58 |2720+X | |J+6 |
130 |58 |3752+X | |J+8 |
130 |58 |4859+X | |J+10 |
130 |58 |6007+X | |J+12 |
130 |58 |7124+X | |J+14 |
130 |58 |8339+X | |J+16 |
130 |58 |9627+X | |J+18 |
130 |58 |10994+X | |J+20 |
130 |58 |12442+X | |J+22 |
130 |58 |13974+X | |J+24 |
130 |58 |15595+X | |J+26 |
130 |58 |17304+X | |J+28 |
130 |58 |19109+X | |J+30 |
130 |58 |21009+X | |J+32 |
130 |58 |23001+X | |J+34 |
130 |58 |25065+X | |J+36 |
130 |58 |Y | |J |
130 |58 |841+Y | |J+2 |
130 |58 |1755+Y | |J+4 |
130 |58 |2738+Y | |J+6 |
130 |58 |3790+Y | |J+8 |
130 |58 |4914+Y | |J+10 |
130 |58 |6110+Y | |J+12 |
130 |58 |7376+Y | |J+14 |
130 |58 |8714+Y | |J+16 |
130 |58 |10126+Y | |J+18 |
130 |58 |11615+Y | |J+20 |
130 |58 |13181+Y | |J+22 |
130 |58 |14827+Y | |J+24 |
130 |58 |16553+Y | |J+26 |
130 |58 |18359+Y | |J+28 |
130 |58 |20259+Y | |J+30 |
130 |58 |22255+Y | |J+32 |
130 |58 |Z | |J |
130 |58 |904+Z | |J+2 |
130 |58 |1880+Z | |J+4 |
130 |58 |2928+Z | |J+6 |
130 |58 |4050+Z | |J+8 |
130 |58 |5246+Z | |J+10 |
130 |58 |6517+Z | |J+12 |
130 |58 |7863+Z | |J+14 |
130 |58 |9288+Z | |J+16 |
130 |58 |10800+Z | |J+18 |
130 |58 |12394+Z | |J+20 |
130 |58 |14098+Z | |J+22 |
130 |58 |15903+Z | |J+24 |
130 |58 |17807+Z | |J+26 |
130 |58 |19806+Z | |J+28 |
130 |58 |U | |J |
130 |58 |1261+U | |J+2 |
130 |58 |2592+U | |J+4 |
130 |58 |3995+U | |J+6 |
130 |58 |5473+U | |J+8 |
130 |58 |7028+U | |J+10 |
130 |58 |8662+U | |J+12 |
130 |58 |10379+U | |J+14 |
130 |58 |12169+U | |J+16 |
130 |58 |14031+U | |J+18 |
131 |58 |0.0 | |7/2+ |10.3 M 3
131 |58 |63.09 |9 |(1/2+) |5.4 M 4
131 |58 |135.91 |10 |(3/2+) |
131 |58 |161.98 |5 |9/2- |88 NS 2
131 |58 |181.5 |3 |(7/2-) |
131 |58 |257.08 |11 |9/2+ |
131 |58 |300.29 |10 |11/2- |120 PS 8
131 |58 |329.24 |11 |(5/2+,3/2+) |
131 |58 |342.65 |11 |(3/2+,5/2+) |
131 |58 |348.49 |11 |(5/2+) |
131 |58 |384.62 |12 |(11/2-) |
131 |58 |387.50 |10 |(5/2+,3/2+) |
131 |58 |427.90 |11 |(3/2+,5/2+,7/2+) |
131 |58 |470.92 |12 |(1/2+,3/2+,5/2+) |
131 |58 |474.77 |16 |(7/2+) |
131 |58 |543.25 |24 |11/2+ |
131 |58 |548.5 |3 | |
131 |58 |576.65 |19 |(1/2+,3/2+,5/2+) |
131 |58 |588.6 |4 |(5/2-:13/2-) |
131 |58 |600.53 |12 |(7/2-:13/2-) |
131 |58 |609.6 |5 | |
131 |58 |636.87 |15 |13/2- |
131 |58 |644.74 |23 | |
131 |58 |648.12 |13 |(5/2+,7/2+) |
131 |58 |687.0 |3 | |
131 |58 |717.70 |22 |(3/2+,5/2+) |
131 |58 |739.99 |23 |(3/2+,5/2+) |
131 |58 |744.7 |5 | |
131 |58 |753.25 |18 |(3/2+,5/2+) |
131 |58 |762.4 |3 |(3/2+,5/2+,7/2+) |
131 |58 |791.68 |15 |(5/2+) |
131 |58 |809.6 |3 |(15/2-) |5.21 PS 26
131 |58 |848.29 |13 |(3/2+,5/2+) |
131 |58 |866.58 |24 |13/2+ |1.0 PS 4
131 |58 |902.6 |3 | |
131 |58 |928.72 |15 |(3/2+,5/2+,7/2+) |
131 |58 |984.5 |5 |(11/2+) |
131 |58 |985.7 |4 | |
131 |58 |1009.7 |4 |(3/2+,5/2+,7/2+) |
131 |58 |1116.85 |22 |(3/2,5/2) |
131 |58 |1176.6 |4 |(15/2-) |
131 |58 |1212.5 |3 |15/2+ |
131 |58 |1236.7 |4 | |
131 |58 |1276.45 |14 |(3/2+,5/2+,7/2+) |
131 |58 |1295.1 |3 |(17/2-) |
131 |58 |1409.4 |5 | |
131 |58 |1451.8 |4 |(19/2-) |2.8 PS GT
131 |58 |1591.6 |4 |(17/2+) |0.91 PS 7
131 |58 |1608.9 |5 |15/2+ |
131 |58 |1695.9 |6 |(13/2-,17/2-) |
131 |58 |1805.3 |4 |(19/2-) |
131 |58 |1977.0 |4 |(19/2+) |
131 |58 |2057.35 |17 |(1/2+,3/2+,5/2+) |
131 |58 |2067.5 |4 |(21/2-) |
131 |58 |2202.2 |5 |(23/2-) |1.0 PS 4
131 |58 |2287.2 |5 |(17/2+) |
131 |58 |2313.1 |10 |(19/2-) |
131 |58 |2352.6 |4 |(19/2+) |
131 |58 |2387.5 |4 |(21/2+) |0.42 PS 18
131 |58 |2505.8 |4 |(21/2+) |
131 |58 |2563.8 |5 |(23/2-) |
131 |58 |2685.8 |4 |(23/2+) |
131 |58 |2762.2 |5 |(23/2+) |
131 |58 |2910.1 |5 |(25/2+) |
131 |58 |2912.5 |5 |(25/2-) |
131 |58 |3029.1 |6 |(27/2-) |0.85 PS 16
131 |58 |3036.4 |5 |(25/2+) |1.52 PS LT
131 |58 |3069.5 |6 |(25/2-) |
131 |58 |3199.0 |5 |(27/2+) |
131 |58 |3272.9 |6 |(27/2+) |
131 |58 |3287.6 |5 |(27/2-) |
131 |58 |3523.0 |6 |(29/2+) |
131 |58 |3540.2 |6 |(29/2+) |
131 |58 |3544.2 |6 |(29/2-) |
131 |58 |3818.0 |6 |(31/2-) |
131 |58 |3841.0 |7 |(31/2+) |
131 |58 |3894.0 |6 |(31/2+) |
131 |58 |3921.1 |8 |(31/2-) |0.72 PS LT
131 |58 |4153.1 |7 |(33/2-) |
131 |58 |4178.2 |7 |(33/2+) |
131 |58 |4314.0 |7 |(33/2+) |
131 |58 |4511.0 |7 |(35/2-) |
131 |58 |4549.8 |7 |(35/2+) |
131 |58 |4746.0 |7 |(35/2+) |
131 |58 |4843.1 |9 |(35/2-) |
131 |58 |4909.2 |7 |(37/2-) |
131 |58 |4955.7 |8 |(37/2+) |
131 |58 |5245.0 |8 |(37/2+) |
131 |58 |5341.7 |8 |(39/2-) |
131 |58 |5390.4 |8 |(39/2+) |
131 |58 |5715.0 |9 |(39/2+) |
131 |58 |5796.9 |8 |(41/2-) |
131 |58 |5805.1 |11 |(39/2-) |
131 |58 |5860.6 |9 |(41/2+) |
131 |58 |6292.8 |8 |(43/2-) |
131 |58 |6352.4 |10 |(43/2+) |
131 |58 |6743.0 |10 |(43/2+) |
131 |58 |6808.9 |10 |(45/2-) |
131 |58 |6880.6 |10 |(45/2+) |
131 |58 |7354.8 |10 |(47/2-) |
131 |58 |7422.4 |11 |(47/2+) |
131 |58 |7802.0 |11 |(47/2+) |
131 |58 |7931.9 |11 |(49/2-) |
131 |58 |8009.6 |11 |(49/2+) |
131 |58 |8577.4 |12 |(51/2+) |
131 |58 |Y | |(29/2+) |
131 |58 |591.50+Y |10 |(33/2+) |
131 |58 |1253.60+Y |10 |(37/2+) |
131 |58 |1986.90+Y |15 |(41/2+) |
131 |58 |2791.98+Y |18 |(45/2+) |
131 |58 |3509.9+Y |4 |(43/2+) |
131 |58 |3666.88+Y |20 |(49/2+) |
131 |58 |4305.5+Y |4 |(47/2+) |
131 |58 |4610.89+Y |23 |(53/2+) |
131 |58 |5152.9+Y |4 |(51/2+) |
131 |58 |5623.39+Y |25 |(57/2+) |
131 |58 |6061.5+Y |4 |(55/2+) |
131 |58 |6705.2+Y |3 |(61/2+) |
131 |58 |7038.2+Y |4 |(59/2+) |
131 |58 |7858.1+Y |3 |(65/2+) |
131 |58 |8083.2+Y |4 |(63/2+) |
131 |58 |9084.8+Y |3 |(69/2+) |
131 |58 |9196.3+Y |4 |(67/2+) |
131 |58 |10379.2+Y |4 |(71/2+) |
131 |58 |10388.2+Y |4 |(73/2+) |
131 |58 |11632.1+Y |5 |(75/2+) |
131 |58 |11771.5+Y |4 |(77/2+) |
131 |58 |12956.5+Y |5 |(79/2+) |
131 |58 |13238.1+Y |4 |(81/2+) |
131 |58 |14354.6+Y |5 |(83/2+) |
131 |58 |14791.5+Y |4 |(85/2+) |
131 |58 |15828.6+Y |5 |(87/2+) |
131 |58 |16434.8+Y |5 |(89/2+) |
131 |58 |17382.5+Y |5 |(91/2+) |
131 |58 |18170.6+Y |5 |(93/2+) |
131 |58 |19019.1+Y |5 |(95/2+) |
131 |58 |20001.1+Y |6 |(97/2+) |
131 |58 |20743+Y |3 |(99/2+) |
131 |58 |21926.1+Y |7 |(101/2+) |
131 |58 |22556+Y |3 |(103/2+) |
131 |58 |23937.1+Y |7 |(105/2+) |
131 |58 |24461+Y |3 |(107/2+) |
131 |58 |26045.5+Y |8 |(109/2+) |
131 |58 |26461+Y |3 |(111/2+) |
131 |58 |28556+Y |3 |(115/2+) |
132 |58 |0.0 | |0+ |3.51 H 11
132 |58 |325.34 |8 |2+ |40 PS 3
132 |58 |822.17 |8 |2+ |
132 |58 |858.82 |9 |4+ |3.2 PS 7
132 |58 |1158.40 |10 |0+ |
132 |58 |1199.45 |9 |3+ |
132 |58 |1384.06 |9 |4+ |
132 |58 |1497.08 |9 |2+ |
132 |58 |1542.58 |16 |6+ |0.7 PS 4
132 |58 |1655.93 |9 | |
132 |58 |1714.15 |13 | |
132 |58 |1734.65 |9 |2+ |
132 |58 |1808.38 |10 |(2+,3,4+) |
132 |58 |1814.69 |15 |(5+) |
132 |58 |1922.75 |10 |(2+,3,4+) |
132 |58 |1931.97 |9 |(4+) |
132 |58 |1950.66 |9 |(2+,3,4+) |
132 |58 |1996.46 |13 | |
132 |58 |2023.4 |4 |(6+) |
132 |58 |2038.84 |10 |(2+:5+) |
132 |58 |2048.19 |13 |5- |
132 |58 |2049.82 |13 | |
132 |58 |2096.83 |10 |(2+,3,4+) |
132 |58 |2138.4 |3 |(4-) |
132 |58 |2145.66 |13 | |
132 |58 |2169.31 |11 | |
132 |58 |2189.23 |13 | |
132 |58 |2295.66 |13 | |
132 |58 |2329.58 |19 |8+ |0.69 PS 14
132 |58 |2330.33 |13 | |
132 |58 |2341.15 |21 |(8-) |9.4 MS 3
132 |58 |2364.93 |10 | |
132 |58 |2379.26 |13 | |
132 |58 |2379.74 |14 | |
132 |58 |2431.87 |15 |7- |
132 |58 |2450.73 |13 | |
132 |58 |2464.56 |13 | |
132 |58 |2469.35 |21 |6- |
132 |58 |2482.98 |10 |(2+,3,4+) |
132 |58 |2508.70 |10 |(2+,3,4+) |
132 |58 |2554.10 |10 | |
132 |58 |2562.55 |13 | |
132 |58 |2577.81 |11 | |
132 |58 |2606.18 |11 | |
132 |58 |2624.0 |3 |7- |
132 |58 |2644.66 |13 | |
132 |58 |2650.47 |13 | |
132 |58 |2714.22 |22 |8- |
132 |58 |2719.47 |13 | |
132 |58 |2728.5 |5 |(8+) |
132 |58 |2740.65 |9 |(2+,3,4+) |
132 |58 |2758.56 |13 | |
132 |58 |2761.83 |13 | |
132 |58 |2764.6 |4 |(9-) |
132 |58 |2825.83 |13 | |
132 |58 |2835.84 |13 |(2+,3,4+) |
132 |58 |2857.55 |14 | |
132 |58 |2864.13 |13 | |
132 |58 |2866.93 |14 |(1,2+) |
132 |58 |2875.29 |18 |9- |
132 |58 |2957.34 |13 | |
132 |58 |2982.67 |23 | |
132 |58 |2988.08 |11 |(3+,4+) |
132 |58 |3070.34 |13 | |
132 |58 |3083.35 |24 |(9-) |
132 |58 |3145.9 |3 | |
132 |58 |3157.81 |21 |10+ |0.83 PS 21
132 |58 |3172.19 |22 |10- |
132 |58 |3236.9 |4 |(10-) |
132 |58 |3309.5 |3 |10+ |
132 |58 |3316.3 |3 | |
132 |58 |3317.4 |4 | |
132 |58 |3331.7 |4 | |
132 |58 |3332.6 |4 | |
132 |58 |3378.4 |3 |(2+,3,4+) |
132 |58 |3412.78 |13 | |
132 |58 |3451.8 |3 |11- |
132 |58 |3467.3 |7 |(10+) |
132 |58 |3550.65 |11 | |
132 |58 |3670.1 |3 |(11-) |
132 |58 |3670.76 |23 |12+ |7.7 PS 4
132 |58 |3681.95 |11 | |
132 |58 |3701.97 |23 |(2+,3,4+) |
132 |58 |3721.75 |14 | |
132 |58 |3728.8 |4 |(11-) |
132 |58 |3817.4 |3 |12- |
132 |58 |3825.27 |14 | |
132 |58 |3863.37 |14 | |
132 |58 |3863.77 |14 |(2+,3,4+) |
132 |58 |4005.1 |4 |12+ |
132 |58 |4187.2 |4 |13- |
132 |58 |4241.16 |25 |14+ |1.73 PS 7
132 |58 |4257.9 |5 |(12-) |
132 |58 |4258.4 |9 |(12+) |
132 |58 |4270.58 |14 | |
132 |58 |4271.1 |4 | |
132 |58 |4348.8 |4 | |
132 |58 |4352.9 |4 | |
132 |58 |4390.3 |5 | |
132 |58 |4406.1 |4 |(13-) |
132 |58 |4473.9 |4 | |
132 |58 |4605.2 |4 |14- |
132 |58 |4740.6 |5 |14+ |
132 |58 |4743.5 |5 |(13-) |
132 |58 |4940.4 |3 |16+ |0.43 PS 4
132 |58 |5003.0 |4 |(13-) |
132 |58 |5042.4 |5 |15- |
132 |58 |5104.0 |10 |(14+) |
132 |58 |5117.7 |6 |(14-) |
132 |58 |5246.0 |5 |(15-) |
132 |58 |5315.2 |7 |(15-) |
132 |58 |5325.5 |5 |(14-) |
132 |58 |5493.1 |5 |16- |
132 |58 |5593.8 |7 |(16+) |
132 |58 |5597.2 |8 |(16-) |
132 |58 |5638.2 |5 |(15-) |
132 |58 |5763.9 |3 |18+ |0.326 PS 21
132 |58 |5887.9 |6 |(16-) |
132 |58 |5948.9 |8 |(17-) |
132 |58 |5963.3 |6 |17- |
132 |58 |6149.1 |7 |(17-) |
132 |58 |6191.7 |6 |(17-) |
132 |58 |6361.2 |9 |(18-) |
132 |58 |6439.5 |6 |18- |
132 |58 |6544.7 |6 |(18-) |
132 |58 |6560.1 |9 |(18+) |
132 |58 |6702.8 |5 |20+ |0.7 PS LT
132 |58 |6826.2 |9 |(19-) |
132 |58 |6884.2 |7 |19- |
132 |58 |6943.7 |6 |(19-) |
132 |58 |7127.0 |9 |(19-) |
132 |58 |7159.9 |9 |(19-) |
132 |58 |7337.7 |9 |(20-) |
132 |58 |7367.0 |7 |(20-) |
132 |58 |7432.5 |7 |20- |
132 |58 |7630.7 |10 |(20+) |
132 |58 |7737.1 |6 |22+ |
132 |58 |7821.6 |8 |21- |
132 |58 |7824.3 |7 |(21-) |
132 |58 |7859.7 |8 |(21-) |
132 |58 |7892.0 |9 |(21-) |
132 |58 |8344.3 |10 | |
132 |58 |8399.6 |9 |(22-) |
132 |58 |8454.5 |9 |(22-) |
132 |58 |8484.3 |10 |(22-) |
132 |58 |8796.7 |11 |(22+) |
132 |58 |8838.2 |10 |23- |
132 |58 |8853.5 |6 |24+ |
132 |58 |8896.6 |10 |(23-) |
132 |58 |9110.8 |10 |(23-) |
132 |58 |9400.0 |10 |(24-) |
132 |58 |9543.9 |10 |(24-) |
132 |58 |9766.7 |10 |(24-) |
132 |58 |9899.4 |11 |(25-) |
132 |58 |10044.3 |7 |26+ |
132 |58 |10457.0 |11 |(25-) |
132 |58 |10991.0 |12 |(27-) |
132 |58 |11286.9 |9 |(28+) |
132 |58 |11391.2 |12 |(28+) |
132 |58 |12529.5 |10 |(30+) |
132 |58 |12827.9 |13 |(30+) |
132 |58 |13838.5 |11 |(32+) |
132 |58 |15216.2 |12 |(34+) |
132 |58 |16657.8 |13 |(36+) |
132 |58 |18186.4 |14 |(38+) |
132 |58 |19790.2 |15 |(40+) |
132 |58 |X | | |
132 |58 |1013.0+X |10 | |
132 |58 |2107.0+X |15 | |
132 |58 |3308.0+X |18 | |
132 |58 |4616.0+X |20 | |
132 |58 |6027.0+X |23 | |
132 |58 |7551.0+X |25 | |
132 |58 |9170+X |3 | |
132 |58 |10886+X |3 | |
132 |58 |12700+X |3 | |
132 |58 |Y | |J  (20+) |
132 |58 |770.80+Y |10 |J+2 |
132 |58 |1580.10+Y |15 |J+4 |59 FS 20
132 |58 |2445.81+Y |18 |J+6 |62 FS 14
132 |58 |3375.41+Y |20 |J+8 |28 FS 12
132 |58 |4371.31+Y |23 |J+10 |17 FS LT
132 |58 |5433.02+Y |25 |J+12 |21 FS LT
132 |58 |6561.8+Y |3 |J+14 |14 FS 7
132 |58 |7758.2+Y |3 |J+16 |10 FS 8
132 |58 |9023.8+Y |3 |J+18 |14 FS LT
132 |58 |10360.6+Y |4 |J+20 |7 FS LT
132 |58 |11771.4+Y |4 |J+22 |10 FS LT
132 |58 |13259.5+Y |4 |J+24 |10 FS LT
132 |58 |14828.9+Y |4 |J+26 |24 FS LT
132 |58 |16483.8+Y |5 |J+28 |7 FS LT
132 |58 |18227.7+Y |5 |J+30 |
132 |58 |20063.8+Y |6 |J+32 |
132 |58 |21994.8+Y |6 |J+34 |
132 |58 |24022.0+Y |7 |J+36 |
132 |58 |26144.8+Y |8 |J+38 |
132 |58 |28360.6+Y |9 |J+40 |
132 |58 |30663.6+Y |14 |J+42 |
132 |58 |33081.6+Y |17 |J+44 |
132 |58 |35585.6+Y |20 |J+46 |
132 |58 |38187.7+Y |22 |J+48 |
132 |58 |Z | |J1  (19-) |
132 |58 |724.40+Z |10 |J1+2 |
132 |58 |1518.70+Z |15 |J1+4 |
132 |58 |2384.59+Z |18 |J1+6 |
132 |58 |3313.60+Z |20 |J1+8 |
132 |58 |4314.39+Z |23 |J1+10 |
132 |58 |5382.89+Z |25 |J1+12 |
132 |58 |6521.3+Z |3 |J1+14 |
132 |58 |7732.6+Z |3 |J1+16 |
132 |58 |9021.1+Z |3 |J1+18 |
132 |58 |10385.6+Z |4 |J1+20 |
132 |58 |11839.5+Z |4 |J1+22 |
132 |58 |13377.8+Z |5 |J1+24 |
132 |58 |14999.3+Z |5 |J1+26 |
132 |58 |16729.5+Z |6 |J1+28 |
132 |58 |18545.6+Z |7 |J1+30 |
132 |58 |20452.2+Z |8 |J1+32 |
132 |58 |22451.1+Z |9 |J1+34 |
132 |58 |24536.7+Z |11 |J1+36 |
132 |58 |U | |J2  (24-) |
132 |58 |890.19+U |10 |J2+2 |
132 |58 |1839.79+U |15 |J2+4 |
132 |58 |2857.29+U |18 |J2+6 |
132 |58 |3945.70+U |20 |J2+8 |
132 |58 |5107.09+U |23 |J2+10 |
132 |58 |6335.28+U |25 |J2+12 |
132 |58 |7640.6+U |3 |J2+14 |
132 |58 |9024.1+U |3 |J2+16 |
132 |58 |10489.5+U |3 |J2+18 |
132 |58 |12030.6+U |4 |J2+20 |
132 |58 |13642.1+U |5 |J2+22 |
132 |58 |15307.5+U |5 |J2+24 |
132 |58 |17043.1+U |6 |J2+26 |
132 |58 |18858.3+U |7 |J2+28 |
132 |58 |20743.4+U |8 |J2+30 |
132 |58 |22697.1+U |9 |J2+32 |
132 |58 |24697.8+U |10 |J2+34 |
132 |58 |26752.0+U |11 |J2+36 |
133 |58 |0.0 | |1/2+ |97 M 4
133 |58 |37.2 |7 |9/2- |5.1 H 3
133 |58 |134.20 |9 |3/2+ |
133 |58 |207.4 |7 |11/2- |52.7 PS 21
133 |58 |241.99 |9 |5/2+ |
133 |58 |315.69 |10 |3/2+ |
133 |58 |318.00 |9 |5/2+ |
133 |58 |465.18 |10 |1/2+ |
133 |58 |496.75 |11 |(1/2,3/2,5/2)+ |
133 |58 |570.4 |4 |7/2+ |
133 |58 |592.1 |6 |13/2- |5.5 PS 3
133 |58 |621.18 |10 |3/2- |
133 |58 |656.64 |12 |1/2+,3/2,5/2+ |
133 |58 |779.33 |10 |(3/2,5/2)+ |
133 |58 |787.62 |17 | |
133 |58 |815.6 |4 |9/2+ |
133 |58 |827.0 |6 |15/2- |2.6 PS 6
133 |58 |834.80 |15 |(1/2,3/2,5/2+) |
133 |58 |902.68 |23 | |
133 |58 |1005.56 |13 |(1/2+,3/2,5/2+) |
133 |58 |1116.18 |23 | |
133 |58 |1200.4 |7 |15/2- |
133 |58 |1200.7 |5 |11/2+ |
133 |58 |1335.18 |23 | |
133 |58 |1343.5 |6 |17/2- |0.7 PS LE
133 |58 |1445.1 |5 |13/2+ |
133 |58 |1521.01 |22 | |
133 |58 |1573.35 |23 | |
133 |58 |1589.9 |6 |19/2- |0.7 PS LE
133 |58 |1881.30 |16 | |
133 |58 |1897.6 |6 |15/2+ |
133 |58 |1932.1 |6 |15/2+ |
133 |58 |2096.4 |6 |17/2+ |3.7 PS 4
133 |58 |2199.3 |7 |21/2- |
133 |58 |2297.2 |6 |19/2+ |3.1 PS 3
133 |58 |2415.8 |6 |(19/2+) |
133 |58 |2456.6 |6 |21/2+ |3.7 PS 4
133 |58 |2485.9 |7 |23/2- |
133 |58 |2501.8 |12 | |
133 |58 |2621.3 |7 |(21/2+) |
133 |58 |2646.1 |7 |23/2+ |
133 |58 |2679.3 |8 |23/2- |
133 |58 |2743.8 |7 |(21/2) |
133 |58 |2844.9 |9 |(23/2) |
133 |58 |2881.1 |7 |25/2+ |
133 |58 |2959.5 |7 |(23/2) |
133 |58 |3128.4 |10 |(25/2+) |
133 |58 |3129.1 |8 |25/2- |
133 |58 |3175.7 |7 |27/2+ |
133 |58 |3236.0 |9 |23/2- |
133 |58 |3236.1 |9 |(25/2) |
133 |58 |3376.0 |7 |25/2- |
133 |58 |3433.0 |8 |27/2- |
133 |58 |3434.1 |11 |(27/2+) |
133 |58 |3530.7 |7 |27/2- |
133 |58 |3533.1 |8 |29/2+ |
133 |58 |3571.5 |10 |(27/2) |
133 |58 |3771.2 |8 |29/2- |
133 |58 |3780.6 |12 |(29/2+) |
133 |58 |3917.7 |8 |31/2+ |
133 |58 |3971.6 |12 |(29/2) |
133 |58 |4066.1 |8 |31/2- |
133 |58 |4212.4 |13 |(31/2+) |
133 |58 |4375.3 |8 |33/2+ |
133 |58 |4404.0 |9 |(31/2-) |
133 |58 |4408.2 |8 |33/2- |
133 |58 |4799.4 |9 |35/2- |
133 |58 |4831.4 |9 |35/2+ |
133 |58 |5215.1 |9 |37/2- |
133 |58 |5366.0 |11 |(37/2+) |
133 |58 |5669.8 |9 |39/2- |
133 |58 |5876.2 |12 |(39/2+) |
133 |58 |6149.5 |11 |(41/2-) |
133 |58 |6665.6 |12 |(43/2-) |
133 |58 |7209.6 |13 |(45/2-) |
133 |58 |0+X | |(27/2-) |
133 |58 |423.7+X |5 |(31/2-) |
133 |58 |913.1+X |7 |(35/2-) |
133 |58 |1557.2+X |9 |(39/2-) |
133 |58 |2326.0+X |10 |(43/2-) |
133 |58 |3208.0+X |15 | |
133 |58 |3214.9+X |12 |(47/2-) |0.77 PS 9
133 |58 |4090.0+X |18 | |
133 |58 |4215.4+X |13 |(51/2-) |0.23 PS 3
133 |58 |4982.4+X |18 | |
133 |58 |5314.1+X |14 |(55/2-) |0.139 PS 14
133 |58 |5979.7+X |19 | |
133 |58 |6502.4+X |15 |(59/2-) |0.146 PS 14
133 |58 |7078.4+X |20 | |
133 |58 |7777.6+X |15 |(63/2-) |
133 |58 |8268.4+X |22 | |
133 |58 |9133.9+X |16 |(67/2-) |
133 |58 |9504.8+X |23 | |
133 |58 |9580.7+X |23 | |
133 |58 |10559.2+X |17 |(71/2-) |
133 |58 |10698.8+X |23 | |
133 |58 |10960.7+X |23 | |
133 |58 |11989.2+X |24 | |
133 |58 |12061.3+X |18 |(75/2-) |
133 |58 |12461.0+X |24 | |
133 |58 |13384.6+X |24 | |
133 |58 |14884.8+X |25 | |
133 |58 |16492.1+X |25 | |
133 |58 |18203+X |3 | |
133 |58 |20028+X |3 | |
133 |58 |0+Y | | |
133 |58 |966.3+Y |5 | |
133 |58 |2028.1+Y |7 | |
133 |58 |3184.3+Y |9 | |
133 |58 |4425.0+Y |10 | |
133 |58 |5625.7+Y |12 | |
133 |58 |5732.0+Y |15 | |
133 |58 |6899.7+Y |13 | |
133 |58 |8277.0+Y |14 | |
133 |58 |9759.8+Y |15 | |
133 |58 |11351.5+Y |15 | |
133 |58 |13051.9+Y |16 | |
133 |58 |14831.2+Y |17 | |
133 |58 |16687.2+Y |20 | |
133 |58 |0+Z | | |
133 |58 |703.5+Z |5 | |
133 |58 |1475.2+Z |12 | |
133 |58 |2356.5+Z |13 | |
133 |58 |3342.9+Z |14 | |
133 |58 |4422.0+Z |15 | |
133 |58 |5590.1+Z |15 | |
133 |58 |6832.2+Z |16 | |
133 |58 |8003.6+Z |17 | |
133 |58 |8152.2+Z |19 | |
133 |58 |9226.1+Z |18 | |
133 |58 |9537.2+Z |22 | |
133 |58 |10562.6+Z |18 | |
133 |58 |11998.7+Z |21 | |
133 |58 |0+U | | |
133 |58 |774.2+U |5 | |
133 |58 |1634.5+U |7 | |
133 |58 |2600.2+U |9 | |
133 |58 |3663.0+U |10 | |
133 |58 |4815.6+U |12 | |
133 |58 |6059.8+U |13 | |
133 |58 |7401.1+U |14 | |
133 |58 |8840.4+U |15 | |
133 |58 |0+R | |(43/2) |
133 |58 |748.30+R |11 |J+2 |
133 |58 |1557.43+R |12 |J+4 |
133 |58 |2430.30+R |13 |J+6 |
133 |58 |3367.57+R |16 |J+8 |
133 |58 |4370.61+R |17 |J+10 |
133 |58 |5438.17+R |18 |J+12 |
133 |58 |6570.44+R |19 |J+14 |
133 |58 |7768.83+R |22 |J+16 |
133 |58 |9035.44+R |23 |J+18 |
133 |58 |10372.84+R |24 |J+20 |
133 |58 |11784.24+R |25 |J+22 |
133 |58 |13272.9+R |3 |J+24 |
133 |58 |14843.0+R |3 |J+26 |
133 |58 |16497.7+R |3 |J+28 |
133 |58 |18240.7+R |4 |J+30 |
133 |58 |20074.2+R |7 |J+32 |
133 |58 |22001.7+R |14 |J+34 |
133 |58 |0+S | |J1  37/2 |
133 |58 |720.32+S |9 |J1+2 |
133 |58 |1505.75+S |14 |J1+4 |
133 |58 |2359.98+S |16 |J1+6 |
133 |58 |3280.27+S |17 |J1+8 |
133 |58 |4267.19+S |19 |J1+10 |
133 |58 |5319.39+S |20 |J1+12 |
133 |58 |6437.62+S |22 |J1+14 |
133 |58 |7621.96+S |24 |J1+16 |
133 |58 |8875.16+S |25 |J1+18 |
133 |58 |10199.0+S |3 |J1+20 |
133 |58 |11596.9+S |3 |J1+22 |
133 |58 |13072.4+S |3 |J1+24 |
133 |58 |14629.7+S |4 |J1+26 |
133 |58 |16272.7+S |4 |J1+28 |
133 |58 |18004.1+S |5 |J1+30 |
133 |58 |19825.7+S |5 |J1+32 |
133 |58 |21735.7+S |6 |J1+34 |
133 |58 |0+T | |J2  45/2 |
133 |58 |956.9+T |10 |J2+2 |
133 |58 |1942.8+T |15 |J2+4 |
133 |58 |2963.3+T |18 |J2+6 |
133 |58 |4045.4+T |20 |J2+8 |
133 |58 |5193.9+T |23 |J2+10 |
133 |58 |6401.5+T |25 |J2+12 |
133 |58 |7676+T |3 |J2+14 |
133 |58 |9011+T |3 |J2+16 |
133 |58 |10399+T |3 |J2+18 |
133 |58 |11838+T |4 |J2+20 |
133 |58 |13327+T |4 |J2+22 |
133 |58 |14875+T |4 |J2+24 |
133 |58 |16487+T |4 |J2+26 |
133 |58 |18174+T |4 |J2+28 |
133 |58 |19938+T |4 |J2+30 |
134 |58 |0.0 | |0+ |3.16 D 4
134 |58 |409.20 |10 |2+ |23 PS 2
134 |58 |965.66 |18 |2+ |
134 |58 |1048.68 |23 |4+ |3.3 PS 6
134 |58 |1382.7 |3 |3+ |
134 |58 |1533.5 |6 |(0+) |
134 |58 |1572.5 |5 | |
134 |58 |1643.47 |21 |4+ |
134 |58 |1775.0 |4 | |
134 |58 |1812.0 |4 |(4)+ |
134 |58 |1863.1 |3 |6+ |2.8 PS 9
134 |58 |1903.8 |3 |1,2,3 |
134 |58 |1964.4 |5 |(2+) |
134 |58 |1989.1 |4 |1,2,3 |
134 |58 |2027.3 |3 |(4)+ |
134 |58 |2050.0 |4 |5+ |
134 |58 |2158.6 |4 | |
134 |58 |2170.3 |5 |(5) |
134 |58 |2174.4 |3 |(5)- |
134 |58 |2206.3 |8 | |
134 |58 |2246.8 |4 |(5) |
134 |58 |2260.9 |8 | |
134 |58 |2272.0 |11 | |
134 |58 |2303.8 |4 |6+ |
134 |58 |2313.7 |3 |1,2,3 |
134 |58 |2338.7 |11 | |
134 |58 |2359.1 |3 |(6-) |
134 |58 |2361.4 |4 |6(+) |
134 |58 |2373.3 |10 | |
134 |58 |2474.1 |3 |(6)- |
134 |58 |2545.20 |19 |(3) |
134 |58 |2565.8 |4 |(7)- |
134 |58 |2654.9 |8 | |
134 |58 |2706.6 |3 |(7)- |
134 |58 |2768.0 |7 |(7+) |
134 |58 |2772.8 |11 | |
134 |58 |2811.1 |3 |8+ |0.7 PS LT
134 |58 |2820.9 |5 |(7) |
134 |58 |2839.9 |7 | |
134 |58 |2896.4 |3 |(8)- |
134 |58 |2948.2 |11 | |
134 |58 |2969.5 |5 |(8-) |
134 |58 |3017.6 |4 |8+ |
134 |58 |3032.2 |8 | |
134 |58 |3068.5 |11 | |
134 |58 |3072.9 |5 |(9) |
134 |58 |3141.1 |5 | |
134 |58 |3158.0 |4 |(9)- |
134 |58 |3198.8 |11 | |
134 |58 |3208.6 |4 |10+ |308 NS 5
134 |58 |3261.1 |8 | |
134 |58 |3289.1 |11 | |
134 |58 |3299.4 |12 | |
134 |58 |3306.5 |11 | |
134 |58 |3317.4 |11 | |
134 |58 |3405.0 |6 |(10)- |
134 |58 |3466.6 |11 | |
134 |58 |3592.2 |11 | |
134 |58 |3592.8 |11 | |
134 |58 |3600.7 |9 |(9-) |
134 |58 |3657.9 |15 | |
134 |58 |3663.4 |11 | |
134 |58 |3719.3 |4 |10+ |5.8 PS 10
134 |58 |3751.4 |8 |(11)- |
134 |58 |3817.6 |5 |(10+) |
134 |58 |3865.7 |11 | |
134 |58 |3895.4 |15 | |
134 |58 |4006.8 |5 |12+ |
134 |58 |4022.8 |13 |(9-) |
134 |58 |4108.8 |11 | |
134 |58 |4142.3 |8 |(12)- |
134 |58 |4183.6 |6 |12+ |11.0 PS 13
134 |58 |4187.8 |7 |(10)- |
134 |58 |4383.9 |8 |(11)- |
134 |58 |4539.8 |9 |(13)- |
134 |58 |4622.7 |9 |(12)- |
134 |58 |4762.8 |6 |14+ |
134 |58 |4897.9 |10 |(13)- |
134 |58 |4908.2 |8 |14+ |1.2 PS 4
134 |58 |5018.3 |8 |(14)- |
134 |58 |5229.8 |11 |(14)- |
134 |58 |5493.1 |6 |(15)- |
134 |58 |5495.3 |7 |(15)- |
134 |58 |5591.7 |9 |(14)- |
134 |58 |5628.8 |12 |(15)- |
134 |58 |5725.9 |9 |16+ |1.5 PS 5
134 |58 |5745.9 |9 |(15)- |
134 |58 |5865.8 |12 |(16+) |
134 |58 |5965.3 |9 |(16)- |
134 |58 |6023.7 |10 |(16)- |
134 |58 |6048.8 |13 |(16)- |0.56 PS 8
134 |58 |6305.5 |14 |(17)- |0.59 PS 5
134 |58 |6524.4 |14 |(17)- |0.64 PS LT
134 |58 |6598.1 |10 |(18+) |
134 |58 |6763.1 |17 |(18)- |0.236 PS 21
134 |58 |7044.6 |15 |(18-) |
134 |58 |7068.4 |14 |(18)- |
134 |58 |7282.9 |20 |(19)- |0.194 PS 21
134 |58 |7583.1 |14 |(20+) |
134 |58 |7830.9 |22 |(20)- |0.22 PS LT
134 |58 |8585.1 |18 |(22+) |
134 |58 |9538.3 |20 |(24+) |
134 |58 |10528.7 |23 |(26+) |
134 |58 |11602.9 |25 |(28+) |
134 |58 |12764 |3 |(30+) |
134 |58 |14009 |3 |(32+) |
134 |58 |15332 |3 |(34+) |
134 |58 |X | |J |
134 |58 |928+X | |J+2 |
134 |58 |1916+X | |J+4 |
134 |58 |2966+X | |J+6 |
134 |58 |4077+X | |J+8 |
134 |58 |5251+X | |J+10 |
134 |58 |6490+X | |J+12 |
134 |58 |7789+X | |J+14 |
134 |58 |9154+X | |J+16 |
134 |58 |10587+X | |J+18 |
134 |58 |12090+X | |J+20 |
134 |58 |13665+X | |J+22 |
134 |58 |15313+X | |J+24 |
134 |58 |17039+X | |J+26 |
134 |58 |Y | |J1 |
134 |58 |911+Y | |J1+2 |
134 |58 |1923+Y | |J1+4 |
134 |58 |3035+Y | |J1+6 |
134 |58 |4247+Y | |J1+8 |
134 |58 |5573+Y | |J1+10 |
134 |58 |Z | |J2 |
134 |58 |874+Z | |J2+2 |
134 |58 |1824+Z | |J2+4 |
134 |58 |2868+Z | |J2+6 |
134 |58 |4004+Z | |J2+8 |
134 |58 |5228+Z | |J2+10 |
134 |58 |6540+Z | |J2+12 |
134 |58 |7926+Z | |J2+14 |
134 |58 |9377+Z | |J2+16 |
135 |58 |0.0 | |1/2(+) |17.7 H 3
135 |58 |82.67 |5 |3/2(+) |0.53 NS 6
135 |58 |296.11 |5 |(5/2+) |
135 |58 |296.12 |5 |1/2(+),3/2(+) |
135 |58 |445.81 |21 |(11/2-) |20 S 1
135 |58 |620.95 |11 |3/2(+),5/2(+) |
135 |58 |696.47 |21 |(1/2+,3/2+,5/2+) |
135 |58 |780.29 |15 |(1/2+,3/2+,5/2+) |
135 |58 |806.90 |19 |(1/2,3/2,5/2+) |
135 |58 |1016.84 |15 |(1/2+,3/2+,5/2+) |
135 |58 |1035.7 |4 |(13/2-) |
135 |58 |1145.2 |4 |(15/2-) |
135 |58 |1367.4 |5 |(1/2,3/2,5/2+) |
135 |58 |1670.0 |5 |(15/2-) |
135 |58 |1728.7 |5 |(1/2,3/2,5/2) |
135 |58 |1834.9 |3 |(1/2,3/2,5/2) |
135 |58 |1869.4 |5 |(17/2-) |
135 |58 |1950.6 |9 |(1/2,3/2,5/2+) |
135 |58 |2020.6 |6 |(1/2,3/2,5/2+) |
135 |58 |2051.5 |5 |(19/2-) |
135 |58 |2125.3 |5 |(19/2+) |8.2 NS 4
135 |58 |2249.0 |5 |(19/2-) |
135 |58 |2551.0 |6 |(23/2+) |
135 |58 |2682.2 |6 |(21/2-) |
135 |58 |2887.4 |7 |(21/2-) |
135 |58 |2946.2 |6 |(19/2+) |
135 |58 |2948.0 |6 |(23/2-) |
135 |58 |3054.1 |6 |(21/2+) |
135 |58 |3076.2 |6 |(21/2+) |
135 |58 |3104.0 |6 |(23/2-) |
135 |58 |3229.0 |6 |(23/2+) |
135 |58 |3431.1 |7 |(25/2+) |
135 |58 |3505.4 |6 |(25/2-) |
135 |58 |3514.6 |7 |(27/2+) |
135 |58 |3699.1 |8 |(27/2+) |
135 |58 |3701.8 |7 |(27/2-) |
135 |58 |3771.7 |6 |(27/2+) |
135 |58 |4032.3 |7 |(25/2-) |
135 |58 |4065.4 |6 |(25/2-) |
135 |58 |4127.5 |9 |(29/2+) |
135 |58 |4183.0 |6 |(27/2-) |
135 |58 |4259.5 |7 |(31/2+) |
135 |58 |4400.1 |8 |(31/2-) |
135 |58 |4460.4 |6 |(29/2-) |
135 |58 |4485.8 |9 |(31/2+) |
135 |58 |4495.9 |7 |(27/2-) |
135 |58 |4634.9 |6 |(29/2-) |
135 |58 |4813.3 |6 |(31/2-) |
135 |58 |4830.3 |7 |(31/2-) |
135 |58 |4978.6 |9 |(33/2+) |
135 |58 |5062.2 |7 |(33/2-) |
135 |58 |5206.0 |7 |(33/2-) |
135 |58 |5324.4 |8 |(35/2+) |
135 |58 |5342.1 |13 |(35/2-) |
135 |58 |5359.3 |7 |(35/2-) |0.64 PS 11
135 |58 |5427.8 |10 |(35/2+) |
135 |58 |5651.1 |7 |(35/2-) |
135 |58 |5751.5 |7 |(37/2-) |0.451 PS 21
135 |58 |5941.7 |12 |(37/2+) |
135 |58 |6086.0 |7 |(37/2-) |
135 |58 |6256.3 |7 |(39/2-) |0.299 PS 25
135 |58 |6299.4 |13 |(39/2+) |
135 |58 |6443.8 |13 |(39/2+) |
135 |58 |6477.1 |17 |(39/2-) |
135 |58 |6525.9 |8 |(39/2-) |
135 |58 |6840.2 |8 |(41/2-) |0.163 PS +8-10
135 |58 |6993.7 |8 |(41/2-) |
135 |58 |7470.4 |9 |(43/2-) |
135 |58 |7493.1 |9 |(43/2-) |
135 |58 |8008.9 |10 |(45/2-) |
135 |58 |8034.6 |9 |(45/2-) |
136 |58 |0.0 | |0+ |0.7E+14 Y GT
136 |58 |552.20 |11 |2+ |6.8 PS 7
136 |58 |1076.3 |4 |(0+) |
136 |58 |1092.09 |11 |2+ |
136 |58 |1314.15 |22 |4+ |6.6 PS 18
136 |58 |1553.00 |18 |(3)+ |
136 |58 |1978.5 |3 |(5)- |3 NS LE
136 |58 |2067.19 |15 |(1) |
136 |58 |2154.95 |15 |2(+) |
136 |58 |2214.0 |3 |6+ |5 NS LE
136 |58 |2307.1 |4 |(7)- |3 NS LE
136 |58 |2366.5 |3 |6+ |5 NS LE
136 |58 |2424.9 |4 |(6)- |3 NS LE
136 |58 |2451.45 |14 |2(+) |
136 |58 |2517.32 |17 |(3) |
136 |58 |2594.80 |22 |(2+) |
136 |58 |2683.8 |4 |(2+) |
136 |58 |2794.77 |21 |(1) |
136 |58 |2826.1 |7 |(2-) |
136 |58 |2866.01 |20 |1,2,3 |
136 |58 |2905.5 |5 |(2-) |
136 |58 |2932.3 |3 |(1) |
136 |58 |2942.3 |5 |2(+) |
136 |58 |2955.0 |11 |8+ |
136 |58 |2989.8 |3 |8+ |
136 |58 |2991.4 |5 |(3,4+) |
136 |58 |3011.22 |21 | |
136 |58 |3095.5 |4 |10+ |2.2 US 2
136 |58 |3146.7 |4 |(8-) |3 NS LE
136 |58 |3174.7 |3 |(1) |
136 |58 |3201.5 |4 |2(+) |
136 |58 |3233.2 |6 |(0-,2-) |
136 |58 |3265.16 |25 |(1) |
136 |58 |3278.1 |4 |(9)- |3 NS LE
136 |58 |3282.6 |3 |(1) |
136 |58 |3362.4 |3 |(1) |
136 |58 |3400.0 |15 | |3 NS LE
136 |58 |3579.7 |7 |(1) |
136 |58 |3705.4 |3 |(2-) |
136 |58 |3760.7 |4 |12+ |
136 |58 |3830.7 |8 | |
136 |58 |3846.8 |11 | |
136 |58 |3866.0 |15 |J |
136 |58 |3987.0 |4 |(10-) |3 NS LE
136 |58 |4023.36 |25 |(2-) |
136 |58 |4084.3 |5 |(11)- |3 NS LE
136 |58 |4240.7 |4 |(11)- |
136 |58 |4291.0 |18 |J+2 |
136 |58 |4786.0 |21 |J+4 |
136 |58 |4833.3 |4 |14+ |
136 |58 |4872.8 |5 |(13)- |
136 |58 |5098.0 |15 |(13-) |
136 |58 |5305.3 |5 |(15)+ |
136 |58 |5354.0 |23 |J+6 |
136 |58 |5594.3 |5 |16+ |
136 |58 |5645.0 |11 |(14-) |
136 |58 |5800.9 |5 |(15)- |
136 |58 |5809.0 |5 |15- |
136 |58 |5841.3 |6 |(16+) |
136 |58 |5856.0 |6 | |
136 |58 |5994.0 |25 |J+8 |
136 |58 |5994.9 |5 |(16)- |
136 |58 |6099.1 |6 |(17+) |
136 |58 |6283.0 |6 |(17-) |
136 |58 |6642.8 |7 |(18+) |
136 |58 |6662.9 |7 |(18-) |
136 |58 |6700 |3 |J+10 |
136 |58 |7099.4 |7 |(19-) |
136 |58 |7585.9 |8 |(20-) |
136 |58 |8100.8 |13 |(21-) |
136 |58 |8625.8 |16 |(22-) |
136 |58 |X | |J1 |
136 |58 |X+189 | |J1+1 |
136 |58 |X+347.0 |15 |J1+2 |
136 |58 |X+548 | |J1+3 |
136 |58 |X+717 | |J1+4 |
136 |58 |X+1101 | |J1+5 |
136 |58 |X+1335 | |J1+6 |
137 |58 |0.0 | |3/2+ |9.0 H 3
137 |58 |160.36 |6 |(1/2)+ |0.79 NS 14
137 |58 |254.29 |5 |11/2- |34.4 H 3
137 |58 |433.97 |8 |(3/2)+ |
137 |58 |514.03 |8 |(3/2)+ |
137 |58 |763.29 |7 |(5/2,3/2)+ |
137 |58 |825.78 |8 |(1/2,3/2) |
137 |58 |836.69 |8 |(5/2)+ |
137 |58 |866.68 |8 |(5/2,3/2) |
137 |58 |927.7 |3 |15/2- |
137 |58 |1104.87 |13 |3/2 |
137 |58 |1144.34 |21 |13/2- |
137 |58 |1147.2 |4 | |
137 |58 |1179.59 |10 |(5/2+) |
137 |58 |1259.48 |20 | |
137 |58 |1271.37 |17 |3/2 |
137 |58 |1288.8 |3 | |
137 |58 |1337.4 |4 | |
137 |58 |1435.39 |10 | |
137 |58 |1476.67 |17 |(5/2+,3/2+) |
137 |58 |1570.12 |25 | |
137 |58 |1577.2 |2 |(1/2) |
137 |58 |1602.74 |13 |3/2 |
137 |58 |1643.0 |3 |(1/2) |
137 |58 |1687.1 |20 |(1/2) |
137 |58 |1693.35 |20 | |
137 |58 |1715.2 |8 |(1/2) |
137 |58 |1728.1 |4 |(1/2) |
137 |58 |1800.51 |12 | |
137 |58 |1887.77 |15 |3/2 |
137 |58 |1909.0 |5 |(1/2) |
137 |58 |1925.29 |13 |(3/2,5/2)+ |
137 |58 |1933.57 |10 |3/2+ |
137 |58 |1951.69 |14 |3/2 |
137 |58 |1980.4 |6 |15/2- |
137 |58 |2039.3 |4 |19/2- |
137 |58 |2040.6 |8 |(1/2) |
137 |58 |2061.1 |3 |(1/2) |
137 |58 |2113.63 |13 | |
137 |58 |2133.66 |13 |3/2(+) |
137 |58 |2142.7 |5 |(1/2) |
137 |58 |2152.9 |3 | |
137 |58 |2191.2 |4 |19/2- |
137 |58 |2197.7 |5 | |
137 |58 |2206.7 |4 |(5/2+,3/2+) |
137 |58 |2275.20 |17 |3/2(+) |
137 |58 |2293.5 |7 |(1/2) |
137 |58 |2304.81 |23 |3/2(+) |
137 |58 |2308.9 |6 | |
137 |58 |2336.2 |6 |(21/2) |
137 |58 |2347.4 |3 | |
137 |58 |2437.1 |7 |(17/2-) |
137 |58 |2454.1 |3 |(1/2) |
137 |58 |2466.2 |8 | |
137 |58 |2480.0 |4 | |
137 |58 |2490.3 |6 |21/2- |
137 |58 |2538.8 |9 | |
137 |58 |2561.6 |8 |(19/2+) |
137 |58 |2565.5 |6 |(1/2) |
137 |58 |2586.8 |7 | |
137 |58 |2703.1 |6 | |
137 |58 |2767.7 |9 |(1/2) |
137 |58 |2812.2 |8 |(23/2)- |
137 |58 |2888.1 |6 | |
137 |58 |2928.2 |7 |(19/2+) |
137 |58 |2972.6 |7 |(-) |
137 |58 |3067.3 |6 |(21/2+) |
137 |58 |3128.7 |8 | |
137 |58 |3225.4 |5 |(23/2) |
137 |58 |3303.9 |10 |(25/2-) |
137 |58 |3404.9 |8 |(23/2+) |
137 |58 |3416.1 |6 |(25/2) |
137 |58 |3684.4 |8 | |
137 |58 |3694.4 |14 | |
137 |58 |3703.3 |7 |(27/2) |
137 |58 |3725.0 |13 |(25/2+) |
137 |58 |3744.2 |10 | |
137 |58 |3763.6 |10 | |
137 |58 |3890.7 |17 | |
137 |58 |3936.1 |8 |25/2- |
137 |58 |3985.9 |8 | |
137 |58 |4115.1 |11 |(29/2) |
137 |58 |4173.6 |7 | |
137 |58 |4255.7 |9 |(31/2) |
137 |58 |4339.7 |8 | |
137 |58 |4585.9 |8 | |
137 |58 |4668.3 |19 | |
137 |58 |4704.5 |12 |(31/2) |
137 |58 |4732.4 |10 |(33/2+) |
137 |58 |5305.1 |11 |(35/2+) |
137 |58 |5379.9 |12 |(33/2) |
137 |58 |5546.0 |12 |(35/2-) |
137 |58 |5851.6 |13 |(37/2-) |
137 |58 |6110.9 |12 | |
137 |58 |6322.0 |16 |(39/2-) |
137 |58 |6459.9 |13 | |
137 |58 |6930.1 |19 | |
137 |58 |7661.2 |22 | |
138 |58 |0.0 | |0+ |0.9E+14 Y GE
138 |58 |788.744 |8 |2+ |2.06 PS 14
138 |58 |1476.93 |9 |0+ |
138 |58 |1510.58 |14 |2+ |
138 |58 |1826.48 |10 |4+ |
138 |58 |2129.17 |12 |7- |8.65 MS 20
138 |58 |2136.82 |15 |4+ |
138 |58 |2177.26 |16 |(3+) |
138 |58 |2217.33 |12 |5- |0.3 NS LT
138 |58 |2236.54 |15 |(1,2+) |
138 |58 |2293.70 |13 |6+ |
138 |58 |2339.85 |10 |0+ |
138 |58 |2393.83 |24 |(3-) |
138 |58 |2396.08 |22 |6+ |
138 |58 |2443.68 |25 |4+ |
138 |58 |2470.99 |15 |(1,2+) |
138 |58 |2471.46 |19 |(4+,5+,6+) |
138 |58 |2526.0 |8 |(9) |
138 |58 |2592.79 |25 | |
138 |58 |2642.4 |3 |2+ |
138 |58 |2719 |15 |(4+,5-) |
138 |58 |2733.29 |18 |6+ |
138 |58 |2748.56 |19 |5+ |
138 |58 |2764.84 |14 |6- |
138 |58 |2885 |16 |(2+,3-) |
138 |58 |2899.15 |18 |6- |
138 |58 |2903.21 |20 |(1,2+) |
138 |58 |2907.19 |22 | |
138 |58 |2942 |16 |(4+,5-) |
138 |58 |2950.4 |3 |(2-,3-,4-) |
138 |58 |2995.69 |22 |2+to6+ |
138 |58 |3005 |16 |(4+,5-) |
138 |58 |3082 |19 |(4+,5-) |
138 |58 |3108.98 |18 |8+ |
138 |58 |3176.00 |24 | |
138 |58 |3177.4 |7 | |
138 |58 |3213.90 |24 | |
138 |58 |3220 |16 |(2+,3-) |
138 |58 |3229.6 |3 | |
138 |58 |3277 |16 |(3-) |
138 |58 |3356 |18 |(2+,3-) |
138 |58 |3367.8 |4 | |
138 |58 |3429 |16 |(4+,5-) |
138 |58 |3430.4 |3 |(7)+ |
138 |58 |3531 |16 | |
138 |58 |3539.1 |3 |10+ |81 NS 2
138 |58 |3646 |16 |(7-) |
138 |58 |3670.5 |3 |(6,7-) |
138 |58 |3800.5 |4 |(6,7-) |
138 |58 |3926.6 |5 |(6,7-) |
138 |58 |3942.2 |4 |(11+) |1.5 NS LT
138 |58 |4050.0 |3 | |
138 |58 |4157.1 |5 |6,7,8 |
138 |58 |4248.0 |7 |(6,7-) |
138 |58 |4359.6 |4 |(12+) |
138 |58 |4974.2 |5 |(13+) |
138 |58 |5089.2 |5 |(12+) |
138 |58 |5213.7 |5 |(13+) |
138 |58 |5312.0 |5 |(14+) |
138 |58 |5412.3 |6 | |
138 |58 |5566.1 |6 |(15) |
138 |58 |5731.6 |6 | |
138 |58 |6013.5 |7 |(16) |
138 |58 |6685.1 |10 |(16+) |
138 |58 |6841.0 |9 |(17+) |
138 |58 |6888.2 |10 |(17+) |
138 |58 |7103.9 |10 |(18+) |
138 |58 |7210.0 |15 |(18+) |
138 |58 |7682.2 |14 |(19+) |
138 |58 |7684.5 |18 |(19+) |
138 |58 |7802.5 |18 |(20+) |
138 |58 |8349.1 |20 |(20+) |
138 |58 |8873.1 |20 |(22+) |
138 |58 |X | |(13-) |
138 |58 |X+146.5 |10 |(14-) |
138 |58 |X+408.8 |15 |(15-) |
138 |58 |X+798.8 |18 |(16-) |
138 |58 |X+1294.8 |20 |(17-) |
139 |58 |0.0 | |3/2+ |137.641 D 20
139 |58 |255.098 |17 |1/2+ |110 PS 20
139 |58 |754.24 |8 |11/2- |54.8 S 10
139 |58 |1320.249 |20 |5/2+ |
139 |58 |1347.337 |10 |7/2+ |
139 |58 |1578.25 |22 |7/2- |
139 |58 |1596.590 |20 |(3/2)+ |
139 |58 |1630.681 |18 |3/2+ |
139 |58 |1790 | |(1/2+) |
139 |58 |1818.49 |3 |3/2+,5/2+ |
139 |58 |1842.9 |10 |(7/2-) |
139 |58 |1889 | |1/2+ |
139 |58 |1907.679 |23 |(3/2)+ |
139 |58 |1965.38 |24 |3/2,5/2+ |
139 |58 |1984.86 |7 |3/2,5/2+ |
139 |58 |2016.27 |4 |(3/2+) |
139 |58 |2028.6 | |(11/2-,13/2) |
139 |58 |2090.5 | |3/2+,5/2+ |
139 |58 |2143 | |3/2+,5/2+ |
139 |58 |2251 | |7/2+,9/2+ |
139 |58 |2286 | |9/2-,11/2- |
139 |58 |2361.8 | |(15/2-) |
139 |58 |2363 | |7/2+,9/2+ |
139 |58 |2426 | |3/2+,5/2+ |
139 |58 |2455 | |7/2+,9/2+ |
139 |58 |2483.6 | |(13/2-,15/2-) |
139 |58 |2488 | | |
139 |58 |2556 | |(9/2)+ |
139 |58 |2610 | | |
139 |58 |2631.0 | |(19/2-) |70 NS 5
139 |58 |2701 | | |
139 |58 |2800 | |7/2+,9/2+ |
139 |58 |2818.8 | |(21/2) |3.0 NS LE
139 |58 |2822.5 | |9/2-,11/2- |
139 |58 |2910 | |3/2+,5/2+&amp;(9/2) |+
139 |58 |2964 | |3/2+,5/2+ |
139 |58 |3082 | |(7/2+,9/2+) |
139 |58 |3144 | |1/2+ |
139 |58 |3172 | |3/2+,5/2+ |
139 |58 |3184.6 | |(23/2) |
139 |58 |3196 | |(7/2+,9/2+) |
139 |58 |3282 | |7/2+,9/2+ |
139 |58 |3302 | |1/2+ |
139 |58 |3327 | | |
139 |58 |3352 | | |
139 |58 |3405 | |(1/2+) |
139 |58 |3481.2 | |(25/2) |
139 |58 |3535 | |3/2+,5/2+ |
139 |58 |3592 | |3/2+,5/2+ |
139 |58 |3655 | |3/2+,5/2+ |
139 |58 |3701.4 | |(27/2) |
139 |58 |3852 | |3/2+,5/2+ |
139 |58 |4262.5 | |(3/2+,5/2+) |
140 |58 |0.0 | |0+ |STABLE
140 |58 |1596.237 |25 |2+ |0.0916 PS 19
140 |58 |1903.32 |6 |0+ |0.40 NS 3
140 |58 |2083.26 |3 |4+ |3.45 NS 3
140 |58 |2107.86 |3 |6+ |7.3 US 15
140 |58 |2347.884 |25 |2+ |0.2 NS LE
140 |58 |2349.81 |3 |5+ |10 NS LE
140 |58 |2412.02 |3 |3+ |55 PS 15
140 |58 |2464.09 |4 |3- |0.10 PS 2
140 |58 |2480.93 |3 |4+ |3.2 NS 3
140 |58 |2515.76 |3 |3+ |
140 |58 |2521.431 |25 |2+ |0.1 NS LE
140 |58 |2547.23 |4 |1+ |
140 |58 |2628.89 |6 |6+ |
140 |58 |2658.3 |10 | |
140 |58 |2899.66 |15 |2+ |4.0E-3 EV 9
140 |58 |3001.12 |14 |2+ |
140 |58 |3016.9 |5 |0+ |
140 |58 |3040 | |3- |
140 |58 |3118.55 |16 |2+ |12.9E-3 EV 10
140 |58 |3168.3 |10 | |
140 |58 |3226 |2 |0+ |
140 |58 |3255.8 |10 |5- |
140 |58 |3320.4 |6 |2+ |3.0E-3 EV 7
140 |58 |3331 |6 |4+ |
140 |58 |3391.3 |10 | |
140 |58 |3394.71 |9 |(4-) |
140 |58 |3395.1 |10 |(4+) |
140 |58 |3424.6 |7 |7- |
140 |58 |3432.8 |10 |7+ |
140 |58 |3473.58 |18 |3- |
140 |58 |3476.9 |7 |8- |
140 |58 |3484.2 |10 |6+ |
140 |58 |3493.0 |7 |9- |1.7 NS 2
140 |58 |3512.8 |8 |8+ |
140 |58 |3520.87 |14 |(4+) |
140 |58 |3522.2 |10 |(5) |
140 |58 |3534.6 |10 |(3,4) |
140 |58 |3551 |3 |2+,3- |
140 |58 |3602 | | |
140 |58 |3621.0 |7 |8+ |
140 |58 |3643.1 |10 |1- |289E-3 EV 18
140 |58 |3653 |3 |2+,3- |
140 |58 |3661.6 |10 |(7,8) |
140 |58 |3710 |4 |5- |
140 |58 |3715.3 |8 |10+ |23.1 NS 4
140 |58 |3729 |2 |2+ |
140 |58 |3746 |2 | |
140 |58 |3780 | |(3+,4+) |
140 |58 |3792 |4 |3- |
140 |58 |3895.2 |8 |9+ |
140 |58 |3911 |10 |5- |
140 |58 |3912 |4 |2- |
140 |58 |3956 |4 | |
140 |58 |3970.8 |10 | |
140 |58 |3980 | |3- |
140 |58 |4000 |4 |4- |
140 |58 |4017 |10 | |
140 |58 |4061 | | |
140 |58 |4125 |10 |2+ |
140 |58 |4158 |4 |2- |
140 |58 |4170 |2 | |
140 |58 |4182 |4 |1- |
140 |58 |4183 |10 |2+,(3-,4+) |
140 |58 |4208 |6 | |
140 |58 |4242 |10 |2+ |
140 |58 |4263.5 |10 |10+ |
140 |58 |4296 |6 |3-,4+ |
140 |58 |4340 |10 |(1-) |
140 |58 |4360 |10 |+ |
140 |58 |4364 |4 |1- |
140 |58 |4424 |4 |2+,3- |
140 |58 |4449.5 |13 |(9,11) |
140 |58 |4450 |10 | |
140 |58 |4485 |10 | |
140 |58 |4538 |4 |3- |
140 |58 |4571.3 |13 |(8+,10+) |
140 |58 |4580 |4 |2- |
140 |58 |4640 |10 | |
140 |58 |4660 |15 | |
140 |58 |4700 |10 | |
140 |58 |4720 |15 | |
140 |58 |4748 |4 |2- |
140 |58 |4760 |15 | |
140 |58 |4770 |10 |1- |
140 |58 |4790 |15 | |
140 |58 |4827 |10 |2+,3- |
140 |58 |4852.3 |10 |12+ |
140 |58 |4860 |10 | |
140 |58 |4880 |15 | |
140 |58 |4905.3 |11 |11- |
140 |58 |4910 |15 | |
140 |58 |4958.8 |10 |(11+) |
140 |58 |4979 |10 |2+,3- |
140 |58 |5000 |15 | |
140 |58 |5026 |6 |2-,3- |
140 |58 |5050 |15 | |
140 |58 |5070.5 |13 |(9,11) |
140 |58 |5094.1 |12 |(12-) |
140 |58 |5101 |10 | 5 |
140 |58 |5103.5 |12 |13- |
140 |58 |5140 |15 | |
140 |58 |5160 |15 | |
140 |58 |5196 |6 |2-,3- |
140 |58 |5230 |15 | |
140 |58 |5295 |10 |5-,6+ |
140 |58 |5336.2 |12 |(12-) |
140 |58 |5377 |10 |4+,5- |
140 |58 |5424 |6 |2-,3- |
140 |58 |5449 |10 | |
140 |58 |5466 |6 |2-,3- |
140 |58 |5574 |15 |(0+) |
140 |58 |5650 |15 |2+,3- |
140 |58 |5660.1 |20 |1- |0.0121 EV 29
140 |58 |5703 |15 |1-,2+ |
140 |58 |5789 |15 | |
140 |58 |5896 |15 |1-,2+ |
140 |58 |5989 |15 |(3-,4+) |
140 |58 |6078 |15 |2+,3- |
140 |58 |6187 |15 |2+,3- |
140 |58 |6233 | | |
140 |58 |6268 |15 | |
140 |58 |6364 |15 |3-,4+ |
140 |58 |6678 | | |
140 |58 |7050 | | |
140 |58 |7370 | |0+ |
141 |58 |0.0 | |7/2- |32.511 D 13
141 |58 |662.07 |5 |3/2- |
141 |58 |1137.05 |19 |1/2- |
141 |58 |1354.50 |9 |9/2- |
141 |58 |1368.71 |18 |13/2+ |5.3 NS 3
141 |58 |1377.0 |18 |(9/2-,11/2-) |
141 |58 |1496.99 |9 |5/2- |
141 |58 |1626.2 |5 |(3/2)+ |
141 |58 |1693.31 |10 |11/2- |
141 |58 |1739.01 |10 |7/2- |
141 |58 |1785 |3 |1/2+ |
141 |58 |1808.7 |3 |3/2- |
141 |58 |1812.7 |9 |5/2- |
141 |58 |1915 |3 |11/2-,9/2- |
141 |58 |1942 |3 |1/2+ |
141 |58 |1943.9 |3 | |
141 |58 |1961.5 |11 |15/2(+) |
141 |58 |1994.3 |4 |(1/2-) |
141 |58 |2030.22 |20 | |
141 |58 |2044 |10 |11/2-,9/2- |
141 |58 |2049.3 |3 | |
141 |58 |2114.5 |15 |(5/2)- |
141 |58 |2165 |5 |11/2-,9/2- |
141 |58 |2165.6 |14 |3/2- |
141 |58 |2171.1 |3 |9/2- |
141 |58 |2174.0 |3 |5/2- |
141 |58 |2189 |2 |(5/2-,7/2-) |
141 |58 |2189.6 |3 |3/2- |
141 |58 |2207.38 |14 |(7/2+) |
141 |58 |2207.5 |15 |17/2(+) |
141 |58 |2243 |10 |(7/2+,9/2+) |
141 |58 |2263 |2 |(7/2+,9/2+) |
141 |58 |2266.95 |15 |(5/2+) |
141 |58 |2272.5 |18 |(19/2) |2.2 NS 4
141 |58 |2292 |2 |(+) |
141 |58 |2328.9 |11 |7/2- |
141 |58 |2336.1 |5 |3/2- |
141 |58 |2403 |5 |3/2+,5/2+ |
141 |58 |2405.9 |9 |(5/2-) |
141 |58 |2410.8 |5 |1/2- |
141 |58 |2426.0 |5 |3/2- |
141 |58 |2450 | |(1/2-) |
141 |58 |2450 |AP |(5/2-,7/2-) |
141 |58 |2458 |5 |3/2+,5/2+ |
141 |58 |2507 |AP |(3/2+,5/2+) |
141 |58 |2523.1 |5 |1/2-,3/2- |
141 |58 |2531 |10 |(9/2-,11/2-) |
141 |58 |2543 |5 | |
141 |58 |2555 |2 | |
141 |58 |2583 |10 | |
141 |58 |2611 |2 |(1/2-,3/2-) |
141 |58 |2634 |2 |5/2-,7/2- |
141 |58 |2649 |5 |3/2+,5/2+ |
141 |58 |2671 |10 | |
141 |58 |2800 | | |
141 |58 |2841 |5 |1/2+ |
141 |58 |2886 |5 |3/2+,5/2+ |
141 |58 |2899 |AP |(3/2+,5/2+) |
141 |58 |2899 |2 |13/2+,11/2+ |
141 |58 |2987 |7 |1/2+ |
141 |58 |3012 |3 | |
141 |58 |3055 |7 |3/2+,5/2+ |
141 |58 |3070 |3 |5/2-,7/2- |
141 |58 |3070 |3 |1/2-,3/2- |
141 |58 |3071 |7 |3/2+,5/2+ |
141 |58 |3109 |3 | |
141 |58 |3114 |7 |11/2-,9/2- |
141 |58 |3159 |3 |(1/2-,3/2-) |
141 |58 |3175 |3 | |
141 |58 |3203 |3 | |
141 |58 |3210 |7 |3/2+,5/2+ |
141 |58 |3235 |3 | |
141 |58 |3265 |3 | |
141 |58 |3297 |3 |(1/2-,3/2-) |
141 |58 |3319 |3 | |
141 |58 |3333 |10 |5/2-,7/2- |
141 |58 |3351 |3 |1/2+ |
141 |58 |3351 |3 |(3/2+,5/2+) |
141 |58 |3408 |3 |(3/2+,5/2+) |
141 |58 |3409 |10 |(11/2-,9/2-) |
141 |58 |3413 |9 |1/2+ |
141 |58 |3449 |3 | |
141 |58 |3486 |3 |(5/2-,7/2-) |
141 |58 |3523 |3 |(7/2+,9/2+) |
141 |58 |3578 |3 |(7/2+,9/2+) |
141 |58 |3609 |9 |(9/2+,7/2+) |
141 |58 |3673 |3 |(3/2+,5/2+) |
141 |58 |3684 |3 |(7/2+,9/2+) |
141 |58 |3704 |9 | |
142 |58 |0.0 | |0+ |5E+16 Y GT
142 |58 |641.282 |9 |2+ |5.56 PS 12
142 |58 |1219.37 |3 |4+ |7.5 PS 7
142 |58 |1536.33 |4 |2+ |0.83 PS LT
142 |58 |1652.91 |4 |3- |1.8 PS GT
142 |58 |1742 |3 |5- |
142 |58 |1743.05 |6 |6+ |
142 |58 |2004.89 |7 |2+ |0.045 PS +5-4
142 |58 |2014.5 |3 | |
142 |58 |2031.01 |9 |0+ |0.17 PS +15-6
142 |58 |2044.51 |6 |4+ |0.33 PS +11-7
142 |58 |2111.87 |11 |4+ |0.37 PS +30-12
142 |58 |2124.91 |8 |5- |0.41 PS GT
142 |58 |2181.95 |5 |3+ |0.26 PS +55-11
142 |58 |2187.54 |12 |1- |0.011 PS 2
142 |58 |2210.60 |6 |6+ |
142 |58 |2278.14 |8 |4+ |0.083 PS +49-28
142 |58 |2329.88 |10 |3+ |0.21 PS +21-8
142 |58 |2364.91 |12 |2+ |0.016 PS +3-2
142 |58 |2374.96 |8 |+ |0.69 PS GT
142 |58 |2384.45 |7 |4- |0.060 PS +76-28
142 |58 |2398.42 |7 |1+ |0.076 PS +21-14
142 |58 |2539.72 |10 |4+ |0.041 PS +18-12
142 |58 |2542.65 |19 |1 |0.014 PS LT
142 |58 |2543.21 |8 |2+ |0.21 PS +25-8
142 |58 |2570.08 |11 |5+ |0.12 PS +18-6
142 |58 |2576.23 |6 |3+ |0.69 PS GT
142 |58 |2591.0 |3 | |
142 |58 |2592.5 |9 |(7-) |
142 |58 |2598.27 |10 |2+ |1.66 PS GT
142 |58 |2602.55 |6 |(3,2)+ |0.24 PS +25-8
142 |58 |2606.49 |8 |4+ |0.049 PS +83-28
142 |58 |2624.4 |9 |8+ |
142 |58 |2667.0 |3 |1+ |0.054 PS +24-15
142 |58 |2680.50 |20 |(2,3,4)+ |0.15 PS +15-6
142 |58 |2697.03 |7 |2+ |0.08 PS +6-3
142 |58 |2698.58 |11 |4+ |0.076 PS +21-15
142 |58 |2715.14 |7 |3+ |0.12 PS +13-5
142 |58 |2725.78 |10 |5+ |0.049 PS +26-16
142 |58 |2727.89 |7 |2(-) |0.27 PS +29-8
142 |58 |2734.77 |9 |(3,2)+ |0.37 PS GT
142 |58 |2741.97 |10 |(2,3)+ |0.076 PS +28-14
142 |58 |2767.86 |8 |(1,2,3)+ |0.055 PS +18-12
142 |58 |2773.92 |9 |(3)+ |0.69 PS GT
142 |58 |2784.78 |21 |(3,4,5) |0.23 PS +63-10
142 |58 |2792.9 |3 | |
142 |58 |2800.78 |9 |1(+) |0.010 PS 2
142 |58 |2806.42 |9 |3+ |0.10 PS +7-3
142 |58 |2842.56 |12 |(2,3)+ |0.038 PS +10-8
142 |58 |2853.34 |12 |2+ |0.076 PS +42-21
142 |58 |2857.6 |7 |(8+) |
142 |58 |2859.75 |10 |4 |0.69 PS GT
142 |58 |2868.97 |10 |(4)+ |0.46 PS GT
142 |58 |2887.74 |15 |3+ |0.041 PS +12-9
142 |58 |2922 |4 | |
142 |58 |2935.14 |21 |(2,3,4) |0.48 PS GT
142 |58 |2956.39 |15 |3+ |0.017 PS +7-6
142 |58 |2986 |5 | |
142 |58 |2994.0 |10 |9(-) |
142 |58 |2999.02 |15 |1+ |0.017 PS +13-8
142 |58 |3009.90 |20 | |0.69 PS GT
142 |58 |3011.93 |20 |1 |0.016 PS +6-4
142 |58 |3042.29 |15 | |0.18 PS +34-8
142 |58 |3051.79 |15 |(3)+ |0.69 PS GT
142 |58 |3060.98 |9 |+ |0.09 PS +11-4
142 |58 |3067 |4 | |
142 |58 |3089.70 |20 |(2,3)+ |0.058 PS +29-17
142 |58 |3101.87 |24 | |
142 |58 |3106.04 |15 |3+ |0.053 PS +26-15
142 |58 |3109.79 |15 | |0.69 PS GT
142 |58 |3122.4 |4 | |
142 |58 |3125.71 |20 |(1,2,3) |0.65 PS GT
142 |58 |3144.57 |15 |3+ |
142 |58 |3153.76 |14 |2+ |0.11 PS +15-5
142 |58 |3155.36 |15 | |0.69 PS GT
142 |58 |3164.7 |5 | |
142 |58 |3180.37 |15 |1 |0.69 PS GT
142 |58 |3208.95 |15 |3+ |0.043 PS +41-18
142 |58 |3218.21 |20 | |0.69 PS GT
142 |58 |3228.64 |10 |(5-) |
142 |58 |3300.74 |21 | |0.69 PS GT
142 |58 |3304.5 |6 |2+ |
142 |58 |3313.78 |20 |1 |13.3 FS 6
142 |58 |3380.5 |10 |(9+) |
142 |58 |3400.9 |10 |1 |13.6 FS 5
142 |58 |3420.15 |23 |1-,2- |
142 |58 |3423.61 |22 | |
142 |58 |3436 |4 | |
142 |58 |3459.91 |21 | |
142 |58 |3470.31 |24 | |
142 |58 |3515.1 |7 |1 |33 FS +6-4
142 |58 |3536.3 |10 |(10+) |
142 |58 |3612.5 |3 |2+ |
142 |58 |3633.37 |22 |1 |36.7 FS 21
142 |58 |3643.5 |10 |1 |15.2 FS 7
142 |58 |3648.6 |4 | |
142 |58 |3675.8 |5 |1+ |
142 |58 |3688.9 |4 | |
142 |58 |3703.9 |3 | |
142 |58 |3717.81 |22 |1+ |
142 |58 |3719.6 |4 |1 |40.9 FS 28
142 |58 |3732 |4 | |
142 |58 |3745.8 |10 |1 |37.4 FS 28
142 |58 |3776.7 |10 |1 |33.3 FS 28
142 |58 |3832.6 |12 |11(-) |
142 |58 |3851.1 |6 | |22.2 FS 21
142 |58 |3884.2 |5 | |
142 |58 |3906.3 |11 |(11+) |
142 |58 |3914.4 |5 | |
142 |58 |3975.94 |17 | |
142 |58 |4043.5 |4 |2+ |
142 |58 |4045.6 |4 | |
142 |58 |4048.4 |14 | |
142 |58 |4356.7 |13 |(12+) |
142 |58 |4605.2 |13 |(13-) |
142 |58 |4717.2 |14 | |
142 |58 |4896.2 |14 |(14-) |
142 |58 |5173.4 |14 |(15-) |
142 |58 |5514.6 |15 |(16-) |
142 |58 |5877.2 |16 |(17-) |
142 |58 |6528.1 |18 | |
142 |58 |6879.9 |19 | |
143 |58 |0.0 | |3/2- |33.039 H 6
143 |58 |18.9 |1 |7/2- |
143 |58 |42.28 |7 |5/2- |
143 |58 |632.5 |5 |(1/2-) |
143 |58 |640.3 |2 | |
143 |58 |662.7 |2 |9/2- |
143 |58 |808.2 |3 |3/2- |
143 |58 |817.0 |2 | |
143 |58 |862.1 |3 |(1/2)- |
143 |58 |1095.3 |2 | |
143 |58 |1116.8 |3 | |
143 |58 |1154.1 |3 |3/2- |
143 |58 |1165.0 |1 |(&gt;3/2) |
143 |58 |1167.6 |2 |(&gt;3/2) |
143 |58 |1172.5 |3 |3/2-,(1/2)- |
143 |58 |1195 |10 |(5/2)- |
143 |58 |1220.0 |4 |9/2- |
143 |58 |1298 |5 |(5/2)- |
143 |58 |1506 |10 |5/2-,7/2- |
143 |58 |1542 |10 | |
143 |58 |1558 |10 |5/2-,7/2- |
143 |58 |1572.4 |5 |1/2-,3/2- |
143 |58 |1598.7 |8 | |
143 |58 |1620.5 |4 |3/2,(1/2-) |
143 |58 |1628.7 |4 |3/2,1/2 |
143 |58 |1635 |5 |5/2-,7/2- |
143 |58 |1676.9 |3 | |
143 |58 |1714 |10 |5/2-,7/2- |
143 |58 |1726.7 |2 | |
143 |58 |1739 |10 |1/2-,3/2- |
143 |58 |1810 |10 |5/2-,7/2- |
143 |58 |1835.2 |8 |(1/2)- |
143 |58 |1857.0 |2 | |
143 |58 |1906.1 |5 |(7/2)- |
143 |58 |1913.4 |11 |(1/2)- |
143 |58 |1945.4 |6 |3/2- |
143 |58 |1980.2 |1 | |
143 |58 |1989.5 |4 | |
143 |58 |1993.3 |6 |(3/2)- |
143 |58 |2027.4 |8 |(1/2-) |
143 |58 |2040 |10 | |
143 |58 |2057.0 |4 | |
143 |58 |2061.5 |6 |3/2- |
143 |58 |2065.3 |7 | |
143 |58 |2112 |10 | |
143 |58 |2143 |10 |1/2-,3/2- |
143 |58 |2160 |10 |1/2-,3/2- |
143 |58 |2202.0 |6 |1/2,3/2 |
143 |58 |2215.9 |6 |(3/2)- |
143 |58 |2232.1 |7 |(3/2)- |
143 |58 |2255 |10 |1/2-,3/2- |
143 |58 |2255.3 |4 | |
143 |58 |2272.7 |10 |1/2-,3/2 |
143 |58 |2307.2 |6 |(5/2-,7/2-) |
143 |58 |2313.9 |8 |3/2-,1/2- |
143 |58 |2348 |10 | |
143 |58 |2403.8 |3 | |
143 |58 |2481.3 |5 |5/2-,7/2- |
143 |58 |2488.6 |10 |3/2,1/2 |
143 |58 |2517.3 |5 |5/2-,7/2- |
143 |58 |2519.2 |5 | |
143 |58 |2537.3 |8 |(3/2,1/2) |
143 |58 |2552 |10 | |
143 |58 |2570.7 |5 | |
143 |58 |2571 |10 |1/2-,3/2- |
143 |58 |2596 |10 | |
143 |58 |2611 |10 | |
143 |58 |2630 |10 | |
143 |58 |2643.7 |2 | |
143 |58 |2660 |10 | |
143 |58 |2695 |10 | |
143 |58 |2712 |10 | |
143 |58 |2728.7 |2 | |
143 |58 |2742 |10 |1/2-,3/2- |
143 |58 |2775 |10 | |
143 |58 |2815.8 |3 | |
143 |58 |2825.1 |3 | |
143 |58 |5144.80 |9 |1/2+ |
144 |58 |0.0 | |0+ |284.91 D 5
144 |58 |397.441 |9 |2+ |35.4 PS 20
144 |58 |938.65 |6 |4+ |
144 |58 |1242.21 |15 |(3-) |
144 |58 |1346.1 |7 |(1) |
144 |58 |1489.0 |3 |2(+) |
144 |58 |1523.67 |10 |(5-) |
144 |58 |1646.80 |17 |(6+) |
144 |58 |1673.67 |18 |4+ |
144 |58 |1691.53 |22 |3(+) |
144 |58 |1819.0 |4 |2+ |
144 |58 |1829.01 |19 |4+ |
144 |58 |1864.5 |4 |1 |
144 |58 |1890.92 |18 |5(+),3 |
144 |58 |1991.55 |22 |3,5 |
144 |58 |1994.34 |19 |(7-) |
144 |58 |2021.1 |4 |3(+) |
144 |58 |2028.7 |4 |1(+) |
144 |58 |2040.7 |3 |3(+) |
144 |58 |2112.10 |19 |2+,(1+) |
144 |58 |2127.0 |3 |2+,3(+),4 |
144 |58 |2152.8 |4 |2+ |
144 |58 |2220.8 |4 |4(-) |
144 |58 |2339.8 |4 |2(+) |
144 |58 |2352.6 |4 |2+ |
144 |58 |2368.77 |19 |(8+) |
144 |58 |2405.2 |4 |3,2(+) |
144 |58 |2447.5 |10 | |
144 |58 |2534.3 |3 |3(+) |
144 |58 |2536.6 |6 |2,3(+),4 |
144 |58 |2623.2 |5 | |
144 |58 |2636.74 |21 |(9-) |
144 |58 |2642.41 |21 |4(+),(2+) |
144 |58 |2692.8 |5 |4(+),3 |
144 |58 |2749.9 |4 |2+ |
144 |58 |2802.5 |9 | |
144 |58 |2881.7 |3 |3,5(-) |
144 |58 |2882.0 |7 |2+ |
144 |58 |2903.6 |4 |(3-,4+,2) |
144 |58 |2937.3 | | |
144 |58 |2998.7 |3 |2+ |
144 |58 |3007.9 |9 |1(-),2+ |
144 |58 |3060.1 |5 |1(-) |
144 |58 |3173.0 |5 |2,3 |
144 |58 |3197.18 |24 |4(+),(3+) |
144 |58 |3209.3 |6 | |
144 |58 |3238.85 |25 |4(-),(2) |
144 |58 |3263.0 |5 |(2+,3,4+) |
144 |58 |3278.6 |6 | |
144 |58 |3293.5 |6 | |
144 |58 |3335.74 |23 |(11-) |
144 |58 |3371.9 |6 | |
144 |58 |3396.2 |11 | |
144 |58 |3408.5 |4 | |
144 |58 |3424.2 | | |
144 |58 |3566.1 |5 | |
144 |58 |3597.1 |6 | |
144 |58 |3614.2 |20 | |
144 |58 |3628.9 |7 |1(-),2+ |
144 |58 |3635.0 |6 |1(-),2+ |
144 |58 |3790.1 |5 | |
145 |58 |0.0 | |(5/2-) |3.01 M 6
145 |58 |64.3 |2 |(-) |13 NS 3
145 |58 |70.0 |2 |(7/2-) |
145 |58 |118.2 |2 | |
145 |58 |167.5 |5 |(9/2-) |
145 |58 |234.1 |3 | |
145 |58 |355.9 |2 | |
145 |58 |381.0 | | |
145 |58 |447.2 |2 | |
145 |58 |505.7 |2 | |
145 |58 |522.2 |3 | |
145 |58 |548.2 |6 |(13/2-) |
145 |58 |632.6 |3 | |
145 |58 |664.3 |2 | |
145 |58 |671.8 |2 | |
145 |58 |708.7 |3 | |
145 |58 |840.5 |2 | |
145 |58 |946.3 | |(9/2+) |
145 |58 |959.5 |2 | |
145 |58 |1001.9 | | |
145 |58 |1021.5 | | |
145 |58 |1030.9 | | |
145 |58 |1044.6 | |(13/2+) |
145 |58 |1112.8 |6 |(17/2-) |
145 |58 |1126.2 |6 |(15/2+) |
145 |58 |1155.2 |4 | |
145 |58 |1166.1 |4 | |
145 |58 |1284.9 |5 | |
145 |58 |1427.7 | |(17/2+) |
145 |58 |1495.0 |6 |(19/2+) |
145 |58 |1510.8 |4 | |
145 |58 |1596.5 | | |
145 |58 |1690.0 |5 | |
145 |58 |1840.8 |7 |(21/2-) |
145 |58 |1889.5 |4 | |
145 |58 |1946.1 | | |
145 |58 |1948.4 | |(21/2+) |
145 |58 |2015.3 |7 |(23/2+) |
145 |58 |2156.0 |3 | |
145 |58 |2205.6 |4 | |
145 |58 |2359.8 | | |
145 |58 |2377.1 |5 | |
145 |58 |2543.9 |6 | |
145 |58 |2606.9 |5 | |
145 |58 |2621.7 | |(25/2+) |
145 |58 |2688.4 |7 |(27/2+) |
145 |58 |2810.7 |7 | |
145 |58 |3267.9 |8 |(29/2+) |
145 |58 |3320.5 |8 | |
145 |58 |3360.2 | |(29/2+) |
145 |58 |3475.8 |8 |(31/2+) |
145 |58 |3921.5 |8 |(33/2+) |
145 |58 |4590.5 |9 |(37/2+) |
146 |58 |0.0 | |0+ |13.52 M 13
146 |58 |258.46 |3 |2+ |0.25 NS 3
146 |58 |668.31 |4 |4+ |
146 |58 |924.58 |4 |1- |
146 |58 |960.76 |4 |3- |
146 |58 |1042.98 |4 |0+ |
146 |58 |1171.25 |6 |6+ |
146 |58 |1182.88 |6 |5- |
146 |58 |1274.00 |5 |2+ |
146 |58 |1381.92 |4 |(2+) |
146 |58 |1550.2 |6 |(7-) |
146 |58 |1551.05 |9 |(5-) |
146 |58 |1576.61 |5 |(3+) |
146 |58 |1627.10 |6 |(4+) |
146 |58 |1657.22 |6 |(0+) |
146 |58 |1711.89 |8 |(4+,3-) |
146 |58 |1736.94 |21 |(8+) |
146 |58 |1753.84 |6 | |
146 |58 |1756.61 |4 |(2+) |
146 |58 |1769.25 |10 | |
146 |58 |1796.9 |3 | |
146 |58 |1802.30 |18 |(4+) |
146 |58 |1808.7 |3 | |
146 |58 |1810.28 |6 |(5+,4+) |
146 |58 |1831.85 |7 | |
146 |58 |1875.54 |17 | |
146 |58 |1891.81 |9 | |
146 |58 |1916.23 |11 | |
146 |58 |1956.17 |8 | |
146 |58 |1989.31 |11 |(2) |
146 |58 |2019.1 |7 |(9-) |
146 |58 |2022.6 |3 | |
146 |58 |2031.12 |5 |(4+) |
146 |58 |2051.48 |6 | |
146 |58 |2071.63 |14 | |
146 |58 |2090.39 |13 |(4+) |
146 |58 |2126.89 |6 | |
146 |58 |2128.61 |21 | |
146 |58 |2139.73 |14 |(5+,4+) |
146 |58 |2156.09 |10 | |
146 |58 |2177.24 |7 |(5-,4+) |
146 |58 |2179.45 |15 | |
146 |58 |2183.0 |5 | |
146 |58 |2193.98 |18 | |
146 |58 |2209.7 |4 | |
146 |58 |2222.61 |10 | |
146 |58 |2233.34 |7 | |
146 |58 |2256.41 |8 | |
146 |58 |2261.09 |21 | |
146 |58 |2262.04 |11 | |
146 |58 |2270.18 |14 | |
146 |58 |2274.4 |3 | |
146 |58 |2311.33 |5 | |
146 |58 |2318.60 |8 | |
146 |58 |2337.4 |6 | |
146 |58 |2351.5 |8 |(10+) |
146 |58 |2368.09 |7 | |
146 |58 |2373.2 |3 | |
146 |58 |2397.71 |6 | |
146 |58 |2399.08 |11 | |
146 |58 |2414.28 |8 | |
146 |58 |2414.79 |17 |(4+,3-) |
146 |58 |2442.36 |19 | |
146 |58 |2446.89 |9 | |
146 |58 |2468.7 |3 | |
146 |58 |2511.16 |9 | |
146 |58 |2519.06 |15 | |
146 |58 |2543.72 |21 | |
146 |58 |2551.68 |22 | |
146 |58 |2562.4 |10 |(11-) |
146 |58 |2569.71 |9 | |
146 |58 |2587.58 |21 | |
146 |58 |2639.48 |11 | |
146 |58 |2713.85 |25 | |
146 |58 |2779.4 |4 | |
146 |58 |2796.63 |25 | |
146 |58 |2809.4 |3 | |
146 |58 |2841.04 |8 | |
146 |58 |2861.71 |6 | |
146 |58 |2868.87 |7 | |
146 |58 |2914.12 |12 | |
146 |58 |2953.31 |7 | |
146 |58 |2996.24 |24 | |
146 |58 |3012.9 |13 |(12+) |
146 |58 |3063.9 |3 | |
146 |58 |3163.1 |14 |(13-) |
146 |58 |3164.2 |6 | |
146 |58 |3166.40 |14 | |
146 |58 |3243.02 |12 | |
146 |58 |3255.11 |16 | |
146 |58 |3273.6 |9 | |
146 |58 |3283.07 |6 | |
146 |58 |3328.99 |7 | |
146 |58 |3341.91 |6 | |
146 |58 |3390.1 |6 | |
146 |58 |3399.49 |8 | |
146 |58 |3403.3 |4 | |
146 |58 |3450.5 |4 | |
146 |58 |3457.79 |8 | |
146 |58 |3494.37 |13 | |
146 |58 |3502.10 |21 | |
146 |58 |3532.6 |4 | |
146 |58 |3534.3 |3 | |
146 |58 |3653.5 |6 | |
146 |58 |3729.8 |4 | |
146 |58 |3825.7 |17 |(15-) |
146 |58 |3859.0 |5 | |
146 |58 |3917.9 |6 | |
146 |58 |3956.60 |17 | |
146 |58 |3978.7 |8 | |
146 |58 |4089.63 |11 | |
146 |58 |4190.3 |6 | |
146 |58 |4210.0 |5 | |
146 |58 |4255.2 |4 | |
146 |58 |4269.1 |4 | |
146 |58 |4410.93 |19 | |
146 |58 |4497.0 |9 | |
146 |58 |4521.5 |4 | |
146 |58 |4690.02 |21 | |
147 |58 |0.0 | |(5/2-) |56.4 S 10
147 |58 |117.711 |6 |(3/2-,5/2-) |
147 |58 |186.341 |7 |(1/2-,3/2-,5/2-) |0.4 NS
147 |58 |215.354 |16 |(1/2-,3/2-,5/2-) |
147 |58 |273.72 |5 |(1/2-,3/2-,5/2-) |
147 |58 |332.68 |6 |(-) |
147 |58 |353.215 |25 |(-) |
147 |58 |359.2 | | |
147 |58 |401.110 |17 |(5/2+) |
147 |58 |402.44 |5 | |
147 |58 |432.83 |7 | |
147 |58 |438.18 |3 |(+) |
147 |58 |483.6 |10 |(9/2+) |
147 |58 |495.08 |5 | |
147 |58 |505.41 |4 | |
147 |58 |508.6 |10 | |
147 |58 |517.02 |4 | |
147 |58 |558.240 |17 | |
147 |58 |597.82 |5 | |
147 |58 |608.55 |7 | |
147 |58 |625.34 |5 | |
147 |58 |634.3 |10 | |
147 |58 |673.1 | | |
147 |58 |676.94 |6 | |
147 |58 |710.46 |4 | |
147 |58 |734.8 |15 |(13/2+) |
147 |58 |769.75 |10 | |
147 |58 |786.01 |5 | |
147 |58 |831.45 |5 | |
147 |58 |861.4 |15 | |
147 |58 |907.30 |8 | |
147 |58 |921.11 |10 | |
147 |58 |924.32 |11 | |
147 |58 |1126.2 |18 |(17/2+) |
147 |58 |1156.1 |15 | |
147 |58 |1366.8 |18 | |
147 |58 |1626.9 |20 |(21/2+) |
147 |58 |1744.2 |20 | |
147 |58 |1770.5 |18 | |
147 |58 |1868.7 |20 | |
147 |58 |2192.9 |23 | |
147 |58 |2193.0 |23 | |
147 |58 |2215.6 |23 |(25/2+) |
147 |58 |2609.0 |25 | |
147 |58 |2701.6 |25 | |
147 |58 |2776.6 |25 | |
147 |58 |2874.9 |25 |(29/2+) |
147 |58 |3359 |3 | |
147 |58 |3470 |3 | |
148 |58 |0.0 | |0+ |56.8 S 3
148 |58 |158.467 |5 |2+ |1.01 NS 6
148 |58 |453.45 |5 |4+ |1.2 NS LT
148 |58 |760.32 |4 |(1-) |
148 |58 |770.43 |6 |0+ |
148 |58 |839.52 |16 |6+ |
148 |58 |841.39 |5 |(3-) |
148 |58 |935.59 |5 |(2+) |
148 |58 |989.90 |4 |(2+) |
148 |58 |1116.63 |5 |(3+) |
148 |58 |1223.98 |11 |(4+) |
148 |58 |1290.32 |20 |8+ |
148 |58 |1351.40 |23 |(7-) |
148 |58 |1368.89 |5 | |
148 |58 |1415.61 |7 | |
148 |58 |1423.04 |14 |(5+) |
148 |58 |1456.88 |25 | |
148 |58 |1486.33 |21 |(4-) |
148 |58 |1497.07 |7 |(2+,1) |
148 |58 |1554.76 |9 | |
148 |58 |1558.51 |16 | |
148 |58 |1584.11 |17 | |
148 |58 |1589.91 |6 |(2+,1) |
148 |58 |1622.78 |12 | |
148 |58 |1625.98 |10 | |
148 |58 |1682.00 |19 |(6-) |
148 |58 |1728.39 |11 | |
148 |58 |1753.58 |23 |(9-) |
148 |58 |1786.67 |18 |(7+) |
148 |58 |1788.66 |23 |(7) |
148 |58 |1790.7 |3 |10+ |
148 |58 |1891.20 |8 |(2+,1) |
148 |58 |1927.69 |21 | |
148 |58 |1954.09 |22 |(8-) |
148 |58 |2095.20 |23 |(9) |
148 |58 |2144.48 |15 | |
148 |58 |2153.67 |14 |(2+,1) |
148 |58 |2192.37 |24 | |
148 |58 |2198.76 |24 |(9+) |
148 |58 |2224.7 |3 |(11-) |
148 |58 |2252.22 |14 | |
148 |58 |2306.9 |4 |(10-) |
148 |58 |2327.8 |3 |12+ |
148 |58 |2486.8 |3 |(11) |
148 |58 |2550.36 |21 |(2+,1) |
148 |58 |2673.5 |3 |(11+) |
148 |58 |2751.1 |5 |(12-) |
148 |58 |2751.7 |3 |(13-) |
148 |58 |2887.9 |4 |14+ |
148 |58 |2969.2 |3 |(13) |
148 |58 |3287.3 |5 |(14-) |
148 |58 |3326.4 |4 |(15-) |
148 |58 |3464.1 |4 |16+ |
148 |58 |3898.7 |6 |(16-) |
148 |58 |3944.2 |4 |(17-) |
148 |58 |4065.8 |4 |18+ |
148 |58 |4685.4 |5 |20+ |
148 |58 |5311.2 |5 |22+ |
149 |58 |0 | |(3/2-) |5.3 S 2
149 |58 |55.10 |7 |(5/2-) |
149 |58 |133.48 |7 |(3/2+) |0.60 NS 10
149 |58 |142.60 |7 |(5/2+) |
149 |58 |147.70 |10 |(7/2-) |
149 |58 |187.24 |18 |(1/2-:7/2-) |
149 |58 |190.93 |13 |(7/2+) |
149 |58 |206.88 |25 |(9/2+) |
149 |58 |245.41 |7 |(3/2-) |0.12 NS LE
149 |58 |289.00 |12 | |
149 |58 |305.53 |11 |(5/2-) |
149 |58 |336.1 |3 |(11/2+) |
149 |58 |347.4 |4 |(13/2+) |
149 |58 |391.25 |18 |(7/2-) |
149 |58 |433.25 |17 | |
149 |58 |444.10 |12 | |
149 |58 |459.76 |17 | |
149 |58 |557.40 |20 | |
149 |58 |575.2 |4 | |
149 |58 |588.5 |4 |(15/2+) |
149 |58 |588.7 |5 |(17/2+) |
149 |58 |605.10 |22 | |
149 |58 |615.4 |3 | |
149 |58 |630.6 |3 | |
149 |58 |638.9 |3 | |
149 |58 |654.8 |3 | |
149 |58 |661.7 |7 | |
149 |58 |694.6 |4 | |
149 |58 |760.3 |5 | |
149 |58 |826.0 |5 | |
149 |58 |931.5 |6 |(21/2+) |
149 |58 |945.7 |5 |(19/2+) |
149 |58 |1362.2 |7 |(25/2+) |
149 |58 |1396.0 |6 |(23/2+) |
149 |58 |1791.2 |5 | |
149 |58 |1842.1 |7 | |
149 |58 |1863.8 |7 |(29/2+) |
149 |58 |1868.8 |10 | |
149 |58 |1923.8 |7 |(27/2+) |
149 |58 |2420.5 |8 |(33/2+) |
149 |58 |2510.8 |7 |(31/2+) |
149 |58 |3016.5 |8 |(37/2+) |
149 |58 |3142.1 |8 |(35/2+) |
149 |58 |3634.0 |9 |(41/2+) |
150 |58 |0.0 | |0+ |4.0 S 6
150 |58 |97.00 |10 |2+ |3.3 NS 8
150 |58 |305.70 |22 |4+ |0.26 NS 10
150 |58 |606.4 |10 |6+ |
150 |58 |982.6 |12 |8+ |
150 |58 |1385.6 |12 |7- |
150 |58 |1422.6 |13 |10+ |
150 |58 |1497.2 |14 | |
150 |58 |1618.8 |14 | |
150 |58 |1703.9 |13 |(6-) |
150 |58 |1732.7 |13 |9- |
150 |58 |1760.1 |14 | |
150 |58 |1784.4 |13 | |
150 |58 |1792.3 |12 |(7) |
150 |58 |1918.5 |14 |12+ |
150 |58 |1976.3 |13 |(8-) |
150 |58 |2025.9 |13 |(8) |
150 |58 |2057.7 |13 |(9) |
150 |58 |2153.6 |13 |11- |
150 |58 |2279.3 |16 |(10-) |
150 |58 |2335.8 |14 | |
150 |58 |2368.5 |13 |(10) |
150 |58 |2386.1 |14 |(11) |
150 |58 |2465.0 |16 |14+ |
150 |58 |2639.1 |15 |(13-) |
150 |58 |2651.2 |19 |(12-) |
150 |58 |2724.8 |15 |(11) |
150 |58 |2769.0 |14 |(12) |
150 |58 |2783.4 |17 |(13) |
150 |58 |3058.2 |19 |16+ |
150 |58 |3092.5 |22 |(14-) |
150 |58 |3167.4 |15 |(13) |
150 |58 |3177.7 |16 |(15-) |
150 |58 |3694.2 |21 |18+ |
150 |58 |3744.3 |19 |(17-) |
150 |58 |4367.3 |24 |20+ |
151 |58 |0.0 | |(5/2+) |1.76 S 6
151 |58 |0+X | | |1.02 S 6
151 |58 |75.3 |2 |(7/2+) |
151 |58 |166.0 |2 |(9/2+) |
151 |58 |285.8 |3 |(11/2+) |
151 |58 |409.7 |3 |(13/2+) |
151 |58 |573.6 |4 |(15/2+) |
151 |58 |724.8 |4 |(17/2+) |
151 |58 |930.5 |4 |(19/2+) |
151 |58 |1104.6 |5 |(21/2+) |
151 |58 |1348.8 |5 |(23/2+) |
151 |58 |1543.2 |6 |(25/2+) |
151 |58 |1823.4 |6 |(27/2+) |
151 |58 |2036.6 |6 |(29/2+) |
151 |58 |2581.8 |7 |(33/2+) |
152 |58 |0.0 | |0+ |1.4 S 2
152 |58 |81.2 |5 |2+ |2.5 NS
152 |58 |264.0 |7 |4+ |
152 |58 |538.6 |9 |6+ |
152 |58 |894.2 |11 |8+ |
152 |58 |1268.6 |10 |(7-) |
152 |58 |1320.6 |11 |10+ |
152 |58 |1564.9 |11 |(9-) |
152 |58 |1808.2 |11 |12+ |
152 |58 |1936.9 |11 |(11-) |
152 |58 |2346.7 |13 |14+ |
152 |58 |2380.8 |12 |(13-) |
152 |58 |2924.9 |14 |16+ |
153 |58 |0 | | |100 NS GT
154 |58 |0 | | |100 NS GT
155 |58 |0.0 | | |300 NS GT
