Indra Q currents decreased 10%                                                  
  869.426569
  84.9293234
  0.
 -195.088791
  0.
  522.759544
  0.
 -2301.15546
  0.
  172.682666
  0.
  0.
  3277.49481
  0.
  0.
 -667.626195
  0.
  1277.23286
  0.
  0.
  0.
  0.
  5440.49213
  0.
  0.
  0.
  0.
  0.
  0.
  0.
  0.
 -9740.18751
  0.
  0.
  0.
 -85035.3545
  0.
  757612.702
  0.
  0.
  0.
  0.
 -2703875.57
  0.
  0.
  0.
  0.
  0.
  0.
  0.
  0.
  4437345.3
  0.
  0.
  0.
  0.
  0.
  0.
  0.
  0.
  0.
  0.
  0.
  0.
  0.
 -2907739.07
  0.
  0.
  0.
  0.
  191400.549
  0.
 -1303305.2
  0.
  0.
  0.
  0.
  1770202.12
  0.
  0.
  0.
  0.
  0.
  0.
  0.
  0.
  6326897.35
  0.
  0.
  0.
  0.
  0.
  0.
  0.
  0.
  0.
  0.
  0.
  0.
  0.
 -20836130.2
  0.
  0.
  0.
  0.
  0.
  0.
  0.
  0.
  0.
  0.
  0.
  0.
  0.
  0.
  0.
  0.
  0.
  0.
  0.
  16330896.7
  0.
  0.
  0.
  0.
  0.
  4571690.32
  0.
 -62168043.
  0.
  0.
  0.
  0.
  364476755.
  0.
  0.
  0.
  0.
  0.
  0.
  0.
  0.
 -1.16983822E+09
  0.
  0.
  0.
  0.
  0.
  0.
  0.
  0.
  0.
  0.
  0.
  0.
  0.
  2.16617361E+09
  0.
  0.
  0.
  0.
  0.
  0.
  0.
  0.
  0.
  0.
  0.
  0.
  0.
  0.
  0.
  0.
  0.
  0.
  0.
 -2.18943493E+09
  0.
  0.
  0.
  0.
  0.
  0.
  0.
  0.
  0.
  0.
  0.
  0.
  0.
  0.
  0.
  0.
  0.
  0.
  0.
  0.
  0.
  0.
  0.
  0.
  0.
  0.
  948950062.
  0.
  0.
  0.
  0.
  0.
  0.
 -14407176.4
  0.
  169827356.
  0.
  0.
  0.
  0.
 -728306040.
  0.
  0.
  0.
  0.
  0.
  0.
  0.
  0.
  950103509.
  0.
  0.
  0.
  0.
  0.
  0.
  0.
  0.
  0.
  0.
  0.
  0.
  0.
  2.55104085E+09
  0.
  0.
  0.
  0.
  0.
  0.
  0.
  0.
  0.
  0.
  0.
  0.
  0.
  0.
  0.
  0.
  0.
  0.
  0.
 -1.09534982E+10
  0.
  0.
  0.
  0.
  0.
  0.
  0.
  0.
  0.
  0.
  0.
  0.
  0.
  0.
  0.
  0.
  0.
  0.
  0.
  0.
  0.
  0.
  0.
  0.
  0.
  0.
  1.49806086E+10
  0.
  0.
  0.
  0.
  0.
  0.
  0.
  0.
  0.
  0.
  0.
  0.
  0.
  0.
  0.
  0.
  0.
  0.
  0.
  0.
  0.
  0.
  0.
  0.
  0.
  0.
  0.
  0.
  0.
  0.
  0.
  0.
  0.
  0.
 -7.41115939E+09
  0.
  0.
  0.
  0.
  0.
  0.
  0.
  0.
  0.
  0.
  0.
  0.
  0.
  0.
  0.
  0.
  0.
  0.
  0.
  0.
  0.
  0.
  0.
  0.
  0.
  0.
  0.
