//From I. Angeli a, K.P. Marinova
//Table of experimental nuclear ground state charge radii: An update
//Atomic Data and Nuclear Data Tables 99 (2013) 69_95
//A Z Charge Radii (fm) Error (fm)
1 0 0.3390 0.0027
1 1 0.8783 0.0086
2 1 2.1421 0.0088
3 1 1.7591 0.0363
3 2 1.9661 0.0030
4 2 1.6755 0.0028
6 2 2.0660 0.0111
8 2 1.9239 0.0306
6 3 2.5890 0.0390
7 3 2.4440 0.0420
8 3 2.3390 0.0440
9 3 2.2450 0.0460
11 3 2.4820 0.0430
7 4 2.6460 0.0160
9 4 2.5190 0.0120
10 4 2.3550 0.0170
11 4 2.4630 0.0150
10 5 2.4277 0.0499
11 5 2.4060 0.0294
12 6 2.4702 0.0022
13 6 2.4614 0.0034
14 6 2.5025 0.0087
14 7 2.5582 0.0070
15 7 2.6058 0.0080
16 8 2.6991 0.0052
17 8 2.6932 0.0075
18 8 2.7726 0.0056
19 9 2.8976 0.0025
17 10 3.0413 0.0088
18 10 2.9714 0.0076
19 10 3.0082 0.0040
20 10 3.0055 0.0021
21 10 2.9695 0.0033
22 10 2.9525 0.0040
23 10 2.9104 0.0071
24 10 2.9007 0.0078
25 10 2.9316 0.0088
26 10 2.9251 0.0100
28 10 2.9642 0.0134
20 11 2.9718 0.0420
21 11 3.0136 0.0284
22 11 2.9852 0.0169
23 11 2.9936 0.0021
24 11 2.9735 0.0169
25 11 2.9769 0.0252
26 11 2.9928 0.0331
27 11 3.0136 0.0467
28 11 3.0400 0.0581
29 11 3.0922 0.0723
30 11 3.1180 0.0884
31 11 3.1704 0.0893
24 12 3.0570 0.0016
25 12 3.0284 0.0022
26 12 3.0337 0.0018
27 13 3.0610 0.0031
28 14 3.1224 0.0024
29 14 3.1176 0.0052
30 14 3.1336 0.0040
31 15 3.1889 0.0019
32 16 3.2611 0.0018
34 16 3.2847 0.0021
36 16 3.2985 0.0024
35 17 3.3654 0.0191
37 17 3.3840 0.0170
32 18 3.3468 0.0062
33 18 3.3438 0.0058
34 18 3.3654 0.0040
35 18 3.3636 0.0042
36 18 3.3905 0.0023
37 18 3.3908 0.0022
38 18 3.4028 0.0019
39 18 3.4093 0.0031
40 18 3.4274 0.0026
41 18 3.4251 0.0030
43 18 3.4414 0.0041
42 18 3.4354 0.0039
44 18 3.4454 0.0046
46 18 3.4377 0.0044
38 19 3.4264 0.0051
39 19 3.4349 0.0019
40 19 3.4381 0.0028
41 19 3.4518 0.0055
42 19 3.4517 0.0070
43 19 3.4556 0.0086
44 19 3.4563 0.0101
45 19 3.4605 0.0118
46 19 3.4558 0.0126
47 19 3.4534 0.0138
39 20 3.4595 0.0025
40 20 3.4776 0.0019
41 20 3.4780 0.0019
42 20 3.5081 0.0021
43 20 3.4954 0.0019
44 20 3.5179 0.0021
45 20 3.4944 0.0021
46 20 3.4953 0.0020
47 20 3.4783 0.0024
48 20 3.4771 0.0020
50 20 3.5168 0.0064
42 21 3.5702 0.0238
43 21 3.5575 0.0147
44 21 3.5432 0.0016
45 21 3.5459 0.0025
46 21 3.5243 0.0089
44 22 3.6115 0.0051
45 22 3.5939 0.0032
46 22 3.6070 0.0022
47 22 3.5962 0.0019
48 22 3.5921 0.0017
49 22 3.5733 0.0021
50 22 3.5704 0.0022
51 23 3.6002 0.0022
50 24 3.6588 0.0065
52 24 3.6452 0.0042
53 24 3.6511 0.0075
54 24 3.6885 0.0074
50 25 3.7120 0.0196
51 25 3.7026 0.0212
52 25 3.6706 0.0128
53 25 3.6662 0.0076
54 25 3.6834 0.0049
55 25 3.7057 0.0022
56 25 3.7146 0.0052
54 26 3.6933 0.0019
56 26 3.7377 0.0016
57 26 3.7532 0.0017
58 26 3.7745 0.0014
59 27 3.7875 0.0021
58 28 3.7757 0.0020
60 28 3.8118 0.0016
61 28 3.8225 0.0019
62 28 3.8399 0.0021
64 28 3.8572 0.0023
63 29 3.8823 0.0015
65 29 3.9022 0.0014
64 30 3.9283 0.0015
66 30 3.9491 0.0014
67 30 3.9530 0.0027
68 30 3.9658 0.0014
70 30 3.9845 0.0019
69 31 3.9973 0.0017
71 31 4.0118 0.0018
70 32 4.0414 0.0012
72 32 4.0576 0.0013
73 32 4.0632 0.0014
74 32 4.0742 0.0012
76 32 4.0811 0.0012
75 33 4.0968 0.0020
74 34 4.0700 0.0200
76 34 4.1395 0.0016
77 34 4.1395 0.0018
78 34 4.1406 0.0017
80 34 4.1400 0.0018
82 34 4.1400 0.0019
79 35 4.1629 0.0021
81 35 4.1599 0.0021
72 36 4.1635 0.0060
74 36 4.1870 0.0041
75 36 4.2097 0.0041
76 36 4.2020 0.0036
77 36 4.2082 0.0037
78 36 4.2038 0.0033
79 36 4.2034 0.0032
80 36 4.1970 0.0029
81 36 4.1952 0.0026
82 36 4.1919 0.0025
83 36 4.1871 0.0023
84 36 4.1884 0.0022
85 36 4.1846 0.0022
86 36 4.1835 0.0021
87 36 4.1984 0.0027
88 36 4.2171 0.0043
89 36 4.2286 0.0054
90 36 4.2423 0.0069
91 36 4.2543 0.0081
92 36 4.2724 0.0099
93 36 4.2794 0.0107
94 36 4.3002 0.0129
95 36 4.3067 0.0136
96 36 4.3267 0.0158
76 37 4.2273 0.0070
77 37 4.2356 0.0080
78 37 4.2385 0.0083
79 37 4.2284 0.0065
80 37 4.2271 0.0061
81 37 4.2213 0.0051
82 37 4.2160 0.0042
83 37 4.2058 0.0028
84 37 4.1999 0.0023
85 37 4.2036 0.0024
86 37 4.2025 0.0023
87 37 4.1989 0.0021
88 37 4.2170 0.0038
89 37 4.2391 0.0074
90 37 4.2554 0.0102
91 37 4.2723 0.0131
92 37 4.2903 0.0163
93 37 4.3048 0.0187
94 37 4.3184 0.0211
95 37 4.3391 0.0248
96 37 4.3501 0.0267
97 37 4.4231 0.0395
98 37 4.4336 0.0414
77 38 4.2569 0.0044
78 38 4.2561 0.0040
79 38 4.2586 0.0039
80 38 4.2562 0.0037
81 38 4.2547 0.0034
82 38 4.2478 0.0030
83 38 4.2455 0.0027
84 38 4.2394 0.0024
85 38 4.2304 0.0021
86 38 4.2307 0.0020
87 38 4.2249 0.0019
88 38 4.2240 0.0018
89 38 4.2407 0.0023
90 38 4.2611 0.0037
91 38 4.2740 0.0046
92 38 4.2924 0.0064
93 38 4.3026 0.0075
94 38 4.3191 0.0091
95 38 4.3305 0.0102
96 38 4.3522 0.0125
97 38 4.3625 0.0135
98 38 4.4377 0.0214
99 38 4.4495 0.0226
100 38 4.4640 0.0240
86 39 4.2513 0.0023
87 39 4.2498 0.0022
88 39 4.2441 0.0021
89 39 4.2430 0.0021
90 39 4.2573 0.0026
92 39 4.2887 0.0050
93 39 4.3052 0.0065
94 39 4.3142 0.0074
95 39 4.3284 0.0087
96 39 4.3402 0.0099
97 39 4.3580 0.0116
98 39 4.3711 0.0129
99 39 4.4658 0.0223
100 39 4.4705 0.0228
101 39 4.4863 0.0244
102 39 4.4911 0.0249
87 40 4.2789 0.0030
88 40 4.2787 0.0025
89 40 4.2706 0.0010
90 40 4.2694 0.0010
91 40 4.2845 0.0013
92 40 4.3057 0.0013
94 40 4.3320 0.0013
96 40 4.3512 0.0015
97 40 4.3792 0.0136
98 40 4.4012 0.0164
99 40 4.4156 0.0181
100 40 4.4891 0.0289
101 40 4.5119 0.0318
102 40 4.5292 0.0340
90 41 4.2891 0.0040
91 41 4.2878 0.0040
92 41 4.3026 0.0043
93 41 4.3240 0.0017
99 41 4.4062 0.0125
101 41 4.4861 0.0203
103 41 4.5097 0.0227
90 42 4.3265 0.0016
91 42 4.3182 0.0012
92 42 4.3151 0.0012
94 42 4.3529 0.0013
95 42 4.3628 0.0018
96 42 4.3847 0.0015
97 42 4.3880 0.0015
98 42 4.4091 0.0018
100 42 4.4468 0.0025
102 42 4.4914 0.0038
103 42 4.5145 0.0046
104 42 4.5249 0.0051
105 42 4.5389 0.0057
106 42 4.5490 0.0058
108 42 4.5602 0.0067
96 44 4.3908 0.0047
98 44 4.4229 0.0055
99 44 4.4338 0.0042
100 44 4.4531 0.0031
101 44 4.4606 0.0020
102 44 4.4809 0.0018
104 44 4.5098 0.0020
103 45 4.4945 0.0023
102 46 4.4827 0.0044
104 46 4.5078 0.0027
105 46 4.5150 0.0030
106 46 4.5318 0.0029
108 46 4.5563 0.0027
110 46 4.5782 0.0030
101 47 4.4799 0.0088
103 47 4.5036 0.0065
104 47 4.5119 0.0058
105 47 4.5269 0.0045
107 47 4.5454 0.0031
109 47 4.5638 0.0025
102 48 4.4810 0.0122
103 48 4.4951 0.0105
104 48 4.5122 0.0083
105 48 4.5216 0.0070
106 48 4.5383 0.0036
107 48 4.5466 0.0039
108 48 4.5577 0.0031
109 48 4.5601 0.0035
110 48 4.5765 0.0026
111 48 4.5845 0.0058
112 48 4.5944 0.0024
113 48 4.6012 0.0028
114 48 4.6087 0.0023
115 48 4.6114 0.0046
116 48 4.6203 0.0059
117 48 4.6136 0.0025
118 48 4.6246 0.0060
120 48 4.6300 0.0069
104 49 4.5184 0.0117
105 49 4.5311 0.0103
106 49 4.5375 0.0095
107 49 4.5494 0.0082
108 49 4.5571 0.0071
109 49 4.5685 0.0061
110 49 4.5742 0.0056
111 49 4.5856 0.0044
112 49 4.5907 0.0041
113 49 4.6010 0.0031
114 49 4.6056 0.0029
115 49 4.6156 0.0026
116 49 4.6211 0.0027
117 49 4.6292 0.0032
118 49 4.6335 0.0033
119 49 4.6407 0.0040
120 49 4.6443 0.0042
121 49 4.6505 0.0047
122 49 4.6534 0.0051
123 49 4.6594 0.0056
124 49 4.6625 0.0060
125 49 4.6670 0.0064
126 49 4.6702 0.0068
127 49 4.6733 0.0071
108 50 4.5605 0.0029
109 50 4.5679 0.0027
110 50 4.5785 0.0025
111 50 4.5836 0.0024
112 50 4.5948 0.0022
113 50 4.6015 0.0021
114 50 4.6099 0.0020
115 50 4.6148 0.0019
116 50 4.6250 0.0019
117 50 4.6302 0.0019
118 50 4.6393 0.0019
119 50 4.6438 0.0020
120 50 4.6519 0.0021
121 50 4.6566 0.0021
122 50 4.6634 0.0022
123 50 4.6665 0.0023
124 50 4.6735 0.0023
125 50 4.6765 0.0026
126 50 4.6833 0.0043
127 50 4.6867 0.0048
128 50 4.6921 0.0054
129 50 4.6934 0.0058
130 50 4.7019 0.0066
131 50 4.7078 0.0073
132 50 4.7093 0.0076
121 51 4.6802 0.0026
123 51 4.6879 0.0025
116 52 4.6847 0.0128
118 52 4.6956 0.0105
120 52 4.7038 0.0088
122 52 4.7095 0.0031
123 52 4.7117 0.0035
124 52 4.7183 0.0029
125 52 4.7204 0.0030
126 52 4.7266 0.0032
128 52 4.7346 0.0029
130 52 4.7423 0.0025
132 52 4.7500 0.0031
134 52 4.7569 0.0041
136 52 4.7815 0.0089
127 53 4.7500 0.0081
116 54 4.7211 0.0096
118 54 4.7387 0.0070
120 54 4.7509 0.0063
122 54 4.7590 0.0059
124 54 4.7661 0.0055
126 54 4.7722 0.0052
127 54 4.7747 0.0038
128 54 4.7774 0.0050
129 54 4.7775 0.0050
130 54 4.7818 0.0049
131 54 4.7808 0.0049
132 54 4.7859 0.0048
133 54 4.7831 0.0048
134 54 4.7899 0.0047
136 54 4.7964 0.0047
137 54 4.8094 0.0049
138 54 4.8279 0.0079
139 54 4.8409 0.0100
140 54 4.8566 0.0125
141 54 4.8694 0.0147
142 54 4.8841 0.0169
143 54 4.8942 0.0187
144 54 4.9082 0.0208
146 54 4.9315 0.0245
118 55 4.7832 0.0092
119 55 4.7896 0.0089
120 55 4.7915 0.0075
121 55 4.7769 0.0078
122 55 4.7773 0.0070
123 55 4.7820 0.0070
124 55 4.7828 0.0062
125 55 4.7880 0.0062
126 55 4.7872 0.0056
127 55 4.7936 0.0055
128 55 4.7921 0.0052
129 55 4.7981 0.0050
130 55 4.7992 0.0049
131 55 4.8026 0.0047
132 55 4.8002 0.0046
133 55 4.8041 0.0046
134 55 4.8031 0.0046
135 55 4.8067 0.0047
136 55 4.8059 0.0052
137 55 4.8128 0.0050
138 55 4.8255 0.0050
139 55 4.8422 0.0069
140 55 4.8554 0.0088
141 55 4.8689 0.0108
142 55 4.8825 0.0132
143 55 4.8965 0.0151
144 55 4.9055 0.0161
145 55 4.9188 0.0191
146 55 4.9281 0.0193
120 56 4.8092 0.0058
121 56 4.8176 0.0052
122 56 4.8153 0.0054
123 56 4.8135 0.0055
124 56 4.8185 0.0052
125 56 4.8177 0.0052
126 56 4.8221 0.0050
127 56 4.8204 0.0051
128 56 4.8255 0.0048
129 56 4.8248 0.0049
130 56 4.8283 0.0047
131 56 4.8276 0.0048
132 56 4.8303 0.0047
133 56 4.8286 0.0047
134 56 4.8322 0.0047
135 56 4.8294 0.0047
136 56 4.8334 0.0046
137 56 4.8314 0.0047
138 56 4.8378 0.0046
139 56 4.8513 0.0049
140 56 4.8684 0.0059
141 56 4.8807 0.0069
142 56 4.8953 0.0083
143 56 4.9087 0.0096
144 56 4.9236 0.0112
145 56 4.9345 0.0123
146 56 4.9479 0.0138
148 56 4.9731 0.0167
135 57 4.8488 0.0060
137 57 4.8496 0.0053
138 57 4.8473 0.0051
139 57 4.8550 0.0049
136 58 4.8739 0.0018
138 58 4.8737 0.0018
140 58 4.8771 0.0018
142 58 4.9063 0.0020
144 58 4.9303 0.0024
146 58 4.9590 0.0028
148 58 4.9893 0.0035
141 59 4.8919 0.0050
132 60 4.9174 0.0026
134 60 4.9128 0.0026
135 60 4.9086 0.0026
136 60 4.9111 0.0026
137 60 4.9080 0.0026
138 60 4.9123 0.0026
139 60 4.9076 0.0025
140 60 4.9101 0.0026
141 60 4.9057 0.0026
142 60 4.9123 0.0025
143 60 4.9254 0.0026
144 60 4.9421 0.0027
145 60 4.9535 0.0028
146 60 4.9696 0.0030
148 60 4.9999 0.0036
150 60 5.0400 0.0044
138 62 4.9599 0.0034
139 62 4.9556 0.0034
140 62 4.9565 0.0034
141 62 4.9517 0.0034
142 62 4.9518 0.0034
143 62 4.9479 0.0034
144 62 4.9524 0.0034
145 62 4.9651 0.0034
146 62 4.9808 0.0035
147 62 4.9892 0.0035
148 62 5.0042 0.0034
149 62 5.0134 0.0035
150 62 5.0387 0.0048
151 62 5.0550 0.0057
152 62 5.0819 0.0060
153 62 5.0925 0.0068
154 62 5.1053 0.0067
137 63 4.9762 0.0095
138 63 4.9779 0.0094
139 63 4.9760 0.0093
140 63 4.9695 0.0091
141 63 4.9697 0.0091
142 63 4.9607 0.0091
143 63 4.9636 0.0091
144 63 4.9612 0.0091
145 63 4.9663 0.0091
146 63 4.9789 0.0092
147 63 4.9938 0.0094
148 63 5.0045 0.0097
149 63 5.0202 0.0103
150 63 5.0296 0.0108
151 63 5.0522 0.0046
152 63 5.1064 0.0066
153 63 5.1115 0.0062
154 63 5.1239 0.0079
155 63 5.1221 0.0069
156 63 5.1264 0.0071
157 63 5.1351 0.0075
158 63 5.1413 0.0078
159 63 5.1498 0.0084
145 64 4.9786 0.0077
146 64 4.9801 0.0140
148 64 5.0080 0.0171
150 64 5.0342 0.0159
152 64 5.0774 0.0048
154 64 5.1223 0.0040
155 64 5.1319 0.0041
156 64 5.1420 0.0042
157 64 5.1449 0.0042
158 64 5.1569 0.0043
160 64 5.1734 0.0044
147 65 4.9201 0.1508
148 65 4.9291 0.1507
149 65 4.9427 0.1506
150 65 4.9499 0.1505
151 65 4.9630 0.1504
152 65 4.9689 0.1504
153 65 4.9950 0.1502
154 65 5.0333 0.1501
155 65 5.0391 0.1500
157 65 5.0489 0.1500
159 65 5.0600 0.1500
146 66 5.0438 0.2389
148 66 5.0455 0.2389
149 66 5.0567 0.2394
150 66 5.0706 0.2413
151 66 5.0801 0.2435
152 66 5.0950 0.2482
153 66 5.1035 0.2516
154 66 5.1241 0.2618
155 66 5.1457 0.2751
156 66 5.1622 0.2869
157 66 5.1709 0.2936
158 66 5.1815 0.3023
159 66 5.1825 0.3031
160 66 5.1951 0.3139
161 66 5.1962 0.0459
162 66 5.2074 0.0172
163 66 5.2099 0.0120
164 66 5.2218 0.0106
151 67 5.0398 0.0354
152 67 5.0614 0.0343
153 67 5.0760 0.0339
154 67 5.0856 0.0333
155 67 5.1076 0.0326
156 67 5.1156 0.0326
157 67 5.1535 0.0316
158 67 5.1571 0.0316
159 67 5.1675 0.0314
160 67 5.1662 0.0315
161 67 5.1785 0.0313
162 67 5.1817 0.0313
163 67 5.1907 0.0313
165 67 5.2022 0.0312
150 68 5.0548 0.0254
152 68 5.0843 0.0257
154 68 5.1129 0.0268
156 68 5.1429 0.0285
158 68 5.1761 0.0312
160 68 5.2045 0.0336
162 68 5.2246 0.0040
164 68 5.2389 0.0035
166 68 5.2516 0.0031
167 68 5.2560 0.0031
168 68 5.2644 0.0035
170 68 5.2789 0.0041
153 69 5.0643 0.0190
154 69 5.0755 0.0166
156 69 5.0976 0.0135
157 69 5.1140 0.0074
158 69 5.1235 0.0069
159 69 5.1392 0.0060
160 69 5.1504 0.0055
161 69 5.1616 0.0050
162 69 5.1713 0.0048
163 69 5.1849 0.0042
164 69 5.1906 0.0042
165 69 5.2004 0.0038
166 69 5.2046 0.0038
167 69 5.2129 0.0036
168 69 5.2170 0.0036
169 69 5.2256 0.0035
170 69 5.2303 0.0036
171 69 5.2388 0.0037
172 69 5.2411 0.0052
152 70 5.0423 0.0146
154 70 5.0875 0.0105
155 70 5.1040 0.0110
156 70 5.1219 0.0103
157 70 5.1324 0.0100
158 70 5.1498 0.0088
159 70 5.1629 0.0084
160 70 5.1781 0.0076
161 70 5.1889 0.0072
162 70 5.2054 0.0067
163 70 5.2157 0.0064
164 70 5.2307 0.0060
165 70 5.2399 0.0058
166 70 5.2525 0.0057
167 70 5.2621 0.0056
168 70 5.2702 0.0056
169 70 5.2771 0.0056
170 70 5.2853 0.0056
171 70 5.2906 0.0057
172 70 5.2995 0.0058
173 70 5.3046 0.0059
174 70 5.3108 0.0060
175 70 5.3135 0.0061
176 70 5.3215 0.0062
161 71 5.2293 0.0320
162 71 5.2398 0.0317
163 71 5.2567 0.0312
164 71 5.2677 0.0310
165 71 5.2830 0.0307
166 71 5.2972 0.0305
167 71 5.3108 0.0303
168 71 5.3227 0.0302
169 71 5.3290 0.0302
170 71 5.3364 0.0302
171 71 5.3436 0.0302
172 71 5.3486 0.0302
173 71 5.3577 0.0303
174 71 5.3634 0.0303
175 71 5.3700 0.0304
176 71 5.3739 0.0304
177 71 5.3815 0.0305
178 71 5.3857 0.0306
179 71 5.3917 0.0307
170 72 5.2898 0.0055
171 72 5.3041 0.0049
172 72 5.3065 0.0043
173 72 5.3140 0.0038
174 72 5.3201 0.0035
175 72 5.3191 0.0036
176 72 5.3286 0.0032
177 72 5.3309 0.0031
178 72 5.3371 0.0031
179 72 5.3408 0.0031
180 72 5.3470 0.0032
182 72 5.3516 0.0036
181 73 5.3507 0.0034
180 74 5.3491 0.0022
182 74 5.3559 0.0017
183 74 5.3611 0.0020
184 74 5.3658 0.0023
186 74 5.3743 0.0026
185 75 5.3596 0.0172
187 75 5.3698 0.0173
184 76 5.3823 0.0022
186 76 5.3909 0.0017
187 76 5.3933 0.0018
188 76 5.3993 0.0011
189 76 5.4016 0.0012
190 76 5.4062 0.0013
192 76 5.4126 0.0015
182 77 5.3705 0.1061
183 77 5.3780 0.1061
184 77 5.3805 0.1061
185 77 5.3854 0.1061
186 77 5.3900 0.1061
187 77 5.3812 0.1061
188 77 5.3838 0.1061
189 77 5.3898 0.1061
191 77 5.3968 0.1061
193 77 5.4032 0.1061
178 78 5.3728 0.0066
179 78 5.3915 0.0050
180 78 5.3891 0.0049
181 78 5.3996 0.0041
182 78 5.3969 0.0041
183 78 5.4038 0.0036
184 78 5.4015 0.0036
185 78 5.4148 0.0028
186 78 5.4037 0.0036
187 78 5.4063 0.0037
188 78 5.4053 0.0034
189 78 5.4060 0.0035
190 78 5.4108 0.0030
191 78 5.4102 0.0031
192 78 5.4169 0.0028
193 78 5.4191 0.0027
194 78 5.4236 0.0025
195 78 5.4270 0.0026
196 78 5.4307 0.0027
198 78 5.4383 0.0032
183 79 5.4247 0.0043
184 79 5.4306 0.0041
185 79 5.4296 0.0041
186 79 5.4354 0.0039
187 79 5.4018 0.0058
188 79 5.4049 0.0055
189 79 5.4084 0.0052
190 79 5.4109 0.0049
191 79 5.4147 0.0046
192 79 5.4179 0.0044
193 79 5.4221 0.0042
194 79 5.4252 0.0040
195 79 5.4298 0.0040
196 79 5.4332 0.0039
197 79 5.4371 0.0038
198 79 5.4400 0.0038
199 79 5.4454 0.0039
181 80 5.4364 0.0032
182 80 5.3833 0.0052
183 80 5.4405 0.0031
184 80 5.3949 0.0047
185 80 5.4397 0.0031
186 80 5.4017 0.0043
187 80 5.4046 0.0042
188 80 5.4085 0.0040
189 80 5.4100 0.0040
190 80 5.4158 0.0037
191 80 5.4171 0.0037
192 80 5.4232 0.0035
193 80 5.4238 0.0035
194 80 5.4309 0.0033
195 80 5.4345 0.0032
196 80 5.4385 0.0031
197 80 5.4412 0.0031
198 80 5.4463 0.0031
199 80 5.4474 0.0031
200 80 5.4551 0.0031
201 80 5.4581 0.0032
202 80 5.4648 0.0033
203 80 5.4679 0.0035
204 80 5.4744 0.0036
205 80 5.4776 0.0038
206 80 5.4837 0.0040
188 81 5.4017 0.0072
190 81 5.4121 0.0056
191 81 5.4169 0.0048
192 81 5.4191 0.0051
193 81 5.4243 0.0042
194 81 5.4259 0.0046
195 81 5.4325 0.0039
196 81 5.4327 0.0042
197 81 5.4388 0.0036
198 81 5.4396 0.0036
199 81 5.4479 0.0031
200 81 5.4491 0.0031
201 81 5.4573 0.0029
202 81 5.4595 0.0027
203 81 5.4666 0.0027
204 81 5.4704 0.0028
205 81 5.4759 0.0026
207 81 5.4853 0.0027
208 81 5.4946 0.0028
182 82 5.3788 0.0035
183 82 5.3869 0.0030
184 82 5.3930 0.0029
185 82 5.3984 0.0028
186 82 5.4027 0.0027
187 82 5.4079 0.0026
188 82 5.4139 0.0025
189 82 5.4177 0.0024
190 82 5.4222 0.0023
191 82 5.4229 0.0026
192 82 5.4300 0.0025
193 82 5.4310 0.0023
194 82 5.4372 0.0023
195 82 5.4389 0.0045
196 82 5.4444 0.0024
197 82 5.4446 0.0024
198 82 5.4524 0.0022
199 82 5.4529 0.0022
200 82 5.4611 0.0020
201 82 5.4629 0.0019
202 82 5.4705 0.0017
203 82 5.4727 0.0017
204 82 5.4803 0.0014
205 82 5.4828 0.0015
206 82 5.4902 0.0014
207 82 5.4943 0.0014
208 82 5.5012 0.0013
209 82 5.5100 0.0014
210 82 5.5208 0.0016
211 82 5.5290 0.0017
212 82 5.5396 0.0019
214 82 5.5577 0.0023
202 83 5.4840 0.0069
203 83 5.4911 0.0058
204 83 5.4934 0.0055
205 83 5.5008 0.0044
206 83 5.5034 0.0040
207 83 5.5103 0.0032
208 83 5.5147 0.0028
209 83 5.5211 0.0026
210 83 5.5300 0.0030
212 83 5.5489 0.0054
213 83 5.5586 0.0069
192 84 5.5220 0.0178
194 84 5.5167 0.0178
196 84 5.5136 0.0178
198 84 5.5146 0.0178
200 84 5.5199 0.0178
202 84 5.5281 0.0177
204 84 5.5378 0.0177
205 84 5.5389 0.0177
206 84 5.5480 0.0177
207 84 5.5501 0.0177
208 84 5.5584 0.0176
209 84 5.5628 0.0176
210 84 5.5704 0.0176
216 84 5.6359 0.0174
218 84 5.6558 0.0173
202 86 5.5521 0.0181
204 86 5.5568 0.0180
205 86 5.5569 0.0180
206 86 5.5640 0.0178
207 86 5.5652 0.0178
208 86 5.5725 0.0177
209 86 5.5743 0.0177
210 86 5.5813 0.0177
211 86 5.5850 0.0176
212 86 5.5915 0.0176
218 86 5.6540 0.0187
219 86 5.6648 0.0191
220 86 5.6731 0.0194
221 86 5.6834 0.0199
222 86 5.6915 0.0203
207 87 5.5720 0.0176
208 87 5.5729 0.0176
209 87 5.5799 0.0176
210 87 5.5818 0.0176
211 87 5.5882 0.0176
212 87 5.5915 0.0176
213 87 5.5977 0.0176
220 87 5.6688 0.0177
221 87 5.6790 0.0177
222 87 5.6890 0.0177
223 87 5.6951 0.0178
224 87 5.7061 0.0178
225 87 5.7112 0.0178
226 87 5.7190 0.0178
227 87 5.7335 0.0179
228 87 5.7399 0.0179
208 88 5.5850 0.0183
209 88 5.5853 0.0182
210 88 5.5917 0.0180
211 88 5.5929 0.0179
212 88 5.5991 0.0177
213 88 5.6020 0.0177
214 88 5.6079 0.0177
220 88 5.6683 0.0215
221 88 5.6795 0.0228
222 88 5.6874 0.0239
223 88 5.6973 0.0253
224 88 5.7046 0.0263
225 88 5.7150 0.0279
226 88 5.7211 0.0288
227 88 5.7283 0.0300
228 88 5.7370 0.0315
229 88 5.7455 0.0329
230 88 5.7551 0.0346
232 88 5.7714 0.0375
227 90 5.7404 0.0165
228 90 5.7488 0.0152
229 90 5.7557 0.0143
230 90 5.7670 0.0131
232 90 5.7848 0.0124
233 92 5.8203 0.0049
234 92 5.8291 0.0052
235 92 5.8337 0.0041
236 92 5.8431 0.0038
238 92 5.8571 0.0033
238 94 5.8535 0.0378
239 94 5.8601 0.0378
240 94 5.8701 0.0379
241 94 5.8748 0.0379
242 94 5.8823 0.0380
244 94 5.8948 0.0382
241 95 5.8928 0.0042
243 95 5.9048 0.0035
242 96 5.8285 0.0192
244 96 5.8429 0.0181
245 96 5.8475 0.0182
246 96 5.8562 0.0184
248 96 5.8687 0.0193
