//http://amdc.impcas.ac.cn/web/masseval.html
//Mass Excess in MeV
//Extracted from http://amdc.impcas.ac.cn/web/masseval.html in December 2018
//------
//Each line is:
//z a massexcess meas uncertainty
//------
// 0 -> from a systematic
// 1 -> measured
//
0 1 8.0713 1 0.0000
1 1 7.2890 1 0.0000
1 2 13.1357 1 0.0000
1 3 14.9498 1 0.0000
2 3 14.9312 1 0.0000
3 3 28.6670 0 2.0000
1 4 24.6211 1 0.1000
2 4 2.4249 1 0.0000
3 4 25.3232 1 0.2121
1 5 32.8924 1 0.0894
2 5 11.2312 1 0.0200
3 5 11.6789 1 0.0500
4 5 37.1390 0 2.0030
1 6 41.8757 1 0.2541
2 6 17.5921 1 0.0001
3 6 14.0869 1 0.0000
4 6 18.3750 1 0.0054
5 6 47.3200 0 2.0030
1 7 49.1350 0 1.0040
2 7 26.0731 1 0.0076
3 7 14.9071 1 0.0000
4 7 15.7690 1 0.0001
5 7 27.6765 1 0.0251
2 8 31.6097 1 0.0001
3 8 20.9458 1 0.0000
4 8 4.9417 1 0.0000
5 8 22.9216 1 0.0010
6 8 35.0643 1 0.0182
2 9 40.9358 1 0.0468
3 9 24.9549 1 0.0002
4 9 11.3485 1 0.0001
5 9 12.4165 1 0.0009
6 9 28.9110 1 0.0021
2 10 49.1971 1 0.0928
3 10 33.0526 1 0.0127
4 10 12.6075 1 0.0001
5 10 12.0506 1 0.0000
6 10 15.6987 1 0.0001
7 10 38.8000 1 0.4000
3 11 40.7283 1 0.0006
4 11 20.1772 1 0.0002
5 11 8.6677 1 0.0000
6 11 10.6494 1 0.0001
7 11 24.3036 1 0.0462
3 12 49.0096 1 0.0300
4 12 25.0778 1 0.0019
5 12 13.3694 1 0.0013
6 12 0.0000 1 0.0000
7 12 17.3381 1 0.0010
8 12 31.9146 1 0.0240
3 13 56.9809 1 0.0700
4 13 33.6591 1 0.0102
5 13 16.5619 1 0.0010
6 13 3.1250 1 0.0000
7 13 5.3455 1 0.0003
8 13 23.1154 1 0.0095
4 14 39.9545 1 0.1322
5 14 23.6637 1 0.0212
6 14 3.0199 1 0.0000
7 14 2.8634 1 0.0000
8 14 8.0078 1 0.0000
9 14 31.9644 1 0.0411
4 15 49.8258 1 0.1658
5 15 28.9582 1 0.0210
6 15 9.8731 1 0.0008
7 15 0.1014 1 0.0000
8 15 2.8556 1 0.0005
9 15 16.5668 1 0.0140
10 15 40.2154 1 0.0667
4 16 57.4471 1 0.1658
5 16 37.1125 1 0.0246
6 16 13.6941 1 0.0036
7 16 5.6839 1 0.0023
8 16 -4.7370 1 0.0000
9 16 10.6803 1 0.0083
10 16 23.9868 1 0.0205
5 17 43.7163 1 0.2041
6 17 21.0319 1 0.0174
7 17 7.8701 1 0.0150
8 17 -0.8088 1 0.0000
9 17 1.9517 1 0.0002
10 17 16.5004 1 0.0004
11 17 35.1732 1 1.0014
5 18 51.7926 1 0.2042
6 18 24.9193 1 0.0300
7 18 13.1132 1 0.0186
8 18 -0.7828 1 0.0000
9 18 0.8731 1 0.0005
10 18 5.3176 1 0.0004
11 18 25.0380 1 0.0939
5 19 59.7702 1 0.5254
6 19 32.4138 1 0.0984
7 19 15.8563 1 0.0164
8 19 3.3329 1 0.0026
9 19 -1.4874 1 0.0000
10 19 1.7520 1 0.0002
11 19 12.9294 1 0.0105
12 19 31.8284 1 0.0500
5 20 68.4500 0 0.8000
6 20 37.5036 1 0.2306
7 20 21.7665 1 0.0789
8 20 3.7962 1 0.0009
9 20 -0.0175 1 0.0000
10 20 -7.0419 1 0.0000
11 20 6.8506 1 0.0011
12 20 17.4777 1 0.0019
5 21 77.3300 0 0.9000
6 21 45.6430 0 0.5960
7 21 25.2319 1 0.1340
8 21 8.0620 1 0.0120
9 21 -0.0476 1 0.0018
10 21 -5.7318 1 0.0000
11 21 -2.1846 1 0.0001
12 21 10.9039 1 0.0008
13 21 26.9900 0 0.5960
6 22 53.6112 1 0.2315
7 22 31.7648 1 0.2078
8 22 9.2830 1 0.0569
9 22 2.7934 1 0.0124
10 22 -8.0247 1 0.0000
11 22 -5.1815 1 0.0002
12 22 -0.3999 1 0.0003
13 22 18.2010 0 0.4010
14 22 33.3380 0 0.5030
6 23 64.1710 0 0.9970
7 23 36.7204 1 0.4206
8 23 14.6214 1 0.1217
9 23 3.2853 1 0.0333
10 23 -5.1540 1 0.0001
11 23 -9.5299 1 0.0000
12 23 -5.4735 1 0.0002
13 23 6.7481 1 0.0003
14 23 23.6970 0 0.5030
7 24 46.9380 0 0.4010
8 24 18.5004 1 0.1649
9 24 7.5445 1 0.0977
10 24 -5.9516 1 0.0005
11 24 -8.4179 1 0.0000
12 24 -13.9336 1 0.0000
13 24 -0.0489 1 0.0002
14 24 10.7452 1 0.0195
15 24 33.3200 0 0.5030
7 25 55.9830 0 0.5030
8 25 27.3290 1 0.1651
9 25 11.3342 1 0.0964
10 25 -2.0355 1 0.0290
11 25 -9.3578 1 0.0012
12 25 -13.1928 1 0.0000
13 25 -8.9160 1 0.0001
14 25 3.8273 1 0.0100
15 25 19.7380 0 0.4010
8 26 34.6610 1 0.1649
9 26 18.6489 1 0.1112
10 26 0.4811 1 0.0184
11 26 -6.8608 1 0.0035
12 26 -16.2145 1 0.0000
13 26 -12.2102 1 0.0001
14 26 -7.1410 1 0.0001
15 26 10.9730 0 0.1960
16 26 27.0790 0 0.5960
8 27 44.6700 0 0.5000
9 27 25.4503 1 0.3898
10 27 7.0509 1 0.0908
11 27 -5.5178 1 0.0037
12 27 -14.5866 1 0.0001
13 27 -17.1969 1 0.0000
14 27 -12.3845 1 0.0001
15 27 -0.7225 1 0.0263
16 27 17.0280 0 0.4010
8 28 52.0800 0 0.6990
9 28 33.7416 1 0.3930
10 28 11.2997 1 0.1261
11 28 -0.9883 1 0.0102
12 28 -15.0188 1 0.0020
13 28 -16.8506 1 0.0001
14 28 -21.4928 1 0.0000
15 28 -7.1477 1 0.0012
16 28 4.0732 1 0.1600
17 28 27.5160 0 0.5960
9 29 40.1502 1 0.5254
10 29 18.3998 1 0.1495
11 29 2.6800 1 0.0073
12 29 -10.6028 1 0.0114
13 29 -18.2078 1 0.0003
14 29 -21.8951 1 0.0000
15 29 -16.9528 1 0.0004
16 29 -3.1564 1 0.0500
17 29 13.1622 1 0.1887
9 30 48.1120 0 0.5960
10 30 23.2801 1 0.2532
11 30 8.4747 1 0.0047
12 30 -8.8838 1 0.0034
13 30 -15.8648 1 0.0029
14 30 -24.4330 1 0.0000
15 30 -20.2009 1 0.0001
16 30 -14.0593 1 0.0002
17 30 4.4430 0 0.1960
18 30 20.9311 1 0.2062
9 31 56.1430 0 0.5460
10 31 31.1816 1 0.2662
11 31 12.2460 1 0.0140
12 31 -3.1222 1 0.0031
13 31 -14.9507 1 0.0022
14 31 -22.9490 1 0.0000
15 31 -24.4405 1 0.0000
16 31 -19.0425 1 0.0002
17 31 -7.0346 1 0.0034
18 31 11.3250 0 0.2000
10 32 36.9990 0 0.5030
11 32 18.6402 1 0.0373
12 32 -0.8289 1 0.0033
13 32 -11.0994 1 0.0072
14 32 -24.0777 1 0.0003
15 32 -24.3049 1 0.0000
16 32 -26.0155 1 0.0000
17 32 -13.3347 1 0.0006
18 32 -2.2004 1 0.0018
19 32 21.0980 0 0.4010
10 33 45.9970 0 0.5960
11 33 23.7801 1 0.4499
12 33 4.9623 1 0.0029
13 33 -8.4974 1 0.0070
14 33 -20.5143 1 0.0007
15 33 -26.3373 1 0.0011
16 33 -26.5859 1 0.0000
17 33 -21.0033 1 0.0004
18 33 -9.3843 1 0.0004
19 33 7.0420 0 0.1960
10 34 52.8420 0 0.5130
11 34 31.6801 1 0.5994
12 34 8.3233 1 0.0289
13 34 -3.0003 1 0.0031
14 34 -19.9569 1 0.0141
15 34 -24.5487 1 0.0008
16 34 -29.9317 1 0.0000
17 34 -24.4401 1 0.0000
18 34 -18.3783 1 0.0001
19 34 -1.2200 0 0.1960
20 34 13.8510 0 0.2980
11 35 38.2310 0 0.6700
12 35 15.6398 1 0.2697
13 35 -0.2237 1 0.0074
14 35 -14.3915 1 0.0359
15 35 -24.8578 1 0.0019
16 35 -28.8462 1 0.0000
17 35 -29.0135 1 0.0000
18 35 -23.0473 1 0.0007
19 35 -11.1729 1 0.0005
20 35 4.7880 0 0.1960
11 36 46.3030 0 0.6780
12 36 20.3802 1 0.6902
13 36 5.9504 1 0.1495
14 36 -12.4361 1 0.0718
15 36 -20.2510 1 0.0131
16 36 -30.6641 1 0.0002
17 36 -29.5220 1 0.0000
18 36 -30.2315 1 0.0000
19 36 -17.4171 1 0.0003
20 36 -6.4511 1 0.0400
21 36 15.3510 0 0.2980
11 37 53.5340 0 0.6870
12 37 28.2115 1 0.6989
13 37 9.8096 1 0.1802
14 37 -6.5715 1 0.1138
15 37 -18.9960 1 0.0379
16 37 -26.8964 1 0.0002
17 37 -31.7615 1 0.0001
18 37 -30.9477 1 0.0002
19 37 -24.8002 1 0.0001
20 37 -13.1361 1 0.0006
21 37 3.5200 0 0.3000
12 38 34.0740 0 0.5030
13 38 16.2099 1 0.3745
14 38 -4.1703 1 0.1048
15 38 -14.6216 1 0.0726
16 38 -26.8612 1 0.0072
17 38 -29.7981 1 0.0001
18 38 -34.7148 1 0.0002
19 38 -28.8008 1 0.0002
20 38 -22.0585 1 0.0002
21 38 -4.2490 0 0.2000
22 38 10.8700 0 0.3000
12 39 42.2750 0 0.5130
13 39 20.6500 0 0.4000
14 39 2.3204 1 0.1355
15 39 -12.7746 1 0.1126
16 39 -23.1627 1 0.0500
17 39 -29.8002 1 0.0017
18 39 -33.2422 1 0.0050
19 39 -33.8072 1 0.0000
20 39 -27.2827 1 0.0006
21 39 -14.1727 1 0.0240
22 39 2.2000 0 0.2000
12 40 48.3500 0 0.5000
13 40 27.5900 0 0.4000
14 40 5.4297 1 0.3451
15 40 -8.1144 1 0.1536
16 40 -22.8378 1 0.0040
17 40 -27.5578 1 0.0321
18 40 -35.0399 1 0.0000
19 40 -33.5355 1 0.0001
20 40 -34.8464 1 0.0000
21 40 -20.5233 1 0.0028
22 40 -8.8504 1 0.1600
23 40 12.1700 0 0.3000
13 41 33.4200 0 0.5000
14 41 12.1197 1 0.5547
15 41 -4.9798 1 0.1202
16 41 -19.0086 1 0.0041
17 41 -27.3072 1 0.0687
18 41 -33.0675 1 0.0003
19 41 -35.5595 1 0.0000
20 41 -35.1379 1 0.0001
21 41 -28.6424 1 0.0001
22 41 -15.6975 1 0.0279
23 41 0.3200 0 0.2000
13 42 40.1000 0 0.6000
14 42 16.4700 0 0.5000
15 42 1.0097 1 0.3144
16 42 -17.6377 1 0.0028
17 42 -24.8318 1 0.0596
18 42 -34.4227 1 0.0058
19 42 -35.0220 1 0.0001
20 42 -38.5472 1 0.0001
21 42 -32.1212 1 0.0002
22 42 -25.1047 1 0.0003
23 42 -7.6200 0 0.1960
24 42 6.7300 0 0.4000
13 43 47.0200 0 0.8000
14 43 23.1010 0 0.5960
15 43 4.6798 1 0.5547
16 43 -12.1955 1 0.0050
17 43 -24.1595 1 0.0619
18 43 -32.0098 1 0.0053
19 43 -36.5754 1 0.0004
20 43 -38.4088 1 0.0002
21 43 -36.1881 1 0.0019
22 43 -29.3211 1 0.0072
23 43 -17.9164 1 0.0428
24 43 -1.9700 0 0.4000
14 44 28.5130 0 0.5960
15 44 10.4500 0 0.5000
16 44 -9.2042 1 0.0052
17 44 -20.3845 1 0.1363
18 44 -32.6733 1 0.0016
19 44 -35.7815 1 0.0004
20 44 -41.4687 1 0.0003
21 44 -37.8160 1 0.0018
22 44 -37.5486 1 0.0007
23 44 -24.1164 1 0.1816
24 44 -13.3600 0 0.3000
25 44 7.0300 0 0.5000
14 45 37.4900 0 0.7000
15 45 15.6000 0 0.5000
16 45 -3.9896 1 1.0354
17 45 -18.2625 1 0.1362
18 45 -29.7708 1 0.0005
19 45 -36.6156 1 0.0005
20 45 -40.8122 1 0.0004
21 45 -41.0719 1 0.0007
22 45 -39.0098 1 0.0008
23 45 -31.8860 1 0.0009
24 45 -19.5148 1 0.0354
25 45 -5.2500 0 0.4000
26 45 13.7620 0 0.4000
15 46 22.9700 0 0.7000
16 46 0.3400 0 0.5000
17 46 -13.8594 1 0.2087
18 46 -29.7729 1 0.0011
19 46 -35.4139 1 0.0007
20 46 -43.1394 1 0.0022
21 46 -41.7612 1 0.0007
22 46 -44.1278 1 0.0002
23 46 -37.0754 1 0.0002
24 46 -29.4716 1 0.0115
25 46 -12.5700 0 0.4000
26 46 0.9100 0 0.5000
15 47 29.7100 0 0.8000
16 47 7.3700 0 0.5000
17 47 -9.7800 0 0.4000
18 47 -25.3663 1 0.0011
19 47 -35.7120 1 0.0014
20 47 -42.3444 1 0.0022
21 47 -44.3366 1 0.0019
22 47 -44.9374 1 0.0001
23 47 -42.0066 1 0.0002
24 47 -34.5626 1 0.0060
25 47 -22.5664 1 0.0317
26 47 -6.8700 0 0.5000
27 47 10.3700 0 0.6000
16 48 12.7610 0 0.5960
17 48 -4.2800 0 0.5000
18 48 -22.2813 1 0.3074
19 48 -32.2845 1 0.0008
20 48 -44.2246 1 0.0001
21 48 -44.5038 1 0.0050
22 48 -48.4927 1 0.0001
23 48 -44.4777 1 0.0010
24 48 -42.8220 1 0.0073
25 48 -29.2963 1 0.0069
26 48 -18.0000 0 0.4000
27 48 1.5000 0 0.5000
28 48 16.7930 0 0.5020
16 49 21.0930 0 0.6670
17 49 0.9400 0 0.6000
18 49 -17.1900 0 0.4000
19 49 -29.6115 1 0.0008
20 49 -41.2998 1 0.0002
21 49 -46.5613 1 0.0027
22 49 -48.5638 1 0.0001
23 49 -47.9619 1 0.0008
24 49 -45.3331 1 0.0022
25 49 -37.6206 1 0.0023
26 49 -24.7507 1 0.0242
27 49 -9.8800 0 0.5000
28 49 8.2000 0 0.6000
17 50 7.7400 0 0.6000
18 50 -13.3300 0 0.5000
19 50 -25.7278 1 0.0077
20 50 -39.5892 1 0.0016
21 50 -44.5474 1 0.0150
22 50 -51.4317 1 0.0001
23 50 -49.2240 1 0.0004
24 50 -50.2621 1 0.0004
25 50 -42.6276 1 0.0004
26 50 -34.4765 1 0.0084
27 50 -17.6300 0 0.4000
28 50 -4.1200 0 0.5000
17 51 14.2900 0 0.7000
18 51 -6.6900 0 0.6000
19 51 -22.5162 1 0.0130
20 51 -36.3323 1 0.0005
21 51 -43.2287 1 0.0200
22 51 -49.7328 1 0.0005
23 51 -52.2038 1 0.0004
24 51 -51.4514 1 0.0004
25 51 -48.2439 1 0.0005
26 51 -40.2026 1 0.0090
27 51 -27.3421 1 0.0484
28 51 -11.9000 0 0.5000
18 52 -1.2800 0 0.6000
19 52 -17.1376 1 0.0335
20 52 -34.2663 1 0.0007
21 52 -40.4433 1 0.0819
22 52 -49.4698 1 0.0071
23 52 -51.4438 1 0.0004
24 52 -55.4192 1 0.0003
25 52 -50.7073 1 0.0018
26 52 -48.3304 1 0.0051
27 52 -34.3610 1 0.0084
28 52 -22.3300 0 0.4000
29 52 -2.2800 0 0.6000
18 53 6.7910 0 0.6990
19 53 -12.2957 1 0.1118
20 53 -29.3877 1 0.0438
21 53 -38.9068 1 0.0941
22 53 -46.8311 1 0.1000
23 53 -51.8511 1 0.0031
24 53 -55.2870 1 0.0003
25 53 -54.6901 1 0.0004
26 53 -50.9475 1 0.0017
27 53 -42.6594 1 0.0017
28 53 -29.6308 1 0.0251
29 53 -13.2700 0 0.5000
19 54 -5.0020 0 0.5960
20 54 -25.1606 1 0.0484
21 54 -33.8909 1 0.2728
22 54 -45.6220 1 0.0825
23 54 -49.8932 1 0.0150
24 54 -56.9348 1 0.0004
25 54 -55.5576 1 0.0011
26 54 -56.2545 1 0.0004
27 54 -48.0100 1 0.0004
28 54 -39.2783 1 0.0047
29 54 -21.4100 0 0.4000
30 54 -6.2720 0 0.4000
19 55 0.7080 0 0.6990
20 55 -18.3500 0 0.3000
21 55 -30.1594 1 0.4543
22 55 -41.6681 1 0.1616
23 55 -49.1446 1 0.0951
24 55 -55.1097 1 0.0004
25 55 -57.7124 1 0.0003
26 55 -57.4813 1 0.0003
27 55 -54.0299 1 0.0004
28 55 -45.3358 1 0.0007
29 55 -31.6354 1 0.1556
30 55 -14.5700 0 0.4000
19 56 7.9270 0 0.8010
20 56 -13.8980 0 0.4000
21 56 -24.8523 1 0.5868
22 56 -39.3200 1 0.1212
23 56 -46.1549 1 0.1769
24 56 -55.2850 1 0.0006
25 56 -56.9115 1 0.0003
26 56 -60.6071 1 0.0003
27 56 -56.0404 1 0.0005
28 56 -53.9075 1 0.0004
29 56 -38.6430 1 0.0149
30 56 -25.3900 0 0.4000
31 56 -3.3900 0 0.5000
20 57 -6.8740 0 0.4000
21 57 -20.9959 1 1.3041
22 57 -33.9156 1 0.2564
23 57 -44.4134 1 0.0805
24 57 -52.5247 1 0.0011
25 57 -57.4863 1 0.0015
26 57 -60.1818 1 0.0003
27 57 -59.3456 1 0.0005
28 57 -56.0838 1 0.0006
29 57 -47.3089 1 0.0005
30 57 -32.5500 0 0.2000
31 57 -15.0100 0 0.4000
20 58 -1.9190 0 0.5000
21 58 -14.8760 0 0.4000
22 58 -31.1100 0 0.2000
23 58 -40.4018 1 0.0894
24 58 -51.9918 1 0.0015
25 58 -55.8276 1 0.0027
26 58 -62.1551 1 0.0003
27 58 -59.8472 1 0.0012
28 58 -60.2287 1 0.0004
29 58 -51.6677 1 0.0006
30 58 -42.2987 1 0.0500
31 58 -23.5400 0 0.3000
32 58 -7.0800 0 0.5000
21 59 -10.3020 0 0.4000
22 59 -25.5100 0 0.2000
23 59 -37.8320 1 0.1619
24 59 -48.0858 1 0.2164
25 59 -55.5253 1 0.0023
26 59 -60.6648 1 0.0004
27 59 -62.2297 1 0.0004
28 59 -61.1567 1 0.0004
29 59 -56.3583 1 0.0005
30 59 -47.2156 1 0.0008
31 59 -33.7600 0 0.1700
32 59 -15.8700 0 0.4000
21 60 -4.0520 0 0.5000
22 60 -22.3300 0 0.3000
23 60 -33.2420 1 0.2202
24 60 -46.6696 1 0.1936
25 60 -52.9679 1 0.0023
26 60 -61.4130 1 0.0034
27 60 -61.6503 1 0.0004
28 60 -64.4731 1 0.0004
29 60 -58.3451 1 0.0016
30 60 -54.1743 1 0.0006
31 60 -39.5900 0 0.2000
32 60 -27.0900 0 0.3000
33 60 -5.4700 0 0.4000
21 61 0.9310 0 0.6000
22 61 -16.3500 0 0.4000
23 61 -30.5064 1 0.8942
24 61 -42.4752 1 0.1013
25 61 -51.7421 1 0.0023
26 61 -58.9205 1 0.0026
27 61 -62.8981 1 0.0008
28 61 -64.2219 1 0.0004
29 61 -61.9841 1 0.0010
30 61 -56.3489 1 0.0159
31 61 -47.1347 1 0.0380
32 61 -33.3600 0 0.3000
33 61 -16.9000 0 0.3000
22 62 -12.5000 0 0.4000
23 62 -25.4760 0 0.2980
24 62 -40.8950 1 0.1481
25 62 -48.5240 1 0.0065
26 62 -58.8780 1 0.0028
27 62 -61.4243 1 0.0186
28 62 -66.7463 1 0.0004
29 62 -62.7874 1 0.0006
30 62 -61.1680 1 0.0006
31 62 -51.9869 1 0.0006
32 62 -41.7400 0 0.1400
33 62 -24.3200 0 0.3000
22 63 -5.7500 0 0.5000
23 63 -21.8900 0 0.4000
24 63 -36.0075 1 0.3581
25 63 -46.8871 1 0.0037
26 63 -55.6356 1 0.0043
27 63 -61.8514 1 0.0186
28 63 -65.5128 1 0.0004
29 63 -65.5798 1 0.0004
30 63 -62.2134 1 0.0016
31 63 -56.5471 1 0.0013
32 63 -46.9212 1 0.0373
33 63 -33.5000 0 0.2000
22 64 -1.0250 0 0.6000
23 64 -16.3200 0 0.4000
24 64 -33.4798 1 0.4397
25 64 -42.9890 1 0.0035
26 64 -54.9695 1 0.0050
27 64 -59.7923 1 0.0200
28 64 -67.0989 1 0.0005
29 64 -65.4245 1 0.0004
30 64 -66.0040 1 0.0006
31 64 -58.8328 1 0.0014
32 64 -54.3155 1 0.0037
33 64 -39.5320 0 0.2030
34 64 -26.7000 0 0.5030
23 65 -11.7800 0 0.5000
24 65 -28.2200 0 0.3000
25 65 -40.9673 1 0.0037
26 65 -51.2179 1 0.0051
27 65 -59.1852 1 0.0021
28 65 -65.1257 1 0.0005
29 65 -67.2637 1 0.0006
30 65 -65.9120 1 0.0006
31 65 -62.6575 1 0.0008
32 65 -56.4782 1 0.0022
33 65 -46.9371 1 0.0848
34 65 -33.0200 0 0.3000
23 66 -5.6100 0 0.5000
24 66 -24.7200 0 0.4000
25 66 -36.7504 1 0.0112
26 66 -50.0678 1 0.0041
27 66 -56.4085 1 0.0140
28 66 -66.0063 1 0.0014
29 66 -66.2583 1 0.0007
30 66 -68.8992 1 0.0007
31 66 -63.7237 1 0.0011
32 66 -61.6070 1 0.0024
33 66 -52.0251 1 0.0057
34 66 -41.6600 0 0.2000
23 67 -0.6500 0 0.6000
24 67 -18.6800 0 0.4000
25 67 -33.4600 0 0.3000
26 67 -45.6102 1 0.2703
27 67 -55.3218 1 0.0064
28 67 -63.7427 1 0.0029
29 67 -67.3195 1 0.0009
30 67 -67.8803 1 0.0008
31 67 -66.8790 1 0.0012
32 67 -62.6582 1 0.0047
33 67 -56.5872 1 0.0004
34 67 -46.5803 1 0.0671
35 67 -32.7900 0 0.4000
24 68 -14.8000 0 0.5000
25 68 -28.3800 0 0.4000
26 68 -43.4869 1 0.3653
27 68 -51.9307 1 0.1895
28 68 -63.4638 1 0.0030
29 68 -65.5670 1 0.0016
30 68 -70.0071 1 0.0008
31 68 -67.0860 1 0.0014
32 68 -66.9788 1 0.0019
33 68 -58.8945 1 0.0018
34 68 -54.1894 1 0.0005
35 68 -38.7910 0 0.2590
24 69 -8.5800 0 0.5000
25 69 -24.7700 0 0.4000
26 69 -39.0300 0 0.4000
27 69 -50.2792 1 0.1405
28 69 -59.9786 1 0.0037
29 69 -65.7362 1 0.0014
30 69 -68.4178 1 0.0008
31 69 -69.3278 1 0.0012
32 69 -67.1007 1 0.0013
33 69 -63.1122 1 0.0320
34 69 -56.4347 1 0.0015
35 69 -46.2595 1 0.0420
36 69 -32.4350 0 0.4010
24 70 -4.4800 0 0.6000
25 70 -19.5000 0 0.5000
26 70 -36.5100 0 0.4000
27 70 -46.6300 0 0.3000
28 70 -59.2139 1 0.0021
29 70 -62.9764 1 0.0011
30 70 -69.5647 1 0.0019
31 70 -68.9101 1 0.0012
32 70 -70.5619 1 0.0008
33 70 -64.3419 1 0.0500
34 70 -61.9299 1 0.0016
35 70 -51.4256 1 0.0149
36 70 -41.1000 0 0.2000
25 71 -15.5700 0 0.5000
26 71 -31.4300 0 0.4000
27 71 -44.3699 1 0.4650
28 71 -55.4062 1 0.0022
29 71 -62.7111 1 0.0015
30 71 -67.3288 1 0.0027
31 71 -70.1391 1 0.0008
32 71 -69.9065 1 0.0008
33 71 -67.8931 1 0.0042
34 71 -63.1465 1 0.0028
35 71 -56.5024 1 0.0054
36 71 -46.3272 1 0.1288
37 71 -32.0600 0 0.4000
25 72 -9.9000 0 0.6000
26 72 -28.4300 0 0.5000
27 72 -40.2000 0 0.4000
28 72 -54.2261 1 0.0022
29 72 -59.7830 1 0.0014
30 72 -68.1455 1 0.0021
31 72 -68.5883 1 0.0008
32 72 -72.5859 1 0.0001
33 72 -68.2298 1 0.0041
34 72 -67.8682 1 0.0020
35 72 -59.0617 1 0.0010
36 72 -53.9406 1 0.0080
37 72 -38.3300 0 0.5000
26 73 -22.9000 0 0.5000
27 73 -37.4180 0 0.4000
28 73 -50.1082 1 0.0024
29 73 -58.9874 1 0.0019
30 73 -65.5934 1 0.0019
31 73 -69.6993 1 0.0017
32 73 -71.2975 1 0.0001
33 73 -70.9527 1 0.0039
34 73 -68.2274 1 0.0074
35 73 -63.6475 1 0.0073
36 73 -56.5518 1 0.0066
37 73 -46.0820 0 0.2000
38 73 -31.9500 0 0.4010
26 74 -19.5900 0 0.6000
27 74 -32.8200 0 0.5000
28 74 -48.4560 0 0.1960
29 74 -56.0062 1 0.0061
30 74 -65.7567 1 0.0025
31 74 -68.0496 1 0.0030
32 74 -73.4224 1 0.0000
33 74 -70.8601 1 0.0017
34 74 -72.2132 1 0.0000
35 74 -65.2882 1 0.0058
36 74 -62.3318 1 0.0020
37 74 -51.9160 1 0.0030
38 74 -40.8270 0 0.1000
26 75 -13.6400 0 0.6000
27 75 -29.6490 0 0.5000
28 75 -44.0300 0 0.3000
29 75 -54.4713 1 0.0023
30 75 -62.5589 1 0.0020
31 75 -68.4646 1 0.0024
32 75 -71.8570 1 0.0001
33 75 -73.0342 1 0.0009
34 75 -72.1695 1 0.0001
35 75 -69.1070 1 0.0043
36 75 -64.3236 1 0.0081
37 75 -57.2187 1 0.0012
38 75 -46.6187 1 0.2200
39 75 -31.8200 0 0.3000
27 76 -24.5100 0 0.6000
28 76 -41.6300 0 0.4000
29 76 -50.9760 1 0.0067
30 76 -62.3030 1 0.0015
31 76 -66.2966 1 0.0020
32 76 -73.2129 1 0.0000
33 76 -72.2914 1 0.0009
34 76 -75.2519 1 0.0000
35 76 -70.2891 1 0.0093
36 76 -69.0137 1 0.0040
37 76 -60.4791 1 0.0009
38 76 -54.2476 1 0.0345
39 76 -38.4800 0 0.3000
27 77 -21.0150 0 0.6000
28 77 -36.8000 0 0.5000
29 77 -48.6240 0 0.1490
30 77 -58.7892 1 0.0020
31 77 -65.9923 1 0.0024
32 77 -71.2129 1 0.0001
33 77 -73.9163 1 0.0017
34 77 -74.5995 1 0.0001
35 77 -73.2348 1 0.0028
36 77 -70.1694 1 0.0020
37 77 -64.8305 1 0.0013
38 77 -57.8034 1 0.0079
39 77 -46.4390 0 0.2030
40 77 -32.0400 0 0.4000
28 78 -33.8900 0 0.6000
29 78 -44.4975 1 0.5030
30 78 -57.4832 1 0.0019
31 78 -63.7059 1 0.0019
32 78 -71.8620 1 0.0035
33 78 -72.8169 1 0.0098
34 78 -77.0259 1 0.0002
35 78 -73.4522 1 0.0036
36 78 -74.1783 1 0.0003
37 78 -66.9354 1 0.0032
38 78 -63.1739 1 0.0075
39 78 -52.1730 0 0.2980
40 78 -40.8500 0 0.4000
28 79 -27.5700 0 0.6000
29 79 -41.7400 0 0.3000
30 79 -53.4323 1 0.0022
31 79 -62.5477 1 0.0019
32 79 -69.5266 1 0.0372
33 79 -73.6360 1 0.0053
34 79 -75.9175 1 0.0002
35 79 -76.0680 1 0.0010
36 79 -74.4423 1 0.0035
37 79 -70.8030 1 0.0021
38 79 -65.4769 1 0.0084
39 79 -57.8178 1 0.0792
40 79 -46.7700 0 0.3000
41 79 -31.6500 0 0.5000
28 80 -22.6300 0 0.7000
29 80 -36.2000 0 0.4000
30 80 -51.6486 1 0.0026
31 80 -59.2237 1 0.0029
32 80 -69.5353 1 0.0021
33 80 -72.2145 1 0.0033
34 80 -77.7595 1 0.0010
35 80 -75.8890 1 0.0010
36 80 -77.8933 1 0.0007
37 80 -72.1755 1 0.0019
38 80 -70.3115 1 0.0035
39 80 -61.1482 1 0.0062
40 80 -54.3600 0 0.3000
41 80 -38.4200 0 0.4000
29 81 -31.4200 0 0.5000
30 81 -46.1997 1 0.0050
31 81 -57.6280 1 0.0033
32 81 -66.2917 1 0.0021
33 81 -72.5333 1 0.0026
34 81 -76.3890 1 0.0010
35 81 -77.9770 1 0.0010
36 81 -77.6962 1 0.0011
37 81 -75.4567 1 0.0049
38 81 -71.5281 1 0.0031
39 81 -65.7129 1 0.0054
40 81 -57.4601 1 0.0941
41 81 -46.3600 0 0.4000
42 81 -31.7500 0 0.5000
29 82 -25.3200 0 0.6000
30 82 -42.3140 1 0.0031
31 82 -52.9307 1 0.0024
32 82 -65.4151 1 0.0022
33 82 -70.1054 1 0.0037
34 82 -77.5939 1 0.0005
35 82 -77.4987 1 0.0010
36 82 -80.5918 1 0.0000
37 82 -76.1878 1 0.0030
38 82 -76.0101 1 0.0060
39 82 -68.0641 1 0.0055
40 82 -63.6313 1 0.0112
41 82 -52.0900 0 0.3000
42 82 -40.3700 0 0.4000
30 83 -36.2900 0 0.3000
31 83 -49.2571 1 0.0026
32 83 -60.9764 1 0.0024
33 83 -69.6693 1 0.0028
34 83 -75.3405 1 0.0030
35 83 -79.0137 1 0.0038
36 83 -79.9906 1 0.0000
37 83 -79.0706 1 0.0023
38 83 -76.7976 1 0.0068
39 83 -72.2057 1 0.0186
40 83 -65.9117 1 0.0064
41 83 -57.5561 1 0.1509
42 83 -46.3400 0 0.4010
43 83 -31.3200 0 0.5000
30 84 -31.9300 0 0.4000
31 84 -44.0880 0 0.2000
32 84 -58.1484 1 0.0032
33 84 -65.8536 1 0.0032
34 84 -75.9477 1 0.0020
35 84 -77.7831 1 0.0257
36 84 -82.4393 1 0.0000
37 84 -79.7590 1 0.0022
38 84 -80.6496 1 0.0012
39 84 -73.8944 1 0.0043
40 84 -71.4217 1 0.0055
41 84 -61.2187 1 0.0130
42 84 -54.1700 0 0.2980
43 84 -37.7000 0 0.4000
30 85 -25.2300 0 0.5000
31 85 -39.8490 0 0.2980
32 85 -53.1234 1 0.0037
33 85 -63.1891 1 0.0031
34 85 -72.4136 1 0.0026
35 85 -78.5755 1 0.0031
36 85 -81.4803 1 0.0020
37 85 -82.1673 1 0.0000
38 85 -81.1033 1 0.0028
39 85 -77.8421 1 0.0190
40 85 -73.1752 1 0.0064
41 85 -66.2797 1 0.0041
42 85 -57.5098 1 0.0158
43 85 -45.8500 0 0.4000
44 85 -30.9500 0 0.5000
31 86 -34.0800 0 0.4000
32 86 -49.3999 1 0.4378
33 86 -58.9621 1 0.0035
34 86 -70.5032 1 0.0025
35 86 -75.6323 1 0.0031
36 86 -83.2657 1 0.0000
37 86 -82.7470 1 0.0002
38 86 -84.5231 1 0.0000
39 86 -79.2831 1 0.0141
40 86 -77.9690 1 0.0036
41 86 -69.1341 1 0.0055
42 86 -64.1102 1 0.0037
43 86 -51.5700 0 0.3000
44 86 -39.7700 0 0.4000
31 87 -29.2500 0 0.5000
32 87 -44.0780 0 0.3000
33 87 -55.6179 1 0.0030
34 87 -66.4261 1 0.0022
35 87 -73.8917 1 0.0032
36 87 -80.7095 1 0.0002
37 87 -84.5978 1 0.0000
38 87 -84.8801 1 0.0000
39 87 -83.0184 1 0.0011
40 87 -79.3471 1 0.0041
41 87 -73.8745 1 0.0068
42 87 -66.8848 1 0.0029
43 87 -57.6900 1 0.0042
44 87 -45.5200 0 0.4000
32 88 -40.1380 0 0.4000
33 88 -50.7200 0 0.1960
34 88 -63.8842 1 0.0034
35 88 -70.7160 1 0.0032
36 88 -79.6913 1 0.0026
37 88 -82.6090 1 0.0002
38 88 -87.9216 1 0.0000
39 88 -84.2990 1 0.0015
40 88 -83.6289 1 0.0054
41 88 -76.1736 1 0.0588
42 88 -72.6865 1 0.0038
43 88 -61.6813 1 0.1490
44 88 -54.3400 0 0.3000
45 88 -36.8600 0 0.4000
32 89 -33.7290 0 0.4000
33 89 -46.7980 0 0.2980
34 89 -58.9924 1 0.0037
35 89 -68.2743 1 0.0033
36 89 -76.5358 1 0.0021
37 89 -81.7124 1 0.0054
38 89 -86.2090 1 0.0001
39 89 -87.7084 1 0.0016
40 89 -84.8756 1 0.0031
41 89 -80.6252 1 0.0236
42 89 -75.0149 1 0.0039
43 89 -67.3948 1 0.0038
44 89 -58.2600 0 0.2980
45 89 -45.8610 0 0.3610
32 90 -29.2210 0 0.5000
33 90 -41.3300 0 0.4000
34 90 -55.8002 1 0.3297
35 90 -64.0003 1 0.0034
36 90 -74.9592 1 0.0019
37 90 -79.3644 1 0.0065
38 90 -85.9481 1 0.0021
39 90 -86.4941 1 0.0016
40 90 -88.7725 1 0.0001
41 90 -82.6615 1 0.0033
42 90 -80.1725 1 0.0035
43 90 -70.7247 1 0.0010
44 90 -64.8838 1 0.0037
45 90 -51.7000 0 0.3000
46 90 -39.7100 0 0.4000
33 91 -36.8960 0 0.4000
34 91 -50.5801 1 0.4331
35 91 -61.1073 1 0.0035
36 91 -70.9740 1 0.0022
37 91 -77.7450 1 0.0078
38 91 -83.6519 1 0.0055
39 91 -86.3513 1 0.0018
40 91 -87.8956 1 0.0001
41 91 -86.6380 1 0.0029
42 91 -82.2088 1 0.0062
43 91 -75.9866 1 0.0024
44 91 -68.2398 1 0.0022
45 91 -58.5700 0 0.2980
46 91 -45.9300 0 0.4010
33 92 -30.9810 0 0.5000
34 92 -46.7240 0 0.4000
35 92 -56.2328 1 0.0067
36 92 -68.7693 1 0.0027
37 92 -74.7724 1 0.0061
38 92 -82.8674 1 0.0034
39 92 -84.8165 1 0.0091
40 92 -88.4590 1 0.0001
41 92 -86.4533 1 0.0018
42 92 -86.8086 1 0.0002
43 92 -78.9257 1 0.0031
44 92 -74.3012 1 0.0027
45 92 -62.9991 1 0.0044
46 92 -54.5800 0 0.3000
47 92 -37.1300 0 0.5000
34 93 -40.7160 0 0.4000
35 93 -52.8902 1 0.4308
36 93 -64.1360 1 0.0025
37 93 -72.6199 1 0.0078
38 93 -80.0858 1 0.0076
39 93 -84.2272 1 0.0105
40 93 -87.1220 1 0.0005
41 93 -87.2128 1 0.0015
42 93 -86.8071 1 0.0002
43 93 -83.6061 1 0.0010
44 93 -77.2167 1 0.0021
45 93 -69.0118 1 0.0026
46 93 -59.0010 0 0.3000
47 93 -46.2670 0 0.4010
34 94 -36.8030 0 0.5000
35 94 -47.4000 0 0.3000
36 94 -61.3478 1 0.0121
37 94 -68.5628 1 0.0020
38 94 -78.8457 1 0.0017
39 94 -82.3515 1 0.0064
40 94 -87.2693 1 0.0002
41 94 -86.3691 1 0.0015
42 94 -88.4141 1 0.0001
43 94 -84.1583 1 0.0041
44 94 -82.5836 1 0.0031
45 94 -72.9076 1 0.0034
46 94 -66.1023 1 0.0043
47 94 -52.4100 0 0.4000
48 94 -40.1400 0 0.5000
34 95 -30.4600 0 0.5000
35 95 -43.7710 0 0.2980
36 95 -56.1589 1 0.0186
37 95 -65.8915 1 0.0202
38 95 -75.1196 1 0.0058
39 95 -81.2088 1 0.0068
40 95 -85.6599 1 0.0009
41 95 -86.7863 1 0.0005
42 95 -87.7119 1 0.0001
43 95 -86.0213 1 0.0051
44 95 -83.4577 1 0.0095
45 95 -78.3406 1 0.0039
46 95 -69.9659 1 0.0030
47 95 -59.5970 0 0.2980
48 95 -46.6310 0 0.4010
35 96 -38.1630 0 0.2980
36 96 -53.0797 1 0.0205
37 96 -61.3543 1 0.0034
38 96 -72.9242 1 0.0085
39 96 -78.3359 1 0.0061
40 96 -85.4388 1 0.0001
41 96 -85.6028 1 0.0001
42 96 -88.7949 1 0.0001
43 96 -85.8216 1 0.0051
44 96 -86.0804 1 0.0002
45 96 -79.6877 1 0.0100
46 96 -76.1834 1 0.0042
47 96 -64.5116 1 0.0901
48 96 -55.5730 0 0.4010
49 96 -37.8900 0 0.5000
35 97 -34.0550 0 0.4010
36 97 -47.4235 1 0.1304
37 97 -58.5191 1 0.0019
38 97 -68.5815 1 0.0034
39 97 -76.1214 1 0.0067
40 97 -82.9427 1 0.0004
41 97 -85.6058 1 0.0042
42 97 -87.5447 1 0.0002
43 97 -87.2244 1 0.0041
44 97 -86.1206 1 0.0028
45 97 -82.5976 1 0.0355
46 97 -77.8058 1 0.0048
47 97 -70.8258 1 0.1101
48 97 -60.4540 0 0.2980
49 97 -47.1890 0 0.4010
35 98 -28.2500 0 0.4000
36 98 -44.3110 0 0.2980
37 98 -54.3691 1 0.0161
38 98 -66.4231 1 0.0032
39 98 -72.2948 1 0.0079
40 98 -81.2867 1 0.0085
41 98 -83.5246 1 0.0050
42 98 -88.1160 1 0.0002
43 98 -86.4322 1 0.0034
44 98 -88.2249 1 0.0065
45 98 -83.1752 1 0.0119
46 98 -81.3210 1 0.0047
47 98 -73.0664 1 0.0329
48 98 -67.6364 1 0.0518
49 98 -53.8960 0 0.2980
36 99 -38.7590 0 0.4010
37 99 -51.1211 1 0.0040
38 99 -62.5214 1 0.0047
39 99 -70.6498 1 0.0066
40 99 -77.6206 1 0.0105
41 99 -82.3353 1 0.0120
42 99 -85.9701 1 0.0002
43 99 -87.3279 1 0.0009
44 99 -87.6254 1 0.0003
45 99 -85.5813 1 0.0067
46 99 -82.1827 1 0.0050
47 99 -76.7125 1 0.0063
48 99 -69.9311 1 0.0016
49 99 -61.3760 0 0.2980
50 99 -47.9440 0 0.5030
36 100 -35.0520 0 0.4010
37 100 -46.2471 1 0.0196
38 100 -59.8209 1 0.0072
39 100 -67.3274 1 0.0112
40 100 -76.3774 1 0.0081
41 100 -79.7974 1 0.0080
42 100 -86.1930 1 0.0003
43 100 -86.0209 1 0.0014
44 100 -89.2274 1 0.0003
45 100 -85.5911 1 0.0181
46 100 -85.2128 1 0.0176
47 100 -78.1380 1 0.0050
48 100 -74.1946 1 0.0017
49 100 -64.3130 1 0.1825
50 100 -57.2830 1 0.3015
36 101 -29.1280 0 0.5030
37 101 -42.8450 0 0.2000
38 101 -55.3249 1 0.0085
39 101 -65.0610 1 0.0071
40 101 -73.1660 1 0.0083
41 101 -78.8915 1 0.0037
42 101 -83.5199 1 0.0003
43 101 -86.3446 1 0.0240
44 101 -87.9581 1 0.0004
45 101 -87.4124 1 0.0058
46 101 -85.4321 1 0.0046
47 101 -81.3344 1 0.0048
48 101 -75.8365 1 0.0015
49 101 -68.6140 0 0.1960
50 101 -60.3056 1 0.3000
37 102 -37.7070 0 0.2980
38 102 -52.1593 1 0.0671
39 102 -61.1732 1 0.0041
40 102 -71.5877 1 0.0088
41 102 -76.3045 1 0.0025
42 102 -83.5661 1 0.0083
43 102 -84.5729 1 0.0092
44 102 -89.1064 1 0.0004
45 102 -86.7833 1 0.0064
46 102 -87.9032 1 0.0006
47 102 -82.2467 1 0.0082
48 102 -79.6597 1 0.0017
49 102 -70.6949 1 0.0046
50 102 -64.9349 1 0.1001
37 103 -33.6080 0 0.4010
38 103 -47.4220 0 0.1960
39 103 -58.4576 1 0.0112
40 103 -67.8153 1 0.0092
41 103 -75.0287 1 0.0039
42 103 -80.9607 1 0.0092
43 103 -84.6039 1 0.0098
44 103 -87.2672 1 0.0004
45 103 -88.0317 1 0.0023
46 103 -87.4572 1 0.0009
47 103 -84.8027 1 0.0041
48 103 -80.6516 1 0.0018
49 103 -74.6326 1 0.0096
50 103 -66.9726 1 0.0707
51 103 -56.1780 0 0.2980
38 104 -44.1060 0 0.2980
39 104 -54.0640 0 0.4010
40 104 -65.7241 1 0.0093
41 104 -71.8190 1 0.0027
42 104 -80.3500 1 0.0089
43 104 -82.5034 1 0.0249
44 104 -88.0957 1 0.0025
45 104 -86.9593 1 0.0023
46 104 -89.3951 1 0.0013
47 104 -85.1165 1 0.0042
48 104 -83.9684 1 0.0017
49 104 -76.1827 1 0.0058
50 104 -71.6270 1 0.0057
51 104 -59.1736 1 0.1224
38 105 -38.6100 0 0.5030
39 105 -51.2704 1 1.3367
40 105 -61.4647 1 0.0121
41 105 -69.9156 1 0.0040
42 105 -77.3371 1 0.0091
43 105 -82.2901 1 0.0353
44 105 -85.9345 1 0.0025
45 105 -87.8512 1 0.0025
46 105 -88.4179 1 0.0011
47 105 -87.0708 1 0.0045
48 105 -84.3338 1 0.0014
49 105 -79.6406 1 0.0102
50 105 -73.3380 1 0.0040
51 105 -64.0155 1 0.0218
52 105 -52.8115 1 0.3000
38 106 -34.7900 0 0.6000
39 106 -46.0530 0 0.5030
40 106 -58.5500 1 0.4331
41 106 -66.2034 1 0.0041
42 106 -76.1345 1 0.0091
43 106 -79.7762 1 0.0123
44 106 -86.3232 1 0.0054
45 106 -86.3626 1 0.0054
46 106 -89.9075 1 0.0011
47 106 -86.9424 1 0.0030
48 106 -87.1321 1 0.0011
49 106 -80.6081 1 0.0122
50 106 -77.3537 1 0.0051
51 106 -66.4733 1 0.0075
52 106 -58.2197 1 0.1005
38 107 -28.9000 0 0.7000
39 107 -42.3640 0 0.5030
40 107 -54.3797 1 1.1224
41 107 -63.7238 1 0.0080
42 107 -72.5516 1 0.0092
43 107 -78.7499 1 0.0087
44 107 -83.8625 1 0.0087
45 107 -86.8637 1 0.0121
46 107 -88.3726 1 0.0012
47 107 -88.4067 1 0.0024
48 107 -86.9903 1 0.0017
49 107 -83.5643 1 0.0111
50 107 -78.5122 1 0.0053
51 107 -70.6532 1 0.0041
52 107 -60.5393 1 0.0708
53 107 -49.4300 0 0.3000
39 108 -37.2970 0 0.5960
40 108 -51.3530 0 0.4010
41 108 -59.5458 1 0.0082
42 108 -70.7559 1 0.0092
43 108 -75.9228 1 0.0088
44 108 -83.6613 1 0.0087
45 108 -85.0317 1 0.0140
46 108 -89.5242 1 0.0011
47 108 -87.6068 1 0.0024
48 108 -89.2524 1 0.0011
49 108 -84.1198 1 0.0086
50 108 -82.0699 1 0.0054
51 108 -72.4453 1 0.0055
52 108 -65.7817 1 0.0054
53 108 -52.6496 1 0.1323
39 109 -33.2000 0 0.7000
40 109 -46.1930 0 0.5030
41 109 -56.6898 1 0.2585
42 109 -66.6660 1 0.0112
43 109 -74.2828 1 0.0097
44 109 -80.7384 1 0.0090
45 109 -84.9995 1 0.0040
46 109 -87.6065 1 0.0011
47 109 -88.7194 1 0.0013
48 109 -88.5043 1 0.0015
49 109 -86.4895 1 0.0040
50 109 -82.6302 1 0.0079
51 109 -76.2510 1 0.0053
52 109 -67.7154 1 0.0044
53 109 -57.6725 1 0.0067
54 109 -46.1695 1 0.3001
40 110 -42.8860 0 0.5960
41 110 -52.3099 1 0.8383
42 110 -64.5426 1 0.0242
43 110 -71.0345 1 0.0095
44 110 -80.0726 1 0.0089
45 110 -82.8287 1 0.0178
46 110 -88.3309 1 0.0006
47 110 -87.4573 1 0.0013
48 110 -90.3480 1 0.0004
49 110 -86.4700 1 0.0116
50 110 -85.8420 1 0.0138
51 110 -77.4497 1 0.0060
52 110 -72.2298 1 0.0066
53 110 -60.4642 1 0.0506
54 110 -51.9226 1 0.1010
40 111 -37.5600 0 0.7000
41 111 -48.8750 0 0.2980
42 111 -59.9398 1 0.0126
43 111 -69.0246 1 0.0106
44 111 -76.7853 1 0.0097
45 111 -82.3045 1 0.0068
46 111 -85.9859 1 0.0007
47 111 -88.2154 1 0.0015
48 111 -89.2522 1 0.0004
49 111 -88.3920 1 0.0034
50 111 -85.9386 1 0.0053
51 111 -80.8367 1 0.0088
52 111 -73.5875 1 0.0064
53 111 -64.9538 1 0.0048
54 111 -54.3955 1 0.0867
55 111 -42.8210 0 0.1960
40 112 -33.8100 0 0.7000
41 112 -44.2740 0 0.2980
42 112 -57.4640 0 0.1960
43 112 -65.2589 1 0.0055
44 112 -75.6308 1 0.0096
45 112 -79.7315 1 0.0441
46 112 -86.3216 1 0.0065
47 112 -86.5837 1 0.0024
48 112 -90.5749 1 0.0003
49 112 -87.9901 1 0.0043
50 112 -88.6551 1 0.0003
51 112 -81.5990 1 0.0178
52 112 -77.5675 1 0.0084
53 112 -67.0633 1 0.0102
54 112 -60.0263 1 0.0083
55 112 -46.2903 1 0.0868
41 113 -40.5110 0 0.4010
42 113 -52.4900 0 0.3000
43 113 -62.8115 1 0.0034
44 113 -71.8681 1 0.0369
45 113 -78.7675 1 0.0071
46 113 -83.5911 1 0.0069
47 113 -87.0268 1 0.0166
48 113 -89.0433 1 0.0002
49 113 -89.3671 1 0.0002
50 113 -88.3281 1 0.0016
51 113 -84.4170 1 0.0172
52 113 -78.3470 1 0.0279
53 113 -71.1195 1 0.0080
54 113 -62.2036 1 0.0068
55 113 -51.7645 1 0.0086
56 113 -39.7840 0 0.2980
41 114 -35.3870 0 0.5030
42 114 -49.8070 0 0.2980
43 114 -58.6003 1 0.4331
44 114 -70.2218 1 0.0035
45 114 -75.7106 1 0.0716
46 114 -83.4909 1 0.0069
47 114 -84.9308 1 0.0046
48 114 -90.0149 1 0.0003
49 114 -88.5698 1 0.0003
50 114 -90.5597 1 0.0000
51 114 -84.4966 1 0.0218
52 114 -81.8886 1 0.0279
53 114 -72.7960 0 0.1490
54 114 -67.0859 1 0.0112
55 114 -54.6823 1 0.0711
56 114 -45.9054 1 0.1027
41 115 -31.3540 0 0.5030
42 115 -44.7490 0 0.4010
43 115 -56.3200 1 0.7894
44 115 -66.1897 1 0.0885
45 115 -74.2298 1 0.0073
46 115 -80.4264 1 0.0135
47 115 -84.9827 1 0.0183
48 115 -88.0845 1 0.0007
49 115 -89.5363 1 0.0000
50 115 -90.0338 1 0.0000
51 115 -87.0034 1 0.0160
52 115 -82.0628 1 0.0279
53 115 -76.3378 1 0.0289
54 115 -68.6567 1 0.0121
55 115 -59.6990 0 0.1020
56 115 -49.0200 0 0.2000
42 116 -41.5000 0 0.5000
43 116 -51.4560 0 0.2980
44 116 -64.0689 1 0.0037
45 116 -70.7361 1 0.0738
46 116 -79.8316 1 0.0071
47 116 -82.5427 1 0.0033
48 116 -88.7125 1 0.0002
49 116 -88.2497 1 0.0002
50 116 -91.5260 1 0.0001
51 116 -86.8221 1 0.0052
52 116 -85.2690 1 0.0279
53 116 -77.4922 1 0.0966
54 116 -73.0467 1 0.0130
55 116 -62.0430 0 0.1000
56 116 -54.5800 0 0.2000
57 116 -40.6450 0 0.3120
42 117 -36.1700 0 0.5000
43 117 -48.3820 0 0.4010
44 117 -59.4899 1 0.4331
45 117 -68.8974 1 0.0089
46 117 -76.4245 1 0.0073
47 117 -82.1820 1 0.0136
48 117 -86.4184 1 0.0010
49 117 -88.9430 1 0.0049
50 117 -90.3978 1 0.0005
51 117 -88.6395 1 0.0084
52 117 -85.0954 1 0.0135
53 117 -80.4361 1 0.0262
54 117 -74.1853 1 0.0104
55 117 -66.4931 1 0.0624
56 117 -57.4578 1 0.2503
57 117 -46.4710 0 0.2000
42 118 -32.6300 0 0.5000
43 118 -43.7900 0 0.4010
44 118 -57.2600 0 0.2000
45 118 -64.8875 1 0.0242
46 118 -75.3887 1 0.0025
47 118 -79.5538 1 0.0025
48 118 -86.7016 1 0.0200
49 118 -87.2282 1 0.0078
50 118 -91.6529 1 0.0005
51 118 -87.9962 1 0.0030
52 118 -87.6966 1 0.0185
53 118 -80.9710 1 0.0198
54 118 -78.0791 1 0.0104
55 118 -68.4094 1 0.0128
56 118 -62.3540 0 0.1960
57 118 -49.5600 0 0.3000
43 119 -40.3710 0 0.5030
44 119 -52.5640 0 0.2980
45 119 -62.8228 1 0.0093
46 119 -71.4079 1 0.0082
47 119 -78.6458 1 0.0147
48 119 -83.9771 1 0.0377
49 119 -87.6993 1 0.0073
50 119 -90.0650 1 0.0007
51 119 -89.4742 1 0.0077
52 119 -87.1812 1 0.0080
53 119 -83.7655 1 0.0279
54 119 -78.7944 1 0.0104
55 119 -72.3051 1 0.0139
56 119 -64.5901 1 0.2003
57 119 -54.7900 0 0.3000
58 119 -43.9400 0 0.5000
43 120 -35.5180 0 0.5030
44 120 -50.0120 0 0.4010
45 120 -58.8150 0 0.1960
46 120 -70.2801 1 0.0023
47 120 -75.6515 1 0.0045
48 120 -83.9574 1 0.0037
49 120 -85.7284 1 0.0400
50 120 -91.0984 1 0.0009
51 120 -88.4178 1 0.0072
52 120 -89.3680 1 0.0031
53 120 -83.7530 1 0.0153
54 120 -82.1724 1 0.0118
55 120 -73.8886 1 0.0100
56 120 -68.8886 1 0.3002
57 120 -57.5700 0 0.3000
58 120 -49.6000 0 0.5000
43 121 -31.7800 0 0.5000
44 121 -45.0470 0 0.4010
45 121 -56.2501 1 0.6194
46 121 -66.1823 1 0.0034
47 121 -74.4028 1 0.0121
48 121 -81.0738 1 0.0019
49 121 -85.8360 1 0.0274
50 121 -89.1973 1 0.0010
51 121 -89.6003 1 0.0026
52 121 -88.5455 1 0.0259
53 121 -86.2514 1 0.0054
54 121 -82.4810 1 0.0102
55 121 -77.1023 1 0.0143
56 121 -70.7448 1 0.1419
57 121 -62.1900 0 0.3000
58 121 -52.6900 0 0.4010
59 121 -41.4220 0 0.5000
44 122 -42.1500 0 0.5000
45 122 -52.0800 0 0.3000
46 122 -64.6162 1 0.0196
47 122 -71.1061 1 0.0382
48 122 -80.6124 1 0.0023
49 122 -83.5727 1 0.0501
50 122 -89.9413 1 0.0024
51 122 -88.3354 1 0.0026
52 122 -90.3145 1 0.0015
53 122 -86.0805 1 0.0052
54 122 -85.3550 1 0.0111
55 122 -78.1448 1 0.0337
56 122 -74.6089 1 0.0279
57 122 -64.5430 0 0.2980
58 122 -57.8740 0 0.4010
59 122 -44.7800 0 0.5000
44 123 -37.0800 0 0.5000
45 123 -49.3600 0 0.4000
46 123 -60.4297 1 0.7894
47 123 -69.5481 1 0.0307
48 123 -77.4142 1 0.0027
49 123 -83.4304 1 0.0198
50 123 -87.8162 1 0.0024
51 123 -89.2241 1 0.0015
52 123 -89.1722 1 0.0015
53 123 -87.9437 1 0.0037
54 123 -85.2487 1 0.0095
55 123 -81.0436 1 0.0121
56 123 -75.6550 1 0.0121
57 123 -68.6510 0 0.1960
58 123 -60.2860 0 0.2980
59 123 -50.2300 0 0.4000
44 124 -33.9600 0 0.6000
45 124 -44.8900 0 0.4000
46 124 -58.3900 0 0.2980
47 124 -66.2001 1 0.2515
48 124 -76.7017 1 0.0030
49 124 -80.8702 1 0.0306
50 124 -88.2342 1 0.0010
51 124 -87.6202 1 0.0015
52 124 -90.5253 1 0.0015
53 124 -87.3657 1 0.0024
54 124 -87.6614 1 0.0018
55 124 -81.7313 1 0.0083
56 124 -79.0898 1 0.0125
57 124 -70.2586 1 0.0567
58 124 -64.9160 0 0.2980
59 124 -53.1510 0 0.4010
60 124 -44.5250 0 0.5030
45 125 -42.0000 0 0.5000
46 125 -54.1200 0 0.4000
47 125 -64.5199 1 0.4331
48 125 -73.3481 1 0.0029
49 125 -80.4768 1 0.0270
50 125 -85.8964 1 0.0010
51 125 -88.2563 1 0.0026
52 125 -89.0230 1 0.0015
53 125 -88.8372 1 0.0015
54 125 -87.1934 1 0.0018
55 125 -84.0879 1 0.0077
56 125 -79.6690 1 0.0110
57 125 -73.7595 1 0.0260
58 125 -66.6580 0 0.1960
59 125 -57.9400 0 0.3000
60 125 -47.5990 0 0.4010
45 126 -37.3000 0 0.5000
46 126 -51.8600 0 0.4000
47 126 -60.6800 0 0.2000
48 126 -72.2568 1 0.0025
49 126 -77.7729 1 0.0269
50 126 -86.0152 1 0.0104
51 126 -86.3932 1 0.0318
52 126 -90.0653 1 0.0015
53 126 -87.9113 1 0.0038
54 126 -89.1470 1 0.0035
55 126 -84.3508 1 0.0104
56 126 -82.6699 1 0.0125
57 126 -74.9735 1 0.0905
58 126 -70.8206 1 0.0279
59 126 -60.3240 0 0.1960
60 126 -52.9930 0 0.2980
61 126 -39.3500 0 0.5000
45 127 -34.0300 0 0.6000
46 127 -47.1800 0 0.5000
47 127 -58.4400 0 0.2000
48 127 -68.7474 1 0.0121
49 127 -76.8962 1 0.0212
50 127 -83.4708 1 0.0101
51 127 -86.6995 1 0.0051
52 127 -88.2817 1 0.0015
53 127 -88.9839 1 0.0036
54 127 -88.3216 1 0.0041
55 127 -86.2402 1 0.0056
56 127 -82.8179 1 0.0114
57 127 -77.8961 1 0.0260
58 127 -71.9793 1 0.0289
59 127 -64.5430 0 0.1960
60 127 -55.5360 0 0.2980
61 127 -44.7860 0 0.4010
46 128 -44.4900 0 0.5000
47 128 -54.6200 0 0.3000
48 128 -67.2419 1 0.0072
49 128 -74.1459 1 0.1535
50 128 -83.3620 1 0.0177
51 128 -84.6303 1 0.0191
52 128 -88.9937 1 0.0009
53 128 -87.7387 1 0.0036
54 128 -89.8603 1 0.0011
55 128 -85.9316 1 0.0054
56 128 -85.3785 1 0.0052
57 128 -78.6254 1 0.0544
58 128 -75.5339 1 0.0279
59 128 -66.3308 1 0.0298
60 128 -60.3140 0 0.1960
61 128 -47.7860 0 0.2980
62 128 -38.6700 0 0.5000
46 129 -37.6100 0 0.6000
47 129 -51.9800 0 0.4000
48 129 -63.0580 1 0.0168
49 129 -72.8377 1 0.0027
50 129 -80.5909 1 0.0173
51 129 -84.6293 1 0.0212
52 129 -87.0048 1 0.0009
53 129 -88.5071 1 0.0032
54 129 -88.6961 1 0.0000
55 129 -87.4992 1 0.0046
56 129 -85.0632 1 0.0106
57 129 -81.3246 1 0.0214
58 129 -76.2875 1 0.0279
59 129 -69.7736 1 0.0298
60 129 -62.3150 0 0.2020
61 129 -52.8810 0 0.2980
62 129 -42.0000 0 0.5000
47 130 -45.6970 0 0.5000
48 130 -61.1176 1 0.0224
49 130 -69.8832 1 0.0380
50 130 -80.1322 1 0.0019
51 130 -82.2857 1 0.0142
52 130 -87.3529 1 0.0000
53 130 -86.9361 1 0.0032
54 130 -89.8805 1 0.0000
55 130 -86.8997 1 0.0084
56 130 -87.2615 1 0.0026
57 130 -81.6274 1 0.0259
58 130 -79.4229 1 0.0279
59 130 -71.1755 1 0.0643
60 130 -66.5962 1 0.0279
61 130 -55.3960 0 0.1960
62 130 -47.5060 0 0.4010
63 130 -33.6830 0 0.5000
47 131 -40.3800 0 0.5000
48 131 -55.2190 1 0.1025
49 131 -68.0250 1 0.0027
50 131 -77.2646 1 0.0036
51 131 -81.9814 1 0.0021
52 131 -85.2110 1 0.0001
53 131 -87.4427 1 0.0006
54 131 -88.4136 1 0.0000
55 131 -88.0588 1 0.0050
56 131 -86.6837 1 0.0026
57 131 -83.7693 1 0.0279
58 131 -79.7084 1 0.0328
59 131 -74.3007 1 0.0470
60 131 -67.7680 1 0.0275
61 131 -59.6600 0 0.2000
62 131 -50.1330 0 0.4010
63 131 -39.2700 0 0.4010
47 132 -33.7900 0 0.5000
48 132 -50.2630 0 0.1960
49 132 -62.4115 1 0.0600
50 132 -76.5465 1 0.0020
51 132 -79.6353 1 0.0025
52 132 -85.1882 1 0.0035
53 132 -85.7035 1 0.0041
54 132 -89.2790 1 0.0000
55 132 -87.1527 1 0.0010
56 132 -88.4350 1 0.0011
57 132 -83.7236 1 0.0364
58 132 -82.4709 1 0.0204
59 132 -75.2275 1 0.0289
60 132 -71.4258 1 0.0242
61 132 -61.6280 0 0.1490
62 132 -55.0790 0 0.2980
63 132 -42.2000 0 0.4000
48 133 -43.9200 0 0.2980
49 133 -57.4640 0 0.1960
50 133 -70.8739 1 0.0019
51 133 -78.9235 1 0.0031
52 133 -82.9371 1 0.0021
53 133 -85.8583 1 0.0064
54 133 -87.6436 1 0.0024
55 133 -88.0709 1 0.0000
56 133 -87.5536 1 0.0010
57 133 -85.4944 1 0.0279
58 133 -82.4182 1 0.0164
59 133 -77.9376 1 0.0125
60 133 -72.3324 1 0.0466
61 133 -65.4076 1 0.0503
62 133 -57.2310 0 0.2980
63 133 -47.2360 0 0.2980
64 133 -35.8600 0 0.5000
48 134 -38.9200 0 0.4000
49 134 -51.6610 0 0.2980
50 134 -66.4337 1 0.0032
51 134 -74.0205 1 0.0017
52 134 -82.5337 1 0.0027
53 134 -84.0434 1 0.0049
54 134 -88.1258 1 0.0000
55 134 -86.8912 1 0.0000
56 134 -88.9499 1 0.0003
57 134 -85.2186 1 0.0199
58 134 -84.8329 1 0.0204
59 134 -78.5280 1 0.0203
60 134 -75.6464 1 0.0118
61 134 -66.7388 1 0.0578
62 134 -61.3760 0 0.1960
63 134 -49.9280 0 0.2980
64 134 -41.3020 0 0.4010
49 135 -46.5280 0 0.4010
50 135 -60.6322 1 0.0031
51 135 -69.6903 1 0.0026
52 135 -77.7288 1 0.0017
53 135 -83.7791 1 0.0021
54 135 -86.4132 1 0.0037
55 135 -87.5816 1 0.0010
56 135 -87.8505 1 0.0003
57 135 -86.6433 1 0.0094
58 135 -84.6162 1 0.0103
59 135 -80.9359 1 0.0118
60 135 -76.2136 1 0.0191
61 135 -70.0521 1 0.0755
62 135 -62.8572 1 0.1546
63 135 -54.1480 0 0.1960
64 135 -44.3900 0 0.4000
65 135 -32.8250 0 0.4010
49 136 -40.5100 0 0.4000
50 136 -55.8990 0 0.2980
51 136 -64.5069 1 0.0058
52 136 -74.4253 1 0.0023
53 136 -79.5452 1 0.0142
54 136 -86.4292 1 0.0000
55 136 -86.3387 1 0.0019
56 136 -88.8869 1 0.0003
57 136 -86.0375 1 0.0532
58 136 -86.5084 1 0.0004
59 136 -81.3404 1 0.0115
60 136 -79.1993 1 0.0118
61 136 -71.1699 1 0.0691
62 136 -66.8109 1 0.0125
63 136 -56.2440 0 0.1960
64 136 -49.0900 0 0.2980
65 136 -36.1300 0 0.5000
49 137 -35.0400 0 0.5000
50 137 -49.7880 0 0.4010
51 137 -60.0604 1 0.0522
52 137 -69.3038 1 0.0021
53 137 -76.3563 1 0.0084
54 137 -82.3834 1 0.0001
55 137 -86.5456 1 0.0004
56 137 -87.7212 1 0.0003
57 137 -87.1407 1 0.0017
58 137 -85.9186 1 0.0004
59 137 -83.2017 1 0.0081
60 137 -79.5846 1 0.0117
61 137 -74.0728 1 0.0130
62 137 -68.0265 1 0.0424
63 137 -60.1459 1 0.0044
64 137 -51.2140 0 0.2980
65 137 -40.9670 0 0.4010
50 138 -44.8610 0 0.5030
51 138 -54.2204 1 1.0642
52 138 -65.6960 1 0.0038
53 138 -71.9799 1 0.0060
54 138 -79.9722 1 0.0028
55 138 -82.8869 1 0.0092
56 138 -88.2616 1 0.0003
57 138 -86.5192 1 0.0032
58 138 -87.5709 1 0.0049
59 138 -83.1339 1 0.0112
60 138 -82.0183 1 0.0116
61 138 -74.9405 1 0.0277
62 138 -71.4978 1 0.0118
63 138 -61.7497 1 0.0279
64 138 -55.8000 0 0.1960
65 138 -43.6680 0 0.2980
66 138 -34.9310 0 0.5030
50 139 -38.4400 0 0.5000
51 139 -49.7880 0 0.4010
52 139 -60.2051 1 0.0035
53 139 -68.4710 1 0.0040
54 139 -75.6446 1 0.0021
55 139 -80.7009 1 0.0031
56 139 -84.9138 1 0.0003
57 139 -87.2262 1 0.0020
58 139 -86.9479 1 0.0072
59 139 -84.8188 1 0.0078
60 139 -82.0139 1 0.0276
61 139 -77.5005 1 0.0136
62 139 -72.3802 1 0.0109
63 139 -65.3980 1 0.0132
64 139 -57.6320 0 0.1960
65 139 -48.1300 0 0.2980
66 139 -37.6420 0 0.5030
51 140 -43.9390 0 0.5960
52 140 -56.5762 1 0.0624
53 140 -63.6062 1 0.0121
54 140 -72.9865 1 0.0023
55 140 -77.0501 1 0.0082
56 140 -83.2694 1 0.0079
57 140 -84.3159 1 0.0020
58 140 -88.0761 1 0.0016
59 140 -84.6881 1 0.0062
60 140 -84.2589 1 0.0034
61 140 -78.2137 1 0.0242
62 140 -75.4559 1 0.0125
63 140 -66.9859 1 0.0515
64 140 -61.7823 1 0.0279
65 140 -50.4823 1 0.8005
66 140 -42.8300 0 0.4010
67 140 -29.2590 0 0.5030
51 141 -39.1100 0 0.5000
52 141 -50.4870 0 0.4010
53 141 -59.9267 1 0.0158
54 141 -68.1973 1 0.0029
55 141 -74.4775 1 0.0092
56 141 -79.7326 1 0.0053
57 141 -82.9316 1 0.0042
58 141 -85.4329 1 0.0016
59 141 -86.0156 1 0.0017
60 141 -84.1926 1 0.0033
61 141 -80.5229 1 0.0140
62 141 -75.9339 1 0.0085
63 141 -69.9256 1 0.0126
64 141 -63.2242 1 0.0198
65 141 -54.5408 1 0.1053
66 141 -45.3820 0 0.2980
67 141 -34.3640 0 0.4010
52 142 -46.3700 0 0.5030
53 142 -54.7700 1 0.3745
54 142 -65.2296 1 0.0027
55 142 -70.5145 1 0.0071
56 142 -77.8423 1 0.0059
57 142 -80.0242 1 0.0063
58 142 -84.5332 1 0.0025
59 142 -83.7875 1 0.0017
60 142 -85.9500 1 0.0014
61 142 -81.1420 1 0.0236
62 142 -78.9865 1 0.0031
63 142 -71.3135 1 0.0302
64 142 -66.9595 1 0.0279
65 142 -56.5595 1 0.7006
66 142 -50.1200 0 0.7290
67 142 -37.2500 0 0.4010
68 142 -28.0300 0 0.5000
52 143 -40.2780 0 0.5030
53 143 -50.6300 0 0.2000
54 143 -60.2029 1 0.0047
55 143 -67.6755 1 0.0076
56 143 -73.9372 1 0.0068
57 143 -78.1715 1 0.0073
58 143 -81.6067 1 0.0025
59 143 -83.0682 1 0.0019
60 143 -84.0022 1 0.0014
61 143 -82.9607 1 0.0030
62 143 -79.5172 1 0.0028
63 143 -74.2413 1 0.0110
64 143 -68.2313 1 0.2003
65 143 -60.4192 1 0.0512
66 143 -52.1689 1 0.0130
67 143 -42.0480 0 0.2980
68 143 -31.2600 0 0.4000
53 144 -45.2800 0 0.4010
54 144 -56.8723 1 0.0053
55 144 -63.2714 1 0.0201
56 144 -71.7671 1 0.0071
57 144 -74.8497 1 0.0129
58 144 -80.4319 1 0.0029
59 144 -80.7505 1 0.0028
60 144 -83.7480 1 0.0014
61 144 -81.4161 1 0.0030
62 144 -81.9655 1 0.0016
63 144 -75.6191 1 0.0108
64 144 -71.7595 1 0.0279
65 144 -62.3682 1 0.0279
66 144 -56.5701 1 0.0072
67 144 -44.6095 1 0.0085
68 144 -36.6080 0 0.1960
69 144 -22.2590 0 0.4000
53 145 -40.9390 0 0.5030
54 145 -51.4933 1 0.0112
55 145 -60.0544 1 0.0091
56 145 -67.5162 1 0.0085
57 145 -72.8353 1 0.0123
58 145 -77.0670 1 0.0339
59 145 -79.6259 1 0.0072
60 145 -81.4320 1 0.0014
61 145 -81.2675 1 0.0029
62 145 -80.6513 1 0.0016
63 145 -77.9915 1 0.0031
64 145 -72.9263 1 0.0197
65 145 -66.3884 1 0.1092
66 145 -58.2426 1 0.0065
67 145 -49.1201 1 0.0075
68 145 -39.2400 0 0.2000
69 145 -27.5830 0 0.1960
54 146 -47.9549 1 0.0242
55 146 -55.3104 1 0.0029
56 146 -64.9471 1 0.0209
57 146 -69.0503 1 0.0336
58 146 -75.6354 1 0.0163
59 146 -76.6810 1 0.0348
60 146 -80.9259 1 0.0014
61 146 -79.4543 1 0.0043
62 146 -80.9963 1 0.0031
63 146 -77.1175 1 0.0060
64 146 -76.0858 1 0.0041
65 146 -67.7636 1 0.0449
66 146 -62.5549 1 0.0067
67 146 -51.2382 1 0.0066
68 146 -44.3220 1 0.0067
69 146 -31.0550 0 0.2000
54 147 -42.3600 0 0.2000
55 147 -51.9201 1 0.0084
56 147 -60.2640 1 0.0197
57 147 -66.6784 1 0.0107
58 147 -72.0139 1 0.0086
59 147 -75.4441 1 0.0159
60 147 -78.1467 1 0.0014
61 147 -79.0423 1 0.0014
62 147 -79.2664 1 0.0014
63 147 -77.5448 1 0.0026
64 147 -75.3569 1 0.0020
65 147 -70.7427 1 0.0081
66 147 -64.1960 1 0.0088
67 147 -55.7571 1 0.0050
68 147 -46.6078 1 0.0382
69 147 -35.9744 1 0.0068
54 148 -38.6000 0 0.3000
55 148 -46.9109 1 0.0130
56 148 -57.5937 1 0.0631
57 148 -62.7087 1 0.0195
58 148 -70.3984 1 0.0112
59 148 -72.5354 1 0.0150
60 148 -77.4080 1 0.0021
61 148 -76.8657 1 0.0057
62 148 -79.3363 1 0.0014
63 148 -76.2993 1 0.0100
64 148 -76.2693 1 0.0016
65 148 -70.5371 1 0.0125
66 148 -67.8595 1 0.0087
67 148 -57.9912 1 0.0838
68 148 -51.4790 1 0.0102
69 148 -38.7650 1 0.0102
70 148 -30.3300 0 0.4000
55 149 -43.2500 0 0.4000
56 149 -53.1203 1 0.4378
57 149 -60.2199 1 0.2003
58 149 -66.6699 1 0.0102
59 149 -71.0394 1 0.0099
60 149 -74.3755 1 0.0021
61 149 -76.0643 1 0.0023
62 149 -77.1357 1 0.0013
63 149 -76.4411 1 0.0040
64 149 -75.1270 1 0.0034
65 149 -71.4887 1 0.0037
66 149 -67.6959 1 0.0092
67 149 -61.6466 1 0.0120
68 149 -53.7416 1 0.0279
69 149 -43.8830 0 0.1960
70 149 -33.1980 0 0.3000
55 150 -38.1700 0 0.4000
56 150 -49.9000 0 0.3000
57 150 -56.1300 1 0.4355
58 150 -64.8469 1 0.0117
59 150 -68.3005 1 0.0090
60 150 -73.6798 1 0.0013
61 150 -73.5971 1 0.0200
62 150 -77.0511 1 0.0013
63 150 -74.7922 1 0.0063
64 150 -75.7639 1 0.0061
65 150 -71.1057 1 0.0074
66 150 -69.3096 1 0.0043
67 150 -61.9459 1 0.0142
68 150 -57.8313 1 0.0172
69 150 -46.4910 0 0.1960
70 150 -38.6380 0 0.3000
71 150 -24.6400 0 0.3000
55 151 -34.2300 0 0.5000
56 151 -44.9400 0 0.4000
57 151 -53.3103 1 0.4355
58 151 -61.2251 1 0.0177
59 151 -66.7796 1 0.0117
60 151 -70.9430 1 0.0013
61 151 -73.3861 1 0.0047
62 151 -74.5763 1 0.0013
63 151 -74.6529 1 0.0013
64 151 -74.1887 1 0.0031
65 151 -71.6235 1 0.0041
66 151 -68.7524 1 0.0033
67 151 -63.6227 1 0.0083
68 151 -58.2663 1 0.0165
69 151 -50.7728 1 0.0194
70 151 -41.5423 1 0.3005
71 151 -30.1080 0 0.3000
55 152 -28.9300 0 0.5000
56 152 -41.7100 0 0.4000
57 152 -49.2900 0 0.3000
58 152 -58.9800 0 0.2000
59 152 -63.7581 1 0.0185
60 152 -70.1494 1 0.0245
61 152 -71.2542 1 0.0259
62 152 -74.7626 1 0.0012
63 152 -72.8883 1 0.0013
64 152 -74.7069 1 0.0012
65 152 -70.7169 1 0.0400
66 152 -70.1179 1 0.0046
67 152 -63.6048 1 0.0125
68 152 -60.5004 1 0.0088
69 152 -51.7203 1 0.0540
70 152 -46.2704 1 0.1497
71 152 -33.4220 0 0.1960
56 153 -36.4700 0 0.4000
57 153 -46.0600 0 0.3000
58 153 -54.9100 0 0.2000
59 153 -61.5685 1 0.0119
60 153 -67.3303 1 0.0027
61 153 -70.6478 1 0.0091
62 153 -72.5597 1 0.0012
63 153 -73.3672 1 0.0013
64 153 -72.8826 1 0.0012
65 153 -71.3133 1 0.0040
66 153 -69.1429 1 0.0040
67 153 -65.0121 1 0.0051
68 153 -60.4686 1 0.0093
69 153 -53.9733 1 0.0120
70 153 -47.2080 0 0.1960
71 153 -38.3728 1 0.1500
72 153 -27.3000 0 0.3000
56 154 -32.8200 0 0.5000
57 154 -41.5300 0 0.3000
58 154 -52.2200 0 0.2000
59 154 -58.1050 1 0.1130
60 154 -65.8250 1 0.0526
61 154 -68.5120 1 0.0463
62 154 -72.4552 1 0.0015
63 154 -71.7381 1 0.0013
64 154 -73.7060 1 0.0012
65 154 -70.1563 1 0.0453
66 154 -70.3939 1 0.0074
67 154 -64.6393 1 0.0082
68 154 -62.6050 1 0.0050
69 154 -54.4271 1 0.0144
70 154 -49.9321 1 0.0173
71 154 -39.7150 0 0.1960
72 154 -32.6700 0 0.3000
57 155 -37.9300 0 0.4000
58 155 -47.7800 0 0.3000
59 155 -55.4153 1 0.0172
60 155 -62.2837 1 0.0092
61 155 -66.9399 1 0.0047
62 155 -70.1908 1 0.0015
63 155 -71.8181 1 0.0014
64 155 -72.0699 1 0.0012
65 155 -71.2501 1 0.0098
66 155 -69.1556 1 0.0097
67 155 -66.0395 1 0.0175
68 155 -62.2092 1 0.0061
69 155 -56.6259 1 0.0099
70 155 -50.5026 1 0.0166
71 155 -42.5450 1 0.0192
72 155 -34.1700 0 0.2980
73 155 -23.9280 0 0.3000
57 156 -33.0500 0 0.4000
58 156 -44.8200 0 0.3000
59 156 -51.5680 0 0.2000
60 156 -60.4736 1 0.2000
61 156 -64.1636 1 0.0036
62 156 -69.3604 1 0.0085
63 156 -70.0825 1 0.0036
64 156 -72.5349 1 0.0012
65 156 -70.0908 1 0.0038
66 156 -70.5290 1 0.0012
67 156 -65.4790 1 0.0600
68 156 -64.2117 1 0.0246
69 156 -56.8346 1 0.0143
70 156 -53.2657 1 0.0093
71 156 -43.6995 1 0.0541
72 156 -37.8169 1 0.1498
73 156 -25.8610 0 0.2980
58 157 -39.9300 0 0.4000
59 157 -48.5400 0 0.3000
60 157 -56.4615 1 0.0249
61 157 -62.2970 1 0.0070
62 157 -66.6776 1 0.0044
63 157 -69.4589 1 0.0043
64 157 -70.8235 1 0.0012
65 157 -70.7634 1 0.0012
66 157 -69.4246 1 0.0052
67 157 -66.8328 1 0.0235
68 157 -63.4136 1 0.0265
69 157 -58.7093 1 0.0279
70 157 -53.4219 1 0.0109
71 157 -46.4405 1 0.0121
72 157 -38.9030 0 0.1960
73 157 -29.5933 1 0.1501
74 157 -19.4700 0 0.4000
58 158 -36.6600 0 0.4000
59 158 -44.3300 0 0.3000
60 158 -54.0550 0 0.2000
61 158 -59.0892 1 0.0135
62 158 -65.2502 1 0.0049
63 158 -67.2552 1 0.0103
64 158 -70.6895 1 0.0012
65 158 -69.4707 1 0.0014
66 158 -70.4073 1 0.0024
67 158 -66.1876 1 0.0271
68 158 -65.3038 1 0.0252
69 158 -58.7032 1 0.0252
70 158 -56.0102 1 0.0080
71 158 -47.2122 1 0.0151
72 158 -42.1024 1 0.0175
73 158 -31.1670 0 0.1960
74 158 -23.6330 0 0.3000
59 159 -41.0880 0 0.4000
60 159 -49.8070 0 0.3000
61 159 -56.5543 1 0.0100
62 159 -62.2078 1 0.0059
63 159 -66.0433 1 0.0043
64 159 -68.5614 1 0.0012
65 159 -69.5324 1 0.0013
66 159 -69.1671 1 0.0015
67 159 -67.3295 1 0.0031
68 159 -64.5610 1 0.0037
69 159 -60.5704 1 0.0279
70 159 -55.8386 1 0.0178
71 159 -49.7086 1 0.0377
72 159 -42.8526 1 0.0168
73 159 -34.4391 1 0.0197
74 159 -25.2950 0 0.2980
75 159 -14.7450 0 0.3050
59 160 -36.5200 0 0.4000
60 160 -47.1340 0 0.3000
61 160 -53.0020 0 0.2000
62 160 -60.2348 1 0.0059
63 160 -63.4805 1 0.0095
64 160 -67.9417 1 0.0013
65 160 -67.8363 1 0.0013
66 160 -69.6727 1 0.0008
67 160 -66.3827 1 0.0150
68 160 -66.0642 1 0.0243
69 160 -60.3020 1 0.0343
70 160 -58.1627 1 0.0072
71 160 -50.2699 1 0.0568
72 160 -45.9389 1 0.0095
73 160 -35.8237 1 0.0543
74 160 -29.3265 1 0.1498
75 160 -16.7390 0 0.2980
60 161 -42.5880 0 0.4000
61 161 -50.2350 0 0.2980
62 161 -56.6720 1 0.0068
63 161 -61.7915 1 0.0104
64 161 -65.5058 1 0.0016
65 161 -67.4616 1 0.0014
66 161 -68.0558 1 0.0008
67 161 -67.1973 1 0.0022
68 161 -65.2016 1 0.0088
69 161 -61.8987 1 0.0279
70 161 -57.8394 1 0.0154
71 161 -52.5623 1 0.0279
72 161 -46.3147 1 0.0226
73 161 -38.7790 1 0.0244
74 161 -30.5550 0 0.1960
75 161 -20.8402 1 0.1499
76 161 -9.9790 0 0.4000
60 162 -39.5500 0 0.4000
61 162 -46.3700 0 0.3000
62 162 -54.5300 0 0.1960
63 162 -58.7034 1 0.0352
64 162 -64.2804 1 0.0040
65 162 -65.6760 1 0.0364
66 162 -68.1815 1 0.0008
67 162 -66.0415 1 0.0032
68 162 -66.3345 1 0.0008
69 162 -61.4778 1 0.0261
70 162 -59.8263 1 0.0154
71 162 -52.8318 1 0.0750
72 162 -49.1690 1 0.0090
73 162 -39.7802 1 0.0522
74 162 -33.9992 1 0.0177
75 162 -22.5010 0 0.1960
76 162 -14.4400 0 0.3000
61 163 -43.2490 0 0.4000
62 163 -50.7200 0 0.2980
63 163 -56.4849 1 0.0655
64 163 -61.3139 1 0.0084
65 163 -64.5961 1 0.0041
66 163 -66.3812 1 0.0008
67 163 -66.3783 1 0.0008
68 163 -65.1677 1 0.0046
69 163 -62.7287 1 0.0055
70 163 -59.2991 1 0.0154
71 163 -54.7914 1 0.0279
72 163 -49.2637 1 0.0248
73 163 -42.5346 1 0.0381
74 163 -34.9082 1 0.0528
75 163 -26.0022 1 0.0185
76 163 -16.1920 0 0.2980
61 164 -38.8700 0 0.4000
62 164 -48.1020 0 0.2980
63 164 -53.3810 0 0.1140
64 164 -59.7740 0 0.1020
65 164 -62.0780 1 0.1000
66 164 -65.9680 1 0.0008
67 164 -64.9815 1 0.0015
68 164 -65.9429 1 0.0008
69 164 -61.9040 1 0.0244
70 164 -61.0174 1 0.0154
71 164 -54.6424 1 0.0279
72 164 -51.8185 1 0.0158
73 164 -43.2828 1 0.0279
74 164 -38.2358 1 0.0097
75 164 -27.4724 1 0.0546
76 164 -20.4221 1 0.1499
77 164 -7.3440 0 0.3140
62 165 -43.8080 0 0.4010
63 165 -50.7240 0 0.1380
64 165 -56.4530 0 0.1210
65 165 -60.5660 0 0.1020
66 165 -63.6126 1 0.0008
67 165 -64.8990 1 0.0010
68 165 -64.5216 1 0.0010
69 165 -62.9296 1 0.0017
70 165 -60.2954 1 0.0265
71 165 -56.4422 1 0.0265
72 165 -51.6355 1 0.0279
73 165 -45.8479 1 0.0139
74 165 -38.8610 1 0.0250
75 165 -30.6598 1 0.0236
76 165 -21.7950 0 0.1960
77 165 -11.5930 0 0.1580
62 166 -40.7300 0 0.4000
63 166 -47.2080 0 0.3580
64 166 -54.5300 0 0.1960
65 166 -57.8848 1 0.0700
66 166 -62.5848 1 0.0009
67 166 -63.0713 1 0.0010
68 166 -64.9260 1 0.0012
69 166 -61.8884 1 0.0116
70 166 -61.5957 1 0.0071
71 166 -56.0210 1 0.0298
72 166 -53.8590 1 0.0279
73 166 -46.0978 1 0.0279
74 166 -41.8880 1 0.0095
75 166 -31.8935 1 0.0723
76 166 -25.4315 1 0.0180
77 166 -13.3540 0 0.1960
78 166 -4.7300 0 0.3000
63 167 -44.0100 0 0.4000
64 167 -50.8130 0 0.2980
65 167 -55.9270 0 0.1960
66 167 -59.9306 1 0.0602
67 167 -62.2806 1 0.0052
68 167 -63.2912 1 0.0012
69 167 -62.5436 1 0.0013
70 167 -60.5906 1 0.0040
71 167 -57.5011 1 0.0317
72 167 -53.4678 1 0.0279
73 167 -48.3511 1 0.0279
74 167 -42.0981 1 0.0183
75 167 -34.8310 0 0.0400
76 167 -26.5020 1 0.0727
77 167 -17.0724 1 0.0183
78 167 -6.6120 0 0.3020
63 168 -39.7400 0 0.5000
64 168 -48.3630 0 0.4010
65 168 -52.7230 0 0.2980
66 168 -58.5596 1 0.1400
67 168 -60.0612 1 0.0300
68 168 -62.9912 1 0.0012
69 168 -61.3129 1 0.0017
70 168 -61.5819 1 0.0012
71 168 -57.0678 1 0.0393
72 168 -55.3606 1 0.0279
73 168 -48.3939 1 0.0279
74 168 -44.8931 1 0.0133
75 168 -35.7949 1 0.0308
76 168 -29.9952 1 0.0099
77 168 -18.6662 1 0.0552
78 168 -11.0075 1 0.1500
64 169 -44.1530 0 0.5030
65 169 -50.3290 0 0.2980
66 169 -55.5972 1 0.3007
67 169 -58.7972 1 0.0201
68 169 -60.9231 1 0.0012
69 169 -61.2752 1 0.0008
70 169 -60.3776 1 0.0012
71 169 -58.0846 1 0.0032
72 169 -54.7169 1 0.0279
73 169 -50.2904 1 0.0279
74 169 -44.9179 1 0.0154
75 169 -38.4092 1 0.0114
76 169 -30.7227 1 0.0252
77 169 -22.0938 1 0.0233
78 169 -12.5120 0 0.1960
79 169 -1.7880 0 0.2980
64 170 -41.3800 0 0.5960
65 170 -46.7240 0 0.4010
66 170 -53.6630 0 0.1960
67 170 -56.2387 1 0.0500
68 170 -60.1087 1 0.0015
69 170 -59.7959 1 0.0008
70 170 -60.7639 1 0.0000
71 170 -57.3062 1 0.0168
72 170 -56.2539 1 0.0279
73 170 -50.1377 1 0.0279
74 170 -47.2908 1 0.0132
75 170 -38.9132 1 0.0231
76 170 -33.9262 1 0.0098
77 170 -23.3600 0 0.0890
78 170 -16.2992 1 0.0182
79 170 -3.7520 0 0.1960
65 171 -44.0320 0 0.5030
66 171 -50.1890 0 0.2980
67 171 -54.5190 1 0.6000
68 171 -57.7190 1 0.0016
69 171 -59.2103 1 0.0010
70 171 -59.3068 1 0.0000
71 171 -57.8284 1 0.0019
72 171 -55.4313 1 0.0289
73 171 -51.7203 1 0.0279
74 171 -47.0861 1 0.0279
75 171 -41.2503 1 0.0279
76 171 -34.3019 1 0.0178
77 171 -26.4120 1 0.0385
78 171 -17.4697 1 0.0727
79 171 -7.5623 1 0.0207
80 171 3.4800 0 0.3030
65 172 -39.8500 0 0.5030
66 172 -48.0090 0 0.2980
67 172 -51.4840 0 0.1960
68 172 -56.4836 1 0.0040
69 172 -57.3744 1 0.0055
70 172 -59.2554 1 0.0000
71 172 -56.7360 1 0.0023
72 172 -56.4022 1 0.0244
73 172 -51.3300 1 0.0279
74 172 -49.0972 1 0.0279
75 172 -41.5371 1 0.0390
76 172 -37.2438 1 0.0128
77 172 -27.3794 1 0.0324
78 172 -21.1069 1 0.0104
79 172 -9.3180 1 0.0562
80 172 -1.0587 1 0.1501
66 173 -43.9390 0 0.4010
67 173 -49.3510 0 0.2980
68 173 -53.6540 0 0.1960
69 173 -56.2561 1 0.0044
70 173 -57.5512 1 0.0000
71 173 -56.8809 1 0.0016
72 173 -55.4118 1 0.0279
73 173 -52.3965 1 0.0279
74 173 -48.7274 1 0.0279
75 173 -43.5539 1 0.0279
76 173 -37.4383 1 0.0150
77 173 -30.2684 1 0.0110
78 173 -21.9429 1 0.0560
79 173 -12.8324 1 0.0228
80 173 -2.7100 0 0.1960
66 174 -41.3700 0 0.5030
67 174 -45.6900 0 0.2980
68 174 -51.9490 0 0.2980
69 174 -53.8645 1 0.0447
70 174 -56.9445 1 0.0000
71 174 -55.5702 1 0.0016
72 174 -55.8445 1 0.0023
73 174 -51.7408 1 0.0279
74 174 -50.2271 1 0.0279
75 174 -43.6731 1 0.0279
76 174 -39.9954 1 0.0103
77 174 -30.8635 1 0.0243
78 174 -25.3182 1 0.0104
79 174 -14.2350 0 0.0890
80 174 -6.6410 1 0.0192
67 175 -43.2030 0 0.4010
68 175 -48.6520 0 0.4010
69 175 -52.3105 1 0.0500
70 175 -54.6955 1 0.0001
71 175 -55.1656 1 0.0012
72 175 -54.4817 1 0.0023
73 175 -52.4086 1 0.0279
74 175 -49.6328 1 0.0279
75 175 -45.2883 1 0.0279
76 175 -40.1054 1 0.0118
77 175 -33.3945 1 0.0124
78 175 -25.7135 1 0.0182
79 175 -17.4040 1 0.0386
80 175 -7.9726 1 0.0729
67 176 -39.2900 0 0.5030
68 176 -46.6310 0 0.4010
69 176 -49.3713 1 0.1000
70 176 -53.4913 1 0.0000
71 176 -53.3822 1 0.0012
72 176 -54.5763 1 0.0015
73 176 -51.3654 1 0.0307
74 176 -50.6416 1 0.0279
75 176 -45.0629 1 0.0279
76 176 -42.0979 1 0.0279
77 176 -33.8783 1 0.0168
78 176 -28.9339 1 0.0127
79 176 -18.5210 1 0.0332
80 176 -11.7850 1 0.0111
81 176 0.5816 1 0.0751
68 177 -42.8580 0 0.5030
69 177 -47.4690 0 0.2980
70 177 -50.9864 1 0.0002
71 177 -52.3838 1 0.0012
72 177 -52.8806 1 0.0014
73 177 -51.7146 1 0.0033
74 177 -49.7017 1 0.0279
75 177 -46.2692 1 0.0279
76 177 -41.9565 1 0.0146
77 177 -36.0474 1 0.0198
78 177 -29.3704 1 0.0150
79 177 -21.5451 1 0.0105
80 177 -12.7825 1 0.0751
81 177 -3.3405 1 0.0216
68 178 -40.2600 0 0.5960
69 178 -44.1160 0 0.4010
70 178 -49.6955 1 0.0100
71 178 -50.3378 1 0.0023
72 178 -52.4352 1 0.0014
73 178 -50.5980 0 0.0520
74 178 -50.4069 1 0.0152
75 178 -45.6535 1 0.0279
76 178 -43.5443 1 0.0136
77 178 -36.2519 1 0.0198
78 178 -31.9975 1 0.0101
79 178 -22.3037 1 0.0101
80 178 -16.3159 1 0.0108
81 178 -4.7900 0 0.0890
82 178 3.5743 1 0.0240
69 179 -41.6010 0 0.5030
70 179 -46.5370 0 0.1960
71 179 -49.0589 1 0.0052
72 179 -50.4629 1 0.0014
73 179 -50.3573 1 0.0015
74 179 -49.2951 1 0.0146
75 179 -46.5843 1 0.0246
76 179 -43.0195 1 0.0165
77 179 -38.0817 1 0.0098
78 179 -32.2681 1 0.0080
79 179 -24.9886 1 0.0117
80 179 -16.9281 1 0.0273
81 179 -8.2685 1 0.0388
82 179 2.0506 1 0.0756
69 180 -37.9200 0 0.5030
70 180 -44.6000 0 0.2980
71 180 -46.6763 1 0.0707
72 180 -49.7793 1 0.0014
73 180 -48.9329 1 0.0019
74 180 -49.6361 1 0.0014
75 180 -45.8374 1 0.0214
76 180 -44.3578 1 0.0164
77 180 -37.9775 1 0.0217
78 180 -34.4359 1 0.0110
79 180 -25.6255 1 0.0048
80 180 -20.2504 1 0.0126
81 180 -9.3866 1 0.0600
82 180 -1.9414 1 0.0124
69 181 -35.1700 0 0.5960
70 181 -41.0880 0 0.2980
71 181 -44.7974 1 0.1258
72 181 -47.4028 1 0.0014
73 181 -48.4383 1 0.0014
74 181 -48.2338 1 0.0014
75 181 -46.5174 1 0.0125
76 181 -43.5500 1 0.0253
77 181 -39.4630 1 0.0052
78 181 -34.3815 1 0.0137
79 181 -27.8711 1 0.0200
80 181 -20.6611 1 0.0154
81 181 -12.7987 1 0.0091
82 181 -3.1174 1 0.0754
70 182 -38.8200 0 0.4010
71 182 -41.8800 0 0.1960
72 182 -46.0495 1 0.0062
73 182 -46.4299 1 0.0014
74 182 -48.2461 1 0.0007
75 182 -45.4461 1 0.1020
76 182 -44.6091 1 0.0217
77 182 -39.0517 1 0.0210
78 182 -36.1684 1 0.0131
79 182 -28.3008 1 0.0203
80 182 -23.5769 1 0.0098
81 182 -13.3279 1 0.0118
82 182 -6.8251 1 0.0121
70 183 -35.1000 0 0.4010
71 183 -39.7161 1 0.0801
72 183 -43.2828 1 0.0300
73 183 -45.2928 1 0.0014
74 183 -46.3656 1 0.0007
75 183 -45.8096 1 0.0080
76 183 -43.6640 1 0.0498
77 183 -40.2033 1 0.0244
78 183 -35.7725 1 0.0155
79 183 -30.1915 1 0.0094
80 183 -23.8047 1 0.0071
81 183 -16.5873 1 0.0093
82 183 -7.5752 1 0.0282
70 184 -32.5400 0 0.5030
71 184 -36.4120 0 0.2980
72 184 -41.4994 1 0.0397
73 184 -42.8394 1 0.0260
74 184 -45.7054 1 0.0007
75 184 -44.2196 1 0.0043
76 184 -44.2525 1 0.0008
77 184 -39.6109 1 0.0279
78 184 -37.3342 1 0.0156
79 184 -30.3187 1 0.0223
80 184 -26.3490 1 0.0101
81 184 -16.8832 1 0.0100
82 184 -11.0515 1 0.0128
83 184 1.0631 1 0.0781
70 185 -28.5000 0 0.5030
71 185 -33.8880 0 0.2980
72 185 -38.3198 1 0.0643
73 185 -41.3943 1 0.0142
74 185 -43.3878 1 0.0007
75 185 -43.8190 1 0.0008
76 185 -42.8059 1 0.0008
77 185 -40.3356 1 0.0279
78 185 -36.6881 1 0.0258
79 185 -31.8581 1 0.0026
80 185 -26.1837 1 0.0136
81 185 -19.7577 1 0.0207
82 185 -11.5412 1 0.0162
83 185 -2.2360 0 0.0810
71 186 -30.2100 0 0.4010
72 186 -36.4242 1 0.0512
73 186 -38.6075 1 0.0600
74 186 -42.5085 1 0.0012
75 186 -41.9271 1 0.0008
76 186 -42.9999 1 0.0008
77 186 -39.1723 1 0.0165
78 186 -37.8644 1 0.0217
79 186 -31.7149 1 0.0210
80 186 -28.5391 1 0.0117
81 186 -19.8866 1 0.0224
82 186 -14.6820 1 0.0114
83 186 -3.1462 1 0.0169
84 186 4.1010 1 0.0183
71 187 -27.5800 0 0.4010
72 187 -32.8170 0 0.2980
73 187 -36.8955 1 0.0559
74 187 -39.9040 1 0.0012
75 187 -41.2165 1 0.0007
76 187 -41.2189 1 0.0007
77 187 -39.5494 1 0.0279
78 187 -36.6851 1 0.0240
79 187 -33.0278 1 0.0223
80 187 -28.1179 1 0.0139
81 187 -22.4446 1 0.0080
82 187 -14.9870 1 0.0051
83 187 -6.3833 1 0.0100
84 187 2.8286 1 0.0319
71 188 -23.7900 0 0.5030
72 188 -30.8790 0 0.2980
73 188 -33.6120 1 0.0550
74 188 -38.6678 1 0.0031
75 188 -39.0168 1 0.0007
76 188 -41.1372 1 0.0007
77 188 -38.3449 1 0.0094
78 188 -37.8209 1 0.0053
79 188 -32.3713 1 0.0027
80 188 -30.2019 1 0.0123
81 188 -22.3364 1 0.0299
82 188 -17.8152 1 0.0106
83 188 -7.1947 1 0.0112
84 188 -0.5443 1 0.0200
72 189 -27.1620 0 0.2980
73 189 -31.8290 0 0.1960
74 189 -35.6175 1 0.0401
75 189 -37.9790 1 0.0082
76 189 -38.9867 1 0.0007
77 189 -38.4496 1 0.0126
78 189 -36.4693 1 0.0101
79 189 -33.5820 1 0.0201
80 189 -29.6264 1 0.0316
81 189 -24.6161 1 0.0084
82 189 -17.8440 1 0.0141
83 189 -10.0647 1 0.0209
84 189 -1.4220 1 0.0221
72 190 -25.0300 0 0.4010
73 190 -28.5130 0 0.1960
74 190 -34.3823 1 0.0397
75 190 -35.6358 1 0.0709
76 190 -38.7078 1 0.0006
77 190 -36.7535 1 0.0014
78 190 -37.3064 1 0.0007
79 190 -32.8335 1 0.0034
80 190 -31.3707 1 0.0159
81 190 -24.3720 1 0.0079
82 190 -20.4166 1 0.0125
83 190 -10.5996 1 0.0226
84 190 -4.5638 1 0.0135
73 191 -26.4920 0 0.2980
74 191 -31.1762 1 0.0419
75 191 -34.3503 1 0.0103
76 191 -36.3952 1 0.0007
77 191 -36.7088 1 0.0013
78 191 -35.6982 1 0.0041
79 191 -33.7979 1 0.0049
80 191 -30.5919 1 0.0223
81 191 -26.2829 1 0.0073
82 191 -20.2311 1 0.0373
83 191 -13.2393 1 0.0075
84 191 -5.0687 1 0.0071
85 191 3.8639 1 0.0161
73 192 -23.0640 0 0.4010
74 192 -29.6490 0 0.1960
75 192 -31.5888 1 0.0708
76 192 -35.8822 1 0.0023
77 192 -34.8356 1 0.0013
78 192 -36.2885 1 0.0026
79 192 -32.7721 1 0.0158
80 192 -32.0116 1 0.0155
81 192 -25.8722 1 0.0317
82 192 -22.5560 1 0.0133
83 192 -13.5345 1 0.0301
84 192 -8.0707 1 0.0111
85 192 2.9259 1 0.0279
73 193 -20.8700 0 0.4010
74 193 -26.2870 0 0.1960
75 193 -30.2316 1 0.0391
76 193 -33.3943 1 0.0023
77 193 -34.5362 1 0.0013
78 193 -34.4796 1 0.0014
79 193 -33.4048 1 0.0087
80 193 -31.0622 1 0.0155
81 193 -27.4772 1 0.0067
82 193 -22.1945 1 0.0496
83 193 -15.8846 1 0.0076
84 193 -8.3253 1 0.0145
85 193 -0.0673 1 0.0216
86 193 9.0429 1 0.0251
73 194 -17.3000 0 0.5030
74 194 -24.5260 0 0.2980
75 194 -27.2370 0 0.1960
76 194 -32.4351 1 0.0024
77 194 -32.5317 1 0.0013
78 194 -34.7601 1 0.0005
79 194 -32.2119 1 0.0021
80 194 -32.1839 1 0.0029
81 194 -26.9375 1 0.0140
82 194 -24.2079 1 0.0174
83 194 -16.0288 1 0.0062
84 194 -11.0047 1 0.0129
85 194 -0.7202 1 0.0249
86 194 5.7235 1 0.0169
74 195 -21.0100 0 0.2980
75 195 -25.5790 0 0.2980
76 195 -29.5116 1 0.0559
77 195 -31.6923 1 0.0013
78 195 -32.7938 1 0.0005
79 195 -32.5670 1 0.0011
80 195 -31.0134 1 0.0231
81 195 -28.1552 1 0.0111
82 195 -23.7077 1 0.0180
83 195 -18.0256 1 0.0053
84 195 -11.0563 1 0.0374
85 195 -3.4703 1 0.0096
86 195 5.0503 1 0.0505
74 196 -18.8800 0 0.4010
75 196 -22.5420 0 0.2980
76 196 -28.2771 1 0.0401
77 196 -29.4355 1 0.0384
78 196 -32.6445 1 0.0005
79 196 -31.1387 1 0.0030
80 196 -31.8259 1 0.0029
81 196 -27.4966 1 0.0121
82 196 -25.3483 1 0.0077
83 196 -18.0090 1 0.0244
84 196 -13.4730 1 0.0135
85 196 -3.9147 1 0.0303
86 196 1.9710 1 0.0144
74 197 -15.1400 0 0.4010
75 197 -20.5020 0 0.2980
76 197 -25.3090 0 0.1960
77 197 -28.2641 1 0.0201
78 197 -30.4198 1 0.0005
79 197 -31.1397 1 0.0005
80 197 -30.5402 1 0.0032
81 197 -28.3416 1 0.0163
82 197 -24.7454 1 0.0048
83 197 -19.6872 1 0.0083
84 197 -13.3580 1 0.0497
85 197 -6.3552 1 0.0080
86 197 1.5104 1 0.0162
87 197 10.2540 1 0.0544
75 198 -17.1390 0 0.4010
76 198 -23.8370 0 0.1960
77 198 -25.8210 0 0.1960
78 198 -29.9040 1 0.0021
79 198 -29.5808 1 0.0005
80 198 -30.9543 1 0.0005
81 198 -27.5287 1 0.0075
82 198 -26.0675 1 0.0088
83 198 -19.3695 1 0.0279
84 198 -15.4734 1 0.0174
85 198 -6.7145 1 0.0059
86 198 -1.2304 1 0.0134
87 198 9.5740 1 0.0322
75 199 -14.8600 0 0.4010
76 199 -20.4840 0 0.1960
77 199 -24.3985 1 0.0411
78 199 -27.3887 1 0.0022
79 199 -29.0937 1 0.0005
80 199 -29.5461 1 0.0005
81 199 -28.0594 1 0.0279
82 199 -25.2318 1 0.0100
83 199 -20.7976 1 0.0106
84 199 -15.2085 1 0.0181
85 199 -8.8234 1 0.0054
86 199 -1.4995 1 0.0376
87 199 6.7714 1 0.0137
76 200 -18.7790 0 0.2980
77 200 -21.6110 0 0.1960
78 200 -26.5992 1 0.0201
79 200 -27.2401 1 0.0267
80 200 -29.5033 1 0.0005
81 200 -27.0472 1 0.0058
82 200 -26.2511 1 0.0109
83 200 -20.3708 1 0.0223
84 200 -16.9418 1 0.0076
85 200 -8.9879 1 0.0245
86 200 -4.0048 1 0.0137
87 200 6.1325 1 0.0306
76 201 -15.2390 0 0.2980
77 201 -19.8970 0 0.1960
78 201 -23.7407 1 0.0501
79 201 -26.4007 1 0.0032
80 201 -27.6625 1 0.0007
81 201 -27.1808 1 0.0142
82 201 -25.2710 1 0.0137
83 201 -21.4164 1 0.0152
84 201 -16.5212 1 0.0049
85 201 -10.7894 1 0.0082
86 201 -4.0723 1 0.0497
87 201 3.5886 1 0.0091
88 201 11.9368 1 0.0203
76 202 -13.0870 0 0.4010
77 202 -16.7760 0 0.2980
78 202 -22.6921 1 0.0251
79 202 -24.3530 1 0.0233
80 202 -27.3453 1 0.0007
81 202 -25.9802 1 0.0016
82 202 -25.9406 1 0.0038
83 202 -20.7415 1 0.0154
84 202 -17.9416 1 0.0087
85 202 -10.5907 1 0.0280
86 202 -6.2746 1 0.0175
87 202 3.0962 1 0.0070
88 202 9.0749 1 0.0150
76 203 -7.6400 0 0.4010
77 203 -14.6900 0 0.4010
78 203 -19.6270 0 0.1960
79 203 -23.1434 1 0.0031
80 203 -25.2693 1 0.0016
81 203 -25.7614 1 0.0012
82 203 -24.7866 1 0.0066
83 203 -21.5248 1 0.0128
84 203 -17.3109 1 0.0087
85 203 -12.1626 1 0.0106
86 203 -6.1537 1 0.0182
87 203 0.8764 1 0.0062
88 203 8.6617 1 0.0381
77 204 -9.6880 0 0.4010
78 204 -17.9220 0 0.1960
79 204 -20.6500 0 0.2000
80 204 -24.6901 1 0.0005
81 204 -24.3461 1 0.0012
82 204 -25.1099 1 0.0011
83 204 -20.6459 1 0.0092
84 204 -18.3412 1 0.0110
85 204 -11.8754 1 0.0223
86 204 -7.9702 1 0.0074
87 204 0.6073 1 0.0246
88 204 6.0568 1 0.0153
77 205 -5.9600 0 0.5030
78 205 -12.9660 0 0.2980
79 205 -18.7700 0 0.1960
80 205 -22.2877 1 0.0037
81 205 -23.8209 1 0.0012
82 205 -23.7702 1 0.0011
83 205 -21.0645 1 0.0051
84 205 -17.5214 1 0.0101
85 205 -12.9719 1 0.0151
86 205 -7.7098 1 0.0051
87 205 -1.3098 1 0.0078
88 205 5.8390 1 0.0705
89 205 14.1067 1 0.0508
78 206 -9.6320 0 0.2980
79 206 -14.2150 0 0.2980
80 206 -20.9458 1 0.0204
81 206 -22.2534 1 0.0013
82 206 -23.7856 1 0.0011
83 206 -20.0283 1 0.0076
84 206 -18.1887 1 0.0040
85 206 -12.4297 1 0.0151
86 206 -9.1330 1 0.0086
87 206 -1.2424 1 0.0282
88 206 3.5655 1 0.0180
89 206 13.4795 1 0.0505
78 207 -4.5400 0 0.4010
79 207 -10.8100 0 0.3000
80 207 -16.4874 1 0.0298
81 207 -21.0345 1 0.0054
82 207 -22.4520 1 0.0011
83 207 -20.0546 1 0.0024
84 207 -17.1458 1 0.0067
85 207 -13.2274 1 0.0124
86 207 -8.6348 1 0.0085
87 207 -2.8443 1 0.0175
88 207 3.5445 1 0.0532
89 207 11.1462 1 0.0504
78 208 -0.9900 0 0.4000
79 208 -6.1010 0 0.2980
80 208 -13.2654 1 0.0307
81 208 -16.7501 1 0.0019
82 208 -21.7486 1 0.0011
83 208 -18.8702 1 0.0023
84 208 -17.4696 1 0.0017
85 208 -12.4699 1 0.0089
86 208 -9.6556 1 0.0111
87 208 -2.6659 1 0.0118
88 208 1.7279 1 0.0090
89 208 10.7532 1 0.0557
90 208 16.6837 1 0.0342
79 209 -2.5400 0 0.4000
80 209 -8.6440 0 0.1490
81 209 -13.6448 1 0.0061
82 209 -17.6146 1 0.0017
83 209 -18.2587 1 0.0014
84 209 -16.3661 1 0.0018
85 209 -12.8826 1 0.0051
86 209 -8.9410 1 0.0100
87 209 -3.7696 1 0.0146
88 209 1.8582 1 0.0057
89 209 8.8438 1 0.0506
90 209 16.3670 0 0.1400
79 210 2.3290 0 0.4010
80 210 -5.3650 0 0.1960
81 210 -9.2470 1 0.0116
82 210 -14.7285 1 0.0014
83 210 -14.7920 1 0.0014
84 210 -15.9531 1 0.0011
85 210 -11.9722 1 0.0077
86 210 -9.6048 1 0.0046
87 210 -3.3332 1 0.0152
88 210 0.4428 1 0.0092
89 210 8.7897 1 0.0574
90 210 14.0594 1 0.0189
80 211 -0.6240 0 0.1960
81 211 -6.0780 1 0.0419
82 211 -10.4929 1 0.0023
83 211 -11.8591 1 0.0054
84 211 -12.4326 1 0.0013
85 211 -11.6473 1 0.0027
86 211 -8.7554 1 0.0068
87 211 -4.1402 1 0.0120
88 211 0.8320 1 0.0079
89 211 7.2022 1 0.0530
90 211 13.9102 1 0.0730
91 211 22.0800 0 0.1020
80 212 2.7570 0 0.2980
81 212 -1.5510 0 0.2000
82 212 -7.5489 1 0.0018
83 212 -8.1180 1 0.0019
84 212 -10.3695 1 0.0012
85 212 -8.6282 1 0.0024
86 212 -8.6596 1 0.0031
87 212 -3.5160 1 0.0088
88 212 -0.1990 1 0.0113
89 212 7.2773 1 0.0514
90 212 12.1108 1 0.0101
91 212 21.5934 1 0.0749
80 213 7.6660 0 0.2980
81 213 1.7838 1 0.0270
82 213 -3.2035 1 0.0070
83 213 -5.2316 1 0.0051
84 213 -6.6536 1 0.0031
85 213 -6.5796 1 0.0049
86 213 -5.6960 1 0.0034
87 213 -3.5528 1 0.0051
88 213 0.3456 1 0.0098
89 213 6.1547 1 0.0153
90 213 12.1201 1 0.0092
91 213 19.6626 1 0.0711
80 214 11.1780 0 0.4010
81 214 6.4650 0 0.1960
82 214 -0.1828 1 0.0020
83 214 -1.2008 1 0.0112
84 214 -4.4700 1 0.0014
85 214 -3.3798 1 0.0043
86 214 -4.3197 1 0.0092
87 214 -0.9587 1 0.0086
88 214 0.0927 1 0.0053
89 214 6.4439 1 0.0154
90 214 10.6949 1 0.0107
91 214 19.4855 1 0.0761
80 215 16.2080 0 0.4010
81 215 9.9110 0 0.2980
82 215 4.3422 1 0.0524
83 215 1.6293 1 0.0056
84 215 -0.5417 1 0.0021
85 215 -1.2558 1 0.0068
86 215 -1.1686 1 0.0077
87 215 0.3181 1 0.0071
88 215 2.5337 1 0.0076
89 215 6.0306 1 0.0124
90 215 10.9216 1 0.0088
91 215 17.8639 1 0.0728
92 215 24.9231 1 0.0885
80 216 19.8590 0 0.4010
81 216 14.7180 0 0.2980
82 216 7.4800 0 0.1960
83 216 5.8740 1 0.0112
84 216 1.7824 1 0.0018
85 216 2.2567 1 0.0036
86 216 0.2529 1 0.0060
87 216 2.9709 1 0.0042
88 216 3.2911 1 0.0087
89 216 8.1444 1 0.0108
90 216 10.2983 1 0.0120
91 216 17.7992 1 0.0535
92 216 23.0664 1 0.0281
81 217 18.3130 0 0.4010
82 217 12.2400 0 0.2980
83 217 8.7300 1 0.0177
84 217 5.8835 1 0.0065
85 217 4.3946 1 0.0050
86 217 3.6585 1 0.0042
87 217 4.3146 1 0.0065
88 217 5.8897 1 0.0072
89 217 8.7037 1 0.0114
90 217 12.2058 1 0.0106
91 217 17.0684 1 0.0159
92 217 22.9730 0 0.0710
81 218 23.1800 0 0.4000
82 218 15.4530 0 0.2980
83 218 13.2160 1 0.0270
84 218 8.3569 1 0.0020
85 218 8.0982 1 0.0116
86 218 5.2173 1 0.0023
87 218 7.0591 1 0.0048
88 218 6.6512 1 0.0112
89 218 10.8436 1 0.0507
90 218 12.3667 1 0.0105
91 218 18.6838 1 0.0183
92 218 21.8946 1 0.0137
82 219 20.2790 0 0.4010
83 219 16.2830 0 0.1960
84 219 12.6814 1 0.0158
85 219 10.3961 1 0.0032
86 219 8.8294 1 0.0021
87 219 8.6178 1 0.0070
88 219 9.3943 1 0.0083
89 219 11.5695 1 0.0505
90 219 14.4714 1 0.0506
91 219 18.5401 1 0.0515
92 219 23.2866 1 0.0508
93 219 29.4567 1 0.0884
82 220 23.6690 0 0.4010
83 220 20.8190 0 0.2980
84 220 15.2635 1 0.0177
85 220 14.3757 1 0.0140
86 220 10.6121 1 0.0018
87 220 11.4823 1 0.0040
88 220 10.2702 1 0.0082
89 220 13.7437 1 0.0061
90 220 14.6691 1 0.0222
91 220 20.2180 0 0.0510
92 220 22.9330 0 0.1010
93 220 30.3110 0 0.1960
83 221 24.0980 0 0.2980
84 221 19.7738 1 0.0196
85 221 16.7827 1 0.0140
86 221 14.4714 1 0.0057
87 221 13.2773 1 0.0049
88 221 12.9638 1 0.0046
89 221 14.5231 1 0.0504
90 221 16.9404 1 0.0082
91 221 20.3763 1 0.0513
92 221 24.5200 1 0.0511
93 221 29.8500 0 0.2000
83 222 28.7290 0 0.3000
84 222 22.4863 1 0.0401
85 222 20.9530 1 0.0158
86 222 16.3722 1 0.0019
87 222 16.3781 1 0.0075
88 222 14.3202 1 0.0045
89 222 16.6215 1 0.0052
90 222 17.2031 1 0.0123
91 222 22.1550 0 0.0720
92 222 24.2728 1 0.0520
93 222 31.0190 0 0.1960
83 223 32.1370 0 0.4010
84 223 27.0790 0 0.1960
85 223 23.4280 1 0.0140
86 223 20.3897 1 0.0078
87 223 18.3824 1 0.0019
88 223 17.2333 1 0.0021
89 223 17.8259 1 0.0071
90 223 19.3858 1 0.0092
91 223 22.3207 1 0.0711
92 223 25.8370 1 0.0711
93 223 30.6000 0 0.1960
83 224 36.8300 0 0.4000
84 224 29.9100 0 0.1960
85 224 27.7110 1 0.0224
86 224 22.4451 1 0.0098
87 224 21.7486 1 0.0112
88 224 18.8259 1 0.0018
89 224 20.2341 1 0.0041
90 224 19.9937 1 0.0101
91 224 23.8623 1 0.0076
92 224 25.7223 1 0.0232
93 224 31.8760 0 0.1960
84 225 34.5300 0 0.2980
85 225 30.3950 0 0.2980
86 225 26.5341 1 0.0111
87 225 23.8206 1 0.0120
88 225 21.9931 1 0.0026
89 225 21.6373 1 0.0048
90 225 22.3101 1 0.0051
91 225 24.3407 1 0.0710
92 225 27.3799 1 0.0109
93 225 31.5877 1 0.0716
84 226 37.5490 0 0.4010
85 226 34.6140 0 0.2980
86 226 28.7472 1 0.0105
87 226 27.5205 1 0.0062
88 226 23.6678 1 0.0019
89 226 24.3093 1 0.0031
90 226 23.1976 1 0.0045
91 226 26.0333 1 0.0114
92 226 27.3289 1 0.0130
93 226 32.7770 0 0.0880
84 227 42.2810 0 0.4010
85 227 37.4830 0 0.2980
86 227 32.8858 1 0.0141
87 227 29.6824 1 0.0059
88 227 27.1777 1 0.0020
89 227 25.8496 1 0.0019
90 227 25.8048 1 0.0021
91 227 26.8312 1 0.0074
92 227 29.0455 1 0.0097
93 227 32.5621 1 0.0725
94 227 36.7700 0 0.1000
85 228 41.6840 0 0.4010
86 228 35.2435 1 0.0177
87 228 33.3842 1 0.0067
88 228 28.9403 1 0.0020
89 228 28.8947 1 0.0021
90 228 26.7710 1 0.0018
91 228 28.9236 1 0.0043
92 228 29.2222 1 0.0144
93 228 33.5957 1 0.0506
94 228 36.0874 1 0.0291
85 229 44.8230 0 0.4010
86 229 39.3624 1 0.0130
87 229 35.6683 1 0.0050
88 229 32.5620 1 0.0154
89 229 30.6899 1 0.0121
90 229 29.5856 1 0.0024
91 229 29.8969 1 0.0033
92 229 31.2106 1 0.0059
93 229 33.7797 1 0.0868
94 229 37.3956 1 0.0512
95 229 42.1500 1 0.0873
86 230 42.0480 0 0.1960
87 230 39.4868 1 0.0065
88 230 34.5163 1 0.0103
89 230 33.8384 1 0.0158
90 230 30.8626 1 0.0012
91 230 32.1736 1 0.0030
92 230 31.6150 1 0.0045
93 230 35.2363 1 0.0513
94 230 36.9344 1 0.0148
95 230 42.9320 0 0.1330
86 231 46.4540 0 0.2980
87 231 42.0806 1 0.0077
88 231 38.2165 1 0.0114
89 231 35.7628 1 0.0130
90 231 33.8159 1 0.0012
91 231 33.4244 1 0.0018
92 231 33.8060 1 0.0027
93 231 35.6245 1 0.0505
94 231 38.3090 1 0.0225
95 231 42.4100 0 0.3000
96 231 47.2700 0 0.3000
87 232 46.0728 1 0.0140
88 232 40.4970 1 0.0092
89 232 39.1544 1 0.0130
90 232 35.4468 1 0.0014
91 232 35.9466 1 0.0076
92 232 34.6095 1 0.0018
93 232 37.3600 0 0.1000
94 232 38.3631 1 0.0176
95 232 43.3400 0 0.3000
96 232 46.3120 0 0.2020
87 233 48.9201 1 0.0196
88 233 44.3341 1 0.0086
89 233 41.3080 1 0.0130
90 233 38.7317 1 0.0014
91 233 37.4895 1 0.0013
92 233 36.9192 1 0.0023
93 233 37.9486 1 0.0510
94 233 40.0518 1 0.0504
95 233 43.2630 0 0.1020
96 233 47.2940 1 0.0715
97 233 52.8610 0 0.2240
88 234 46.9306 1 0.0084
89 234 44.8412 1 0.0140
90 234 40.6130 1 0.0026
91 234 40.3389 1 0.0041
92 234 38.1450 1 0.0011
93 234 39.9549 1 0.0084
94 234 40.3500 1 0.0068
95 234 44.4610 0 0.1590
96 234 46.7246 1 0.0174
97 234 53.4550 0 0.1420
88 235 51.1300 0 0.3000
89 235 47.3572 1 0.0140
90 235 44.0177 1 0.0130
91 235 42.2889 1 0.0140
92 235 40.9188 1 0.0011
93 235 41.0431 1 0.0014
94 235 42.1824 1 0.0205
95 235 44.6254 1 0.0522
96 235 48.0340 0 0.2010
97 235 52.7040 0 0.4010
89 236 51.2210 1 0.0382
90 236 46.2552 1 0.0140
91 236 45.3339 1 0.0140
92 236 42.4446 1 0.0011
93 236 43.3782 1 0.0504
94 236 42.9016 1 0.0018
95 236 46.0410 0 0.1120
96 236 47.8550 1 0.0183
97 236 53.5420 0 0.4010
89 237 54.0200 0 0.4000
90 237 49.9551 1 0.0158
91 237 47.5276 1 0.0130
92 237 45.3902 1 0.0012
93 237 44.8717 1 0.0011
94 237 45.0917 1 0.0017
95 237 46.5700 0 0.0590
96 237 49.2471 1 0.0710
97 237 53.1880 0 0.2240
98 237 57.9389 1 0.0873
90 238 52.5250 0 0.2830
91 238 50.8940 1 0.0158
92 238 47.3078 1 0.0015
93 238 47.4547 1 0.0011
94 238 46.1632 1 0.0011
95 238 48.4215 1 0.0507
96 238 49.4452 1 0.0122
97 238 54.2160 0 0.2550
98 238 57.2780 0 0.2980
90 239 56.4500 0 0.4000
91 239 53.3370 0 0.1960
92 239 50.5727 1 0.0015
93 239 49.3111 1 0.0013
94 239 48.5883 1 0.0011
95 239 49.3904 1 0.0020
96 239 51.1470 1 0.0540
97 239 54.2500 0 0.2070
98 239 58.2690 0 0.2090
99 239 63.5560 0 0.2980
91 240 56.9100 0 0.2000
92 240 52.7155 1 0.0026
93 240 52.3163 1 0.0170
94 240 50.1254 1 0.0011
95 240 51.5102 1 0.0138
96 240 51.7243 1 0.0019
97 240 55.6640 0 0.1500
98 240 57.9909 1 0.0187
99 240 64.1990 0 0.4010
91 241 59.6400 0 0.3000
92 241 56.1970 0 0.1960
93 241 54.2602 1 0.0707
94 241 52.9552 1 0.0011
95 241 52.9344 1 0.0011
96 241 53.7018 1 0.0016
97 241 56.0320 0 0.2000
98 241 59.3270 0 0.1660
99 241 63.8630 0 0.2250
100 241 69.1260 0 0.2980
92 242 58.6200 0 0.2010
93 242 57.4169 1 0.2000
94 242 54.7169 1 0.0012
95 242 55.4681 1 0.0011
96 242 54.8038 1 0.0011
97 242 57.7340 0 0.2000
98 242 59.3870 1 0.0129
99 242 64.8010 0 0.2560
100 242 68.4000 0 0.4010
92 243 62.3600 0 0.3000
93 243 59.8760 0 0.0320
94 243 57.7546 1 0.0025
95 243 57.1750 1 0.0014
96 243 57.1820 1 0.0015
97 243 58.6897 1 0.0045
98 243 60.9900 0 0.1140
99 243 64.7470 0 0.2070
100 243 69.3870 0 0.2150
93 244 63.2020 0 0.2980
94 244 59.8060 1 0.0023
95 244 59.8792 1 0.0015
96 244 58.4519 1 0.0011
97 244 60.7139 1 0.0144
98 244 61.4782 1 0.0026
99 244 66.0260 0 0.1810
100 244 68.9660 0 0.2010
93 245 65.8900 0 0.3000
94 245 63.1782 1 0.0136
95 245 61.9005 1 0.0019
96 245 61.0046 1 0.0011
97 245 61.8138 1 0.0018
98 245 63.3852 1 0.0024
99 245 66.3660 0 0.2000
100 245 70.1870 0 0.1950
101 245 75.2720 0 0.3050
94 246 65.3948 1 0.0150
95 246 64.9940 0 0.0180
96 246 62.6170 1 0.0015
97 246 63.9670 1 0.0600
98 246 64.0903 1 0.0015
99 246 67.9010 0 0.2240
100 246 70.1888 1 0.0153
101 246 76.1150 0 0.2590
94 247 69.1080 0 0.1960
95 247 67.1530 0 0.1000
96 247 65.5331 1 0.0038
97 247 65.4896 1 0.0052
98 247 66.1039 1 0.0153
99 247 68.5784 1 0.0194
100 247 71.6730 0 0.1150
101 247 75.9370 0 0.2070
95 248 70.5630 0 0.2000
96 248 67.3928 1 0.0024
97 248 68.0800 0 0.0710
98 248 67.2380 1 0.0051
99 248 70.2990 0 0.0520
100 248 71.8979 1 0.0085
101 248 77.1480 0 0.2370
102 248 80.6210 0 0.2240
95 249 73.1040 0 0.2980
96 249 70.7507 1 0.0024
97 249 69.8464 1 0.0012
98 249 69.7228 1 0.0012
99 249 71.1750 0 0.0300
100 249 73.5192 1 0.0062
101 249 77.2320 0 0.2010
102 249 81.7820 0 0.2790
96 250 72.9896 1 0.0103
97 250 72.9500 1 0.0037
98 250 71.1704 1 0.0015
99 250 73.2250 0 0.1000
100 250 74.0722 1 0.0079
101 250 78.6300 0 0.3010
102 250 81.5640 0 0.2010
96 251 76.6480 1 0.0227
97 251 75.2280 1 0.0107
98 251 74.1350 1 0.0039
99 251 74.5123 1 0.0060
100 251 75.9539 1 0.0152
101 251 78.9667 1 0.0189
102 251 82.8490 0 0.1140
103 251 87.7280 0 0.2980
96 252 79.0560 0 0.2980
97 252 78.5350 0 0.2000
98 252 76.0346 1 0.0024
99 252 77.2946 1 0.0501
100 252 76.8156 1 0.0055
101 252 80.5100 0 0.1300
102 252 82.8714 1 0.0093
103 252 88.7370 0 0.2380
97 253 80.9290 0 0.3590
98 253 79.3016 1 0.0043
99 253 79.0105 1 0.0013
100 253 79.3457 1 0.0029
101 253 81.1730 0 0.0310
102 253 84.3587 1 0.0069
103 253 88.5750 0 0.2020
104 253 93.5570 0 0.4100
97 254 84.3930 0 0.2980
98 254 81.3414 1 0.0115
99 254 81.9906 1 0.0040
100 254 80.9028 1 0.0024
101 254 83.4530 0 0.1000
102 254 84.7233 1 0.0097
103 254 89.8710 0 0.3010
104 254 93.1990 0 0.2830
98 255 84.8090 0 0.2000
99 255 84.0893 1 0.0108
100 255 83.7997 1 0.0043
101 255 84.8431 1 0.0066
102 255 86.8072 1 0.0149
103 255 89.9473 1 0.0177
104 255 94.3300 0 0.1150
105 255 99.5930 0 0.3590
98 256 87.0410 0 0.3140
99 256 87.1870 0 0.1000
100 256 85.4868 1 0.0056
101 256 87.4560 0 0.1220
102 256 87.8221 1 0.0077
103 256 91.7466 1 0.0829
104 256 94.2220 1 0.0178
105 256 100.4980 0 0.2400
99 257 89.4030 0 0.4110
100 257 88.5900 1 0.0045
101 257 88.9931 1 0.0016
102 257 90.2473 1 0.0067
103 257 92.6650 0 0.0440
104 257 95.8664 1 0.0108
105 257 100.2070 0 0.2030
99 258 92.7020 0 0.4010
100 258 90.4260 0 0.2000
101 258 91.6868 1 0.0044
102 258 91.4780 0 0.1000
103 258 94.7820 0 0.1020
104 258 96.3410 1 0.0320
105 258 101.7970 0 0.3050
106 258 105.2440 0 0.4130
100 259 93.7040 0 0.2830
101 259 93.6240 0 0.2000
102 259 94.0786 1 0.0066
103 259 95.8520 0 0.0710
104 259 98.3620 0 0.0720
105 259 101.9910 1 0.0530
106 259 106.5200 0 0.1150
100 260 95.7660 0 0.4350
101 260 96.5520 0 0.3160
102 260 95.6120 0 0.2000
103 260 98.2770 0 0.1240
104 260 99.1470 0 0.2000
105 260 103.6730 0 0.0930
106 260 106.5476 1 0.0205
107 260 113.3230 0 0.2450
101 261 98.5780 0 0.5090
102 261 98.4550 0 0.2000
103 261 99.5580 0 0.2000
104 261 101.3186 1 0.0504
105 261 104.3080 0 0.1100
106 261 108.0050 1 0.0185
107 261 113.1330 0 0.2090
101 262 101.6270 0 0.5000
102 262 100.1010 0 0.3610
103 262 102.1020 0 0.2000
104 262 102.3930 0 0.2240
105 262 106.2530 0 0.1430
106 262 108.3658 1 0.0354
107 262 114.5410 0 0.3060
102 263 103.1290 0 0.4900
103 263 103.7290 0 0.2830
104 263 104.7560 0 0.1530
105 263 107.1110 0 0.1680
106 263 110.1900 0 0.0950
107 263 114.4960 0 0.3050
108 263 119.6780 0 0.1250
102 264 105.0110 0 0.5910
103 264 106.3770 0 0.4360
104 264 106.0770 0 0.3610
105 264 109.3620 0 0.2350
106 264 110.7820 0 0.2830
107 264 116.0580 0 0.1770
108 264 119.5632 1 0.0289
103 265 108.2330 0 0.5470
104 265 108.6900 0 0.3610
105 265 110.4830 0 0.2240
106 265 112.7940 0 0.1230
107 265 116.4150 0 0.2340
108 265 120.9003 1 0.0240
109 265 126.6780 0 0.4510
103 266 111.6220 0 0.5830
104 266 110.0760 0 0.4690
105 266 112.7370 0 0.2830
106 266 113.6180 0 0.2450
107 266 118.1040 0 0.1630
108 266 121.1364 1 0.0387
109 266 127.9620 0 0.3070
104 267 113.4440 0 0.5750
105 267 114.0740 0 0.4120
106 267 115.8060 0 0.2570
107 267 118.7660 0 0.2630
108 267 122.6530 0 0.0960
109 267 127.7910 0 0.5030
110 267 133.8800 0 0.1350
104 268 115.4760 0 0.6620
105 268 117.0620 0 0.5290
106 268 116.8020 0 0.4690
107 268 120.8070 0 0.3810
108 268 122.8300 0 0.2830
109 268 129.1510 0 0.2330
110 268 133.6480 0 0.3010
105 269 119.1480 0 0.6240
106 269 119.7630 0 0.3640
107 269 121.4780 0 0.3740
108 269 124.5640 0 0.1240
109 269 129.3700 0 0.4630
110 269 134.8347 1 0.0314
105 270 122.3070 0 0.6170
106 270 121.4910 0 0.5570
107 270 124.2260 0 0.2870
108 270 125.1120 0 0.2480
109 270 130.7100 0 0.1700
110 270 134.6783 1 0.0480
106 271 124.7570 0 0.5850
107 271 125.9210 0 0.4150
108 271 127.7400 0 0.2800
109 271 131.1010 0 0.3300
110 271 135.9480 0 0.0970
106 272 126.5800 0 0.7270
107 272 128.7890 0 0.5320
108 272 129.0060 0 0.5100
109 272 133.5810 0 0.4850
110 272 136.0150 0 0.4130
111 272 142.7730 0 0.2330
106 273 130.0180 0 0.5030
107 273 130.6330 0 0.6920
108 273 131.8900 0 0.3670
109 273 134.7130 0 0.4240
110 273 138.3560 0 0.1340
111 273 142.6950 0 0.5260
107 274 133.6820 0 0.6190
108 274 133.4860 0 0.5920
109 274 137.2460 0 0.3540
110 274 139.1970 0 0.3890
111 274 144.6130 0 0.1770
107 275 135.6910 0 0.5960
108 275 136.6200 0 0.5870
109 275 138.8290 0 0.4180
110 275 141.5650 0 0.4100
111 275 145.2960 0 0.5190
108 276 138.2850 0 0.7540
109 276 141.3150 0 0.5320
110 276 142.5410 0 0.5480
111 276 147.4860 0 0.6290
112 276 150.3520 0 0.5960
108 277 141.4930 0 0.5410
109 277 142.9680 0 0.6990
110 277 145.1400 0 0.3840
111 277 148.3380 0 0.5200
112 277 152.4030 0 0.1430
109 278 145.7360 0 0.6210
110 278 146.3810 0 0.6250
111 278 150.5170 0 0.3570
112 278 152.9320 0 0.4380
113 278 158.8890 0 0.1840
109 279 147.4960 0 0.6670
110 279 149.1260 0 0.5980
111 279 151.7750 0 0.4210
112 279 155.0300 0 0.4560
113 279 159.2390 0 0.6990
110 280 150.5200 0 0.7800
111 280 153.8860 0 0.5320
112 280 155.6960 0 0.5830
113 280 161.1400 0 0.4000
110 281 153.4310 0 0.5790
111 281 155.2970 0 0.8060
112 281 158.0190 0 0.3870
113 281 161.8100 0 0.3000
111 282 157.8000 0 0.6540
112 282 158.9760 0 0.6560
113 282 163.7250 0 0.3610
111 283 159.2810 0 0.6970
112 283 161.4860 0 0.6080
113 283 164.7070 0 0.4360
112 284 162.5450 0 0.8060
113 284 166.5910 0 0.5340
114 284 168.9210 0 0.6560
112 285 165.1730 0 0.5810
113 285 167.7310 0 0.8070
114 285 171.0030 0 0.3910
113 286 170.0140 0 0.6560
114 286 171.7730 0 0.6570
113 287 171.2450 0 0.7250
114 287 174.0730 0 0.6100
115 287 177.8950 0 0.4390
114 288 175.0420 0 0.8060
115 288 179.7710 0 0.5360
114 289 177.5640 0 0.5840
115 289 180.6660 0 0.8090
116 289 184.5280 0 0.4920
115 290 182.8940 0 0.6580
116 290 185.1980 0 0.6600
115 291 183.9900 0 0.7840
116 291 187.3870 0 0.6120
117 291 191.8000 0 0.5940
116 292 188.2420 0 0.8060
117 292 193.5760 0 0.6690
116 293 190.6690 0 0.5860
117 293 194.3850 0 0.8100
118 293 198.8730 0 0.7020
117 294 196.5210 0 0.6600
118 294 199.4630 0 0.6630
118 295 201.5120 0 0.6440
