# PACE2_2009.DATA
#
# This is the same as pace2_2001.data except the format is much simpler to read :)
# Each line is:
#  Z   A    MassExcess (keV)
#
0     1     8071.37
1     1     7289.03
1     2     13135.8
1     3     14949.9
2     3     14931.3
2     4     2424.91
2     5     11386
2     6     17592.2
2     7     26110.3
2     8     31598
3     5     11678
3     6     14085.4
3     7     14906.7
3     8     20945.3
3     9     24953.8
3     10     33835
3     11     40910
4     6     18373.5
4     7     15768.6
4     8     4941.6
4     9     11347.5
4     10     12606.8
4     11     20175.3
4     12     25076.7
5     7     27869.1
5     8     22920.1
5     9     12415.7
5     10     12050
5     11     8667.1
5     12     13369.3
5     13     16561
5     14     23663.7
5     15     28964.6
6     8     35094.8
6     9     28913.1
6     10     15700.4
6     11     10649.2
6     12     0.1
6     13     3125.03
6     14     3019.91
6     15     9873.1
6     16     13694.1
6     17     21025
6     18     24907.7
6     19     33332
7     11     24912
7     12     17338
7     13     5345.52
7     14     2863.43
7     15     101.49
7     16     5681.8
7     17     7870.7
7     18     13251.6
7     19     15866.9
7     20     22099.5
7     21     25251.2
7     22     32038.7
8     12     32063.4
8     13     23110.8
8     14     8006.47
8     15     2855.4
8     16     -4737.05
8     17     -809.5
8     18     -782.2
8     19     3332
8     20     3799.5
8     21     8062.91
8     22     9443.1
8     23     14613
8     24     19070.4
9     15     16772.7
9     16     10679.5
9     17     1951.5
9     18     872.9
9     19     -1487.4
9     20     -17
9     21     -47.9
9     22     2826
9     23     3354.4
9     24     8750.3
9     25     12541.2
10     16     24020.3
10     17     16482.8
10     18     5319.1
10     19     1750.9
10     20     -7046.2
10     21     -5735.3
10     22     -8026.5
10     23     -5155.5
10     24     -5949.6
10     25     -2155.8
10     26     440
10     27     6554.4
11     19     12929
11     20     6840.5
11     21     -2189
11     22     -5184.5
11     23     -9531.3
11     24     -8419.4
11     25     -9358.7
11     26     -6905
11     27     -5645.5
11     28     -1149.8
11     29     2629.3
11     30     8368
11     31     11804.7
11     32     16705
11     33     21445.8
11     34     26811.8
12     20     17571.4
12     21     10914
12     22     -396.5
12     23     -5472.9
12     24     -13933
12     25     -13192.3
12     26     -16213.9
12     27     -14586.5
12     28     -15018.6
12     29     -10722
12     30     -9728
12     31     -3894.4
12     32     -1779
12     33     3848.2
12     34     6963.6
12     35     13262
13     23     6767.8
13     24     -54.7
13     25     -8915.3
13     26     -12209.2
13     27     -17196.6
13     28     -16850.4
13     29     -18214.8
13     30     -15894.3
13     31     -15094.4
13     32     -11379
13     33     -9269.4
13     34     -4360.7
13     35     -1137.9
13     36     4111.5
14     24     10766.3
14     25     3827.8
14     26     -7144.1
14     27     -12385.1
14     28     -21492.2
14     29     -21894.6
14     30     -24432.9
14     31     -22949.9
14     32     -24079
14     33     -20569.4
14     34     -19860.7
14     35     -14837.9
14     36     -12664
14     37     -6997.1
14     38     -4562.2
15     26     11255.8
15     27     -752.9
15     28     -7160.4
15     29     -16950.3
15     30     -20206.9
15     31     -24440.6
15     32     -24305.7
15     33     -26337.4
15     34     -24560.7
15     35     -24937
15     36     -20888.4
15     37     -19097.1
15     38     -14562.2
15     39     -12303.8
15     40     -7640.6
16     28     4199.5
16     29     -3156.9
16     30     -14062.9
16     31     -19045
16     32     -26016
16     33     -26586.4
16     34     -29932.2
16     35     -28846.9
16     36     -30664.4
16     37     -26897.1
16     38     -26862.2
16     39     -23003.8
16     40     -22519.6
16     41     -17868.2
16     42     -16422.7
17     30     4837
17     31     -7065.2
17     32     -13329.5
17     33     -21003.8
17     34     -24439.8
17     35     -29013.7
17     36     -29522
17     37     -31761.8
17     38     -29798.2
17     39     -29803.8
17     40     -27540.6
17     41     -27398.2
17     42     -24422.7
17     43     -23133.4
17     44     -20010.4
18     32     -2179
18     33     -9380.2
18     34     -18379.2
18     35     -23048.8
18     36     -30231.3
18     37     -30947.9
18     38     -34714.8
18     39     -33241.8
18     40     -35040.6
18     41     -33068.2
18     42     -34422.7
18     43     -31977.2
18     44     -32269.5
18     45     -29720.1
18     46     -29716.7
19     34     -1479.2
19     35     -11168.4
19     36     -17425.9
19     37     -24799.3
19     38     -28801.7
19     39     -33806.8
19     40     -33535.9
19     41     -35560.4
19     42     -35023.8
19     43     -36591.6
19     44     -35810.4
19     45     -36611.1
19     46     -35418.7
19     47     -35696.7
19     48     -32123
20     36     -6440
20     37     -13160
20     38     -22060.5
20     39     -27276.2
20     40     -34847.5
20     41     -35139
20     42     -38547
20     43     -38408.6
20     44     -41469.3
20     45     -40812.8
20     46     -43138.1
20     47     -42342.8
20     48     -44214.6
20     49     -41290
20     50     -39569.9
20     51     -35937
21     38     -4460.5
21     39     -14076.2
21     40     -20527.8
21     41     -28644
21     42     -32123.2
21     43     -36187.9
21     44     -37814.6
21     45     -41069.5
21     46     -41758.8
21     47     -44331.1
21     48     -44496.4
21     49     -46553.1
21     50     -44537.3
21     51     -43218.7
21     52     -40139.3
22     40     -9147.8
22     41     -15700
22     42     -25122.6
22     43     -29321.3
22     44     -37549.7
22     45     -39006.8
22     46     -44125.4
22     47     -44931.7
22     48     -48486.9
22     49     -48557.8
22     50     -51426.1
22     51     -49727.1
22     52     -49464.3
22     53     -46827
22     54     -45330.7
23     42     -8122.6
23     43     -18021.3
23     44     -23849.7
23     45     -31874.7
23     46     -37075
23     47     -42005.1
23     48     -44471.9
23     49     -47955.9
23     50     -49219.4
23     51     -52199.4
23     52     -51439.3
23     53     -51847
23     54     -49889.1
23     55     -49149.7
23     56     -46208.1
24     44     -13219.7
24     45     -19461.8
24     46     -29465
24     47     -34553.4
24     48     -42817.9
24     49     -45328.5
24     50     -50257.5
24     51     -51448
24     52     -55414.9
24     53     -55283.1
24     54     -56930.7
24     55     -55105.7
24     56     -55290.9
24     57     -52787.3
24     58     -52051.9
25     46     -12475
25     47     -22853.4
25     48     -29171.9
25     49     -37610.6
25     50     -42625.6
25     51     -48239.3
25     52     -50703.1
25     53     -54686.9
25     54     -55553.6
25     55     -57708.8
25     56     -56908.1
25     57     -57487.3
25     58     -55833.3
25     59     -55477.1
25     60     -52894
26     49     -24470.5
26     50     -34472.9
26     51     -40217.4
26     52     -48331.1
26     53     -50943.3
26     54     -56250.5
26     55     -57477.1
26     56     -60603.8
26     57     -60178.6
26     58     -62151.9
26     59     -60661.6
26     60     -61404
26     61     -58926.6
26     62     -58919.8
27     51     -27217.4
27     52     -34231.1
27     53     -42638.9
27     54     -48009
27     55     -54025.6
27     56     -56037.7
27     57     -59342.1
27     58     -59844
27     59     -62226.4
27     60     -61646.6
27     61     -62897
27     62     -61423.4
27     63     -61838.9
27     64     -59791.3
27     65     -59159.5
28     53     -29408.9
28     54     -39207.2
28     55     -45329.6
28     56     -53901.3
28     57     -56077.1
28     58     -60224.7
28     59     -61153.3
28     60     -64470.2
28     61     -64219.1
28     62     -66745.4
28     63     -65512.5
28     64     -67097.9
28     65     -65124.8
28     66     -66021
28     67     -63743.6
28     68     -63478.6
29     55     -31529.6
29     56     -38501.3
29     57     -47377.1
29     58     -51662.1
29     59     -56352.7
29     60     -58343.3
29     61     -61980.4
29     62     -62796.4
29     63     -65578.4
29     64     -65423
29     65     -67261.2
29     66     -66256.6
29     67     -67303
29     68     -65556.3
29     69     -65744.4
29     70     -62983.1
30     57     -32607.1
30     58     -42204.7
30     59     -47232.7
30     60     -54184.7
30     61     -56341.8
30     62     -61168.8
30     63     -62210.9
30     64     -66000.9
30     65     -65909.3
30     66     -68898.4
30     67     -67879
30     68     -70005.8
30     69     -68416.7
30     70     -69560.7
30     71     -67324.6
30     72     -68133.5
30     73     -65003.9
30     74     -65570.5
30     75     -62364.9
30     76     -62464.4
30     77     -58915.3
30     78     -57962.7
31     61     -47541.8
31     62     -51997.8
31     63     -56690.9
31     64     -58836.1
31     65     -62653.6
31     66     -63723.4
31     67     -66878
31     68     -67084.7
31     69     -69322.1
31     70     -68905.9
31     71     -70141.1
31     72     -68590.7
31     73     -69703.9
31     74     -67998.5
31     75     -68464.9
31     76     -66444.4
31     77     -66415.3
31     78     -63972.7
31     79     -62755.4
31     80     -59486.9
31     81     -57974.7
32     63     -47290.9
32     64     -54426.1
32     65     -56411.9
32     66     -61621.4
32     67     -62655.2
32     68     -66977.8
32     69     -67096.9
32     70     -70561
32     71     -69905.4
32     72     -72583.6
32     73     -71294.8
32     74     -73423.5
32     75     -71857.6
32     76     -73214.4
32     77     -71215.3
32     78     -71862.7
32     79     -69525.4
32     80     -69486.9
32     81     -66294.7
32     82     -65372.6
33     65     -47311.9
33     66     -52071.4
33     67     -56645.2
33     68     -58877.8
33     69     -63080.1
33     70     -64339
33     71     -67892.8
33     72     -68228.2
33     73     -70948.6
33     74     -70861.4
33     75     -73035.9
33     76     -72291.5
33     77     -73916.2
33     78     -72815
33     79     -73635.4
33     80     -72176.1
33     81     -72524.7
33     82     -70072.6
33     83     -69877.9
33     84     -66175.4
34     67     -46855.2
34     68     -54177.8
34     69     -56292.2
34     70     -61589
34     71     -63092.8
34     72     -67897.6
34     73     -68208.7
34     74     -72215.8
34     75     -72172.1
34     76     -75255.3
34     77     -74602.8
34     78     -77029.2
34     79     -75920.2
34     80     -77760.9
34     81     -76390.7
34     82     -77591.2
34     83     -75337.9
34     84     -75947.4
34     85     -72417.2
34     86     -70541.8
35     69     -46792.2
35     70     -51189
35     71     -56492.8
35     72     -58928.2
35     73     -63630.9
35     74     -65298.5
35     75     -69162.1
35     76     -70303.3
35     77     -73238
35     78     -73455.4
35     79     -76069.6
35     80     -75890.6
35     81     -77978
35     82     -77499.6
35     83     -79004.9
35     84     -77775.4
35     85     -78607.2
35     86     -75641.8
35     87     -73875.8
35     88     -70716.7
35     89     -68218.1
35     90     -64263.8
36     71     -46292.8
36     72     -53871.2
36     73     -56893
36     74     -62018.5
36     75     -64162.1
36     76     -68971.3
36     77     -70231
36     78     -74150.1
36     79     -74438.9
36     80     -77894.1
36     81     -77697.2
36     82     -80592.1
36     83     -79982.3
36     84     -82429.7
36     85     -81477.2
36     86     -83261.8
36     87     -80705.8
36     88     -79686.7
36     89     -76718.1
36     90     -74963.8
36     91     -71385
36     92     -68663.4
36     93     -64110.5
37     74     -52073.7
37     75     -57554.2
37     76     -60808.7
37     77     -65126.2
37     78     -67126.3
37     79     -70913.1
37     80     -72187.3
37     81     -75460.3
37     82     -76208.4
37     83     -79019.5
37     84     -79747.8
37     85     -82164.6
37     86     -82743.5
37     87     -84591.9
37     88     -82597.5
37     89     -81708.1
37     90     -79353.8
37     91     -77805
37     92     -74823.4
37     93     -72640.5
37     94     -68649
37     95     -65728.4
37     96     -61136.1
37     97     -58151.1
37     98     -54059.6
37     99     -50556.6
38     77     -57832.2
38     78     -63650.1
38     79     -65760.7
38     80     -70190.2
38     81     -71470.3
38     82     -75997.6
38     83     -76766.1
38     84     -80640.6
38     85     -81096.1
38     86     -84517.4
38     87     -84874.2
38     88     -87915.8
38     89     -86208.7
38     90     -85940.2
38     91     -83664.5
38     92     -82943.9
38     93     -80105.6
38     94     -78837.9
38     95     -75043.7
38     96     -72906.7
38     97     -68763.9
38     98     -66539.1
38     99     -62271.3
38     100     -60253
39     79     -58313.1
39     80     -61490.2
39     81     -65955.3
39     82     -68177.6
39     83     -72355.1
39     84     -74170.6
39     85     -77836.1
39     86     -79277.4
39     87     -83013.1
39     88     -84293.2
39     89     -87700.7
39     90     -86486.4
39     91     -86349.1
39     92     -84835.5
39     93     -84231.8
39     94     -82349.5
39     95     -81215.1
39     96     -78320.1
39     97     -76252.9
39     98     -72400
39     99     -70201.3
39     100     -66853
39     101     -64386.2
40     81     -58795.3
40     82     -64177.6
40     83     -66346.1
40     84     -71440.6
40     85     -73146.1
40     86     -77977.4
40     87     -79347.1
40     88     -83625.1
40     89     -84866.8
40     90     -88769.2
40     91     -87894.2
40     92     -88458
40     93     -87120.7
40     94     -87269
40     95     -85660.3
40     96     -85443
40     97     -82950.8
40     98     -81290.8
40     99     -77771.3
40     100     -76653
40     101     -73106.2
40     102     -71761.5
40     103     -67619.1
41     84     -79399.5
41     85     -66736.1
41     86     -69577.4
41     87     -74178.1
41     88     -76425.1
41     89     -80623.1
41     90     -82658.2
41     91     -86639.1
41     92     -86452
41     93     -87210.7
41     94     -86368.9
41     95     -86784.3
41     96     -85605.8
41     97     -85609
41     98     -83528.7
41     99     -82331.3
41     100     -79983
41     101     -78886.2
41     102     -76351.5
41     103     -75119.1
41     104     -71776.1
41     105     -69734.8
42     87     -67440.1
42     88     -72825.1
42     89     -75004.8
42     90     -80171.2
42     91     -82200.6
42     92     -86809
42     93     -86804.8
42     94     -88414
42     95     -87709.9
42     96     -88792.8
42     97     -87542.8
42     98     -88113.9
42     99     -85968.1
42     100     -86188.4
42     101     -83516.2
42     102     -83561.5
42     103     -80619.1
42     104     -80476.1
42     105     -76734.8
42     106     -76429
42     107     -72513.9
43     90     -70971.2
43     91     -75978.6
43     92     -78937.5
43     93     -83612
43     94     -84158
43     95     -86018.3
43     96     -85819.6
43     97     -87222.5
43     98     -86430.6
43     99     -87325.1
43     100     -86018.1
43     101     -86326.4
43     102     -84600.1
43     103     -84619.1
43     104     -82476.1
43     105     -82234.8
43     106     -79629
43     107     -78863.9
43     108     -76020.6
43     109     -74919.1
44     92     -74409
44     93     -77292
44     94     -82563.3
44     95     -83445.8
44     96     -86067.4
44     97     -86107.5
44     98     -88225.4
44     99     -87618.7
44     100     -89220.6
44     101     -87950.8
44     102     -89099.7
44     103     -87260.8
44     104     -88096.1
44     105     -85934.8
44     106     -86329
44     107     -83713.9
44     108     -83820.6
44     109     -80819.1
44     110     -80436.3
44     111     -76917.1
45     94     -72963.3
45     95     -78335.8
45     96     -79625.9
45     97     -82597.5
45     98     -83168
45     99     -85526.4
45     100     -85590.6
45     101     -87413.3
45     102     -86763.6
45     103     -88027.4
45     104     -86955.1
45     105     -87851.6
45     106     -86368.4
45     107     -86863.9
45     108     -85020.6
45     109     -85019.1
45     110     -82936.3
45     111     -82417.1
45     112     -79728
45     113     -78841.3
46     96     -76367.4
46     97     -77797.5
46     98     -81295.4
46     99     -82164.1
46     100     -85207.1
46     101     -85431.3
46     102     -87902.6
46     103     -87455.1
46     104     -89395.4
46     105     -88418.1
46     106     -89908.8
46     107     -88373.9
46     108     -89520.6
46     109     -87603.2
46     110     -88336.3
46     111     -86017.1
46     112     -86328
46     113     -83681.3
46     114     -83573
46     115     -80394.8
46     116     -79906.7
47     98     -72668
47     99     -76734.1
47     100     -78132.1
47     101     -81221.3
47     102     -82022.6
47     103     -84785.1
47     104     -85116.7
47     105     -87075.9
47     106     -86943.9
47     107     -88407.1
47     108     -87605.3
47     109     -88719.1
47     110     -87456.9
47     111     -88217.1
47     112     -86621.5
47     113     -87041.3
47     114     -85023
47     115     -84954.8
47     116     -82521.7
47     117     -82247.9
47     118     -79580.8
47     119     -78569.5
47     120     -75766.9
47     121     -74490.8
48     100     -74107.1
48     101     -75691.3
48     102     -79602.6
48     103     -80619.4
48     104     -83990.4
48     105     -84336.9
48     106     -87131.5
48     107     -86990.1
48     108     -89259.6
48     109     -88535.2
48     110     -90350.3
48     111     -89254.1
48     112     -90581
48     113     -89051.3
48     114     -90023
48     115     -88094.8
48     116     -88721.7
48     117     -86417.9
48     118     -86710.8
48     119     -83939.5
48     120     -83976.9
48     121     -80880.8
48     122     -80577.3
49     101     -69361.8
49     102     -70422.6
49     103     -74419.4
49     104     -75990.4
49     105     -79536.9
49     106     -80586.5
49     107     -83570.1
49     108     -84129.6
49     109     -86505.6
49     110     -86410.3
49     111     -88391.3
49     112     -87993.1
49     113     -89367.6
49     114     -88570.8
49     115     -89535.7
49     116     -88248.6
49     117     -88943
49     118     -87451.3
49     119     -87729.5
49     120     -85801.2
49     121     -85840.8
49     122     -83577.3
49     123     -83421.3
49     124     -80631.4
49     125     -80421.2
49     126     -77903.6
49     127     -77009.8
49     128     -73959.4
49     129     -73027.9
49     130     -69985.1
49     131     -68548.3
50     102     -64902.6
50     103     -67019.4
50     104     -71590.4
50     105     -73274.7
50     106     -77286.5
50     107     -78390.1
50     108     -82081.6
50     109     -82629.2
50     110     -85830.1
50     111     -85939.3
50     112     -88654.2
50     113     -88328.4
50     114     -90556.8
50     115     -90031.5
50     116     -91522.8
50     117     -90396.2
50     118     -91651.3
50     119     -90065.3
50     120     -91101.2
50     121     -89201.2
50     122     -89945.9
50     123     -87820.8
50     124     -88240
50     125     -85901.2
50     126     -86023.6
50     127     -83499.8
50     128     -83309.4
50     129     -80627.9
50     130     -80185.1
50     131     -77368.3
50     132     -76604.5
51     104     -59290.4
51     105     -64036.9
51     106     -66386.5
51     107     -70670.1
51     108     -72629.6
51     109     -76249.2
51     110     -77430.1
51     111     -80739.3
51     112     -81594.2
51     113     -84439.2
51     114     -84464.1
51     115     -87001.5
51     116     -86816.2
51     117     -88640.3
51     118     -87994.7
51     119     -89472
51     120     -88420.6
51     121     -89588.8
51     122     -88323.8
51     123     -89219.1
51     124     -87615.2
51     125     -88253.5
51     126     -86401.6
51     127     -86700.8
51     128     -84599.4
51     129     -84627.9
51     130     -82325.1
51     131     -82013.3
51     132     -79684.5
51     133     -78985.3
51     134     -74004.7
52     106     -58155
52     107     -60612.3
52     108     -65738.4
52     109     -67652.6
52     110     -72138.4
52     111     -73471.1
52     112     -77341.9
52     113     -78339.2
52     114     -81764.1
52     115     -82251.5
52     116     -85256.2
52     117     -85110.3
52     118     -87645.4
52     119     -87178
52     120     -89378.5
52     121     -88540.1
52     122     -90305.3
52     123     -89167
52     124     -90520.1
52     125     -89020.4
52     126     -90062.8
52     127     -88281.8
52     128     -88989.4
52     129     -87004.9
52     130     -87345.1
52     131     -85203.3
52     132     -85214.5
52     133     -82935.3
52     134     -82414.7
52     135     -77840.9
52     136     -74411.1
53     108     -52765.5
53     109     -57812.2
53     110     -60387.4
53     111     -64975.1
53     112     -67217.7
53     113     -71118.4
53     114     -72864.1
53     115     -76301.5
53     116     -77496.2
53     117     -80800.3
53     118     -81245.4
53     119     -83808
53     120     -83978.5
53     121     -86261.4
53     122     -86071.3
53     123     -87935.5
53     124     -87363.1
53     125     -88842.2
53     126     -87907
53     127     -88978.4
53     128     -87732.7
53     129     -88504
53     130     -86896.9
53     131     -87452.3
53     132     -85707.5
53     133     -85906.6
53     134     -83974.7
53     135     -83800.9
53     136     -79506.1
53     137     -76500.2
53     138     -72342.3
53     139     -68881.4
54     110     -51851.9
54     111     -54483.7
54     112     -59994.8
54     113     -62132.9
54     114     -66913.5
54     115     -68675.1
54     116     -72996.2
54     117     -74367.2
54     118     -78045.4
54     119     -78818
54     120     -82028.5
54     121     -82458.9
54     122     -85344.5
54     123     -85256.8
54     124     -87462.7
54     125     -87159.5
54     126     -89157.8
54     127     -88314.8
54     128     -89861
54     129     -88697.1
54     130     -89880.9
54     131     -88423.1
54     132     -89287.5
54     133     -87666.6
54     134     -88124.7
54     135     -86511.3
54     136     -86431.1
54     137     -82385.2
54     138     -80162.3
54     139     -75696.4
54     140     -73016.6
54     141     -68362.5
54     142     -65532.8
55     114     -54605.5
55     115     -59550.1
55     116     -61912.5
55     117     -66234.7
55     118     -68268.2
55     119     -72186.5
55     120     -73806.1
55     121     -77058.4
55     122     -77962.8
55     123     -81136.7
55     124     -81689.4
55     125     -84102.5
55     126     -84327.8
55     127     -86209.7
55     128     -85933.7
55     129     -87525.1
55     130     -86862.7
55     131     -88069.9
55     132     -87186.6
55     133     -88093.9
55     134     -86914.3
55     135     -87670
55     136     -86361.8
55     137     -86564.4
55     138     -82902.3
55     139     -80716.4
55     140     -77076.6
55     141     -74512.5
55     142     -70572.8
55     143     -67790
55     144     -63416
55     145     -60231
55     146     -55892
55     147     -52630.8
56     117     -56907.2
56     118     -61945.4
56     119     -63956.4
56     120     -68506.1
56     121     -70139.5
56     122     -74162.8
56     123     -75456.8
56     124     -78789.4
56     125     -79522.5
56     126     -82557.8
56     127     -82759.7
56     128     -85480.7
56     129     -85096.5
56     130     -87301.8
56     131     -86708.1
56     132     -88455.4
56     133     -87573.4
56     134     -88972.8
56     135     -87874.6
56     136     -88910.3
56     137     -87737.7
56     138     -88277.7
56     139     -84929.7
56     140     -83294.3
56     141     -79768.7
56     142     -77895
56     143     -74069.1
56     144     -71917.8
56     145     -68031.6
56     146     -65288.9
56     147     -61312
56     148     -59006.8
57     127     -77959.7
57     128     -78580.7
57     129     -81376.5
57     130     -81601.8
57     131     -83748.1
57     132     -83745.4
57     133     -85573.4
57     134     -85272.8
57     135     -86674.6
57     136     -86040.3
57     137     -87128.8
57     138     -86531.7
57     139     -87238.3
57     140     -84328.3
57     141     -82999.5
57     142     -80024.9
57     143     -78318.1
57     144     -74879.5
57     145     -72971.3
57     146     -69540.2
57     147     -67412
57     148     -63906.8
57     149     -62387.2
58     130     -79301.8
58     131     -79848.1
58     132     -82445.4
58     133     -82573.4
58     134     -84872.8
58     135     -84658.6
58     136     -86496.7
58     137     -85906.8
58     138     -87575.4
58     139     -86973.3
58     140     -88089.1
58     141     -85446.2
58     142     -84541.7
58     143     -81615.3
58     144     -80441.1
58     145     -77091.5
58     146     -75772.1
58     147     -72162
58     148     -70406.8
58     149     -67487.2
58     150     -65612.8
59     132     -75245.4
59     133     -77973.4
59     134     -78772.8
59     135     -81098.6
59     136     -81401.7
59     137     -83204.8
59     138     -83138.4
59     139     -84844.3
59     140     -84701.1
59     141     -86027.5
59     142     -83799.7
59     143     -83076.9
59     144     -80759.6
59     145     -79635.1
59     146     -76786.3
59     147     -75472
59     148     -72456.8
59     149     -70987.2
59     150     -68692.8
59     151     -67256
59     152     -64756.9
60     134     -76002.8
60     135     -76298.6
60     136     -79190.7
60     137     -79400.8
60     138     -82038.4
60     139     -82044.3
60     140     -84482
60     141     -84213.3
60     142     -85960.1
60     143     -84011.3
60     144     -83756.5
60     145     -81440.7
60     146     -80934.1
60     147     -78155
60     148     -77416.8
60     149     -74384.3
60     150     -73692.8
60     151     -70956
60     152     -70156.9
60     153     -67368.3
60     154     -65965
61     136     -71301.7
61     137     -74300.8
61     138     -75038.4
61     139     -77594.3
61     140     -78442
61     141     -80495.3
61     142     -81067.8
61     143     -82968.1
61     144     -81423.3
61     145     -81279.4
61     146     -79452.3
61     147     -79050.4
61     148     -76872.8
61     149     -76072.6
61     150     -73605.9
61     151     -73399
61     152     -71272.3
61     153     -70668.3
61     154     -68465
61     155     -67107.2
61     156     -64478.9
62     138     -71538.4
62     139     -71964.3
62     140     -75442
62     141     -75941
62     142     -78984.9
62     143     -79525.1
62     144     -81973
62     145     -80658.7
62     146     -80994.3
62     147     -79275.1
62     148     -79345.3
62     149     -77145.7
62     150     -77059.9
62     151     -74585.9
62     152     -74772.3
62     153     -72568.6
62     154     -72465
62     155     -70207.2
62     156     -69378.9
62     157     -66873.1
62     158     -65400.8
63     140     -67042
63     141     -69911
63     142     -71484.9
63     143     -74425.1
63     144     -75645.3
63     145     -77938.7
63     146     -77122.3
63     147     -77552.4
63     148     -76221.7
63     149     -76451.3
63     150     -74765.6
63     151     -74662.4
63     152     -72896.6
63     153     -73378.4
63     154     -71749.2
63     155     -71829.5
63     156     -70093.2
63     157     -69473.1
63     158     -67250.8
63     159     -66063.3
63     160     -63552.3
64     142     -67284.9
64     143     -68525.1
64     144     -71945.3
64     145     -72868.7
64     146     -76102.8
64     147     -75469.3
64     148     -76276.8
64     149     -75130.3
64     150     -75774.8
64     151     -74184.8
64     152     -74718.2
64     153     -72893.8
64     154     -73716.9
64     155     -72080.9
64     156     -72546.2
64     157     -70834.8
64     158     -70700.8
64     159     -68572.8
64     160     -67952.3
64     161     -65516.4
64     162     -64260.4
65     144     -62945.3
65     145     -66238.7
65     146     -67822.3
65     147     -70852.4
65     148     -70646.8
65     149     -71436.2
65     150     -71117.4
65     151     -71625.1
65     152     -70868.2
65     153     -71315
65     154     -70154.9
65     155     -71261.1
65     156     -70107.9
65     157     -70777.3
65     158     -69484.8
65     159     -69544.9
65     160     -67848.8
65     161     -67474.4
65     162     -65660.4
65     163     -64691.9
65     164     -62116.1
66     146     -63022.3
66     147     -64469.3
66     148     -67796.8
66     149     -67836.2
66     150     -69327.7
66     151     -68866.4
66     152     -70125.7
66     153     -69145
66     154     -70403.3
66     155     -69167.1
66     156     -70537
66     157     -69435
66     158     -70419.3
66     159     -69179.3
66     160     -69682.9
66     161     -68065.5
66     162     -68190.4
66     163     -66391.9
66     164     -65976.1
66     165     -63621.4
66     166     -62594.7
66     167     -59977.8
67     148     -58346.8
67     149     -61536.2
67     150     -62017.4
67     151     -63695.9
67     152     -63710.9
67     153     -64956.1
67     154     -64872.1
67     155     -66065.1
67     156     -65790.8
67     157     -66895
67     158     -66442.3
67     159     -67343.3
67     160     -66396.9
67     161     -67212.3
67     162     -66056
67     163     -66388
67     164     -64947.3
67     165     -64907.4
67     166     -63078.7
67     167     -62327.8
67     168     -60277.7
67     169     -58806.2
67     170     -56247.7
68     150     -57987.4
68     151     -58266.4
68     152     -60437.8
68     153     -60610.5
68     154     -62625.6
68     155     -62323
68     156     -64100.8
68     157     -63425
68     158     -65142.3
68     159     -64574.3
68     160     -66062.3
68     161     -65207.5
68     162     -66345.4
68     163     -65177.3
68     164     -65951.2
68     165     -64530
68     166     -64933
68     167     -63297.8
68     168     -62997.7
68     169     -60929.5
68     170     -60117.7
68     171     -57727.8
68     172     -56492.3
68     173     -53767.4
69     151     -50566.4
69     152     -51510.9
69     153     -53863.8
69     154     -54415.8
69     155     -56691
69     156     -56944.5
69     157     -58795
69     158     -58742.3
69     159     -60374.3
69     160     -60142.3
69     161     -61807.5
69     162     -61555.4
69     163     -62738.3
69     164     -61989.2
69     165     -62937.6
69     166     -61886.2
69     167     -62548.8
69     168     -61318
69     169     -61281.5
69     170     -59803.1
69     171     -59217.8
69     172     -57383.6
69     173     -56267.4
69     174     -53862.2
69     175     -52303.5
69     176     -49602.7
70     152     -46037.8
70     153     -47010.5
70     154     -50088.1
70     155     -50497.3
70     156     -53201.4
70     157     -53563.6
70     158     -56025.8
70     159     -55998.1
70     160     -58062.3
70     161     -57707.5
70     162     -59745.4
70     163     -59368.3
70     164     -60889.2
70     165     -60174.6
70     166     -61594.7
70     167     -60594.8
70     168     -61577.5
70     169     -60373.4
70     170     -60771.1
70     171     -59314.3
70     172     -59262.8
70     173     -57558.8
70     174     -56952.2
70     175     -54703.5
70     176     -53502.7
70     177     -50998.1
70     178     -49705.8
71     153     -37863.8
71     154     -39415.8
71     155     -42335.4
71     156     -43492.3
71     157     -46312
71     158     -47190.9
71     159     -49731.8
71     160     -50242.3
71     161     -52507.5
71     162     -52655.4
71     163     -54738.3
71     164     -54589.2
71     165     -56374.6
71     166     -56114.7
71     167     -57464.8
71     168     -57107.5
71     169     -58080.4
71     170     -57331.1
71     171     -57833.5
71     172     -56738.9
71     173     -56883.6
71     174     -55574
71     175     -55171.6
71     176     -53393.2
71     177     -52394.5
71     178     -50334.3
71     179     -49124.6
71     180     -46691.4
72     154     -32788.1
72     155     -33897.3
72     156     -37580
72     157     -38700.4
72     158     -42258.2
72     159     -42846.7
72     160     -45876.8
72     161     -46421.3
72     162     -49183.7
72     163     -49289.7
72     164     -51689.2
72     165     -51656.3
72     166     -53694.7
72     167     -53364.8
72     168     -55107.5
72     169     -54730.4
72     170     -56031.1
72     171     -55433.5
72     172     -56388.9
72     173     -55283.6
72     174     -55847.6
72     175     -54485
72     176     -54579.3
72     177     -52891.9
72     178     -52446
72     179     -50474.6
72     180     -49791.4
72     181     -47415.6
72     182     -46002.8
72     183     -43288.6
72     184     -41500.9
73     156     -25392.3
73     157     -29057
73     158     -30782.4
73     159     -34164.7
73     160     -35515.3
73     161     -38607.7
73     162     -39766
73     163     -42662.7
73     164     -43489.2
73     165     -45874.6
73     166     -46214.7
73     167     -48364.8
73     168     -48507.5
73     169     -50280.4
73     170     -50331.1
73     171     -51633.5
73     172     -51468.9
73     173     -52383.6
73     174     -52002.6
73     175     -52385
73     176     -51479.3
73     177     -51733.9
73     178     -50534
73     179     -50363.5
73     180     -48936.9
73     181     -48442.6
73     182     -46433.8
73     183     -45298.6
73     184     -42840.9
73     185     -41399.2
73     186     -38613.2
74     158     -23745.4
74     159     -25010.5
74     160     -29083.1
74     161     -30351
74     162     -34156.9
74     163     -34902.1
74     164     -38174
74     165     -38965.2
74     166     -41903.7
74     167     -42364.8
74     168     -44890.9
74     169     -45131.4
74     170     -47250.6
74     171     -47233.5
74     172     -48968.9
74     173     -48805.5
74     174     -50047.6
74     175     -49585
74     176     -50579.3
74     177     -49733.9
74     178     -50445
74     179     -49303.6
74     180     -49644.5
74     181     -48256
74     182     -48247
74     183     -46366.6
74     184     -45706.9
74     185     -43389.7
74     186     -42513.2
74     187     -39908.1
74     188     -38671.5
74     189     -35482.3
74     190     -34261.7
75     161     -20192.8
75     162     -22083.3
75     163     -25672.6
75     164     -27167.7
75     165     -30539.7
75     166     -31841.1
75     167     -34664.8
75     168     -35656.5
75     169     -38260.4
75     170     -38989.8
75     171     -41339.9
75     172     -41682.6
75     173     -43555.5
75     174     -43509.9
75     175     -45238.5
75     176     -45079.3
75     177     -46133.9
75     178     -45785
75     179     -46613.6
75     180     -45849.5
75     181     -46556
75     182     -45447
75     183     -45810.6
75     184     -44214.8
75     185     -43822.3
75     186     -41928.7
75     187     -41220.2
75     188     -39020.5
75     189     -37982.3
75     190     -35531.7
75     191     -34352
75     192     -31784
76     163     -15911.5
76     164     -20180
76     165     -21608.7
76     166     -25602.1
76     167     -26498.7
76     168     -29930.4
76     169     -30822.7
76     170     -33938.2
76     171     -34563.9
76     172     -37239.3
76     173     -37649.3
76     174     -39953.5
76     175     -40052.4
76     176     -42026.4
76     177     -41933.9
76     178     -43445
76     179     -43003.6
76     180     -44244.5
76     181     -43526
76     182     -44597
76     183     -43510.6
76     184     -44253.3
76     185     -42807.3
76     186     -43003
76     187     -41222.8
76     188     -41140.2
76     189     -38990.4
76     190     -38711.7
76     191     -36398.8
76     192     -35884
76     193     -33396
76     194     -32414
76     195     -29674.3
76     196     -28590
77     166     -12955.6
77     167     -16704.7
77     168     -18331.8
77     169     -21838.9
77     170     -23243.7
77     171     -26170.7
77     172     -27264.6
77     173     -30024.9
77     174     -30957.8
77     175     -33395.6
77     176     -34020.4
77     177     -36003.5
77     178     -36185
77     179     -38013.6
77     180     -37949.5
77     181     -39456
77     182     -39047
77     183     -40320.6
77     184     -39533.3
77     185     -40307.3
77     186     -39172
77     187     -39822.8
77     188     -38342.9
77     189     -38449.6
77     190     -36711.7
77     191     -36706.8
77     192     -34834.4
77     193     -34518.1
77     194     -32511
77     195     -31674.3
77     196     -29433
77     197     -28262.1
77     198     -25902.1
78     168     -10866.8
78     169     -12343.5
78     170     -16474.3
78     171     -17469
78     172     -21040.9
78     173     -22045.7
78     174     -25331
78     175     -25962
78     176     -28926.4
78     177     -29569.4
78     178     -31945
78     179     -32353.4
78     180     -34344.5
78     181     -34374.3
78     182     -36077.3
78     183     -35738.7
78     184     -37229.7
78     185     -36607.3
78     186     -37849
78     187     -36822.8
78     188     -37824.3
78     189     -36482.3
78     190     -37320.4
78     191     -35685.8
78     192     -36287
78     193     -34461
78     194     -34758.8
78     195     -32792.5
78     196     -32643
78     197     -30417.9
78     198     -29902.1
78     199     -27402.2
78     200     -26597.2
78     201     -23724.4
79     175     -17154.9
79     176     -18403.1
79     177     -21307.6
79     178     -22476.5
79     179     -24990.8
79     180     -25795.5
79     181     -27828.2
79     182     -28231.1
79     183     -30127.1
79     184     -30237.4
79     185     -31850.9
79     186     -31572
79     187     -33103
79     188     -32524.3
79     189     -33682.3
79     190     -32878.4
79     191     -33855.8
79     192     -32772
79     193     -33361
79     194     -32249.8
79     195     -32562.5
79     196     -31135.7
79     197     -31136.8
79     198     -29577.7
79     199     -29090.3
79     200     -27290.2
79     201     -26384.4
79     202     -24242
79     203     -23124.8
79     204     -20187.8
80     177     -12888.4
80     178     -16328.1
80     179     -17105.1
80     180     -20242.2
80     181     -20855.5
80     182     -23521.1
80     183     -23888.3
80     184     -26257.4
80     185     -26171.3
80     186     -28446.3
80     187     -28168.5
80     188     -30094.5
80     189     -29482.3
80     190     -30963.4
80     191     -30520.8
80     192     -32077.3
80     193     -31021
80     194     -32209.8
80     195     -31042.5
80     196     -31821.3
80     197     -30535
80     198     -30950.2
80     199     -29542.8
80     200     -29500.2
80     201     -27658.7
80     202     -27342.4
80     203     -25265.9
80     204     -24687.8
80     205     -22284
80     206     -20942.2
80     207     -16256
81     181     -11982.7
81     182     -13351.6
81     183     -15969.1
81     184     -17073.4
81     185     -19493.3
81     186     -19914.3
81     187     -22132.2
81     188     -22312.5
81     189     -23982.3
81     190     -24263.4
81     191     -26020.8
81     192     -26177.3
81     193     -27428.4
81     194     -27134
81     195     -28267.1
81     196     -27593.3
81     197     -28391.6
81     198     -27490.2
81     199     -28047.1
81     200     -27046.2
81     201     -27178.9
81     202     -25976.8
81     203     -25758.1
81     204     -24342.5
81     205     -23821.3
81     206     -22253.4
81     207     -21031
81     208     -16756.2
81     209     -13636.7
81     210     -9243.3
82     183     -7726.5
82     184     -11044.9
82     185     -11750.9
82     186     -14625.8
82     187     -15066.4
82     188     -17722.3
82     189     -17892.3
82     190     -20324.3
82     191     -20340.2
82     192     -22448.6
82     193     -22071
82     194     -24009.8
82     195     -23542.5
82     196     -25321.3
82     197     -24791.6
82     198     -26090.2
82     199     -25247.1
82     200     -26246.2
82     201     -25278.4
82     202     -25931.2
82     203     -24784.3
82     204     -25105.9
82     205     -23766.3
82     206     -23782.3
82     207     -22449.5
82     208     -21745.9
82     209     -17610.2
82     210     -14725
82     211     -10487.1
82     212     -7553.4
82     213     -3229.3
82     214     -182.8
83     188     -7378.5
83     189     -9801.4
83     190     -10629.4
83     191     -12937.3
83     192     -13447.6
83     193     -15247.4
83     194     -15828.5
83     195     -17835.9
83     196     -18192.4
83     197     -19653.5
83     198     -19609.1
83     199     -20922.2
83     200     -20488.4
83     201     -21466.6
83     202     -20787.5
83     203     -21564.4
83     204     -20713.2
83     205     -21058.4
83     206     -20029.7
83     207     -20049
83     208     -18866.3
83     209     -18254.7
83     210     -14788
83     211     -11855.1
83     212     -8124
83     213     -5229.3
83     214     -1200.2
83     215     1713.9
83     216     5977.7
84     192     -7974.6
84     193     -8359.7
84     194     -10909.1
84     195     -11163.6
84     196     -13367.7
84     197     -13233.7
84     198     -15274.2
84     199     -15043.4
84     200     -16913.6
84     201     -16568
84     202     -17964.3
84     203     -17329.8
84     204     -18336.6
84     205     -17529.5
84     206     -18179.4
84     207     -17140.3
84     208     -17465.4
84     209     -16365
84     210     -15949.9
84     211     -12430.5
84     212     -10367.6
84     213     -6648.5
84     214     -4466.5
84     215     -535.8
84     216     1777.7
84     217     5857.4
84     218     8356.8
85     194     -842.4
85     195     -3212.4
85     196     -3820.4
85     197     -5719.1
85     198     -6509.1
85     199     -8631.5
85     200     -9059.7
85     201     -10755.6
85     202     -10830.2
85     203     -12286.8
85     204     -11893.5
85     205     -13021.1
85     206     -12474
85     207     -13266.9
85     208     -12537.5
85     209     -12876.2
85     210     -11973.2
85     211     -11643.6
85     212     -8612.5
85     213     -6575.8
85     214     -3375.8
85     215     -1251.9
85     216     2248
85     217     4397.4
85     218     8108.1
85     219     10529.7
85     220     14307.4
86     199     -1605
86     200     -3901.8
86     201     -3947
86     202     -6078.1
86     203     -5989.7
86     204     -7943.2
86     205     -7755.2
86     206     -9155.2
86     207     -8650.9
86     208     -9650.1
86     209     -8947.6
86     210     -9597.1
86     211     -8751.1
86     212     -8655.9
86     213     -5697.1
86     214     -4315.5
86     215     -1165.9
86     216     258.3
86     217     3661.9
86     218     5224.2
86     219     8835.1
86     220     10607.4
86     221     14430.7
86     222     16372
87     201     4243.7
87     202     3421.7
87     203     1068.9
87     204     533.9
87     205     -1277.8
87     206     -1480.6
87     207     -2961.3
87     208     -2695.1
87     209     -3818.3
87     210     -3377.7
87     211     -4181.6
87     212     -3582.3
87     213     -3546.5
87     214     -961.6
87     215     317.9
87     216     2987.5
87     217     4320.4
87     218     7063.3
87     219     8622.2
87     220     11472.6
87     221     13279.8
87     222     16364.7
87     223     18386.1
87     224     21650.3
87     225     23842.4
87     226     27186
87     227     29593.8
87     228     33183.5
88     204     6123
88     205     5977.8
88     206     3762.9
88     207     3708.9
88     208     1754.7
88     209     1816.6
88     210     425.1
88     211     819.7
88     212     -191.7
88     213     337.2
88     214     99.8
88     215     2537.9
88     216     3294.6
88     217     5888.9
88     218     6656.3
88     219     9390.7
88     220     10276.4
88     221     12965.4
88     222     14320.6
88     223     17239.2
88     224     18821.2
88     225     21990.1
88     226     23667.6
88     227     27177.6
88     228     28940
88     229     32483.2
88     230     34563.2
89     209     8880.3
89     210     8551.4
89     211     7088.3
89     212     7250.9
89     213     6109.7
89     214     6398.8
89     215     5991.6
89     216     8084
89     217     8709.8
89     218     10840.6
89     219     11569.3
89     220     13759.5
89     221     14531.5
89     222     16630
89     223     17830.5
89     224     20221
89     225     21640.3
89     226     24303.7
89     227     25854
89     228     28894.3
89     229     30723.2
89     230     33763.2
89     231     35916.6
89     232     39247.6
90     212     12131.9
90     213     12079
90     214     10675.4
90     215     10909.5
90     216     10303.7
90     217     12186.1
90     218     12371.7
90     219     14476.9
90     220     14672.6
90     221     16942.2
90     222     17209.9
90     223     19269.5
90     224     20005.9
90     225     22310.5
90     226     23196.7
90     227     25810.6
90     228     26766.2
90     229     29583.2
90     230     30863.2
90     231     33816.6
90     232     35447.6
90     233     38732.7
90     234     40615
90     235     44255.2
91     215     17680.4
91     216     17689.5
91     217     17024.4
91     218     18617.8
91     219     18516.5
91     220     20208.9
91     221     20334.8
91     222     21962.5
91     223     22339.2
91     224     23810.8
91     225     24333.8
91     226     26041.7
91     227     26837.5
91     228     28873.1
91     229     29901.2
91     230     32168.1
91     231     33427
91     232     35941.7
91     233     37489.3
91     234     40345
91     235     42319.4
91     236     45545.1
91     237     47640.7
91     238     51268.7
92     226     27198.9
92     227     28894.4
92     228     29234.3
92     229     31208.6
92     230     31614.2
92     231     33786.8
92     232     34604.7
92     233     36917.2
92     234     38145.9
92     235     40919.4
92     236     42445.1
92     237     45390.7
92     238     47308.7
92     239     50573.7
92     240     52714
93     229     33771.5
93     230     35244.7
93     231     35630.9
93     232     37298
93     233     38026.1
93     234     39953.9
93     235     41042.7
93     236     43433.9
93     237     44871.7
93     238     47455
93     239     49310.8
93     240     52215.9
93     241     54265.4
93     242     57417.1
93     243     69483.1
94     231     38419.3
94     232     38375.2
94     233     40049.8
94     234     40349.1
94     235     42169.2
94     236     42896.9
94     237     45089.6
94     238     46164.1
94     239     48588.7
94     240     50125.9
94     241     52955.4
94     242     54717.1
94     243     59924.5
94     244     69068.7
94     245     63177.3
94     246     65368.1
95     233     43196.4
95     234     44369.7
95     235     44655.8
95     236     46022.9
95     237     46651
95     238     48420.5
95     239     49388.8
95     240     51494.8
95     241     52934.6
95     242     55467.4
95     243     57754.5
95     244     59804.5
95     245     61896.9
95     246     64994.1
95     247     75952.8
95     248     70491.1
96     235     48044.2
96     236     47900.1
96     237     49174.7
96     238     49405.6
96     239     51088.8
96     240     51719.1
96     241     53699.6
96     242     54804.6
96     243     57174.1
96     244     59881.4
96     245     61001.3
96     246     62616.5
96     247     67131.5
96     248     67391.1
96     249     70749.3
96     250     72988
96     251     82784.3
97     237     53121.3
97     238     54194.6
97     239     54280.7
97     240     55619.1
97     241     56099.6
97     242     57804.6
97     243     57181.2
97     244     58452.4
97     245     61815
97     246     64016.5
97     247     65531.5
97     248     68102.1
97     249     69847.8
97     250     72950.2
97     251     76626.4
97     252     78532.9
98     239     58369.1
98     240     58043.8
98     241     59199.6
98     242     59346.8
98     243     58685.9
98     244     60698
98     245     63380.1
98     246     64091.2
98     247     65488.4
98     248     67242.1
98     249     69721.3
98     250     71170.2
98     251     75206.4
98     252     76032.9
98     253     88658.6
98     254     89729.3
99     241     63746.2
99     242     64719.5
99     243     60913.7
99     244     61477.4
99     245     66383
99     246     67929.5
99     247     66156.1
99     248     70272.9
99     249     71117.6
99     250     73170.2
99     251     74131.6
99     252     77266.1
99     253     79300.4
99     254     81340.4
99     255     94309.2
99     256     94299.1
100     243     64727.9
100     244     65977.4
100     245     70124.5
100     246     70145.1
100     247     68551.5
100     248     71903.5
100     249     73505
100     250     74067
100     251     74510.6
100     252     76820.7
100     253     79011.9
100     254     81992.3
100     255     84031.1
100     256     87157.8
100     257     88589.9
101     247     71538.6
101     248     77102.3
101     249     77267.9
101     250     78604.4
101     251     76004.4
101     252     80547.8
101     253     79342.1
101     254     80900.3
101     255     83790.1
101     256     85484.7
101     257     89036.8
101     258     91717.2
102     251     79026.4
102     252     82874.2
102     253     81242.5
102     254     83395.1
102     255     84885.5
102     256     87525.5
102     257     90218.7
102     258     91425.2
102     259     94020.7
103     253     84329.9
103     254     84726.7
103     255     86873.9
103     256     87799.4
103     257     92672.8
103     258     94650
103     259     95893.2
103     260     98105.4
104     255     90151.3
104     256     91745
104     257     95897.3
104     258     96451.7
104     259     98308.2
104     260     99024.3
104     261     101244
105     257     100389
105     258     101554
105     259     102176
105     260     103441
105     261     104167
105     262     105869
106     260     106724
106     261     108222
106     262     108577
107     262     114516
