# ASCII file generated by KVIDZAGrid::WriteToAsciiFile
# ID Graph Name : VID_CHI_SI_40Ar
# This file can be read using KVIDZAGrid::ReadFromAsciiFile
# 
++KVIDZAGrid
<NAME> VID_CHI_SI_40Ar
<VARX> KVHarpeeSi::GetEnergy
<VARY> KVHarpeeIC::GetEnergy
<PARAMETER> XScaleFactor=1.22265
<PARAMETER> YScaleFactor=0.91695
<PARAMETER> Runlist=41-46 51
<PARAMETER> IDTelescopes=VID_CHI_SI_01,VID_CHI_SI_02,VID_CHI_SI_03,VID_CHI_SI_04,VID_CHI_SI_05,VID_CHI_SI_06,VID_CHI_SI_07,VID_CHI_SI_08,VID_CHI_SI_09,VID_CHI_SI_10,VID_CHI_SI_11,VID_CHI_SI_12,VID_CHI_SI_13,VID_CHI_SI_14,VID_CHI_SI_15,VID_CHI_SI_16,VID_CHI_SI_17,VID_CHI_SI_18
OnlyZId 0
+KVIDZALine
ID:Z=18 A=39
18	39
2
320.705   1.36842
500.445   0.555497
+KVIDZALine
ID:Z=18 A=40
18	40
2
378.979   8.67967
424.431   8.80513
+KVIDZALine
ID:Z=18 A=41
18	41
2
328.783   18.2366
547.904   17.7624
+KVIDCutLine
OK:HigherBeamZ
below
13
3.69093   5.43211
307.017   4.61362
390.96   5.84135
396.522   8.0922
397.14   9.69508
398.273   11.0592
400.848   11.7072
404.144   10.8887
406.101   9.11531
406.513   8.0581
409.5   5.53442
419.078   4.4431
573.265   3.69281
+KVIDCutLine
OK:LowerBeamZ
above
12
7.91381   13.7193
299.602   11.6049
388.694   10.3431
396.625   8.84248
397.037   7.58064
399.406   6.3188
401.26   5.87546
403.629   6.59163
404.968   7.64885
405.895   8.84248
410.53   10.3431
571.308   10.2748
!
# ASCII file generated by KVIDZAGrid::WriteToAsciiFile
# ID Graph Name : VID_CHI_SI_15mbar
# This file can be read using KVIDZAGrid::ReadFromAsciiFile
# 
++KVIDZAGrid
<NAME> VID_CHI_SI_15mbar
<VARX> KVHarpeeSi::GetEnergy
<VARY> KVHarpeeIC::GetEnergy
<PARAMETER> Runlist=80-254
<PARAMETER> IDTelescopes=VID_CHI_SI_01,VID_CHI_SI_02,VID_CHI_SI_03,VID_CHI_SI_04,VID_CHI_SI_06,VID_CHI_SI_07,VID_CHI_SI_08,VID_CHI_SI_09,VID_CHI_SI_15,VID_CHI_SI_16,VID_CHI_SI_17,VID_CHI_SI_18
OnlyZId 0
+KVIDZALine
ID:Z=4 A=9
4	9
20
0.86583   3.48897
1.83762   3.39733
3.58683   2.90858
5.72476   2.45037
7.86269   2.07363
10.3893   1.72743
12.7216   1.44233
15.4426   1.18777
18.5524   0.953574
21.6621   0.749928
25.3549   0.576828
29.4364   0.403729
33.9066   0.291723
39.1542   0.149171
44.985   0.0371654
51.5931   -0.0544755
58.9787   -0.135934
67.5304   -0.227575
77.0539   -0.278486
87.9379   -0.33958
+KVIDZALine
ID:Z=5 A=11
5	11
20
0.151095   5.23865
0.790594   5.2886
3.02884   4.70587
5.90658   4.05654
8.78432   3.52376
11.9818   3.05757
15.4991   2.64133
19.0163   2.27505
23.4928   1.92541
27.9693   1.60907
33.0853   1.34268
38.8408   1.07628
45.2357   0.826543
52.2702   0.59345
60.5837   0.360358
70.1762   0.143915
80.7279   -0.0225801
92.8784   -0.222374
106.308   -0.422167
121.976   -0.621961
+KVIDZALine
ID:Z=6 A=12
6	12
20
-0.168654   7.02014
1.11034   7.03679
3.98809   6.25427
7.82508   5.48839
11.3423   4.80577
15.4991   4.22303
19.6558   3.7069
24.7718   3.27401
29.8878   2.84113
35.6433   2.49149
42.0382   2.1585
49.3925   1.82551
57.706   1.57577
66.6589   1.32603
77.2107   1.07628
89.3611   0.859842
102.791   0.643399
118.458   0.476904
136.045   0.260461
155.869   0.0773167
+KVIDZALine
ID:Z=7 A=14
7	14
20
0.470844   8.91818
2.06959   9.05138
5.58683   8.11901
10.0633   7.18664
14.8596   6.37082
19.6558   5.62159
25.4113   4.95561
31.1668   4.40618
37.8815   3.89004
44.916   3.42386
53.2295   3.00762
62.5022   2.62469
73.0539   2.2584
84.5649   1.94206
97.9944   1.64237
113.342   1.39262
130.609   1.10958
150.113   0.876491
172.816   0.626749
198.396   0.393657
+KVIDZALine
ID:Z=8 A=16
8	16
20
-0.396449   10.1026
1.30261   10.511
5.26708   9.49004
10.6474   8.41072
16.311   7.44808
22.2577   6.6167
28.7707   5.85826
36.1333   5.20191
44.0623   4.61849
52.8408   4.07883
63.0351   3.59751
74.9285   3.21829
87.1051   2.82448
101.264   2.5036
116.555   2.12438
137.227   1.80349
159.882   1.51179
184.235   1.26383
208.305   1.05964
244.834   0.811682
+KVIDZALine
ID:Z=9 A=18
9	18
20
-0.396449   11.8675
1.30261   12.4801
5.83344   11.5174
11.7801   10.2922
18.5764   9.18375
25.6558   8.17735
33.3016   7.31681
41.7969   6.50002
51.1417   5.78533
61.6192   5.15816
73.7958   4.56015
87.3883   4.03507
102.397   3.53917
119.954   3.08702
139.493   2.69321
162.147   2.32857
187.916   1.97852
217.65   1.65764
251.631   1.36593
290.709   1.08881
+KVIDZALine
ID:Z=10 A=20
10	20
20
-0.113272   13.1218
1.58579   14.0845
6.11661   13.1948
12.9129   11.9112
20.5586   10.6861
28.4876   9.57756
37.5492   8.58574
47.1772   7.68144
58.2211   6.86466
70.3977   6.10621
84.2734   5.40611
100.131   4.79352
117.971   4.2101
138.36   3.69961
161.581   3.21829
188.482   2.78072
219.065   2.35774
254.179   1.99311
294.674   1.62847
341.398   1.30759
+KVIDZALine
ID:Z=11 A=22
11	22
20
0.0970297   14.2508
1.80882   15.5147
6.5403   14.8174
13.8897   13.5108
22.1419   12.2272
31.1992   11.0408
41.1964   9.95556
52.3174   8.96434
64.7759   8.05919
78.8156   7.23295
94.7158   6.47943
112.797   5.79325
133.428   5.16964
157.034   4.60423
184.107   4.09293
215.215   3.63183
251.013   3.21717
292.261   2.84529
339.835   2.51263
394.652   2.21576
+KVIDZALine
ID:Z=12 A=24
12	24
20
0.095834   15.3913
1.85678   16.9521
6.68682   16.4699
14.5879   15.1604
23.6602   13.8055
33.7143   12.525
44.8789   11.3373
57.3546   10.2415
71.3821   9.23283
87.2408   8.30596
105.253   7.45583
125.793   6.67783
149.29   5.96768
176.246   5.32133
207.238   4.73487
242.937   4.20445
284.121   3.72626
331.692   3.29651
386.696   2.91146
450.285   2.56743
+KVIDZALine
ID:Z=13 A=26
13	26
20
0.0867014   16.4745
1.92429   18.3526
6.89055   18.0847
15.3149   16.7944
25.1899   15.3837
36.2364   14.0194
48.575   12.7361
62.4219   11.5402
78.0456   10.4308
95.7621   9.40465
115.94   8.45829
139.006   7.58808
165.457   6.79041
195.872   6.06172
230.921   5.39841
271.385   4.79679
318.171   4.2531
372.334   3.7635
435.098   3.32412
507.806   2.93106
+KVIDZALine
ID:Z=14 A=28
14	28
20
0.090932   17.5682
1.50575   18.9811
6.3908   19.4275
15.9904   18.4308
26.648   16.9795
38.6812   15.5412
52.1997   14.1686
67.4349   12.8765
84.6837   11.6684
104.3   10.5438
126.701   9.501
152.371   8.53759
181.877   7.65086
215.88   6.83787
255.151   6.09546
300.587   5.42023
353.234   4.80855
414.312   4.25661
485.242   3.76045
567.584   3.31602
+KVIDZALine
ID:Z=15 A=30
15	30
20
0.0940196   18.6262
1.85057   19.8368
6.83386   20.487
16.4731   20.0784
27.8782   18.6014
40.8797   17.0971
55.5708   15.6395
72.1972   14.2531
91.085   12.9466
112.629   11.7227
137.294   10.5817
165.629   9.52281
198.275   8.54431
235.982   7.64407
279.626   6.81948
330.234   6.06752
389.002   5.38479
457.33   4.76758
536.851   4.21189
629.378   3.71354
+KVIDZALine
ID:Z=16 A=32
16	32
20
0.0881881   19.605
1.90805   20.8414
8.38558   21.6857
16.9829   21.4618
29.2117   20.2057
43.1744   18.6482
59.0402   17.1154
77.0691   15.6419
97.6162   14.2422
121.117   12.9227
148.089   11.6859
179.143   10.5328
214.997   9.46301
256.495   8.4753
304.622   7.5678
360.536   6.73801
425.592   5.98285
501.376   5.29879
589.744   4.68191
692.79   4.12795
+KVIDZALine
ID:Z=17 A=34
17	34
20
0.00814875   20.6282
1.70345   22.1655
8.05747   22.7017
17.4736   22.4478
30.2667   21.1929
45.0713   19.8125
61.8056   18.4347
81.5003   17.0831
103.904   15.5773
131.273   14.3364
159.557   13.2632
193.329   11.9422
233.31   10.7864
281.005   9.60727
335.276   8.69026
394.573   7.70774
463.786   6.93939
547.286   6.10472
643.824   5.19294
757.801   4.56549
+KVIDZALine
ID:Z=18 A=37
18	37
20
-0.0380361   21.3795
2.25287   23.3342
8.22988   24.0411
16.4123   23.7657
29.4395   22.6137
45.6997   21.2561
64.242   19.9806
84.3887   18.7075
108.84   17.3086
136.281   15.9609
170.955   14.5841
207.471   13.1806
250.742   11.9422
304.121   10.7208
358.392   9.54177
417.688   8.78438
507.13   7.63496
597.642   6.56843
706.092   5.78663
833.511   5.08722
+KVIDZALine
ID:Z=19 A=39
19	39
20
0.0928665   22.2069
2.33918   25.4525
8.10345   26.001
16.9415   26.1438
31.3563   24.7293
48.0387   23.3148
68.0192   21.9225
90.3472   20.2096
116.066   18.5361
145.747   16.9235
183.518   15.5024
225.729   14.1924
269.95   12.8168
325.226   11.4413
386.533   10.2623
457.339   9.11148
544.737   8.2995
644.141   7.09243
762.783   6.26571
902.046   5.52054
+KVIDZALine
ID:Z=20 A=41
20	41
20
0.092201   23.0405
2.08365   26.7411
7.38916   28.5964
18.1395   28.201
32.8071   26.8867
50.4177   25.2428
70.9344   23.4841
94.6601   21.7038
122.074   19.949
153.793   18.2468
190.573   16.614
233.322   15.0618
283.12   13.5975
341.253   12.2261
409.24   10.9503
488.882   9.77118
582.305   8.68823
692.022   7.69968
821.001   6.80258
972.664   5.99304
+KVIDZALine
ID:Z=21 A=43
21	43
20
0.0885064   23.8266
2.11746   27.8093
7.49319   29.9492
18.4893   29.7366
33.7394   28.4894
52.2157   26.8455
73.8583   25.048
98.9812   23.2048
128.094   21.372
161.863   19.5822
201.103   17.8562
246.799   16.2082
300.128   14.6479
362.489   13.1818
435.544   11.8141
521.263   10.5471
621.978   9.38117
740.451   8.31503
879.946   7.3462
1044.25   6.47099
+KVIDZALine
ID:Z=22 A=46
22	46
20
0.0903109   24.3719
2.04974   28.5701
7.25779   31.2051
18.1611   31.3525
33.8065   30.2673
53.0645   28.6733
75.8163   26.8621
102.377   24.9663
133.288   23.0558
169.268   21.1718
211.209   19.3414
260.189   17.5828
317.504   15.9093
384.698   14.3303
463.613   12.8519
556.437   11.4783
665.768   10.2109
794.691   9.04972
946.862   7.99282
1126.54   7.03691
+KVIDZALine
ID:Z=23 A=48
23	48
20
0.0878645   25.0811
2.07712   29.549
7.33922   32.4723
18.4219   32.8395
34.5738   31.8569
54.6408   30.2889
78.4801   28.4573
106.416   26.5115
139.022   24.5314
177.066   22.5651
221.503   20.644
273.495   18.7901
334.438   17.0193
406.004   15.3431
490.186   13.7696
589.36   12.3041
706.349   10.9493
844.51   9.70599
1007.83   8.57281
1200.96   7.54684
+KVIDZALine
ID:Z=24 A=50
24	50
20
0.0878968   25.7658
2.07618   30.4551
7.34961   33.6948
18.5451   34.3121
35.1521   33.4519
55.9931   31.9221
80.896   30.0774
110.193   28.0859
144.489   26.0384
184.602   23.9903
231.554   21.9782
286.594   20.0277
351.224   18.1577
427.248   16.382
516.82   14.7107
622.513   13.1506
747.39   11.7056
895.101   10.3775
1069.99   9.16552
1277.13   8.06715
+KVIDZALine
ID:Z=25 A=53
25	53
20
0.0865878   26.1579
2.02177   31.0678
7.15698   34.7602
18.1778   35.7886
35.0359   35.1552
56.5403   33.7253
82.4636   31.9036
113.135   29.8857
149.192   27.779
191.508   25.6491
241.186   23.5399
299.576   21.4825
368.311   19.4999
449.355   17.6093
545.064   15.8236
658.253   14.1517
792.289   12.5996
951.188   11.1701
1139.74   9.86358
1363.58   8.67824
+KVIDZALine
ID:Z=26 A=55
26	55
20
0.0869257   26.7848
2.018   31.8993
7.16305   35.8958
18.2536   37.1985
35.4942   36.7206
57.7113   35.3553
84.6529   33.5399
116.655   31.4902
154.386   29.3259
198.773   27.1205
250.987   24.9238
312.469   22.7711
384.967   20.6889
470.584   18.6972
571.85   16.811
691.793   15.0412
834.038   13.3951
1002.92   11.8767
1203.61   10.4874
1442.22   9.22576
+KVIDZALine
ID:Z=27 A=57
27	57
20
0.0910469   27.4252
2.00456   32.6901
7.14775   36.9939
18.2826   38.5828
35.876   38.2723
58.7838   36.9802
86.7294   35.177
120.055   33.0993
159.461   30.8795
205.928   28.6
260.701   26.3161
325.312   24.0681
401.628   21.8857
491.899   19.7919
598.834   17.8041
725.685   15.9352
876.347   14.1939
1055.49   12.5857
1268.69   11.1125
1522.54   9.77364
+KVIDZALine
ID:Z=28 A=60
28	60
20
0.0869985   27.672
1.96228   33.1671
6.98859   37.8782
17.8958   39.9104
35.6054   39.8871
59.0553   38.7449
87.9268   37.0019
122.558   34.9251
163.682   32.6654
212.336   30.3172
269.851   27.9444
337.872   25.5934
418.405   23.2992
513.878   21.0888
627.222   18.983
761.962   16.9973
922.334   15.1429
1113.42   13.4269
1341.31   11.8527
1613.23   10.4205
+KVIDZALine
ID:Z=29 A=62
29	62
20
0.089969   28.1827
1.9264   33.8297
6.90094   38.8605
17.7456   41.2273
35.6927   41.4144
59.7408   40.3746
89.5434   38.663
125.44   36.5709
168.195   34.2638
218.9   31.846
278.962   29.3881
350.124   26.9416
434.52   24.5457
534.734   22.2305
653.892   20.0196
795.761   17.9307
964.873   15.9768
1166.68   14.1664
1407.72   12.504
1695.76   10.9905
+KVIDZALine
ID:Z=30 A=65
30	65
20
0.0903531   28.4281
1.88396   34.2507
6.75555   39.6297
17.3524   42.4469
35.3295   42.9546
59.8316   42.0951
90.4846   40.4668
127.623   38.3926
172.042   36.0581
224.894   33.5803
287.671   31.0393
362.234   28.4936
450.862   25.9875
556.328   23.5559
681.99   21.2259
831.905   19.0185
1010.97   16.949
1225.07   15.0281
1481.31   13.2619
1788.13   11.6523
+KVIDZALine
ID:Z=31 A=67
31	67
20
0.0903541   28.9274
1.87593   34.9281
6.74614   40.5759
17.3373   43.7047
35.5442   44.4361
60.6203   43.6997
92.1876   42.1217
130.587   40.0476
176.648   37.6779
231.579   35.1398
296.951   32.5206
374.727   29.884
467.32   27.2791
577.666   24.744
709.331   22.309
866.625   19.9974
1054.76   17.8267
1280.01   15.8092
1549.95   13.9521
1873.63   12.2585
+KVIDZALine
ID:Z=32 A=70
32	70
20
0.0889323   29.1134
1.82719   35.2685
6.59917   41.2318
16.9247   44.8135
35.0816   45.8975
60.5239   45.3733
92.8665   43.9039
132.447   41.8671
180.126   39.4844
237.173   36.897
305.25   34.2022
386.443   31.4712
483.319   28.759
599.013   26.1085
737.341   23.5541
902.924   21.1225
1101.36   18.8342
1339.41   16.7035
1625.26   14.7396
1968.67   12.9468
+KVIDZALine
ID:Z=33 A=72
33	72
20
0.0894778   29.5679
1.81829   35.8897
6.58253   42.1099
16.8823   46.0062
35.2199   47.3298
61.1837   46.9443
94.395   45.5371
135.199   43.5091
184.488   41.0976
243.591   38.4543
314.252   35.6841
398.661   32.8641
499.523   30.0536
620.147   27.2997
764.562   24.6396
937.66   22.1029
1145.37   19.7121
1394.87   17.4835
1694.83   15.4274
2055.67   13.5493
+KVIDZALine
ID:Z=34 A=75
34	75
20
0.0866287   29.6863
1.78419   36.1901
6.46882   42.6891
16.5209   47.0216
34.7648   48.7152
61.0291   48.5661
94.9545   47.2886
136.887   45.3147
187.75   42.9033
248.937   40.2206
322.282   37.3821
410.102   34.4726
515.264   31.5578
641.282   28.6899
792.444   25.9106
973.971   23.253
1192.2   20.7429
1454.81   18.3989
1771.12   16.2335
2152.32   14.2535
+KVIDZALine
ID:Z=35 A=77
35	77
20
0.0862179   29.9487
1.74638   36.6107
6.35624   43.3911
16.2304   48.1082
34.4799   50.1058
61.1215   50.1373
95.7992   48.9478
138.856   46.9988
191.247   44.5685
254.419   41.8359
330.295   38.9248
421.305   35.9269
530.462   32.9128
661.468   29.939
818.847   27.0507
1008.11   24.2839
1235.97   21.6668
1510.55   19.2202
1841.76   16.9581
2241.49   14.8882
+KVIDZALine
ID:Z=36 A=80
36	80
20
0.0881465   30.1144
1.70271   36.8438
6.23563   43.8742
15.8539   49.0225
33.9471   51.4145
60.8121   51.7099
96.139   50.6718
140.275   48.7929
194.206   46.3744
259.447   43.6108
338.018   40.6373
432.479   37.5536
546.018   34.4374
682.557   31.3503
846.899   28.3424
1044.91   25.4536
1283.74   22.7155
1572.09   20.1515
1920.53   17.7777
2341.82   15.6038
+KVIDZALine
ID:Z=37 A=82
37	82
20
0.0884815   30.5198
1.69469   37.391
6.22331   44.6427
15.8092   50.0921
34.0092   52.7482
61.2945   53.2156
97.3951   52.2687
142.671   50.4219
198.144   47.9929
265.388   45.1875
346.506   42.1491
444.174   38.984
561.725   35.7745
703.265   32.5868
873.832   29.4741
1079.58   26.4796
1328.03   23.6373
1628.33   20.9727
1991.63   18.5036
2431.39   16.2407
+KVIDZALine
ID:Z=38 A=85
38	85
20
0.086255   30.5986
1.66831   37.6195
6.13845   45.0931
15.5049   50.9442
33.5454   53.9931
61.0184   54.7369
97.7269   53.9559
144.043   52.1927
201.023   49.7874
270.307   46.9614
354.098   43.8694
455.208   40.6259
577.146   37.3202
724.245   34.0238
901.831   30.7949
1116.43   27.6807
1376   24.7186
1690.3   21.9371
2071.17   19.3562
2532.99   16.9885
+KVIDZALine
ID:Z=39 A=87
39	87
20
0.086858   30.9815
1.66163   38.1359
6.12825   45.8195
15.4641   51.9641
33.5937   55.2829
61.4576   56.2099
98.9142   55.5308
146.354   53.8089
204.87   51.4004
276.165   48.5387
362.532   45.3866
466.901   42.0653
592.935   38.669
745.165   35.2737
929.162   31.9411
1151.76   28.7216
1421.33   25.6552
1748.07   22.7726
2144.48   20.0956
2625.68   17.6379
+KVIDZALine
ID:Z=40 A=90
40	90
20
0.0865267   31.0544
1.62647   38.2959
6.02689   46.1807
15.1231   52.7205
33.0316   56.4486
60.9983   57.6748
98.9792   57.1809
147.382   55.5575
207.332   53.1841
280.6   50.3104
369.58   47.1111
477.343   43.716
607.732   40.2264
765.513   36.7241
956.559   33.2759
1188.09   29.9363
1468.94   26.749
1809.94   23.7478
2224.33   20.957
2728.2   18.3923
+KVIDZALine
ID:Z=41 A=93
41	93
20
0.0885207   31.1508
1.58973   38.4227
5.92562   46.4932
14.7827   53.4184
32.4466   57.5612
60.4737   59.0986
98.9357   58.801
148.26   57.2852
209.608   54.9546
284.817   52.0754
376.386   48.8342
487.526   45.3697
622.268   41.7905
785.619   38.1841
983.761   34.6224
1224.3   31.1643
1516.58   27.8572
1872.06   24.738
2304.76   21.8337
2831.79   19.1619
+KVIDZALine
ID:Z=42 A=95
42	95
20
0.0865805   31.3475
1.5754   38.7785
5.87632   47.0538
14.6135   54.3056
32.2249   58.7681
60.4988   60.5288
99.584   60.3594
149.922   58.9021
212.706   56.5803
289.836   53.674
383.903   50.379
498.243   46.8411
637.052   43.1742
805.549   39.4704
1010.18   35.8055
1258.9   32.2415
1561.46   28.8288
1929.88   25.6065
2378.86   22.6035
2926.33   19.8389
+KVIDZALine
ID:Z=43 A=98
43	98
20
0.0867763   31.4354
1.5509   38.9376
5.80909   47.3753
14.3638   54.9726
31.7737   59.8285
60.1164   61.8982
99.6798   61.9297
150.939   60.5866
215.127   58.3144
294.215   55.4092
390.902   52.0784
508.671   48.4768
651.912   44.7251
826.093   40.9214
1037.98   37.1464
1295.94   33.4667
1610.26   29.9362
1993.59   26.5974
2461.47   23.4817
3032.89   20.6105
+KVIDZALine
ID:Z=44 A=101
44	101
20
0.0883337   31.5427
1.52056   39.0609
5.73218   47.6481
14.0922   55.5848
31.2657   60.8402
59.6225   63.2304
99.6045   63.473
151.723   62.252
217.249   60.0355
298.226   57.1365
397.456   53.7743
518.571   50.1123
666.154   46.2787
845.924   42.3773
1064.98   38.4939
1332.08   34.6995
1658.05   31.0518
2056.2   27.5967
2542.93   24.3682
3138.29   21.3898
+KVIDZALine
ID:Z=45 A=103
45	103
20
0.0867023   31.8538
1.51968   39.532
5.73436   48.2962
14.0836   56.4892
31.3264   62.0067
60.0061   64.5946
100.658   64.9592
153.83   63.7995
220.834   61.599
303.783   58.6819
405.578   55.2758
529.981   51.5504
681.744   47.6387
866.805   43.6488
1092.54   39.6701
1368.06   35.7767
1704.63   32.0293
2116.13   28.4757
2619.65   25.1522
3236.14   22.0836
+KVIDZALine
ID:Z=46 A=106
46	106
20
0.0869271   31.9331
1.49799   39.6686
5.66651   48.5704
13.8501   57.0814
30.868   62.9862
59.5464   65.8949
100.588   66.4756
154.586   65.4445
222.892   63.307
307.689   60.4033
411.986   56.9727
539.69   53.1936
695.751   49.2058
886.359   45.1233
1119.21   41.0404
1403.85   37.0356
1752.05   33.1732
2178.4   29.5045
2700.82   26.0685
3341.37   22.8923
+KVIDZALine
ID:Z=47 A=109
47	109
20
0.0887288   32.0143
1.47115   39.7542
5.57572   48.7818
13.6031   57.6043
30.3784   63.8995
59.0255   67.1376
100.43   67.9422
155.236   67.0456
224.84   64.9753
311.497   62.0884
418.33   58.6361
549.403   54.8054
709.869   50.7435
906.19   46.5699
1146.41   42.3841
1440.51   38.2689
1800.85   34.2928
2242.72   30.5102
2785   26.9628
3450.87   23.68
!
# ASCII file generated by KVIDZAGrid::WriteToAsciiFile
# ID Graph Name : VID_CHI_SI_15mbar
# This file can be read using KVIDZAGrid::ReadFromAsciiFile
# 
++KVIDZAGrid
<NAME> VID_CHI_SI_15mbar
<VARX> KVHarpeeSi::GetEnergy
<VARY> KVHarpeeIC::GetEnergy
<PARAMETER> Runlist=80-254
<PARAMETER> IDTelescopes=VID_CHI_SI_10,VID_CHI_SI_11,VID_CHI_SI_12,VID_CHI_SI_13
OnlyZId 0
+KVIDZALine
ID:Z=4 A=9
4	9
20
0.86583   3.24539
1.83762   3.15498
3.58683   2.67278
5.72476   2.22072
7.86269   1.84903
10.3893   1.50748
12.7216   1.2262
15.4426   0.975057
18.5524   0.744002
21.6621   0.543088
25.3549   0.37231
29.4364   0.201533
33.9066   0.0910292
39.1542   -0.0496107
44.985   -0.160114
51.5931   -0.250526
58.9787   -0.330891
67.5304   -0.421303
77.0539   -0.471531
87.9379   -0.531806
+KVIDZALine
ID:Z=5 A=11
5	11
20
0.151095   4.9716
0.790594   5.02088
3.02884   4.44597
5.90658   3.80535
8.78432   3.27971
11.9818   2.81978
15.4991   2.40912
19.0163   2.04775
23.4928   1.7028
27.9693   1.39071
33.0853   1.12789
38.8408   0.865062
45.2357   0.618675
52.2702   0.388709
60.5837   0.158744
70.1762   -0.0547962
80.7279   -0.219058
92.8784   -0.416172
106.308   -0.613285
121.976   -0.810399
+KVIDZALine
ID:Z=6 A=12
6	12
20
-0.168654   6.72919
1.11034   6.74562
3.98809   5.9736
7.82508   5.21799
11.3423   4.54453
15.4991   3.9696
19.6558   3.4604
24.7718   3.03331
29.8878   2.60624
35.6433   2.26129
42.0382   1.93277
49.3925   1.60424
57.706   1.35785
66.6589   1.11146
77.2107   0.865062
89.3611   0.651528
102.791   0.437988
118.458   0.273726
136.045   0.0601865
155.869   -0.120501
+KVIDZALine
ID:Z=7 A=14
7	14
20
0.470844   8.60177
2.06959   8.73319
5.58683   7.81332
10.0633   6.89346
14.8596   6.08858
19.6558   5.3494
25.4113   4.69236
31.1668   4.1503
37.8815   3.64108
44.916   3.18115
53.2295   2.7705
62.5022   2.3927
73.0539   2.03133
84.5649   1.71923
97.9944   1.42356
113.342   1.17716
130.609   0.897916
150.113   0.667953
172.816   0.421561
198.396   0.191596
+KVIDZALine
ID:Z=8 A=16
8	16
20
-0.396449   9.77031
1.30261   10.1732
5.26708   9.16596
10.6474   8.10112
16.311   7.15139
22.2577   6.33117
28.7707   5.5829
36.1333   4.93535
44.0623   4.35976
52.8408   3.82734
63.0351   3.35247
74.9285   2.97834
87.1051   2.58981
101.264   2.27324
116.555   1.8991
137.227   1.58252
159.882   1.29473
184.235   1.0501
208.305   0.848646
244.834   0.604014
+KVIDZALine
ID:Z=9 A=18
9	18
20
-0.396449   11.5115
1.30261   12.1159
5.83344   11.1661
11.7801   9.95736
18.5764   8.86378
25.6558   7.87088
33.3016   7.02188
41.7969   6.21605
51.1417   5.51095
61.6192   4.89219
73.7958   4.3022
87.3883   3.78416
102.397   3.29492
119.954   2.84883
139.493   2.4603
162.147   2.10055
187.916   1.7552
217.65   1.43862
251.631   1.15083
290.709   0.877424
+KVIDZALine
ID:Z=10 A=20
10	20
20
-0.113272   12.749
1.58579   13.6988
6.11661   12.821
12.9129   11.5546
20.5586   10.346
28.4876   9.25231
37.5492   8.27379
47.1772   7.38162
58.2211   6.5758
70.3977   5.82752
84.2734   5.13681
100.131   4.53244
117.971   3.95685
138.36   3.4532
161.581   2.97834
188.482   2.54664
219.065   2.12933
254.179   1.76959
294.674   1.40985
341.398   1.09327
+KVIDZALine
ID:Z=11 A=22
11	22
20
0.0970297   13.8629
1.80882   15.1098
6.5403   14.4219
13.8897   13.1328
22.1419   11.8664
31.1992   10.6959
41.1964   9.62524
52.3174   8.64732
64.7759   7.75431
78.8156   6.93915
94.7158   6.19574
112.797   5.51876
133.428   4.90352
157.034   4.34569
184.107   3.84125
215.215   3.38633
251.013   2.97724
292.261   2.61034
339.835   2.28215
394.652   1.98926
+KVIDZALine
ID:Z=12 A=24
12	24
20
0.095834   14.9881
1.85678   16.5279
6.68682   16.0522
14.5879   14.7603
23.6602   13.4235
33.7143   12.1602
44.8789   10.9884
57.3546   9.90734
71.3821   8.9122
87.2408   7.99777
105.253   7.15904
125.793   6.39148
149.29   5.69085
176.246   5.05317
207.238   4.47458
242.937   3.95127
284.121   3.4795
331.692   3.05551
386.696   2.67563
450.285   2.33621
+KVIDZALine
ID:Z=13 A=26
13	26
20
0.0867014   16.0567
1.92429   17.9096
6.89055   17.6453
15.3149   16.3723
25.1899   14.9806
36.2364   13.6346
48.575   12.3685
62.4219   11.1886
78.0456   10.0941
95.7621   9.08172
115.94   8.14805
139.006   7.28952
165.457   6.50255
195.872   5.78363
230.921   5.12922
271.385   4.53567
318.171   3.99927
372.334   3.51624
435.098   3.08275
507.806   2.69496
+KVIDZALine
ID:Z=14 A=28
14	28
20
0.090932   17.1358
1.50575   18.5297
6.3908   18.9701
15.9904   17.9868
26.648   16.555
38.6812   15.136
52.1997   13.7818
67.4349   12.507
84.6837   11.3151
104.3   10.2056
126.701   9.17678
152.371   8.22629
181.877   7.35145
215.88   6.54937
255.151   5.81692
300.587   5.15074
353.234   4.54727
414.312   4.00273
485.242   3.51323
567.584   3.07476
+KVIDZALine
ID:Z=15 A=30
15	30
20
0.0940196   18.1796
1.85057   19.3739
6.83386   20.0154
16.4731   19.6123
27.8782   18.1551
40.8797   16.671
55.5708   15.2329
72.1972   13.8651
91.085   12.5762
112.629   11.3687
137.294   10.243
165.629   9.19829
198.275   8.23292
235.982   7.34475
279.626   6.53123
330.234   5.78935
389.002   5.11578
457.33   4.50685
536.851   3.95861
629.378   3.46695
+KVIDZALine
ID:Z=16 A=32
16	32
20
0.0881881   19.1452
1.90805   20.3651
8.38558   21.198
16.9829   20.9771
29.2117   19.7379
43.1744   18.2013
59.0402   16.689
77.0691   15.2353
97.6162   13.8544
121.117   12.5526
148.089   11.3324
179.143   10.1947
214.997   9.1393
256.495   8.16483
304.622   7.26951
360.536   6.45085
425.592   5.70582
501.376   5.03093
589.744   4.42233
692.79   3.8758
+KVIDZALine
ID:Z=17 A=34
17	34
20
0.00814875   20.1547
1.70345   21.6714
8.05747   22.2004
17.4736   21.9499
30.2667   20.7118
45.0713   19.35
61.8056   17.9906
81.5003   16.6572
103.904   15.1716
131.273   13.9473
159.557   12.8885
193.329   11.5852
233.31   10.4449
281.005   9.28162
335.276   8.37691
394.573   7.40757
463.786   6.64953
547.286   5.82605
643.824   4.9265
757.801   4.30747
+KVIDZALine
ID:Z=18 A=37
18	37
20
-0.0380361   20.8959
2.25287   22.8244
8.22988   23.5218
16.4123   23.2501
29.4395   22.1136
45.6997   20.7742
64.242   19.5158
84.3887   18.2598
108.84   16.8796
136.281   15.55
170.955   14.1917
207.471   12.807
250.742   11.5852
304.121   10.3802
358.392   9.217
417.688   8.46977
507.13   7.33577
597.642   6.28354
706.092   5.51223
833.511   4.8222
+KVIDZALine
ID:Z=19 A=39
19	39
20
0.0928665   21.7122
2.33918   24.9143
8.10345   25.4555
16.9415   25.5963
31.3563   24.2008
48.0387   22.8053
68.0192   21.4317
90.3472   19.7417
116.066   18.0907
145.747   16.4997
183.518   15.0977
225.729   13.8052
269.95   12.4481
325.226   11.0911
386.533   9.92786
457.339   8.79248
544.737   7.99139
644.141   6.80051
762.783   5.98488
902.046   5.24971
+KVIDZALine
ID:Z=20 A=41
20	41
20
0.092201   22.5347
2.08365   26.1856
7.38916   28.016
18.1395   27.6259
32.8071   26.3293
50.4177   24.7074
70.9344   22.9723
94.6601   21.2159
122.074   19.4846
153.793   17.8053
190.573   16.1944
233.322   14.663
283.12   13.2183
341.253   11.8653
409.24   10.6066
488.882   9.44333
582.305   8.37491
692.022   7.39962
821.001   6.51455
972.664   5.71587
+KVIDZALine
ID:Z=21 A=43
21	43
20
0.0885064   23.3102
2.11746   27.2395
7.49319   29.3507
18.4893   29.1409
33.7394   27.9105
52.2157   26.2886
73.8583   24.5152
98.9812   22.6968
128.094   20.8885
161.863   19.1228
201.103   17.4199
246.799   15.794
300.128   14.2546
362.489   12.8082
435.544   11.4588
521.263   10.2088
621.978   9.05855
740.451   8.00671
879.946   7.05088
1044.25   6.18741
+KVIDZALine
ID:Z=22 A=46
22	46
20
0.0903109   23.8482
2.04974   27.9901
7.25779   30.5897
18.1611   30.7352
33.8065   29.6645
53.0645   28.0919
75.8163   26.305
102.377   24.4346
133.288   22.5498
169.268   20.691
211.209   18.8852
260.189   17.1502
317.504   15.4991
384.698   13.9413
463.613   12.4827
556.437   11.1276
665.768   9.87715
794.691   8.73155
946.862   7.68883
1126.54   6.74574
+KVIDZALine
ID:Z=23 A=48
23	48
20
0.0878645   24.5479
2.07712   28.9559
7.33922   31.8399
18.4219   32.2022
34.5738   31.2328
54.6408   29.6858
78.4801   27.8788
106.416   25.9591
139.022   24.0056
177.066   22.0656
221.503   20.1703
273.495   18.3413
334.438   16.5942
406.004   14.9405
490.186   13.3881
589.36   11.9423
706.349   10.6056
844.51   9.37902
1007.83   8.26104
1200.96   7.24883
+KVIDZALine
ID:Z=24 A=50
24	50
20
0.0878968   25.2234
2.07618   29.8498
7.34961   33.0461
18.5451   33.6551
35.1521   32.8064
55.9931   31.2971
80.896   29.4772
110.193   27.5124
144.489   25.4924
184.602   23.4717
231.554   21.4866
286.594   19.5623
351.224   17.7174
427.248   15.9655
516.82   14.3166
622.513   12.7774
747.39   11.3518
895.101   10.0415
1069.99   8.8458
1277.13   7.76216
+KVIDZALine
ID:Z=25 A=53
25	53
20
0.0865878   25.6102
2.02177   30.4543
7.15698   34.0972
18.1778   35.1118
35.0359   34.4869
56.5403   33.0761
82.4636   31.2789
113.135   29.288
149.192   27.2096
191.508   25.1083
241.186   23.0274
299.576   20.9976
368.311   19.0416
449.355   17.1763
545.064   15.4146
658.253   13.7651
792.289   12.2338
951.188   10.8235
1139.74   9.53449
1363.58   8.36505
+KVIDZALine
ID:Z=26 A=55
26	55
20
0.0869257   26.2287
2.018   31.2746
7.16305   35.2175
18.2536   36.5028
35.4942   36.0313
57.7113   34.6843
84.6529   32.8932
116.655   30.871
154.386   28.7358
198.773   26.5599
250.987   24.3927
312.469   22.2689
384.967   20.2146
470.584   18.2496
571.85   16.3887
691.793   14.6427
834.038   13.0186
1002.92   11.5206
1203.61   10.1499
1442.22   8.90523
+KVIDZALine
ID:Z=27 A=57
27	57
20
0.0910469   26.8605
2.00456   32.0548
7.14775   36.3009
18.2826   37.8685
35.876   37.5621
58.7838   36.2874
86.7294   34.5084
120.055   32.4585
159.461   30.2685
205.928   28.0196
260.701   25.7663
325.312   23.5485
401.628   21.3954
491.899   19.3296
598.834   17.3685
725.685   15.5247
876.347   13.8067
1055.49   12.2201
1268.69   10.7667
1522.54   9.44576
+KVIDZALine
ID:Z=28 A=60
28	60
20
0.0869985   27.104
1.96228   32.5254
6.98859   37.1733
17.8958   39.1783
35.6054   39.1553
59.0553   38.0284
87.9268   36.3088
122.558   34.2598
163.682   32.0305
212.336   29.7138
269.851   27.3728
337.872   25.0533
418.405   22.7899
513.878   20.6091
627.222   18.5316
761.962   16.5725
922.334   14.743
1113.42   13.05
1341.31   11.4969
1613.23   10.0839
+KVIDZALine
ID:Z=29 A=62
29	62
20
0.089969   27.6079
1.9264   33.1791
6.90094   38.1425
17.7456   40.4775
35.6927   40.6621
59.7408   39.6363
89.5434   37.9476
125.44   35.8836
168.195   33.6074
218.9   31.222
278.962   28.7971
350.124   26.3834
434.52   24.0197
534.734   21.7355
653.892   19.5543
795.761   17.4934
964.873   15.5657
1166.68   13.7796
1407.72   12.1395
1695.76   10.6463
+KVIDZALine
ID:Z=30 A=65
30	65
20
0.0903531   27.85
1.88396   33.5945
6.75555   38.9013
17.3524   41.6808
35.3295   42.1816
59.8316   41.3337
90.4846   39.7272
127.623   37.6808
172.042   35.3777
224.894   32.9331
287.671   30.4262
362.234   27.9146
450.862   25.4421
556.328   23.0431
681.99   20.7444
831.905   18.5666
1010.97   16.5249
1225.07   14.6297
1481.31   12.8872
1788.13   11.2992
+KVIDZALine
ID:Z=31 A=67
31	67
20
0.0903541   28.3426
1.87593   34.2628
6.74614   39.8349
17.3373   42.9217
35.5442   43.6433
60.6203   42.9167
92.1876   41.3599
130.587   39.3136
176.648   36.9757
231.579   34.4717
296.951   31.8876
374.727   29.2864
467.32   26.7164
577.666   24.2153
709.331   21.813
866.625   19.5324
1054.76   17.3908
1280.01   15.4004
1549.95   13.5682
1873.63   11.8973
+KVIDZALine
ID:Z=32 A=70
32	70
20
0.0889323   28.5261
1.82719   34.5986
6.59917   40.482
16.9247   44.0156
35.0816   45.0851
60.5239   44.5679
92.8665   43.1182
132.447   41.1087
180.126   38.758
237.173   36.2053
305.25   33.5466
386.443   30.8523
483.319   28.1765
599.013   25.5615
737.341   23.0414
902.924   20.6424
1101.36   18.3848
1339.41   16.2827
1625.26   14.3451
1968.67   12.5764
+KVIDZALine
ID:Z=33 A=72
33	72
20
0.0894778   28.9745
1.81829   35.2115
6.58253   41.3483
16.8823   45.1923
35.2199   46.4982
61.1837   46.1178
94.395   44.7295
135.199   42.7287
184.488   40.3496
243.591   37.7417
314.252   35.0087
398.661   32.2265
499.523   29.4537
620.147   26.7367
764.562   24.1123
937.66   21.6096
1145.37   19.2509
1394.87   17.0522
1694.83   15.0237
2055.67   13.1708
+KVIDZALine
ID:Z=34 A=75
34	75
20
0.0866287   29.0913
1.78419   35.5079
6.46882   41.9197
16.5209   46.1941
34.7648   47.865
61.0291   47.7179
94.9545   46.4575
136.887   44.5101
187.75   42.131
248.937   39.4843
322.282   36.6839
410.102   33.8134
515.264   30.9377
641.282   28.1083
792.444   25.3663
973.971   22.7443
1192.2   20.2679
1454.81   17.9553
1771.12   15.819
2152.32   13.8655
+KVIDZALine
ID:Z=35 A=77
35	77
20
0.0862179   29.3502
1.74638   35.9228
6.35624   42.6123
16.2304   47.2661
34.4799   49.2369
61.1215   49.268
95.7992   48.0945
138.856   46.1716
191.247   43.7739
254.419   41.0779
330.295   38.2059
421.305   35.2482
530.462   32.2745
661.468   29.3406
818.847   26.4911
1008.11   23.7614
1235.97   21.1794
1510.55   18.7656
1841.76   16.5339
2241.49   14.4917
+KVIDZALine
ID:Z=36 A=80
36	80
20
0.0881465   29.5137
1.70271   36.1528
6.23563   43.0889
15.8539   48.1682
33.9471   50.5281
60.8121   50.8195
96.139   49.7953
140.275   47.9416
194.206   45.5556
259.447   42.829
338.018   39.8954
432.479   36.8531
546.018   33.7787
682.557   30.733
846.899   27.7654
1044.91   24.9154
1283.74   22.214
1572.09   19.6844
1920.53   17.3425
2341.82   15.1977
+KVIDZALine
ID:Z=37 A=82
37	82
20
0.0884815   29.9136
1.69469   36.6927
6.22331   43.8471
15.8092   49.2234
34.0092   51.8439
61.2945   52.305
97.3951   51.3708
142.671   49.5488
198.144   47.1524
265.388   44.3846
346.506   41.3869
444.174   38.2643
561.725   35.0979
703.265   31.9529
873.832   28.882
1079.58   25.9276
1328.03   23.1235
1628.33   20.4946
1991.63   18.0586
2431.39   15.8261
+KVIDZALine
ID:Z=38 A=85
38	85
20
0.086255   29.9914
1.66831   36.9181
6.13845   44.2915
15.5049   50.0641
33.5454   53.0721
61.0184   53.8059
97.7269   53.0354
144.043   51.2958
201.023   48.9228
270.307   46.1347
354.098   43.0842
455.208   39.8842
577.146   36.6228
724.245   33.3706
901.831   30.185
1116.43   27.1126
1376   24.1903
1690.3   21.4461
2071.17   18.8998
2532.99   16.5638
+KVIDZALine
ID:Z=39 A=87
39	87
20
0.086858   30.3691
1.66163   37.4276
6.12825   45.0081
15.4641   51.0703
33.5937   54.3446
61.4576   55.2591
98.9142   54.5892
146.354   52.8903
204.87   50.5142
276.165   47.6908
362.532   44.581
466.901   41.3043
592.935   37.9535
745.165   34.6038
929.162   31.3159
1151.76   28.1396
1421.33   25.1143
1748.07   22.2704
2144.48   19.6293
2625.68   17.2045
+KVIDZALine
ID:Z=40 A=90
40	90
20
0.0865267   30.4411
1.62647   37.5854
6.02689   45.3645
15.1231   51.8165
33.0316   55.4946
60.9983   56.7044
98.9792   56.2171
147.382   54.6155
207.332   52.2739
280.6   49.4388
369.58   46.2824
477.343   42.9328
607.732   39.49
765.513   36.0347
956.559   32.6328
1188.09   29.338
1468.94   26.1934
1809.94   23.2325
2224.33   20.4791
2728.2   17.9488
+KVIDZALine
ID:Z=41 A=93
41	93
20
0.0885207   30.5362
1.58973   37.7105
5.92562   45.6728
14.7827   52.5051
32.4466   56.5923
60.4737   58.1091
98.9357   57.8155
148.26   56.32
209.608   54.0207
284.817   51.1801
376.386   47.9824
487.526   44.5643
622.268   41.0332
785.619   37.4751
983.761   33.9612
1224.3   30.5495
1516.58   27.2868
1872.06   24.2094
2304.76   21.3441
2831.79   18.7081
+KVIDZALine
ID:Z=42 A=95
42	95
20
0.0865805   30.7302
1.5754   38.0616
5.87632   46.2259
14.6135   53.3804
32.2249   57.783
60.4988   59.5201
99.584   59.353
149.922   57.9152
212.706   55.6246
289.836   52.7573
383.903   49.5065
498.243   46.016
637.052   42.3983
805.549   38.7442
1010.18   35.1284
1258.9   31.6122
1561.46   28.2453
1929.88   25.0662
2378.86   22.1035
2926.33   19.376
+KVIDZALine
ID:Z=43 A=98
43	98
20
0.0867763   30.817
1.5509   38.2185
5.80909   46.543
14.3638   54.0384
31.7737   58.8292
60.1164   60.8711
99.6798   60.9022
150.939   59.5771
215.127   57.3354
294.215   54.4692
390.902   51.1831
508.671   47.6298
651.912   43.9284
826.093   40.1757
1037.98   36.4514
1295.94   32.821
1610.26   29.3379
1993.59   26.0439
2461.47   22.9699
3032.89   20.1373
+KVIDZALine
ID:Z=44 A=101
44	101
20
0.0883337   30.9228
1.52056   38.3402
5.73218   46.8122
14.0922   54.6424
31.2657   59.8273
59.6225   62.1855
99.6045   62.4248
151.723   61.2202
217.249   59.0334
298.226   56.1733
397.456   52.8562
518.571   49.2433
666.154   45.4612
845.924   41.6121
1064.98   37.7808
1332.08   34.0373
1658.05   30.4385
2056.2   27.0297
2542.93   23.8446
3138.29   20.9061
+KVIDZALine
ID:Z=45 A=103
45	103
20
0.0867023   31.2297
1.51968   38.805
5.73436   47.4516
14.0836   55.5347
31.3264   60.9782
60.0061   63.5314
100.658   63.8911
153.83   62.7469
220.834   60.576
303.783   57.698
405.578   54.3376
529.981   50.6621
681.744   46.8029
866.805   42.8665
1092.54   38.9412
1368.06   35.1
1704.63   31.4029
2116.13   27.897
2619.65   24.618
3236.14   21.5906
+KVIDZALine
ID:Z=46 A=106
46	106
20
0.0869271   31.308
1.49799   38.9397
5.66651   47.7221
13.8501   56.119
30.868   61.9445
59.5464   64.8142
100.588   65.3871
154.586   64.3699
222.892   62.261
307.689   59.3963
411.986   56.0117
539.69   52.2833
695.751   48.349
886.359   44.3213
1119.21   40.2931
1403.85   36.342
1752.05   32.5314
2178.4   28.912
2700.82   25.522
3341.37   22.3885
+KVIDZALine
ID:Z=47 A=109
47	109
20
0.0887288   31.3881
1.47115   39.0242
5.57572   47.9307
13.6031   56.6348
30.3784   62.8456
59.0255   66.0403
100.43   66.8341
155.236   65.9495
224.84   63.907
311.497   61.0588
418.33   57.6528
549.403   53.8735
709.869   49.8661
906.19   45.7484
1146.41   41.6188
1440.51   37.5588
1800.85   33.636
2242.72   29.9042
2785   26.4044
3450.87   23.1656
!
# ASCII file generated by KVIDZAGrid::WriteToAsciiFile
# ID Graph Name : VID_CHI_SI_15mbar
# This file can be read using KVIDZAGrid::ReadFromAsciiFile
# 
++KVIDZAGrid
<NAME> VID_CHI_SI_15mbar
<VARX> KVHarpeeSi::GetEnergy
<VARY> KVHarpeeIC::GetEnergy
<PARAMETER> Runlist=80-254
<PARAMETER> IDTelescopes=VID_CHI_SI_05,VID_CHI_SI_14
OnlyZId 0
+KVIDZALine
ID:Z=4 A=9
4	9
20
0.865139   3.95706
1.83695   3.86541
3.58624   3.37598
5.72425   2.91723
7.86225   2.54011
10.3889   2.19366
12.7213   1.9084
15.4423   1.6538
18.5522   1.41968
21.6619   1.21617
25.3547   1.04337
29.4362   0.870635
33.9065   0.759185
39.1541   0.617263
44.9849   0.506051
51.593   0.41538
58.9786   0.335048
67.5304   0.244716
77.0539   0.195366
87.9379   0.136049
+KVIDZALine
ID:Z=5 A=11
5	11
20
0.150098   5.71012
0.789589   5.76028
3.02794   5.17677
5.90579   4.52665
8.78362   3.9933
11.9812   3.52674
15.4986   3.11028
19.0158   2.74388
23.4924   2.39432
27.9689   2.07813
33.085   1.8121
38.8405   1.54617
45.2355   1.29705
52.27   1.06472
60.5836   0.832613
70.1761   0.617411
80.7278   0.452425
92.8784   0.254352
106.308   0.0565029
121.976   -0.140956
+KVIDZALine
ID:Z=6 A=12
6	12
20
-0.169962   7.49511
1.10903   7.51202
3.98692   6.72844
7.82404   5.9617
11.3414   5.27832
15.4983   4.69514
19.6551   4.17871
24.7711   3.74584
29.8872   3.31299
35.6428   2.96366
42.0377   2.63112
49.3921   2.29874
57.7056   2.04995
66.6586   1.80128
77.2104   1.55287
89.3609   1.33812
102.791   1.12359
118.458   0.959493
136.045   0.745687
155.869   0.565636
+KVIDZALine
ID:Z=7 A=14
7	14
20
0.469204   9.39706
2.06793   9.53081
5.58533   8.59719
10.062   7.66373
14.8584   6.84712
19.6547   6.09723
25.4104   5.43092
31.1659   4.88139
37.8807   4.36539
44.9153   3.89951
53.2289   3.48389
62.5017   3.10181
73.0534   2.73663
84.5645   2.42166
97.994   2.12372
113.342   1.87615
130.609   1.59556
150.113   1.3654
172.816   1.11913
198.396   0.890031
+KVIDZALine
ID:Z=8 A=16
8	16
20
-0.398296   10.5837
1.30069   10.9932
5.26534   9.9709
10.6458   8.89036
16.3096   7.92679
22.2565   7.09478
28.7696   6.33596
36.1323   5.67958
44.0614   5.09638
52.84   4.55717
63.0344   4.07667
74.9279   3.69877
87.1045   3.30629
101.263   2.98724
116.555   2.60993
137.227   2.29201
159.882   2.00368
184.235   1.75947
208.305   1.55908
244.834   1.317
+KVIDZALine
ID:Z=9 A=18
9	18
20
-0.398605   12.3521
1.30035   12.9663
5.83135   12.0024
11.7782   10.7758
18.5747   9.66632
25.6543   8.65915
33.3002   7.79822
41.7957   6.98128
51.1406   6.26679
61.6182   5.64019
73.7949   5.04311
87.3875   4.51935
102.396   4.02508
119.953   3.57509
139.492   3.1839
162.147   2.82249
187.916   2.47624
217.65   2.1599
251.631   1.87354
290.709   1.60269
+KVIDZALine
ID:Z=10 A=20
10	20
20
-0.115647   13.609
1.58325   14.5739
6.11422   13.6832
12.9107   12.3982
20.5567   11.172
28.4858   10.0627
37.5476   9.07043
47.1758   8.166
58.2198   7.34951
70.3966   6.59167
84.2724   5.89259
100.13   5.28155
117.97   4.70007
138.359   4.19212
161.58   3.71389
188.481   3.28014
219.065   2.86165
254.179   2.50242
294.674   2.14412
341.398   1.83075
+KVIDZALine
ID:Z=11 A=22
11	22
20
0.094457   14.7403
1.80603   16.007
6.53763   15.3091
13.8873   14.0012
22.1397   12.7165
31.1972   11.5293
41.1946   10.4436
52.3158   9.45236
64.7744   8.54758
78.8143   7.72214
94.7146   6.96988
112.796   6.28549
133.427   5.66423
157.033   5.10181
184.106   4.59421
215.214   4.13762
251.012   3.72838
292.26   3.36295
339.834   3.03793
394.652   2.75003
+KVIDZALine
ID:Z=12 A=24
12	24
20
0.0930619   15.8831
1.85373   17.4473
6.68386   16.965
14.5852   15.6542
23.6577   14.2982
33.712   13.0169
44.8768   11.8288
57.3527   10.733
71.3804   9.72472
87.2393   8.79876
105.252   7.95008
125.792   7.1741
149.289   6.46663
176.245   5.8237
207.237   5.24147
242.936   4.71622
284.12   4.24426
331.691   3.82196
386.695   3.44574
450.284   3.11212
+KVIDZALine
ID:Z=13 A=26
13	26
20
0.0837399   16.9684
1.921   18.8506
6.88731   18.583
15.3119   17.2916
25.1871   15.8798
36.2339   14.5147
48.5727   13.231
62.4198   12.0351
78.0437   10.9262
95.7604   9.90114
115.938   8.95641
139.005   8.08848
165.456   7.29383
195.871   6.56899
230.92   5.91047
271.384   5.31471
318.17   4.7781
372.333   4.29697
435.097   3.86767
507.805   3.48651
+KVIDZALine
ID:Z=14 A=28
14	28
20
0.0877792   18.0643
1.50235   19.4803
6.38732   19.9284
15.9871   18.9314
26.6449   17.4791
38.6784   16.04
52.1971   14.667
67.4326   13.375
84.6816   12.1675
104.298   11.0441
126.699   10.0031
152.369   9.04222
181.876   8.15887
215.879   7.35019
255.15   6.61315
300.586   5.9445
353.233   5.34078
414.311   4.7984
485.241   4.31362
567.583   3.88268
+KVIDZALine
ID:Z=15 A=30
15	30
20
0.0906818   19.1244
1.84702   20.3378
6.8302   20.9901
16.4695   20.5824
27.8749   19.1044
40.8766   17.5994
55.568   16.1414
72.1946   14.7552
91.0827   13.4494
112.627   12.2268
137.292   11.0878
165.627   10.0317
198.273   9.05697
235.981   8.16151
279.625   7.34289
330.233   6.59825
389.001   5.92442
457.329   5.3179
536.85   4.77497
629.377   4.29178
+KVIDZALine
ID:Z=16 A=32
16	32
20
0.0846791   20.1052
1.90432   21.3444
8.38171   22.1915
16.9791   21.9687
29.2081   20.7122
43.1711   19.154
59.0371   17.6209
77.0663   16.1476
97.6136   14.7487
121.115   13.4307
148.087   12.1961
179.141   11.0461
214.995   9.98042
256.493   8.99798
304.621   8.09707
360.535   7.27537
425.591   6.53006
501.375   5.85786
589.743   5.25517
692.789   4.71808
+KVIDZALine
ID:Z=17 A=34
17	34
20
0.00446079   21.1304
1.69949   22.6711
8.05342   23.2095
17.4696   22.9567
30.2629   21.7015
45.0678   20.321
61.8023   18.9433
81.4972   17.5925
103.901   16.0876
131.27   14.849
159.555   13.7785
193.327   12.4608
233.308   11.3097
281.003   10.1365
335.274   9.22712
394.572   8.25299
463.785   7.49518
547.285   6.67341
643.823   5.77666
757.8   5.16784
+KVIDZALine
ID:Z=18 A=37
18	37
20
-0.0418554   21.8832
2.24871   23.8422
8.2256   24.5516
16.4081   24.2771
29.4355   23.125
45.6959   21.7676
64.2384   20.4927
84.3853   19.2206
108.837   17.8232
136.278   16.4776
170.952   15.1041
207.469   13.7041
250.74   12.4708
304.119   11.2563
358.39   10.0844
417.686   9.33581
507.129   8.1997
597.641   7.14684
706.091   6.3824
833.51   5.70383
+KVIDZALine
ID:Z=19 A=39
19	39
20
0.0889025   22.7123
2.33465   25.9648
8.09882   26.5154
16.9368   26.66
31.3519   25.2452
48.0345   23.8308
68.0153   22.4392
90.3436   20.7268
116.063   19.0544
145.744   17.4438
183.515   16.0264
225.726   14.7211
269.948   13.3505
325.224   11.9819
386.531   10.8113
457.337   9.67049
544.735   8.87214
644.14   7.68
762.782   6.87234
902.045   6.14998
+KVIDZALine
ID:Z=20 A=41
20	41
20
0.0880912   23.5476
2.07889   27.2559
7.38408   29.1159
18.1345   28.7215
32.8023   27.4072
50.4132   25.7631
70.9302   24.0044
94.6562   22.2247
122.07   20.4712
153.79   18.7711
190.57   17.1415
233.319   15.5936
283.118   14.1351
341.251   12.7711
409.238   11.5046
488.88   10.337
582.303   9.2682
692.021   8.29682
821   7.42044
972.663   6.63575
+KVIDZALine
ID:Z=21 A=43
21	43
20
0.0842591   24.3352
2.11252   28.3263
7.48787   30.4714
18.484   30.2603
33.7343   29.0132
52.2109   27.3693
73.8538   25.572
98.9771   23.7295
128.09   21.8981
161.859   20.1106
201.1   18.388
246.796   16.7447
300.125   15.1905
362.487   13.7324
435.542   12.3747
521.261   11.1201
621.976   9.96945
740.449   8.92186
879.945   7.97544
1044.25   7.12715
+KVIDZALine
ID:Z=22 A=46
22	46
20
0.0859682   24.8816
2.04466   29.0886
7.25225   31.7298
18.1555   31.8794
33.8011   30.7947
53.0594   29.2009
75.8115   27.39
102.373   25.4951
133.284   23.5861
169.264   21.7047
211.206   19.8779
260.186   18.1243
317.501   16.4575
384.695   14.8871
463.611   13.4195
556.435   12.0593
665.766   10.8085
794.689   9.66748
946.861   8.63503
1126.54   7.70857
+KVIDZALine
ID:Z=23 A=48
23	48
20
0.0833978   25.5922
2.07187   30.0694
7.33346   32.9995
18.4161   33.3694
34.5681   32.3876
54.6354   30.82
78.475   28.9889
106.411   27.0441
139.018   25.0657
177.062   23.1021
221.499   21.1849
273.492   19.3364
334.435   17.5727
406.001   15.9056
490.184   14.3437
589.358   12.8925
706.347   11.5554
844.508   10.3338
1007.83   9.22682
1200.96   8.2325
+KVIDZALine
ID:Z=24 A=50
24	50
20
0.0833104   26.2783
2.07077   30.9773
7.34364   34.2244
18.539   34.8449
35.1462   33.9859
55.9874   32.4567
80.8907   30.6126
110.188   28.6223
144.484   26.5767
184.598   24.5315
231.55   22.5235
286.59   20.5787
351.221   18.7163
427.245   16.9503
516.817   15.2913
622.511   13.7465
747.388   12.3204
895.099   11.0154
1069.99   9.83156
1277.13   8.76715
+KVIDZALine
ID:Z=25 A=53
25	53
20
0.0819328   26.6712
2.01626   31.5913
7.15082   35.2919
18.1715   36.3243
35.0297   35.6926
56.5343   34.2636
82.4579   32.4428
113.13   30.4262
149.187   28.3216
191.503   26.1948
241.182   24.09
299.572   22.0387
368.308   20.0642
449.352   18.1839
545.061   16.4113
658.25   14.7559
792.287   13.224
951.186   11.8194
1139.74   10.5432
1363.58   9.39455
+KVIDZALine
ID:Z=26 A=55
26	55
20
0.0821611   27.2994
2.01234   32.4244
7.15669   36.4298
18.247   37.7371
35.4877   37.2612
57.705   35.8971
84.647   34.0827
116.649   32.0345
154.381   29.8725
198.768   27.6704
250.983   25.4784
312.465   23.3321
384.963   21.2584
470.581   19.2777
571.847   17.4054
691.79   15.653
834.036   14.0284
1002.92   12.5365
1203.61   11.1794
1442.22   9.95689
+KVIDZALine
ID:Z=27 A=57
27	57
20
0.0861703   27.941
1.99876   33.2168
7.1412   37.5301
18.2758   39.1241
35.8692   38.8161
58.7773   37.5254
86.7232   35.7235
120.049   33.6474
159.456   31.4301
205.923   29.1541
260.696   26.8752
325.308   24.634
401.624   22.4605
491.895   20.3783
598.831   18.4052
725.682   16.5547
876.344   14.8362
1055.49   13.2561
1268.69   11.8171
1522.54   10.5199
+KVIDZALine
ID:Z=28 A=60
28	60
20
0.0820787   28.1883
1.9564   33.6948
6.98189   38.4162
17.8887   40.4543
35.5983   40.4341
59.0484   39.2937
87.9202   37.5522
122.552   35.4773
163.676   33.2203
212.331   30.8759
269.846   28.5084
337.867   26.1645
418.401   23.8798
513.874   21.6816
627.219   19.5914
761.959   17.6253
922.331   15.7951
1113.42   14.109
1341.31   12.5715
1613.23   11.1839
+KVIDZALine
ID:Z=29 A=62
29	62
20
0.0849599   28.7001
1.9204   34.3587
6.89406   39.4004
17.7383   41.7738
35.6854   41.9644
59.7337   40.9268
89.5366   39.2169
125.434   37.1269
168.189   34.8227
218.894   32.4089
278.957   29.9565
350.119   27.5176
434.516   25.1316
534.73   22.8293
653.888   20.6347
795.758   18.5664
964.87   16.6381
1166.68   14.8593
1407.72   13.2357
1695.76   11.7694
+KVIDZALine
ID:Z=30 A=65
30	65
20
0.0853011   28.9459
1.87789   34.7805
6.74854   40.1711
17.3449   42.9958
35.3219   43.5077
59.8242   42.6507
90.4774   41.0245
127.616   38.9526
172.036   36.6212
224.888   34.1477
287.665   31.6126
362.229   29.0748
450.857   26.5791
556.324   24.1611
681.986   21.8484
831.902   19.6627
1010.97   17.6203
1225.07   15.7329
1481.31   14.0079
1788.13   12.4487
+KVIDZALine
ID:Z=31 A=67
31	67
20
0.0852148   29.4462
1.86974   35.4593
6.73896   41.1192
17.3296   44.2561
35.5363   44.9922
60.6126   44.2587
92.1802   42.683
130.58   40.6115
176.641   38.2451
231.573   35.7115
296.945   33.0984
374.722   30.4701
467.315   27.8762
577.662   25.3553
709.327   22.9384
866.621   20.6496
1054.76   18.5074
1280.01   16.5252
1549.95   14.7115
1873.63   13.071
+KVIDZALine
ID:Z=32 A=70
32	70
20
0.0837604   29.6326
1.82094   35.8003
6.59188   41.7764
16.9168   45.3671
35.0735   46.4564
60.5159   45.9356
92.8587   44.4689
132.44   42.4349
180.119   40.0558
237.166   37.4732
305.244   34.7849
386.437   32.0626
483.314   29.3618
599.008   26.7262
737.337   24.1909
902.92   21.7833
1101.36   19.5251
1339.41   17.4316
1625.26   15.5137
1968.67   13.7773
+KVIDZALine
ID:Z=33 A=72
33	72
20
0.0842265   30.088
1.81193   36.4228
6.57509   42.6562
16.8742   46.5621
35.2115   47.8916
61.1754   47.5099
94.387   46.1056
135.191   44.0807
184.481   41.673
243.584   39.0347
314.246   36.2713
398.655   33.4604
499.518   30.6619
620.142   27.9235
764.558   25.2833
937.656   22.7717
1145.37   20.4124
1394.87   18.2229
1694.83   16.215
2055.67   14.3961
+KVIDZALine
ID:Z=34 A=75
34	75
20
0.0813566   30.2067
1.77778   36.7238
6.46127   43.2366
16.5126   47.5795
34.7562   49.2797
61.0205   49.1349
94.9461   47.8607
136.879   45.8902
187.742   43.4829
248.93   40.8055
322.275   37.9741
410.096   35.0741
515.258   32.1718
641.277   29.3202
792.439   26.5617
973.967   23.9305
1192.2   21.4534
1454.81   19.1506
1771.12   17.0361
2152.32   15.1186
+KVIDZALine
ID:Z=35 A=77
35	77
20
0.0809   30.4696
1.7399   37.1452
6.34857   43.94
16.2219   48.6682
34.4711   50.673
61.1127   50.7092
95.7906   49.5234
138.848   47.578
191.239   45.152
254.412   42.425
330.288   39.5213
421.299   36.5333
530.456   33.5322
661.463   30.5753
818.842   27.7087
1008.11   24.9694
1235.97   22.3868
1510.55   19.9833
1841.76   17.7744
2241.49   15.7702
+KVIDZALine
ID:Z=36 A=80
36	80
20
0.0827996   30.6356
1.69619   37.3788
6.22788   44.424
15.8452   49.5843
33.938   51.9842
60.803   52.2849
96.1301   51.2509
140.266   49.376
194.198   46.962
259.439   44.2043
338.011   41.2385
432.472   38.1652
546.012   35.0625
682.551   31.9931
846.894   29.0079
1044.91   26.1479
1283.74   23.446
1572.09   20.9272
1920.53   18.6094
2341.82   16.5047
+KVIDZALine
ID:Z=37 A=82
37	82
20
0.0830637   31.0418
1.68807   37.9271
6.21542   45.1941
15.8004   50.656
33.9999   53.3206
61.2851   53.7937
97.3859   52.8512
142.662   51.0086
198.136   48.5845
265.38   45.7852
346.499   42.7549
444.167   39.6005
561.719   36.4051
703.259   33.2357
873.827   30.1465
1079.58   27.182
1328.03   24.3773
1628.33   21.7598
1991.63   19.3492
2431.39   17.1585
+KVIDZALine
ID:Z=38 A=85
38	85
20
0.0808234   31.1208
1.66165   38.156
6.13048   45.6453
15.4959   51.5098
33.5359   54.5679
61.0087   55.318
97.7174   54.5419
144.034   52.7832
201.014   50.383
270.299   47.5635
354.09   44.4799
455.201   41.2476
577.139   37.9565
724.239   34.6792
901.826   31.4749
1116.43   28.3919
1376   25.4692
1690.3   22.737
2071.17   20.2174
2532.99   17.9255
+KVIDZALine
ID:Z=39 A=87
39	87
20
0.0813594   31.5045
1.65488   38.6734
6.12016   46.3732
15.4549   52.5317
33.584   55.8603
61.4477   56.794
98.9044   56.1201
146.345   54.403
204.861   51.9999
276.156   49.145
362.524   46.0016
466.894   42.6919
592.928   39.3108
745.159   35.9353
929.156   32.6281
1151.75   29.441
1421.33   26.4156
1748.07   23.5842
2144.48   20.971
2625.68   18.5924
+KVIDZALine
ID:Z=40 A=90
40	90
20
0.0810154   31.5775
1.61969   38.8338
6.01873   46.7351
15.1138   53.2896
33.0216   57.0282
60.9881   58.2618
98.9691   57.7735
147.372   56.1553
207.323   53.7876
280.591   50.921
369.572   47.7308
477.335   44.3477
607.725   40.8739
765.506   37.3921
956.553   33.9704
1188.08   30.6645
1468.94   27.5198
1809.94   24.5722
2224.33   21.8481
2728.2   19.3662
+KVIDZALine
ID:Z=41 A=93
41	93
20
0.0829925   31.6741
1.58293   38.9608
5.91741   47.0482
14.7733   53.9888
32.4365   58.143
60.4633   59.6883
98.9253   59.3969
148.25   57.8866
209.598   55.5621
284.808   52.6902
376.377   49.4585
487.518   46.0065
622.261   42.4437
785.612   38.8586
983.755   35.3243
1224.29   31.9013
1516.58   28.6386
1872.06   25.5752
2304.76   22.7406
2831.79   20.1554
+KVIDZALine
ID:Z=42 A=95
42	95
20
0.0810179   31.8712
1.56854   39.3173
5.86801   47.6099
14.6039   54.8777
32.2145   59.3522
60.4881   61.1214
99.5734   60.9585
149.912   59.5071
212.696   57.1916
289.827   54.2929
383.894   51.0077
498.235   47.4827
637.044   43.8327
805.542   40.1509
1010.17   36.5144
1258.89   32.9867
1561.45   29.62
1929.88   26.4555
2378.86   23.5249
2926.33   20.8503
+KVIDZALine
ID:Z=43 A=98
43	98
20
0.0811984   31.9593
1.54401   39.4767
5.80072   47.932
14.3541   55.546
31.7632   60.4147
60.1055   62.4935
99.6689   62.5319
150.928   61.1951
215.117   58.9296
294.205   56.0324
390.893   52.7118
508.662   49.1235
651.904   45.3893
826.086   41.6084
1037.97   37.8628
1295.93   34.2208
1610.25   30.7381
1993.59   27.4595
2461.47   24.4192
3032.89   21.642
+KVIDZALine
ID:Z=44 A=101
44	101
20
0.082737   32.0668
1.51365   39.6003
5.72377   48.2054
14.0824   56.1594
31.255   61.4283
59.6114   63.8283
99.5933   64.0783
151.712   62.864
217.238   60.6545
298.216   57.7638
397.447   54.4122
518.562   50.764
666.146   46.9485
845.916   43.0707
1064.97   39.2177
1332.07   35.4624
1658.04   31.8643
2056.2   28.4717
2542.93   25.3217
3138.29   22.4413
+KVIDZALine
ID:Z=45 A=103
45	103
20
0.0810512   32.3785
1.51269   40.0723
5.72583   48.8548
14.0736   57.0656
31.3155   62.5972
59.9947   65.1953
100.647   65.5677
153.819   64.4149
220.823   62.2217
303.773   59.3133
405.568   55.9181
529.972   52.207
681.736   48.3139
866.797   44.3484
1092.53   40.4011
1368.05   36.548
1704.62   32.8518
2116.12   29.363
2619.65   26.1207
3236.14   23.1536
+KVIDZALine
ID:Z=46 A=106
46	106
20
0.0812621   32.458
1.49097   40.2092
5.65794   49.1295
13.84   57.659
30.8569   63.5786
59.5348   66.4981
100.576   67.0871
154.574   66.0634
222.881   63.9335
307.678   61.0388
411.976   57.6195
539.681   53.8552
695.742   49.8866
886.351   45.8292
1119.2   41.7788
1403.84   37.8157
1752.04   34.0063
2178.39   30.4047
2700.82   27.053
3341.37   23.9822
+KVIDZALine
ID:Z=47 A=109
47	109
20
0.0830496   32.5393
1.46412   40.2949
5.56711   49.3413
13.5929   58.1829
30.3671   64.4936
59.0137   67.7432
100.418   68.5566
155.224   67.6678
224.829   65.6055
311.486   62.7279
418.32   59.2874
549.393   55.4719
709.86   51.4299
906.182   47.2822
1146.4   43.1299
1440.5   39.0578
1800.84   35.1367
2242.71   31.4236
2785   27.9638
3450.87   24.7906
!
# ASCII file generated by KVIDZAGrid::WriteToAsciiFile
# ID Graph Name : VID_CHI_SI
# This file can be read using KVIDZAGrid::ReadFromAsciiFile
#
++KVIDZAGrid
<NAME> VID_CHI_SI
<VARX> KVHarpeeSi::GetEnergy
<VARY> KVHarpeeIC::GetEnergy
<PARAMETER> Runlist=255-532
<PARAMETER> IDTelescopes=VID_CHI_SI_01,VID_CHI_SI_02,VID_CHI_SI_03,VID_CHI_SI_04,VID_CHI_SI_05,VID_CHI_SI_06,VID_CHI_SI_07,VID_CHI_SI_08,VID_CHI_SI_09,VID_CHI_SI_10,VID_CHI_SI_11,VID_CHI_SI_12,VID_CHI_SI_13,VID_CHI_SI_14,VID_CHI_SI_15,VID_CHI_SI_16,VID_CHI_SI_17,VID_CHI_SI_18
OnlyZId 0
+KVIDZALine
ID:Z=2 A=4
2	4
20
0.149747   1.52966
0.460004   1.35918
1.48323   1.11189
2.36292   0.948259
3.25319   0.822814
4.19641   0.720929
5.22041   0.635469
6.34927   0.562323
7.60679   0.49887
9.01812   0.443318
10.6109   0.394377
12.4158   0.351073
14.4678   0.312644
16.8063   0.278477
19.4766   0.248065
22.5301   0.220977
26.026   0.196843
30.0321   0.175342
34.6261   0.15619
39.6225   0.139134
+KVIDZALine
ID:Z=3 A=7
3	7
20
0.162   2.63143
0.712029   2.66695
2.02568   2.40399
3.6553   2.11361
5.39711   1.85812
7.27235   1.63591
9.32013   1.4416
11.5828   1.27071
14.1062   1.11986
16.941   0.986434
20.1443   0.868352
23.7807   0.763908
27.9242   0.671649
32.6595   0.590304
38.0841   0.518734
44.3099   0.455907
51.466   0.400877
59.7009   0.352775
69.1858   0.310802
79.8948   0.274227
+KVIDZALine
ID:Z=4 A=9
4	9
20
0.123702   3.58033
0.889368   3.81907
2.50801   3.59053
4.80892   3.20427
7.35993   2.83802
10.1412   2.51073
13.2012   2.22024
16.6023   1.96219
20.415   1.73266
24.7193   1.52839
29.6064   1.3467
35.1807   1.18531
41.5627   1.04226
48.891   0.915766
57.3262   0.804217
67.0541   0.706121
78.2896   0.620087
91.2818   0.544816
106.319   0.479102
123.507   0.421828
+KVIDZALine
ID:Z=5 A=11
5	11
20
0.161433   4.6179
0.984173   5.02377
2.82442   4.90591
5.78661   4.43983
9.20318   3.95806
12.9728   3.51615
17.1479   3.11868
21.8121   2.76247
27.0646   2.44348
33.0198   2.15804
39.8095   1.90299
47.586   1.67557
56.5261   1.47332
66.8345   1.29401
78.7497   1.13554
92.5485   0.995943
108.553   0.873359
127.139   0.766021
148.742   0.672267
173.65   0.590543
+KVIDZALine
ID:Z=6 A=12
6	12
20
0.132116   5.90906
1.23363   6.44709
3.77871   6.13832
7.63234   5.51365
11.9711   4.90813
16.7443   4.36085
22.0332   3.87094
27.9476   3.4326
34.6145   3.04023
42.18   2.68906
50.8118   2.37509
60.7039   2.09487
72.0809   1.84538
85.2037   1.62385
100.375   1.42775
117.948   1.25467
138.332   1.10235
162.005   0.968663
189.521   0.851596
221.327   0.749271
+KVIDZALine
ID:Z=7 A=14
7	14
20
0.143496   7.22218
1.29309   7.95868
4.18282   7.70138
8.8827   6.94982
14.2569   6.20141
20.1968   5.51986
26.7984   4.90712
34.1991   4.35709
42.5606   3.86338
52.0696   3.42043
62.9421   3.02353
75.4281   2.66862
89.8185   2.35206
106.452   2.07055
125.722   1.82098
148.089   1.60045
174.088   1.40615
204.345   1.23546
239.587   1.08586
280.587   0.955
+KVIDZALine
ID:Z=8 A=16
8	16
20
0.145087   8.39587
1.36355   9.39144
4.53656   9.23262
10.016   8.38878
16.3996   7.51767
23.5069   6.71411
31.444   5.98571
40.3758   5.32767
50.5001   4.73384
62.0478   4.1986
75.2873   3.71704
90.5313   3.28484
108.145   2.8981
128.554   2.55316
152.256   2.24658
179.834   1.97502
211.967   1.73529
249.452   1.5243
293.219   1.33909
344.211   1.17688
+KVIDZALine
ID:Z=9 A=18
9	18
20
0.125577   9.32903
1.3874   10.6523
4.70256   10.6846
10.7997   9.81246
18.1029   8.85224
26.3243   7.94614
35.5691   7.11345
46.0266   6.3535
57.9316   5.66201
71.5615   5.03436
87.2424   4.46619
105.356   3.95351
126.351   3.49253
150.752   3.07963
179.175   2.71125
212.344   2.38388
251.106   2.09403
296.457   1.83832
349.564   1.6134
411.677   1.41609
+KVIDZALine
ID:Z=10 A=20
10	20
20
0.126368   10.1571
1.36494   11.7569
4.69313   12.0686
11.2459   11.2298
19.3821   10.21
28.6666   9.21787
39.1912   8.29031
51.167   7.43335
64.8664   6.64601
80.6169   5.92553
98.807   5.26877
119.895   4.67252
144.421   4.13352
173.022   3.64843
206.448   3.21383
245.582   2.82621
291.465   2.48197
345.32   2.17746
408.591   1.90908
482.815   1.67327
+KVIDZALine
ID:Z=11 A=22
11	22
20
0.137023   10.8913
1.34632   12.6502
4.65056   13.2757
11.4539   12.5649
20.2747   11.5421
30.5267   10.4968
42.2685   9.49442
55.7257   8.55256
71.2071   7.67613
89.0923   6.86585
109.836   6.12082
133.981   5.43937
162.169   4.81932
195.161   4.25812
233.857   3.75283
279.323   3.30023
332.816   2.89682
395.827   2.53894
470.113   2.22279
557.616   1.94458
+KVIDZALine
ID:Z=12 A=24
12	24
20
0.124751   11.5342
1.34923   13.5791
4.6581   14.4992
11.7166   13.9227
21.2212   12.9041
32.4546   11.8102
45.4411   10.7353
60.4213   9.70951
77.7413   8.74388
97.8352   7.8429
121.228   7.00811
148.55   6.23956
180.551   5.53629
218.123   4.89662
262.326   4.31821
314.418   3.79821
375.893   3.33329
448.521   2.91979
534.398   2.5538
635.852   2.23127
+KVIDZALine
ID:Z=13 A=26
13	26
20
0.132754   12.2541
1.32177   14.4506
4.60796   15.6744
11.8459   15.2617
21.9678   14.2681
34.1379   13.1381
48.3407   11.9986
64.8286   10.8935
83.9857   9.8412
106.302   8.85045
132.377   7.92566
162.931   7.06887
198.83   6.28061
241.106   5.56025
290.989   4.90624
349.946   4.31623
419.72   3.78718
502.388   3.31552
600.415   2.89728
716.595   2.52821
+KVIDZALine
ID:Z=14 A=28
14	28
20
0.132273   12.907
1.31342   15.3047
4.60192   16.8058
12.0056   16.5683
22.7053   15.6182
35.7861   14.4665
51.1943   13.2728
69.1944   12.0958
90.2089   10.962
114.786   9.88476
143.602   8.87185
177.475   7.92758
217.39   7.05417
264.528   6.25231
320.299   5.52136
386.392   4.85964
464.82   4.26454
557.983   3.73268
668.746   3.26013
800.405   2.84253
+KVIDZALine
ID:Z=15 A=30
15	30
20
0.125894   13.5037
1.32453   16.1515
4.64288   17.8993
12.2169   17.8381
23.4645   16.9458
37.4324   15.7851
54.0352   14.5469
73.55   13.3052
96.4388   12.095
123.31   10.9348
154.919   9.83597
192.186   8.80532
236.221   7.84703
288.36   6.96323
350.205   6.15442
423.676   5.41971
511.071   4.75703
615.136   4.16333
739.157   3.63478
886.948   3.16697
+KVIDZALine
ID:Z=16 A=32
16	32
20
0.13068   14.1387
1.28989   16.909
4.57425   18.9354
12.2101   19.0875
23.9121   18.2775
38.6965   17.1225
56.4395   15.8488
77.4274   14.548
102.162   13.2643
131.313   12.0223
165.719   10.8372
206.407   9.7189
254.62   8.67366
311.859   7.70534
379.93   6.81575
461.003   6.00497
557.681   5.27161
673.086   4.61304
810.961   4.02564
975.669   3.50499
+KVIDZALine
ID:Z=17 A=34
17	34
20
0.12283   14.6668
1.28325   17.6715
4.56455   19.9446
12.2812   20.3042
24.4166   19.5869
39.9962   18.4489
58.8677   17.149
81.3288   15.796
107.922   14.4441
139.379   13.1241
176.626   11.8554
220.798   10.6509
273.277   9.51933
335.735   8.46647
410.189   7.49554
499.07   6.60773
605.301   5.80245
732.395   5.07761
884.575   4.42986
1066.81   3.85487
+KVIDZALine
ID:Z=18 A=37
18	37
20
0.128924   15.0165
1.21698   18.1114
4.3204   20.7687
11.7393   21.5176
24.0111   21.0042
40.2119   19.9425
60.1262   18.6475
84.048   17.2568
112.56   15.8402
146.468   14.4381
186.8   13.0764
234.826   11.7728
292.1   10.5396
360.51   9.38557
442.343   8.31609
540.367   7.33414
657.919   6.44046
799.028   5.63383
968.551   4.91147
1172.23   4.26928
+KVIDZALine
ID:Z=19 A=39
19	39
20
0.128286   15.524
1.19778   18.78
4.2723   21.668
11.6863   22.6516
24.2515   22.271
41.1207   21.258
62.0614   19.9596
87.3784   18.533
117.695   17.0593
153.884   15.5862
197.064   14.1446
248.623   12.756
310.267   11.4357
384.072   10.1948
472.559   9.04057
578.787   7.97743
706.454   7.00725
860.032   6.12961
1044.93   5.34223
1267.52   4.64126
+KVIDZALine
ID:Z=20 A=41
20	41
20
0.128297   16.0112
1.17946   19.4228
4.22236   22.5347
11.6168   23.7563
24.4369   23.5204
41.9359   22.5677
63.8742   21.2755
90.5694   19.8202
122.688   18.2946
161.17   16.754
207.23   15.2348
262.381   13.7624
328.484   12.3554
407.814   11.0271
503.14   9.78715
617.825   8.64145
755.95   7.59314
922.459   6.64274
1123.34   5.78855
1365.71   5.02706
+KVIDZALine
ID:Z=21 A=43
21	43
20
0.123099   16.4366
1.16719   20.0551
4.18279   23.3801
11.5553   24.8358
24.601   24.7518
42.694   23.8683
65.5987   22.5894
93.6482   21.1109
127.552   19.5374
168.321   17.9321
217.265   16.3369
276.023   14.7814
346.619   13.2875
431.528   11.8714
533.774   10.5447
657.037   9.31517
805.79   8.18734
985.462   7.1627
1202.64   6.24026
1465.18   5.41687
+KVIDZALine
ID:Z=22 A=46
22	46
20
0.123925   16.6378
1.12011   20.3767
3.99207   23.9758
11.0241   25.8249
23.9543   26.0204
42.3915   25.2852
66.1009   24.0672
95.4197   22.5926
131.101   20.9846
174.234   19.3181
226.243   17.6433
288.92   15.9959
364.484   14.4027
455.667   12.8838
565.808   11.4539
698.99   10.1235
860.188   8.89923
1055.46   7.78403
1292.19   6.77803
1579.2   5.87878
+KVIDZALine
ID:Z=23 A=48
23	48
20
0.12778   17.0902
1.09108   20.9042
3.90648   24.7102
10.8335   26.8192
23.8442   27.2064
42.725   26.574
67.2681   25.3942
97.8289   23.9141
135.204   22.2704
180.556   20.547
235.41   18.8005
301.693   17.0717
381.798   15.391
478.675   13.7819
595.943   12.2618
738.032   10.8433
910.354   9.53462
1119.51   8.34017
1373.56   7.26097
1682.19   6.29512
+KVIDZALine
ID:Z=24 A=50
24	50
20
0.123359   17.4282
1.07604   21.4247
3.84668   25.4281
10.6832   27.7894
23.7635   28.3726
43.0639   27.8511
68.4193   26.7171
100.209   25.2377
139.275   23.563
186.857   21.7862
244.583   19.9705
314.519   18.1616
399.237   16.3942
501.914   14.6949
626.457   13.084
777.657   11.5764
961.38   10.1822
1184.79   8.90715
1456.66   7.75334
1787.56   6.71953
+KVIDZALine
ID:Z=25 A=53
25	53
20
0.127485   17.6037
1.02771   21.6316
3.66244   25.8575
10.1326   28.6058
22.9212   29.5176
42.3313   29.199
68.2678   28.17
101.13   26.7278
141.807   25.0431
191.619   23.2224
252.32   21.3385
326.139   19.4442
415.865   17.5799
524.955   15.7772
657.671   14.0601
819.259   12.4468
1016.16   10.9502
1256.25   9.57818
1549.23   8.33422
1906.78   7.21813
+KVIDZALine
ID:Z=26 A=55
26	55
20
0.126243   17.9434
1.00468   22.0829
3.58522   26.4895
9.93134   29.4934
22.6909   30.6269
42.3905   30.4482
69.0125   29.4888
102.99   28.0654
145.263   26.3629
197.229   24.4979
260.75   22.5504
338.202   20.5789
432.564   18.6286
547.535   16.7346
687.687   14.9244
858.656   13.2187
1067.37   11.6327
1322.35   10.1759
1634.04   8.85309
2015.14   7.66501
+KVIDZALine
ID:Z=27 A=57
27	57
20
0.125964   18.28
0.986249   22.5266
3.51764   27.1072
9.7476   30.3595
22.4691   31.7157
42.4336   31.6816
69.7153   30.7971
104.788   29.3968
148.644   27.6798
202.762   25.773
269.116   23.7636
350.232   21.7161
449.283   19.6802
570.22   17.6951
717.934   15.7915
898.466   13.9931
1119.26   12.3171
1389.47   10.7749
1720.36   9.37277
2125.65   8.11221
+KVIDZALine
ID:Z=28 A=60
28	60
20
0.123704   18.3305
0.960007   22.6907
3.39199   27.4409
9.31686   31.0358
21.6931   32.7348
41.6164   32.9421
69.3094   32.2002
105.298   30.8685
150.632   29.1661
206.88   27.2338
276.146   25.1694
361.132   23.0452
465.246   20.9174
592.741   18.8304
748.898   16.8196
940.255   14.9127
1174.89   13.1301
1462.77   11.4859
1816.18   9.98822
2250.12   8.63998
+KVIDZALine
ID:Z=29 A=62
29	62
20
0.126104   18.6037
0.929009   23.0028
3.28332   27.925
9.01205   31.7985
21.2035   33.7626
41.2142   34.1511
69.3922   33.5103
106.313   32.22
153.083   30.5154
211.353   28.5491
283.344   26.4272
371.916   24.2286
480.686   22.0146
614.176   19.8344
778.012   17.7269
979.177   15.723
1226.31   13.8459
1530.09   12.1117
1903.71   10.5301
2363.33   9.1051
+KVIDZALine
ID:Z=30 A=65
30	65
20
0.122675   18.6316
0.902337   23.1275
3.16718   28.1885
8.61099   32.3791
20.414   34.6933
40.2656   35.347
68.7116   34.8726
106.404   33.6704
154.515   31.9956
214.788   30.0153
289.579   27.8466
381.931   25.5768
495.703   23.2741
635.733   20.9933
808.058   18.7786
1020.19   16.665
1281.44   14.6792
1603.35   12.8404
2000.21   11.1605
2489.58   9.64515
+KVIDZALine
ID:Z=31 A=67
31	67
20
0.125431   18.951
0.884221   23.4765
3.10202   28.6808
8.41967   33.1069
20.0812   35.6711
40.0027   36.5146
68.8897   36.157
107.471   35.0116
156.987   33.3481
219.27   31.3448
296.798   29.1272
392.781   26.7893
511.294   24.4048
657.457   22.0334
837.671   19.723
1059.91   17.5123
1334.08   15.4309
1672.49   13.5003
2090.38   11.7343
2606.52   10.1397
+KVIDZALine
ID:Z=32 A=70
32	70
20
0.123096   18.9871
0.865466   23.5976
3.01214   28.9152
8.09234   33.6219
19.3833   36.5245
39.0924   37.6447
68.1571   37.4715
107.413   36.4318
158.179   34.8133
222.39   32.8086
302.664   30.5542
402.401   28.1527
525.93   25.685
678.703   23.2167
867.552   20.801
1101.01   18.4812
1389.7   16.2908
1746.84   14.2543
2188.85   12.3883
2736.02   10.7013
+KVIDZALine
ID:Z=33 A=72
33	72
20
0.125092   19.2675
0.846006   23.8999
2.94333   29.35
7.88898   34.2874
18.9986   37.4465
38.6927   38.7704
68.0912   38.7275
108.125   37.7554
160.187   36.1563
226.306   34.1345
309.227   31.8352
412.52   29.3682
540.74   26.8201
699.632   24.2614
896.41   21.7497
1140.09   19.3317
1441.93   17.0443
1815.95   14.9145
2279.61   12.9607
2854.47   11.193
+KVIDZALine
ID:Z=34 A=75
34	75
20
0.123432   19.2955
0.831668   24.0022
2.86817   29.5462
7.60419   34.7377
18.348   38.2272
37.7689   39.8396
67.242   39.9988
107.833   39.149
161.029   37.6089
228.967   35.5969
314.536   33.2697
421.504   30.7455
554.686   28.1184
720.172   25.4651
925.624   22.849
1180.64   20.3217
1497.23   17.9239
1890.39   15.6864
2378.8   13.6302
2985.64   11.7676
+KVIDZALine
ID:Z=35 A=77
35	77
20
0.125505   19.4355
0.80658   24.1432
2.77258   29.8116
7.30565   35.2652
17.7292   39.0623
36.9411   40.925
66.5385   41.2477
107.701   40.4878
161.996   38.982
231.657   36.9627
319.707   34.5965
430.093   32.0098
567.87   29.3031
739.446   26.5585
952.893   23.8439
1218.35   21.2151
1548.51   18.7163
1959.26   16.3812
2470.44   14.233
3106.69   12.2854
+KVIDZALine
ID:Z=36 A=80
36	80
20
0.124572   19.4836
0.786454   24.2058
2.69368   29.9473
7.0267   35.6375
17.071   39.7648
35.9337   41.9328
65.4887   42.4776
107.081   41.8572
162.389   40.4238
233.763   38.4246
324.381   36.0379
438.397   33.3992
581.146   30.6168
759.401   27.7793
981.716   24.9607
1258.86   22.2218
1604.33   19.6113
2035.08   17.1666
2572.31   14.9139
3242.41   12.8694
+KVIDZALine
ID:Z=37 A=82
37	82
20
0.123375   19.7082
0.78542   24.5459
2.67116   30.403
6.94155   36.2764
16.8798   40.6248
35.7289   42.99
65.5513   43.6742
107.825   43.1356
164.326   41.7364
237.513   39.7339
330.699   37.3146
448.217   34.6209
595.637   31.7664
780.038   28.8451
1010.38   25.9351
1297.93   23.101
1656.87   20.3949
2105   17.857
2664.61   15.5158
3363.5   13.389
+KVIDZALine
ID:Z=38 A=85
38	85
20
0.125457   19.7909
0.765958   24.5892
2.59707   30.507
6.68166   36.5997
16.248   41.269
34.707   43.9454
64.3989   44.8642
106.99   44.4782
164.383   43.1635
239.162   41.1916
334.8   38.7606
455.845   36.0222
608.153   33.0979
799.182   30.0882
1038.38   27.0772
1337.69   24.1349
1712.13   21.3179
2180.59   18.6704
2766.81   16.2241
3500.43   13.999
+KVIDZALine
ID:Z=39 A=87
39	87
20
0.125246   20.0185
0.757821   24.8762
2.56122   30.8992
6.56769   37.1749
15.9923   42.0735
34.3664   44.9614
64.2272   46.0344
107.391   45.7425
165.873   44.4717
242.371   42.5038
340.503   40.0457
465.008   37.256
621.988   34.2622
819.23   31.17
1066.61   28.0679
1376.62   25.0299
1765   22.1165
2251.58   19.3744
2861.27   16.838
3625.29   14.529
+KVIDZALine
ID:Z=40 A=90
40	90
20
0.124802   20.0532
0.742592   24.9152
2.49904   30.9886
6.34243   37.4636
15.4214   42.6671
33.3926   45.8648
63.0613   47.1795
106.452   47.0495
165.72   45.8721
243.7   43.9429
344.175   41.4802
472.103   38.6518
633.879   35.5929
837.678   32.4158
1093.89   29.2153
1415.66   26.0706
1819.63   23.0469
2326.75   20.1951
2963.43   17.5528
3762.8   15.1445
+KVIDZALine
ID:Z=41 A=93
41	93
20
0.122979   20.0656
0.73435   24.9784
2.44729   31.1006
6.16262   37.7586
14.9427   43.2475
32.5495   46.7436
62.0406   48.2965
105.654   48.3289
165.696   47.2476
245.144   45.3609
347.951   42.8979
479.298   40.0353
645.877   36.9159
856.254   33.6584
1121.33   30.3633
1454.95   27.1154
1874.62   23.9843
2402.46   21.0252
3066.4   18.2788
3901.52   15.7723
+KVIDZALine
ID:Z=42 A=95
42	95
20
0.122298   20.1757
0.721665   25.1209
2.3911   31.3274
5.99165   38.1813
14.5339   43.9364
31.8856   47.6877
61.3213   49.4295
105.257   49.5801
166.128   48.559
247.034   46.6877
352.081   44.2056
486.649   41.2973
657.696   38.1118
874.139   34.7735
1147.35   31.3878
1491.76   28.0435
1925.68   24.8141
2472.27   21.758
3160.79   18.9185
4028.07   16.3248
+KVIDZALine
ID:Z=43 A=98
43	98
20
0.124096   20.2716
0.708443   25.175
2.33452   31.4189
5.81787   38.4405
14.0763   44.4679
31.0505   48.5165
60.2522   50.5032
104.327   50.8247
165.877   49.9076
248.158   48.0859
355.456   45.6095
493.385   42.672
669.214   39.43
892.271   36.0143
1174.47   32.5362
1530.96   29.09
1981   25.754
2548.96   22.5906
3265.73   19.6467
4170.24   16.9543
+KVIDZALine
ID:Z=44 A=101
44	101
20
0.124477   20.3475
0.701325   25.2554
2.29383   31.5376
5.67919   38.7155
13.6914   44.9981
30.3242   49.3311
59.3063   51.5561
103.51   52.0462
165.714   51.2334
249.327   49.4628
358.821   46.9948
500.041   44.0315
680.563   40.7366
910.122   37.2472
1201.17   33.6803
1569.56   30.1353
2035.48   26.6953
2624.54   23.4268
3369.2   20.3802
4310.47   17.59
+KVIDZALine
ID:Z=45 A=103
45	103
20
0.122638   20.5395
0.699456   25.5481
2.27662   31.9279
5.6195   39.2621
13.5454   45.742
30.1058   50.2701
59.1873   52.6484
103.833   53.2396
166.965   52.4816
252.134   50.7279
363.975   48.2464
508.545   45.2453
693.69   41.8937
929.503   38.3332
1228.9   34.6852
1608.37   31.0528
2088.87   27.5225
2697.05   24.1638
3466.75   21.0295
4440.72   18.1563
+KVIDZALine
ID:Z=46 A=106
46	106
20
0.12443   20.6384
0.68851   25.6033
2.22876   32.0125
5.47067   39.4983
13.1408   46.2319
29.3238   51.0496
58.1088   53.675
102.773   54.4438
166.421   53.7981
252.771   52.103
366.645   49.6365
514.336   46.6155
704.003   43.2158
946.152   39.5857
1254.25   35.8519
1645.5   32.1229
2141.82   28.4896
2771.13   25.0259
3568.89   21.7882
4580.03   18.8158
!
