SILI_10  2.907  0.06853  
SI75_10  2.452  0.06828  
SILI_11  3.721  0.06899  
SI75_11  2.586  0.06936  
SILI_12  32.7   0.06953  
SI75_12  1.417  0.06886  
SILI_13  3.168  0.06918  
SI75_13  2.728  0.06832  
SILI_14  3.471  0.06916  
SI75_14  2.845  0.06848  
SILI_15  4.099  0.06830  
SI75_15  2.87   0.06842  
SILI_16  4.46   0.06927  
SI75_16  170.4  0.07123  
SILI_17  3.735  0.06824  
SI75_17  2.583  0.06901  
CI_0401  -3.60812  0.0664859  0
CI_0402  -3.52029  0.0664627  0
CI_0403  -4.92186  0.0677239  0
CI_0404  -1.95087  0.0662693  0
CI_0405  -3.95574  0.0674205  0
CI_0406  -4.0889  0.0674306  0
CI_0407  -3.98902  0.0670417  0
CI_0408  -3.90731  0.0669525  0
CI_0409  -5.31985  0.0673944  0
CI_0410  -5.62387  0.0671191  0
CI_0411  -4.25935  0.0663019  0
CI_0412  -5.69999  0.066694  0
CI_0413  -6.30133  0.0685415  0
CI_0414  -4.80604  0.0673889  0
CI_0415  -5.45892  0.066816  0
CI_0416  -6.28556  0.0660104  0
CI_0419  -4.09179  0.066236  0
CI_0420  -4.976  0.0663916  0
CI_0421  -4.34974  0.066801  0
CI_0422  -3.71421  0.0664019  0
CI_0423  -1.86092  0.0663913  0
CI_0424  -5.12797  0.0679463  0
CI_0501  -4.05197  0.0667225  0
CI_0502  -4.11192  0.066802  0
CI_0503  -3.5484  0.067065  0
CI_0504  -3.87597  0.0670314  0
CI_0505  -3.69488  0.0673303  0
CI_0506  -4.6122  0.0676271  0
CI_0507  -3.80245  0.0668426  0
CI_0508  -3.88599  0.0670517  0
CI_0509  -6.25574  0.0677103  0
CI_0510  -5.83952  0.0676999  0
CI_0511  -4.77359  0.0664629  0
CI_0512  -4.8384  0.0664372  0
CI_0513  -4.11543  0.0677634  0
CI_0514  -5.83611  0.0678353  0
CI_0515  -3.64201  0.0649981  0
CI_0516  -4.81143  0.0656841  0
CI_0519  -4.32055  0.0663103  0
CI_0520  -4.0247  0.0660678  0
CI_0521  -3.45288  0.0664888  0
CI_0522  -3.96344  0.0667575  0
CI_0523  -3.4437  0.0671867  0
CI_0524  -2.78325  0.0668099  0
CI_0601  -2.55437  0.0668388  0
CI_0602  -2.10071  0.0669188  0
CI_0603  -5.19383  0.0669185  0
CI_0604  -5.16992  0.0669036  0
CI_0605  -5.04576  0.0665496  0
CI_0606  -5.16614  0.0666582  0
CI_0607  -4.83348  0.0662929  0
CI_0608  -4.50604  0.0661656  0
CI_0609  -5.17531  0.0662349  0
CI_0610  -4.54071  0.0661082  0
CI_0611  -6.28337  0.0674437  0
CI_0612  -5.0071  0.0672045  0
CI_0613  -2.36292  0.0667249  0
CI_0614  -5.66975  0.0678882  0
CI_0615  -3.79334  0.0669421  0
CI_0616  -3.96891  0.0671708  0
CI_0617  -6.23086  0.0663805  0
CI_0618  -8.54893  0.0669451  0
CI_0619  -5.94822  0.0662499  0
CI_0620  -6.17935  0.0661708  0
CI_0621  -5.97823  0.0647395  0
CI_0622  -3.90504  0.0642269  0
CI_0623  -5.87789  0.0660001  0
CI_0624  -6.12527  0.0661629  0
CI_0701  -1.7195  0.0666952  0
CI_0702  -3.61292  0.0671507  0
CI_0703  -5.2003  0.0669184  0
CI_0704  -5.17974  0.0669086  0
CI_0705  -5.68338  0.066892  0
CI_0706  -4.11444  0.0663672  0
CI_0707  -6.79633  0.066891  0
CI_0708  -3.63016  0.0654977  0
CI_0709  -4.00778  0.0659508  0
CI_0710  -5.15733  0.0664882  0
CI_0711  -5.0544  0.067416  0
CI_0712  -3.3602  0.0664994  0
CI_0713  -3.44147  0.0672934  0
CI_0714  -5.22385  0.067882  0
CI_0715  -4.02434  0.0671856  0
CI_0716  -3.26333  0.0667808  0
CI_0717  -6.44483  0.0660344  0
CI_0718  -6.45058  0.0665823  0
CI_0719  -5.93808  0.0662889  0
CI_0720  -6.31116  0.0657538  0
CI_0721  -5.9281  0.0649288  0
CI_0722  -6.43532  0.0651434  0
CI_0723  -6.00913  0.0664925  0
CI_0724  -9.20029  0.0669988  0
CI_0801  -4.74044  0.0651664  0
CI_0802  -5.33934  0.0649639  0
CI_0803  -5.71673  0.0664511  0
CI_0804  -5.85223  0.0663469  0
CI_0805  -6.68069  0.0657094  0
CI_0806  -7.05788  0.0656863  0
CI_0807  -6.16947  0.0658656  0
CI_0808  -6.49642  0.0656128  0
CI_0809  -3.9477  0.0653088  0
CI_0810  -9.80155  0.0676592  0
CI_0811  -4.78562  0.0649695  0
CI_0812  -7.16413  0.0660965  0
CI_0813  -7.68144  0.0672339  0
CI_0814  -4.46422  0.0664168  0
CI_0815  -5.19741  0.0655295  0
CI_0816  -4.84696  0.0654267  0
CI_0817  -4.17166  0.0646929  0
CI_0818  -4.65205  0.0649416  0
CI_0819  -8.54861  0.0661286  0
CI_0820  -4.69705  0.0648391  0
CI_0821  -3.69382  0.0655299  0
CI_0822  -3.7232  0.0654201  0
CI_0823  -4.28615  0.0673157  0
CI_0824  -5.97606  0.0679988  0
CI_0901  -5.72751  0.0656699  0
CI_0902  1.65648  0.0627546  0
CI_0903  -5.36125  0.0662997  0
CI_0904  -5.63439  0.0664655  0
CI_0905  -6.7752  0.0656445  0
CI_0906  -7.10073  0.0655149  0
CI_0907  -5.44937  0.0652017  0
CI_0908  -4.42497  0.0648889  0
CI_0909  -5.28853  0.0663675  0
CI_0910  -6.49561  0.0667268  0
CI_0911  -3.49415  0.0648881  0
CI_0912  -4.38571  0.0649886  0
CI_0913  -4.91317  0.0665542  0
CI_0914  -2.25749  0.065392  0
CI_0915  -5.18266  0.0656814  0
CI_0916  -5.60428  0.0659381  0
CI_0917  -4.43941  0.0648112  0
CI_0918  -5.68076  0.0652105  0
CI_0919  -5.78266  0.0651339  0
CI_0920  -7.92306  0.0661336  0
CI_0921  -3.4923  0.0651198  0
CI_0922  -3.80197  0.0657321  0
CI_0923  -7.92366  0.0682229  0
CI_0924  -3.59129  0.0672201  0
CI_1001  -5.8498  0.0655241  0
CI_1002  -6.13826  0.0652069  0
CI_1003  -5.10013  0.0646267  0
CI_1004  -5.29282  0.0649621  0
CI_1005  -6.51691  0.0653709  0
CI_1006  -6.39039  0.0651457  0
CI_1007  -5.35251  0.0658852  0
CI_1008  -5.53908  0.0664468  0
CI_1009  -5.26337  0.0650514  0
CI_1010  -5.67246  0.0655043  0
CI_1011  -4.84282  0.065881  0
CI_1012  -4.92175  0.0653446  0
CI_1013  -1.80255  0.0647319  0
CI_1014  -5.76167  0.065347  0
CI_1015  -4.98337  0.065645  0
CI_1016  -5.62871  0.0659728  0
CI_1017  -7.28854  0.066621  0
CI_1018  -5.20065  0.0657302  0
CI_1019  -4.14983  0.0660002  0
CI_1020  -3.87412  0.0658796  0
CI_1021  -5.16393  0.0655446  0
CI_1022  -4.77997  0.0656464  0
CI_1023  -5.4748  0.0657703  0
CI_1024  -5.79425  0.0660666  0
CI_1101  -3.36853  0.064709  0
CI_1102  -6.1919  0.0655331  0
CI_1103  -5.37902  0.0648012  0
CI_1104  -5.33226  0.0653175  0
CI_1105  -6.22553  0.0647541  0
CI_1106  -6.41911  0.0649376  0
CI_1107  -6.62724  0.0666081  0
CI_1108  -5.44835  0.066358  0
CI_1109  -5.78888  0.0653903  0
CI_1110  -5.72892  0.0652191  0
CI_1111  -5.40953  0.0661497  0
CI_1112  1.59362  0.0630616  0
CI_1115  -5.57839  0.0659055  0
CI_1116  -5.45785  0.0654824  0
CI_1117  -6.7984  0.0661953  0
CI_1118  -6.93718  0.0660578  0
CI_1119  -3.19268  0.0651301  0
CI_1120  -4.16258  0.0659762  0
CI_1121  -5.72659  0.065746  0
CI_1122  -5.36156  0.0657907  0
CI_1123  -5.22809  0.0657261  0
CI_1124  -6.33998  0.0660687  0
CI_1201  -6.11604  0.0660396  0
CI_1202  -6.25248  0.0657212  0
CI_1203  -5.77216  0.0644074  0
CI_1204  -5.18762  0.0636783  0
CI_1205  -5.68589  0.0651194  0
CI_1206  -4.20391  0.0649191  0
CI_1207  -5.19606  0.0660595  0
CI_1208  -6.33726  0.0661705  0
CI_1209  2.13035  0.0677399  0
CI_1210  4.44848  0.0661095  0
CI_1211  -3.13582  0.0677873  0
CI_1212  -1.27937  0.0666184  0
CI_1213  -4.53452  0.0682923  0
CI_1214  -3.02651  0.0675601  0
CI_1215  -3.29148  0.0687429  0
CI_1216  -3.36551  0.0688577  0
CI_1217  -4.00801  0.068123  0
CI_1218  -0.378361  0.0666639  0
CI_1219  -4.04369  0.0684083  0
CI_1220  -3.53837  0.06772  0
CI_1221  -4.12727  0.0680171  0
CI_1222  -4.06845  0.0677234  0
CI_1223  -3.55857  0.0676451  0
CI_1224  -2.68085  0.0672096  0
CI_1301  -4.6778  0.0675383  0
CI_1302  -1.22666  0.0667973  0
CI_1303  -2.6829  0.0667885  0
CI_1304  -3.33206  0.0687008  0
CI_1305  -3.86507  0.0691037  0
CI_1306  -3.78824  0.068537  0
CI_1307  -3.05522  0.0666459  0
CI_1308  -3.82633  0.0676352  0
CI_1309  -1.65015  0.0659904  0
CI_1310  -3.78907  0.0672177  0
CI_1311  -2.49962  0.0674299  0
CI_1312  0.0333072  0.0657498  0
CI_1313  -3.91158  0.0675178  0
CI_1314  -5.51371  0.0679328  0
CI_1315  -1.60399  0.0668716  0
CI_1316  -3.59336  0.0673776  0
CI_1317  -3.47453  0.0693987  0
CI_1318  -3.38263  0.0671959  0
CI_1319  2.54703  0.0672775  0
CI_1320  6.35599  0.0661724  0
CI_1321  3.77942  0.0673593  0
CI_1322  -2.42677  0.067934  0
CI_1323  -1.25551  0.0677024  0
CI_1324  -2.37719  0.0678734  0
CI_1401  -3.01019  0.0681197  0
CI_1402  -3.02463  0.0685862  0
CI_1403  -4.32097  0.0684037  0
CI_1404  -4.00984  0.0675056  0
CI_1405  -1.3132  0.0644614  0
CI_1406  -9.66552  0.0635462  0
CI_1407  -3.77649  0.0685817  0
CI_1408  -3.51617  0.0679301  0
CI_1409  -3.6113  0.0665384  0
CI_1410  -5.06367  0.0705069  0
CI_1411  -5.93636  0.0676406  0
CI_1412  -5.84341  0.0687951  0
CI_1413  -0.649242  0.0675284  0
CI_1414  -1.47238  0.0675601  0
CI_1415  -6.50892  0.068475  0
CI_1416  -7.07954  0.0691591  0
CI_1501  -3.12884  0.0689503  0
CI_1502  -2.84227  0.0680294  0
CI_1503  -3.72368  0.0676903  0
CI_1504  -3.13099  0.0667481  0
CI_1505  -4.00395  0.06824  0
CI_1506  -4.84275  0.0681208  0
CI_1507  -3.96615  0.0689557  0
CI_1508  -2.75861  0.0681442  0
CI_1509  -3.84771  0.0684804  0
CI_1510  -4.50433  0.0683736  0
CI_1511  -7.81885  0.070309  0
CI_1512  -10.267  0.0690296  0
CI_1513  -1.78242  0.068249  0
CI_1514  -2.14962  0.07016  0
CI_1515  -5.75496  0.0671153  0
CI_1516  -5.9388  0.068979  0
CI_1601  0.824934  0.0678453  0
CI_1602  -2.46759  0.0681832  0
CI_1604  -1.32569  0.0678394  0
CI_1605  1.41172  0.066593  0
CI_1606  0.0927113  0.0666559  0
CI_1607  -2.2932  0.0664908  0
CI_1608  -6.47113  0.0678944  0
CI_1701  1.73299  0.0673647  0
CI_1702  -3.66954  0.0679168  0
CI_1704  -0.970166  0.0666333  0
CI_1705  6.12078  0.0650011  0
CI_1706  0.349886  0.0658443  0
CI_1707  -3.67082  0.0665442  0
CI_1708  -5.46698  0.0661908  0
SI_0401  0.303228  0.0670329  0
SI_0402  0.507016  0.0678183  0
SI_0403  0.439954  0.0670462  0
SI_0404  0.570171  0.0673257  0
SI_0405  0.506184  0.0656614  0
SI_0406  0.835976  0.0662059  0
SI_0407  0.975554  0.0680461  0
SI_0408  0.72582  0.0673337  0
SI_0409  0.788897  0.067549  0
SI_0410  0.455121  0.0676413  0
SI_0411  1.30779  0.0674761  0
SI_0412  1.39711  0.0667367  0
SI_0413  3.4126  0.0669521  0
SI_0414  1.63897  0.0673014  0
SI_0415  1.77024  0.0668695  0
SI_0416  3.00095  0.0667088  0
SI_0419  1.39071  0.0661354  0
SI_0420  1.47952  0.0662222  0
SI_0421  3.38385  0.0667404  0
SI_0422  1.81891  0.0669883  0
SI_0423  1.61487  0.0670158  0
SI_0424  1.53  0.0669791  0
SI_0501  1.61583  0.0660095  0
SI_0502  1.44906  0.0667016  0
SI_0503  2.00972  0.0667595  0
SI_0504  2.27645  0.0666014  0
SI_0505  2.80963  0.0670225  0
SI_0506  2.59761  0.0665723  0
SI_0507  2.85376  0.0670241  0
SI_0508  2.74731  0.0659413  0
SI_0509  3.16819  0.0654123  0
SI_0510  3.36721  0.0667035  0
SI_0511  3.45661  0.0666559  0
SI_0512  2.87369  0.0662139  0
SI_0513  3.19332  0.0659645  0
SI_0514  3.58992  0.0651743  0
SI_0515  3.30124  0.0659626  0
SI_0516  3.562  0.0659332  0
SI_0519  3.44807  0.0665796  0
SI_0520  3.77676  0.0663051  0
SI_0521  4.52854  0.0651588  0
SI_0522  3.57169  0.0664935  0
SI_0523  1.92743  0.066684  0
SI_0524  2.75222  0.0653903  0
SI_0601  2.42413  0.0674285  0
SI_0602  2.49245  0.0675356  0
SI_0603  3.85156  0.0666317  0
SI_0604  7.02403  0.0661516  0
SI_0605  3.69656  0.0673502  0
SI_0606  1.77133  0.0680377  0
SI_0607  4.78181  0.066844  0
SI_0608  5.08477  0.0668092  0
SI_0609  3.43585  0.0676376  0
SI_0610  3.58745  0.0681167  0
SI_0611  3.4138  0.0675335  0
SI_0612  3.94139  0.0670242  0
SI_0613  5.40556  0.0675895  0
SI_0614  7.02017  0.0664395  0
SI_0615  5.14935  0.0667256  0
SI_0616  6.91477  0.066493  0
SI_0617  3.62056  0.0666165  0
SI_0618  4.37873  0.0673513  0
SI_0619  5.15227  0.0666978  0
SI_0620  5.34217  0.0666786  0
SI_0621  4.81856  0.0663886  0
SI_0622  4.33243  0.0668059  0
SI_0623  4.35257  0.067806  0
SI_0624  9.24794  0.0666799  0
SI_0701  5.47486  0.0676689  0
SI_0702  5.83004  0.0670963  0
SI_0703  3.90812  0.0680323  0
SI_0704  7.55521  0.0671385  0
SI_0705  4.06727  0.0677738  0
SI_0706  8.09432  0.0656529  0
SI_0707  3.71347  0.0673243  0
SI_0708  7.05958  0.0664707  0
SI_0709  -1.83695  0.0660658  0
SI_0710  -1.31525  0.0655118  0
SI_0711  0.710548  0.0651806  0
SI_0712  -1.90381  0.0663115  0
SI_0713  -0.174864  0.0661799  0
SI_0714  -0.838731  0.0657452  0
SI_0715  1.96709  0.0649596  0
SI_0716  -1.52593  0.0654105  0
SI_0717  -1.54675  0.066653  0
SI_0718  0.573276  0.0654603  0
SI_0719  -0.297541  0.0657624  0
SI_0720  0.625775  0.0651565  0
SI_0721  -0.45412  0.0658006  0
SI_0722  0.176608  0.0657704  0
SI_0723  0.172468  0.0650832  0
SI_0724  0.405579  0.0654661  0
SI_0801  -0.450309  0.066605  0
SI_0802  -0.343196  0.0654771  0
SI_0803  0.832561  0.0652961  0
SI_0804  1.59483  0.0656095  0
SI_0805  0.516273  0.0655297  0
SI_0806  0.149021  0.0659526  0
SI_0807  0.436645  0.0662183  0
SI_0808  0.390777  0.0668001  0
SI_0809  0.988154  0.0656742  0
SI_0810  2.22514  0.0645724  0
SI_0811  0.0140668  0.0658779  0
SI_0812  0.550747  0.0661895  0
SI_0813  0.761262  0.064973  0
SI_0814  1.28697  0.0657061  0
SI_0815  0.62349  0.0661665  0
SI_0816  0.33884  0.0660401  0
SI_0817  1.8709  0.0659672  0
SI_0818  2.67192  0.0666477  0
SI_0819  3.54088  0.066085  0
SI_0820  4.54018  0.065392  0
SI_0821  0.850989  0.0664568  0
SI_0822  1.82376  0.067186  0
SI_0823  2.60545  0.0662764  0
SI_0824  1.89644  0.0658638  0
SI_0901  0.993264  0.0661479  0
SI_0902  1.17547  0.066421  0
SI_0903  2.87686  0.0667508  0
SI_0904  2.08365  0.0662455  0
SI_0905  1.58704  0.0671172  0
SI_0906  2.34062  0.0652864  0
SI_0907  1.77197  0.0665222  0
SI_0908  2.13732  0.0663243  0
SI_0909  3.27132  0.0667468  0
SI_0910  1.6013  0.0666762  0
SI_0911  3.80428  0.0663085  0
SI_0912  2.77148  0.0670466  0
SI_0913  0.798607  0.0664969  0
SI_0914  3.12822  0.0666468  0
SI_0915  3.58874  0.0663902  0
SI_0916  4.39562  0.065778  0
SI_0917  4.6791  0.0659302  0
SI_0918  1.56778  0.0672722  0
SI_0919  4.00044  0.0664635  0
SI_0920  3.95892  0.0655256  0
SI_0921  2.55139  0.0674387  0
SI_0922  3.259  0.0668738  0
SI_0923  2.05282  0.0664706  0
SI_0924  3.49348  0.0663084  0
