Runs 541-542     2007
Total   0 ev.  Physical       0 ev.
-------------------------------------------------------------
 c  m  t   n_phys ave_phys sig_phys  n_gene ave_gene err_gene
-------------------------------------------------------------  
4  1    7     0    0.000    0.000   0       24.50  8.00e-04  
4  2    7     0    0.000    0.000   0       27.49  0.00e+00  
4  3    7     0    0.000    0.000   0       27.49  0.00e+00  
4  4    7     0    0.000    0.000   0       30.52  1.50e-03  
4  5    7     0    0.000    0.000   0       26.50  9.15e-04  
4  6    7     0    0.000    0.000   0       30.50  7.54e-04  
4  7    7     0    0.000    0.000   0       31.49  2.94e-04  
4  8    7     0    0.000    0.000   0       29.49  1.63e-04  
4  9    7     0    0.000    0.000   0       29.49  0.00e+00  
4  10   7     0    0.000    0.000   0        30.49  0.00e+00  
4  11   7     0    0.000    0.000   0        30.39  2.71e-03  
4  12   7     0    0.000    0.000   0        30.79  4.14e-03  
4  13   7     0    0.000    0.000   0        26.49  1.63e-04  
4  14   7     0    0.000    0.000   0        25.53  1.71e-03  
4  15   7     0    0.000    0.000   0        24.53  1.66e-03  
4  16   7     0    0.000    0.000   0        27.49  5.46e-04  
4  19   7     0    0.000    0.000   0        23.94  4.49e-03  
4  20   7     0    0.000    0.000   0        21.38  2.93e-03  
4  21   7     0    0.000    0.000   0        16.50  1.15e-04  
4  22   7     0    0.000    0.000   0        19.13  4.34e-03  
4  23   7     0    0.000    0.000   0        16.50  8.16e-05  
4  24   7     0    0.000    0.000   0        18.12  4.38e-03  
5  1    7     0    0.000    0.000   0       21.57  2.45e-03  
5  2    7     0    0.000    0.000   0       26.22  4.04e-03  
5  3    7     0    0.000    0.000   0       29.49  2.00e-04  
5  4    7     0    0.000    0.000   0       29.49  2.00e-04  
5  5    7     0    0.000    0.000   0       27.44  2.07e-03  
5  6    7     0    0.000    0.000   0       31.48  1.14e-03  
5  7    7     0    0.000    0.000   0       30.45  1.72e-03  
5  8    7     0    0.000    0.000   0       30.49  8.16e-05  
5  9    7     0    0.000    0.000   0       26.49  1.15e-04  
5  10   7     0    0.000    0.000   0        27.49  2.31e-04  
5  11   7     0    0.000    0.000   0        29.49  0.00e+00  
5  12   7     0    0.000    0.000   0        23.51  1.02e-03  
5  13   7     0    0.000    0.000   0        22.50  3.26e-04  
5  14   7     0    0.000    0.000   0        22.49  3.26e-04  
5  15   7     0    0.000    0.000   0        24.50  5.64e-04  
5  16   7     0    0.000    0.000   0        22.51  1.05e-03  
5  19   7     0    0.000    0.000   0        21.46  1.74e-03  
5  20   7     0    0.000    0.000   0        20.10  4.44e-03  
5  21   7     0    0.000    0.000   0        17.47  1.58e-03  
5  22   7     0    0.000    0.000   0        15.24  3.94e-03  
5  23   7     0    0.000    0.000   0        14.54  1.92e-03  
5  24   7     0    0.000    0.000   0        16.50  0.00e+00  
6  1    7     0    0.000    0.000   0       25.83  4.26e-03  
6  2    7     0    0.000    0.000   0       28.39  2.79e-03  
6  3    7     0    0.000    0.000   0       34.49  1.41e-04  
6  4    7     0    0.000    0.000   0       34.49  0.00e+00  
6  5    7     0    0.000    0.000   0       28.49  0.00e+00  
6  6    7     0    0.000    0.000   0       32.49  3.16e-04  
6  7    7     0    0.000    0.000   0       33.49  4.95e-04  
6  8    7     0    0.000    0.000   0       31.49  0.00e+00  
6  9    7     0    0.000    0.000   0       27.80  4.16e-03  
6  10   7     0    0.000    0.000   0        30.49  1.15e-04  
6  11   7     0    0.000    0.000   0        30.49  8.16e-05  
6  12   7     0    0.000    0.000   0        30.49  1.63e-04  
6  13   7     0    0.000    0.000   0        25.50  8.12e-04  
6  14   7     0    0.000    0.000   0        27.49  1.41e-04  
6  15   7     0    0.000    0.000   0        25.51  1.17e-03  
6  16   7     0    0.000    0.000   0        23.49  1.41e-04  
6  17   7     0    0.000    0.000   0        25.49  0.00e+00  
6  18   7     0    0.000    0.000   0        25.49  2.70e-04  
6  19   7     0    0.000    0.000   0        23.55  2.05e-03  
6  20   7     0    0.000    0.000   0        23.49  8.16e-05  
6  21   7     0    0.000    0.000   0        19.50  3.16e-04  
6  22   7     0    0.000    0.000   0        18.58  2.55e-03  
6  23   7     0    0.000    0.000   0        19.49  2.94e-04  
6  24   7     0    0.000    0.000   0        18.50  0.00e+00  
7  1    7     0    0.000    0.000   0       17.32  3.40e-03  
7  2    7     0    0.000    0.000   0       21.66  3.32e-03  
7  3    7     0    0.000    0.000   0       25.49  1.15e-04  
7  4    7     0    0.000    0.000   0       27.49  0.00e+00  
7  5    7     0    0.000    0.000   0       21.50  5.81e-04  
7  6    7     0    0.000    0.000   0       27.49  5.70e-04  
7  7    7     0    0.000    0.000   0       25.60  2.76e-03  
7  8    7     0    0.000    0.000   0       25.49  8.16e-05  
7  9    7     0    0.000    0.000   0       23.49  8.24e-04  
7  10   7     0    0.000    0.000   0        24.42  2.44e-03  
7  11   7     0    0.000    0.000   0        24.49  0.00e+00  
7  12   7     0    0.000    0.000   0        19.51  1.24e-03  
7  13   7     0    0.000    0.000   0        20.49  3.16e-04  
7  14   7     0    0.000    0.000   0        18.31  3.53e-03  
7  15   7     0    0.000    0.000   0        20.50  2.31e-04  
7  16   7     0    0.000    0.000   0        18.59  2.63e-03  
7  17   7     0    0.000    0.000   0        18.50  8.16e-05  
7  18   7     0    0.000    0.000   0        20.30  3.57e-03  
7  19   7     0    0.000    0.000   0        16.52  1.36e-03  
7  20   7     0    0.000    0.000   0        18.50  2.58e-04  
7  21   7     0    0.000    0.000   0        10.68  3.55e-03  
7  22   7     0    0.000    0.000   0        14.50  3.55e-04  
7  23   7     0    0.000    0.000   0        12.50  2.45e-04  
7  24   7     0    0.000    0.000   0        14.50  3.05e-04  
8  1    7     0    0.000    0.000   0       25.49  0.00e+00  
8  2    7     0    0.000    0.000   0       27.49  0.00e+00  
8  3    7     0    0.000    0.000   0       31.49  0.00e+00  
8  4    7     0    0.000    0.000   0       33.49  2.70e-04  
8  5    7     0    0.000    0.000   0       30.49  0.00e+00  
8  6    7     0    0.000    0.000   0       29.49  8.16e-05  
8  7    7     0    0.000    0.000   0       30.49  0.00e+00  
8  8    7     0    0.000    0.000   0       33.49  8.16e-05  
8  9    7     0    0.000    0.000   0       28.49  8.16e-05  
8  10   7     0    0.000    0.000   0        30.49  1.82e-04  
8  11   7     0    0.000    0.000   0        29.49  2.58e-04  
8  12   7     0    0.000    0.000   0        34.30  3.54e-03  
8  13   7     0    0.000    0.000   0        26.49  1.15e-04  
8  14   7     0    0.000    0.000   0        26.63  3.14e-03  
8  15   7     0    0.000    0.000   0        24.47  1.33e-03  
8  16   7     0    0.000    0.000   0        26.17  4.24e-03  
8  17   7     0    0.000    0.000   0        24.11  4.40e-03  
8  18   7     0    0.000    0.000   0        25.49  0.00e+00  
8  19   7     0    0.000    0.000   0        22.56  2.17e-03  
8  20   7     0    0.000    0.000   0        23.49  8.16e-05  
8  21   7     0    0.000    0.000   0        19.50  3.26e-04  
8  22   7     0    0.000    0.000   0        16.50  5.40e-04  
8  23   7     0    0.000    0.000   0        19.50  8.16e-05  
8  24   7     0    0.000    0.000   0        19.54  1.87e-03  
9  1    7     0    0.000    0.000   0       25.49  1.82e-04  
9  2    7     0    0.000    0.000   0       27.49  1.63e-04  
9  3    7     0    0.000    0.000   0       30.50  5.09e-04  
9  4    7     0    0.000    0.000   0       32.45  1.91e-03  
9  5    7     0    0.000    0.000   0       30.47  1.29e-03  
9  6    7     0    0.000    0.000   0       30.60  2.81e-03  
9  7    7     0    0.000    0.000   0       31.50  6.90e-04  
9  8    7     0    0.000    0.000   0       31.76  3.99e-03  
9  9    7     0    0.000    0.000   0       31.38  2.88e-03  
9  10   7     0    0.000    0.000   0        33.49  3.05e-04  
9  11   7     0    0.000    0.000   0        30.49  4.07e-04  
9  12   7     0    0.000    0.000   0        29.50  7.27e-04  
9  13   7     0    0.000    0.000   0        26.50  3.82e-04  
9  14   7     0    0.000    0.000   0        27.49  0.00e+00  
9  15   7     0    0.000    0.000   0        27.49  0.00e+00  
9  16   7     0    0.000    0.000   0        25.49  0.00e+00  
9  17   7     0    0.000    0.000   0        25.19  4.16e-03  
9  18   7     0    0.000    0.000   0        23.49  2.16e-04  
9  19   7     0    0.000    0.000   0        23.67  3.47e-03  
9  20   7     0    0.000    0.000   0        23.49  4.16e-04  
9  21   7     0    0.000    0.000   0        21.50  2.70e-04  
9  22   7     0    0.000    0.000   0        20.51  1.13e-03  
9  23   7     0    0.000    0.000   0        17.85  4.33e-03  
9  24   7     0    0.000    0.000   0        19.34  3.28e-03  
10  1   7     0    0.000    0.000   0        17.69  3.56e-03  
10  2   7     0    0.000    0.000   0        23.49  8.16e-05  
10  3   7     0    0.000    0.000   0        27.04  4.49e-03  
10  4   7     0    0.000    0.000   0        27.49  1.82e-04  
10  5   7     0    0.000    0.000   0        21.49  8.16e-05  
10  6   7     0    0.000    0.000   0        25.49  4.39e-04  
10  7   7     0    0.000    0.000   0        25.49  1.15e-04  
10  8   7     0    0.000    0.000   0        25.55  2.14e-03  
10  9   7     0    0.000    0.000   0        22.45  1.88e-03  
10  10  7     0    0.000    0.000   0        25.49  8.16e-05  
10  11  7     0    0.000    0.000   0        21.72  3.77e-03  
10  12  7     0    0.000    0.000   0        23.83  4.28e-03  
10  13  7     0    0.000    0.000   0        19.50  0.00e+00  
10  14  7     0    0.000    0.000   0        19.50  1.63e-04  
10  15  7     0    0.000    0.000   0        18.50  8.16e-05  
10  16  7     0    0.000    0.000   0        16.50  2.00e-04  
10  17  7     0    0.000    0.000   0        16.50  0.00e+00  
10  18  7     0    0.000    0.000   0        18.50  1.82e-04  
10  19  7     0    0.000    0.000   0        17.60  2.74e-03  
10  20  7     0    0.000    0.000   0        14.50  2.58e-04  
10  21  7     0    0.000    0.000   0        13.50  3.16e-04  
10  22  7     0    0.000    0.000   0        11.50  1.63e-04  
10  23  7     0    0.000    0.000   0        10.50  1.05e-03  
10  24  7     0    0.000    0.000   0        10.50  4.89e-04  
11  1   7     0    0.000    0.000   0        21.50  5.29e-04  
11  2   7     0    0.000    0.000   0        28.49  2.45e-04  
11  3   7     0    0.000    0.000   0        30.49  6.26e-04  
11  4   7     0    0.000    0.000   0        32.33  3.35e-03  
11  5   7     0    0.000    0.000   0        29.49  3.36e-04  
11  6   7     0    0.000    0.000   0        30.37  2.98e-03  
11  7   7     0    0.000    0.000   0        30.49  1.15e-04  
11  8   7     0    0.000    0.000   0        28.49  1.63e-04  
11  9   7     0    0.000    0.000   0        28.49  3.91e-04  
11  10  7     0    0.000    0.000   0        30.49  8.16e-05  
11  11  7     0    0.000    0.000   0        26.49  2.16e-04  
11  12  7     0    0.000    0.000   0        28.39  2.71e-03  
11  13  7     0    0.000    0.000   0        22.49  0.00e+00  
11  14  7     0    0.000    0.000   0        26.49  0.00e+00  
11  15  7     0    0.000    0.000   0        24.09  4.43e-03  
11  16  7     0    0.000    0.000   0        23.29  3.63e-03  
11  17  7     0    0.000    0.000   0        25.49  1.15e-04  
11  18  7     0    0.000    0.000   0        24.37  3.04e-03  
11  19  7     0    0.000    0.000   0        21.51  1.21e-03  
11  20  7     0    0.000    0.000   0        20.49  1.03e-03  
11  21  7     0    0.000    0.000   0        22.46  1.80e-03  
11  22  7     0    0.000    0.000   0        18.50  6.57e-04  
11  23  7     0    0.000    0.000   0        17.50  9.68e-04  
11  24  7     0    0.000    0.000   0        18.10  4.42e-03  
12  1   7     0    0.000    0.000   0        25.72  3.82e-03  
12  2   7     0    0.000    0.000   0        31.49  3.26e-04  
12  3   7     0    0.000    0.000   0        32.49  3.36e-04  
12  4   7     0    0.000    0.000   0        34.49  3.82e-04  
12  5   7     0    0.000    0.000   0        28.49  3.65e-04  
12  6   7     0    0.000    0.000   0        36.49  4.83e-04  
12  7   7     0    0.000    0.000   0        32.49  2.45e-04  
12  8   7     0    0.000    0.000   0        31.18  4.17e-03  
12  9   7     0    0.000    0.000   0        29.45  1.93e-03  
12  10  7     0    0.000    0.000   0        33.49  4.47e-04  
12  11  7     0    0.000    0.000   0        33.49  1.41e-04  
12  12  7     0    0.000    0.000   0        31.49  1.63e-04  
12  13  7     0    0.000    0.000   0        24.58  2.49e-03  
12  14  7     0    0.000    0.000   0        24.49  2.00e-04  
12  15  7     0    0.000    0.000   0        28.49  3.26e-04  
12  16  7     0    0.000    0.000   0        26.49  3.36e-04  
12  17  7     0    0.000    0.000   0        26.32  3.42e-03  
12  18  7     0    0.000    0.000   0        28.49  8.16e-05  
12  19  7     0    0.000    0.000   0        24.61  2.85e-03  
12  20  7     0    0.000    0.000   0        27.31  3.52e-03  
12  21  7     0    0.000    0.000   0        21.74  3.91e-03  
12  22  7     0    0.000    0.000   0        20.50  3.26e-04  
12  23  7     0    0.000    0.000   0        20.49  0.00e+00  
12  24  7     0    0.000    0.000   0        15.50  2.83e-04  
13  1   7     0    0.000    0.000   0        56.49  4.76e-04  
13  2   7     0    0.000    0.000   0        28.49  5.88e-04  
13  3   7     0    0.000    0.000   0        24.49  1.41e-04  
13  4   7     0    0.000    0.000   0        31.48  9.00e-04  
13  5   7     0    0.000    0.000   0        30.51  1.29e-03  
13  6   7     0    0.000    0.000   0        24.49  4.61e-04  
13  7   7     0    0.000    0.000   0        29.49  3.26e-04  
13  8   7     0    0.000    0.000   0        28.49  6.68e-04  
13  9   7     0    0.000    0.000   0        24.96  4.53e-03  
13  10  7     0    0.000    0.000   0        31.49  5.65e-04  
13  11  7     0    0.000    0.000   0        31.49  2.16e-04  
13  12  7     0    0.000    0.000   0        27.32  3.45e-03  
13  13  7     0    0.000    0.000   0        29.49  3.82e-04  
13  14  7     0    0.000    0.000   0        28.49  6.26e-04  
13  15  7     0    0.000    0.000   0        19.50  1.82e-04  
13  16  7     0    0.000    0.000   0        30.49  3.16e-04  
13  17  7     0    0.000    0.000   0        25.51  1.17e-03  
13  18  7     0    0.000    0.000   0        19.49  4.31e-04  
13  19  7     0    0.000    0.000   0        29.97  4.54e-03  
13  20  7     0    0.000    0.000   0        26.49  8.39e-04  
13  21  7     0    0.000    0.000   0        20.06  4.47e-03  
13  23  7     0    0.000    0.000   0        26.49  3.05e-04  
13  24  7     0    0.000    0.000   0        20.50  4.08e-04  
14  1   7     0    0.000    0.000   0        20.49  2.94e-04  
14  2   7     0    0.000    0.000   0        23.57  2.36e-03  
14  3   7     0    0.000    0.000   0        23.53  1.71e-03  
14  4   7     0    0.000    0.000   0        26.49  3.05e-04  
14  5   7     0    0.000    0.000   0        24.56  2.23e-03  
14  6   7     0    0.000    0.000   0        25.97  4.53e-03  
14  7   7     0    0.000    0.000   0        27.51  1.15e-03  
14  8   7     0    0.000    0.000   0        26.49  1.82e-04  
14  9   7     0    0.000    0.000   0        25.88  4.40e-03  
14  10  7     0    0.000    0.000   0        20.50  2.45e-04  
14  11  7     0    0.000    0.000   0        23.48  9.04e-04  
14  12  7     0    0.000    0.000   0        21.62  3.01e-03  
14  13  7     0    0.000    0.000   0        24.45  1.80e-03  
14  14  7     0    0.000    0.000   0        22.39  2.78e-03  
14  15  7     0    0.000    0.000   0        23.49  8.16e-05  
14  16  7     0    0.000    0.000   0        19.48  1.06e-03  
15  1   7     0    0.000    0.000   0        22.49  2.31e-04  
15  2   7     0    0.000    0.000   0        28.53  1.79e-03  
15  3   7     0    0.000    0.000   0        21.50  3.74e-04  
15  4   7     0    0.000    0.000   0        33.49  4.68e-04  
15  5   7     0    0.000    0.000   0        21.49  6.90e-04  
15  6   7     0    0.000    0.000   0        37.49  1.82e-04  
15  7   7     0    0.000    0.000   0        20.37  2.97e-03  
15  8   7     0    0.000    0.000   0        36.49  2.94e-04  
15  9   7     0    0.000    0.000   0        15.50  1.63e-04  
15  10  7     0    0.000    0.000   0        33.45  1.83e-03  
15  11  7     0    0.000    0.000   0        15.50  8.16e-05  
15  12  7     0    0.000    0.000   0        35.49  2.00e-04  
15  13  7     0    0.000    0.000   0        15.31  3.51e-03  
15  14  7     0    0.000    0.000   0        38.15  4.30e-03  
15  15  7     0    0.000    0.000   0        13.50  4.16e-04  
15  16  7     0    0.000    0.000   0        38.49  4.32e-04  
16  1   7     0    0.000    0.000   0        34.60  2.88e-03  
16  2   7     0    0.000    0.000   0        38.08  4.45e-03  
16  3   7     0    0.000    0.000   0        38.49  7.38e-04  
16  4   7     0    0.000    0.000   0        37.51  1.14e-03  
16  5   7     0    0.000    0.000   0        32.49  1.63e-04  
16  6   7     0    0.000    0.000   0        34.48  1.00e-03  
16  7   7     0    0.000    0.000   0        32.49  4.96e-04  
16  8   7     0    0.000    0.000   0        30.27  3.78e-03  
17  1   7     0    0.000    0.000   0        29.49  2.58e-04  
17  2   7     0    0.000    0.000   0        31.49  3.16e-04  
17  3   7     0    0.000    0.000   0        29.39  2.77e-03  
17  4   7     0    0.000    0.000   0        28.49  4.08e-04  
17  5   7     0    0.000    0.000   0        21.50  2.58e-04  
17  6   7     0    0.000    0.000   0        23.50  3.65e-04  
17  7   7     0    0.000    0.000   0        21.50  9.07e-04  
17  8   7     0    0.000    0.000   0        18.50  8.16e-05  
4  1    8     0    0.000    0.000   0       36.94  4.49e-03  
4  2    8     0    0.000    0.000   0       40.08  4.45e-03  
4  3    8     0    0.000    0.000   0       38.19  4.13e-03  
4  4    8     0    0.000    0.000   0       42.06  4.47e-03  
4  5    8     0    0.000    0.000   0       37.43  2.33e-03  
4  6    8     0    0.000    0.000   0       39.61  3.14e-03  
4  7    8     0    0.000    0.000   0       42.27  3.72e-03  
4  8    8     0    0.000    0.000   0       41.39  2.74e-03  
4  9    8     0    0.000    0.000   0       39.93  4.48e-03  
4  10   8     0    0.000    0.000   0        39.48  1.82e-03  
4  11   8     0    0.000    0.000   0        39.02  4.51e-03  
4  12   8     0    0.000    0.000   0        39.90  4.46e-03  
4  13   8     0    0.000    0.000   0        35.11  4.39e-03  
4  14   8     0    0.000    0.000   0        36.30  3.54e-03  
4  15   8     0    0.000    0.000   0        34.15  4.28e-03  
4  16   8     0    0.000    0.000   0        36.09  4.45e-03  
4  19   8     0    0.000    0.000   0        35.33  3.34e-03  
4  20   8     0    0.000    0.000   0        30.69  3.56e-03  
4  21   8     0    0.000    0.000   0        25.46  1.56e-03  
4  22   8     0    0.000    0.000   0        29.40  2.57e-03  
4  23   8     0    0.000    0.000   0        26.99  4.56e-03  
4  24   8     0    0.000    0.000   0        27.24  3.91e-03  
5  1    8     0    0.000    0.000   0       46.15  4.30e-03  
5  2    8     0    0.000    0.000   0       46.06  4.48e-03  
5  3    8     0    0.000    0.000   0       54.02  4.51e-03  
5  4    8     0    0.000    0.000   0       54.26  4.42e-03  
5  5    8     0    0.000    0.000   0       51.63  3.17e-03  
5  6    8     0    0.000    0.000   0       56.48  2.25e-03  
5  7    8     0    0.000    0.000   0       55.06  4.47e-03  
5  8    8     0    0.000    0.000   0       54.47  1.75e-03  
5  9    8     0    0.000    0.000   0       49.17  4.21e-03  
5  10   8     0    0.000    0.000   0        50.47  1.61e-03  
5  11   8     0    0.000    0.000   0        52.37  3.19e-03  
5  12   8     0    0.000    0.000   0        46.88  4.43e-03  
5  13   8     0    0.000    0.000   0        46.45  1.99e-03  
5  14   8     0    0.000    0.000   0        46.00  4.51e-03  
5  15   8     0    0.000    0.000   0        46.38  3.37e-03  
5  16   8     0    0.000    0.000   0        46.32  3.43e-03  
5  19   8     0    0.000    0.000   0        44.01  4.52e-03  
5  20   8     0    0.000    0.000   0        43.80  4.20e-03  
5  21   8     0    0.000    0.000   0        39.31  3.49e-03  
5  22   8     0    0.000    0.000   0        37.84  4.30e-03  
5  23   8     0    0.000    0.000   0        37.56  2.36e-03  
5  24   8     0    0.000    0.000   0        40.14  4.36e-03  
6  1    8     0    0.000    0.000   0       39.94  4.49e-03  
6  2    8     0    0.000    0.000   0       39.65  3.92e-03  
6  3    8     0    0.000    0.000   0       46.93  4.49e-03  
6  4    8     0    0.000    0.000   0       47.07  4.45e-03  
6  5    8     0    0.000    0.000   0       40.82  4.26e-03  
6  6    8     0    0.000    0.000   0       45.16  4.23e-03  
6  7    8     0    0.000    0.000   0       44.94  4.52e-03  
6  8    8     0    0.000    0.000   0       44.93  4.48e-03  
6  9    8     0    0.000    0.000   0       37.51  2.87e-03  
6  10   8     0    0.000    0.000   0        40.24  3.97e-03  
6  11   8     0    0.000    0.000   0        40.35  4.11e-03  
6  12   8     0    0.000    0.000   0        42.92  4.49e-03  
6  13   8     0    0.000    0.000   0        36.07  4.46e-03  
6  14   8     0    0.000    0.000   0        39.68  3.58e-03  
6  15   8     0    0.000    0.000   0        36.94  4.50e-03  
6  16   8     0    0.000    0.000   0        34.52  1.67e-03  
6  17   8     0    0.000    0.000   0        39.12  4.36e-03  
6  18   8     0    0.000    0.000   0        37.50  8.92e-04  
6  19   8     0    0.000    0.000   0        37.64  3.30e-03  
6  20   8     0    0.000    0.000   0        37.25  3.93e-03  
6  21   8     0    0.000    0.000   0        29.81  4.19e-03  
6  22   8     0    0.000    0.000   0        29.98  4.52e-03  
6  23   8     0    0.000    0.000   0        31.35  3.18e-03  
6  24   8     0    0.000    0.000   0        31.55  2.56e-03  
7  1    8     0    0.000    0.000   0       32.90  4.44e-03  
7  2    8     0    0.000    0.000   0       38.03  4.54e-03  
7  3    8     0    0.000    0.000   0       40.65  4.18e-03  
7  4    8     0    0.000    0.000   0       42.77  4.08e-03  
7  5    8     0    0.000    0.000   0       36.13  4.34e-03  
7  6    8     0    0.000    0.000   0       43.64  3.57e-03  
7  7    8     0    0.000    0.000   0       40.00  4.54e-03  
7  8    8     0    0.000    0.000   0       40.68  3.69e-03  
7  9    8     0    0.000    0.000   0       40.09  4.42e-03  
7  10   8     0    0.000    0.000   0        38.05  4.52e-03  
7  11   8     0    0.000    0.000   0        40.10  4.40e-03  
7  12   8     0    0.000    0.000   0        35.05  4.49e-03  
7  13   8     0    0.000    0.000   0        36.56  2.79e-03  
7  14   8     0    0.000    0.000   0        32.89  4.45e-03  
7  15   8     0    0.000    0.000   0        35.91  4.47e-03  
7  16   8     0    0.000    0.000   0        34.66  3.46e-03  
7  17   8     0    0.000    0.000   0        33.81  4.23e-03  
7  18   8     0    0.000    0.000   0        35.34  3.34e-03  
7  19   8     0    0.000    0.000   0        30.74  3.97e-03  
7  20   8     0    0.000    0.000   0        32.29  3.65e-03  
7  21   8     0    0.000    0.000   0        24.47  1.53e-03  
7  22   8     0    0.000    0.000   0        27.49  1.12e-03  
7  23   8     0    0.000    0.000   0        26.88  4.46e-03  
7  24   8     0    0.000    0.000   0        28.16  4.28e-03  
8  1    8     0    0.000    0.000   0       35.24  3.91e-03  
8  2    8     0    0.000    0.000   0       37.72  3.78e-03  
8  3    8     0    0.000    0.000   0       42.81  4.24e-03  
8  4    8     0    0.000    0.000   0       43.00  4.51e-03  
8  5    8     0    0.000    0.000   0       41.11  4.39e-03  
8  6    8     0    0.000    0.000   0       39.88  4.41e-03  
8  7    8     0    0.000    0.000   0       41.97  4.51e-03  
8  8    8     0    0.000    0.000   0       43.05  4.48e-03  
8  9    8     0    0.000    0.000   0       39.21  4.08e-03  
8  10   8     0    0.000    0.000   0        39.54  2.10e-03  
8  11   8     0    0.000    0.000   0        39.16  4.23e-03  
8  12   8     0    0.000    0.000   0        58.62  3.16e-03  
8  13   8     0    0.000    0.000   0        34.90  4.44e-03  
8  14   8     0    0.000    0.000   0        37.02  4.51e-03  
8  15   8     0    0.000    0.000   0        34.78  4.08e-03  
8  16   8     0    0.000    0.000   0        38.12  4.35e-03  
8  17   8     0    0.000    0.000   0        35.78  4.10e-03  
8  18   8     0    0.000    0.000   0        35.83  4.29e-03  
8  19   8     0    0.000    0.000   0        32.44  2.51e-03  
8  20   8     0    0.000    0.000   0        34.02  4.54e-03  
8  21   8     0    0.000    0.000   0        30.68  3.66e-03  
8  22   8     0    0.000    0.000   0        26.54  2.44e-03  
8  23   8     0    0.000    0.000   0        29.93  4.48e-03  
8  24   8     0    0.000    0.000   0        28.06  4.49e-03  
9  1    8     0    0.000    0.000   0       32.27  3.81e-03  
9  2    8     0    0.000    0.000   0       35.93  4.49e-03  
9  3    8     0    0.000    0.000   0       38.63  3.20e-03  
9  4    8     0    0.000    0.000   0       38.94  4.49e-03  
9  5    8     0    0.000    0.000   0       37.56  2.75e-03  
9  6    8     0    0.000    0.000   0       36.95  4.52e-03  
9  7    8     0    0.000    0.000   0       39.91  4.46e-03  
9  8    8     0    0.000    0.000   0       38.40  2.70e-03  
9  9    8     0    0.000    0.000   0       38.33  4.08e-03  
9  10   8     0    0.000    0.000   0        41.57  3.05e-03  
9  11   8     0    0.000    0.000   0        37.51  1.35e-03  
9  12   8     0    0.000    0.000   0        37.23  4.08e-03  
9  13   8     0    0.000    0.000   0        32.99  4.52e-03  
9  14   8     0    0.000    0.000   0        36.56  2.37e-03  
9  15   8     0    0.000    0.000   0        35.35  3.16e-03  
9  16   8     0    0.000    0.000   0        31.62  3.12e-03  
9  17   8     0    0.000    0.000   0        32.71  3.71e-03  
9  18   8     0    0.000    0.000   0        30.44  2.13e-03  
9  19   8     0    0.000    0.000   0        30.02  4.51e-03  
9  20   8     0    0.000    0.000   0        30.93  4.51e-03  
9  21   8     0    0.000    0.000   0        28.53  5.92e-03  
9  22   8     0    0.000    0.000   0        25.94  4.49e-03  
9  23   8     0    0.000    0.000   0        24.47  1.31e-03  
9  24   8     0    0.000    0.000   0        25.85  4.34e-03  
10  1   8     0    0.000    0.000   0        33.56  2.50e-03  
10  2   8     0    0.000    0.000   0        40.15  4.27e-03  
10  3   8     0    0.000    0.000   0        43.82  4.26e-03  
10  4   8     0    0.000    0.000   0        44.10  4.42e-03  
10  5   8     0    0.000    0.000   0        37.07  4.49e-03  
10  6   8     0    0.000    0.000   0        39.19  4.19e-03  
10  7   8     0    0.000    0.000   0        41.40  2.76e-03  
10  8   8     0    0.000    0.000   0        41.50  3.36e-03  
10  9   8     0    0.000    0.000   0        36.91  4.47e-03  
10  10  8     0    0.000    0.000   0        40.10  4.43e-03  
10  11  8     0    0.000    0.000   0        36.96  4.51e-03  
10  12  8     0    0.000    0.000   0        38.68  3.79e-03  
10  13  8     0    0.000    0.000   0        33.47  2.33e-03  
10  14  8     0    0.000    0.000   0        33.49  4.61e-04  
10  15  8     0    0.000    0.000   0        34.52  1.91e-03  
10  16  8     0    0.000    0.000   0        31.92  4.51e-03  
10  17  8     0    0.000    0.000   0        33.52  2.21e-03  
10  18  8     0    0.000    0.000   0        35.18  4.22e-03  
10  19  8     0    0.000    0.000   0        35.79  4.12e-03  
10  20  8     0    0.000    0.000   0        31.80  4.19e-03  
10  21  8     0    0.000    0.000   0        31.81  4.21e-03  
10  22  8     0    0.000    0.000   0        29.13  4.38e-03  
10  23  8     0    0.000    0.000   0        26.94  4.57e-03  
10  24  8     0    0.000    0.000   0        28.30  3.64e-03  
11  1   8     0    0.000    0.000   0        38.50  1.33e-03  
11  2   8     0    0.000    0.000   0        44.96  4.51e-03  
11  3   8     0    0.000    0.000   0        45.86  4.44e-03  
11  4   8     0    0.000    0.000   0        47.85  4.42e-03  
11  5   8     0    0.000    0.000   0        45.92  4.50e-03  
11  6   8     0    0.000    0.000   0        45.45  3.89e-03  
11  7   8     0    0.000    0.000   0        45.92  4.47e-03  
11  8   8     0    0.000    0.000   0        44.87  4.41e-03  
11  9   8     0    0.000    0.000   0        44.55  2.26e-03  
11  10  8     0    0.000    0.000   0        48.39  2.72e-03  
11  11  8     0    0.000    0.000   0        40.73  3.98e-03  
11  12  8     0    0.000    0.000   0        43.88  4.45e-03  
11  13  8     0    0.000    0.000   0        39.02  4.51e-03  
11  14  8     0    0.000    0.000   0        41.37  2.97e-03  
11  15  8     0    0.000    0.000   0        39.92  4.49e-03  
11  16  8     0    0.000    0.000   0        38.49  1.55e-03  
11  17  8     0    0.000    0.000   0        41.44  2.47e-03  
11  18  8     0    0.000    0.000   0        40.82  4.28e-03  
11  19  8     0    0.000    0.000   0        37.01  4.51e-03  
11  20  8     0    0.000    0.000   0        36.58  2.69e-03  
11  21  8     0    0.000    0.000   0        37.09  4.52e-03  
11  22  8     0    0.000    0.000   0        34.08  4.47e-03  
11  23  8     0    0.000    0.000   0        31.91  4.49e-03  
11  24  8     0    0.000    0.000   0        32.59  2.70e-03  
12  1   8     0    0.000    0.000   0        42.09  4.48e-03  
12  2   8     0    0.000    0.000   0        50.78  4.17e-03  
12  3   8     0    0.000    0.000   0        46.99  4.61e-03  
12  4   8     0    0.000    0.000   0        50.59  3.24e-03  
12  5   8     0    0.000    0.000   0        42.91  4.53e-03  
12  6   8     0    0.000    0.000   0        53.16  4.33e-03  
12  7   8     0    0.000    0.000   0        47.07  4.53e-03  
12  8   8     0    0.000    0.000   0        46.51  4.09e-03  
12  9   8     0    0.000    0.000   0        42.39  2.80e-03  
12  10  8     0    0.000    0.000   0        48.89  4.47e-03  
12  11  8     0    0.000    0.000   0        50.81  4.40e-03  
12  12  8     0    0.000    0.000   0        47.62  3.67e-03  
12  13  8     0    0.000    0.000   0        39.24  4.03e-03  
12  14  8     0    0.000    0.000   0        39.30  3.70e-03  
12  15  8     0    0.000    0.000   0        43.67  3.54e-03  
12  16  8     0    0.000    0.000   0        41.14  4.37e-03  
12  17  8     0    0.000    0.000   0        40.97  4.54e-03  
12  18  8     0    0.000    0.000   0        40.02  4.51e-03  
12  19  8     0    0.000    0.000   0        38.82  4.25e-03  
12  20  8     0    0.000    0.000   0        43.88  4.40e-03  
12  21  8     0    0.000    0.000   0        36.42  2.49e-03  
12  22  8     0    0.000    0.000   0        34.90  4.46e-03  
12  23  8     0    0.000    0.000   0        35.27  3.78e-03  
12  24  8     0    0.000    0.000   0        25.41  3.52e-03  
13  1   8     0    0.000    0.000   0        195.98  4.66e-03  
13  2   8     0    0.000    0.000   0        44.56  3.63e-03  
13  3   8     0    0.000    0.000   0        39.17  4.27e-03  
13  4   8     0    0.000    0.000   0        46.76  4.07e-03  
13  5   8     0    0.000    0.000   0        45.51  3.77e-03  
13  6   8     0    0.000    0.000   0        39.32  3.61e-03  
13  7   8     0    0.000    0.000   0        45.04  4.52e-03  
13  8   8     0    0.000    0.000   0        43.62  3.10e-03  
13  9   8     0    0.000    0.000   0        41.52  2.71e-03  
13  10  8     0    0.000    0.000   0        46.90  4.78e-03  
13  11  8     0    0.000    0.000   0        48.32  4.69e-03  
13  12  8     0    0.000    0.000   0        44.52  4.83e-03  
13  13  8     0    0.000    0.000   0        45.87  4.43e-03  
13  14  8     0    0.000    0.000   0        44.03  4.61e-03  
13  15  8     0    0.000    0.000   0        36.27  3.85e-03  
13  16  8     0    0.000    0.000   0        46.00  4.60e-03  
13  17  8     0    0.000    0.000   0        41.99  4.53e-03  
13  18  8     0    0.000    0.000   0        34.76  4.02e-03  
13  19  8     0    0.000    0.000   0        46.51  3.35e-03  
13  20  8     0    0.000    0.000   0        41.06  4.58e-03  
13  21  8     0    0.000    0.000   0        35.47  1.60e-03  
13  23  8     0    0.000    0.000   0        41.14  4.40e-03  
13  24  8     0    0.000    0.000   0        35.49  9.86e-04  
14  1   8     0    0.000    0.000   0        43.86  4.39e-03  
14  2   8     0    0.000    0.000   0        43.98  4.58e-03  
14  3   8     0    0.000    0.000   0        46.10  4.49e-03  
14  4   8     0    0.000    0.000   0        48.56  3.21e-03  
14  5   8     0    0.000    0.000   0        48.26  4.68e-03  
14  6   8     0    0.000    0.000   0        47.77  4.21e-03  
14  7   8     0    0.000    0.000   0        52.18  4.37e-03  
14  8   8     0    0.000    0.000   0        49.47  4.63e-03  
14  9   8     0    0.000    0.000   0        60.26  6.22e-03  
14  10  8     0    0.000    0.000   0        43.01  4.58e-03  
14  11  8     0    0.000    0.000   0        46.26  4.38e-03  
14  12  8     0    0.000    0.000   0        43.89  4.47e-03  
14  13  8     0    0.000    0.000   0        46.16  4.42e-03  
14  14  8     0    0.000    0.000   0        45.05  4.51e-03  
14  15  8     0    0.000    0.000   0        46.22  3.99e-03  
14  16  8     0    0.000    0.000   0        40.88  4.46e-03  
15  1   8     0    0.000    0.000   0        45.07  4.47e-03  
15  2   8     0    0.000    0.000   0        48.10  4.55e-03  
15  3   8     0    0.000    0.000   0        43.12  4.39e-03  
15  4   8     0    0.000    0.000   0        53.54  5.51e-03  
15  5   8     0    0.000    0.000   0        42.71  3.80e-03  
15  6   8     0    0.000    0.000   0        57.07  4.55e-03  
15  7   8     0    0.000    0.000   0        42.15  4.31e-03  
15  8   8     0    0.000    0.000   0        56.83  4.69e-03  
15  9   8     0    0.000    0.000   0        37.50  1.88e-03  
15  10  8     0    0.000    0.000   0        52.85  4.36e-03  
15  11  8     0    0.000    0.000   0        39.49  7.60e-04  
15  12  8     0    0.000    0.000   0        53.03  4.57e-03  
15  13  8     0    0.000    0.000   0        36.46  2.78e-03  
15  14  8     0    0.000    0.000   0        57.89  4.48e-03  
15  15  8     0    0.000    0.000   0        34.10  4.45e-03  
15  16  8     0    0.000    0.000   0        59.77  4.18e-03  
16  1   8     0    0.000    0.000   0        55.14  4.39e-03  
16  2   8     0    0.000    0.000   0        58.14  4.39e-03  
16  3   8     0    0.000    0.000   0        58.72  4.02e-03  
16  4   8     0    0.000    0.000   0        55.92  4.54e-03  
16  5   8     0    0.000    0.000   0        53.74  3.94e-03  
16  6   8     0    0.000    0.000   0        55.73  4.19e-03  
16  7   8     0    0.000    0.000   0        52.99  4.56e-03  
16  8   8     0    0.000    0.000   0        51.02  4.54e-03  
17  1   8     0    0.000    0.000   0        50.88  4.42e-03  
17  2   8     0    0.000    0.000   0        52.22  6.35e-03  
17  3   8     0    0.000    0.000   0        50.99  4.53e-03  
17  4   8     0    0.000    0.000   0        48.42  2.36e-03  
17  5   8     0    0.000    0.000   0        42.93  4.49e-03  
17  6   8     0    0.000    0.000   0        45.84  4.35e-03  
17  7   8     0    0.000    0.000   0        43.51  1.49e-03  
17  8   8     0    0.000    0.000   0        38.90  4.44e-03  
