Runs 335-336     2007
Total   0 ev.  Physical       0 ev.
-------------------------------------------------------------
 c  m  t   n_phys ave_phys sig_phys  n_gene ave_gene err_gene
-------------------------------------------------------------
4  1    7     0    0.000    0.000   0      24.85  4.60e-03  
4  2    7     0    0.000    0.000   0      27.49  0.00e+00  
4  3    7     0    0.000    0.000   0      27.49  0.00e+00  
4  4    7     0    0.000    0.000   0      30.76  4.22e-03  
4  5    7     0    0.000    0.000   0      26.80  4.44e-03  
4  6    7     0    0.000    0.000   0      30.74  4.14e-03  
4  7    7     0    0.000    0.000   0      31.49  0.00e+00  
4  8    7     0    0.000    0.000   0      29.49  9.21e-05  
4  9    7     0    0.000    0.000   0      29.49  9.21e-05  
4  10   7     0    0.000    0.000   0      30.49  0.00e+00  
4  11   7     0    0.000    0.000   0      30.49  1.30e-04  
4  12   7     0    0.000    0.000   0      31.37  3.14e-03  
4  13   7     0    0.000    0.000   0      26.49  1.84e-04  
4  14   7     0    0.000    0.000   0      26.22  4.26e-03  
4  15   7     0    0.000    0.000   0      25.12  4.64e-03  
4  16   7     0    0.000    0.000   0      27.49  0.00e+00  
4  19   7     0    0.000    0.000   0      24.49  8.45e-04  
4  20   7     0    0.000    0.000   0      21.49  0.00e+00  
4  21   7     0    0.000    0.000   0      16.50  0.00e+00  
4  22   7     0    0.000    0.000   0      19.49  2.25e-04  
4  23   7     0    0.000    0.000   0      16.52  1.55e-03  
4  24   7     0    0.000    0.000   0      18.49  3.05e-04  
5  1    7     0    0.000    0.000   0      22.10  4.69e-03  
5  2    7     0    0.000    0.000   0      26.45  1.86e-03  
5  3    7     0    0.000    0.000   0      29.49  2.76e-04  
5  4    7     0    0.000    0.000   0      29.50  8.40e-04  
5  5    7     0    0.000    0.000   0      27.49  1.30e-04  
5  6    7     0    0.000    0.000   0      31.49  2.06e-04  
5  7    7     0    0.000    0.000   0      30.49  9.21e-05  
5  8    7     0    0.000    0.000   0      30.50  1.04e-03  
5  9    7     0    0.000    0.000   0      26.50  4.01e-04  
5  10   7     0    0.000    0.000   0      27.51  1.16e-03  
5  11   7     0    0.000    0.000   0      29.49  9.21e-05  
5  12   7     0    0.000    0.000   0      23.85  4.60e-03  
5  13   7     0    0.000    0.000   0      22.63  3.29e-03  
5  14   7     0    0.000    0.000   0      22.49  0.00e+00  
5  15   7     0    0.000    0.000   0      24.76  4.24e-03  
5  16   7     0    0.000    0.000   0      22.96  4.78e-03  
5  19   7     0    0.000    0.000   0      21.49  0.00e+00  
5  20   7     0    0.000    0.000   0      20.49  6.43e-04  
5  21   7     0    0.000    0.000   0      17.50  0.00e+00  
5  22   7     0    0.000    0.000   0      15.50  2.06e-04  
5  23   7     0    0.000    0.000   0      15.32  3.64e-03  
5  24   7     0    0.000    0.000   0      16.50  3.05e-04  
6  1    7     0    0.000    0.000   0      26.43  2.36e-03  
6  2    7     0    0.000    0.000   0      28.49  4.41e-04  
6  3    7     0    0.000    0.000   0      34.50  6.56e-04  
6  4    7     0    0.000    0.000   0      34.50  9.65e-04  
6  5    7     0    0.000    0.000   0      28.50  6.02e-04  
6  6    7     0    0.000    0.000   0      32.67  3.67e-03  
6  7    7     0    0.000    0.000   0      33.49  2.91e-04  
6  8    7     0    0.000    0.000   0      31.49  2.06e-04  
6  9    7     0    0.000    0.000   0      28.42  2.47e-03  
6  10   7     0    0.000    0.000   0      30.49  9.21e-05  
6  11   7     0    0.000    0.000   0      30.50  7.51e-04  
6  12   7     0    0.000    0.000   0      30.91  4.73e-03  
6  13   7     0    0.000    0.000   0      26.00  4.80e-03  
6  14   7     0    0.000    0.000   0      27.49  0.00e+00  
6  15   7     0    0.000    0.000   0      26.16  4.52e-03  
6  16   7     0    0.000    0.000   0      23.49  0.00e+00  
6  17   7     0    0.000    0.000   0      25.49  0.00e+00  
6  18   7     0    0.000    0.000   0      25.49  0.00e+00  
6  19   7     0    0.000    0.000   0      24.29  3.86e-03  
6  20   7     0    0.000    0.000   0      23.53  1.82e-03  
6  21   7     0    0.000    0.000   0      19.84  4.57e-03  
6  22   7     0    0.000    0.000   0      19.39  2.95e-03  
6  23   7     0    0.000    0.000   0      19.50  0.00e+00  
6  24   7     0    0.000    0.000   0      18.50  2.25e-04  
7  1    7     0    0.000    0.000   0      17.49  3.32e-04  
7  2    7     0    0.000    0.000   0      21.90  4.71e-03  
7  3    7     0    0.000    0.000   0      25.49  2.06e-04  
7  4    7     0    0.000    0.000   0      27.49  0.00e+00  
7  5    7     0    0.000    0.000   0      21.67  3.67e-03  
7  6    7     0    0.000    0.000   0      27.49  0.00e+00  
7  7    7     0    0.000    0.000   0      25.97  4.79e-03  
7  8    7     0    0.000    0.000   0      25.49  0.00e+00  
7  9    7     0    0.000    0.000   0      23.49  0.00e+00  
7  10   7     0    0.000    0.000   0      24.49  2.43e-04  
7  11   7     0    0.000    0.000   0      24.49  2.44e-04  
7  12   7     0    0.000    0.000   0      19.73  4.04e-03  
7  13   7     0    0.000    0.000   0      20.49  0.00e+00  
7  14   7     0    0.000    0.000   0      18.49  3.19e-04  
7  15   7     0    0.000    0.000   0      20.51  1.20e-03  
7  16   7     0    0.000    0.000   0      19.15  4.56e-03  
7  17   7     0    0.000    0.000   0      18.50  1.30e-04  
7  18   7     0    0.000    0.000   0      20.49  3.05e-04  
7  19   7     0    0.000    0.000   0      16.93  4.76e-03  
7  20   7     0    0.000    0.000   0      18.50  0.00e+00  
7  21   7     0    0.000    0.000   0      11.39  2.91e-03  
7  22   7     0    0.000    0.000   0      14.75  4.17e-03  
7  23   7     0    0.000    0.000   0      12.50  7.57e-04  
7  24   7     0    0.000    0.000   0      14.80  4.41e-03  
8  1    7     0    0.000    0.000   0      25.49  0.00e+00  
8  2    7     0    0.000    0.000   0      27.49  0.00e+00  
8  3    7     0    0.000    0.000   0      31.49  0.00e+00  
8  4    7     0    0.000    0.000   0      33.49  1.30e-04  
8  5    7     0    0.000    0.000   0      30.49  6.70e-04  
8  6    7     0    0.000    0.000   0      29.52  1.52e-03  
8  7    7     0    0.000    0.000   0      30.49  0.00e+00  
8  8    7     0    0.000    0.000   0      33.49  0.00e+00  
8  9    7     0    0.000    0.000   0      28.53  1.82e-03  
8  10   7     0    0.000    0.000   0      30.49  0.00e+00  
8  11   7     0    0.000    0.000   0      29.66  3.55e-03  
8  12   7     0    0.000    0.000   0      34.49  2.25e-04  
8  13   7     0    0.000    0.000   0      26.49  1.30e-04  
8  14   7     0    0.000    0.000   0      27.37  3.21e-03  
8  15   7     0    0.000    0.000   0      24.49  9.21e-05  
8  16   7     0    0.000    0.000   0      26.49  4.50e-04  
8  17   7     0    0.000    0.000   0      24.49  6.30e-04  
8  18   7     0    0.000    0.000   0      25.51  1.10e-03  
8  19   7     0    0.000    0.000   0      23.18  4.47e-03  
8  20   7     0    0.000    0.000   0      23.56  2.30e-03  
8  21   7     0    0.000    0.000   0      19.50  0.00e+00  
8  22   7     0    0.000    0.000   0      16.91  4.72e-03  
8  23   7     0    0.000    0.000   0      19.50  0.00e+00  
8  24   7     0    0.000    0.000   0      20.21  4.35e-03  
9  1    7     0    0.000    0.000   0      25.50  3.79e-04  
9  2    7     0    0.000    0.000   0      27.51  1.04e-03  
9  3    7     0    0.000    0.000   0      30.55  2.18e-03  
9  4    7     0    0.000    0.000   0      32.49  3.19e-04  
9  5    7     0    0.000    0.000   0      30.49  0.00e+00  
9  6    7     0    0.000    0.000   0      30.98  4.80e-03  
9  7    7     0    0.000    0.000   0      31.65  3.53e-03  
9  8    7     0    0.000    0.000   0      32.29  3.88e-03  
9  9    7     0    0.000    0.000   0      31.49  2.60e-04  
9  10   7     0    0.000    0.000   0      33.65  3.50e-03  
9  11   7     0    0.000    0.000   0      30.49  9.21e-05  
9  12   7     0    0.000    0.000   0      29.74  4.16e-03  
9  13   7     0    0.000    0.000   0      26.70  3.91e-03  
9  14   7     0    0.000    0.000   0      27.49  0.00e+00  
9  15   7     0    0.000    0.000   0      27.49  0.00e+00  
9  16   7     0    0.000    0.000   0      25.49  9.21e-05  
9  17   7     0    0.000    0.000   0      25.49  3.32e-04  
9  18   7     0    0.000    0.000   0      23.68  3.75e-03  
9  19   7     0    0.000    0.000   0      24.31  3.75e-03  
9  20   7     0    0.000    0.000   0      23.49  1.30e-04  
9  21   7     0    0.000    0.000   0      21.63  3.24e-03  
9  22   7     0    0.000    0.000   0      21.11  4.67e-03  
9  23   7     0    0.000    0.000   0      18.47  1.63e-03  
9  24   7     0    0.000    0.000   0      19.50  1.30e-04  
10  1   7     0    0.000    0.000   0      18.20  4.37e-03  
10  2   7     0    0.000    0.000   0      23.49  9.21e-05  
10  3   7     0    0.000    0.000   0      27.37  3.16e-03  
10  4   7     0    0.000    0.000   0      27.49  3.68e-04  
10  5   7     0    0.000    0.000   0      21.49  0.00e+00  
10  6   7     0    0.000    0.000   0      25.49  1.30e-04  
10  7   7     0    0.000    0.000   0      25.49  3.05e-04  
10  8   7     0    0.000    0.000   0      26.01  4.79e-03  
10  9   7     0    0.000    0.000   0      22.49  9.21e-05  
10  10  7     0    0.000    0.000   0       25.49  0.00e+00  
10  11  7     0    0.000    0.000   0       22.26  4.07e-03  
10  12  7     0    0.000    0.000   0       24.38  3.10e-03  
10  13  7     0    0.000    0.000   0       19.50  0.00e+00  
10  14  7     0    0.000    0.000   0       19.50  0.00e+00  
10  15  7     0    0.000    0.000   0       18.53  1.70e-03  
10  16  7     0    0.000    0.000   0       16.50  0.00e+00  
10  17  7     0    0.000    0.000   0       16.50  0.00e+00  
10  18  7     0    0.000    0.000   0       18.50  9.21e-05  
10  19  7     0    0.000    0.000   0       18.19  4.43e-03  
10  20  7     0    0.000    0.000   0       14.50  1.30e-04  
10  21  7     0    0.000    0.000   0       13.63  3.24e-03  
10  22  7     0    0.000    0.000   0       11.50  0.00e+00  
10  23  7     0    0.000    0.000   0       10.77  4.27e-03  
10  24  7     0    0.000    0.000   0       10.76  4.24e-03  
11  1   7     0    0.000    0.000   0      21.50  2.91e-04  
11  2   7     0    0.000    0.000   0      28.50  5.95e-04  
11  3   7     0    0.000    0.000   0      30.49  5.75e-04  
11  4   7     0    0.000    0.000   0      32.49  7.34e-04  
11  5   7     0    0.000    0.000   0      29.53  1.70e-03  
11  6   7     0    0.000    0.000   0      30.49  6.87e-04  
11  7   7     0    0.000    0.000   0      30.49  9.21e-05  
11  8   7     0    0.000    0.000   0      28.49  0.00e+00  
11  9   7     0    0.000    0.000   0      28.49  1.84e-04  
11  10  7     0    0.000    0.000   0       30.49  1.59e-04  
11  11  7     0    0.000    0.000   0       26.50  8.37e-04  
11  12  7     0    0.000    0.000   0       28.49  6.44e-04  
11  13  7     0    0.000    0.000   0       22.50  7.79e-04  
11  14  7     0    0.000    0.000   0       26.49  0.00e+00  
11  15  7     0    0.000    0.000   0       24.48  1.18e-03  
11  16  7     0    0.000    0.000   0       23.49  3.56e-04  
11  17  7     0    0.000    0.000   0       25.49  2.76e-04  
11  18  7     0    0.000    0.000   0       24.49  3.32e-04  
11  19  7     0    0.000    0.000   0       21.92  4.75e-03  
11  20  7     0    0.000    0.000   0       20.50  3.44e-04  
11  21  7     0    0.000    0.000   0       22.49  4.60e-04  
11  22  7     0    0.000    0.000   0       18.50  4.01e-04  
11  23  7     0    0.000    0.000   0       17.61  3.08e-03  
11  24  7     0    0.000    0.000   0       18.49  7.05e-04  
12  1   7     0    0.000    0.000   0      26.30  3.79e-03  
12  2   7     0    0.000    0.000   0      31.49  4.01e-04  
12  3   7     0    0.000    0.000   0      32.49  3.32e-04  
12  4   7     0    0.000    0.000   0      34.57  2.51e-03  
12  5   7     0    0.000    0.000   0      28.49  1.59e-04  
12  6   7     0    0.000    0.000   0      36.49  1.30e-04  
12  7   7     0    0.000    0.000   0      32.49  3.68e-04  
12  8   7     0    0.000    0.000   0      31.47  1.33e-03  
12  9   7     0    0.000    0.000   0      29.49  2.76e-04  
12  10  7     0    0.000    0.000   0       33.49  9.21e-05  
12  11  7     0    0.000    0.000   0       33.50  1.02e-03  
12  12  7     0    0.000    0.000   0       31.50  9.77e-04  
12  13  7     0    0.000    0.000   0       24.80  4.41e-03  
12  14  7     0    0.000    0.000   0       24.49  2.25e-04  
12  15  7     0    0.000    0.000   0       28.50  5.12e-04  
12  16  7     0    0.000    0.000   0       26.49  6.89e-04  
12  17  7     0    0.000    0.000   0       26.49  6.89e-04  
12  18  7     0    0.000    0.000   0       28.49  2.06e-04  
12  19  7     0    0.000    0.000   0       25.27  4.01e-03  
12  20  7     0    0.000    0.000   0       27.49  3.05e-04  
12  21  7     0    0.000    0.000   0       22.45  2.05e-03  
12  22  7     0    0.000    0.000   0       20.64  3.40e-03  
12  23  7     0    0.000    0.000   0       20.50  4.01e-04  
12  24  7     0    0.000    0.000   0       15.50  4.21e-04  
13  1   7     0    0.000    0.000   0      56.49  2.44e-04  
13  2   7     0    0.000    0.000   0      28.69  3.82e-03  
13  3   7     0    0.000    0.000   0      24.49  2.91e-04  
13  4   7     0    0.000    0.000   0      31.49  4.69e-04  
13  5   7     0    0.000    0.000   0      31.26  4.09e-03  
13  6   7     0    0.000    0.000   0      24.53  1.69e-03  
13  7   7     0    0.000    0.000   0      29.63  3.26e-03  
13  8   7     0    0.000    0.000   0      28.63  3.29e-03  
13  9   7     0    0.000    0.000   0      25.49  2.76e-04  
13  10  7     0    0.000    0.000   0       31.51  1.19e-03  
13  11  7     0    0.000    0.000   0       31.49  7.64e-04  
13  12  7     0    0.000    0.000   0       27.31  3.77e-03  
13  13  7     0    0.000    0.000   0       29.49  3.32e-04  
13  14  7     0    0.000    0.000   0       28.80  4.46e-03  
13  15  7     0    0.000    0.000   0       19.50  2.06e-04  
13  16  7     0    0.000    0.000   0       30.52  1.66e-03  
13  17  7     0    0.000    0.000   0       26.29  3.88e-03  
13  18  7     0    0.000    0.000   0       19.50  7.70e-04  
13  19  7     0    0.000    0.000   0       30.49  5.04e-04  
13  20  7     0    0.000    0.000   0       26.49  1.84e-04  
13  21  7     0    0.000    0.000   0       20.50  3.19e-04  
13  23  7     0    0.000    0.000   0       26.94  4.77e-03  
13  24  7     0    0.000    0.000   0       20.57  2.55e-03  
14  1   7     0    0.000    0.000   0      20.50  3.79e-04  
14  2   7     0    0.000    0.000   0      24.31  3.73e-03  
14  3   7     0    0.000    0.000   0      24.03  4.79e-03  
14  4   7     0    0.000    0.000   0      26.49  6.89e-04  
14  5   7     0    0.000    0.000   0      24.98  4.80e-03  
14  6   7     0    0.000    0.000   0      26.47  1.56e-03  
14  7   7     0    0.000    0.000   0      27.73  4.08e-03  
14  8   7     0    0.000    0.000   0      26.49  3.80e-04  
14  9   7     0    0.000    0.000   0      26.41  2.70e-03  
14  10  7     0    0.000    0.000   0       20.51  1.04e-03  
14  11  7     0    0.000    0.000   0       23.49  3.91e-04  
14  12  7     0    0.000    0.000   0       22.39  2.90e-03  
14  13  7     0    0.000    0.000   0       24.49  4.87e-04  
14  14  7     0    0.000    0.000   0       22.50  3.05e-04  
14  15  7     0    0.000    0.000   0       23.49  0.00e+00  
14  16  7     0    0.000    0.000   0       19.50  1.59e-04  
15  1   7     0    0.000    0.000   0      22.49  4.60e-04  
15  2   7     0    0.000    0.000   0      29.19  4.40e-03  
15  3   7     0    0.000    0.000   0      21.50  5.44e-04  
15  4   7     0    0.000    0.000   0      33.49  2.06e-04  
15  5   7     0    0.000    0.000   0      21.50  3.32e-04  
15  6   7     0    0.000    0.000   0      37.49  2.60e-04  
15  7   7     0    0.000    0.000   0      20.50  7.01e-04  
15  8   7     0    0.000    0.000   0      36.49  1.30e-04  
15  9   7     0    0.000    0.000   0      15.52  1.59e-03  
15  10  7     0    0.000    0.000   0       33.49  0.00e+00  
15  11  7     0    0.000    0.000   0       15.78  4.32e-03  
15  12  7     0    0.000    0.000   0       35.49  3.05e-04  
15  13  7     0    0.000    0.000   0       15.50  3.91e-04  
15  14  7     0    0.000    0.000   0       38.49  2.06e-04  
15  15  7     0    0.000    0.000   0       13.50  6.17e-04  
15  16  7     0    0.000    0.000   0       38.56  2.50e-03  
16  1   7     0    0.000    0.000   0      35.48  1.23e-03  
16  2   7     0    0.000    0.000   0      38.49  2.26e-04  
16  3   7     0    0.000    0.000   0      39.13  4.60e-03  
16  4   7     0    0.000    0.000   0      38.34  3.53e-03  
16  5   7     0    0.000    0.000   0      32.54  2.28e-03  
16  6   7     0    0.000    0.000   0      34.49  2.44e-04  
16  7   7     0    0.000    0.000   0      33.26  4.05e-03  
16  8   7     0    0.000    0.000   0      30.49  4.87e-04  
17  1   7     0    0.000    0.000   0      29.93  4.81e-03  
17  2   7     0    0.000    0.000   0      31.76  4.23e-03  
17  3   7     0    0.000    0.000   0      29.49  3.05e-04  
17  4   7     0    0.000    0.000   0      28.50  1.06e-03  
17  5   7     0    0.000    0.000   0      21.52  1.35e-03  
17  6   7     0    0.000    0.000   0      24.42  2.56e-03  
17  7   7     0    0.000    0.000   0      22.49  8.60e-04  
17  8   7     0    0.000    0.000   0      18.84  4.56e-03  
4  1    8     0    0.000    0.000   0      37.07  4.74e-03  
4  2    8     0    0.000    0.000   0      40.19  4.60e-03  
4  3    8     0    0.000    0.000   0      38.31  3.70e-03  
4  4    8     0    0.000    0.000   0      42.13  4.62e-03  
4  5    8     0    0.000    0.000   0      37.58  2.81e-03  
4  6    8     0    0.000    0.000   0      39.77  4.32e-03  
4  7    8     0    0.000    0.000   0      42.45  1.97e-03  
4  8    8     0    0.000    0.000   0      41.51  1.83e-03  
4  9    8     0    0.000    0.000   0      40.07  4.73e-03  
4  10   8     0    0.000    0.000   0      39.72  4.04e-03  
4  11   8     0    0.000    0.000   0      39.12  4.62e-03  
4  12   8     0    0.000    0.000   0      40.02  4.79e-03  
4  13   8     0    0.000    0.000   0      35.34  3.48e-03  
4  14   8     0    0.000    0.000   0      36.55  2.41e-03  
4  15   8     0    0.000    0.000   0      34.39  3.03e-03  
4  16   8     0    0.000    0.000   0      36.33  3.51e-03  
4  19   8     0    0.000    0.000   0      35.56  2.47e-03  
4  20   8     0    0.000    0.000   0      30.86  4.63e-03  
4  21   8     0    0.000    0.000   0      25.57  2.58e-03  
4  22   8     0    0.000    0.000   0      29.53  1.89e-03  
4  23   8     0    0.000    0.000   0      27.25  4.11e-03  
4  24   8     0    0.000    0.000   0      27.48  1.11e-03  
5  1    8     0    0.000    0.000   0      46.34  3.39e-03  
5  2    8     0    0.000    0.000   0      46.12  4.70e-03  
5  3    8     0    0.000    0.000   0      54.11  4.66e-03  
5  4    8     0    0.000    0.000   0      54.53  4.91e-03  
5  5    8     0    0.000    0.000   0      51.79  4.44e-03  
5  6    8     0    0.000    0.000   0      56.65  3.55e-03  
5  7    8     0    0.000    0.000   0      55.22  4.23e-03  
5  8    8     0    0.000    0.000   0      54.65  3.53e-03  
5  9    8     0    0.000    0.000   0      49.40  3.39e-03  
5  10   8     0    0.000    0.000   0      50.60  3.09e-03  
5  11   8     0    0.000    0.000   0      52.61  3.38e-03  
5  12   8     0    0.000    0.000   0      47.03  4.79e-03  
5  13   8     0    0.000    0.000   0      46.62  3.27e-03  
5  14   8     0    0.000    0.000   0      46.14  4.57e-03  
5  15   8     0    0.000    0.000   0      46.68  3.86e-03  
5  16   8     0    0.000    0.000   0      46.56  2.66e-03  
5  19   8     0    0.000    0.000   0      44.19  4.41e-03  
5  20   8     0    0.000    0.000   0      43.96  4.81e-03  
5  21   8     0    0.000    0.000   0      39.53  1.90e-03  
5  22   8     0    0.000    0.000   0      38.03  4.80e-03  
5  23   8     0    0.000    0.000   0      37.83  4.54e-03  
5  24   8     0    0.000    0.000   0      40.45  1.93e-03  
6  1    8     0    0.000    0.000   0      40.06  4.75e-03  
6  2    8     0    0.000    0.000   0      39.75  4.26e-03  
6  3    8     0    0.000    0.000   0      47.00  4.82e-03  
6  4    8     0    0.000    0.000   0      47.19  4.40e-03  
6  5    8     0    0.000    0.000   0      40.96  4.79e-03  
6  6    8     0    0.000    0.000   0      45.31  3.75e-03  
6  7    8     0    0.000    0.000   0      45.05  4.79e-03  
6  8    8     0    0.000    0.000   0      45.04  4.81e-03  
6  9    8     0    0.000    0.000   0      37.71  4.01e-03  
6  10   8     0    0.000    0.000   0      40.43  2.73e-03  
6  11   8     0    0.000    0.000   0      40.65  4.09e-03  
6  12   8     0    0.000    0.000   0      43.11  4.66e-03  
6  13   8     0    0.000    0.000   0      36.24  4.18e-03  
6  14   8     0    0.000    0.000   0      39.82  4.52e-03  
6  15   8     0    0.000    0.000   0      37.11  4.67e-03  
6  16   8     0    0.000    0.000   0      34.73  4.08e-03  
6  17   8     0    0.000    0.000   0      39.34  3.41e-03  
6  18   8     0    0.000    0.000   0      37.65  3.51e-03  
6  19   8     0    0.000    0.000   0      37.82  4.53e-03  
6  20   8     0    0.000    0.000   0      37.52  2.85e-03  
6  21   8     0    0.000    0.000   0      29.95  4.78e-03  
6  22   8     0    0.000    0.000   0      30.15  4.57e-03  
6  23   8     0    0.000    0.000   0      31.49  6.31e-04  
6  24   8     0    0.000    0.000   0      31.77  4.31e-03  
7  1    8     0    0.000    0.000   0      33.00  4.80e-03  
7  2    8     0    0.000    0.000   0      38.07  4.74e-03  
7  3    8     0    0.000    0.000   0      40.72  4.38e-03  
7  4    8     0    0.000    0.000   0      42.81  4.49e-03  
7  5    8     0    0.000    0.000   0      36.24  4.22e-03  
7  6    8     0    0.000    0.000   0      43.74  4.17e-03  
7  7    8     0    0.000    0.000   0      40.07  4.76e-03  
7  8    8     0    0.000    0.000   0      40.76  4.28e-03  
7  9    8     0    0.000    0.000   0      40.21  4.31e-03  
7  10   8     0    0.000    0.000   0      38.16  4.50e-03  
7  11   8     0    0.000    0.000   0      40.19  4.47e-03  
7  12   8     0    0.000    0.000   0      35.10  4.69e-03  
7  13   8     0    0.000    0.000   0      36.73  4.09e-03  
7  14   8     0    0.000    0.000   0      33.00  4.83e-03  
7  15   8     0    0.000    0.000   0      36.03  4.79e-03  
7  16   8     0    0.000    0.000   0      34.81  4.46e-03  
7  17   8     0    0.000    0.000   0      33.92  4.75e-03  
7  18   8     0    0.000    0.000   0      35.53  2.43e-03  
7  19   8     0    0.000    0.000   0      30.86  4.67e-03  
7  20   8     0    0.000    0.000   0      32.47  1.49e-03  
7  21   8     0    0.000    0.000   0      24.52  1.57e-03  
7  22   8     0    0.000    0.000   0      27.61  3.09e-03  
7  23   8     0    0.000    0.000   0      27.04  4.78e-03  
7  24   8     0    0.000    0.000   0      28.37  3.21e-03  
8  1    8     0    0.000    0.000   0      35.43  2.27e-03  
8  2    8     0    0.000    0.000   0      37.82  4.52e-03  
8  3    8     0    0.000    0.000   0      42.88  4.69e-03  
8  4    8     0    0.000    0.000   0      43.09  4.71e-03  
8  5    8     0    0.000    0.000   0      41.24  4.20e-03  
8  6    8     0    0.000    0.000   0      39.99  4.80e-03  
8  7    8     0    0.000    0.000   0      42.07  4.80e-03  
8  8    8     0    0.000    0.000   0      43.15  4.53e-03  
8  9    8     0    0.000    0.000   0      39.39  3.03e-03  
8  10   8     0    0.000    0.000   0      39.71  4.00e-03  
8  11   8     0    0.000    0.000   0      39.33  3.50e-03  
8  12   8     0    0.000    0.000   0      58.82  4.53e-03  
8  13   8     0    0.000    0.000   0      35.04  4.79e-03  
8  14   8     0    0.000    0.000   0      37.20  4.36e-03  
8  15   8     0    0.000    0.000   0      34.90  4.72e-03  
8  16   8     0    0.000    0.000   0      38.27  4.01e-03  
8  17   8     0    0.000    0.000   0      35.92  4.75e-03  
8  18   8     0    0.000    0.000   0      35.98  4.80e-03  
8  19   8     0    0.000    0.000   0      32.66  3.57e-03  
8  20   8     0    0.000    0.000   0      34.17  4.48e-03  
8  21   8     0    0.000    0.000   0      30.89  4.69e-03  
8  22   8     0    0.000    0.000   0      26.77  4.29e-03  
8  23   8     0    0.000    0.000   0      30.14  4.58e-03  
8  24   8     0    0.000    0.000   0      28.26  4.08e-03  
9  1    8     0    0.000    0.000   0      32.46  1.77e-03  
9  2    8     0    0.000    0.000   0      36.00  4.80e-03  
9  3    8     0    0.000    0.000   0      38.74  4.18e-03  
9  4    8     0    0.000    0.000   0      39.03  4.79e-03  
9  5    8     0    0.000    0.000   0      37.73  4.09e-03  
9  6    8     0    0.000    0.000   0      37.04  4.79e-03  
9  7    8     0    0.000    0.000   0      40.00  4.80e-03  
9  8    8     0    0.000    0.000   0      38.53  2.23e-03  
9  9    8     0    0.000    0.000   0      38.64  4.06e-03  
9  10   8     0    0.000    0.000   0      41.80  4.50e-03  
9  11   8     0    0.000    0.000   0      37.65  3.56e-03  
9  12   8     0    0.000    0.000   0      37.48  3.47e-03  
9  13   8     0    0.000    0.000   0      33.16  4.53e-03  
9  14   8     0    0.000    0.000   0      36.77  4.31e-03  
9  15   8     0    0.000    0.000   0      35.49  1.09e-03  
9  16   8     0    0.000    0.000   0      31.79  4.38e-03  
9  17   8     0    0.000    0.000   0      32.90  4.72e-03  
9  18   8     0    0.000    0.000   0      30.63  3.30e-03  
9  19   8     0    0.000    0.000   0      30.20  4.39e-03  
9  20   8     0    0.000    0.000   0      31.08  4.76e-03  
9  21   8     0    0.000    0.000   0      28.83  4.98e-03  
9  22   8     0    0.000    0.000   0      26.15  4.57e-03  
9  23   8     0    0.000    0.000   0      24.56  2.46e-03  
9  24   8     0    0.000    0.000   0      26.04  4.78e-03  
10  1   8     0    0.000    0.000   0      33.68  3.85e-03  
10  2   8     0    0.000    0.000   0      40.07  4.74e-03  
10  3   8     0    0.000    0.000   0      43.88  4.69e-03  
10  4   8     0    0.000    0.000   0      44.19  4.40e-03  
10  5   8     0    0.000    0.000   0      37.13  4.62e-03  
10  6   8     0    0.000    0.000   0      39.24  4.24e-03  
10  7   8     0    0.000    0.000   0      41.52  2.26e-03  
10  8   8     0    0.000    0.000   0      41.70  3.95e-03  
10  9   8     0    0.000    0.000   0      37.01  4.90e-03  
10  10  8     0    0.000    0.000   0       40.21  4.34e-03  
10  11  8     0    0.000    0.000   0       37.05  4.78e-03  
10  12  8     0    0.000    0.000   0       38.79  4.41e-03  
10  13  8     0    0.000    0.000   0       33.64  3.46e-03  
10  14  8     0    0.000    0.000   0       33.58  2.86e-03  
10  15  8     0    0.000    0.000   0       34.67  3.70e-03  
10  16  8     0    0.000    0.000   0       32.02  4.79e-03  
10  17  8     0    0.000    0.000   0       33.70  3.92e-03  
10  18  8     0    0.000    0.000   0       35.37  3.11e-03  
10  19  8     0    0.000    0.000   0       35.90  4.73e-03  
10  20  8     0    0.000    0.000   0       31.92  4.76e-03  
10  21  8     0    0.000    0.000   0       32.00  4.83e-03  
10  22  8     0    0.000    0.000   0       29.37  3.13e-03  
10  23  8     0    0.000    0.000   0       27.09  4.71e-03  
10  24  8     0    0.000    0.000   0       28.48  1.37e-03  
11  1   8     0    0.000    0.000   0      38.57  2.68e-03  
11  2   8     0    0.000    0.000   0      45.02  4.79e-03  
11  3   8     0    0.000    0.000   0      45.93  4.85e-03  
11  4   8     0    0.000    0.000   0      47.94  4.80e-03  
11  5   8     0    0.000    0.000   0      46.00  4.80e-03  
11  6   8     0    0.000    0.000   0      45.67  4.04e-03  
11  7   8     0    0.000    0.000   0      46.01  4.89e-03  
11  8   8     0    0.000    0.000   0      44.97  4.83e-03  
11  9   8     0    0.000    0.000   0      44.71  4.07e-03  
11  10  8     0    0.000    0.000   0       48.51  2.00e-03  
11  11  8     0    0.000    0.000   0       40.83  4.55e-03  
11  12  8     0    0.000    0.000   0       43.95  4.79e-03  
11  13  8     0    0.000    0.000   0       39.17  4.48e-03  
11  14  8     0    0.000    0.000   0       41.49  1.13e-03  
11  15  8     0    0.000    0.000   0       40.06  4.76e-03  
11  16  8     0    0.000    0.000   0       38.66  3.60e-03  
11  17  8     0    0.000    0.000   0       41.65  3.64e-03  
11  18  8     0    0.000    0.000   0       40.96  4.80e-03  
11  19  8     0    0.000    0.000   0       37.18  4.49e-03  
11  20  8     0    0.000    0.000   0       36.78  4.37e-03  
11  21  8     0    0.000    0.000   0       37.31  3.77e-03  
11  22  8     0    0.000    0.000   0       34.29  3.91e-03  
11  23  8     0    0.000    0.000   0       32.15  4.70e-03  
11  24  8     0    0.000    0.000   0       32.85  4.61e-03  
12  1   8     0    0.000    0.000   0      42.19  4.54e-03  
12  2   8     0    0.000    0.000   0      50.83  4.60e-03  
12  3   8     0    0.000    0.000   0      47.03  4.83e-03  
12  4   8     0    0.000    0.000   0      50.73  4.18e-03  
12  5   8     0    0.000    0.000   0      42.99  4.86e-03  
12  6   8     0    0.000    0.000   0      53.25  4.12e-03  
12  7   8     0    0.000    0.000   0      47.12  4.63e-03  
12  8   8     0    0.000    0.000   0      46.65  4.18e-03  
12  9   8     0    0.000    0.000   0      42.49  2.07e-03  
12  10  8     0    0.000    0.000   0       48.95  4.80e-03  
12  11  8     0    0.000    0.000   0       50.85  4.75e-03  
12  12  8     0    0.000    0.000   0       47.39  3.67e-03  
12  13  8     0    0.000    0.000   0       39.02  4.86e-03  
12  14  8     0    0.000    0.000   0       39.42  3.01e-03  
12  15  8     0    0.000    0.000   0       43.79  4.52e-03  
12  16  8     0    0.000    0.000   0       41.26  4.14e-03  
12  17  8     0    0.000    0.000   0       41.05  4.79e-03  
12  18  8     0    0.000    0.000   0       40.15  4.57e-03  
12  19  8     0    0.000    0.000   0       38.95  4.86e-03  
12  20  8     0    0.000    0.000   0       44.00  4.83e-03  
12  21  8     0    0.000    0.000   0       36.50  1.11e-03  
12  22  8     0    0.000    0.000   0       35.07  4.80e-03  
12  23  8     0    0.000    0.000   0       35.47  1.64e-03  
12  24  8     0    0.000    0.000   0       25.62  3.83e-03  
13  1   8     0    0.000    0.000   0      196.71  4.26e-03  
13  2   8     0    0.000    0.000   0      44.86  4.70e-03  
13  3   8     0    0.000    0.000   0      39.50  1.93e-03  
13  4   8     0    0.000    0.000   0      46.96  4.82e-03  
13  5   8     0    0.000    0.000   0      45.83  4.65e-03  
13  6   8     0    0.000    0.000   0      39.62  3.44e-03  
13  7   8     0    0.000    0.000   0      45.19  4.49e-03  
13  8   8     0    0.000    0.000   0      43.86  4.66e-03  
13  9   8     0    0.000    0.000   0      41.80  4.49e-03  
13  10  8     0    0.000    0.000   0       46.83  5.08e-03  
13  11  8     0    0.000    0.000   0       47.74  4.63e-03  
13  12  8     0    0.000    0.000   0       43.20  4.82e-03  
13  13  8     0    0.000    0.000   0       45.90  4.82e-03  
13  14  8     0    0.000    0.000   0       44.27  4.17e-03  
13  15  8     0    0.000    0.000   0       36.49  8.33e-04  
13  16  8     0    0.000    0.000   0       46.19  4.42e-03  
13  17  8     0    0.000    0.000   0       42.19  4.50e-03  
13  18  8     0    0.000    0.000   0       35.14  4.69e-03  
13  19  8     0    0.000    0.000   0       46.78  4.42e-03  
13  20  8     0    0.000    0.000   0       41.35  3.83e-03  
13  21  8     0    0.000    0.000   0       35.66  3.69e-03  
13  23  8     0    0.000    0.000   0       41.47  2.91e-03  
13  24  8     0    0.000    0.000   0       35.79  4.41e-03  
14  1   8     0    0.000    0.000   0      44.02  4.88e-03  
14  2   8     0    0.000    0.000   0      44.19  4.44e-03  
14  3   8     0    0.000    0.000   0      46.29  4.38e-03  
14  4   8     0    0.000    0.000   0      48.81  4.54e-03  
14  5   8     0    0.000    0.000   0      48.56  5.17e-03  
14  6   8     0    0.000    0.000   0      47.92  4.78e-03  
14  7   8     0    0.000    0.000   0      52.28  4.50e-03  
14  8   8     0    0.000    0.000   0      49.72  4.93e-03  
14  9   8     0    0.000    0.000   0      60.51  6.71e-03  
14  10  8     0    0.000    0.000   0       43.22  4.36e-03  
14  11  8     0    0.000    0.000   0       46.63  4.65e-03  
14  12  8     0    0.000    0.000   0       44.07  4.74e-03  
14  13  8     0    0.000    0.000   0       46.41  5.06e-03  
14  14  8     0    0.000    0.000   0       45.26  4.20e-03  
14  15  8     0    0.000    0.000   0       46.54  3.14e-03  
14  16  8     0    0.000    0.000   0       41.06  4.79e-03  
15  1   8     0    0.000    0.000   0      45.49  3.38e-03  
15  2   8     0    0.000    0.000   0      48.59  5.75e-03  
15  3   8     0    0.000    0.000   0      43.46  3.51e-03  
15  4   8     0    0.000    0.000   0      53.89  4.73e-03  
15  5   8     0    0.000    0.000   0      42.91  4.76e-03  
15  6   8     0    0.000    0.000   0      57.39  5.59e-03  
15  7   8     0    0.000    0.000   0      42.47  3.60e-03  
15  8   8     0    0.000    0.000   0      57.00  4.84e-03  
15  9   8     0    0.000    0.000   0      37.82  4.52e-03  
15  10  8     0    0.000    0.000   0       53.11  4.71e-03  
15  11  8     0    0.000    0.000   0       39.77  4.33e-03  
15  12  8     0    0.000    0.000   0       53.38  4.06e-03  
15  13  8     0    0.000    0.000   0       36.80  4.45e-03  
15  14  8     0    0.000    0.000   0       58.12  4.68e-03  
15  15  8     0    0.000    0.000   0       34.38  3.20e-03  
15  16  8     0    0.000    0.000   0       60.01  4.83e-03  
16  1   8     0    0.000    0.000   0      55.67  4.07e-03  
16  2   8     0    0.000    0.000   0      58.65  4.32e-03  
16  3   8     0    0.000    0.000   0      59.01  4.82e-03  
16  4   8     0    0.000    0.000   0      56.20  4.62e-03  
16  5   8     0    0.000    0.000   0      54.14  4.68e-03  
16  6   8     0    0.000    0.000   0      56.05  4.80e-03  
16  7   8     0    0.000    0.000   0      53.48  2.81e-03  
16  8   8     0    0.000    0.000   0      51.46  1.92e-03  
17  1   8     0    0.000    0.000   0      51.27  4.07e-03  
17  2   8     0    0.000    0.000   0      52.70  6.80e-03  
17  3   8     0    0.000    0.000   0      51.49  4.99e-03  
17  4   8     0    0.000    0.000   0      48.79  4.45e-03  
17  5   8     0    0.000    0.000   0      43.45  2.24e-03  
17  6   8     0    0.000    0.000   0      46.28  3.95e-03  
17  7   8     0    0.000    0.000   0      43.99  4.80e-03  
17  8   8     0    0.000    0.000   0      39.42  2.70e-03  
