Optics 1013 X 10m Y 13m 10 mrad 0.001%                                          
  1.00007739
  0.254795935
  0.
  0.608526738
  0.
 -0.528199488
  0.
  1.06183323
  0.
  15.7930404
  0.
  29.6056566
  2.41868222
  0.
 -310.035044
  2.18255917
  0.
 -13.3461091
  0.
  260.255131
  0.
  2656.23257
  24.7600488
  0.
  4324.85511
  0.
 -299.364262
  0.
  0.
 -195.003149
  0.
 -14.048351
  0.
 -6517.92019
  0.
 -7.23363449
  0.
  12.0182587
  0.
 -254.420696
  0.
  6157.83486
  58.6671321
  0.
  71514.9139
  0.
 -1382.79423
  0.
  0.
  20969.3271
  0.
 -147.822481
  0.
  0.
  0.
  14344.9774
  0.
  88434.3267
 -753.76369
  0.
  42263.9863
  0.
 -24138.5855
  0.
 -22752.8846
  87.6135726
  0.
  0.
  0.
  3258730.69
  2.6633323
  0.
  451.718596
  0.
  1377.70165
  0.
 -74759.9322
 -2906.29237
  0.
 -241190.745
  0.
  5788.18591
  0.
  0.
  368943.499
  0.
  7435.10526
  0.
  2562583.4
  0.
 -40391.6481
  0.
  285839.158
 -40681.3792
  0.
  1810912.4
  0.
 -666956.09
  0.
 -8279341.1
 -8935.56208
  0.
 -2436224.12
  0.
 -19083730.9
  0.
 -182794.496
  0.
  0.
  495431.063
  0.
  32951.6071
  0.
  6090280.54
  0.
  0.
  130623.469
  0.
  5167217.74
  0.
  4394.50431
  0.
  23193.7756
  0.
  28761248.6
  0.
  232.133174
  0.
 -1179.53161
  0.
 -2360.77933
  0.
  217805.764
  413.512116
  0.
 -2104868.79
  0.
  93452.2089
  0.
  0.
  163825.992
  0.
  10168.6752
  0.
  10630512.
  0.
 -32532.6628
  0.
 -4194491.36
 -471440.095
  0.
 -7354525.36
  0.
 -3402319.41
  0.
 -19693163.9
 -33452.5841
  0.
 -2647312.37
  0.
 -529544628.
  0.
  226068.66
  0.
  0.
  678144.15
  0.
  825943.298
  0.
  65286623.2
  0.
  0.
  5312768.62
  0.
  94635944.7
  0.
  42106.0964
  0.
 -3811556.4
  0.
  0.
  0.
 -2951434.39
  0.
  506889.224
 -391383.762
  0.
 -804923.258
  0.
 -15935814.4
  0.
 -345466586.
 -361070.579
  0.
 -38000610.1
  0.
  0.
  0.
 -3178286.75
  0.
  263705176.
  0.
  1.40358094E+09
 -18065.427
  0.
 -9713167.85
  0.
 -374551672.
  0.
 -1.95677849E+10
 -1588.90948
  0.
  2145.39174
  0.
  31032.8361
  0.
 -679985.362
  45294.3095
  0.
  7466265.24
  0.
 -407226.901
  0.
  0.
  6598987.21
  0.
 -258438.042
  0.
 -72578182.5
  0.
 -515545.27
  0.
  13217138.2
  1357918.35
  0.
 -73964211.6
  0.
 -19538348.8
  0.
 -130990694.
  668811.446
  0.
  247493793.
  0.
  43544711.7
  0.
  5240555.88
  0.
  0.
 -42535607.6
  0.
 -1155860.31
  0.
  0.
  0.
  0.
  8377584.78
  0.
 -804583624.
  0.
 -975661.051
  0.
 -292671203.
  0.
 -1.40944189E+10
  0.
  3539289.59
  0.
 -33202261.7
 -17572592.3
  0.
  388136206.
  0.
 -77372347.9
  0.
 -949067130.
 -664927.7
  0.
 -368988486.
  0.
 -8.1909483E+09
  0.
  2419881.93
  0.
  5.16397821E+09
  0.
  1.67136634E+10
  776067.874
  0.
  174851017.
  0.
  4.12942051E+09
  0.
 -6.28848178E+10
  0.
  38577215.8
  0.
  0.
 -183234997.
  0.
  29473168.3
  0.
  1.21905338E+09
  0.
  0.
  162411226.
  0.
 -1.58420139E+09
  0.
  1819889.17
  0.
 -48165649.7
  0.
 -1.9437398E+10
  0.
  0.
  10677687.
  0.
 -2.20459565E+09
  0.
  0.
  0.
 -270025.909
  0.
 -111361534.
  0.
  8.86984453E+09
  0.
 -1.58022977E+11
  0.
 -1287.77133
  0.
  10572.113
  0.
  73230.3782
  0.
 -875437.218
 -12589.262
  0.
 -932601.828
  0.
  580287.157
  0.
  0.
 -10947676.3
  0.
 -168571.426
  0.
 -53775786.3
  0.
 -1509898.16
  0.
 -43466857.5
 -2814499.78
  0.
  438987986.
  0.
  102864005.
  0.
 -38129947.4
  1160507.07
  0.
  264549903.
  0.
  1.25875314E+10
  0.
 -26004126.8
  0.
  0.
  308098733.
  0.
 -6499990.69
  0.
 -1.47323443E+09
  0.
  0.
 -345356893.
  0.
 -9.61929872E+09
  0.
 -3364499.94
  0.
 -1.47910401E+09
  0.
 -8.90082261E+10
  0.
  30908386.8
  0.
  608459299.
  89382824.2
  0.
 -2.70335643E+09
  0.
 -659699118.
  0.
  1.03351404E+10
  43057278.4
  0.
 -359968696.
  0.
  2.37377447E+10
  0.
  589898296.
  0.
  2.92445151E+10
  0.
 -2.03632043E+11
  5232598.67
  0.
  3.75089831E+09
  0.
 -3.61470114E+10
  0.
  1.23197316E+12
  0.
  4072902.89
  0.
  0.
 -1.03289184E+09
  0.
  1505680.29
  0.
  5.34214565E+09
  0.
  0.
  319087686.
  0.
  1.29368073E+10
  0.
 -58931302.9
  0.
 -680476642.
  0.
 -2.09044636E+11
  0.
  0.
 -650011522.
  0.
 -2.84629514E+10
  0.
 -9.35794894E+10
  0.
 -4219207.35
  0.
 -4.12430855E+09
  0.
  8.41652818E+10
  0.
 -3.18855891E+12
  0.
  81570263.2
  0.
 -952347281.
  18924113.5
  0.
  6.3168333E+09
  0.
  1.45169278E+09
  0.
  5.21072373E+09
 -132222178.
  0.
 -2.70299672E+09
  0.
 -6.47653922E+10
  0.
  547446163.
  0.
  1.6487083E+10
  0.
  3.19077238E+11
  21480402.5
  0.
  6.21017012E+09
  0.
  1.79366927E+11
  0.
  8.81876101E+11
  0.
  401975203.
  0.
  4.46268571E+09
  0.
 -1.53760365E+12
  0.
 -1.10784255E+13
  1300958.22
  0.
  1.49882662E+09
  0.
  2.1501621E+10
  0.
  3.11122171E+12
  0.
  3.68515787E+13
  28969.3652
  0.
 -171460.115
  0.
 -817965.033
  0.
  2489122.05
  145547.963
  0.
 -13914180.5
  0.
  3320238.41
  0.
  0.
 -19626233.3
  0.
  1698313.2
  0.
  142420503.
  0.
  3252439.02
  0.
  118657671.
 -6154240.97
  0.
 -520231502.
  0.
  142174850.
  0.
 -538141168.
 -8248795.7
  0.
 -406586132.
  0.
  2.63383644E+10
  0.
  38894400.6
  0.
  0.
 -1.42240654E+09
  0.
  11771900.5
  0.
  7.26020462E+09
  0.
  0.
 -908971962.
  0.
 -6.15822213E+09
  0.
  20612793.3
  0.
 -3.50215552E+09
  0.
  1.08982614E+11
  0.
  34340589.2
  0.
 -1.92998369E+09
 -111706373.
  0.
  1.9874546E+09
  0.
  2.91657409E+09
  0.
  0.
  0.
  0.
 -3.35007701E+09
  0.
  1.30333981E+11
  0.
  3.83558266E+09
  0.
 -4.63324571E+09
  0.
  1.25752919E+11
 -32811530.9
  0.
  1.36245805E+10
  0.
 -1.20720976E+12
  0.
  4.75889551E+11
  0.
 -946850294.
  0.
  0.
  1.05039029E+10
  0.
 -137537701.
  0.
 -1.99593883E+10
  0.
  0.
 -1.07880299E+09
  0.
  1.25094115E+10
  0.
 -136700047.
  0.
 -5.4793606E+10
  0.
 -2.19242827E+11
  0.
  0.
 -7.73858063E+09
  0.
  1.6546462E+11
  0.
 -1.10022423E+12
  0.
  32952942.9
  0.
 -2.19663035E+10
  0.
  7.75791829E+11
  0.
  3.61412882E+12
  0.
 -119739348.
  0.
  3.1365778E+09
  2.54379595E+09
  0.
 -2.91267737E+10
  0.
  4.64590966E+09
  0.
  1.11765024E+11
  901428488.
  0.
 -3.02331338E+10
  0.
 -6.9832097E+11
  0.
  2.99953254E+09
  0.
  1.61534095E+11
  0.
 -2.51530893E+11
  313998853.
  0.
  1.01153251E+11
  0.
  1.5464006E+12
  0.
  1.54830537E+13
  0.
  7.72313141E+09
  0.
 -4.15815892E+10
  0.
 -1.79568163E+13
  0.
 -5.86389104E+13
 -18770026.7
  0.
  1.96804649E+10
  0.
  2.87587526E+11
  0.
  5.02766757E+12
  0.
  1.78958119E+14
  0.
 -246050398.
  0.
  0.
  4.02860743E+09
  0.
 -4.18728661E+09
  0.
 -1.34333154E+11
  0.
  0.
 -1.20759197E+10
  0.
  7.52030156E+11
  0.
 -864219648.
  0.
 -1.63598874E+10
  0.
 -2.29306515E+12
  0.
  0.
 -8.09108986E+09
  0.
 -1.04388858E+11
  0.
  4.24694968E+11
  0.
 -238799174.
  0.
 -3.32292204E+10
  0.
 -1.00394472E+12
  0.
  2.15975299E+13
  0.
  0.
 -3.10521007E+09
  0.
 -1.17617126E+11
  0.
  1.02682484E+13
  0.
 -1.08818703E+14
  0.
  4736081.12
  0.
 -7.90534054E+09
  0.
 -2.20818337E+11
  0.
 -2.73110881E+13
  0.
  4.05832706E+14
  0.
 -50585.3643
  0.
  375227.354
  0.
  1278844.55
  0.
  0.
 -1036739.13
  0.
  38700101.5
  0.
 -7116144.62
  0.
  0.
 -7528847.13
  0.
  1937439.07
  0.
 -185703431.
  0.
 -9324382.42
  0.
  253693697.
  17121225.8
  0.
 -3.12106426E+09
  0.
 -155769036.
  0.
  2.20853237E+10
 -10349263.8
  0.
  1.26970772E+09
  0.
 -1.70515542E+11
  0.
 -107850510.
  0.
  0.
 -43329378.9
  0.
 -18383482.6
  0.
  1.54938892E+10
  0.
  0.
  296102974.
  0.
 -1.69266588E+11
  0.
  47281938.8
  0.
 -8.6448421E+09
  0.
  1.71318119E+12
  0.
 -124850930.
  0.
  1.08056549E+09
  579220950.
  0.
  7.26431548E+09
  0.
 -4.88242574E+09
  0.
 -2.5656822E+10
  0.
  0.
  2.78478893E+09
  0.
 -5.36835024E+11
  0.
  3.35054454E+09
  0.
  2.72456715E+11
  0.
  1.65603798E+12
 -122094620.
  0.
  2.365105E+10
  0.
 -4.91290389E+12
  0.
 -1.11211505E+13
  0.
  3.14304437E+09
  0.
  0.
 -1.96324346E+10
  0.
  191836009.
  0.
 -1.43592827E+10
  0.
  0.
  2.12357037E+09
  0.
  1.92347072E+11
  0.
 -20003522.6
  0.
 -9.0733393E+10
  0.
  8.48891118E+11
  0.
  0.
 -1.35684976E+10
  0.
  2.88451351E+11
  0.
  7.56392978E+12
  0.
  194036128.
  0.
 -3.93989796E+10
  0.
  4.06697773E+12
  0.
  7.22402209E+13
  0.
  397974622.
  0.
 -1.86085281E+10
 -8.33840387E+09
  0.
  1.61463417E+11
  0.
  6.22084778E+10
  0.
 -1.11147635E+12
 -1.49335889E+09
  0.
  3.77539438E+10
  0.
  4.60420413E+12
  0.
  2.91018434E+10
  0.
  0.
  0.
  1.98948151E+12
  125340906.
  0.
  1.96040026E+11
  0.
  4.16156378E+12
  0.
 -1.06931352E+14
  0.
  2.41575315E+10
  0.
 -2.002075E+11
  0.
 -6.56676318E+13
  0.
  5.5777221E+14
 -194305354.
  0.
  4.86520176E+10
  0.
 -1.02913341E+12
  0.
 -1.00209658E+14
  0.
 -1.54509574E+15
  0.
  1.41246436E+09
  0.
  0.
  2.40529531E+10
  0.
 -1.14243885E+10
  0.
 -2.52661473E+11
  0.
  0.
 -9.6631847E+09
  0.
  1.72162876E+12
  0.
 -1.99322987E+09
  0.
 -2.98057971E+11
  0.
 -1.03274003E+13
  0.
  0.
 -3.98031761E+10
  0.
 -1.6337174E+12
  0.
 -6.32456886E+13
  0.
 -464386176.
  0.
 -2.90052452E+11
  0.
 -6.94850644E+11
  0.
  4.78202627E+14
  0.
  0.
 -2.2043358E+10
  0.
  1.27367669E+10
  0.
  4.70077049E+13
  0.
 -2.3845672E+15
  0.
  111027673.
  0.
 -3.63866281E+10
  0.
 -4.68418468E+11
  0.
 -7.94569472E+13
  0.
  6.93778553E+15
  0.
 -1.31793487E+09
  0.
  1.96383833E+09
 -6.73504436E+09
  0.
 -1.63993532E+11
  0.
  1.24900636E+11
  0.
  1.93164088E+12
  2.58314502E+10
  0.
 -8.10187228E+11
  0.
 -5.44624548E+12
  0.
 -3.06343743E+10
  0.
  4.20349941E+11
  0.
  7.23987384E+12
  4.15401953E+09
  0.
  3.23459867E+09
  0.
 -1.87395211E+12
  0.
 -1.32494703E+14
  0.
  7.72681022E+09
  0.
  1.72509862E+12
  0.
  5.13915884E+13
  0.
  5.71063534E+14
  550955006.
  0.
  1.65764462E+11
  0.
 -6.61970809E+12
  0.
 -5.10496003E+14
  0.
 -2.46000741E+15
  0.
  7.75477656E+09
  0.
  2.61755566E+10
  0.
  0.
  0.
  2.31098452E+15
  0.
  1.19069907E+16
 -24822577.4
  0.
  1.01042279E+10
  0.
  1.17592385E+12
  0.
  8.26703381E+13
  0.
 -5.39594203E+15
  0.
 -4.53632168E+15
  0.
  0.
  0.
  0.
  0.
  0.
  0.
  0.
  0.
  0.
  0.
  0.
  0.
  0.
  0.
  0.
  0.
  0.
  0.
  0.
  0.
  0.
  0.
  0.
  0.
  0.
  0.
  0.
  0.
  0.
  0.
  0.
  0.
  0.
  0.
  0.
  0.
  0.
  0.
  0.
  0.
  0.
  0.
  0.
  0.
  0.
  0.
  0.
  0.
