Optics 1013 X 10m Y 13m 10 mrad 0.001%                                          
  759.996352
  84.2314036
  0.
 -192.741644
  0.
  49.6582608
  0.
 -328.23116
  0.
  63.3265727
  0.
 -2395.95279
  591.038362
  0.
 -8189.60239
 -37.4951602
  0.
  17.0713566
  0.
 -7965.37712
  0.
 -98201.7052
  973.171732
  0.
 -334808.05
  0.
 -9543.89687
  0.
  0.
 -51349.9231
  0.
 -1791.16799
  0.
 -164872.439
  0.
  863.030796
  0.
 -2942.23557
  0.
  28089.9695
  0.
  0.
  1341.573
  0.
 -728742.889
  0.
 -107636.659
  0.
  0.
 -2807135.03
  0.
  2490.80239
  0.
 -12550409.1
  0.
 -576747.112
  0.
 -5979865.92
  174457.354
  0.
 -34097785.9
  0.
  1544616.35
  0.
 -81834625.6
  1396.53049
  0.
  6168598.48
  0.
  52050607.7
 -4776.71708
  0.
  21605.2606
  0.
 -117474.124
  0.
  4375390.67
 -42784.5454
  0.
  22401696.4
  0.
  180778.566
  0.
  0.
 -16197194.3
  0.
  69583.7777
  0.
 -125938334.
  0.
  4012606.3
  0.
 -7908993.03
  1369545.98
  0.
 -304276469.
  0.
  18085453.3
  0.
 -668491982.
 -74722.2029
  0.
  28337755.8
  0.
  1.86638319E+09
  0.
  7072917.92
  0.
  0.
 -14727171.
  0.
  1714882.85
  0.
 -392939115.
  0.
  0.
  13982342.3
  0.
 -1.62917007E+09
  0.
  11979.2953
  0.
  41052232.6
  0.
  1.28564462E+09
  0.
 -23560.0226
  0.
  129159.693
  0.
  1051658.1
  0.
 -17080549.9
 -351354.521
  0.
  0.
  0.
 -7107880.13
  0.
  0.
  89829917.7
  0.
  745081.298
  0.
  489692390.
  0.
 -7839543.64
  0.
  231213500.
  13977556.9
  0.
  1.3088855E+09
  0.
 -199094984.
  0.
  4.81955553E+09
 -930596.86
  0.
 -2.02545081E+09
  0.
  9.94690925E+09
  0.
  42224022.
  0.
  0.
  341274995.
  0.
 -1038396.57
  0.
 -7.85302457E+09
  0.
  0.
  524833843.
  0.
 -3.9385109E+10
  0.
  751416.192
  0.
  2.6878527E+09
  0.
  5.0012434E+10
  0.
  120771655.
  0.
  537067799.
 -7678665.1
  0.
  2.37302065E+09
  0.
  467000543.
  0.
  9.78129492E+09
 -24497344.4
  0.
  3.19285721E+09
  0.
  7.838975E+10
  0.
 -149167595.
  0.
 -235513672.
  0.
  4.23570985E+11
 -589270.23
  0.
 -542132103.
  0.
 -2.95014884E+10
  0.
  6.21678427E+10
  178960.792
  0.
 -1041411.44
  0.
 -2015057.91
  0.
  46679196.6
  2553484.54
  0.
 -551002563.
  0.
  18402620.
  0.
  0.
 -118622507.
  0.
 -4834400.82
  0.
  4.4236827E+09
  0.
  41220259.8
  0.
 -1.48321039E+09
 -73019814.3
  0.
  6.74365397E+09
  0.
 -926476656.
  0.
  4.61499519E+10
  9074814.29
  0.
 -1.18878166E+10
  0.
 -3.91849194E+10
  0.
 -149673693.
  0.
  0.
  5.32057619E+09
  0.
  114719950.
  0.
 -1.19394055E+10
  0.
  0.
  4.01339805E+09
  0.
 -1.37006298E+11
  0.
 -10882801.
  0.
  2.02170592E+10
  0.
  5.29681724E+11
  0.
 -457617992.
  0.
  2.44508679E+09
  128836462.
  0.
  2.09366912E+10
  0.
  5.63320166E+09
  0.
 -4.26812213E+10
 -131707941.
  0.
  2.15546003E+10
  0.
  3.50415927E+11
  0.
 -3.7533906E+09
  0.
 -2.56879093E+11
  0.
  3.31298173E+12
  2842494.38
  0.
 -6.73731598E+09
  0.
 -2.0344177E+11
  0.
 -3.06449177E+12
  0.
 -1.53832712E+09
  0.
  0.
  3.11807314E+09
  0.
 -1.19625535E+09
  0.
  2.54262099E+10
  0.
  0.
 -8.97854799E+09
  0.
 -1.16766565E+11
  0.
 -102835185.
  0.
 -1.73257458E+10
  0.
  9.10036121E+10
  0.
  0.
 -258476455.
  0.
  9.88850699E+10
  0.
  8.06319817E+12
  0.
  4192888.89
  0.
  5.87480753E+09
  0.
 -4.51395979E+11
  0.
 -1.76594148E+12
  0.
  170846.774
  0.
 -1015017.02
  0.
 -11079226.3
  0.
 -162846507.
  4270996.48
  0.
  2.35611461E+09
  0.
  12940715.9
  0.
  0.
  2.13268913E+09
  0.
 -20327701.9
  0.
 -1.9167674E+10
  0.
  133935080.
  0.
  4.53056282E+09
  129454535.
  0.
 -3.83247734E+10
  0.
 -7.02130733E+09
  0.
 -1.19216642E+11
  62756799.3
  0.
  6.30461481E+10
  0.
 -2.11754139E+11
  0.
  1.49477872E+09
  0.
  0.
 -3.42006753E+10
  0.
  168738867.
  0.
  1.12898578E+11
  0.
  0.
  5.67807644E+09
  0.
  1.56288559E+12
  0.
 -121064792.
  0.
 -1.02286301E+11
  0.
  9.75766013E+11
  0.
 -1.69226428E+09
  0.
 -2.52871079E+10
 -6.12925344E+09
  0.
  3.61271752E+10
  0.
  7.35577222E+10
  0.
 -2.37289261E+11
 -1.49995638E+09
  0.
  1.10652394E+11
  0.
 -2.30243645E+12
  0.
  5.55219516E+09
  0.
 -4.4402708E+12
  0.
 -1.69852137E+13
  125664992.
  0.
  1.59147466E+11
  0.
  4.54833952E+12
  0.
 -1.78190168E+13
  0.
 -1.39493749E+09
  0.
  0.
  2.37247459E+10
  0.
 -1.0591404E+09
  0.
  6.37788324E+11
  0.
  0.
 -6.77123545E+10
  0.
 -2.0296287E+12
  0.
  1.28703242E+09
  0.
 -8.73792103E+10
  0.
 -6.42450634E+12
  0.
  0.
 -1.98831932E+10
  0.
  3.44386315E+12
  0.
  1.47293077E+14
  0.
 -64014533.3
  0.
 -5.3665982E+10
  0.
 -1.0336298E+13
  0.
 -2.86582724E+13
  0.
 -2.45177118E+09
  0.
  2.90030345E+10
  144074243.
  0.
 -2.98857576E+11
  0.
 -5.62361481E+10
  0.
  3.57750331E+10
  7.77773118E+09
  0.
 -3.97503449E+11
  0.
 -5.24616225E+12
  0.
  9.11360642E+09
  0.
  1.32853061E+12
  0.
 -2.66389003E+13
  1.13168036E+09
  0.
 -1.92713192E+11
  0.
 -9.83602882E+12
  0.
  0.
  0.
  0.
  0.
 -9.03881221E+11
  0.
  8.52957694E+12
  0.
 -4.83439405E+14
  24268585.5
  0.
 -9.17445495E+09
  0.
  2.45930196E+12
  0.
  2.88233083E+13
  0.
 -6.10580495E+14
 -2737106.05
  0.
  18922192.2
  0.
  52599526.2
  0.
  405344155.
 -47588643.1
  0.
 -5.47459955E+09
  0.
  65316216.5
  0.
  0.
 -7.59708354E+09
  0.
  65552079.2
  0.
  3.27603428E+10
  0.
 -377428436.
  0.
 -1.15698028E+10
 -1.66024601E+09
  0.
  1.11219638E+11
  0.
  3.9843118E+10
  0.
 -3.0522448E+11
 -132290037.
  0.
  1.70706055E+10
  0.
 -1.26701897E+12
  0.
 -4.30366237E+09
  0.
  0.
  1.18970587E+11
  0.
  4.07771636E+09
  0.
 -8.85239402E+11
  0.
  0.
 -8.53757126E+10
  0.
  2.81676293E+12
  0.
  356582924.
  0.
 -5.6007798E+11
  0.
  0.
  0.
 -3.35507401E+09
  0.
  2.1530877E+11
  2.56998173E+10
  0.
 -9.65337583E+11
  0.
 -2.34671094E+11
  0.
 -2.28499218E+12
 -2.12721706E+09
  0.
  1.14141795E+12
  0.
  1.39967882E+13
  0.
  1.18606531E+11
  0.
 -6.3451365E+12
  0.
 -1.13238164E+14
 -527319926.
  0.
  1.61895091E+12
  0.
  3.31150089E+13
  0.
  1.10272925E+14
  0.
  5.06202038E+10
  0.
  0.
 -9.43276116E+11
  0.
 -4.59570189E+10
  0.
  4.93926622E+12
  0.
  0.
 -9.32989082E+10
  0.
 -1.19665072E+12
  0.
  0.
  0.
  1.38454033E+12
  0.
 -4.58598384E+13
  0.
  0.
 -2.19347401E+11
  0.
  1.09100574E+13
  0.
  2.91414869E+14
  0.
  243267596.
  0.
 -1.57716338E+12
  0.
 -4.63018473E+13
  0.
 -5.43070908E+14
  0.
  8.70219155E+09
  0.
 -1.82799603E+11
 -9.21737689E+10
  0.
  0.
  0.
 -7.1471101E+11
  0.
  9.38434369E+12
  1.83426278E+10
  0.
  2.59834779E+12
  0.
 -2.40748865E+13
  0.
  1.67824693E+11
  0.
 -1.72695138E+12
  0.
 -5.77653131E+13
 -1.37231388E+09
  0.
 -3.10861234E+12
  0.
 -2.18448177E+14
  0.
 -3.16183746E+13
  0.
  1.48199904E+11
  0.
 -1.06169301E+13
  0.
  8.27342365E+14
  0.
 -1.90382268E+15
  273598491.
  0.
  6.5444056E+11
  0.
  5.72497502E+12
  0.
  4.6273543E+14
  0.
 -1.21563696E+15
  0.
  4.98915914E+09
  0.
  0.
  1.16266246E+11
  0.
  1.77369113E+11
  0.
  0.
  0.
  0.
  1.08360459E+12
  0.
  9.40833203E+12
  0.
  3.3494459E+10
  0.
  2.21568284E+12
  0.
 -8.48840779E+13
  0.
  0.
  2.87043189E+11
  0.
 -2.23610122E+13
  0.
  8.85272373E+13
  0.
  3.84906072E+09
  0.
  2.17212346E+11
  0.
  2.27571186E+14
  0.
  7.01666654E+14
  0.
  0.
  1.20989501E+10
  0.
  7.88231967E+12
  0.
 -5.49841318E+14
  0.
 -6.41013569E+15
  0.
 -298014773.
  0.
 -1.55668309E+11
  0.
 -1.50944842E+13
  0.
  9.02521022E+14
  0.
 -3.23098681E+15
  0.
  4337208.2
  0.
 -34158490.7
  0.
 -75512147.3
  0.
 -368404639.
  77378443.9
  0.
  5.82834154E+09
  0.
 -273564997.
  0.
  0.
  8.01911072E+09
  0.
  47975737.7
  0.
 -5.15277152E+10
  0.
  222000811.
  0.
  6.34712801E+09
  5.00299453E+09
  0.
 -6.52609503E+10
  0.
 -4.24130175E+10
  0.
  6.60124202E+10
 -532241779.
  0.
  1.57487337E+11
  0.
  6.32077882E+12
  0.
  1.11969951E+10
  0.
  0.
 -1.79913919E+11
  0.
 -1.53933706E+10
  0.
  1.6196866E+12
  0.
  0.
  3.93793362E+10
  0.
 -5.35646771E+12
  0.
  1.66180531E+09
  0.
 -3.20343427E+11
  0.
 -5.81977935E+13
  0.
  1.28649644E+10
  0.
 -2.65183193E+11
 -5.31453844E+10
  0.
  0.
  0.
  8.70128298E+11
  0.
  1.48603521E+13
  6.32073186E+09
  0.
 -8.35106478E+12
  0.
 -4.82179306E+13
  0.
  3.45784332E+11
  0.
  3.64959002E+13
  0.
  3.70051252E+14
 -3.9241261E+09
  0.
  9.85833494E+11
  0.
  1.33858428E+14
  0.
  0.
  0.
 -2.24245126E+11
  0.
  0.
  2.24940203E+12
  0.
 -4.410459E+10
  0.
  0.
  0.
  0.
 -1.00145611E+12
  0.
 -1.13836652E+14
  0.
  2.27681413E+10
  0.
  1.53200711E+13
  0.
  6.42063538E+14
  0.
  0.
 -1.0412771E+12
  0.
 -7.84619977E+13
  0.
 -3.33071222E+15
  0.
  5.65520882E+09
  0.
 -2.82621565E+12
  0.
  3.60130608E+13
  0.
  4.26533454E+14
  0.
 -2.65267818E+10
  0.
 -3.15001432E+11
  6.30672694E+11
  0.
  8.18906579E+12
  0.
 -4.79511708E+12
  0.
 -3.43445437E+13
  3.76450507E+11
  0.
 -1.69104815E+13
  0.
  8.16771562E+12
  0.
 -1.21851658E+12
  0.
  3.11552771E+14
  0.
  7.4907612E+14
  0.
  0.
 -1.1468522E+13
  0.
 -2.49912211E+15
  0.
  0.
  0.
  7.47859379E+11
  0.
  4.13816721E+13
  0.
  9.43299762E+15
  0.
  1.04654206E+16
 -3.29216298E+09
  0.
  4.35517155E+12
  0.
 -1.84475696E+14
  0.
 -2.19699881E+15
  0.
  2.00602162E+16
  0.
 -1.43604527E+11
  0.
  0.
  3.03545996E+12
  0.
  5.0210643E+11
  0.
 -5.76745216E+13
  0.
  0.
 -1.49688638E+12
  0.
  2.86706356E+14
  0.
 -2.06124333E+11
  0.
  5.9908707E+13
  0.
 -1.89891268E+14
  0.
  0.
  2.73021479E+12
  0.
 -3.03390825E+14
  0.
 -1.11583005E+15
  0.
 -1.76510509E+10
  0.
 -2.0523073E+12
  0.
  2.67951066E+15
  0.
  6.27014115E+15
  0.
  0.
  0.
  0.
  5.37778564E+13
  0.
 -8.56705098E+15
  0.
 -4.38719231E+16
  0.
 -509379365.
  0.
 -2.59766208E+12
  0.
 -5.47791806E+13
  0.
  9.64086578E+15
  0.
 -1.20042437E+17
  0.
  7.45870187E+10
  0.
 -2.51299591E+11
  3.26429222E+11
  0.
  2.62050895E+13
  0.
 -7.07506504E+12
  0.
 -2.5173997E+14
 -1.2180185E+12
  0.
  4.3760281E+13
  0.
  4.06551387E+14
  0.
 -1.79158323E+12
  0.
 -3.76658047E+13
  0.
  1.80893737E+15
 -1.97399253E+11
  0.
  1.15241541E+13
  0.
  3.79090431E+14
  0.
  2.13669347E+15
  0.
 -4.95559499E+11
  0.
  2.59971838E+13
  0.
 -4.08502319E+15
  0.
  2.43715961E+16
 -3.19581682E+10
  0.
  2.02484911E+12
  0.
 -8.46220527E+14
  0.
  2.14637424E+16
  0.
 -6.26360775E+16
  0.
  5.44061641E+10
  0.
 -3.13917032E+13
  0.
  2.62408778E+15
  0.
 -5.7499257E+16
  0.
  1.32628514E+17
  695732642.
  0.
  3.75992015E+11
  0.
  4.9001094E+13
  0.
 -4.03233167E+15
  0.
  7.64900285E+16
  0.
  2.94972007E+17
  0.
  0.
  0.
  0.
  0.
  0.
  0.
  0.
  0.
  0.
  0.
  0.
  0.
  0.
  0.
  0.
  0.
  0.
  0.
  0.
  0.
  0.
  0.
  0.
  0.
  0.
  0.
  0.
  0.
  0.
  0.
  0.
  0.
  0.
  0.
  0.
  0.
  0.
  0.
  0.
  0.
  0.
  0.
  0.
  0.
  0.
  0.
  0.
  0.
