Indra Q currents decreased 10%                                                  
  0.
  0.
  60.1936193
  0.
 -3833.92664
  0.
  2131.93376
  0.
  10851.7296
  0.
 -217.479349
  0.
  0.
 -17311.8616
  0.
  0.
  17526.4768
  0.
  67086.9987
  0.
 -63917.6236
  0.
  0.
 -78718.5344
  0.
 -4873467.11
  0.
 -69749790.
  54659.9754
  0.
 -316325094.
  0.
 -30258.0427
  0.
 -461998146.
  0.
 -462048.356
  0.
 -1814984.48
  0.
  2604997.63
  0.
  0.
  10998810.6
  0.
 -36866799.9
  0.
 -596784144.
 -4983708.31
  0.
 -3.09327734E+09
  0.
 -21092816.3
  0.
 -5.14431871E+09
  0.
  118894331.
  0.
  0.
  975389479.
  0.
  3161060.4
  0.
  931209138.
  0.
  0.
  12904506.3
  0.
 -3.88776271E+09
  0.
  0.
  891546.742
  0.
  2821447.12
  0.
 -10658818.8
  0.
  0.
 -69828342.4
  0.
 -109081165.
  0.
 -1.36922641E+09
  49720670.8
  0.
 -3.4946212E+09
  0.
  374952820.
  0.
 -254062404.
  0.
  652084133.
  0.
  0.
  3.89018977E+09
  0.
 -105940221.
  0.
 -2.69423694E+10
  0.
  0.
 -773905405.
  0.
 -1.28745999E+11
  0.
  96249549.7
  0.
  3.12855154E+09
 -795997594.
  0.
  2.84547244E+10
  0.
  2.71481381E+09
  0.
  1.03088451E+11
  83226916.
  0.
  5.70229615E+10
  0.
  1.66913459E+11
  0.
  558239612.
  0.
  1.02561558E+11
  0.
  1.28227305E+11
  0.
  19423311.3
  0.
  118223808.
  0.
 -213592875.
  0.
  0.
 -1.16431704E+09
  0.
 -321892473.
  0.
 -1.69028684E+09
  974303653.
  0.
  1.49874619E+10
  0.
  4.33649043E+09
  0.
  8.16221493E+10
  0.
  2.15310441E+09
  0.
  0.
 -597100705.
  0.
 -2.28915474E+09
  0.
 -1.84427385E+11
  0.
  0.
 -7.20147043E+09
  0.
 -5.59200498E+11
  0.
  754448326.
  0.
  2.25953019E+10
 -3.72696829E+09
  0.
  1.9752214E+11
  0.
  4.76648646E+10
  0.
  6.85705923E+11
  2.7540104E+09
  0.
  5.19513115E+11
  0.
  9.50709853E+11
  0.
  4.2097993E+09
  0.
  2.06564697E+11
  0.
  5.71518473E+11
  0.
 -2.38133373E+09
  0.
  0.
 -6.19373023E+10
  0.
  80984456.8
  0.
 -3.46757E+11
  0.
  0.
 -7.14813651E+10
  0.
 -4.96873411E+11
  0.
 -1.35050102E+09
  0.
 -2.65407603E+11
  0.
  1.29807565E+11
  0.
  0.
  488623089.
  0.
  4.39543868E+11
  0.
  9.95830291E+11
  0.
  0.
  71179626.2
  0.
 -155171234.
  0.
 -1.10525167E+09
  0.
  0.
  3.16947783E+09
  0.
 -412298325.
  0.
 -2.40641087E+09
  6.91331553E+09
  0.
  1.83829705E+10
  0.
 -2.37077685E+10
  0.
 -8.1526705E+10
  0.
  4.5116247E+09
  0.
  0.
  700036629.
  0.
 -2.24518992E+10
  0.
 -2.71045862E+11
  0.
  0.
  8.8739558E+10
  0.
  1.40709684E+12
  0.
  664329279.
  0.
  1.92997725E+10
 -1.4475561E+10
  0.
  1.03270703E+11
  0.
  1.01203039E+11
  0.
 -2.57661434E+11
  3.98650621E+10
  0.
  8.51710124E+11
  0.
 -1.36369648E+12
  0.
 -1.79439735E+11
  0.
 -7.20804976E+12
  0.
 -2.44350721E+12
  0.
 -7.33872457E+09
  0.
  0.
 -1.65934508E+11
  0.
  1.15511067E+10
  0.
 -3.10608596E+11
  0.
  0.
 -3.09438735E+11
  0.
  5.1844107E+12
  0.
 -3.63089899E+10
  0.
 -1.14070828E+11
  0.
  1.43358495E+13
  0.
  0.
  1.86709982E+11
  0.
  1.18654725E+13
  0.
  1.5665716E+13
  0.
  2.92061075E+09
  0.
  7.80779395E+10
  1.26139271E+10
  0.
  8.39876658E+11
  0.
  2.292621E+11
  0.
  4.75083816E+12
  7.36614446E+09
  0.
 -5.71641429E+11
  0.
  1.3674343E+13
  0.
  1.68235833E+11
  0.
 -9.21147812E+12
  0.
  1.39025811E+13
  1.3009116E+10
  0.
 -6.89514046E+11
  0.
 -1.86359866E+13
  0.
 -4.8138491E+12
  0.
 -7.79999108E+10
  0.
 -6.13169606E+12
  0.
 -1.32910936E+13
  0.
 -1.35333239E+12
  0.
  0.
  0.
  0.
  0.
  0.
  0.
  0.
  0.
  0.
  0.
  0.
  0.
  0.
  0.
  0.
  0.
  0.
  0.
  0.
