Optics 1013 X 10m Y 13m 10 mrad 0.001%                                          
  0.00457350063
  362.278456
  0.
 -913.599622
  0.
 -194.825799
  0.
 -117.990113
  0.
 -5579.37856
  0.
 -92607.0027
  1521.24596
  0.
 -340899.974
  1421.66742
  0.
 -7954.63972
  0.
  60233.407
  0.
  332709.389
  14917.0986
  0.
 -412565.475
  0.
  32242.5473
  0.
  0.
  521923.105
  0.
 -11665.2396
  0.
 -1858459.19
  0.
 -4840.66157
  0.
  8532.78207
  0.
 -40526.8247
  0.
  5011200.62
  30057.5878
  0.
  32228208.2
  0.
 -397829.594
  0.
  0.
 -1583793.22
  0.
 -75993.1352
  0.
 -34909031.6
  0.
  9936175.13
  0.
  56235640.8
  1752037.38
  0.
  35588913.9
  0.
  23903823.5
  0.
  311479937.
  36757.6403
  0.
  126167622.
  0.
  2.05565528E+09
 -5851.40411
  0.
  331467.277
  0.
  2060294.78
  0.
 -9943641.52
 -1953796.72
  0.
 -33227847.7
  0.
  612944.523
  0.
  0.
  57390635.8
  0.
  4848112.64
  0.
  511625976.
  0.
 -24307731.8
  0.
  233158266.
  6280113.02
  0.
  1.12306898E+09
  0.
  182360654.
  0.
 -5.05507807E+09
 -5678205.11
  0.
  1.08922834E+09
  0.
 -1.58797582E+10
  0.
 -128102425.
  0.
  0.
  284638654.
  0.
 -27913044.1
  0.
  3.33986566E+09
  0.
  0.
 -308411830.
  0.
  4.98171795E+09
  0.
  2644320.58
  0.
 -627324329.
  0.
 -1.3591416E+10
  0.
  155530.222
  0.
 -845498.466
  0.
 -1777333.86
  0.
  106665880.
  666741.863
  0.
 -580670394.
  0.
  48732156.8
  0.
  0.
  259761660.
  0.
  6193014.5
  0.
  2.52847245E+09
  0.
 -19217268.1
  0.
 -2.54608876E+09
 -232168094.
  0.
 -3.02844747E+09
  0.
 -860629670.
  0.
 -5.54806086E+10
 -21712333.9
  0.
  3.8727684E+09
  0.
 -3.67313867E+11
  0.
  138238365.
  0.
  0.
  776499503.
  0.
  236613089.
  0.
  4.01547261E+10
  0.
  0.
  1.97552045E+09
  0.
  1.31608889E+11
  0.
  27669435.9
  0.
  1.22283896E+10
  0.
 -4.60935182E+11
  0.
 -1.76754745E+09
  0.
  180909527.
 -211542344.
  0.
 -5.5999021E+09
  0.
 -1.05385284E+10
  0.
 -2.1438379E+11
 -228674130.
  0.
 -2.72504721E+10
  0.
  3.86740956E+11
  0.
 -4.22241251E+09
  0.
  1.60286527E+11
  0.
 -9.3446167E+10
 -12191729.5
  0.
 -2.22828252E+10
  0.
 -6.51936212E+11
  0.
 -1.13333186E+13
 -819662.597
  0.
  85971.945
  0.
  7105754.84
  0.
 -758362946.
  32582471.5
  0.
  3.17458584E+09
  0.
 -154244347.
  0.
  0.
  5.02125811E+09
  0.
 -172727088.
  0.
 -2.03294174E+10
  0.
 -167290073.
  0.
  1.00961069E+10
  448940662.
  0.
 -5.73315202E+10
  0.
 -1.45566577E+10
  0.
 -2.43353939E+11
  439501142.
  0.
  2.40379733E+10
  0.
  2.40717656E+11
  0.
  3.12065244E+09
  0.
  0.
 -2.52829226E+10
  0.
 -874437895.
  0.
  1.22385524E+11
  0.
  0.
  2.42901708E+10
  0.
 -6.87989684E+11
  0.
 -630579970.
  0.
  1.88963268E+11
  0.
 -1.11090125E+13
  0.
  2.72573305E+09
  0.
 -1.90192639E+10
 -1.27078411E+10
  0.
  2.14578328E+11
  0.
 -5.48730412E+10
  0.
 -5.58449381E+11
 -1.06207872E+09
  0.
 -4.11448885E+11
  0.
 -1.13509012E+12
  0.
 -5.89208067E+10
  0.
  4.6854566E+12
  0.
  9.43304025E+12
  482496888.
  0.
 -3.40303146E+11
  0.
 -6.26799012E+12
  0.
 -1.89162758E+13
  0.
  2.35057896E+10
  0.
  0.
 -9.51666437E+10
  0.
  1.91637223E+10
  0.
  7.29463651E+11
  0.
  0.
  1.2673617E+11
  0.
 -1.56405386E+12
  0.
  3.56596526E+09
  0.
  1.01282032E+11
  0.
 -4.7855176E+12
  0.
  0.
  3.46373424E+10
  0.
 -1.12757285E+12
  0.
 -3.07863314E+13
  0.
 -151183259.
  0.
  5.19397136E+10
  0.
  1.00437353E+13
  0.
 -1.41504446E+13
  0.
 -1012071.73
  0.
  8729480.62
  0.
  658842.4
  0.
  611598723.
 -17619189.6
  0.
 -1.27258139E+10
  0.
  863288224.
  0.
  0.
 -1.75854384E+10
  0.
 -88590854.9
  0.
  8.29635817E+10
  0.
 -576924721.
  0.
 -1.90738678E+10
 -3.31677481E+09
  0.
  1.61114034E+11
  0.
  9.14227897E+10
  0.
  8.63992058E+11
  741934226.
  0.
 -4.13740825E+11
  0.
  9.07680794E+12
  0.
 -1.84760074E+10
  0.
  0.
  1.79216904E+11
  0.
 -783805067.
  0.
  2.03755918E+11
  0.
  0.
 -2.09838292E+11
  0.
 -1.42574674E+13
  0.
 -2.24592277E+09
  0.
  7.5766344E+11
  0.
 -5.0165185E+13
  0.
  2.00071806E+10
  0.
  3.94732934E+11
  5.42819048E+10
  0.
 -2.03633778E+12
  0.
 -4.56703967E+11
  0.
  9.83070066E+12
  1.5555642E+10
  0.
 -1.66882364E+12
  0.
 -2.98118359E+12
  0.
  1.13823158E+11
  0.
  3.8913438E+13
  0.
 -1.069471E+13
  3.49156957E+09
  0.
  1.15980783E+11
  0.
 -8.7790447E+13
  0.
  7.69285964E+14
  0.
  323095662.
  0.
  0.
 -5.96424195E+11
  0.
  1.50804541E+10
  0.
  4.57430318E+12
  0.
  0.
  1.40500868E+11
  0.
 -1.00366132E+13
  0.
 -1.04073007E+10
  0.
  1.01673663E+12
  0.
  3.68291207E+12
  0.
  0.
 -1.64638495E+10
  0.
 -2.17497026E+13
  0.
 -5.04245421E+14
  0.
 -2.74555432E+09
  0.
 -2.12536183E+12
  0.
  8.60099661E+13
  0.
 -9.95809563E+14
  0.
  3.85785371E+10
  0.
 -5.35966526E+11
  1.23383715E+10
  0.
  4.32766868E+12
  0.
  7.01372142E+11
  0.
  5.27783935E+12
 -9.69151144E+10
  0.
 -5.37521693E+11
  0.
 -7.49957553E+13
  0.
  3.06497174E+11
  0.
  9.64186575E+12
  0.
  4.5976694E+14
  7.83786017E+09
  0.
  3.88237419E+12
  0.
  1.12721047E+14
  0.
 -7.52449663E+14
  0.
  1.54794485E+11
  0.
  4.60442599E+12
  0.
 -1.18216155E+15
  0.
 -5.44217249E+15
  830187789.
  0.
  6.8543357E+11
  0.
  3.50508251E+13
  0.
  2.43068233E+15
  0.
  2.37046652E+16
  16157593.
  0.
 -89013190.9
  0.
 -436581110.
  0.
  2.49826171E+09
  25622705.4
  0.
  6.57536303E+09
  0.
  1.0449022E+09
  0.
  0.
 -1.12992104E+10
  0.
  1.20341346E+09
  0.
 -8.07112956E+10
  0.
  1.62160535E+09
  0.
  5.89255588E+10
  1.18665567E+09
  0.
 -5.40070208E+11
  0.
  6.59200413E+10
  0.
  4.03391628E+12
 -5.47036594E+09
  0.
  4.90269521E+11
  0.
  1.28657172E+13
  0.
  2.49047262E+10
  0.
  0.
 -7.06791147E+11
  0.
 -3.65444921E+09
  0.
  5.40163677E+12
  0.
  0.
 -3.54809143E+11
  0.
 -2.87308852E+13
  0.
  1.36197782E+10
  0.
 -4.74584076E+12
  0.
  1.43597503E+14
  0.
  1.8863377E+10
  0.
 -1.31617904E+12
 -6.7784517E+10
  0.
  1.32166955E+12
  0.
  1.21512051E+12
  0.
  6.55057723E+12
  3.93488098E+09
  0.
  2.89480945E+12
  0.
 -1.97010891E+13
  0.
  1.32483812E+12
  0.
  4.287939E+13
  0.
  3.78322773E+14
 -2.15470326E+10
  0.
  1.62004631E+13
  0.
 -9.46058289E+14
  0.
 -4.59670053E+14
  0.
 -5.62523084E+11
  0.
  0.
  6.57015158E+12
  0.
 -9.64873112E+10
  0.
 -1.37090283E+13
  0.
  0.
 -9.66996365E+11
  0.
  8.4791323E+12
  0.
  2.20536143E+09
  0.
 -4.77103651E+13
  0.
  2.08180497E+13
  0.
  0.
 -3.23083455E+12
  0.
  1.39113869E+14
  0.
 -4.67342116E+14
  0.
  2.09764506E+10
  0.
 -2.76802283E+13
  0.
  4.25360357E+14
  0.
  4.89770067E+15
  0.
 -6.66612159E+10
  0.
  1.73159597E+12
  1.46566571E+12
  0.
 -1.50873163E+13
  0.
  4.06450545E+12
  0.
  7.54782839E+13
  6.5175317E+11
  0.
 -1.11857191E+13
  0.
 -6.66701231E+14
  0.
  1.80900391E+12
  0.
 -2.47281676E+13
  0.
  1.16447178E+15
  5.55324757E+10
  0.
  7.9889855E+13
  0.
  1.91058558E+15
  0.
  2.89771972E+15
  0.
  4.73658924E+12
  0.
 -5.12646917E+13
  0.
 -1.79417691E+16
  0.
 -3.24334966E+16
 -1.09690641E+10
  0.
  1.94468886E+13
  0.
  6.43617858E+14
  0.
  1.2988834E+16
  0.
  1.06358914E+17
  0.
 -1.66137816E+11
  0.
  0.
  2.97654096E+12
  0.
 -2.51236694E+12
  0.
 -8.71757576E+13
  0.
  0.
 -9.45384498E+12
  0.
  5.13840833E+14
  0.
 -4.86776337E+11
  0.
 -1.71174862E+13
  0.
 -1.81692124E+15
  0.
  0.
 -6.06597513E+12
  0.
  9.52638675E+12
  0.
  3.53317257E+15
  0.
 -1.34300679E+11
  0.
 -2.87334862E+13
  0.
 -9.90353919E+14
  0.
 -4.404911E+15
  0.
  0.
 -1.58176098E+12
  0.
 -1.14618947E+14
  0.
  8.05199586E+15
  0.
 -2.30361203E+16
  0.
  2.16304592E+09
  0.
 -6.26349829E+12
  0.
 -3.30585719E+14
  0.
 -2.30607344E+16
  0.
  1.92511092E+17
  0.
 -27701572.1
  0.
  190859824.
  0.
  1.0841425E+09
  0.
 -7.08865128E+09
 -464340574.
  0.
  5.64340831E+10
  0.
 -8.43524256E+09
  0.
  0.
  7.35673934E+10
  0.
  849025615.
  0.
 -6.4754049E+11
  0.
 -7.7791598E+09
  0.
  7.75686399E+10
  4.00274977E+10
  0.
 -6.0401129E+11
  0.
 -5.81284848E+11
  0.
  2.47460676E+12
 -6.26410947E+09
  0.
  4.90688633E+12
  0.
 -1.11698776E+14
  0.
 -2.50824438E+10
  0.
  0.
  5.29150609E+11
  0.
 -1.38441998E+11
  0.
 -5.59764342E+12
  0.
  0.
  2.30421311E+12
  0.
  0.
  0.
  3.07652953E+10
  0.
 -2.32332418E+13
  0.
  1.01493005E+15
  0.
 -6.25931979E+10
  0.
 -1.02647523E+11
  7.02137191E+10
  0.
  1.577517E+13
  0.
 -3.42970602E+12
  0.
 -1.10523707E+14
  2.54677392E+11
  0.
  6.27721336E+13
  0.
  2.19840562E+14
  0.
 -3.30108883E+12
  0.
 -1.79364099E+14
  0.
 -1.20651081E+15
 -8.12895797E+10
  0.
  6.12002026E+13
  0.
 -2.55703382E+15
  0.
 -5.60938106E+15
  0.
  1.96031091E+12
  0.
  0.
 -6.40454838E+12
  0.
  6.59665855E+11
  0.
 -1.15010508E+14
  0.
  0.
 -1.17001195E+12
  0.
  1.00289437E+15
  0.
 -7.1876357E+10
  0.
 -1.64608759E+14
  0.
 -4.42261012E+15
  0.
  0.
 -2.45749576E+12
  0.
  7.33748427E+14
  0.
  2.46159925E+16
  0.
  1.30303274E+11
  0.
 -9.64949416E+13
  0.
  1.6830254E+15
  0.
  2.56990859E+16
  0.
  2.20582606E+11
  0.
 -1.18887195E+13
 -5.53778509E+12
  0.
  1.16950352E+14
  0.
  3.03954218E+13
  0.
 -1.045145E+15
 -6.94261088E+11
  0.
  2.61312327E+14
  0.
  5.90587591E+15
  0.
  1.84584963E+13
  0.
 -2.08114075E+15
  0.
 -1.26588255E+16
 -1.95985442E+11
  0.
  2.11958043E+14
  0.
  1.4055118E+16
  0.
 -2.38988593E+16
  0.
  1.38944699E+13
  0.
 -2.60109271E+14
  0.
 -9.30756076E+16
  0.
  2.51533167E+17
 -1.27540723E+11
  0.
  8.89135704E+13
  0.
  2.75535323E+14
  0.
  9.23276013E+14
  0.
 -9.43415146E+17
  0.
  8.84145652E+11
  0.
  0.
  1.54700242E+13
  0.
 -6.48064422E+12
  0.
 -2.45016265E+14
  0.
  0.
 -9.56301935E+12
  0.
  3.04039981E+15
  0.
 -1.87376184E+12
  0.
 -3.34473092E+14
  0.
 -2.20968256E+16
  0.
  0.
 -2.56719413E+13
  0.
  4.48849431E+13
  0.
  3.31579832E+16
  0.
 -2.18892394E+11
  0.
 -2.41089069E+14
  0.
 -4.63952914E+15
  0.
  8.83291618E+16
  0.
  0.
 -1.30034338E+13
  0.
 -2.72314084E+14
  0.
  5.08832731E+16
  0.
 -1.19616067E+18
  0.
  6.76860946E+10
  0.
 -4.70243872E+13
  0.
 -1.49074455E+15
  0.
 -9.1681928E+16
  0.
  4.17199489E+18
  0.
  3.03029018E+11
  0.
 -4.8590433E+12
 -3.98411496E+12
  0.
 -6.68444891E+13
  0.
  7.27199303E+13
  0.
  8.09731568E+14
  1.54355947E+13
  0.
 -4.16623823E+14
  0.
 -9.18278968E+14
  0.
  5.0184362E+11
  0.
 -8.02831116E+14
  0.
 -1.50436382E+16
  2.69649121E+12
  0.
 -6.22216003E+13
  0.
  4.47434978E+15
  0.
  5.70751254E+15
  0.
  5.98188611E+12
  0.
  1.16005578E+15
  0.
  2.29225134E+16
  0.
 -2.60596729E+16
  1.55579403E+11
  0.
  1.50756769E+14
  0.
 -3.89165074E+15
  0.
 -3.56466236E+17
  0.
 -3.62531566E+17
  0.
  4.91403725E+12
  0.
 -3.01398856E+13
  0.
  3.05793374E+15
  0.
  1.61883868E+18
  0.
  7.53328359E+18
 -1.3225553E+10
  0.
  1.05688734E+13
  0.
  1.37444148E+15
  0.
  5.50609392E+16
  0.
 -3.57240431E+18
  0.
 -5.72354405E+18
  0.
  0.
  0.
  0.
  0.
  0.
  0.
  0.
  0.
  0.
  0.
  0.
  0.
  0.
  0.
  0.
  0.
  0.
  0.
  0.
  0.
  0.
  0.
  0.
  0.
  0.
  0.
  0.
  0.
  0.
  0.
  0.
  0.
  0.
  0.
  0.
  0.
  0.
  0.
  0.
  0.
  0.
  0.
  0.
  0.
  0.
  0.
  0.
  0.
