# Updated by A. Chbihi Jul/03/2009 : correction of CsI calibration of ring 17
# all other parameters are unchanged.
# CsI Light-energy calibration for INDRA 5th campaign data
# Parameters for Z>1 particles, rings 1-17.
#+-------------------------------------------------------------+
#|  Couronne |   Module  |   a1  |  a2   |   a3  |  Chi2  | Nb |
#+-------------------------------------------------------------+
  1   1   5.834848   0.645781   6.000000  2.494948  51
  1   2   5.769827   0.407792   6.000000  4.043325  51
  1   3   5.665190   0.443497   6.000000  0.420977  48
  1   4   5.552352   0.391901   6.000000  0.538121  52
  1   5   5.753905   0.494550   6.000000  0.594867  53
  1   6   5.483661   0.385166   6.000000  0.610289  55
  1   7   5.248620   0.406455   6.000000  0.448371  53
  1   8   6.283167   0.504551   6.009995  0.614085  57
  1   9   5.525428   0.344480   6.000000  0.588496  58
  1   10   5.532573   0.355178   6.000000  0.831339  59
  1   11   5.837452   0.664690   6.000000  0.939506  57
  1   12   5.797475   0.468695   6.000001  0.650673  54
  2   1   10.857064   0.432352   6.000000  1.105705  80
  2   3   9.600935   0.501573   6.000000  0.622382  76
  2   5   10.476505   0.488770   6.000619  0.504039  78
  2   7   14.772608   0.521577   6.000000  0.857701  80
  2   9   16.254368   0.451704   6.000000  1.098649  79
  2   11   10.808108   0.506301   6.009999  0.764573  80
  2   13   9.795814   0.473034   6.000000  0.816247  82
  2   15   11.634077   0.449100   6.000000  1.465885  88
  2   17   9.826795   0.405095   6.000000  0.905765  91
  2   19   8.000277   0.493579   6.000000  7.683520  91
  2   21   10.416352   0.545966   6.009862  2.028445  79
  2   23   8.101539   0.295306   6.000000  1.018034  71
  3   1   11.006690   0.478223   6.000000  1.759004  72
  3   2   14.414654   0.486802   6.000000  1.400517  68
  3   3   13.468951   0.410298   6.010000  0.777338  60
  3   4   12.718179   0.471692   6.010000  0.824789  59
  3   5   18.476275   0.415635   6.000000  0.846157  61
  3   6   15.597813   0.514092   6.000000  0.901657  66
  3   7   13.206877   0.436318   6.000000  0.560453  66
  3   8   17.967165   0.511471   6.000000  0.804177  63
  3   9   16.757541   0.430971   6.000000  0.684561  61
  3   10   15.751388   0.495303   6.000000  2.066588  63
  3   11   14.678694   0.464453   6.000000  0.835902  64
  3   12   13.293747   0.457692   6.000000  0.736520  69
  3   13   17.279677   0.525820   6.000000  1.355841  67
  3   14   11.138368   0.498805   6.000000  0.885847  74
  3   15   14.418425   0.372827   6.000000  0.777933  75
  3   16   15.361017   0.411321   6.000000  1.281899  75
  3   17   12.128509   0.397483   6.000000  0.794436  69
  3   18   15.159166   0.441867   6.000000  1.324425  76
  3   19   19.562330   0.397794   6.000000  1.373637  72
  3   20   12.053853   0.433843   6.000000  0.820364  76
  3   21   13.899504   0.416118   6.010000  1.302822  64
  3   22   14.574848   0.508536   6.000000  0.926657  64
  3   23   16.374844   0.422275   6.000000  1.200885  66
  3   24   13.052346   0.431861   6.000000  1.059429  67
  4   1   13.206819   0.445600   6.000000  2.397674  46
  4   2   9.268579   0.415305   6.000000  2.113263  46
  4   3   6.493013   0.528001   6.000000  0.652320  41
  4   4   9.626307   0.379933   6.000000  1.013315  47
  4   5   6.834550   0.574472   6.000000  0.361201  42
  4   6   10.277667   0.526824   6.009982  0.842188  47
  4   7   8.663440   0.596696   6.000000  0.835672  43
  4   8   6.237687   0.559582   6.000000  0.396955  38
  4   9   16.358937   0.531975   6.000000  1.484802  32
  4   10   12.021336   0.511920   6.000000  0.794297  38
  4   11   7.099213   0.561749   6.000000  0.464615  43
  4   12   10.280696   0.542344   6.000000  1.053902  46
  4   13   11.345876   0.454133   6.000000  1.230471  48
  4   14   12.615808   0.524450   6.000000  1.081426  48
  4   15   11.861292   0.500488   6.000000  0.980269  54
  4   16   9.306706   0.419515   6.000000  1.121367  53
  4   17   14.256028   0.410205   6.000000  1.290245  52
  4   18   10.067996   0.490611   6.000000  0.863876  51
  4   19   15.149498   0.455934   6.000000  1.267703  48
  4   20   14.146300   0.461668   6.000000  1.250394  51
  4   21   14.389232   0.441546   6.000000  1.333737  48
  4   22   11.442066   0.431511   6.000000  0.943576  53
  4   23   15.978749   0.441234   6.000000  1.715705  43
  4   24   14.338466   0.447993   6.000000  1.364206  46
  5   1   16.416744   0.294923   6.009029  1.705537  25
  5   2   19.177899   0.304583   6.010000  1.048404  21
  5   3   12.532192   0.429471   6.009990  0.848286  25
  5   4   9.278547   0.349833   6.000000  0.479764  26
  5   5   12.098235   0.490935   6.009922  0.622072  24
  5   6   13.799412   0.345130   6.000000  0.657222  24
  5   7   10.779032   0.851298   6.000000  0.916033  23
  5   8   11.849838   0.354810   6.009845  0.630464  24
  5   9   13.492587   0.495421   6.009950  0.473814  22
  5   10   12.238003   0.375256   6.009914  0.578792  24
  5   11   14.643472   0.572245   6.000000  0.750576  24
  5   12   11.307500   0.407434   6.009983  6.065852  23
  5   13   12.867086   0.369148   6.000000  1.131526  28
  5   14   13.774156   0.829596   6.000000  2.943510  28
  5   15   12.902399   0.313847   6.009993  0.665686  27
  5   16   14.861036   0.336069   6.000000  1.034613  27
  5   17   12.469584   0.911893   6.000000  1.662179  27
  5   18   12.895577   0.447267   6.000000  5.219676  31
  5   19   10.975934   0.293766   6.000000  0.898782  30
  5   20   14.803882   0.437193   6.000000  1.567104  28
  5   21   14.094761   0.248139   6.000000  2.895247  27
  5   22   12.787584   0.424648   6.000000  1.152505  28
  5   23   13.721240   0.305756   6.009978  1.110962  27
  5   24   11.904264   0.314747   6.009951  0.893873  26
  6   1   19.781793   0.417400   6.010000  0.921373  13
  6   2   26.785120   0.258533   6.010000  0.539799  14
  6   3   41.450526   0.337552   6.010000  1.156920  11
  6   4   29.319278   0.434404   6.010000  0.877773  12
  6   5   17.622876   0.474710   6.010000  0.329669  14
  6   6   18.578872   0.277784   6.010000  0.305899  14
  6   7   33.087170   0.383114   6.009998  0.164352  10
  6   8   19.751374   0.326834   6.010000  0.244541  13
  6   9   31.385635   1.235088   6.010000  1.553362  5
  6   10   28.202588   0.289042   6.009999  0.312275  14
  6   11   18.572377   0.470044   6.009999  0.369497  14
  6   12   13.810400   0.459115   6.009720  0.240668  13
  6   13   19.201409   0.453778   6.009682  0.279354  12
  6   14   25.654441   0.542616   6.010000  0.491743  14
  6   15   16.997478   0.483941   6.009996  0.206186  12
  6   16   30.367148   0.311821   6.010000  0.547372  13
  6   17   17.813348   0.289132   6.009999  0.352834  15
  6   18   20.272894   0.350352   6.009869  0.295946  13
  6   19   17.944476   0.448926   6.009992  0.291813  13
  6   20   21.334530   0.478397   6.010000  0.312671  12
  6   21   30.390469   0.425273   6.010000  0.384565  12
  6   22   27.638383   0.340291   6.010000  1.159506  12
  6   23   22.123402   0.380293   6.010000  0.409484  13
  6   24   25.892210   0.238130   6.009302  0.025661  9
  7   1   41.037521   0.347654   6.010000  0.209647  8
  7   2   25.821199   0.323315   6.009995  0.079876  9
  7   3   27.705795   0.246661   6.009656  0.402750  9
  7   4   14.109745   0.851677   6.010000  4.695822  10
  7   5   31.718037   0.465638   6.009998  0.150229  7
  7   6   21.826836   0.522510   6.009998  0.336961  8
  7   7   15.802118   0.325717   6.009988  0.375736  9
  7   8   23.058362   0.277491   6.009996  0.288743  8
  7   9   17.839967   0.303456   6.009999  0.270082  9
  7   10   14.846461   0.357800   6.010000  0.157806  9
  7   11   29.240705   0.273996   6.009992  0.126272  8
  7   12   17.770027   0.450758   6.010000  0.113133  9
  7   13   20.389853   0.482846   6.010000  4.360360  10
  7   14   19.808268   0.415158   6.010000  0.178450  7
  7   15   21.195454   0.263771   6.009974  0.147020  8
  7   16   21.999459   0.240041   6.010000  0.077455  9
  7   17   22.536561   0.407508   6.009924  0.106328  9
  7   18   17.385378   0.365303   6.010000  0.106854  9
  7   19   26.587627   0.242501   6.009997  0.062348  9
  7   20   18.050719   0.237701   6.010000  0.039877  9
  7   21   17.443275   0.322346   6.010000  0.171868  9
  7   22   14.713704   0.400746   6.010000  0.246841  9
  7   23   42.187570   0.370891   6.009991  0.072743  8
  7   24   23.407551   0.240836   6.009960  0.029447  9
  8   1   34.919008   0.290788   6.009999  0.000000  3
  8   2   25.034048   0.211438   6.009982  0.231922  5
  8   3   28.852845   0.303190   6.009633  0.241856  4
  8   4   22.127611   0.366301   6.010000  0.366565  4
  8   5   34.030208   0.254930   6.009998  0.205815  5
  8   6   26.134896   0.226205   6.009999  0.207797  5
  8   7   25.426403   0.438994   6.009972  0.173464  6
  8   8   19.710075   0.278191   6.009944  0.146731  6
  8   9   21.355677   0.360745   6.009924  0.381015  5
  8   10   25.391799   0.265524   6.009994  0.163556  5
  8   11   26.908568   0.284601   6.009998  0.094334  5
  8   12   22.418259   0.214623   6.010000  0.081177  5
  8   13   22.487492   0.344172   6.009985  0.294436  5
  8   14   39.057686   0.234127   6.000000  0.133354  4
  8   15   24.102083   0.483497   6.009957  0.260053  5
  8   16   24.963194   0.236992   6.009995  0.196809  5
  8   17   30.123915   0.322762   6.009998  0.096815  6
  8   18   27.958860   0.307707   6.009998  0.099038  6
  8   19   19.113754   0.212523   6.009960  0.085063  5
  8   20   22.487728   0.296420   6.009828  0.098761  5
  8   21   29.716563   0.366782   6.009990  0.161312  5
  8   22   26.064725   0.203737   6.009995  0.093807  5
  8   23   26.145789   0.178576   6.009996  0.088080  6
  8   24   30.157355   0.192911   6.009997  0.078388  5
  9   1   47.739770   0.184992   6.000000  0.000000  2
  9   2   37.742529   0.314341   6.009999  0.000000  2
  9   3   29.384807   0.315588   6.009998  0.138575  4
  9   4   43.813803   0.304689   6.000000  0.000000  3
  9   5   44.484276   0.439288   6.009985  0.000000  3
  9   6   32.537600   0.491016   6.010000  0.000000  3
  9   7   29.316609   0.425380   6.009999  0.100530  4
  9   8   37.791797   0.324572   6.009991  0.000000  3
  9   9   33.401273   0.306953   6.009999  0.000000  2
  9   10   39.104646   0.573888   6.010000  0.000000  2
  9   11   37.612231   0.314611   6.010000  0.000000  2
  9   12   38.352261   0.293040   6.009998  0.000000  2
  9   13   41.505752   0.396264   6.009999  0.000000  3
  9   14   36.172291   0.306493   6.009999  0.000000  3
  9   15   30.830412   0.267506   6.009998  0.000000  3
  9   16   23.823378   0.504906   6.009986  0.000000  3
  9   17   38.001632   0.620313   6.010000  0.062545  4
  9   18   36.807339   0.523750   6.010000  0.062984  4
  9   19   30.207722   0.255274   6.009998  0.000000  3
  9   20   39.682538   0.248753   6.000593  0.000000  2
  9   21   40.771440   0.358270   6.009981  0.000000  3
  9   22   32.074028   0.305196   6.009999  0.000000  2
  9   23   38.246694   0.315412   6.009998  0.023484  4
  9   24   31.199022   0.290833   6.009999  0.207011  4
  10   1   34.865609   0.201533   6.009996  0.010716  4
  10   2   43.251410   0.173692   6.000000  0.030904  4
  10   3   38.904281   0.321742   6.010000  0.045373  4
  10   4   36.534304   0.293441   6.009998  0.035491  4
  10   5   38.000000   0.200000   6.000000  0.000000  0
  10   6   47.937219   0.436047   6.000000  0.097141  4
  10   7   38.268564   0.372301   6.010000  0.052968  4
  10   8   37.442033   0.439873   6.010000  0.055829  4
  10   9   40.010085   0.366381   6.010000  0.270992  4
  10   10   35.827429   0.271059   6.010000  0.059722  4
  10   11   41.319151   0.310395   6.008323  0.026834  4
  10   12   38.435899   0.248330   6.010000  0.107312  4
  10   13   38.041931   0.335953   6.009994  0.120775  4
  10   14   42.865846   0.282461   6.000000  0.109877  4
  10   15   45.546541   0.381060   6.000000  0.026052  4
  10   16   55.369789   0.220111   6.000000  0.111488  4
  10   17   40.939837   0.256179   6.000000  0.022264  4
  10   18   51.912730   0.261617   6.000000  0.013089  4
  10   19   38.221674   0.383688   6.010000  0.054841  4
  10   20   32.264684   0.225502   6.009998  0.077882  4
  10   21   45.924923   0.308283   6.000000  0.044713  4
  10   22   48.898301   0.290109   6.000000  0.043625  4
  10   23   42.940088   0.265762   6.000000  0.032630  4
  10   24   52.646880   0.258424   6.000000  0.044536  4
  11   1   88.246299   0.135331   6.000000  0.945492  20
  11   2   79.885187   0.149503   6.000000  0.680225  11
  11   3   52.883582   0.263795   6.000000  6.790711  23
  11   4   56.026361   0.264939   6.000000  3.653049  19
  11   5   47.092758   0.225641   6.000000  5.484471  21
  11   6   37.637207   0.263240   6.010000  1.719119  20
  11   7   54.673551   0.308952   6.000000  3.952626  19
  11   8   42.046672   0.266931   6.000000  7.024315  21
  11   9   52.187597   0.245337   6.000000  2.109083  22
  11   10   66.190480   0.277057   6.000000  0.524242  22
  11   11   65.624985   0.236614   6.000000  2.562233  22
  11   12   62.611321   0.247649   6.000000  0.771816  24
  11   13   39.355617   0.310099   6.010000  0.908542  24
  11   14   68.509053   1.036993   6.009301  0.000000  2
  11   15   50.852679   0.205545   6.000000  1.203885  26
  11   16   57.018728   0.282786   6.000000  0.317121  24
  11   17   51.389652   0.277868   6.000000  6.473394  24
  11   18   52.040575   0.232929   6.000000  0.244387  24
  11   19   44.539880   0.175495   6.000000  0.278537  25
  11   20   56.417731   0.159342   6.000000  0.375362  25
  11   21   45.497384   0.312852   6.000000  0.299553  23
  11   22   42.652432   0.232640   6.000000  1.510397  25
  11   23   59.761676   0.220236   6.000000  1.166120  24
  11   24   59.983180   0.167834   6.000000  0.327981  21
  12   1   76.604521   0.223595   6.000000  1.355297  10
  12   2   114.853425   0.278126   6.000000  1.305349  7
  12   3   117.654306   0.288789   6.000000  1.125744  9
  12   4   101.382625   0.355959   6.000000  1.343955  11
  12   5   85.206385   0.256547   6.000000  2.546579  13
  12   6   88.317119   0.357760   6.000000  1.395293  12
  12   7   69.506688   0.274444   6.000000  2.595618  14
  12   8   64.671391   0.271776   6.000000  1.407627  13
  12   9   65.619301   0.257353   6.000000  0.930946  10
  12   10   64.728183   0.248057   6.000000  1.570630  12
  12   11   88.450559   0.338883   6.000000  3.098994  11
  12   12   79.082799   0.294224   6.000000  1.872115  15
  12   13   86.109618   0.288434   6.000000  0.885865  13
  12   14   64.920107   0.347313   6.000000  0.581419  13
  12   15   98.276593   0.235917   6.000000  0.885872  11
  12   16   64.654084   0.250760   6.000000  0.484789  15
  12   17   107.286453   0.398394   6.000000  0.439734  12
  12   18   56.464667   0.191469   6.000000  1.323830  18
  12   19   85.101082   0.284212   6.000000  0.647889  13
  12   20   84.336337   0.310091   6.000000  0.378103  12
  12   21   93.383008   0.352004   6.000000  0.263041  11
  12   22   44.679399   0.198291   6.000000  1.103788  17
  12   23   98.411430   0.275809   6.000000  1.158699  11
  12   24   122.190896   0.264935   6.000000  3.835502  9
  13   1   127.756892   0.233420   6.000000  1.250717  7
  13   2   124.775358   0.355555   6.000000  2.080100  9
  13   3   112.335619   0.306730   6.000000  1.808041  9
  13   4   119.808360   0.251934   6.000000  5.383073  4
  13   5   142.274152   0.344149   6.000000  2.843938  8
  13   6   113.935990   0.238995   6.000000  10.467402  7
  13   7   116.662046   0.307274   6.000000  1.135745  8
  13   8   98.629474   0.355848   6.000000  0.605437  9
  13   9   121.960829   0.290660   6.000000  1.685280  7
  13   10   163.070972   0.223879   6.000000  1.493037  8
  13   11   175.276471   0.331443   6.000004  1.519909  5
  13   12   122.425428   0.308650   6.000000  2.695385  4
  13   13   200.499991   0.440319   6.000000  0.000000  3
  13   14   131.507621   0.357142   6.000000  2.414568  9
  13   15   112.430570   0.342277   6.000000  0.815711  7
  13   16   127.890190   0.305736   6.000000  0.910474  7
  13   17   147.926212   0.231032   6.000000  1.349956  7
  13   18   108.814829   0.258418   6.000000  0.647669  7
  13   19   118.840001   0.264135   6.007660  0.291156  6
  13   20   128.209132   0.381122   6.000000  1.022725  7
  13   21   163.195738   0.357787   6.000000  4.046894  5
  13   22   129.591701   0.329512   6.000000  1.024771  4
  13   23   140.137942   0.389798   6.000000  0.562648  5
  13   24   122.668937   0.261691   6.000000  1.091758  6
  14   1   115.801663   0.228152   6.000000  0.403136  7
  14   2   106.301836   0.224824   6.000000  0.258350  7
  14   3   108.947307   0.186736   6.000000  0.000000  3
  14   4   118.473938   0.259942   6.000000  0.023516  5
  14   5   94.234906   0.236316   6.000000  0.501517  7
  14   6   97.707451   0.221173   6.000000  0.398079  9
  14   7   98.849947   0.291856   6.000000  0.230855  9
  14   8   81.443815   0.164569   6.000000  0.042640  7
  14   9   106.097420   0.366528   6.000000  0.000000  2
  14   10   103.298613   0.201889   6.000000  1.161489  5
  14   11   131.872406   0.233610   6.000000  0.192781  4
  14   12   91.815902   0.230786   6.000000  0.351129  5
  14   13   82.047511   0.189503   6.000000  0.452200  5
  14   14   131.997356   0.240679   6.000000  1.321549  5
  14   15   134.643920   0.251769   6.000000  0.873071  6
  14   16   112.558771   0.205885   6.000000  0.499946  7
  15   1   125.895179   0.183334   6.000000  0.013867  5
  15   2   171.593117   0.284416   6.000000  0.013461  4
  15   3   140.202341   0.182923   6.000000  0.000000  2
  15   4   124.436693   0.149285   6.000000  0.012530  4
  15   5   130.500897   0.199098   6.000000  0.808475  5
  15   6   200.499999   0.154428   6.000000  4.635550  6
  15   7   122.503812   0.237531   6.000000  0.051404  5
  15   8   200.500000   0.096425   6.000012  38.619889  4
  15   9   105.585172   0.181937   6.000000  0.094402  5
  15   10   137.546432   0.203050   6.000000  0.683748  6
  15   11   120.239101   0.193527   6.000000  0.085766  6
  15   12   86.989825   0.176165   6.000000  0.006669  5
  15   13   123.324164   0.213044   6.000000  0.207540  5
  15   14   157.395441   0.270114   6.000000  0.042176  4
  15   15   119.974425   0.308181   6.000000  0.048531  6
  15   16   133.448810   0.177452   6.000000  0.099501  4
  16   1   164.334228   0.208200   6.000000  0.000000  3
  16   2   149.076468   0.263634   6.003157  0.000000  2
  16   3   195.677194   0.259570   6.003644  0.095812  4
  16   4   157.258503   0.241124   6.000000  0.000000  3
  16   5   105.922495   0.193087   6.000000  0.032435  4
  16   6   167.146006   0.222400   6.000000  0.006887  4
  16   7   147.681000   0.260111   6.000000  0.031778  4
  16   8   146.544101   0.178791   6.000000  0.059359  4
  17   1   190.053849   0.159277   6.000000  0.000000  2
  17   2   200.499989   0.004060   6.000000  0.000000  2
  17   3   200.499894   0.093307   6.007576  0.000000  2
  17   4   197.983376   0.276380   6.000000  0.000000  2
  17   5   119.168083   0.216312   6.000000  0.000000  2
  17   6   200.499995   0.111138   6.000000  0.000000  2
  17   7   125.593256   0.167344   6.000000  0.000000  2
  17   8   115.278295   0.110717   6.000000  0.000000  2
