Run 8191  26-APR-01 15:13:24 
Total    9091 ev.  Physical       0 ev.
-------------------------------------------------------------
 c  m  t   n_phys ave_phys sig_phys  n_gene ave_gene sig_gene
-------------------------------------------------------------
 1  1  7        0    0.000    0.000    9091   12.080    0.271
 1  1  8        0    0.000    0.000    9091   30.284    0.711
 1  2  7        0    0.000    0.000    9091   21.014    0.123
 1  2  8        0    0.000    0.000    9091   36.127    0.775
 1  3  7        0    0.000    0.000    9091   18.996    0.091
 1  3  8        0    0.000    0.000    9091   37.352    0.743
 1  4  7        0    0.000    0.000    9091   20.164    0.371
 1  4  8        0    0.000    0.000    9091   34.329    0.744
 1  5  7        0    0.000    0.000    9091   18.989    0.112
 1  5  8        0    0.000    0.000    9091   34.584    0.756
 1  6  7        0    0.000    0.000    9091   19.945    0.228
 1  6  8        0    0.000    0.000    9091   32.900    0.783
 1  7  7        0    0.000    0.000    9091   14.830    0.376
 1  7  8        0    0.000    0.000    9091   31.332    0.733
 1  8  7        0    0.000    0.000    9091   13.847    0.360
 1  8  8        0    0.000    0.000    9091   30.393    0.747
 1  9  7        0    0.000    0.000    9091   14.835    0.371
 1  9  8        0    0.000    0.000    9091   29.945    0.750
 1 10  7        0    0.000    0.000    9091   13.947    0.224
 1 10  8        0    0.000    0.000    9091   28.088    0.753
 1 11  7        0    0.000    0.000    9091   11.560    0.496
 1 11  8        0    0.000    0.000    9091   30.765    0.734
 1 12  7        0    0.000    0.000    9091    8.855    0.352
 1 12  8        0    0.000    0.000    9091   22.704    0.728
 2  1  7        0    0.000    0.000    9091   20.229    0.420
 2  1  8        0    0.000    0.000    9091   41.754    0.463
 2  3  7        0    0.000    0.000    9091   21.000    0.057
 2  3  8        0    0.000    0.000    9091   42.443    0.498
 2  5  7        0    0.000    0.000    9091   21.741    0.438
 2  5  8        0    0.000    0.000    9091   41.723    0.496
 2  7  7        0    0.000    0.000    9091   22.378    0.485
 2  7  8        0    0.000    0.000    9091   44.649    0.484
 2  9  7        0    0.000    0.000    9091   20.084    0.285
 2  9  8        0    0.000    0.000    9091   38.808    0.479
 2 11  7        0    0.000    0.000    9091   20.989    0.104
 2 11  8        0    0.000    0.000    9091   43.423    0.497
 2 13  7        0    0.000    0.000    9091   16.005    0.082
 2 13  8        0    0.000    0.000    9091   38.290    0.527
 2 15  7        0    0.000    0.000    9091   16.289    0.453
 2 15  8        0    0.000    0.000    9091   35.577    0.494
 2 17  7        0    0.000    0.000    9091   15.983    0.128
 2 17  8        0    0.000    0.000    9091   35.858    0.477
 2 19  7        0    0.000    0.000    9091   14.614    0.487
 2 19  8        0    0.000    0.000    9091   36.509    0.500
 2 21  7        0    0.000    0.000    9091    9.376    0.484
 2 21  8        0    0.000    0.000    9091   29.558    0.497
 2 23  7        0    0.000    0.000    9091    9.000    0.035
 2 23  8        0    0.000    0.000    9091   31.124    2.123
 3  1  7        0    0.000    0.000    9091   16.001    0.056
 3  1  8        0    0.000    0.000    9091   34.855    0.380
 3  2  7        0    0.000    0.000    9091   20.874    0.332
 3  2  8        0    0.000    0.000    9091   39.191    0.478
 3  3  7        0    0.000    0.000    9091   22.743    0.437
 3  3  8        0    0.000    0.000    9091   40.384    0.490
 3  4  7        0    0.000    0.000    9091   22.906    0.292
 3  4  8        0    0.000    0.000    9091   41.104    0.436
 3  5  7        0    0.000    0.000    9091   20.326    0.469
 3  5  8        0    0.000    0.000    9091   39.089    0.546
 3  6  7        0    0.000    0.000    9091   21.047    0.212
 3  6  8        0    0.000    0.000    9091   39.108    0.427
 3  7  7        0    0.000    0.000    9091   23.023    0.149
 3  7  8        0    0.000    0.000    9091   40.317    0.480
 3  8  7        0    0.000    0.000    9091   23.000    0.043
 3  8  8        0    0.000    0.000    9091   42.442    0.499
 3  9  7        0    0.000    0.000    9091   19.711    0.462
 3  9  8        0    0.000    0.000    9091   40.743    0.505
 3 10  7        0    0.000    0.000    9091   21.206    0.404
 3 10  8        0    0.000    0.000    9091   42.054    0.366
 3 11  7        0    0.000    0.000    9091   21.002    0.050
 3 11  8        0    0.000    0.000    9091   42.493    0.500
 3 12  7        0    0.000    0.000    9091   19.739    0.439
 3 12  8        0    0.000    0.000    9091   39.658    0.489
 3 13  7        0    0.000    0.000    9091   15.101    0.302
 3 13  8        0    0.000    0.000    9091   35.567    0.500
 3 14  7        0    0.000    0.000    9091   16.579    0.494
 3 14  8        0    0.000    0.000    9091   38.923    0.438
 3 15  7        0    0.000    0.000    9091   15.990    0.098
 3 15  8        0    0.000    0.000    9091   37.770    0.421
 3 16  7        0    0.000    0.000    9091   14.023    0.149
 3 16  8        0    0.000    0.000    9091   33.909    0.336
 3 17  7        0    0.000    0.000    9091   16.209    0.407
 3 17  8        0    0.000    0.000    9091   33.518    0.501
 3 18  7        0    0.000    0.000    9091   16.001    0.042
 3 18  8        0    0.000    0.000    9091   34.023    0.460
 3 19  7        0    0.000    0.000    9091   15.996    0.062
 3 19  8        0    0.000    0.000    9091   32.863    0.394
 3 20  7        0    0.000    0.000    9091   16.241    0.428
 3 20  8        0    0.000    0.000    9091   34.024    0.373
 3 21  7        0    0.000    0.000    9091   10.996    0.065
 3 21  8        0    0.000    0.000    9091   26.865    0.356
 3 22  7        0    0.000    0.000    9091    9.062    0.262
 3 22  8        0    0.000    0.000    9091   27.510    0.559
 3 23  7        0    0.000    0.000    9091   10.997    0.050
 3 23  8        0    0.000    0.000    9091   31.324    0.469
 3 24  7        0    0.000    0.000    9091   10.984    0.124
 3 24  8        0    0.000    0.000    9091   28.235    0.429
 4  1  7        0    0.000    0.000    9091   24.142    0.349
 4  1  8        0    0.000    0.000    9091   36.473    0.499
 4  2  7        0    0.000    0.000    9091   26.940    0.237
 4  2  8        0    0.000    0.000    9091   39.599    0.503
 4  3  7        0    0.000    0.000    9091   26.169    0.374
 4  3  8        0    0.000    0.000    9091   37.236    0.427
 4  4  7        0    0.000    0.000    9091   28.988    0.111
 4  4  8        0    0.000    0.000    9091   40.298    0.487
 4  5  7        0    0.000    0.000    9091   25.991    0.092
 4  5  8        0    0.000    0.000    9091   36.435    0.496
 4  6  7        0    0.000    0.000    9091   29.030    0.172
 4  6  8        0    0.000    0.000    9091   38.159    0.423
 4  7  7        0    0.000    0.000    9091   29.477    0.499
 4  7  8        0    0.000    0.000    9091   40.577    0.495
 4  8  7        0    0.000    0.000    9091   27.620    0.485
 4  8  8        0    0.000    0.000    9091   39.549    0.498
 4  9  7        0    0.000    0.000    9091   28.030    0.171
 4  9  8        0    0.000    0.000    9091   38.841    0.402
 4 10  7        0    0.000    0.000    9091   28.972    0.166
 4 10  8        0    0.000    0.000    9091   38.057    0.349
 4 11  7        0    0.000    0.000    9091   28.492    0.500
 4 11  8        0    0.000    0.000    9091   37.536    0.499
 4 12  7        0    0.000    0.000    9091   29.229    0.420
 4 12  8        0    0.000    0.000    9091   38.403    0.492
 4 13  7        0    0.000    0.000    9091   25.089    0.285
 4 13  8        0    0.000    0.000    9091   33.994    0.354
 4 14  7        0    0.000    0.000    9091   24.544    0.498
 4 14  8        0    0.000    0.000    9091   35.091    0.349
 4 15  7        0    0.000    0.000    9091   23.730    0.444
 4 15  8        0    0.000    0.000    9091   33.093    0.361
 4 16  7        0    0.000    0.000    9091   25.998    0.048
 4 16  8        0    0.000    0.000    9091   34.998    0.321
 4 17  7        0    0.000    0.000    9091   22.998    0.043
 4 17  8        0    0.000    0.000    9091   32.752    0.434
 4 18  7        0    0.000    0.000    9091   22.328    0.469
 4 18  8        0    0.000    0.000    9091   33.572    0.496
 4 19  7        0    0.000    0.000    9091   23.005    0.068
 4 19  8        0    0.000    0.000    9091   34.493    0.501
 4 20  7        0    0.000    0.000    9091   20.013    0.114
 4 20  8        0    0.000    0.000    9091   29.705    0.462
 4 21  7        0    0.000    0.000    9091   15.999    0.035
 4 21  8        0    0.000    0.000    9091   25.044    0.255
 4 22  7        0    0.000    0.000    9091   18.536    0.499
 4 22  8        0    0.000    0.000    9091   28.959    0.265
 4 23  7        0    0.000    0.000    9091   16.001    0.023
 4 23  8        0    0.000    0.000    9091   26.390    0.488
 4 24  7        0    0.000    0.000    9091   17.162    0.368
 4 24  8        0    0.000    0.000    9091   26.681    0.466
 5  1  7        0    0.000    0.000    9091   21.941    0.236
 5  1  8        0    0.000    0.000    9091   46.154    0.405
 5  2  7        0    0.000    0.000    9091   25.947    0.226
 5  2  8        0    0.000    0.000    9091   45.890    0.561
 5  3  7        0    0.000    0.000    9091   28.054    0.226
 5  3  8        0    0.000    0.000    9091   52.731    0.483
 5  4  7        0    0.000    0.000    9091   27.072    0.259
 5  4  8        0    0.000    0.000    9091   52.231    0.510
 5  5  7        0    0.000    0.000    9091   26.280    0.449
 5  5  8        0    0.000    0.000    9091   50.763    0.452
 5  6  7        0    0.000    0.000    9091   29.787    0.410
 5  6  8        0    0.000    0.000    9091   54.957    0.386
 5  7  7        0    0.000    0.000    9091   28.098    0.297
 5  7  8        0    0.000    0.000    9091   53.203    0.413
 5  8  7        0    0.000    0.000    9091   27.886    0.317
 5  8  8        0    0.000    0.000    9091   50.677    0.477
 5  9  7        0    0.000    0.000    9091   25.526    0.499
 5  9  8        0    0.000    0.000    9091   48.239    0.463
 5 10  7        0    0.000    0.000    9091   26.014    0.119
 5 10  8        0    0.000    0.000    9091   48.687    0.467
 5 11  7        0    0.000    0.000    9091   27.915    0.279
 5 11  8        0    0.000    0.000    9091   50.823    0.442
 5 12  7        0    0.000    0.000    9091   22.175    0.380
 5 12  8        0    0.000    0.000    9091   45.378    0.485
 5 13  7        0    0.000    0.000    9091   21.934    0.248
 5 13  8        0    0.000    0.000    9091   45.322    0.469
 5 14  7        0    0.000    0.000    9091   21.011    0.107
 5 14  8        0    0.000    0.000    9091   44.787    0.462
 5 15  7        0    0.000    0.000    9091   23.575    0.494
 5 15  8        0    0.000    0.000    9091   45.118    0.439
 5 16  7        0    0.000    0.000    9091   21.897    0.304
 5 16  8        0    0.000    0.000    9091   45.106    0.380
 5 17  7        0    0.000    0.000    9091   21.969    0.174
 5 17  8        0    0.000    0.000    9091   44.718    0.453
 5 18  7        0    0.000    0.000    9091   19.968    0.178
 5 18  8        0    0.000    0.000    9091   42.732    0.456
 5 19  7        0    0.000    0.000    9091   20.291    0.454
 5 19  8        0    0.000    0.000    9091   43.246    0.438
 5 20  7        0    0.000    0.000    9091   19.249    0.432
 5 20  8        0    0.000    0.000    9091   43.029    0.433
 5 21  7        0    0.000    0.000    9091   17.000    0.041
 5 21  8        0    0.000    0.000    9091   39.051    0.329
 5 22  7        0    0.000    0.000    9091   14.983    0.130
 5 22  8        0    0.000    0.000    9091   37.523    0.501
 5 23  7        0    0.000    0.000    9091   14.389    0.487
 5 23  8        0    0.000    0.000    9091   37.112    0.336
 5 24  7        0    0.000    0.000    9091   16.006    0.080
 5 24  8        0    0.000    0.000    9091   39.658    0.475
 6  1  7        0    0.000    0.000    9091   26.169    0.374
 6  1  8        0    0.000    0.000    9091   39.424    0.500
 6  2  7        0    0.000    0.000    9091   27.699    0.462
 6  2  8        0    0.000    0.000    9091   39.079    0.507
 6  3  7        0    0.000    0.000    9091   33.107    0.310
 6  3  8        0    0.000    0.000    9091   45.668    0.491
 6  4  7        0    0.000    0.000    9091   32.464    0.499
 6  4  8        0    0.000    0.000    9091   45.041    0.334
 6  5  7        0    0.000    0.000    9091   27.815    0.389
 6  5  8        0    0.000    0.000    9091   40.095    0.353
 6  6  7        0    0.000    0.000    9091   30.993    0.086
 6  6  8        0    0.000    0.000    9091   43.412    0.493
 6  7  7        0    0.000    0.000    9091   31.017    0.129
 6  7  8        0    0.000    0.000    9091   42.863    0.396
 6  8  7        0    0.000    0.000    9091   29.659    0.474
 6  8  8        0    0.000    0.000    9091   43.077    0.467
 6  9  7        0    0.000    0.000    9091   26.864    0.343
 6  9  8        0    0.000    0.000    9091   45.788    0.631
 6 10  7        0    0.000    0.000    9091   28.758    0.428
 6 10  8        0    0.000    0.000    9091   38.535    0.499
 6 11  7        0    0.000    0.000    9091   28.992    0.093
 6 11  8        0    0.000    0.000    9091   38.890    0.476
 6 12  7        0    0.000    0.000    9091   29.290    0.454
 6 12  8        0    0.000    0.000    9091   41.627    0.485
 6 13  7        0    0.000    0.000    9091   24.827    0.379
 6 13  8        0    0.000    0.000    9091   35.039    0.396
 6 14  7        0    0.000    0.000    9091   25.980    0.139
 6 14  8        0    0.000    0.000    9091   38.304    0.474
 6 15  7        0    0.000    0.000    9091   24.772    0.420
 6 15  8        0    0.000    0.000    9091   35.769    0.447
 6 16  7        0    0.000    0.000    9091   22.027    0.164
 6 16  8        0    0.000    0.000    9091   33.100    0.354
 6 17  7        0    0.000    0.000    9091   24.997    0.053
 6 17  8        0    0.000    0.000    9091   38.686    0.466
 6 18  7        0    0.000    0.000    9091   24.028    0.167
 6 18  8        0    0.000    0.000    9091   36.520    0.500
 6 19  7        0    0.000    0.000    9091   23.002    0.047
 6 19  8        0    0.000    0.000    9091   36.681    0.470
 6 20  7        0    0.000    0.000    9091   23.000    0.050
 6 20  8        0    0.000    0.000    9091   36.474    0.501
 6 21  7        0    0.000    0.000    9091   19.387    0.495
 6 21  8        0    0.000    0.000    9091   29.406    0.512
 6 22  7        0    0.000    0.000    9091   18.797    0.403
 6 22  8        0    0.000    0.000    9091   29.656    0.477
 6 23  7        0    0.000    0.000    9091   18.975    0.156
 6 23  8        0    0.000    0.000    9091   30.999    0.242
 6 24  7        0    0.000    0.000    9091   18.013    0.112
 6 24  8        0    0.000    0.000    9091   31.160    0.427
 7  1  7        0    0.000    0.000    9091   22.930    0.265
 7  1  8        0    0.000    0.000    9091   39.401    0.496
 7  2  7        0    0.000    0.000    9091   29.918    0.275
 7  2  8        0    0.000    0.000    9091   45.978    0.533
 7  3  7        0    0.000    0.000    9091   30.136    0.343
 7  3  8        0    0.000    0.000    9091   45.636    0.506
 7  4  7        0    0.000    0.000    9091   31.406    0.491
 7  4  8        0    0.000    0.000    9091   47.109    0.409
 7  5  7        0    0.000    0.000    9091   30.000    0.070
 7  5  8        0    0.000    0.000    9091   46.110    0.427
 7  6  7        0    0.000    0.000    9091   29.813    0.390
 7  6  8        0    0.000    0.000    9091   44.907    0.492
 7  7  7        0    0.000    0.000    9091   29.136    0.343
 7  7  8        0    0.000    0.000    9091   44.600    0.502
 7  8  7        0    0.000    0.000    9091   27.701    0.458
 7  8  8        0    0.000    0.000    9091   43.794    0.460
 7  9  7        0    0.000    0.000    9091   28.097    0.299
 7  9  8        0    0.000    0.000    9091   44.294    0.460
 7 10  7        0    0.000    0.000    9091   29.057    0.233
 7 10  8        0    0.000    0.000    9091   45.204    0.415
 7 11  7        0    0.000    0.000    9091   25.910    0.287
 7 11  8        0    0.000    0.000    9091   39.457    0.498
 7 12  7        0    0.000    0.000    9091   27.081    0.273
 7 12  8        0    0.000    0.000    9091   42.734    0.454
 7 13  7        0    0.000    0.000    9091   23.003    0.060
 7 13  8        0    0.000    0.000    9091   39.076    0.369
 7 14  7        0    0.000    0.000    9091   25.913    0.282
 7 14  8        0    0.000    0.000    9091   40.699    0.470
 7 15  7        0    0.000    0.000    9091   23.126    0.331
 7 15  8        0    0.000    0.000    9091   39.003    0.314
 7 16  7        0    0.000    0.000    9091   22.931    0.254
 7 16  8        0    0.000    0.000    9091   38.054    0.340
 7 17  7        0    0.000    0.000    9091   25.983    0.131
 7 17  8        0    0.000    0.000    9091   41.570    0.497
 7 18  7        0    0.000    0.000    9091   24.000    0.042
 7 18  8        0    0.000    0.000    9091   40.595    0.491
 7 19  7        0    0.000    0.000    9091   21.583    0.494
 7 19  8        0    0.000    0.000    9091   36.442    0.499
 7 20  7        0    0.000    0.000    9091   20.336    0.473
 7 20  8        0    0.000    0.000    9091   36.522    0.562
 7 21  7        0    0.000    0.000    9091   22.990    0.101
 7 21  8        0    0.000    0.000    9091   37.513    0.501
 7 22  7        0    0.000    0.000    9091   18.995    0.074
 7 22  8        0    0.000    0.000    9091   34.230    0.430
 7 23  7        0    0.000    0.000    9091   18.003    0.060
 7 23  8        0    0.000    0.000    9091   31.995    0.364
 7 24  7        0    0.000    0.000    9091   18.414    0.493
 7 24  8        0    0.000    0.000    9091   32.903    0.311
 8  1  7        0    0.000    0.000    9091   24.952    0.213
 8  1  8        0    0.000    0.000    9091   34.427    0.495
 8  2  7        0    0.000    0.000    9091   27.000    0.033
 8  2  8        0    0.000    0.000    9091   37.061    0.358
 8  3  7        0    0.000    0.000    9091   30.167    0.373
 8  3  8        0    0.000    0.000    9091   41.507    0.502
 8  4  7        0    0.000    0.000    9091   31.722    0.448
 8  4  8        0    0.000    0.000    9091   41.338    0.481
 8  5  7        0    0.000    0.000    9091   29.449    0.497
 8  5  8        0    0.000    0.000    9091   39.820    0.437
 8  6  7        0    0.000    0.000    9091   28.032    0.175
 8  6  8        0    0.000    0.000    9091   38.397    0.489
 8  7  7        0    0.000    0.000    9091   28.820    0.384
 8  7  8        0    0.000    0.000    9091   40.204    0.451
 8  8  7        0    0.000    0.000    9091   31.297    0.457
 8  8  8        0    0.000    0.000    9091   41.218    0.446
 8  9  7        0    0.000    0.000    9091   27.308    0.462
 8  9  8        0    0.000    0.000    9091   37.722    0.459
 8 10  7        0    0.000    0.000    9091   28.881    0.323
 8 10  8        0    0.000    0.000    9091   37.771    0.442
 8 11  7        0    0.000    0.000    9091   28.045    0.209
 8 11  8        0    0.000    0.000    9091   37.484    0.505
 8 12  7        0    0.000    0.000    9091   32.754    0.432
 8 12  8        0    0.000    0.000    9091   56.758    0.440
 8 13  7        0    0.000    0.000    9091   25.015    0.121
 8 13  8        0    0.000    0.000    9091   33.472    0.501
 8 14  7        0    0.000    0.000    9091   25.726    0.446
 8 14  8        0    0.000    0.000    9091   35.505    0.500
 8 15  7        0    0.000    0.000    9091   22.997    0.056
 8 15  8        0    0.000    0.000    9091   33.315    0.474
 8 16  7        0    0.000    0.000    9091   24.886    0.318
 8 16  8        0    0.000    0.000    9091   36.631    0.484
 8 17  7        0    0.000    0.000    9091   22.998    0.047
 8 17  8        0    0.000    0.000    9091   34.513    0.500
 8 18  7        0    0.000    0.000    9091   24.620    0.485
 8 18  8        0    0.000    0.000    9091   34.578    0.494
 8 19  7        0    0.000    0.000    9091   21.987    0.114
 8 19  8        0    0.000    0.000    9091   31.399    0.490
 8 20  7        0    0.000    0.000    9091   22.623    0.485
 8 20  8        0    0.000    0.000    9091   32.928    0.373
 8 21  7        0    0.000    0.000    9091   18.739    0.439
 8 21  8        0    0.000    0.000    9091   29.892    0.358
 8 22  7        0    0.000    0.000    9091   16.001    0.035
 8 22  8        0    0.000    0.000    9091   25.789    0.430
 8 23  7        0    0.000    0.000    9091   18.500    0.500
 8 23  8        0    0.000    0.000    9091   29.213    0.410
 8 24  7        0    0.000    0.000    9091   18.997    0.054
 8 24  8        0    0.000    0.000    9091   27.132    0.382
 9  1  7        0    0.000    0.000    9091   25.598    0.491
 9  1  8        0    0.000    0.000    9091   31.982    0.328
 9  2  7        0    0.000    0.000    9091   27.433    0.495
 9  2  8        0    0.000    0.000    9091   35.573    0.506
 9  3  7        0    0.000    0.000    9091   29.998    0.051
 9  3  8        0    0.000    0.000    9091   37.623    0.491
 9  4  7        0    0.000    0.000    9091   30.858    0.350
 9  4  8        0    0.000    0.000    9091   37.411    0.493
 9  5  7        0    0.000    0.000    9091   29.633    0.482
 9  5  8        0    0.000    0.000    9091   36.725    0.459
 9  6  7        0    0.000    0.000    9091   29.928    0.259
 9  6  8        0    0.000    0.000    9091   35.619    0.494
 9  7  7        0    0.000    0.000    9091   30.012    0.108
 9  7  8        0    0.000    0.000    9091   38.245    0.474
 9  8  7        0    0.000    0.000    9091   30.005    0.079
 9  8  8        0    0.000    0.000    9091   38.484    0.513
 9  9  7        0    0.000    0.000    9091   30.023    0.151
 9  9  8        0    0.000    0.000    9091   37.358    0.485
 9 10  7        0    0.000    0.000    9091   32.584    0.493
 9 10  8        0    0.000    0.000    9091   40.344    0.481
 9 11  7        0    0.000    0.000    9091   28.991    0.093
 9 11  8        0    0.000    0.000    9091   35.979    0.301
 9 12  7        0    0.000    0.000    9091   27.029    0.168
 9 12  8        0    0.000    0.000    9091   33.393    0.490
 9 13  7        0    0.000    0.000    9091   25.991    0.098
 9 13  8        0    0.000    0.000    9091   31.705    0.461
 9 14  7        0    0.000    0.000    9091   26.054    0.226
 9 14  8        0    0.000    0.000    9091   35.290    0.457
 9 15  7        0    0.000    0.000    9091   26.114    0.318
 9 15  8        0    0.000    0.000    9091   33.912    0.348
 9 16  7        0    0.000    0.000    9091   24.004    0.065
 9 16  8        0    0.000    0.000    9091   30.378    0.486
 9 17  7        0    0.000    0.000    9091   24.138    0.346
 9 17  8        0    0.000    0.000    9091   31.698    0.471
 9 18  7        0    0.000    0.000    9091   22.997    0.054
 9 18  8        0    0.000    0.000    9091   29.398    0.492
 9 19  7        0    0.000    0.000    9091   23.000    0.026
 9 19  8        0    0.000    0.000    9091   28.929    0.342
 9 20  7        0    0.000    0.000    9091   22.825    0.387
 9 20  8        0    0.000    0.000    9091   29.848    0.564
 9 21  7        0    0.000    0.000    9091   21.147    0.355
 9 21  8        0    0.000    0.000    9091   27.966    0.649
 9 22  7        0    0.000    0.000    9091   20.189    0.391
 9 22  8        0    0.000    0.000    9091   25.223    0.418
 9 23  7        0    0.000    0.000    9091   17.069    0.253
 9 23  8        0    0.000    0.000    9091   23.567    0.496
 9 24  7        0    0.000    0.000    9091   18.399    0.490
 9 24  8        0    0.000    0.000    9091   25.061    0.263
10  1  7        0    0.000    0.000    9091   22.925    0.263
10  1  8        0    0.000    0.000    9091   35.097    0.462
10  2  7        0    0.000    0.000    9091   31.673    0.469
10  2  8        0    0.000    0.000    9091   43.529    0.500
10  3  7        0    0.000    0.000    9091   29.992    0.090
10  3  8        0    0.000    0.000    9091   40.814    0.532
10  4  7        0    0.000    0.000    9091   30.874    0.332
10  4  8        0    0.000    0.000    9091   40.430    0.497
10  5  7        0    0.000    0.000    9091   30.185    0.388
10  5  8        0    0.000    0.000    9091   39.349    0.480
10  6  7        0    0.000    0.000    9091   31.990    0.102
10  6  8        0    0.000    0.000    9091   43.467    0.500
10  7  7        0    0.000    0.000    9091   30.749    0.436
10  7  8        0    0.000    0.000    9091   39.189    0.494
10  8  7        0    0.000    0.000    9091   29.395    0.489
10  8  8        0    0.000    0.000    9091   40.392    0.489
10  9  7        0    0.000    0.000    9091   27.963    0.190
10  9  8        0    0.000    0.000    9091   39.818    0.470
10 10  7        0    0.000    0.000    9091   29.002    0.049
10 10  8        0    0.000    0.000    9091   39.843    0.508
10 11  7        0    0.000    0.000    9091   30.020    0.139
10 11  8        0    0.000    0.000    9091   41.032    0.483
10 12  7        0    0.000    0.000    9091   28.854    0.353
10 12  8        0    0.000    0.000    9091   39.518    0.510
10 13  7        0    0.000    0.000    9091   25.006    0.077
10 13  8        0    0.000    0.000    9091   38.155    0.401
10 14  7        0    0.000    0.000    9091   23.563    0.497
10 14  8        0    0.000    0.000    9091   34.450    0.545
10 15  7        0    0.000    0.000    9091   26.661    0.480
10 15  8        0    0.000    0.000    9091   37.779    0.528
10 16  7        0    0.000    0.000    9091   21.977    0.151
10 16  8        0    0.000    0.000    9091   35.263    0.469
10 17  7        0    0.000    0.000    9091   26.956    0.205
10 17  8        0    0.000    0.000    9091   36.867    0.374
10 18  7        0    0.000    0.000    9091   24.079    0.270
10 18  8        0    0.000    0.000    9091   34.064    0.401
10 19  7        0    0.000    0.000    9091   25.011    0.103
10 19  8        0    0.000    0.000    9091   36.637    0.488
10 20  7        0    0.000    0.000    9091   22.902    0.298
10 20  8        0    0.000    0.000    9091   31.438    0.516
10 21  7        0    0.000    0.000    9091   19.966    0.183
10 21  8        0    0.000    0.000    9091   32.350    0.568
10 22  7        0    0.000    0.000    9091   18.511    0.500
10 22  8        0    0.000    0.000    9091   31.476    0.561
10 23  7        0    0.000    0.000    9091   17.013    0.116
10 23  8        0    0.000    0.000    9091   28.266    0.460
10 24  7        0    0.000    0.000    9091   19.109    0.312
10 24  8        0    0.000    0.000    9091   30.554    0.499
11  1  7        0    0.000    0.000    9091   17.987    0.116
11  1  8        0    0.000    0.000    9091   33.339    0.517
11  2  7        0    0.000    0.000    9091   23.108    0.323
11  2  8        0    0.000    0.000    9091   39.907    0.563
11  3  7        0    0.000    0.000    9091   26.273    0.445
11  3  8        0    0.000    0.000    9091   43.006    0.529
11  4  7        0    0.000    0.000    9091   26.403    0.494
11  4  8        0    0.000    0.000    9091   42.828    0.475
11  5  7        0    0.000    0.000    9091   20.937    0.318
11  5  8        0    0.000    0.000    9091   36.391    0.857
11  6  7        0    0.000    0.000    9091   24.463    0.518
11  6  8        0    0.000    0.000    9091   38.837    0.637
11  7  7        0    0.000    0.000    9091   24.009    0.101
11  7  8        0    0.000    0.000    9091   39.720    0.482
11  8  7        0    0.000    0.000    9091   24.741    0.438
11  8  8        0    0.000    0.000    9091   40.237    0.471
11  9  7        0    0.000    0.000    9091   20.998    0.047
11  9  8        0    0.000    0.000    9091   35.535    0.499
11 10  7        0    0.000    0.000    9091   24.000    0.033
11 10  8        0    0.000    0.000    9091   38.675    0.473
11 11  7        0    0.000    0.000    9091   20.393    0.488
11 11  8        0    0.000    0.000    9091   35.465    0.500
11 12  7        0    0.000    0.000    9091   23.037    0.188
11 12  8        0    0.000    0.000    9091   37.824    0.475
11 13  7        0    0.000    0.000    9091   18.004    0.059
11 13  8        0    0.000    0.000    9091   32.059    0.407
11 14  7        0    0.000    0.000    9091   18.066    0.248
11 14  8        0    0.000    0.000    9091   32.717    0.451
11 15  7        0    0.000    0.000    9091   17.160    0.367
11 15  8        0    0.000    0.000    9091   33.248    0.437
11 16  7        0    0.000    0.000    9091   15.309    0.462
11 16  8        0    0.000    0.000    9091   30.828    0.485
11 17  7        0    0.000    0.000    9091   15.573    0.498
11 17  8        0    0.000    0.000    9091   32.547    0.542
11 18  7        0    0.000    0.000    9091   17.566    0.496
11 18  8        0    0.000    0.000    9091   34.310    0.464
11 19  7        0    0.000    0.000    9091   16.988    0.109
11 19  8        0    0.000    0.000    9091   34.597    0.493
11 20  7        0    0.000    0.000    9091   13.791    0.408
11 20  8        0    0.000    0.000    9091   31.033    0.332
11 21  7        0    0.000    0.000    9091   13.051    0.221
11 21  8        0    0.000    0.000    9091   31.083    0.293
11 22  7        0    0.000    0.000    9091   11.001    0.036
11 22  8        0    0.000    0.000    9091   28.816    0.468
11 23  7        0    0.000    0.000    9091   10.001    0.035
11 23  8        0    0.000    0.000    9091   26.096    0.331
11 24  7        0    0.000    0.000    9091   10.040    0.201
11 24  8        0    0.000    0.000    9091   27.572    0.497
12  1  7        0    0.000    0.000    9091   26.002    0.115
12  1  8        0    0.000    0.000    9091   41.885    0.470
12  2  7        0    0.000    0.000    9091   31.986    0.737
12  2  8        0    0.000    0.000    9091   50.750    1.690
12  3  7        0    0.000    0.000    9091   32.019    0.137
12  3  8        0    0.000    0.000    9091   46.454    0.907
12  4  7        0    0.000    0.000    9091   33.947    0.226
12  4  8        0    0.000    0.000    9091   49.417    0.524
12  5  7        0    0.000    0.000    9091   27.888    0.321
12  5  8        0    0.000    0.000    9091   42.086    0.450
12  6  7        0    0.000    0.000    9091   35.633    0.484
12  6  8        0    0.000    0.000    9091   52.039    0.472
12  7  7        0    0.000    0.000    9091   31.324    0.470
12  7  8        0    0.000    0.000    9091   45.667    0.512
12  8  7        0    0.000    0.000    9091   29.998    0.060
12  8  8        0    0.000    0.000    9091   45.041    0.474
12  9  7        0    0.000    0.000    9091   28.217    0.414
12  9  8        0    0.000    0.000    9091   41.417    0.501
12 10  7        0    0.000    0.000    9091   32.383    0.487
12 10  8        0    0.000    0.000    9091   47.547    0.623
12 11  7        0    0.000    0.000    9091   32.564    0.496
12 11  8        0    0.000    0.000    9091   49.205    0.555
12 12  7        0    0.000    0.000    9091   30.714    0.452
12 12  8        0    0.000    0.000    9091   45.955    0.476
12 13  7        0    0.000    0.000    9091   24.004    0.061
12 13  8        0    0.000    0.000    9091   37.895    0.439
12 14  7        0    0.000    0.000    9091   23.975    0.161
12 14  8        0    0.000    0.000    9091   38.430    0.499
12 15  7        0    0.000    0.000    9091   27.985    0.155
12 15  8        0    0.000    0.000    9091   42.717    0.488
12 16  7        0    0.000    0.000    9091   25.951    0.222
12 16  8        0    0.000    0.000    9091   40.301    0.520
12 17  7        0    0.000    0.000    9091   26.006    0.109
12 17  8        0    0.000    0.000    9091   40.653    0.565
12 18  7        0    0.000    0.000    9091   28.003    0.109
12 18  8        0    0.000    0.000    9091   39.289    0.563
12 19  7        0    0.000    0.000    9091   24.390    0.498
12 19  8        0    0.000    0.000    9091   38.049    0.461
12 20  7        0    0.000    0.000    9091   26.831    0.375
12 20  8        0    0.000    0.000    9091   43.117    0.378
12 21  7        0    0.000    0.000    9091   21.899    0.302
12 21  8        0    0.000    0.000    9091   35.725    0.451
12 22  7        0    0.000    0.000    9091   20.455    0.498
12 22  8        0    0.000    0.000    9091   34.323    0.471
12 23  7        0    0.000    0.000    9091   20.061    0.273
12 23  8        0    0.000    0.000    9091   34.858    0.518
12 24  7        0    0.000    0.000    9091   16.064    0.244
12 24  8        0    0.000    0.000    9091   29.747    0.536
13  1  7        0    0.000    0.000    9091   22.002    0.171
13  1  8        0    0.000    0.000    9091   38.275    0.896
13  2  7        0    0.000    0.000    9091   25.000    0.026
13  2  8        0    0.000    0.000    9091   40.732    0.530
13  3  7        0    0.000    0.000    9091   20.420    0.494
13  3  8        0    0.000    0.000    9091   35.457    0.500
13  4  7        0    0.000    0.000    9091   28.543    0.498
13  4  8        0    0.000    0.000    9091   44.429    0.529
13  5  7        0    0.000    0.000    9091   27.071    0.257
13  5  8        0    0.000    0.000    9091   42.224    0.438
13  6  7        0    0.000    0.000    9091   22.001    0.031
13  6  8        0    0.000    0.000    9091   36.740    0.457
13  7  7        0    0.000    0.000    9091   27.002    0.096
13  7  8        0    0.000    0.000    9091   42.544    0.549
13  8  7        0    0.000    0.000    9091   25.038    0.199
13  8  8        0    0.000    0.000    9091   40.305    0.951
13  9  7        0    0.000    0.000    9091   21.996    1.186
13  9  8        0    0.000    0.000    9091   38.480    3.015
13 10  7        0    0.000    0.000    9091   27.002    0.118
13 10  8        0    0.000    0.000    9091   41.933    0.430
13 11  7        0    0.000    0.000    9091   26.002    0.154
13 11  8        0    0.000    0.000    9091   41.877    0.548
13 12  7        0    0.000    0.000    9091   22.002    0.073
13 12  8        0    0.000    0.000    9091   37.785    0.423
13 13  7        0    0.000    0.000    9091   17.823    0.381
13 13  8        0    0.000    0.000    9091    2.000    0.018
13 14  7        0    0.000    0.000    9091   24.001    0.065
13 14  8        0    0.000    0.000    9091   39.623    0.641
13 15  7        0    0.000    0.000    9091   15.002    0.117
13 15  8        0    0.000    0.000    9091   32.054    1.188
13 16  7        0    0.000    0.000    9091   27.002    0.076
13 16  8        0    0.000    0.000    9091   42.701    0.548
13 17  7        0    0.000    0.000    9091   22.120    0.331
13 17  8        0    0.000    0.000    9091   38.758    0.516
13 18  7        0    0.000    0.000    9091   16.000    0.018
13 18  8        0    0.000    0.000    9091   31.416    4.813
13 19  7        0    0.000    0.000    9091   27.003    0.131
13 19  8        0    0.000    0.000    9091   43.659    0.609
13 20  7        0    0.000    0.000    9091   23.003    0.205
13 20  8        0    0.000    0.000    9091   38.351    0.948
13 21  7        0    0.000    0.000    9091   16.523    0.510
13 21  8        0    0.000    0.000    9091   32.013    0.400
13 22  7        0    0.000    0.000    9091   25.999    0.075
13 22  8        0    0.000    0.000    9091   40.894    0.628
13 23  7        0    0.000    0.000    9091   21.652    0.476
13 23  8        0    0.000    0.000    9091   36.469    0.501
13 24  7        0    0.000    0.000    9091   16.006    0.080
13 24  8        0    0.000    0.000    9091   31.371    0.605
14  1  7        0    0.000    0.000    9091   13.148    0.355
14  1  8        0    0.000    0.000    9091   37.381    0.488
14  2  7        0    0.000    0.000    9091   24.573    0.582
14  2  8        0    0.000    0.000    9091   82.192    1.991
14  3  7        0    0.000    0.000    9091   16.977    0.153
14  3  8        0    0.000    0.000    9091   40.068    0.359
14  4  7        0    0.000    0.000    9091   18.001    0.049
14  4  8        0    0.000    0.000    9091   40.596    0.696
14  5  7        0    0.000    0.000    9091   17.006    0.525
14  5  8        0    0.000    0.000    9091   41.284    1.236
14  6  7        0    0.000    0.000    9091   17.720    0.803
14  6  8        0    0.000    0.000    9091   39.569    1.520
14  7  7        0    0.000    0.000    9091   19.353    0.478
14  7  8        0    0.000    0.000    9091   44.242    0.437
14  8  7        0    0.000    0.000    9091   18.479    0.501
14  8  8        0    0.000    0.000    9091   41.439    0.504
14  9  7        0    0.000    0.000    9091   17.961    0.194
14  9  8        0    0.000    0.000    9091   47.491    0.500
14 10  7        0    0.000    0.000    9091   13.522    0.500
14 10  8        0    0.000    0.000    9091   36.346    0.489
14 11  7        0    0.000    0.000    9091   15.950    0.343
14 11  8        0    0.000    0.000    9091   39.308    0.606
14 12  7        0    0.000    0.000    9091   14.611    0.529
14 12  8        0    0.000    0.000    9091   36.800    0.687
14 13  7        0    0.000    0.000    9091   16.003    0.190
14 13  8        0    0.000    0.000    9091   38.495    0.694
14 14  7        0    0.000    0.000    9091   14.063    0.545
14 14  8        0    0.000    0.000    9091   37.442    1.649
14 15  7        0    0.000    0.000    9091   15.000    0.018
14 15  8        0    0.000    0.000    9091   36.998    0.462
14 16  7        0    0.000    0.000    9091   12.928    0.260
14 16  8        0    0.000    0.000    9091   34.199    0.402
15  1  7        0    0.000    0.000    9091   16.001    0.053
15  1  8        0    0.000    0.000    9091   38.688    1.097
15  2  7        0    0.000    0.000    9091   26.021    0.149
15  2  8        0    0.000    0.000    9091   41.784    0.467
15  3  7        0    0.000    0.000    9091   14.578    0.494
15  3  8        0    0.000    0.000    9091   36.555    0.499
15  4  7        0    0.000    0.000    9091   30.004    0.176
15  4  8        0    0.000    0.000    9091   46.577    0.546
15  5  7        0    0.000    0.000    9091   14.001    0.095
15  5  8        0    0.000    0.000    9091   36.085    0.300
15  6  7        0    0.000    0.000    9091   33.001    0.048
15  6  8        0    0.000    0.000    9091   49.350    0.528
15  7  7        0    0.000    0.000    9091   14.001    0.031
15  7  8        0    0.000    0.000    9091   36.279    0.476
15  8  7        0    0.000    0.000    9091   31.003    0.222
15  8  8        0    0.000    0.000    9091   47.261    0.547
15  9  7        0    0.000    0.000    9091   10.044    0.626
15  9  8        0    0.000    0.000    9091   32.558    1.930
15 10  7        0    0.000    0.000    9091   30.001    0.055
15 10  8        0    0.000    0.000    9091   45.830    0.432
15 11  7        0    0.000    0.000    9091   10.011    0.115
15 11  8        0    0.000    0.000    9091   34.449    0.520
15 12  7        0    0.000    0.000    9091   29.995    0.084
15 12  8        0    0.000    0.000    9091   44.364    0.594
15 13  7        0    0.000    0.000    9091    9.009    0.172
15 13  8        0    0.000    0.000    9091   30.823    0.600
15 14  7        0    0.000    0.000    9091   31.639    0.512
15 14  8        0    0.000    0.000    9091   48.384    0.516
15 15  7        0    0.000    0.000    9091    8.739    0.442
15 15  8        0    0.000    0.000    9091   29.646    0.508
15 16  7        0    0.000    0.000    9091   32.002    0.098
15 16  8        0    0.000    0.000    9091   49.888    0.614
16  1  7        0    0.000    0.000    9091   30.015    1.301
16  1  8        0    0.000    0.000    9091   46.900    3.081
16  2  7        0    0.000    0.000    9091   33.003    0.065
16  2  8        0    0.000    0.000    9091   49.389    0.522
16  3  7        0    0.000    0.000    9091   32.631    0.483
16  3  8        0    0.000    0.000    9091   48.774    0.637
16  4  7        0    0.000    0.000    9091   32.004    0.072
16  4  8        0    0.000    0.000    9091   46.579    0.643
16  5  7        0    0.000    0.000    9091   28.007    0.121
16  5  8        0    0.000    0.000    9091   45.624    0.672
16  6  7        0    0.000    0.000    9091   29.984    0.128
16  6  8        0    0.000    0.000    9091   47.282    0.456
16  7  7        0    0.000    0.000    9091   29.001    0.082
16  7  8        0    0.000    0.000    9091   45.103    0.409
16  8  7        0    0.000    0.000    9091   26.998    0.254
16  8  8        0    0.000    0.000    9091   43.737    0.700
17  1  7        0    0.000    0.000    9091   26.000    0.057
17  1  8        0    0.000    0.000    9091   43.215    0.426
17  2  7        0    0.000    0.000    9091   29.004    0.137
17  2  8        0    0.000    0.000    9091   45.605    0.970
17  3  7        0    0.000    0.000    9091   26.002    0.056
17  3  8        0    0.000    0.000    9091   44.063    0.510
17  4  7        0    0.000    0.000    9091   25.967    0.214
17  4  8        0    0.000    0.000    9091   41.531    0.834
17  5  7        0    0.000    0.000    9091   20.000    0.021
17  5  8        0    0.000    0.000    9091   37.002    0.168
17  6  7        0    0.000    0.000    9091   21.041    0.201
17  6  8        0    0.000    0.000    9091   39.396    0.795
17  7  7        0    0.000    0.000    9091   21.002    0.139
17  7  8        0    0.000    0.000    9091   38.906    0.565
17  8  7        0    0.000    0.000    9091   18.000    0.000
17  8  8        0    0.000    0.000    9091   34.289    0.454
