Run 7646  18-APR-01 14:13:55 
Total    4126 ev.  Physical       0 ev.
-------------------------------------------------------------
 c  m  t   n_phys ave_phys sig_phys  n_gene ave_gene sig_gene
-------------------------------------------------------------
 1  1  7        0    0.000    0.000    4126   14.005    0.082
 1  1  8        0    0.000    0.000    4126   31.862    0.746
 1  2  7        0    0.000    0.000    4126   22.990    0.113
 1  2  8        0    0.000    0.000    4126   37.636    0.798
 1  3  7        0    0.000    0.000    4126   20.939    0.240
 1  3  8        0    0.000    0.000    4126   38.907    0.755
 1  4  7        0    0.000    0.000    4126   22.154    0.361
 1  4  8        0    0.000    0.000    4126   36.086    0.780
 1  5  7        0    0.000    0.000    4126   20.968    0.177
 1  5  8        0    0.000    0.000    4126   36.256    0.799
 1  6  7        0    0.000    0.000    4126   21.929    0.258
 1  6  8        0    0.000    0.000    4126   34.589    0.786
 1  7  7        0    0.000    0.000    4126   16.441    0.497
 1  7  8        0    0.000    0.000    4126   32.879    0.757
 1  8  7        0    0.000    0.000    4126   15.437    0.496
 1  8  8        0    0.000    0.000    4126   31.980    0.805
 1  9  7        0    0.000    0.000    4126   16.377    0.485
 1  9  8        0    0.000    0.000    4126   31.440    0.767
 1 10  7        0    0.000    0.000    4126   15.619    0.486
 1 10  8        0    0.000    0.000    4126   29.602    0.778
 1 11  7        0    0.000    0.000    4126   13.004    0.078
 1 11  8        0    0.000    0.000    4126   31.968    0.770
 1 12  7        0    0.000    0.000    4126   10.044    0.206
 1 12  8        0    0.000    0.000    4126   23.932    0.757
 2  1  7        0    0.000    0.000    4126   22.032    0.177
 2  1  8        0    0.000    0.000    4126   43.546    0.504
 2  3  7        0    0.000    0.000    4126   22.992    0.096
 2  3  8        0    0.000    0.000    4126   44.387    0.497
 2  5  7        0    0.000    0.000    4126   23.753    0.431
 2  5  8        0    0.000    0.000    4126   43.716    0.519
 2  7  7        0    0.000    0.000    4126   24.600    0.490
 2  7  8        0    0.000    0.000    4126   46.670    0.482
 2  9  7        0    0.000    0.000    4126   22.159    0.366
 2  9  8        0    0.000    0.000    4126   40.790    0.464
 2 11  7        0    0.000    0.000    4126   22.991    0.099
 2 11  8        0    0.000    0.000    4126   45.464    0.500
 2 13  7        0    0.000    0.000    4126   17.994    0.084
 2 13  8        0    0.000    0.000    4126   40.141    0.590
 2 15  7        0    0.000    0.000    4126   18.058    0.234
 2 15  8        0    0.000    0.000    4126   37.392    0.489
 2 17  7        0    0.000    0.000    4126   17.892    0.310
 2 17  8        0    0.000    0.000    4126   37.653    0.495
 2 19  7        0    0.000    0.000    4126   16.165    0.371
 2 19  8        0    0.000    0.000    4126   38.344    0.480
 2 21  7        0    0.000    0.000    4126   11.001    0.027
 2 21  8        0    0.000    0.000    4126   31.048    0.288
 2 23  7        0    0.000    0.000    4126   10.635    0.482
 2 23  8        0    0.000    0.000    4126    0.000    0.000
 3  1  7        0    0.000    0.000    4126   17.977    0.150
 3  1  8        0    0.000    0.000    4126   36.705    0.459
 3  2  7        0    0.000    0.000    4126   22.476    0.499
 3  2  8        0    0.000    0.000    4126   40.860    0.504
 3  3  7        0    0.000    0.000    4126   24.328    0.469
 3  3  8        0    0.000    0.000    4126   42.238    0.447
 3  4  7        0    0.000    0.000    4126   24.688    0.463
 3  4  8        0    0.000    0.000    4126   42.969    0.453
 3  5  7        0    0.000    0.000    4126   22.046    0.210
 3  5  8        0    0.000    0.000    4126   40.859    0.559
 3  6  7        0    0.000    0.000    4126   23.008    0.090
 3  6  8        0    0.000    0.000    4126   40.949    0.457
 3  7  7        0    0.000    0.000    4126   25.010    0.102
 3  7  8        0    0.000    0.000    4126   42.254    0.485
 3  8  7        0    0.000    0.000    4126   24.996    0.064
 3  8  8        0    0.000    0.000    4126   44.405    0.502
 3  9  7        0    0.000    0.000    4126   21.514    0.500
 3  9  8        0    0.000    0.000    4126   42.670    0.472
 3 10  7        0    0.000    0.000    4126   23.230    0.421
 3 10  8        0    0.000    0.000    4126   44.010    0.403
 3 11  7        0    0.000    0.000    4126   23.001    0.062
 3 11  8        0    0.000    0.000    4126   44.476    0.500
 3 12  7        0    0.000    0.000    4126   21.556    0.497
 3 12  8        0    0.000    0.000    4126   41.560    0.502
 3 13  7        0    0.000    0.000    4126   17.008    0.094
 3 13  8        0    0.000    0.000    4126   37.388    0.491
 3 14  7        0    0.000    0.000    4126   18.152    0.359
 3 14  8        0    0.000    0.000    4126   40.666    0.484
 3 15  7        0    0.000    0.000    4126   17.756    0.429
 3 15  8        0    0.000    0.000    4126   39.300    0.458
 3 16  7        0    0.000    0.000    4126   15.995    0.076
 3 16  8        0    0.000    0.000    4126   35.588    0.494
 3 17  7        0    0.000    0.000    4126   18.004    0.078
 3 17  8        0    0.000    0.000    4126   35.319    0.481
 3 18  7        0    0.000    0.000    4126   17.939    0.239
 3 18  8        0    0.000    0.000    4126   35.679    0.492
 3 19  7        0    0.000    0.000    4126   17.767    0.423
 3 19  8        0    0.000    0.000    4126   34.563    0.498
 3 20  7        0    0.000    0.000    4126   18.009    0.093
 3 20  8        0    0.000    0.000    4126   35.643    0.485
 3 21  7        0    0.000    0.000    4126   12.169    0.374
 3 21  8        0    0.000    0.000    4126   28.340    0.474
 3 22  7        0    0.000    0.000    4126   10.961    0.194
 3 22  8        0    0.000    0.000    4126   29.020    0.284
 3 23  7        0    0.000    0.000    4126   12.275    0.446
 3 23  8        0    0.000    0.000    4126   32.857    0.384
 3 24  7        0    0.000    0.000    4126   12.125    0.331
 3 24  8        0    0.000    0.000    4126   29.684    0.467
 4  1  7        0    0.000    0.000    4126   26.119    0.324
 4  1  8        0    0.000    0.000    4126   38.411    0.492
 4  2  7        0    0.000    0.000    4126   28.792    0.406
 4  2  8        0    0.000    0.000    4126   41.478    0.502
 4  3  7        0    0.000    0.000    4126   28.055    0.228
 4  3  8        0    0.000    0.000    4126   39.114    0.359
 4  4  7        0    0.000    0.000    4126   30.980    0.140
 4  4  8        0    0.000    0.000    4126   42.226    0.511
 4  5  7        0    0.000    0.000    4126   27.944    0.231
 4  5  8        0    0.000    0.000    4126   38.308    0.466
 4  6  7        0    0.000    0.000    4126   31.021    0.142
 4  6  8        0    0.000    0.000    4126   40.035    0.456
 4  7  7        0    0.000    0.000    4126   31.554    0.497
 4  7  8        0    0.000    0.000    4126   42.567    0.496
 4  8  7        0    0.000    0.000    4126   29.593    0.491
 4  8  8        0    0.000    0.000    4126   41.469    0.499
 4  9  7        0    0.000    0.000    4126   30.057    0.231
 4  9  8        0    0.000    0.000    4126   40.758    0.447
 4 10  7        0    0.000    0.000    4126   30.970    0.170
 4 10  8        0    0.000    0.000    4126   40.031    0.396
 4 11  7        0    0.000    0.000    4126   30.622    0.485
 4 11  8        0    0.000    0.000    4126   39.483    0.502
 4 12  7        0    0.000    0.000    4126   31.291    0.454
 4 12  8        0    0.000    0.000    4126   40.379    0.493
 4 13  7        0    0.000    0.000    4126   27.023    0.151
 4 13  8        0    0.000    0.000    4126   35.770    0.440
 4 14  7        0    0.000    0.000    4126   26.207    0.405
 4 14  8        0    0.000    0.000    4126   36.859    0.392
 4 15  7        0    0.000    0.000    4126   25.314    0.464
 4 15  8        0    0.000    0.000    4126   34.802    0.424
 4 16  7        0    0.000    0.000    4126   27.957    0.203
 4 16  8        0    0.000    0.000    4126   36.740    0.449
 4 17  7        0    0.000    0.000    4126   24.905    0.293
 4 17  8        0    0.000    0.000    4126   34.499    0.500
 4 18  7        0    0.000    0.000    4126   24.017    0.129
 4 18  8        0    0.000    0.000    4126   35.331    0.470
 4 19  7        0    0.000    0.000    4126   24.995    0.074
 4 19  8        0    0.000    0.000    4126   36.243    0.444
 4 20  7        0    0.000    0.000    4126   21.996    0.064
 4 20  8        0    0.000    0.000    4126   31.433    0.496
 4 21  7        0    0.000    0.000    4126   17.366    0.482
 4 21  8        0    0.000    0.000    4126   26.554    0.497
 4 22  7        0    0.000    0.000    4126   20.000    0.022
 4 22  8        0    0.000    0.000    4126   30.429    0.495
 4 23  7        0    0.000    0.000    4126   17.728    0.445
 4 23  8        0    0.000    0.000    4126   27.960    0.249
 4 24  7        0    0.000    0.000    4126   19.000    0.027
 4 24  8        0    0.000    0.000    4126   28.190    0.397
 5  1  7        0    0.000    0.000    4126   23.888    0.315
 5  1  8        0    0.000    0.000    4126   48.143    0.427
 5  2  7        0    0.000    0.000    4126   27.735    0.442
 5  2  8        0    0.000    0.000    4126   47.697    0.547
 5  3  7        0    0.000    0.000    4126   30.019    0.142
 5  3  8        0    0.000    0.000    4126   54.638    0.515
 5  4  7        0    0.000    0.000    4126   29.046    0.210
 5  4  8        0    0.000    0.000    4126   54.226    0.531
 5  5  7        0    0.000    0.000    4126   28.171    0.377
 5  5  8        0    0.000    0.000    4126   52.697    0.478
 5  6  7        0    0.000    0.000    4126   31.786    0.410
 5  6  8        0    0.000    0.000    4126   57.006    0.400
 5  7  7        0    0.000    0.000    4126   30.150    0.357
 5  7  8        0    0.000    0.000    4126   55.294    0.460
 5  8  7        0    0.000    0.000    4126   29.902    0.299
 5  8  8        0    0.000    0.000    4126   52.733    0.452
 5  9  7        0    0.000    0.000    4126   27.548    0.498
 5  9  8        0    0.000    0.000    4126   50.270    0.476
 5 10  7        0    0.000    0.000    4126   28.033    0.179
 5 10  8        0    0.000    0.000    4126   50.765    0.435
 5 11  7        0    0.000    0.000    4126   29.950    0.220
 5 11  8        0    0.000    0.000    4126   52.880    0.446
 5 12  7        0    0.000    0.000    4126   24.144    0.351
 5 12  8        0    0.000    0.000    4126   47.294    0.457
 5 13  7        0    0.000    0.000    4126   23.674    0.469
 5 13  8        0    0.000    0.000    4126   47.215    0.430
 5 14  7        0    0.000    0.000    4126   22.988    0.124
 5 14  8        0    0.000    0.000    4126   46.588    0.497
 5 15  7        0    0.000    0.000    4126   25.334    0.472
 5 15  8        0    0.000    0.000    4126   46.981    0.462
 5 16  7        0    0.000    0.000    4126   23.536    0.499
 5 16  8        0    0.000    0.000    4126   46.940    0.404
 5 17  7        0    0.000    0.000    4126   23.697    0.460
 5 17  8        0    0.000    0.000    4126   46.519    0.500
 5 18  7        0    0.000    0.000    4126   21.672    0.469
 5 18  8        0    0.000    0.000    4126   44.540    0.499
 5 19  7        0    0.000    0.000    4126   22.048    0.214
 5 19  8        0    0.000    0.000    4126   45.047    0.415
 5 20  7        0    0.000    0.000    4126   21.024    0.153
 5 20  8        0    0.000    0.000    4126   44.729    0.479
 5 21  7        0    0.000    0.000    4126   18.559    0.497
 5 21  8        0    0.000    0.000    4126   40.629    0.488
 5 22  7        0    0.000    0.000    4126   16.212    0.409
 5 22  8        0    0.000    0.000    4126   39.147    0.415
 5 23  7        0    0.000    0.000    4126   15.999    0.068
 5 23  8        0    0.000    0.000    4126   38.727    0.448
 5 24  7        0    0.000    0.000    4126   17.821    0.384
 5 24  8        0    0.000    0.000    4126   41.222    0.416
 6  1  7        0    0.000    0.000    4126   28.156    0.363
 6  1  8        0    0.000    0.000    4126   41.346    0.483
 6  2  7        0    0.000    0.000    4126   29.332    0.471
 6  2  8        0    0.000    0.000    4126   40.753    0.510
 6  3  7        0    0.000    0.000    4126   35.042    0.201
 6  3  8        0    0.000    0.000    4126   47.518    0.501
 6  4  7        0    0.000    0.000    4126   34.405    0.491
 6  4  8        0    0.000    0.000    4126   46.965    0.361
 6  5  7        0    0.000    0.000    4126   29.607    0.489
 6  5  8        0    0.000    0.000    4126   41.935    0.356
 6  6  7        0    0.000    0.000    4126   32.994    0.079
 6  6  8        0    0.000    0.000    4126   45.406    0.495
 6  7  7        0    0.000    0.000    4126   33.035    0.184
 6  7  8        0    0.000    0.000    4126   44.843    0.425
 6  8  7        0    0.000    0.000    4126   31.632    0.482
 6  8  8        0    0.000    0.000    4126   44.993    0.527
 6  9  7        0    0.000    0.000    4126   28.790    0.408
 6  9  8        0    0.000    0.000    4126   49.747    2.071
 6 10  7        0    0.000    0.000    4126   30.836    0.370
 6 10  8        0    0.000    0.000    4126   40.522    0.508
 6 11  7        0    0.000    0.000    4126   30.993    0.088
 6 11  8        0    0.000    0.000    4126   40.838    0.492
 6 12  7        0    0.000    0.000    4126   31.336    0.472
 6 12  8        0    0.000    0.000    4126   43.557    0.500
 6 13  7        0    0.000    0.000    4126   26.478    0.500
 6 13  8        0    0.000    0.000    4126   36.743    0.474
 6 14  7        0    0.000    0.000    4126   27.880    0.325
 6 14  8        0    0.000    0.000    4126   40.105    0.475
 6 15  7        0    0.000    0.000    4126   26.405    0.491
 6 15  8        0    0.000    0.000    4126   37.511    0.501
 6 16  7        0    0.000    0.000    4126   23.993    0.098
 6 16  8        0    0.000    0.000    4126   34.765    0.439
 6 17  7        0    0.000    0.000    4126   26.897    0.305
 6 17  8        0    0.000    0.000    4126   40.365    0.483
 6 18  7        0    0.000    0.000    4126   25.999    0.064
 6 18  8        0    0.000    0.000    4126   38.244    0.438
 6 19  7        0    0.000    0.000    4126   24.983    0.131
 6 19  8        0    0.000    0.000    4126   38.427    0.496
 6 20  7        0    0.000    0.000    4126   24.902    0.297
 6 20  8        0    0.000    0.000    4126   38.198    0.479
 6 21  7        0    0.000    0.000    4126   21.000    0.031
 6 21  8        0    0.000    0.000    4126   30.863    0.443
 6 22  7        0    0.000    0.000    4126   20.033    0.178
 6 22  8        0    0.000    0.000    4126   31.218    0.432
 6 23  7        0    0.000    0.000    4126   20.199    0.400
 6 23  8        0    0.000    0.000    4126   32.546    0.498
 6 24  7        0    0.000    0.000    4126   19.795    0.403
 6 24  8        0    0.000    0.000    4126   32.623    0.491
 7  1  7        0    0.000    0.000    4126   24.754    0.431
 7  1  8        0    0.000    0.000    4126   41.280    0.451
 7  2  7        0    0.000    0.000    4126   31.510    0.500
 7  2  8        0    0.000    0.000    4126   47.650    0.515
 7  3  7        0    0.000    0.000    4126   32.021    0.145
 7  3  8        0    0.000    0.000    4126   47.477    0.501
 7  4  7        0    0.000    0.000    4126   33.275    0.446
 7  4  8        0    0.000    0.000    4126   49.022    0.441
 7  5  7        0    0.000    0.000    4126   31.983    0.130
 7  5  8        0    0.000    0.000    4126   47.993    0.445
 7  6  7        0    0.000    0.000    4126   31.770    0.421
 7  6  8        0    0.000    0.000    4126   46.849    0.498
 7  7  7        0    0.000    0.000    4126   31.118    0.322
 7  7  8        0    0.000    0.000    4126   46.625    0.499
 7  8  7        0    0.000    0.000    4126   29.621    0.485
 7  8  8        0    0.000    0.000    4126   45.714    0.474
 7  9  7        0    0.000    0.000    4126   30.151    0.358
 7  9  8        0    0.000    0.000    4126   46.271    0.447
 7 10  7        0    0.000    0.000    4126   31.099    0.299
 7 10  8        0    0.000    0.000    4126   47.184    0.420
 7 11  7        0    0.000    0.000    4126   27.864    0.343
 7 11  8        0    0.000    0.000    4126   41.393    0.510
 7 12  7        0    0.000    0.000    4126   29.078    0.268
 7 12  8        0    0.000    0.000    4126   44.655    0.487
 7 13  7        0    0.000    0.000    4126   24.984    0.127
 7 13  8        0    0.000    0.000    4126   40.832    0.458
 7 14  7        0    0.000    0.000    4126   27.692    0.463
 7 14  8        0    0.000    0.000    4126   42.516    0.506
 7 15  7        0    0.000    0.000    4126   25.007    0.086
 7 15  8        0    0.000    0.000    4126   40.740    0.446
 7 16  7        0    0.000    0.000    4126   24.509    0.500
 7 16  8        0    0.000    0.000    4126   39.780    0.434
 7 17  7        0    0.000    0.000    4126   27.781    0.413
 7 17  8        0    0.000    0.000    4126   43.383    0.490
 7 18  7        0    0.000    0.000    4126   25.948    0.222
 7 18  8        0    0.000    0.000    4126   42.358    0.482
 7 19  7        0    0.000    0.000    4126   23.045    0.206
 7 19  8        0    0.000    0.000    4126   38.148    0.418
 7 20  7        0    0.000    0.000    4126   22.012    0.109
 7 20  8        0    0.000    0.000    4126   38.254    0.459
 7 21  7        0    0.000    0.000    4126   24.352    0.478
 7 21  8        0    0.000    0.000    4126   39.092    0.370
 7 22  7        0    0.000    0.000    4126   20.402    0.490
 7 22  8        0    0.000    0.000    4126   35.716    0.467
 7 23  7        0    0.000    0.000    4126   19.575    0.494
 7 23  8        0    0.000    0.000    4126   33.466    0.499
 7 24  7        0    0.000    0.000    4126   20.002    0.049
 7 24  8        0    0.000    0.000    4126   34.399    0.490
 8  1  7        0    0.000    0.000    4126   26.929    0.258
 8  1  8        0    0.000    0.000    4126   36.335    0.484
 8  2  7        0    0.000    0.000    4126   28.992    0.092
 8  2  8        0    0.000    0.000    4126   38.874    0.414
 8  3  7        0    0.000    0.000    4126   32.079    0.270
 8  3  8        0    0.000    0.000    4126   43.425    0.503
 8  4  7        0    0.000    0.000    4126   33.666    0.472
 8  4  8        0    0.000    0.000    4126   43.275    0.483
 8  5  7        0    0.000    0.000    4126   31.238    0.426
 8  5  8        0    0.000    0.000    4126   41.650    0.482
 8  6  7        0    0.000    0.000    4126   30.016    0.124
 8  6  8        0    0.000    0.000    4126   40.310    0.471
 8  7  7        0    0.000    0.000    4126   30.788    0.409
 8  7  8        0    0.000    0.000    4126   42.109    0.470
 8  8  7        0    0.000    0.000    4126   33.341    0.474
 8  8  8        0    0.000    0.000    4126   43.154    0.453
 8  9  7        0    0.000    0.000    4126   29.329    0.470
 8  9  8        0    0.000    0.000    4126   39.643    0.484
 8 10  7        0    0.000    0.000    4126   30.893    0.309
 8 10  8        0    0.000    0.000    4126   39.697    0.469
 8 11  7        0    0.000    0.000    4126   30.062    0.241
 8 11  8        0    0.000    0.000    4126   39.459    0.498
 8 12  7        0    0.000    0.000    4126   34.677    0.468
 8 12  8        0    0.000    0.000    4126   58.718    0.469
 8 13  7        0    0.000    0.000    4126   27.001    0.054
 8 13  8        0    0.000    0.000    4126   35.289    0.461
 8 14  7        0    0.000    0.000    4126   27.342    0.474
 8 14  8        0    0.000    0.000    4126   37.333    0.473
 8 15  7        0    0.000    0.000    4126   24.899    0.301
 8 15  8        0    0.000    0.000    4126   35.006    0.465
 8 16  7        0    0.000    0.000    4126   26.564    0.496
 8 16  8        0    0.000    0.000    4126   38.455    0.498
 8 17  7        0    0.000    0.000    4126   24.909    0.288
 8 17  8        0    0.000    0.000    4126   36.346    0.481
 8 18  7        0    0.000    0.000    4126   26.151    0.358
 8 18  8        0    0.000    0.000    4126   36.361    0.522
 8 19  7        0    0.000    0.000    4126   23.587    0.492
 8 19  8        0    0.000    0.000    4126   33.073    0.394
 8 20  7        0    0.000    0.000    4126   24.102    0.303
 8 20  8        0    0.000    0.000    4126   34.575    0.494
 8 21  7        0    0.000    0.000    4126   20.008    0.089
 8 21  8        0    0.000    0.000    4126   31.373    0.506
 8 22  7        0    0.000    0.000    4126   17.525    0.499
 8 22  8        0    0.000    0.000    4126   27.345    0.478
 8 23  7        0    0.000    0.000    4126   20.001    0.041
 8 23  8        0    0.000    0.000    4126   30.756    0.431
 8 24  7        0    0.000    0.000    4126   20.473    0.499
 8 24  8        0    0.000    0.000    4126   28.662    0.481
 9  1  7        0    0.000    0.000    4126   27.677    0.468
 9  1  8        0    0.000    0.000    4126   33.905    0.365
 9  2  7        0    0.000    0.000    4126   29.228    0.419
 9  2  8        0    0.000    0.000    4126   37.481    0.501
 9  3  7        0    0.000    0.000    4126   31.982    0.134
 9  3  8        0    0.000    0.000    4126   39.416    0.494
 9  4  7        0    0.000    0.000    4126   32.811    0.391
 9  4  8        0    0.000    0.000    4126   39.283    0.473
 9  5  7        0    0.000    0.000    4126   31.469    0.500
 9  5  8        0    0.000    0.000    4126   38.536    0.501
 9  6  7        0    0.000    0.000    4126   31.940    0.237
 9  6  8        0    0.000    0.000    4126   37.536    0.500
 9  7  7        0    0.000    0.000    4126   32.035    0.183
 9  7  8        0    0.000    0.000    4126   40.213    0.503
 9  8  7        0    0.000    0.000    4126   32.030    0.170
 9  8  8        0    0.000    0.000    4126   40.480    0.500
 9  9  7        0    0.000    0.000    4126   32.117    0.321
 9  9  8        0    0.000    0.000    4126   39.327    0.501
 9 10  7        0    0.000    0.000    4126   34.820    0.385
 9 10  8        0    0.000    0.000    4126   42.360    0.488
 9 11  7        0    0.000    0.000    4126   30.996    0.066
 9 11  8        0    0.000    0.000    4126   37.923    0.324
 9 12  7        0    0.000    0.000    4126   29.086    0.280
 9 12  8        0    0.000    0.000    4126   35.357    0.485
 9 13  7        0    0.000    0.000    4126   27.964    0.187
 9 13  8        0    0.000    0.000    4126   33.536    0.499
 9 14  7        0    0.000    0.000    4126   28.004    0.066
 9 14  8        0    0.000    0.000    4126   37.094    0.374
 9 15  7        0    0.000    0.000    4126   28.029    0.167
 9 15  8        0    0.000    0.000    4126   35.643    0.483
 9 16  7        0    0.000    0.000    4126   25.998    0.056
 9 16  8        0    0.000    0.000    4126   32.158    0.434
 9 17  7        0    0.000    0.000    4126   26.027    0.163
 9 17  8        0    0.000    0.000    4126   33.439    0.510
 9 18  7        0    0.000    0.000    4126   24.917    0.276
 9 18  8        0    0.000    0.000    4126   31.108    0.372
 9 19  7        0    0.000    0.000    4126   24.974    0.159
 9 19  8        0    0.000    0.000    4126   30.607    0.488
 9 20  7        0    0.000    0.000    4126   24.390    0.489
 9 20  8        0    0.000    0.000    4126   31.546    0.500
 9 21  7        0    0.000    0.000    4126   23.000    0.047
 9 21  8        0    0.000    0.000    4126   29.479    0.511
 9 22  7        0    0.000    0.000    4126   22.000    0.016
 9 22  8        0    0.000    0.000    4126   26.772    0.422
 9 23  7        0    0.000    0.000    4126   18.998    0.054
 9 23  8        0    0.000    0.000    4126   25.044    0.264
 9 24  7        0    0.000    0.000    4126   20.001    0.041
 9 24  8        0    0.000    0.000    4126   26.587    0.494
10  1  7        0    0.000    0.000    4126   24.889    0.315
10  1  8        0    0.000    0.000    4126   36.949    0.413
10  2  7        0    0.000    0.000    4126   33.471    0.499
10  2  8        0    0.000    0.000    4126   45.448    0.610
10  3  7        0    0.000    0.000    4126   31.970    0.173
10  3  8        0    0.000    0.000    4126   42.644    0.514
10  4  7        0    0.000    0.000    4126   32.876    0.329
10  4  8        0    0.000    0.000    4126   42.414    0.496
10  5  7        0    0.000    0.000    4126   32.117    0.321
10  5  8        0    0.000    0.000    4126   41.224    0.455
10  6  7        0    0.000    0.000    4126   33.995    0.075
10  6  8        0    0.000    0.000    4126   45.433    0.497
10  7  7        0    0.000    0.000    4126   32.883    0.321
10  7  8        0    0.000    0.000    4126   41.233    0.476
10  8  7        0    0.000    0.000    4126   31.611    0.488
10  8  8        0    0.000    0.000    4126   42.392    0.490
10  9  7        0    0.000    0.000    4126   29.986    0.118
10  9  8        0    0.000    0.000    4126   41.771    0.469
10 10  7        0    0.000    0.000    4126   31.023    0.150
10 10  8        0    0.000    0.000    4126   41.838    0.526
10 11  7        0    0.000    0.000    4126   32.128    0.335
10 11  8        0    0.000    0.000    4126   43.084    0.494
10 12  7        0    0.000    0.000    4126   30.950    0.220
10 12  8        0    0.000    0.000    4126   41.544    0.499
10 13  7        0    0.000    0.000    4126   27.001    0.044
10 13  8        0    0.000    0.000    4126   39.984    0.388
10 14  7        0    0.000    0.000    4126   25.382    0.486
10 14  8        0    0.000    0.000    4126   36.280    0.635
10 15  7        0    0.000    0.000    4126   28.606    0.489
10 15  8        0    0.000    0.000    4126   39.629    0.492
10 16  7        0    0.000    0.000    4126   23.841    0.366
10 16  8        0    0.000    0.000    4126   37.055    0.633
10 17  7        0    0.000    0.000    4126   28.854    0.354
10 17  8        0    0.000    0.000    4126   38.696    0.482
10 18  7        0    0.000    0.000    4126   26.024    0.152
10 18  8        0    0.000    0.000    4126   35.783    0.496
10 19  7        0    0.000    0.000    4126   27.004    0.060
10 19  8        0    0.000    0.000    4126   38.493    0.500
10 20  7        0    0.000    0.000    4126   24.547    0.498
10 20  8        0    0.000    0.000    4126   33.165    0.385
10 21  7        0    0.000    0.000    4126   18.995    0.073
10 21  8        0    0.000    0.000    4126   31.394    0.489
10 22  7        0    0.000    0.000    4126   20.005    0.071
10 22  8        0    0.000    0.000    4126   33.000    0.200
10 23  7        0    0.000    0.000    4126   18.965    0.185
10 23  8        0    0.000    0.000    4126   29.667    0.483
10 24  7        0    0.000    0.000    4126   21.000    0.035
10 24  8        0    0.000    0.000    4126   32.105    0.352
11  1  7        0    0.000    0.000    4126   19.945    0.238
11  1  8        0    0.000    0.000    4126   35.216    0.460
11  2  7        0    0.000    0.000    4126   25.014    0.121
11  2  8        0    0.000    0.000    4126   41.691    0.479
11  3  7        0    0.000    0.000    4126   28.138    0.345
11  3  8        0    0.000    0.000    4126   44.824    0.550
11  4  7        0    0.000    0.000    4126   28.247    0.431
11  4  8        0    0.000    0.000    4126   44.722    0.603
11  5  7        0    0.000    0.000    4126   22.672    0.470
11  5  8        0    0.000    0.000    4126   38.240    0.522
11  6  7        0    0.000    0.000    4126   26.358    0.479
11  6  8        0    0.000    0.000    4126   40.749    0.565
11  7  7        0    0.000    0.000    4126   26.010    0.099
11  7  8        0    0.000    0.000    4126   41.659    0.602
11  8  7        0    0.000    0.000    4126   26.733    0.442
11  8  8        0    0.000    0.000    4126   42.203    0.485
11  9  7        0    0.000    0.000    4126   22.988    0.109
11  9  8        0    0.000    0.000    4126   37.471    0.502
11 10  7        0    0.000    0.000    4126   26.003    0.064
11 10  8        0    0.000    0.000    4126   40.691    0.710
11 11  7        0    0.000    0.000    4126   22.312    0.463
11 11  8        0    0.000    0.000    4126   37.436    0.497
11 12  7        0    0.000    0.000    4126   25.039    0.194
11 12  8        0    0.000    0.000    4126   39.767    0.493
11 13  7        0    0.000    0.000    4126   19.967    0.180
11 13  8        0    0.000    0.000    4126   33.780    0.484
11 14  7        0    0.000    0.000    4126   20.003    0.068
11 14  8        0    0.000    0.000    4126   34.337    0.473
11 15  7        0    0.000    0.000    4126   19.011    0.107
11 15  8        0    0.000    0.000    4126   34.964    0.611
11 16  7        0    0.000    0.000    4126   17.028    0.166
11 16  8        0    0.000    0.000    4126   32.607    0.500
11 17  7        0    0.000    0.000    4126   17.069    0.255
11 17  8        0    0.000    0.000    4126   34.323    0.471
11 18  7        0    0.000    0.000    4126   19.089    0.288
11 18  8        0    0.000    0.000    4126   36.063    0.358
11 19  7        0    0.000    0.000    4126   18.611    0.488
11 19  8        0    0.000    0.000    4126   36.365    0.488
11 20  7        0    0.000    0.000    4126   15.126    0.331
11 20  8        0    0.000    0.000    4126   32.656    0.480
11 21  7        0    0.000    0.000    4126   14.945    0.243
11 21  8        0    0.000    0.000    4126   32.621    0.495
11 22  7        0    0.000    0.000    4126   12.655    0.475
11 22  8        0    0.000    0.000    4126   30.278    0.459
11 23  7        0    0.000    0.000    4126   11.528    0.499
11 23  8        0    0.000    0.000    4126   27.566    0.504
11 24  7        0    0.000    0.000    4126   11.885    0.319
11 24  8        0    0.000    0.000    4126   29.049    0.305
12  1  7        0    0.000    0.000    4126   27.998    0.071
12  1  8        0    0.000    0.000    4126   43.785    0.469
12  2  7        0    0.000    0.000    4126   33.811    0.392
12  2  8        0    0.000    0.000    4126   52.527    0.500
12  3  7        0    0.000    0.000    4126   33.998    0.103
12  3  8        0    0.000    0.000    4126   48.272    0.510
12  4  7        0    0.000    0.000    4126   35.870    0.337
12  4  8        0    0.000    0.000    4126   51.311    0.485
12  5  7        0    0.000    0.000    4126   29.620    0.486
12  5  8        0    0.000    0.000    4126   43.886    0.416
12  6  7        0    0.000    0.000    4126   37.702    0.459
12  6  8        0    0.000    0.000    4126   54.087    0.479
12  7  7        0    0.000    0.000    4126   33.355    0.478
12  7  8        0    0.000    0.000    4126   47.579    0.497
12  8  7        0    0.000    0.000    4126   31.997    0.075
12  8  8        0    0.000    0.000    4126   46.952    0.486
12  9  7        0    0.000    0.000    4126   30.226    0.418
12  9  8        0    0.000    0.000    4126   43.363    0.481
12 10  7        0    0.000    0.000    4126   34.653    0.476
12 10  8        0    0.000    0.000    4126   49.590    0.496
12 11  7        0    0.000    0.000    4126   34.682    0.466
12 11  8        0    0.000    0.000    4126   51.188    0.547
12 12  7        0    0.000    0.000    4126   32.808    0.394
12 12  8        0    0.000    0.000    4126   47.938    0.457
12 13  7        0    0.000    0.000    4126   25.993    0.086
12 13  8        0    0.000    0.000    4126   39.653    0.485
12 14  7        0    0.000    0.000    4126   25.825    0.380
12 14  8        0    0.000    0.000    4126   40.234    0.472
12 15  7        0    0.000    0.000    4126   29.933    0.251
12 15  8        0    0.000    0.000    4126   44.595    0.492
12 16  7        0    0.000    0.000    4126   27.730    0.444
12 16  8        0    0.000    0.000    4126   42.078    0.453
12 17  7        0    0.000    0.000    4126   27.998    0.068
12 17  8        0    0.000    0.000    4126   42.510    0.509
12 18  7        0    0.000    0.000    4126   29.995    0.078
12 18  8        0    0.000    0.000    4126   41.139    0.411
12 19  7        0    0.000    0.000    4126   26.083    0.276
12 19  8        0    0.000    0.000    4126   39.824    0.640
12 20  7        0    0.000    0.000    4126   28.382    0.498
12 20  8        0    0.000    0.000    4126   44.861    0.435
12 21  7        0    0.000    0.000    4126   23.047    0.218
12 21  8        0    0.000    0.000    4126   37.182    0.442
12 22  7        0    0.000    0.000    4126   22.003    0.054
12 22  8        0    0.000    0.000    4126   35.908    0.356
12 23  7        0    0.000    0.000    4126   21.996    0.326
12 23  8        0    0.000    0.000    4126   36.405    0.571
12 24  7        0    0.000    0.000    4126   17.964    0.206
12 24  8        0    0.000    0.000    4126   31.328    0.479
13  1  7        0    0.000    0.000    4126   23.767    0.423
13  1  8        0    0.000    0.000    4126   40.052    0.244
13  2  7        0    0.000    0.000    4126   26.998    0.044
13  2  8        0    0.000    0.000    4126   42.566    1.247
13  3  7        0    0.000    0.000    4126   22.001    0.027
13  3  8        0    0.000    0.000    4126   37.066    0.296
13  4  7        0    0.000    0.000    4126   30.098    0.298
13  4  8        0    0.000    0.000    4126   46.282    0.645
13  5  7        0    0.000    0.000    4126   29.004    0.068
13  5  8        0    0.000    0.000    4126   43.995    0.473
13  6  7        0    0.000    0.000    4126   23.594    0.491
13  6  8        0    0.000    0.000    4126   38.434    0.497
13  7  7        0    0.000    0.000    4126   29.001    0.058
13  7  8        0    0.000    0.000    4126   44.376    0.527
13  8  7        0    0.000    0.000    4126   27.001    0.031
13  8  8        0    0.000    0.000    4126   42.065    0.330
13  9  7        0    0.000    0.000    4126   23.016    0.125
13  9  8        0    0.000    0.000    4126   40.052    0.391
13 10  7        0    0.000    0.000    4126   28.999    0.044
13 10  8        0    0.000    0.000    4126   43.647    0.714
13 11  7        0    0.000    0.000    4126   27.999    0.027
13 11  8        0    0.000    0.000    4126   43.643    0.560
13 12  7        0    0.000    0.000    4126   23.738    0.439
13 12  8        0    0.000    0.000    4126   39.429    0.495
13 13  7        0    0.000    0.000    4126   19.000    0.022
13 13  8        0    0.000    0.000    4126    3.776    0.460
13 14  7        0    0.000    0.000    4126   25.660    0.474
13 14  8        0    0.000    0.000    4126   41.335    0.472
13 15  7        0    0.000    0.000    4126   16.799    0.401
13 15  8        0    0.000    0.000    4126   33.527    0.501
13 16  7        0    0.000    0.000    4126   29.000    0.000
13 16  8        0    0.000    0.000    4126   44.523    0.499
13 17  7        0    0.000    0.000    4126   24.001    0.027
13 17  8        0    0.000    0.000    4126   40.527    0.753
13 18  7        0    0.000    0.000    4126   17.003    0.052
13 18  8        0    0.000    0.000    4126   32.886    0.821
13 19  7        0    0.000    0.000    4126   29.006    0.278
13 19  8        0    0.000    0.000    4126   45.500    0.624
13 20  7        0    0.000    0.000    4126   24.999    0.031
13 20  8        0    0.000    0.000    4126   39.839    0.462
13 21  7        0    0.000    0.000    4126   18.002    0.071
13 21  8        0    0.000    0.000    4126   33.407    0.503
13 22  7        0    0.000    0.000    4126   27.646    0.478
13 22  8        0    0.000    0.000    4126   42.666    0.556
13 23  7        0    0.000    0.000    4126   23.001    0.078
13 23  8        0    0.000    0.000    4126   38.118    0.551
13 24  7        0    0.000    0.000    4126   17.849    0.362
13 24  8        0    0.000    0.000    4126   32.795    0.429
14  1  7        0    0.000    0.000    4126   15.000    0.016
14  1  8        0    0.000    0.000    4126   39.093    0.465
14  2  7        0    0.000    0.000    4126   26.119    0.329
14  2  8        0    0.000    0.000    4126   83.912    0.735
14  3  7        0    0.000    0.000    4126   18.181    0.407
14  3  8        0    0.000    0.000    4126   41.644    0.519
14  4  7        0    0.000    0.000    4126   20.003    0.156
14  4  8        0    0.000    0.000    4126   42.402    0.506
14  5  7        0    0.000    0.000    4126   18.985    0.131
14  5  8        0    0.000    0.000    4126   42.892    0.466
14  6  7        0    0.000    0.000    4126   19.016    0.126
14  6  8        0    0.000    0.000    4126   41.335    0.473
14  7  7        0    0.000    0.000    4126   21.007    0.110
14  7  8        0    0.000    0.000    4126   45.985    0.382
14  8  7        0    0.000    0.000    4126   20.021    0.142
14  8  8        0    0.000    0.000    4126   43.237    0.446
14  9  7        0    0.000    0.000    4126   19.047    0.211
14  9  8        0    0.000    0.000    4126   49.377    0.486
14 10  7        0    0.000    0.000    4126   15.000    0.000
14 10  8        0    0.000    0.000    4126   37.798    0.419
14 11  7        0    0.000    0.000    4126   17.039    0.192
14 11  8        0    0.000    0.000    4126   40.845    0.421
14 12  7        0    0.000    0.000    4126   16.000    0.022
14 12  8        0    0.000    0.000    4126   38.383    0.514
14 13  7        0    0.000    0.000    4126   17.504    0.505
14 13  8        0    0.000    0.000    4126   40.226    0.474
14 14  7        0    0.000    0.000    4126   16.000    0.000
14 14  8        0    0.000    0.000    4126   38.983    0.411
14 15  7        0    0.000    0.000    4126   16.758    0.434
14 15  8        0    0.000    0.000    4126   38.610    0.530
14 16  7        0    0.000    0.000    4126   14.001    0.031
14 16  8        0    0.000    0.000    4126   35.647    0.481
15  1  7        0    0.000    0.000    4126   17.344    0.492
15  1  8        0    0.000    0.000    4126   40.379    0.552
15  2  7        0    0.000    0.000    4126   28.001    0.035
15  2  8        0    0.000    0.000    4126   43.549    0.503
15  3  7        0    0.000    0.000    4126   16.000    0.000
15  3  8        0    0.000    0.000    4126   38.213    0.420
15  4  7        0    0.000    0.000    4126   32.005    0.217
15  4  8        0    0.000    0.000    4126   48.459    0.582
15  5  7        0    0.000    0.000    4126   15.746    0.439
15  5  8        0    0.000    0.000    4126   37.604    0.493
15  6  7        0    0.000    0.000    4126   34.991    0.099
15  6  8        0    0.000    0.000    4126   51.082    0.504
15  7  7        0    0.000    0.000    4126   15.369    0.483
15  7  8        0    0.000    0.000    4126   37.705    0.463
15  8  7        0    0.000    0.000    4126   32.829    0.377
15  8  8        0    0.000    0.000    4126   48.874    0.477
15  9  7        0    0.000    0.000    4126   11.940    0.237
15  9  8        0    0.000    0.000    4126   33.904    0.387
15 10  7        0    0.000    0.000    4126   31.833    0.379
15 10  8        0    0.000    0.000    4126   47.512    0.523
15 11  7        0    0.000    0.000    4126   11.924    0.279
15 11  8        0    0.000    0.000    4126   35.842    0.602
15 12  7        0    0.000    0.000    4126   31.581    0.493
15 12  8        0    0.000    0.000    4126   46.062    0.305
15 13  7        0    0.000    0.000    4126   10.781    0.413
15 13  8        0    0.000    0.000    4126   32.142    0.355
15 14  7        0    0.000    0.000    4126   33.157    0.432
15 14  8        0    0.000    0.000    4126   50.260    0.577
15 15  7        0    0.000    0.000    4126   10.001    0.062
15 15  8        0    0.000    0.000    4126   31.016    0.290
15 16  7        0    0.000    0.000    4126   34.001    0.049
15 16  8        0    0.000    0.000    4126   51.620    0.491
16  1  7        0    0.000    0.000    4126   32.001    0.038
16  1  8        0    0.000    0.000    4126   48.668    0.531
16  2  7        0    0.000    0.000    4126   35.003    0.064
16  2  8        0    0.000    0.000    4126   51.270    0.740
16  3  7        0    0.000    0.000    4126   34.327    0.472
16  3  8        0    0.000    0.000    4126   50.601    0.505
16  4  7        0    0.000    0.000    4126   34.001    0.031
16  4  8        0    0.000    0.000    4126   48.416    0.495
16  5  7        0    0.000    0.000    4126   30.000    0.016
16  5  8        0    0.000    0.000    4126   47.318    0.484
16  6  7        0    0.000    0.000    4126   31.295    0.456
16  6  8        0    0.000    0.000    4126   48.876    0.441
16  7  7        0    0.000    0.000    4126   30.469    0.499
16  7  8        0    0.000    0.000    4126   46.775    0.420
16  8  7        0    0.000    0.000    4126   28.152    0.407
16  8  8        0    0.000    0.000    4126   45.361    0.658
17  1  7        0    0.000    0.000    4126   27.253    0.435
17  1  8        0    0.000    0.000    4126   44.777    1.000
17  2  7        0    0.000    0.000    4126   30.994    0.079
17  2  8        0    0.000    0.000    4126   47.387    0.551
17  3  7        0    0.000    0.000    4126   27.997    0.060
17  3  8        0    0.000    0.000    4126   45.606    0.502
17  4  7        0    0.000    0.000    4126   27.018    0.134
17  4  8        0    0.000    0.000    4126   43.147    0.358
17  5  7        0    0.000    0.000    4126   21.003    0.088
17  5  8        0    0.000    0.000    4126   38.381    0.536
17  6  7        0    0.000    0.000    4126   23.000    0.016
17  6  8        0    0.000    0.000    4126   40.840    0.379
17  7  7        0    0.000    0.000    4126   22.771    0.432
17  7  8        0    0.000    0.000    4126   40.288    0.464
17  8  7        0    0.000    0.000    4126   19.320    0.467
17  8  8        0    0.000    0.000    4126   35.620    0.485
