Run 6773  11-APR-01 10:39:32 
Total   27455 ev.  Physical       0 ev.
-------------------------------------------------------------
 c  m  t   n_phys ave_phys sig_phys  n_gene ave_gene sig_gene
-------------------------------------------------------------
 1  1  7        0    0.000    0.000   27455   12.847    0.360
 1  1  8        0    0.000    0.000   27455   30.643    0.734
 1  2  7        0    0.000    0.000   27455   21.581    0.493
 1  2  8        0    0.000    0.000   27455   36.458    0.786
 1  3  7        0    0.000    0.000   27455   19.362    0.481
 1  3  8        0    0.000    0.000   27455   37.692    0.762
 1  4  7        0    0.000    0.000   27455   20.924    0.266
 1  4  8        0    0.000    0.000   27455   34.711    0.765
 1  5  7        0    0.000    0.000   27455   19.301    0.459
 1  5  8        0    0.000    0.000   27455   34.948    0.778
 1  6  7        0    0.000    0.000   27455   20.169    0.375
 1  6  8        0    0.000    0.000   27455   33.287    0.784
 1  7  7        0    0.000    0.000   27455   15.042    0.204
 1  7  8        0    0.000    0.000   27455   31.695    0.753
 1  8  7        0    0.000    0.000   27455   14.052    0.223
 1  8  8        0    0.000    0.000   27455   30.767    0.781
 1  9  7        0    0.000    0.000   27455   15.040    0.197
 1  9  8        0    0.000    0.000   27455   30.293    0.761
 1 10  7        0    0.000    0.000   27455   14.140    0.347
 1 10  8        0    0.000    0.000   27455   28.447    0.766
 1 11  7        0    0.000    0.000   27455   12.000    0.087
 1 11  8        0    0.000    0.000   27455   31.032    0.748
 1 12  7        0    0.000    0.000   27455    9.025    0.158
 1 12  8        0    0.000    0.000   27455   22.968    0.729
 2  1  7        0    0.000    0.000   27455   20.943    0.233
 2  1  8        0    0.000    0.000   27455   42.263    0.483
 2  3  7        0    0.000    0.000   27455   21.461    0.499
 2  3  8        0    0.000    0.000   27455   42.909    0.477
 2  5  7        0    0.000    0.000   27455   22.026    0.163
 2  5  8        0    0.000    0.000   27455   42.316    0.507
 2  7  7        0    0.000    0.000   27455   22.997    0.110
 2  7  8        0    0.000    0.000   27455   45.209    0.454
 2  9  7        0    0.000    0.000   27455   20.921    0.271
 2  9  8        0    0.000    0.000   27455   39.332    0.482
 2 11  7        0    0.000    0.000   27455   21.297    0.457
 2 11  8        0    0.000    0.000   27455   43.934    0.537
 2 13  7        0    0.000    0.000   27455   16.626    0.485
 2 13  8        0    0.000    0.000   27455   38.666    0.538
 2 15  7        0    0.000    0.000   27455   16.989    0.109
 2 15  8        0    0.000    0.000   27455   36.093    0.381
 2 17  7        0    0.000    0.000   27455   16.196    0.397
 2 17  8        0    0.000    0.000   27455   36.385    0.496
 2 19  7        0    0.000    0.000   27455   15.004    0.071
 2 19  8        0    0.000    0.000   27455   37.016    0.386
 2 21  7        0    0.000    0.000   27455    9.995    0.076
 2 21  8        0    0.000    0.000   27455   29.954    0.302
 2 23  7        0    0.000    0.000   27455    9.453    0.498
 2 23  8        0    0.000    0.000   27455    0.000    0.000
 3  1  7        0    0.000    0.000   27455   16.457    0.498
 3  1  8        0    0.000    0.000   27455   35.324    0.473
 3  2  7        0    0.000    0.000   27455   21.022    0.150
 3  2  8        0    0.000    0.000   27455   39.556    0.508
 3  3  7        0    0.000    0.000   27455   23.006    0.094
 3  3  8        0    0.000    0.000   27455   40.820    0.439
 3  4  7        0    0.000    0.000   27455   23.046    0.211
 3  4  8        0    0.000    0.000   27455   41.555    0.503
 3  5  7        0    0.000    0.000   27455   20.973    0.163
 3  5  8        0    0.000    0.000   27455   39.513    0.511
 3  6  7        0    0.000    0.000   27455   21.830    0.376
 3  6  8        0    0.000    0.000   27455   39.533    0.502
 3  7  7        0    0.000    0.000   27455   23.746    0.436
 3  7  8        0    0.000    0.000   27455   40.716    0.499
 3  8  7        0    0.000    0.000   27455   23.478    0.500
 3  8  8        0    0.000    0.000   27455   42.923    0.541
 3  9  7        0    0.000    0.000   27455   20.014    0.126
 3  9  8        0    0.000    0.000   27455   41.239    0.438
 3 10  7        0    0.000    0.000   27455   21.978    0.152
 3 10  8        0    0.000    0.000   27455   42.545    0.502
 3 11  7        0    0.000    0.000   27455   21.580    0.494
 3 11  8        0    0.000    0.000   27455   43.034    0.401
 3 12  7        0    0.000    0.000   27455   20.018    0.135
 3 12  8        0    0.000    0.000   27455   40.252    0.476
 3 13  7        0    0.000    0.000   27455   15.916    0.278
 3 13  8        0    0.000    0.000   27455   36.104    0.464
 3 14  7        0    0.000    0.000   27455   17.000    0.067
 3 14  8        0    0.000    0.000   27455   39.428    0.497
 3 15  7        0    0.000    0.000   27455   16.172    0.377
 3 15  8        0    0.000    0.000   27455   38.031    0.176
 3 16  7        0    0.000    0.000   27455   14.845    0.362
 3 16  8        0    0.000    0.000   27455   34.383    0.486
 3 17  7        0    0.000    0.000   27455   16.975    0.157
 3 17  8        0    0.000    0.000   27455   34.044    0.461
 3 18  7        0    0.000    0.000   27455   16.498    0.500
 3 18  8        0    0.000    0.000   27455   34.486    0.502
 3 19  7        0    0.000    0.000   27455   16.268    0.443
 3 19  8        0    0.000    0.000   27455   33.345    0.479
 3 20  7        0    0.000    0.000   27455   16.989    0.104
 3 20  8        0    0.000    0.000   27455   34.500    0.501
 3 21  7        0    0.000    0.000   27455   11.143    0.350
 3 21  8        0    0.000    0.000   27455   27.349    0.477
 3 22  7        0    0.000    0.000   27455    9.930    0.256
 3 22  8        0    0.000    0.000   27455   28.002    0.320
 3 23  7        0    0.000    0.000   27455   11.185    0.388
 3 23  8        0    0.000    0.000   27455   31.788    0.426
 3 24  7        0    0.000    0.000   27455   11.093    0.291
 3 24  8        0    0.000    0.000   27455   28.683    0.469
 4  1  7        0    0.000    0.000   27455   24.979    0.144
 4  1  8        0    0.000    0.000   27455   36.990    0.368
 4  2  7        0    0.000    0.000   27455   27.070    0.256
 4  2  8        0    0.000    0.000   27455   40.156    0.534
 4  3  7        0    0.000    0.000   27455   26.975    0.157
 4  3  8        0    0.000    0.000   27455   37.674    0.472
 4  4  7        0    0.000    0.000   27455   29.273    0.446
 4  4  8        0    0.000    0.000   27455   40.690    0.508
 4  5  7        0    0.000    0.000   27455   26.226    0.418
 4  5  8        0    0.000    0.000   27455   36.907    0.405
 4  6  7        0    0.000    0.000   27455   29.884    0.321
 4  6  8        0    0.000    0.000   27455   38.573    0.498
 4  7  7        0    0.000    0.000   27455   30.003    0.077
 4  7  8        0    0.000    0.000   27455   41.094    0.363
 4  8  7        0    0.000    0.000   27455   28.014    0.117
 4  8  8        0    0.000    0.000   27455   40.097    0.385
 4  9  7        0    0.000    0.000   27455   28.919    0.273
 4  9  8        0    0.000    0.000   27455   39.356    0.485
 4 10  7        0    0.000    0.000   27455   29.127    0.333
 4 10  8        0    0.000    0.000   27455   38.540    0.507
 4 11  7        0    0.000    0.000   27455   29.006    0.084
 4 11  8        0    0.000    0.000   27455   38.113    0.512
 4 12  7        0    0.000    0.000   27455   29.996    0.079
 4 12  8        0    0.000    0.000   27455   38.878    0.489
 4 13  7        0    0.000    0.000   27455   25.972    0.165
 4 13  8        0    0.000    0.000   27455   34.483    0.500
 4 14  7        0    0.000    0.000   27455   25.002    0.056
 4 14  8        0    0.000    0.000   27455   35.559    0.497
 4 15  7        0    0.000    0.000   27455   24.018    0.134
 4 15  8        0    0.000    0.000   27455   33.542    0.499
 4 16  7        0    0.000    0.000   27455   26.452    0.498
 4 16  8        0    0.000    0.000   27455   35.486    0.501
 4 17  7        0    0.000    0.000   27455   23.292    0.455
 4 17  8        0    0.000    0.000   27455   33.214    0.415
 4 18  7        0    0.000    0.000   27455   22.999    0.041
 4 18  8        0    0.000    0.000   27455   34.104    0.381
 4 19  7        0    0.000    0.000   27455   23.806    0.396
 4 19  8        0    0.000    0.000   27455   35.005    0.379
 4 20  7        0    0.000    0.000   27455   20.906    0.292
 4 20  8        0    0.000    0.000   27455   30.258    0.449
 4 21  7        0    0.000    0.000   27455   16.302    0.459
 4 21  8        0    0.000    0.000   27455   25.502    0.500
 4 22  7        0    0.000    0.000   27455   19.001    0.028
 4 22  8        0    0.000    0.000   27455   29.397    0.489
 4 23  7        0    0.000    0.000   27455   16.686    0.464
 4 23  8        0    0.000    0.000   27455   26.935    0.285
 4 24  7        0    0.000    0.000   27455   17.997    0.059
 4 24  8        0    0.000    0.000   27455   27.143    0.362
 5  1  7        0    0.000    0.000   27455   22.186    0.389
 5  1  8        0    0.000    0.000   27455   46.675    0.478
 5  2  7        0    0.000    0.000   27455   26.163    0.369
 5  2  8        0    0.000    0.000   27455   46.439    0.510
 5  3  7        0    0.000    0.000   27455   28.847    0.361
 5  3  8        0    0.000    0.000   27455   53.327    0.492
 5  4  7        0    0.000    0.000   27455   27.882    0.323
 5  4  8        0    0.000    0.000   27455   52.693    0.520
 5  5  7        0    0.000    0.000   27455   26.981    0.147
 5  5  8        0    0.000    0.000   27455   51.336    0.482
 5  6  7        0    0.000    0.000   27455   30.070    0.256
 5  6  8        0    0.000    0.000   27455   55.490    0.506
 5  7  7        0    0.000    0.000   27455   28.945    0.229
 5  7  8        0    0.000    0.000   27455   53.765    0.449
 5  8  7        0    0.000    0.000   27455   28.165    0.371
 5  8  8        0    0.000    0.000   27455   51.253    0.449
 5  9  7        0    0.000    0.000   27455   26.011    0.116
 5  9  8        0    0.000    0.000   27455   48.700    0.490
 5 10  7        0    0.000    0.000   27455   26.821    0.383
 5 10  8        0    0.000    0.000   27455   49.263    0.450
 5 11  7        0    0.000    0.000   27455   28.190    0.393
 5 11  8        0    0.000    0.000   27455   51.411    0.496
 5 12  7        0    0.000    0.000   27455   22.987    0.120
 5 12  8        0    0.000    0.000   27455   45.921    0.371
 5 13  7        0    0.000    0.000   27455   22.144    0.352
 5 13  8        0    0.000    0.000   27455   45.878    0.422
 5 14  7        0    0.000    0.000   27455   21.728    0.445
 5 14  8        0    0.000    0.000   27455   45.372    0.491
 5 15  7        0    0.000    0.000   27455   24.020    0.151
 5 15  8        0    0.000    0.000   27455   45.604    0.502
 5 16  7        0    0.000    0.000   27455   22.113    0.317
 5 16  8        0    0.000    0.000   27455   45.632    0.489
 5 17  7        0    0.000    0.000   27455   22.185    0.389
 5 17  8        0    0.000    0.000   27455   45.222    0.430
 5 18  7        0    0.000    0.000   27455   20.195    0.397
 5 18  8        0    0.000    0.000   27455   43.305    0.472
 5 19  7        0    0.000    0.000   27455   20.991    0.106
 5 19  8        0    0.000    0.000   27455   43.744    0.462
 5 20  7        0    0.000    0.000   27455   19.988    0.133
 5 20  8        0    0.000    0.000   27455   43.518    0.505
 5 21  7        0    0.000    0.000   27455   17.468    0.499
 5 21  8        0    0.000    0.000   27455   39.531    0.500
 5 22  7        0    0.000    0.000   27455   15.177    0.381
 5 22  8        0    0.000    0.000   27455   38.057    0.407
 5 23  7        0    0.000    0.000   27455   14.997    0.064
 5 23  8        0    0.000    0.000   27455   37.655    0.477
 5 24  7        0    0.000    0.000   27455   16.778    0.416
 5 24  8        0    0.000    0.000   27455   40.171    0.390
 6  1  7        0    0.000    0.000   27455   26.977    0.159
 6  1  8        0    0.000    0.000   27455   39.955    0.490
 6  2  7        0    0.000    0.000   27455   28.024    0.168
 6  2  8        0    0.000    0.000   27455   39.500    0.507
 6  3  7        0    0.000    0.000   27455   33.917    0.277
 6  3  8        0    0.000    0.000   27455   46.226    0.478
 6  4  7        0    0.000    0.000   27455   33.004    0.113
 6  4  8        0    0.000    0.000   27455   45.547    0.503
 6  5  7        0    0.000    0.000   27455   28.073    0.262
 6  5  8        0    0.000    0.000   27455   40.610    0.490
 6  6  7        0    0.000    0.000   27455   31.427    0.495
 6  6  8        0    0.000    0.000   27455   43.917    0.484
 6  7  7        0    0.000    0.000   27455   31.813    0.390
 6  7  8        0    0.000    0.000   27455   43.384    0.496
 6  8  7        0    0.000    0.000   27455   30.044    0.212
 6  8  8        0    0.000    0.000   27455   43.553    0.509
 6  9  7        0    0.000    0.000   27455   27.081    0.274
 6  9  8        0    0.000    0.000   27455   67.829    2.586
 6 10  7        0    0.000    0.000   27455   29.053    0.225
 6 10  8        0    0.000    0.000   27455   39.100    0.413
 6 11  7        0    0.000    0.000   27455   29.409    0.492
 6 11  8        0    0.000    0.000   27455   39.457    0.501
 6 12  7        0    0.000    0.000   27455   29.975    0.161
 6 12  8        0    0.000    0.000   27455   42.078    0.421
 6 13  7        0    0.000    0.000   27455   25.061    0.240
 6 13  8        0    0.000    0.000   27455   35.522    0.505
 6 14  7        0    0.000    0.000   27455   26.350    0.477
 6 14  8        0    0.000    0.000   27455   38.765    0.476
 6 15  7        0    0.000    0.000   27455   25.036    0.189
 6 15  8        0    0.000    0.000   27455   36.307    0.480
 6 16  7        0    0.000    0.000   27455   22.873    0.334
 6 16  8        0    0.000    0.000   27455   33.584    0.496
 6 17  7        0    0.000    0.000   27455   25.419    0.494
 6 17  8        0    0.000    0.000   27455   39.182    0.413
 6 18  7        0    0.000    0.000   27455   24.885    0.320
 6 18  8        0    0.000    0.000   27455   37.028    0.329
 6 19  7        0    0.000    0.000   27455   23.691    0.463
 6 19  8        0    0.000    0.000   27455   37.238    0.447
 6 20  7        0    0.000    0.000   27455   23.527    0.500
 6 20  8        0    0.000    0.000   27455   36.996    0.456
 6 21  7        0    0.000    0.000   27455   19.998    0.073
 6 21  8        0    0.000    0.000   27455   29.881    0.448
 6 22  7        0    0.000    0.000   27455   19.020    0.139
 6 22  8        0    0.000    0.000   27455   30.208    0.429
 6 23  7        0    0.000    0.000   27455   19.138    0.348
 6 23  8        0    0.000    0.000   27455   31.483    0.515
 6 24  7        0    0.000    0.000   27455   18.809    0.395
 6 24  8        0    0.000    0.000   27455   31.595    0.509
 7  1  7        0    0.000    0.000   27455   23.090    0.287
 7  1  8        0    0.000    0.000   27455   39.910    0.387
 7  2  7        0    0.000    0.000   27455   30.069    0.255
 7  2  8        0    0.000    0.000   27455   46.429    0.508
 7  3  7        0    0.000    0.000   27455   30.905    0.295
 7  3  8        0    0.000    0.000   27455   46.180    0.537
 7  4  7        0    0.000    0.000   27455   31.995    0.120
 7  4  8        0    0.000    0.000   27455   47.562    0.506
 7  5  7        0    0.000    0.000   27455   30.520    0.501
 7  5  8        0    0.000    0.000   27455   46.564    0.516
 7  6  7        0    0.000    0.000   27455   30.067    0.252
 7  6  8        0    0.000    0.000   27455   45.443    0.503
 7  7  7        0    0.000    0.000   27455   29.943    0.234
 7  7  8        0    0.000    0.000   27455   45.191    0.499
 7  8  7        0    0.000    0.000   27455   28.035    0.186
 7  8  8        0    0.000    0.000   27455   44.343    0.490
 7  9  7        0    0.000    0.000   27455   28.967    0.180
 7  9  8        0    0.000    0.000   27455   44.851    0.384
 7 10  7        0    0.000    0.000   27455   29.931    0.254
 7 10  8        0    0.000    0.000   27455   45.718    0.463
 7 11  7        0    0.000    0.000   27455   26.118    0.323
 7 11  8        0    0.000    0.000   27455   39.961    0.512
 7 12  7        0    0.000    0.000   27455   27.945    0.229
 7 12  8        0    0.000    0.000   27455   43.292    0.464
 7 13  7        0    0.000    0.000   27455   23.625    0.484
 7 13  8        0    0.000    0.000   27455   39.536    0.500
 7 14  7        0    0.000    0.000   27455   26.115    0.319
 7 14  8        0    0.000    0.000   27455   41.200    0.416
 7 15  7        0    0.000    0.000   27455   23.961    0.194
 7 15  8        0    0.000    0.000   27455   39.472    0.500
 7 16  7        0    0.000    0.000   27455   23.084    0.281
 7 16  8        0    0.000    0.000   27455   38.525    0.514
 7 17  7        0    0.000    0.000   27455   26.264    0.442
 7 17  8        0    0.000    0.000   27455   42.129    0.460
 7 18  7        0    0.000    0.000   27455   24.558    0.497
 7 18  8        0    0.000    0.000   27455   41.098    0.390
 7 19  7        0    0.000    0.000   27455   22.003    0.073
 7 19  8        0    0.000    0.000   27455   36.911    0.385
 7 20  7        0    0.000    0.000   27455   20.996    0.069
 7 20  8        0    0.000    0.000   27455   37.021    0.348
 7 21  7        0    0.000    0.000   27455   23.196    0.397
 7 21  8        0    0.000    0.000   27455   38.010    0.362
 7 22  7        0    0.000    0.000   27455   19.270    0.444
 7 22  8        0    0.000    0.000   27455   34.675    0.483
 7 23  7        0    0.000    0.000   27455   18.619    0.486
 7 23  8        0    0.000    0.000   27455   32.462    0.507
 7 24  7        0    0.000    0.000   27455   19.000    0.138
 7 24  8        0    0.000    0.000   27455   33.319    0.581
 8  1  7        0    0.000    0.000   27455   25.146    0.369
 8  1  8        0    0.000    0.000   27455   34.953    0.396
 8  2  7        0    0.000    0.000   27455   27.478    0.500
 8  2  8        0    0.000    0.000   27455   37.504    0.502
 8  3  7        0    0.000    0.000   27455   30.950    0.218
 8  3  8        0    0.000    0.000   27455   42.030    0.584
 8  4  7        0    0.000    0.000   27455   32.034    0.184
 8  4  8        0    0.000    0.000   27455   41.756    0.499
 8  5  7        0    0.000    0.000   27455   30.001    0.086
 8  5  8        0    0.000    0.000   27455   40.336    0.478
 8  6  7        0    0.000    0.000   27455   28.865    0.342
 8  6  8        0    0.000    0.000   27455   38.873    0.437
 8  7  7        0    0.000    0.000   27455   29.038    0.250
 8  7  8        0    0.000    0.000   27455   40.627    0.518
 8  8  7        0    0.000    0.000   27455   31.995    0.103
 8  8  8        0    0.000    0.000   27455   41.663    0.771
 8  9  7        0    0.000    0.000   27455   27.999    0.083
 8  9  8        0    0.000    0.000   27455   38.295    0.467
 8 10  7        0    0.000    0.000   27455   29.063    0.305
 8 10  8        0    0.000    0.000   27455   38.331    0.586
 8 11  7        0    0.000    0.000   27455   28.946    0.226
 8 11  8        0    0.000    0.000   27455   38.018    0.387
 8 12  7        0    0.000    0.000   27455   33.024    0.153
 8 12  8        0    0.000    0.000   27455   57.324    0.474
 8 13  7        0    0.000    0.000   27455   25.838    0.369
 8 13  8        0    0.000    0.000   27455   34.000    0.369
 8 14  7        0    0.000    0.000   27455   26.024    0.154
 8 14  8        0    0.000    0.000   27455   36.044    0.351
 8 15  7        0    0.000    0.000   27455   23.377    0.485
 8 15  8        0    0.000    0.000   27455   33.733    0.487
 8 16  7        0    0.000    0.000   27455   25.060    0.237
 8 16  8        0    0.000    0.000   27455   37.212    0.450
 8 17  7        0    0.000    0.000   27455   23.368    0.482
 8 17  8        0    0.000    0.000   27455   35.044    0.431
 8 18  7        0    0.000    0.000   27455   25.006    0.082
 8 18  8        0    0.000    0.000   27455   35.110    0.402
 8 19  7        0    0.000    0.000   27455   22.198    0.399
 8 19  8        0    0.000    0.000   27455   31.872    0.419
 8 20  7        0    0.000    0.000   27455   23.005    0.071
 8 20  8        0    0.000    0.000   27455   33.432    0.498
 8 21  7        0    0.000    0.000   27455   19.007    0.091
 8 21  8        0    0.000    0.000   27455   30.349    0.479
 8 22  7        0    0.000    0.000   27455   16.518    0.500
 8 22  8        0    0.000    0.000   27455   26.322    0.470
 8 23  7        0    0.000    0.000   27455   19.000    0.034
 8 23  8        0    0.000    0.000   27455   29.763    0.431
 8 24  7        0    0.000    0.000   27455   19.299    0.459
 8 24  8        0    0.000    0.000   27455   27.593    0.495
 9  1  7        0    0.000    0.000   27455   26.028    0.259
 9  1  8        0    0.000    0.000   27455   32.505    0.612
 9  2  7        0    0.000    0.000   27455   27.997    0.133
 9  2  8        0    0.000    0.000   27455   36.134    0.579
 9  3  7        0    0.000    0.000   27455   30.419    0.493
 9  3  8        0    0.000    0.000   27455   38.128    0.423
 9  4  7        0    0.000    0.000   27455   31.049    0.216
 9  4  8        0    0.000    0.000   27455   37.866    0.479
 9  5  7        0    0.000    0.000   27455   30.020    0.143
 9  5  8        0    0.000    0.000   27455   37.273    0.533
 9  6  7        0    0.000    0.000   27455   30.141    0.348
 9  6  8        0    0.000    0.000   27455   36.216    0.496
 9  7  7        0    0.000    0.000   27455   30.835    0.371
 9  7  8        0    0.000    0.000   27455   38.637    0.501
 9  8  7        0    0.000    0.000   27455   30.791    0.407
 9  8  8        0    0.000    0.000   27455   39.007    0.494
 9  9  7        0    0.000    0.000   27455   30.933    0.250
 9  9  8        0    0.000    0.000   27455   37.799    0.793
 9 10  7        0    0.000    0.000   27455   33.035    0.212
 9 10  8        0    0.000    0.000   27455   41.010    0.508
 9 11  7        0    0.000    0.000   27455   29.335    0.472
 9 11  8        0    0.000    0.000   27455   36.488    0.502
 9 12  7        0    0.000    0.000   27455   27.940    0.237
 9 12  8        0    0.000    0.000   27455   33.878    0.476
 9 13  7        0    0.000    0.000   27455   26.345    0.475
 9 13  8        0    0.000    0.000   27455   32.233    0.436
 9 14  7        0    0.000    0.000   27455   26.951    0.216
 9 14  8        0    0.000    0.000   27455   35.764    0.455
 9 15  7        0    0.000    0.000   27455   26.982    0.136
 9 15  8        0    0.000    0.000   27455   34.410    0.494
 9 16  7        0    0.000    0.000   27455   24.788    0.408
 9 16  8        0    0.000    0.000   27455   30.828    0.435
 9 17  7        0    0.000    0.000   27455   24.987    0.116
 9 17  8        0    0.000    0.000   27455   32.222    0.435
 9 18  7        0    0.000    0.000   27455   23.379    0.485
 9 18  8        0    0.000    0.000   27455   29.902    0.392
 9 19  7        0    0.000    0.000   27455   23.595    0.491
 9 19  8        0    0.000    0.000   27455   29.408    0.504
 9 20  7        0    0.000    0.000   27455   23.028    0.167
 9 20  8        0    0.000    0.000   27455   30.397    0.513
 9 21  7        0    0.000    0.000   27455   21.981    0.142
 9 21  8        0    0.000    0.000   27455   28.466    0.523
 9 22  7        0    0.000    0.000   27455   20.997    0.169
 9 22  8        0    0.000    0.000   27455   25.756    0.462
 9 23  7        0    0.000    0.000   27455   17.980    0.144
 9 23  8        0    0.000    0.000   27455   24.043    0.315
 9 24  7        0    0.000    0.000   27455   19.000    0.036
 9 24  8        0    0.000    0.000   27455   25.553    0.499
10  1  7        0    0.000    0.000   27455   23.120    0.326
10  1  8        0    0.000    0.000   27455   35.580    0.512
10  2  7        0    0.000    0.000   27455   32.019    0.185
10  2  8        0    0.000    0.000   27455   44.073    0.626
10  3  7        0    0.000    0.000   27455   30.426    0.495
10  3  8        0    0.000    0.000   27455   41.401    0.505
10  4  7        0    0.000    0.000   27455   31.099    0.298
10  4  8        0    0.000    0.000   27455   40.961    0.513
10  5  7        0    0.000    0.000   27455   30.982    0.137
10  5  8        0    0.000    0.000   27455   39.827    0.474
10  6  7        0    0.000    0.000   27455   32.395    0.490
10  6  8        0    0.000    0.000   27455   44.010    0.517
10  7  7        0    0.000    0.000   27455   31.048    0.213
10  7  8        0    0.000    0.000   27455   39.648    0.502
10  8  7        0    0.000    0.000   27455   30.009    0.111
10  8  8        0    0.000    0.000   27455   40.930    0.429
10  9  7        0    0.000    0.000   27455   28.248    0.432
10  9  8        0    0.000    0.000   27455   40.414    1.448
10 10  7        0    0.000    0.000   27455   29.740    0.439
10 10  8        0    0.000    0.000   27455   40.446    0.500
10 11  7        0    0.000    0.000   27455   30.913    0.286
10 11  8        0    0.000    0.000   27455   41.545    0.538
10 12  7        0    0.000    0.000   27455   29.090    0.286
10 12  8        0    0.000    0.000   27455   40.137    0.446
10 13  7        0    0.000    0.000   27455   25.815    0.388
10 13  8        0    0.000    0.000   27455   38.660    0.480
10 14  7        0    0.000    0.000   27455   24.021    0.151
10 14  8        0    0.000    0.000   27455   34.968    0.700
10 15  7        0    0.000    0.000   27455   27.017    0.131
10 15  8        0    0.000    0.000   27455   38.292    0.483
10 16  7        0    0.000    0.000   27455   22.278    0.448
10 16  8        0    0.000    0.000   27455   35.712    0.520
10 17  7        0    0.000    0.000   27455   27.142    0.349
10 17  8        0    0.000    0.000   27455   37.388    0.491
10 18  7        0    0.000    0.000   27455   24.972    0.169
10 18  8        0    0.000    0.000   27455   34.542    0.503
10 19  7        0    0.000    0.000   27455   25.882    0.323
10 19  8        0    0.000    0.000   27455   37.244    0.492
10 20  7        0    0.000    0.000   27455   23.073    0.259
10 20  8        0    0.000    0.000   27455   31.964    0.364
10 21  7        0    0.000    0.000   27455   20.141    0.348
10 21  8        0    0.000    0.000   27455   32.889    0.339
10 22  7        0    0.000    0.000   27455   19.001    0.052
10 22  8        0    0.000    0.000   27455   31.983    0.241
10 23  7        0    0.000    0.000   27455   17.889    0.317
10 23  8        0    0.000    0.000   27455   28.669    0.548
10 24  7        0    0.000    0.000   27455   19.994    0.390
10 24  8        0    0.000    0.000   27455   31.076    0.778
11  1  7        0    0.000    0.000   27455   18.311    0.464
11  1  8        0    0.000    0.000   27455   33.809    0.463
11  2  7        0    0.000    0.000   27455   23.914    0.289
11  2  8        0    0.000    0.000   27455   40.366    0.564
11  3  7        0    0.000    0.000   27455   26.970    0.175
11  3  8        0    0.000    0.000   27455   43.477    0.518
11  4  7        0    0.000    0.000   27455   26.994    0.116
11  4  8        0    0.000    0.000   27455   43.374    0.492
11  5  7        0    0.000    0.000   27455   21.084    0.278
11  5  8        0    0.000    0.000   27455   36.791    0.542
11  6  7        0    0.000    0.000   27455   24.999    0.097
11  6  8        0    0.000    0.000   27455   39.385    0.506
11  7  7        0    0.000    0.000   27455   24.736    0.501
11  7  8        0    0.000    0.000   27455   40.283    0.691
11  8  7        0    0.000    0.000   27455   25.029    0.327
11  8  8        0    0.000    0.000   27455   40.684    0.824
11  9  7        0    0.000    0.000   27455   21.384    0.494
11  9  8        0    0.000    0.000   27455   36.111    0.503
11 10  7        0    0.000    0.000   27455   24.541    0.499
11 10  8        0    0.000    0.000   27455   39.283    0.502
11 11  7        0    0.000    0.000   27455   20.998    0.147
11 11  8        0    0.000    0.000   27455   35.973    0.575
11 12  7        0    0.000    0.000   27455   23.893    0.314
11 12  8        0    0.000    0.000   27455   38.419    0.545
11 13  7        0    0.000    0.000   27455   18.656    0.475
11 13  8        0    0.000    0.000   27455   32.545    0.514
11 14  7        0    0.000    0.000   27455   18.943    0.232
11 14  8        0    0.000    0.000   27455   33.057    0.238
11 15  7        0    0.000    0.000   27455   17.975    0.159
11 15  8        0    0.000    0.000   27455   33.720    0.530
11 16  7        0    0.000    0.000   27455   15.992    0.138
11 16  8        0    0.000    0.000   27455   31.402    0.528
11 17  7        0    0.000    0.000   27455   16.004    0.079
11 17  8        0    0.000    0.000   27455   33.104    0.414
11 18  7        0    0.000    0.000   27455   18.004    0.089
11 18  8        0    0.000    0.000   27455   34.823    0.459
11 19  7        0    0.000    0.000   27455   17.130    0.339
11 19  8        0    0.000    0.000   27455   35.163    0.504
11 20  7        0    0.000    0.000   27455   14.017    0.131
11 20  8        0    0.000    0.000   27455   31.503    0.510
11 21  7        0    0.000    0.000   27455   13.955    0.209
11 21  8        0    0.000    0.000   27455   31.644    0.489
11 22  7        0    0.000    0.000   27455   11.604    0.490
11 22  8        0    0.000    0.000   27455   29.256    0.438
11 23  7        0    0.000    0.000   27455   10.614    0.487
11 23  8        0    0.000    0.000   27455   26.590    0.497
11 24  7        0    0.000    0.000   27455   10.934    0.995
11 24  8        0    0.000    0.000   27455   28.091    1.770
12  1  7        0    0.000    0.000   27455   26.607    0.490
12  1  8        0    0.000    0.000   27455   42.418    0.962
12  2  7        0    0.000    0.000   27455   32.160    0.369
12  2  8        0    0.000    0.000   27455   51.280    0.513
12  3  7        0    0.000    0.000   27455   32.732    0.444
12  3  8        0    0.000    0.000   27455   46.864    0.724
12  4  7        0    0.000    0.000   27455   34.136    0.351
12  4  8        0    0.000    0.000   27455   49.845    0.677
12  5  7        0    0.000    0.000   27455   28.056    0.242
12  5  8        0    0.000    0.000   27455   42.548    0.525
12  6  7        0    0.000    0.000   27455   36.018    0.138
12  6  8        0    0.000    0.000   27455   52.560    0.546
12  7  7        0    0.000    0.000   27455   31.998    0.113
12  7  8        0    0.000    0.000   27455   46.258    0.530
12  8  7        0    0.000    0.000   27455   30.535    0.500
12  8  8        0    0.000    0.000   27455   45.514    0.530
12  9  7        0    0.000    0.000   27455   28.994    0.089
12  9  8        0    0.000    0.000   27455   41.962    0.467
12 10  7        0    0.000    0.000   27455   33.003    0.114
12 10  8        0    0.000    0.000   27455   48.192    0.501
12 11  7        0    0.000    0.000   27455   33.013    0.124
12 11  8        0    0.000    0.000   27455   49.623    0.598
12 12  7        0    0.000    0.000   27455   31.027    0.172
12 12  8        0    0.000    0.000   27455   46.504    0.602
12 13  7        0    0.000    0.000   27455   24.703    0.457
12 13  8        0    0.000    0.000   27455   38.417    0.517
12 14  7        0    0.000    0.000   27455   24.201    0.400
12 14  8        0    0.000    0.000   27455   38.906    0.427
12 15  7        0    0.000    0.000   27455   28.289    0.469
12 15  8        0    0.000    0.000   27455   43.306    0.700
12 16  7        0    0.000    0.000   27455   26.145    0.352
12 16  8        0    0.000    0.000   27455   40.738    0.479
12 17  7        0    0.000    0.000   27455   26.765    0.434
12 17  8        0    0.000    0.000   27455   41.278    0.569
12 18  7        0    0.000    0.000   27455   28.667    0.472
12 18  8        0    0.000    0.000   27455   39.758    0.464
12 19  7        0    0.000    0.000   27455   25.000    0.056
12 19  8        0    0.000    0.000   27455   38.545    0.587
12 20  7        0    0.000    0.000   27455   27.026    0.166
12 20  8        0    0.000    0.000   27455   43.599    0.779
12 21  7        0    0.000    0.000   27455   22.038    0.192
12 21  8        0    0.000    0.000   27455   36.174    0.449
12 22  7        0    0.000    0.000   27455   21.001    0.066
12 22  8        0    0.000    0.000   27455   34.876    0.351
12 23  7        0    0.000    0.000   27455   20.971    0.189
12 23  8        0    0.000    0.000   27455   35.330    0.583
12 24  7        0    0.000    0.000   27455   16.957    0.218
12 24  8        0    0.000    0.000   27455   30.330    1.099
13  1  7        0    0.000    0.000   27455   22.068    0.252
13  1  8        0    0.000    0.000   27455   38.856    0.463
13  2  7        0    0.000    0.000   27455   25.467    0.735
13  2  8        0    0.000    0.000   27455   41.331    1.371
13  3  7        0    0.000    0.000   27455   21.000    0.035
13  3  8        0    0.000    0.000   27455   35.974    0.425
13  4  7        0    0.000    0.000   27455   29.002    0.123
13  4  8        0    0.000    0.000   27455   44.903    0.522
13  5  7        0    0.000    0.000   27455   28.000    0.079
13  5  8        0    0.000    0.000   27455   42.587    0.655
13  6  7        0    0.000    0.000   27455   22.264    0.464
13  6  8        0    0.000    0.000   27455   37.307    0.624
13  7  7        0    0.000    0.000   27455   27.384    0.487
13  7  8        0    0.000    0.000   27455   43.010    0.397
13  8  7        0    0.000    0.000   27455   25.999    0.046
13  8  8        0    0.000    0.000   27455   40.738    0.448
13  9  7        0    0.000    0.000   27455   22.005    0.372
13  9  8        0    0.000    0.000   27455   38.909    1.086
13 10  7        0    0.000    0.000   27455   27.319    0.535
13 10  8        0    0.000    0.000   27455   42.437    0.876
13 11  7        0    0.000    0.000   27455   26.666    0.473
13 11  8        0    0.000    0.000   27455   42.374    0.553
13 12  7        0    0.000    0.000   27455   22.539    0.499
13 12  8        0    0.000    0.000   27455   38.340    0.478
13 13  7        0    0.000    0.000   27455   18.001    0.070
13 13  8        0    0.000    0.000   27455    2.014    0.305
13 14  7        0    0.000    0.000   27455   24.201    0.401
13 14  8        0    0.000    0.000   27455   40.191    0.539
13 15  7        0    0.000    0.000   27455   15.988    0.146
13 15  8        0    0.000    0.000   27455   32.675    0.516
13 16  7        0    0.000    0.000   27455   27.935    0.305
13 16  8        0    0.000    0.000   27455   43.263    0.785
13 17  7        0    0.000    0.000   27455   23.000    0.032
13 17  8        0    0.000    0.000   27455   39.373    0.609
13 18  7        0    0.000    0.000   27455   16.120    0.443
13 18  8        0    0.000    0.000   27455   31.961    0.552
13 19  7        0    0.000    0.000   27455   27.673    0.476
13 19  8        0    0.000    0.000   27455   44.264    0.815
13 20  7        0    0.000    0.000   27455   23.934    0.268
13 20  8        0    0.000    0.000   27455   38.691    0.541
13 21  7        0    0.000    0.000   27455   17.001    0.059
13 21  8        0    0.000    0.000   27455   32.511    0.870
13 22  7        0    0.000    0.000   27455   26.025    0.196
13 22  8        0    0.000    0.000   27455   41.429    0.804
13 23  7        0    0.000    0.000   27455   22.001    0.055
13 23  8        0    0.000    0.000   27455   36.952    0.594
13 24  7        0    0.000    0.000   27455   16.998    0.063
13 24  8        0    0.000    0.000   27455   31.924    0.459
14  1  7        0    0.000    0.000   27455   13.998    0.124
14  1  8        0    0.000    0.000   27455   37.780    0.531
14  2  7        0    0.000    0.000   27455   25.136    0.402
14  2  8        0    0.000    0.000   27455   82.660    1.940
14  3  7        0    0.000    0.000   27455   17.001    0.060
14  3  8        0    0.000    0.000   27455   40.487    0.639
14  4  7        0    0.000    0.000   27455   18.739    0.447
14  4  8        0    0.000    0.000   27455   41.106    0.761
14  5  7        0    0.000    0.000   27455   17.161    0.388
14  5  8        0    0.000    0.000   27455   41.586    0.689
14  6  7        0    0.000    0.000   27455   18.001    0.039
14  6  8        0    0.000    0.000   27455   40.106    0.625
14  7  7        0    0.000    0.000   27455   20.000    0.046
14  7  8        0    0.000    0.000   27455   44.639    3.180
14  8  7        0    0.000    0.000   27455   19.000    0.026
14  8  8        0    0.000    0.000   27455   41.858    0.456
14  9  7        0    0.000    0.000   27455   18.000    0.016
14  9  8        0    0.000    0.000   27455   48.241    0.431
14 10  7        0    0.000    0.000   27455   14.003    0.217
14 10  8        0    0.000    0.000   27455   36.746    0.822
14 11  7        0    0.000    0.000   27455   16.005    0.566
14 11  8        0    0.000    0.000   27455   39.627    1.561
14 12  7        0    0.000    0.000   27455   15.001    0.074
14 12  8        0    0.000    0.000   27455   37.327    1.664
14 13  7        0    0.000    0.000   27455   16.023    0.154
14 13  8        0    0.000    0.000   27455   38.973    0.425
14 14  7        0    0.000    0.000   27455   14.996    0.167
14 14  8        0    0.000    0.000   27455   37.905    1.658
14 15  7        0    0.000    0.000   27455   15.036    0.250
14 15  8        0    0.000    0.000   27455   37.430    0.863
14 16  7        0    0.000    0.000   27455   13.001    0.107
14 16  8        0    0.000    0.000   27455   34.638    1.224
15  1  7        0    0.000    0.000   27455   16.103    0.305
15  1  8        0    0.000    0.000   27455   39.275    0.699
15  2  7        0    0.000    0.000   27455   26.995    0.165
15  2  8        0    0.000    0.000   27455   42.389    0.546
15  3  7        0    0.000    0.000   27455   15.001    0.105
15  3  8        0    0.000    0.000   27455   37.126    0.473
15  4  7        0    0.000    0.000   27455   30.909    0.291
15  4  8        0    0.000    0.000   27455   47.188    0.527
15  5  7        0    0.000    0.000   27455   14.451    0.499
15  5  8        0    0.000    0.000   27455   36.559    1.082
15  6  7        0    0.000    0.000   27455   33.243    0.511
15  6  8        0    0.000    0.000   27455   49.676    0.666
15  7  7        0    0.000    0.000   27455   14.208    0.410
15  7  8        0    0.000    0.000   27455   36.708    2.807
15  8  7        0    0.000    0.000   27455   31.049    0.226
15  8  8        0    0.000    0.000   27455   47.568    0.577
15  9  7        0    0.000    0.000   27455   10.998    0.060
15  9  8        0    0.000    0.000   27455   33.043    0.408
15 10  7        0    0.000    0.000   27455   30.123    0.335
15 10  8        0    0.000    0.000   27455   46.361    0.614
15 11  7        0    0.000    0.000   27455   10.997    0.067
15 11  8        0    0.000    0.000   27455   34.985    0.264
15 12  7        0    0.000    0.000   27455   30.010    0.253
15 12  8        0    0.000    0.000   27455   44.813    3.862
15 13  7        0    0.000    0.000   27455    9.975    0.155
15 13  8        0    0.000    0.000   27455   31.298    0.460
15 14  7        0    0.000    0.000   27455   32.002    0.161
15 14  8        0    0.000    0.000   27455   48.817    0.792
15 15  7        0    0.000    0.000   27455    9.001    0.047
15 15  8        0    0.000    0.000   27455   30.194    0.498
15 16  7        0    0.000    0.000   27455   32.844    0.405
15 16  8        0    0.000    0.000   27455   50.408    0.808
16  1  7        0    0.000    0.000   27455   30.971    0.239
16  1  8        0    0.000    0.000   27455   47.410    0.663
16  2  7        0    0.000    0.000   27455   33.988    0.142
16  2  8        0    0.000    0.000   27455   49.870    0.496
16  3  7        0    0.000    0.000   27455   33.002    0.130
16  3  8        0    0.000    0.000   27455   49.319    0.563
16  4  7        0    0.000    0.000   27455   32.991    0.228
16  4  8        0    0.000    0.000   27455   47.159    0.523
16  5  7        0    0.000    0.000   27455   28.997    0.076
16  5  8        0    0.000    0.000   27455   46.127    0.392
16  6  7        0    0.000    0.000   27455   30.008    0.101
16  6  8        0    0.000    0.000   27455   47.674    0.968
16  7  7        0    0.000    0.000   27455   29.030    0.187
16  7  8        0    0.000    0.000   27455   45.611    0.647
16  8  7        0    0.000    0.000   27455   27.005    0.153
16  8  8        0    0.000    0.000   27455   44.205    0.680
17  1  7        0    0.000    0.000   27455   26.033    0.197
17  1  8        0    0.000    0.000   27455   43.616    0.696
17  2  7        0    0.000    0.000   27455   29.730    0.447
17  2  8        0    0.000    0.000   27455   46.190    1.204
17  3  7        0    0.000    0.000   27455   26.894    0.406
17  3  8        0    0.000    0.000   27455   44.539    0.595
17  4  7        0    0.000    0.000   27455   26.003    0.158
17  4  8        0    0.000    0.000   27455   42.021    0.405
17  5  7        0    0.000    0.000   27455   20.017    0.138
17  5  8        0    0.000    0.000   27455   37.465    0.525
17  6  7        0    0.000    0.000   27455   22.002    0.165
17  6  8        0    0.000    0.000   27455   39.950    0.871
17  7  7        0    0.000    0.000   27455   21.859    0.354
17  7  8        0    0.000    0.000   27455   39.330    0.588
17  8  7        0    0.000    0.000   27455   18.867    0.340
17  8  8        0    0.000    0.000   27455   34.827    0.379
