Runs 37-40     2007
Total   0 ev.  Physical       0 ev.
-------------------------------------------------------------
 c  m  t   n_phys ave_phys sig_phys  n_gene ave_gene err_gene
-------------------------------------------------------------
4  1    7    0    0.000    0.000   0    24.49   2.68e-05  
4  2    7    0    0.000    0.000   0    26.58   1.45e-03  
4  3    7    0    0.000    0.000   0    28.50   6.00e-05  
4  4    7    0    0.000    0.000   0    30.49   7.59e-05  
4  5    7    0    0.000    0.000   0    26.49   5.37e-05  
4  6    7    0    0.000    0.000   0    30.49   1.11e-04  
4  7    7    0    0.000    0.000   0    30.49   4.65e-05  
4  8    7    0    0.000    0.000   0    28.77   2.32e-03  
4  9    7    0    0.000    0.000   0    28.92   2.56e-03  
4  10   7    0    0.000    0.000   0    29.76   2.28e-03  
4  11   7    0    0.000    0.000   0    29.49   8.49e-05  
4  12   7    0    0.000    0.000   0    30.49   1.61e-04  
4  13   7    0    0.000    0.000   0    26.41   1.40e-03  
4  14   7    0    0.000    0.000   0    25.49   2.68e-05  
4  15   7    0    0.000    0.000   0    24.49   2.68e-05  
4  16   7    0    0.000    0.000   0    26.52   7.54e-04  
4  19   7    0    0.000    0.000   0    23.49   1.04e-04  
4  20   7    0    0.000    0.000   0    20.50   2.44e-04  
4  21   7    0    0.000    0.000   0    16.43   1.28e-03  
4  22   7    0    0.000    0.000   0    18.51   6.26e-04  
4  23   7    0    0.000    0.000   0    16.50   8.05e-05  
4  24   7    0    0.000    0.000   0    17.50   3.86e-04  
5  1    7    0    0.000    0.000   0    21.49   2.68e-05  
5  2    7    0    0.000    0.000   0    25.49   6.00e-05  
5  3    7    0    0.000    0.000   0    28.85   2.48e-03  
5  4    7    0    0.000    0.000   0    29.25   2.21e-03  
5  5    7    0    0.000    0.000   0    26.49   0.00e+00  
5  6    7    0    0.000    0.000   0    30.49   2.68e-05  
5  7    7    0    0.000    0.000   0    29.49   6.00e-05  
5  8    7    0    0.000    0.000   0    30.15   2.45e-03  
5  9    7    0    0.000    0.000   0    26.00   2.59e-03  
5  10   7    0    0.000    0.000   0    27.36   1.77e-03  
5  11   7    0    0.000    0.000   0    28.49   9.30e-05  
5  12   7    0    0.000    0.000   0    23.49   3.80e-05  
5  13   7    0    0.000    0.000   0    22.49   3.80e-05  
5  14   7    0    0.000    0.000   0    21.50   5.07e-04  
5  15   7    0    0.000    0.000   0    24.49   8.05e-05  
5  16   7    0    0.000    0.000   0    22.49   0.00e+00  
5  19   7    0    0.000    0.000   0    20.50   3.88e-04  
5  20   7    0    0.000    0.000   0    19.50   8.90e-05  
5  21   7    0    0.000    0.000   0    16.82   2.42e-03  
5  22   7    0    0.000    0.000   0    14.56   1.26e-03  
5  23   7    0    0.000    0.000   0    14.50   8.49e-05  
5  24   7    0    0.000    0.000   0    16.50   1.00e-04  
6  1    7    0    0.000    0.000   0    25.49   2.31e-04  
6  2    7    0    0.000    0.000   0    27.49   0.00e+00  
6  3    7    0    0.000    0.000   0    34.38   1.64e-03  
6  4    7    0    0.000    0.000   0    34.43   1.29e-03  
6  5    7    0    0.000    0.000   0    28.47   8.42e-04  
6  6    7    0    0.000    0.000   0    32.48   5.02e-04  
6  7    7    0    0.000    0.000   0    32.49   1.04e-04  
6  8    7    0    0.000    0.000   0    30.65   1.90e-03  
6  9    7    0    0.000    0.000   0    27.49   3.80e-05  
6  10   7    0    0.000    0.000   0    29.56   1.30e-03  
6  11   7    0    0.000    0.000   0    30.25   2.22e-03  
6  12   7    0    0.000    0.000   0    30.49   3.80e-05  
6  13   7    0    0.000    0.000   0    25.49   0.00e+00  
6  14   7    0    0.000    0.000   0    26.67   1.96e-03  
6  15   7    0    0.000    0.000   0    25.49   0.00e+00  
6  16   7    0    0.000    0.000   0    22.75   2.26e-03  
6  17   7    0    0.000    0.000   0    25.44   1.14e-03  
6  18   7    0    0.000    0.000   0    24.64   1.83e-03  
6  19   7    0    0.000    0.000   0    23.49   3.80e-05  
6  20   7    0    0.000    0.000   0    23.49   8.05e-05  
6  21   7    0    0.000    0.000   0    19.50   2.68e-05  
6  22   7    0    0.000    0.000   0    18.50   4.65e-05  
6  23   7    0    0.000    0.000   0    19.11   2.52e-03  
6  24   7    0    0.000    0.000   0    18.50   2.68e-05  
7  1    7    0    0.000    0.000   0    16.50   0.00e+00  
7  2    7    0    0.000    0.000   0    21.49   2.68e-05  
7  3    7    0    0.000    0.000   0    24.51   5.50e-04  
7  4    7    0    0.000    0.000   0    26.58   1.44e-03  
7  5    7    0    0.000    0.000   0    21.49   1.68e-04  
7  6    7    0    0.000    0.000   0    26.49   2.68e-05  
7  7    7    0    0.000    0.000   0    25.49   4.65e-05  
7  8    7    0    0.000    0.000   0    24.56   1.33e-03  
7  9    7    0    0.000    0.000   0    22.49   1.14e-04  
7  10   7    0    0.000    0.000   0    23.49   6.57e-05  
7  11   7    0    0.000    0.000   0    23.82   2.44e-03  
7  12   7    0    0.000    0.000   0    19.50   1.92e-04  
7  13   7    0    0.000    0.000   0    19.52   7.60e-04  
7  14   7    0    0.000    0.000   0    17.50   7.10e-05  
7  15   7    0    0.000    0.000   0    20.49   2.02e-04  
7  16   7    0    0.000    0.000   0    18.50   0.00e+00  
7  17   7    0    0.000    0.000   0    18.22   2.32e-03  
7  18   7    0    0.000    0.000   0    19.50   8.05e-05  
7  19   7    0    0.000    0.000   0    16.50   2.68e-05  
7  20   7    0    0.000    0.000   0    18.22   2.32e-03  
7  21   7    0    0.000    0.000   0    10.50   9.68e-05  
7  22   7    0    0.000    0.000   0    14.50   1.42e-04  
7  23   7    0    0.000    0.000   0    12.50   1.23e-04  
7  24   7    0    0.000    0.000   0    14.50   2.68e-05  
8  1    7    0    0.000    0.000   0    24.89   2.53e-03  
8  2    7    0    0.000    0.000   0    26.87   2.51e-03  
8  3    7    0    0.000    0.000   0    30.81   2.42e-03  
8  4    7    0    0.000    0.000   0    32.49   2.09e-04  
8  5    7    0    0.000    0.000   0    30.38   1.66e-03  
8  6    7    0    0.000    0.000   0    29.49   4.03e-04  
8  7    7    0    0.000    0.000   0    29.52   8.90e-04  
8  8    7    0    0.000    0.000   0    32.50   4.25e-04  
8  9    7    0    0.000    0.000   0    28.47   7.06e-04  
8  10   7    0    0.000    0.000   0    29.49   1.74e-04  
8  11   7    0    0.000    0.000   0    29.49   6.57e-05  
8  12   7    0    0.000    0.000   0    33.49   0.00e+00  
8  13   7    0    0.000    0.000   0    26.19   2.39e-03  
8  14   7    0    0.000    0.000   0    26.49   8.90e-05  
8  15   7    0    0.000    0.000   0    23.52   8.18e-04  
8  16   7    0    0.000    0.000   0    25.49   9.30e-05  
8  17   7    0    0.000    0.000   0    23.49   8.05e-05  
8  18   7    0    0.000    0.000   0    25.49   1.88e-04  
8  19   7    0    0.000    0.000   0    22.49   0.00e+00  
8  20   7    0    0.000    0.000   0    23.49   0.00e+00  
8  21   7    0    0.000    0.000   0    19.46   8.98e-04  
8  22   7    0    0.000    0.000   0    16.50   1.65e-04  
8  23   7    0    0.000    0.000   0    19.44   1.18e-03  
8  24   7    0    0.000    0.000   0    19.50   0.00e+00  
9  1    7    0    0.000    0.000   0    25.44   1.17e-03  
9  2    7    0    0.000    0.000   0    27.42   1.40e-03  
9  3    7    0    0.000    0.000   0    30.49   3.42e-04  
9  4    7    0    0.000    0.000   0    31.49   2.06e-04  
9  5    7    0    0.000    0.000   0    29.49   1.00e-04  
9  6    7    0    0.000    0.000   0    30.49   1.78e-04  
9  7    7    0    0.000    0.000   0    31.48   5.82e-04  
9  8    7    0    0.000    0.000   0    32.00   0.00e+00  
9  9    7    0    0.000    0.000   0    30.49   6.00e-05  
9  10   7    0    0.000    0.000   0    33.47   7.72e-04  
9  11   7    0    0.000    0.000   0    29.49   6.00e-05  
9  12   7    0    0.000    0.000   0    29.49   3.80e-05  
9  13   7    0    0.000    0.000   0    26.49   2.68e-05  
9  14   7    0    0.000    0.000   0    26.70   2.11e-03  
9  15   7    0    0.000    0.000   0    27.34   1.86e-03  
9  16   7    0    0.000    0.000   0    25.00   -1  
9  17   7    0    0.000    0.000   0    24.49   1.37e-04  
9  18   7    0    0.000    0.000   0    23.49   1.17e-04  
9  19   7    0    0.000    0.000   0    23.49   2.11e-04  
9  20   7    0    0.000    0.000   0    23.47   8.28e-04  
9  21   7    0    0.000    0.000   0    21.49   7.10e-05  
9  22   7    0    0.000    0.000   0    20.50   1.65e-04  
9  23   7    0    0.000    0.000   0    17.50   2.21e-04  
9  24   7    0    0.000    0.000   0    18.56   1.24e-03  
10  1   7    0    0.000    0.000   0    17.50   1.00e-04  
10  2   7    0    0.000    0.000   0    22.52   7.49e-04  
10  3   7    0    0.000    0.000   0    26.49   2.63e-04  
10  4   7    0    0.000    0.000   0    27.41   1.45e-03  
10  5   7    0    0.000    0.000   0    20.76   2.30e-03  
10  6   7    0    0.000    0.000   0    16.50   8.05e-05  
10  7   7    0    0.000    0.000   0    25.33   1.92e-03  
10  8   7    0    0.000    0.000   0    25.49   2.68e-05  
10  9   7    0    0.000    0.000   0    21.50   1.17e-04  
10  10  7    0    0.000    0.000   0    24.53   9.61e-04  
10  11  7    0    0.000    0.000   0    21.49   7.59e-05  
10  12  7    0    0.000    0.000   0    23.49   0.00e+00  
10  13  7    0    0.000    0.000   0    18.79   2.36e-03  
10  14  7    0    0.000    0.000   0    18.54   1.10e-03  
10  15  7    0    0.000    0.000   0    18.50   1.20e-04  
10  16  7    0    0.000    0.000   0    15.74   2.21e-03  
10  17  7    0    0.000    0.000   0    16.09   2.54e-03  
10  18  7    0    0.000    0.000   0    17.89   2.54e-03  
10  19  7    0    0.000    0.000   0    17.50   1.78e-04  
10  20  7    0    0.000    0.000   0    14.13   2.49e-03  
10  21  7    0    0.000    0.000   0    13.50   4.65e-05  
10  22  7    0    0.000    0.000   0    11.46   9.77e-04  
10  23  7    0    0.000    0.000   0    10.50   8.49e-05  
10  24  7    0    0.000    0.000   0    10.50   1.11e-04  
11  1   7    0    0.000    0.000   0    21.49   1.93e-04  
11  2   7    0    0.000    0.000   0    28.49   7.59e-05  
11  3   7    0    0.000    0.000   0    30.10   2.55e-03  
11  4   7    0    0.000    0.000   0    31.50   3.37e-04  
11  5   7    0    0.000    0.000   0    29.49   1.82e-04  
11  6   7    0    0.000    0.000   0    29.49   1.97e-04  
11  7   7    0    0.000    0.000   0    29.81   2.42e-03  
11  8   7    0    0.000    0.000   0    28.45   1.08e-03  
11  9   7    0    0.000    0.000   0    27.77   2.34e-03  
11  10  7    0    0.000    0.000   0    30.42   1.34e-03  
11  11  7    0    0.000    0.000   0    26.49   2.21e-04  
11  12  7    0    0.000    0.000   0    27.52   8.19e-04  
11  13  7    0    0.000    0.000   0    22.49   0.00e+00  
11  14  7    0    0.000    0.000   0    26.24   2.26e-03  
11  15  7    0    0.000    0.000   0    23.50   3.69e-04  
11  16  7    0    0.000    0.000   0    22.57   1.36e-03  
11  17  7    0    0.000    0.000   0    25.49   1.57e-04  
11  18  7    0    0.000    0.000   0    23.69   2.07e-03  
11  19  7    0    0.000    0.000   0    21.50   1.34e-04  
11  20  7    0    0.000    0.000   0    20.31   2.04e-03  
11  21  7    0    0.000    0.000   0    22.39   1.62e-03  
11  22  7    0    0.000    0.000   0    18.50   2.87e-04  
11  23  7    0    0.000    0.000   0    17.50   2.31e-04  
11  24  7    0    0.000    0.000   0    18.12   2.52e-03  
12  1   7    0    0.000    0.000   0    25.49   2.52e-04  
12  2   7    0    0.000    0.000   0    30.61   1.71e-03  
12  3   7    0    0.000    0.000   0    31.53   9.70e-04  
12  4   7    0    0.000    0.000   0    34.45   9.90e-04  
12  5   7    0    0.000    0.000   0    27.50   2.67e-04  
12  6   7    0    0.000    0.000   0    35.49   3.19e-04  
12  7   7    0    0.000    0.000   0    31.54   1.14e-03  
12  8   7    0    0.000    0.000   0    30.49   1.56e-04  
12  9   7    0    0.000    0.000   0    28.49   2.36e-04  
12  10  7    0    0.000    0.000   0    32.52   8.66e-04  
12  11  7    0    0.000    0.000   0    33.09   2.55e-03  
12  12  7    0    0.000    0.000   0    31.32   1.95e-03  
12  13  7    0    0.000    0.000   0    24.49   1.34e-04  
12  14  7    0    0.000    0.000   0    24.29   2.10e-03  
12  15  7    0    0.000    0.000   0    28.31   2.02e-03  
12  16  7    0    0.000    0.000   0    26.43   1.28e-03  
12  17  7    0    0.000    0.000   0    25.50   4.00e-04  
12  18  7    0    0.000    0.000   0    28.28   2.12e-03  
12  19  7    0    0.000    0.000   0    24.49   1.88e-04  
12  20  7    0    0.000    0.000   0    26.50   3.68e-04  
12  21  7    0    0.000    0.000   0    21.50   1.44e-04  
12  22  7    0    0.000    0.000   0    20.50   2.64e-04  
12  23  7    0    0.000    0.000   0    20.49   1.37e-04  
12  24  7    0    0.000    0.000   0    15.50   2.13e-04  
13  1   7    0    0.000    0.000   0    56.48   6.32e-04  
13  2   7    0    0.000    0.000   0    28.49   5.14e-04  
13  3   7    0    0.000    0.000   0    24.14   3.06e-03  
13  4   7    0    0.000    0.000   0    31.08   3.13e-03  
13  5   7    0    0.000    0.000   0    30.49   3.59e-04  
13  6   7    0    0.000    0.000   0    24.48   6.65e-04  
13  7   7    0    0.000    0.000   0    29.49   2.25e-04  
13  8   7    0    0.000    0.000   0    28.49   5.71e-04  
13  9   7    0    0.000    0.000   0    24.49   2.71e-04  
13  10  7    0    0.000    0.000   0    31.14   3.06e-03  
13  11  7    0    0.000    0.000   0    30.96   3.18e-03  
13  12  7    0    0.000    0.000   0    26.50   6.76e-04  
13  13  7    0    0.000    0.000   0    20.50   1.46e-04  
13  14  7    0    0.000    0.000   0    28.49   1.89e-04  
13  15  7    0    0.000    0.000   0    19.29   2.59e-03  
13  16  7    0    0.000    0.000   0    30.47   8.99e-04  
13  17  7    0    0.000    0.000   0    25.49   9.02e-05  
13  18  7    0    0.000    0.000   0    18.60   2.00e-03  
13  19  7    0    0.000    0.000   0    29.49   2.14e-04  
13  20  7    0    0.000    0.000   0    25.50   4.88e-04  
13  21  7    0    0.000    0.000   0    19.50   3.23e-04  
13  23  7    0    0.000    0.000   0    26.44   1.45e-03  
13  24  7    0    0.000    0.000   0    20.34   2.33e-03  
14  1   7    0    0.000    0.000   0    19.70   2.58e-03  
14  2   7    0    0.000    0.000   0    23.49   3.78e-04  
14  3   7    0    0.000    0.000   0    23.49   6.99e-05  
14  4   7    0    0.000    0.000   0    25.49   4.08e-04  
14  5   7    0    0.000    0.000   0    24.40   1.87e-03  
14  6   7    0    0.000    0.000   0    25.49   3.81e-04  
14  7   7    0    0.000    0.000   0    27.06   3.15e-03  
14  8   7    0    0.000    0.000   0    25.49   2.32e-04  
14  9   7    0    0.000    0.000   0    25.49   3.20e-04  
14  10  7    0    0.000    0.000   0    19.57   1.69e-03  
14  11  7    0    0.000    0.000   0    22.50   3.18e-04  
14  12  7    0    0.000    0.000   0    21.49   3.54e-04  
14  13  7    0    0.000    0.000   0    23.49   1.89e-04  
14  14  7    0    0.000    0.000   0    21.50   2.28e-04  
14  15  7    0    0.000    0.000   0    22.49   0.00e+00  
14  16  7    0    0.000    0.000   0    18.50   1.21e-04  
15  1   7    0    0.000    0.000   0    21.50   1.46e-04  
15  3   7    0    0.000    0.000   0    20.68   2.49e-03  
15  5   7    0    0.000    0.000   0    20.50   3.79e-04  
15  7   7    0    0.000    0.000   0    19.50   8.07e-05  
15  9   7    0    0.000    0.000   0    14.87   3.07e-03  
15  11  7    0    0.000    0.000   0    15.40   1.90e-03  
15  13  7    0    0.000    0.000   0    14.50   3.13e-04  
15  15  7    0    0.000    0.000   0    4.50    4.04e-05  
4  1    8    0    0.000    0.000   0    36.39   1.59e-03  
4  2    8    0    0.000    0.000   0    39.69   2.33e-03  
4  3    8    0    0.000    0.000   0    38.50    -1  
4  4    8    0    0.000    0.000   0    41.59   2.37e-03  
4  5    8    0    0.000    0.000   0    36.90   2.55e-03  
4  6    8    0    0.000    0.000   0    38.99   2.59e-03  
4  7    8    0    0.000    0.000   0    41.65   1.92e-03  
4  8    8    0    0.000    0.000   0    40.79   2.38e-03  
4  9    8    0    0.000    0.000   0    39.42   1.41e-03  
4  10   8    0    0.000    0.000   0    38.97   2.59e-03  
4  11   8    0    0.000    0.000   0    38.50   2.43e-03  
4  12   8    0    0.000    0.000   0    39.24   2.30e-03  
4  13   8    0    0.000    0.000   0    34.74   2.23e-03  
4  14   8    0    0.000    0.000   0    35.90   2.55e-03  
4  15   8    0    0.000    0.000   0    33.78   2.35e-03  
4  16   8    0    0.000    0.000   0    35.73   2.20e-03  
4  19   8    0    0.000    0.000   0    34.98   2.59e-03  
4  20   8    0    0.000    0.000   0    30.24   2.26e-03  
4  21   8    0    0.000    0.000   0    25.17   2.43e-03  
4  22   8    0    0.000    0.000   0    29.11   2.53e-03  
4  23   8    0    0.000    0.000   0    26.73   2.19e-03  
4  24   8    0    0.000    0.000   0    26.98   2.60e-03  
5  1    8    0    0.000    0.000   0    45.70   2.10e-03  
5  2    8    0    0.000    0.000   0    45.70   2.46e-03  
5  3    8    0    0.000    0.000   0    53.55   1.96e-03  
5  4    8    0    0.000    0.000   0    53.87   2.52e-03  
5  5    8    0    0.000    0.000   0    51.07   2.56e-03  
5  6    8    0    0.000    0.000   0    55.89   2.55e-03  
5  7    8    0    0.000    0.000   0    54.50   8.28e-04  
5  8    8    0    0.000    0.000   0    53.88   2.53e-03  
5  9    8    0    0.000    0.000   0    48.80   2.39e-03  
5  10   8    0    0.000    0.000   0    49.89   2.54e-03  
5  11   8    0    0.000    0.000   0    51.87   2.51e-03  
5  12   8    0    0.000    0.000   0    46.45   1.07e-03  
5  13   8    0    0.000    0.000   0    45.99   2.59e-03  
5  14   8    0    0.000    0.000   0    45.72   2.17e-03  
5  15   8    0    0.000    0.000   0    45.99   2.59e-03  
5  16   8    0    0.000    0.000   0    45.97   2.60e-03  
5  19   8    0    0.000    0.000   0    43.76   2.29e-03  
5  20   8    0    0.000    0.000   0    43.52   1.56e-03  
5  21   8    0    0.000    0.000   0    39.14   2.48e-03  
5  22   8    0    0.000    0.000   0    37.70   2.12e-03  
5  23   8    0    0.000    0.000   0    37.49   4.43e-04  
5  24   8    0    0.000    0.000   0    39.99   2.59e-03  
6  1    8    0    0.000    0.000   0    39.45   1.62e-03  
6  2    8    0    0.000    0.000   0    39.04   2.58e-03  
6  3    8    0    0.000    0.000   0    46.36   1.91e-03  
6  4    8    0    0.000    0.000   0    46.57   1.43e-03  
6  5    8    0    0.000    0.000   0    40.39   1.59e-03  
6  6    8    0    0.000    0.000   0    44.75   2.28e-03  
6  7    8    0    0.000    0.000   0    44.40   1.52e-03  
6  8    8    0    0.000    0.000   0    44.31   2.32e-03  
6  9    8    0    0.000    0.000   0    37.01   2.59e-03  
6  10   8    0    0.000    0.000   0    39.79   2.37e-03  
6  11   8    0    0.000    0.000   0    39.92   2.56e-03  
6  12   8    0    0.000    0.000   0    42.54   1.32e-03  
6  13   8    0    0.000    0.000   0    35.80   2.39e-03  
6  14   8    0    0.000    0.000   0    39.17   2.41e-03  
6  15   8    0    0.000    0.000   0    36.60   1.64e-03  
6  16   8    0    0.000    0.000   0    34.19   2.39e-03  
6  17   8    0    0.000    0.000   0    38.87   2.53e-03  
6  18   8    0    0.000    0.000   0    37.21   2.33e-03  
6  19   8    0    0.000    0.000   0    37.33   1.90e-03  
6  20   8    0    0.000    0.000   0    37.03   2.59e-03  
6  21   8    0    0.000    0.000   0    29.66   1.94e-03  
6  22   8    0    0.000    0.000   0    29.83   2.46e-03  
6  23   8    0    0.000    0.000   0    31.15   2.46e-03  
6  24   8    0    0.000    0.000   0    31.39   1.64e-03  
7  1    8    0    0.000    0.000   0    32.32   1.97e-03  
7  2    8    0    0.000    0.000   0    37.54   2.39e-03  
7  3    8    0    0.000    0.000   0    39.94   2.59e-03  
7  4    8    0    0.000    0.000   0    42.04   2.58e-03  
7  5    8    0    0.000    0.000   0    35.65   1.87e-03  
7  6    8    0    0.000    0.000   0    42.96   2.60e-03  
7  7    8    0    0.000    0.000   0    39.38   1.79e-03  
7  8    8    0    0.000    0.000   0    39.94   2.60e-03  
7  9    8    0    0.000    0.000   0    39.63   1.80e-03  
7  10   8    0    0.000    0.000   0    37.49   7.67e-04  
7  11   8    0    0.000    0.000   0    39.62   1.84e-03  
7  12   8    0    0.000    0.000   0    34.61   2.57e-03  
7  13   8    0    0.000    0.000   0    36.14   2.48e-03  
7  14   8    0    0.000    0.000   0    32.45   1.23e-03  
7  15   8    0    0.000    0.000   0    35.50   6.32e-04  
7  16   8    0    0.000    0.000   0    34.14   2.48e-03  
7  17   8    0    0.000    0.000   0    33.36   1.79e-03  
7  18   8    0    0.000    0.000   0    34.97   2.59e-03  
7  19   8    0    0.000    0.000   0    30.29   2.10e-03  
7  20   8    0    0.000    0.000   0    31.91   2.57e-03  
7  21   8    0    0.000    0.000   0    24.18   2.41e-03  
7  22   8    0    0.000    0.000   0    27.27   2.16e-03  
7  23   8    0    0.000    0.000   0    26.68   2.03e-03  
7  24   8    0    0.000    0.000   0    27.98   2.60e-03  
8  1    8    0    0.000    0.000   0    34.78   2.34e-03  
8  2    8    0    0.000    0.000   0    37.09   2.54e-03  
8  3    8    0    0.000    0.000   0    42.08   2.55e-03  
8  4    8    0    0.000    0.000   0    42.46   2.11e-03  
8  5    8    0    0.000    0.000   0    40.63   1.83e-03  
8  6    8    0    0.000    0.000   0    39.29   2.06e-03  
8  7    8    0    0.000    0.000   0    41.42   1.67e-03  
8  8    8    0    0.000    0.000   0    42.57   1.79e-03  
8  9    8    0    0.000    0.000   0    38.77   2.31e-03  
8  10   8    0    0.000    0.000   0    38.99   2.59e-03  
8  11   8    0    0.000    0.000   0    38.69   2.08e-03  
8  12   8    0    0.000    0.000   0    58.06   2.56e-03  
8  13   8    0    0.000    0.000   0    34.48   8.82e-04  
8  14   8    0    0.000    0.000   0    36.57   1.39e-03  
8  15   8    0    0.000    0.000   0    34.26   2.22e-03  
8  16   8    0    0.000    0.000   0    37.81   2.42e-03  
8  17   8    0    0.000    0.000   0    35.36   1.82e-03  
8  18   8    0    0.000    0.000   0    35.48   9.97e-04  
8  19   8    0    0.000    0.000   0    32.10   2.53e-03  
8  20   8    0    0.000    0.000   0    33.79   2.38e-03  
8  21   8    0    0.000    0.000   0    30.50   8.16e-04  
8  22   8    0    0.000    0.000   0    26.31   2.04e-03  
8  23   8    0    0.000    0.000   0    29.76   2.29e-03  
8  24   8    0    0.000    0.000   0    27.92   2.57e-03  
9  1    8    0    0.000    0.000   0    31.61   1.71e-03  
9  2    8    0    0.000    0.000   0    35.13   2.51e-03  
9  3    8    0    0.000    0.000   0    37.97   2.60e-03  
9  4    8    0    0.000    0.000   0    38.36   2.01e-03  
9  5    8    0    0.000    0.000   0    36.95   2.59e-03  
9  6    8    0    0.000    0.000   0    36.18   2.42e-03  
9  7    8    0    0.000    0.000   0    39.13   2.49e-03  
9  8    8    0    0.000    0.000   0    38.50   -1  
9  9    8    0    0.000    0.000   0    37.84   2.49e-03  
9  10   8    0    0.000    0.000   0    40.91   2.56e-03  
9  11   8    0    0.000    0.000   0    36.90   2.55e-03  
9  12   8    0    0.000    0.000   0    36.80   2.40e-03  
9  13   8    0    0.000    0.000   0    32.48   8.73e-04  
9  14   8    0    0.000    0.000   0    36.01   2.59e-03  
9  15   8    0    0.000    0.000   0    34.79   2.38e-03  
9  16   8    0    0.000    0.000   0    32.00   -1  
9  17   8    0    0.000    0.000   0    32.21   2.33e-03  
9  18   8    0    0.000    0.000   0    29.99   2.59e-03  
9  19   8    0    0.000    0.000   0    29.61   1.68e-03  
9  20   8    0    0.000    0.000   0    30.62   1.93e-03  
9  21   8    0    0.000    0.000   0    28.11   2.66e-03  
9  22   8    0    0.000    0.000   0    25.60   1.58e-03  
9  23   8    0    0.000    0.000   0    24.11   2.54e-03  
9  24   8    0    0.000    0.000   0    25.52   9.04e-04  
10  1   8    0    0.000    0.000   0    32.96   2.61e-03  
10  2   8    0    0.000    0.000   0    39.43   1.27e-03  
10  3   8    0    0.000    0.000   0    43.09   2.56e-03  
10  4   8    0    0.000    0.000   0    43.60   1.76e-03  
10  5   8    0    0.000    0.000   0    36.63   2.51e-03  
10  6   8    0    0.000    0.000   0    5.33    1.66e+00  
10  7   8    0    0.000    0.000   0    40.80   2.41e-03  
10  8   8    0    0.000    0.000   0    40.89   2.55e-03  
10  9   8    0    0.000    0.000   0    36.26   2.21e-03  
10  10  8    0    0.000    0.000   0    39.58   1.63e-03  
10  11  8    0    0.000    0.000   0    36.29   2.09e-03  
10  12  8    0    0.000    0.000   0    38.00   2.60e-03  
10  13  8    0    0.000    0.000   0    32.97   2.60e-03  
10  14  8    0    0.000    0.000   0    33.31   2.03e-03  
10  15  8    0    0.000    0.000   0    34.03   2.59e-03  
10  16  8    0    0.000    0.000   0    31.49   1.90e-03  
10  17  8    0    0.000    0.000   0    33.06   2.58e-03  
10  18  8    0    0.000    0.000   0    34.77   2.33e-03  
10  19  8    0    0.000    0.000   0    35.27   2.19e-03  
10  20  8    0    0.000    0.000   0    31.49   6.65e-04  
10  21  8    0    0.000    0.000   0    31.51   7.02e-04  
10  22  8    0    0.000    0.000   0    28.85   2.50e-03  
10  23  8    0    0.000    0.000   0    26.68   2.01e-03  
10  24  8    0    0.000    0.000   0    28.04   2.59e-03  
11  1   8    0    0.000    0.000   0    38.24   2.26e-03  
11  2   8    0    0.000    0.000   0    44.81   2.44e-03  
11  3   8    0    0.000    0.000   0    45.63   2.42e-03  
11  4   8    0    0.000    0.000   0    47.60   1.74e-03  
11  5   8    0    0.000    0.000   0    45.70   2.13e-03  
11  6   8    0    0.000    0.000   0    45.10   2.56e-03  
11  7   8    0    0.000    0.000   0    45.67   2.26e-03  
11  8   8    0    0.000    0.000   0    44.61   1.75e-03  
11  9   8    0    0.000    0.000   0    44.41   1.49e-03  
11  10  8    0    0.000    0.000   0    48.05   2.58e-03  
11  11  8    0    0.000    0.000   0    40.31   2.26e-03  
11  12  8    0    0.000    0.000   0    43.65   1.93e-03  
11  13  8    0    0.000    0.000   0    38.91   2.55e-03  
11  14  8    0    0.000    0.000   0    41.15   2.45e-03  
11  15  8    0    0.000    0.000   0    39.78   2.39e-03  
11  16  8    0    0.000    0.000   0    38.43   1.31e-03  
11  17  8    0    0.000    0.000   0    41.41   1.55e-03  
11  18  8    0    0.000    0.000   0    40.77   2.34e-03  
11  19  8    0    0.000    0.000   0    36.98   2.62e-03  
11  20  8    0    0.000    0.000   0    36.55   1.34e-03  
11  21  8    0    0.000    0.000   0    37.14   2.53e-03  
11  22  8    0    0.000    0.000   0    34.12   2.54e-03  
11  23  8    0    0.000    0.000   0    32.02   2.63e-03  
11  24  8    0    0.000    0.000   0    32.72   2.20e-03  
12  1   8    0    0.000    0.000   0    41.51   9.58e-04  
12  2   8    0    0.000    0.000   0    50.04   2.61e-03  
12  3   8    0    0.000    0.000   0    46.37   2.19e-03  
12  4   8    0    0.000    0.000   0    49.95   2.60e-03  
12  5   8    0    0.000    0.000   0    42.29   2.12e-03  
12  6   8    0    0.000    0.000   0    52.51   1.22e-03  
12  7   8    0    0.000    0.000   0    46.45   1.82e-03  
12  8   8    0    0.000    0.000   0    45.89   2.56e-03  
12  9   8    0    0.000    0.000   0    41.79   2.40e-03  
12  10  8    0    0.000    0.000   0    48.13   2.50e-03  
12  11  8    0    0.000    0.000   0    50.05   2.62e-03  
12  12  8    0    0.000    0.000   0    46.99   2.64e-03  
12  13  8    0    0.000    0.000   0    38.78   2.42e-03  
12  14  8    0    0.000    0.000   0    38.89   2.54e-03  
12  15  8    0    0.000    0.000   0    43.11   2.55e-03  
12  16  8    0    0.000    0.000   0    40.80   2.42e-03  
12  17  8    0    0.000    0.000   0    40.60   2.22e-03  
12  18  8    0    0.000    0.000   0    39.62   1.81e-03  
12  19  8    0    0.000    0.000   0    38.39   1.66e-03  
12  20  8    0    0.000    0.000   0    43.52   1.24e-03  
12  21  8    0    0.000    0.000   0    36.10   2.53e-03  
12  22  8    0    0.000    0.000   0    34.60   1.64e-03  
12  23  8    0    0.000    0.000   0    35.04   2.63e-03  
12  24  8    0    0.000    0.000   0    25.17   2.46e-03  
13  1   8    0    0.000    0.000   0    196.16  2.94e-03  
13  2   8    0    0.000    0.000   0    43.92   3.23e-03  
13  3   8    0    0.000    0.000   0    38.67   2.52e-03  
13  4   8    0    0.000    0.000   0    46.27   2.68e-03  
13  5   8    0    0.000    0.000   0    44.91   3.18e-03  
13  6   8    0    0.000    0.000   0    38.81   2.99e-03  
13  7   8    0    0.000    0.000   0    44.45   2.17e-03  
13  8   8    0    0.000    0.000   0    42.95   3.18e-03  
13  9   8    0    0.000    0.000   0    40.86   3.14e-03  
13  10  8    0    0.000    0.000   0    46.16   3.62e-03  
13  11  8    0    0.000    0.000   0    47.51   3.83e-03  
13  12  8    0    0.000    0.000   0    43.74   4.83e-03  
13  13  8    0    0.000    0.000   0    5.45    1.35e-03  
13  14  8    0    0.000    0.000   0    43.46   1.86e-03  
13  15  8    0    0.000    0.000   0    35.53   1.20e-03  
13  16  8    0    0.000    0.000   0    45.39   2.15e-03  
13  17  8    0    0.000    0.000   0    41.36   2.76e-03  
13  18  8    0    0.000    0.000   0    34.29   2.67e-03  
13  19  8    0    0.000    0.000   0    45.83   3.02e-03  
13  20  8    0    0.000    0.000   0    40.42   2.52e-03  
13  21  8    0    0.000    0.000   0    34.68   2.57e-03  
13  23  8    0    0.000    0.000   0    40.39   2.24e-03  
13  24  8    0    0.000    0.000   0    34.78   2.90e-03  
14  1   8    0    0.000    0.000   0    43.24   3.16e-03  
14  2   8    0    0.000    0.000   0    43.22   2.89e-03  
14  3   8    0    0.000    0.000   0    45.50   1.60e-03  
14  4   8    0    0.000    0.000   0    47.79   2.97e-03  
14  5   8    0    0.000    0.000   0    47.58   3.23e-03  
14  6   8    0    0.000    0.000   0    46.89   3.15e-03  
14  7   8    0    0.000    0.000   0    51.23   2.95e-03  
14  8   8    0    0.000    0.000   0    48.54   3.39e-03  
14  9   8    0    0.000    0.000   0    59.53   4.28e-03  
14  10  8    0    0.000    0.000   0    42.19   2.97e-03  
14  11  8    0    0.000    0.000   0    45.72   2.90e-03  
14  12  8    0    0.000    0.000   0    43.08   3.19e-03  
14  13  8    0    0.000    0.000   0    45.43   3.13e-03  
14  14  8    0    0.000    0.000   0    44.14   3.10e-03  
14  15  8    0    0.000    0.000   0    45.66   2.40e-03  
14  16  8    0    0.000    0.000   0    39.96   3.18e-03  
15  1   8    0    0.000    0.000   0    44.36   2.56e-03  
15  3   8    0    0.000    0.000   0    42.47   2.51e-03  
15  5   8    0    0.000    0.000   0    41.83   3.03e-03  
15  7   8    0    0.000    0.000   0    41.35   2.51e-03  
15  9   8    0    0.000    0.000   0    36.80   2.95e-03  
15  11  8    0    0.000    0.000   0    38.78   2.92e-03  
15  13  8    0    0.000    0.000   0    35.70   2.59e-03  
15  15  8    0    0.000    0.000   0    155.46  0.00e+00  
