###########################################################
#$Id: pied_chiosi_e416a.dat,v 1.1 2006/03/20 01:13:45 franklan Exp $
#Piédestaux pour ChIo/Si, manip E416a
#Extraits du run 1000
#Chaque spectre fitté avec une gaussienne
#Format du fichier:
# nom_du_parametre moyenne erreur_sur_moyenne largeur erreur_sur_moyenne chi_square NDF
###########################################################
CI_0401_GG 37.8293 0.0673345 9.4735 0.0483476 96.4393 75
CI_0401_PG 43.3647 0.00573661 0.810196 0.00416633 12.9188 6
CI_0403_GG 34.8803 0.057649 8.13823 0.0413193 54.3525 59
CI_0403_PG 40.5502 0.00515468 0.726438 0.00356402 13.6532 5
CI_0405_GG 36.435 0.0655743 9.23447 0.0459196 93.5306 71
CI_0405_PG 40.8548 0.00556234 0.785265 0.00407572 13.0029 4
CI_0407_GG 32.9729 0.0585728 8.24917 0.0420175 72.516 62
CI_0407_PG 41.761 0.00516823 0.731074 0.00357137 6.33863 5
CI_0409_GG 56.1576 0.0563929 7.96284 0.0397113 58.5793 61
CI_0409_PG 44.0785 0.00506972 0.712273 0.00350756 28.4414 4
CI_0411_GG 53.9314 0.0523142 7.38962 0.0372359 46.8222 55
CI_0411_PG 43.0846 0.00492823 0.693756 0.00336932 31.0055 4
CI_0413_GG 54.4323 0.0663962 9.35994 0.048276 55.1008 68
CI_0413_PG 42.829 0.00569622 0.803197 0.00393491 14.9265 5
CI_0415_GG 52.761 0.0658774 9.30496 0.0464656 45.5475 71
CI_0415_PG 44.5663 0.00556562 0.785038 0.00386764 12.1537 5
CI_0417_GG 54.077 0.074599 10.5322 0.0529832 78.5796 82
CI_0417_PG 42.7265 0.00614159 0.867492 0.00443522 10.885 5
CI_0419_GG 52.1949 0.0656282 9.26939 0.0461687 58.048 72
CI_0419_PG 40.4126 0.0055978 0.790058 0.00394706 14.0944 5
CI_0421_GG 52.6596 0.055514 7.82649 0.0388593 60.0623 60
CI_0421_PG 40.9663 0.00516173 0.723869 0.00349785 31.633 4
CI_0603_GG 68.2672 0.0351529 4.96354 0.0245951 47.9211 40
CI_0603_PG 41.9393 0.00427618 0.576787 0.00319597 115.669 3
CI_0605_GG 59.8191 0.0381029 5.38482 0.0274014 35.9635 41
CI_0605_PG 41.2989 0.00441074 0.617704 0.00282334 54.2914 3
CI_0607_GG 63.888 0.0528623 7.46981 0.0372563 34.6217 57
CI_0607_PG 41.7607 0.00505897 0.711626 0.00349017 19.2045 4
CI_0609_GG 60.8138 0.0341167 4.8174 0.0227327 66.4539 36
CI_0609_PG 43.5487 0.00445285 0.619417 0.00269429 53.9833 3
CI_0611_GG 66.2338 0.0365277 5.15895 0.0252359 43.521 39
CI_0611_PG 43.807 0.00453145 0.635622 0.00310811 28.2436 3
CI_0613_GG 53.8702 0.0373904 5.28467 0.0269348 23.3119 39
CI_0613_PG 41.5425 0.0047152 0.661472 0.00307161 28.9692 3
CI_0615_GG 54.6195 0.036032 5.09066 0.0239597 65.4477 40
CI_0615_PG 40.5243 0.00456669 0.636385 0.00289379 46.2796 3
CI_0619_GG 68.99 0.0356155 5.02264 0.024969 57.0652 39
CI_0619_PG 65.7129 0.0053575 0.730989 0.0033505 137.195 4
CI_0621_GG 63.9316 0.0335026 4.72801 0.0235711 29.152 35
CI_0621_PG 65.4015 0.00521931 0.721452 0.00322973 139.84 4
CI_0623_GG 69.3358 0.0385635 5.45236 0.0274108 30.6179 43
CI_0623_PG 68.4894 0.00528522 0.741138 0.00339507 72.4085 4
CI_0801_GG 68.7231 0.252558 32.6584 0.194679 267.217 90
CI_0801_PG 67.684 0.0156065 2.18905 0.00999947 84.6608 15
CI_0803_GG 69.9497 0.248981 32.6741 0.202107 323.825 90
CI_0803_PG 67.8156 0.0161164 2.27321 0.0113956 28.2025 15
CI_0805_GG 84.5277 0.243923 33.2808 0.179464 189.246 98
CI_0805_PG 67.9138 0.0163651 2.31433 0.011221 11.4954 16
CI_0807_GG 77.7143 0.269557 35.5683 0.214896 311.017 101
CI_0807_PG 65.6442 0.0171986 2.4265 0.0119967 22.8876 17
CI_0809_GG 80.7854 0.238384 32.6117 0.181033 135.131 97
CI_0809_PG 66.4761 0.0161385 2.27292 0.0111634 33.8181 15
CI_0811_GG 74.4813 0.48511 50.2312 0.387342 1073.08 124
CI_0811_PG 66.407 0.0231638 3.04379 0.0148575 613.86 20
CI_0813_GG 78.4992 0.476634 50.943 0.367106 733.679 84
CI_0813_PG 65.4458 0.0243232 3.26618 0.0166765 408.579 21
CI_0815_GG 67.6185 0.246487 32.2001 0.1973 281.268 90
CI_0815_PG 67.4407 0.0156101 2.18754 0.0105725 45.3989 15
CI_0817_GG 77.2496 0.232258 31.6989 0.180543 181.501 96
CI_0817_PG 66.1131 0.0153385 2.14344 0.00994935 62.1979 15
CI_0819_GG 73.1801 0.24809 32.9148 0.192649 261.743 93
CI_0819_PG 65.3304 0.0158974 2.2393 0.0110322 23.4384 15
CI_0821_GG 70.7544 0.257686 33.4249 0.203577 334.716 92
CI_0821_PG 65.1678 0.0160844 2.26993 0.0105687 53.2824 16
CI_0823_GG 69.2955 0.241809 31.726 0.183289 411.185 176
CI_0823_PG 64.4965 0.0158576 2.23973 0.00998555 67.2951 16
CI_1001_GG 84.0781 0.252558 34.3557 0.191564 218.915 101
CI_1001_PG 66.6066 0.0165775 2.34426 0.0114717 22.3681 18
CI_1003_GG 87.908 0.2248 30.8619 0.161102 182.185 95
CI_1003_PG 66.055 0.0151835 2.05721 0.00930622 204.211 14
CI_1005_GG 96.8435 0.238153 33.0983 0.167208 145.076 104
CI_1005_PG 66.9337 0.0161779 2.25282 0.0105015 85.1494 15
CI_1007_GG 86.494 0.257998 35.0361 0.191674 140.702 105
CI_1007_PG 65.7456 0.0171319 2.40674 0.011609 48.4014 16
CI_1009_GG 91.773 0.220679 30.7935 0.154425 161.192 100
CI_1009_PG 65.4522 0.0152491 2.14089 0.0101971 52.379 15
CI_1011_GG 92.8368 0.250708 33.7761 0.17437 434.414 104
CI_1011_PG 64.2425 0.017259 2.21834 0.00970633 543.968 16
CI_1013_GG 90.4759 0.223105 31.2113 0.163419 94.4095 102
CI_1013_PG 66.1948 0.015549 2.18623 0.0108109 37.1308 15
CI_1015_GG 96.3009 0.220245 30.2782 0.159834 185.514 93
CI_1015_PG 64.8142 0.0152421 2.08915 0.00987745 141.99 14
CI_1017_GG 109.256 0.2335 31.1476 0.175895 492.502 90
CI_1017_PG 69.1053 0.0160231 2.04802 0.00864874 551.046 14
CI_1019_GG 84.3494 0.2363 31.6025 0.15676 502.45 96
CI_1019_PG 66.3461 0.0162732 2.25763 0.0110963 127.097 13
CI_1021_GG 90.4635 0.233697 32.0369 0.161489 267.25 101
CI_1021_PG 64.2258 0.0160851 2.22271 0.010644 117.153 15
CI_1023_GG 87.3388 0.237067 31.8035 0.16422 439.753 97
CI_1023_PG 67.7605 0.0162563 2.17285 0.010053 323.355 15
CI_1201_GG 96.9945 0.223628 27.1953 0.141333 1414.44 86
CI_1201_PG 68.6271 0.0156844 1.96413 0.00843437 627.274 13
CI_1203_GG 94.3151 0.232871 32.0957 0.16961 171.464 100
CI_1203_PG 65.5581 0.0157384 2.12747 0.00941623 205.152 15
CI_1205_GG 86.2142 0.228501 31.6783 0.167433 114.975 100
CI_1205_PG 64.7216 0.0156273 2.20399 0.0106182 28.6228 16
CI_1207_GG 94.9743 0.248793 33.7945 0.175834 213.442 99
CI_1207_PG 65.1384 0.0167534 2.28919 0.0106532 208.804 16
#rien mesuré, zero tout le temps
#CI_1209_GG 0.5 369.691 1 1.36241 2.37423e-16 -2
#CI_1209_PG 0.5 369.691 1 1.36241 2.37423e-16 -2
CI_1211_GG 44.5373 0.638091 44.4737 0.419019 2580.56 97
#gros pic a zero
#CI_1211_PG 0.555121 0.0901773 0.332327 0.0336809 264.999 5
CI_1213_GG 56.2527 0.308562 34.4978 0.248122 737.072 88
#gros pic a zero
#CI_1213_PG 0.649743 0.00942379 0.116576 0.00742539 122 3
CI_1215_GG 42.739 0.26346 27.8501 0.206671 1222.99 137
#gros pic a zero
#CI_1215_PG 0.699892 0.0325188 0.27811 0.0151056 171 2
CI_1217_GG 47.6491 0.317934 32.3344 0.251171 1417.37 161
#gros pic a zero
#CI_1217_PG 0.604964 0.00463643 0.0683387 0.00304538 47 1
CI_1219_GG 53.5577 0.308697 33.3667 0.234416 999.04 84
#gros pic a zero
#CI_1219_PG 0.711966 0.0122559 0.250851 0.00536409 96 4
CI_1221_GG 52.4374 0.285194 31.9404 0.227476 1017.73 160
#gros pic a zero
#CI_1221_PG 0.564718 0.00168523 0.0323044 0.000846588 14 0
CI_1223_GG 40.4852 0.365962 32.0299 0.265215 1988.35 147
#gros pic a zero
#CI_1223_PG 0.649411 0.00934034 0.11594 0.00733711 125 2
#rien mesuré, zero tout le temps
#CI_1601_GG 0.5 369.691 1 1.36241 2.37423e-16 -2
#CI_1601_PG 0.5 369.691 1 1.36241 2.37423e-16 -2
#CI_1602_GG 0.5 369.691 1 1.36241 2.37423e-16 -2
#CI_1602_PG 0.5 369.691 1 1.36241 2.37423e-16 -2
#CI_1603_GG 0.5 369.691 1 1.36241 2.37423e-16 -2
#CI_1603_PG 0.5 369.691 1 1.36241 2.37423e-16 -2
SI75_10_GG 21.1998 0.0104944 1.48494 0.00740006 2.59338 10
SI75_10_PG 34.6366 0.00438165 0.614999 0.00284086 11.0607 3
SILI_10_GG 20.2549 0.0103372 1.46254 0.0072182 7.19295 10
SILI_10_PG 35.1397 0.0042617 0.606457 0.00311371 1.95937 3
SI75_11_GG 10.985 0.0101694 1.43496 0.00724573 13.7192 9
SI75_11_PG 36.2545 0.00432266 0.606281 0.00292126 52.788 3
SILI_11_GG 12.8122 0.0105362 1.49004 0.0075651 8.34932 10
SILI_11_PG 34.7546 0.00441047 0.619142 0.0029632 20.0396 3
SI75_12_GG 16.0872 0.0108001 1.52622 0.00759361 12.3297 11
SI75_12_PG 34.1818 0.00434703 0.612938 0.00321086 37.5824 4
SILI_12_GG 16.1213 0.0103039 1.45125 0.00669467 38.6412 10
SILI_12_PG 34.0644 0.00429294 0.61172 0.00312472 11.5066 4
#gros pic a zero
#SI75_13_GG 0.622171 0.00566045 0.0816069 0.0038276 95 0
SI75_13_PG 33.8057 0.00437301 0.610393 0.00305382 36.3849 3
SILI_13_GG 7.28637 0.0105837 1.49798 0.00765834 8.0196 12
SILI_13_PG 33.3561 0.00434028 0.609855 0.00285096 18.1337 3
#large pic a zero
#SI75_14_GG 1.14772 0.0293399 1.66608 0.014528 178.587 5
SI75_14_PG 32.9587 0.00422395 0.602803 0.0030929 14.0321 3
SILI_14_GG 11.4381 0.0103759 1.46735 0.0071877 9.40175 10
SILI_14_PG 32.6146 0.00440825 0.619541 0.00288251 6.74759 3
#large pic a zero
#SI75_15_GG 0.863443 0.0367857 1.71081 0.0178079 165.526 4
SI75_15_PG 32.8517 0.00427256 0.607845 0.00306823 4.45773 3
SILI_15_GG 18.6269 0.0101743 1.43804 0.00711922 9.12827 11
SILI_15_PG 30.8972 0.00435587 0.620186 0.00313851 3.19363 4
SI75_16_GG 7.12196 0.0104789 1.4829 0.0074873 15.0019 11
SI75_16_PG 32.0364 0.00425915 0.606751 0.00315264 10.7857 4
SILI_16_GG 10.7229 0.0108493 1.53476 0.00767007 7.91618 11
SILI_16_PG 31.6051 0.00443735 0.62274 0.00291157 9.40399 3
#un pic a zero, le fit n'est pas correct
#SI75_17_GG -2.33442 0.205632 2.26391 0.0507876 224.901 4
SI75_17_PG 32.17 0.00429027 0.609909 0.00294228 14.9702 4
SILI_17_GG 27.969 0.00902687 1.27704 0.00627082 3.96742 8
SILI_17_PG 32.7842 0.00438538 0.620635 0.00310246 2.10606 3
SI_0603_GG 4.39167 0.146371 6.83715 0.0817831 32.1222 23
#pic a zero
#SI_0603_PG -2.48026 0.776112 1.23687 0.116299 21.914 9
SI_0604_GG 15.5786 0.0375072 5.24899 0.0273424 53.9502 31
SI_0604_PG 0.260064 0.0309307 0.273329 0.0146897 25 11
SI_0605_GG 21.6641 0.0766418 7.0608 0.0911881 39 10
SI_0605_PG 0.0791552 0.0260998 0.328805 0.0103166 31 9
SI_0606_GG 24.5486 0.0434554 6.1257 0.0316795 132.766 43
SI_0606_PG 0.344134 0.0510188 0.281198 0.0134623 28 11
SI_0607_GG 27.2227 0.0426808 5.99932 0.0294974 143.876 52
SI_0607_PG 0.673534 0.103505 0.433263 0.0301966 27 8
SI_0608_GG 18.9762 0.0564497 7.6926 0.0435219 53.9674 26
SI_0608_PG 0.664214 0.0451327 0.26573 0.0726536 18 7
SI_0609_GG 5.48727 0.936429 0.430875 89.1185 23 11
SI_0609_PG 0.273016 0.0393049 0.299338 0.0112759 3 1
SI_0610_GG 33.7949 0.0410777 5.61816 0.034255 107.508 20
SI_0610_PG 0.289866 0.0393564 0.288736 0.0118897 20 12
SI_0611_GG 29.9386 0.0479108 6.75098 0.0358423 102.946 22
SI_0611_PG 0.236105 0.0291979 0.27771 0.0144594 29 11
SI_0612_GG 33.7888 0.034401 4.85917 0.0242165 114.86 28
SI_0612_PG 0.272122 0.0319473 0.271082 0.0148155 27 11
SI_0613_GG 29.9947 0.0494593 6.98413 0.0356465 87.6591 17
SI_0613_PG 0.222311 0.0283407 0.280229 0.0142868 24 8
SI_0614_GG 19.2269 0.0541364 7.52775 0.0611498 37.9774 14
#gros pic a zero
#SI_0614_PG -0.0517523 0.0568909 0.559797 0.0286175 26.9999 11
SI_0615_GG 24.569 0.0494516 6.99079 0.035539 35.7198 22
SI_0615_PG 0.217953 0.0300607 0.291376 0.012452 21 11
SI_0616_GG 27.7707 0.110085 7.83799 0.0695468 31.9999 12
SI_0616_PG 0.502388 0.587571 0.232435 0.137102 26 10
SI_0619_GG 30.1476 0.0617123 8.63147 0.0557418 420.59 28
SI_0619_PG 0.41091 0.0340496 0.173952 0.0662146 30.9999 12
SI_0620_GG 20.4184 0.0404969 5.70527 0.0285574 123.873 47
SI_0620_PG 0.658797 0.0779447 0.343443 0.164908 27 7
#très bruité, pic a zéro mais très large spectre
#SI_0621_GG -391.064 8.53044 166.488 1.69247 8411.64 103
#SI_0621_PG -8.56431 0.202995 1.66284 0.0252473 1410.41 22
SI_0622_GG 27.4929 0.0324688 4.58739 0.0234173 79.4306 39
SI_0622_PG 0.664399 0.00865498 0.116535 0.00615929 10 5
SI_0623_GG 26.1017 0.071535 8.22793 0.0371249 40.7945 17
SI_0623_PG 0.507218 0.409016 0.170168 14.6985 29 13
SI_0624_GG 24.6258 0.0461846 6.67778 0.0382813 35.7808 15
SI_0624_PG 0.34607 1.08009 0.482711 0.22609 19 8
SI_0703_GG 40.1369 0.0612338 0.282489 0.117428 910 16
SI_0703_PG 0.282741 0.0395858 0.294075 0.0115574 33 11
SI_0704_GG 32.0949 0.0267217 3.51158 0.0151176 118.464 25
SI_0704_PG 0.250421 0.0323809 0.285271 0.0126741 28 9
SI_0705_GG 41.3054 20.0636 2.15647 103.427 18118.5 22
SI_0705_PG 0.286928 0.0358875 0.27824 0.012991 28 12
SI_0706_GG 35.0746 0.0305975 4.34023 0.0220418 124.927 40
SI_0706_PG 0.318925 0.0372672 0.262231 0.0152592 22 9
SI_0707_GG 27.9354 0.0495188 6.2563 0.0532768 27.7292 12
SI_0707_PG 0.458514 0.0364431 0.126652 0.109689 25 8
SI_0708_GG 36.9838 0.0740271 9.23785 0.0550154 53.2183 14
SI_0708_PG 0.502929 0.733445 0.22403 0.16474 31 13
SI_0709_GG 39.8777 77.1507 2.05611 88.2184 9212.23 22
SI_0709_PG 50.736 0.00414188 0.545638 0.00256827 187.852 21
SI_0710_GG 44.1331 0.231875 5.43686 0.100604 128 13
SI_0710_PG 49.4642 0.0039668 0.540486 0.00235345 143.939 22
SI_0711_GG 24.5632 0.885906 39.1708 0.535387 1225.82 35
SI_0711_PG 48.7534 0.0154656 2.00929 0.0121041 841.954 19
SI_0712_GG 31.4151 4.13087 2.27285 148.289 675 12
SI_0712_PG 49.5 4.8213e-06 0.000117322 1.55768e-05 6331.02 20
SI_0713_GG 38.6439 0.0734786 8.63902 0.0718032 38.1836 15
SI_0713_PG 49.2679 0.00423724 0.596368 0.00312206 149.065 21
SI_0714_GG 45.1411 0.0281715 3.95996 0.0192994 157.236 30
SI_0714_PG 50.6824 0.00423166 0.562086 0.00245163 235.631 19
SI_0715_GG 53.9991 0.0252196 0.0503268 0.84645 6076 23
SI_0715_PG 48.6542 0.00421854 0.565119 0.00243588 220.76 20
SI_0716_GG 57.5706 0.158559 7.01287 0.0485782 158 17
SI_0716_PG 48.6399 1111.84 0.581499 9.8831 561.558 16
SI_0719_GG 63.7404 0.0284166 4.00171 0.0210969 197.561 57
SI_0719_PG 48.8573 0.00407084 0.562784 0.00296049 184.563 20
SI_0720_GG 35.3094 0.0376657 4.69855 0.0196268 174.371 25
SI_0720_PG 44.7607 0.00413095 0.553502 0.00264384 220.571 23
SI_0721_GG 46.736 0.121997 16.599 0.107878 563.033 15
SI_0721_PG 48.9857 0.00790046 1.0951 0.00756426 854.592 24
SI_0722_GG 47.9811 0.108395 7.75955 0.201628 142.133 11
SI_0722_PG 50.1082 0.00755382 0.666333 0.0214899 140.978 12
SI_0723_GG 52.9493 0.0358104 5.10013 0.0652533 166.241 22
SI_0723_PG 50.2268 0.00390808 0.550629 0.00287222 159.129 22
SI_0724_GG 51.3533 0.138953 6.06398 0.0717463 154.994 17
SI_0724_PG 48.5965 0.00408801 0.553575 0.00238533 187.22 27
SI_0801_GG 57.118 0.198912 6.39284 0.105621 194.998 19
SI_0801_PG 51.4999 32.1914 0.00365688 8.80006 15693.5 27
SI_0802_GG 60.9087 0.0300316 3.8238 0.0168233 199.356 40
SI_0802_PG 49.5 1 1.1488e-05 7.56599 7164 26
SI_0803_GG 57.525 4.68846 1.06344 216.313 613 20
SI_0803_PG 50.1277 0.00895921 0.659734 0.02196 192.258 19
SI_0804_GG 59.9676 0.0853908 4.69094 0.0479611 191.968 29
SI_0804_PG 49.1496 0.00355444 0.5145 0.00305543 198.854 34
SI_0805_GG 62.5404 0.273807 7.99901 0.124892 183 15
SI_0805_PG 48.9505 0.119045 0.298381 0.620276 1266 18
SI_0806_GG 59.0248 0.14103 13.1005 0.0918679 48.9166 13
SI_0806_PG 50.9911 0.320669 0.195349 21.65 3471 18
SI_0807_GG 59.3501 0.0441873 4.38059 0.0203002 188.529 27
SI_0807_PG 49.1832 0.00362032 0.517548 0.00299373 192.707 29
SI_0808_GG 47.6966 1.54659 2.66253 12.5122 182 12
SI_0808_PG 44.9099 21.0107 0.27988 17.2403 17928.4 17
SI_0809_GG 67.0754 0.0525035 4.45883 0.0218852 143.926 26
SI_0809_PG 49.715 0.0041679 0.511639 0.00225572 283.489 27
SI_0810_GG 65.7307 0.0232076 3.26655 0.0165204 182.183 52
SI_0810_PG 50.0191 0.0033676 0.496559 0.00350482 218.721 28
SI_0811_GG 66.2414 0.139064 5.69516 0.041999 140 19
SI_0811_PG 49.7515 0.00396378 0.537024 0.00259036 165.99 29
SI_0812_GG 70.3572 0.0309961 3.91535 0.026983 155.841 33
SI_0812_PG 49.5587 0.0122298 0.0786523 0.0162614 5745 28
SI_0813_GG 66.563 0.0245977 3.43936 0.0169494 140.071 50
SI_0813_PG 50.9636 0.00365968 0.522585 0.00323434 160.793 29
SI_0814_GG 66.8055 0.0235465 3.3206 0.0166689 153.517 46
SI_0814_PG 51.0423 0.00348712 0.516825 0.00327537 149.375 30
SI_0815_GG 64.5848 0.0377376 5.71876 0.125256 118.41 23
SI_0815_PG 50.4975 0.00696945 0.0136166 0.0311082 11300 29
SI_0816_GG 77.2756 0.0306857 4.35837 0.0229738 138.969 38
SI_0816_PG 50.6303 0.00405656 0.563483 0.00257844 141.431 30
SI_0817_GG 35.0493 0.148091 0.267858 0.523864 598 18
SI_0817_PG 52.3486 0.00380212 0.512864 0.00234093 125.079 27
SI_0818_GG 28.8468 0.0794132 6.19561 0.0436924 41.8005 19
SI_0818_PG 52.4394 0.00390809 0.527927 0.00226162 132.946 26
SI_0819_GG 29.9509 0.0711048 6.48966 0.0510507 32.8954 18
SI_0819_PG 54.7737 0.00491773 0.52029 0.00261086 513.922 25
SI_0820_GG 29.359 0.231672 7.38472 0.157086 36 14
SI_0820_PG 53.4497 0.00990684 0.71483 0.00596586 124.812 15
SI_0821_GG 23.5796 0.159123 6.87256 0.340263 40 13
SI_0821_PG 54.0851 0.00757213 0.647298 0.0268085 152.343 16
SI_0822_GG 35.1145 0.0516082 6.89393 0.105167 108.127 17
SI_0822_PG 55.1803 0.00345161 0.495631 0.00303049 191.692 27
SI_0823_GG 37.0584 0.150615 4.81077 0.0695466 164.999 24
SI_0823_PG 53.2761 0.00370533 0.509707 0.00265379 189.596 35
SI_0824_GG 68.9991 0.496685 8.28171 0.22594 142 15
SI_0824_PG 52.2999 0.0270389 0.591227 0.0265043 142.988 19
SI_0901_GG 41.6526 28.4689 5.35913 237.021 13767.2 19
SI_0901_PG 53.4241 0.00405504 0.556124 0.00236611 257.708 31
SI_0902_GG 34.9577 0.0557948 6.99986 0.0991161 187.15 24
SI_0902_PG 55.3924 0.00404486 0.555737 0.00240106 217.418 30
SI_0903_GG 31.0995 0.0342172 4.48603 0.0191229 201.783 39
SI_0903_PG 52.9136 0.0041956 0.540508 0.00318291 338.187 33
SI_0904_GG 50.7444 0.283567 0.978037 0.982443 558 15
SI_0904_PG 53.5596 122.079 0.593335 25.8358 2361.87 20
SI_0905_GG 45.2924 0.718709 1.0126 2.77895 16323 21
SI_0905_PG 54.1612 0.00347767 0.503153 0.00309218 223.203 28
SI_0906_GG 35.6566 0.724814 1.90722 3.27211 2334 18
SI_0906_PG 54.1348 0.00663778 0.706229 0.0152293 199.529 18
SI_0907_GG 29.758 0.0268988 3.80781 0.0201105 200.043 39
SI_0907_PG 50.9708 0.00391687 0.520879 0.00345456 324.487 26
SI_0908_GG 37.391 0.276369 7.73492 0.098681 51 15
SI_0908_PG 54.0056 0.00409561 0.761065 0.0124223 151.124 18
SI_0909_GG 42.2046 0.0281743 4.04137 0.0225626 166.809 33
SI_0909_PG 54.3241 0.00385372 0.528755 0.00258504 149.456 25
SI_0910_GG 45.5515 0.43726 1.52231 1.09352 291 19
SI_0910_PG 53.9862 0.00371467 0.512423 0.00347391 303.458 30
SI_0911_GG 42.1002 0.0240487 3.38998 0.0169525 169.95 44
SI_0911_PG 54.172 0.00367026 0.525447 0.00298439 159.645 23
SI_0912_GG 46.9515 0.178179 6.60435 0.116215 200.987 19
SI_0912_PG 53.6806 0.00883885 0.727405 0.00927966 181.693 18
SI_0913_GG 41.79 0.0244157 3.43958 0.0174638 176.148 50
SI_0913_PG 51.6366 0.00407295 0.547242 0.00237174 193.62 30
SI_0914_GG 47.7997 0.176925 7.02571 0.160521 179.938 17
SI_0914_PG 52.8046 0.0616516 0.292659 0.0821162 14931 17
SI_0915_GG 36.6278 0.435838 1.66816 1.19275 181 18
SI_0915_PG 50.0592 0.00442454 0.701289 0.0174577 138.823 19
SI_0916_GG 25.622 0.0927378 4.89011 0.0594743 12206 16
SI_0916_PG 51.0344 0.003723 0.540309 0.00325568 191.04 30
SI_0917_GG 75.6947 0.0868927 9.60846 0.151797 168.156 15
SI_0917_PG 50.4342 0.0135787 0.659449 0.00998275 176.935 17
SI_0918_GG 71.9554 0.0244146 3.43723 0.0178458 221.594 53
SI_0918_PG 54.2589 0.00416143 0.574978 0.00260902 236.378 29
SI_0919_GG 83.6626 0.14254 5.56492 0.0597309 196.999 25
SI_0919_PG 48.573 0.00419066 0.578504 0.00234264 254.353 33
SI_0920_GG 85.3629 0.0589284 4.90205 0.098245 189.527 28
SI_0920_PG 52.7984 0.00417989 0.590454 0.00310667 175.82 33
SI_0921_GG 84.293 0.0242642 3.39408 0.0170977 243.424 61
SI_0921_PG 54.2619 0.00446122 0.619475 0.00252601 392.771 25
SI_0922_GG 50.7404 0.0275291 3.80782 0.0189002 205.999 37
SI_0922_PG 54.0127 0.00442473 0.619689 0.00314563 263.88 28
#improved fit by limiting fitted range by hand
#SI_0923_GG 103.799 15.921 6.99613 294.927 18137.1 27
SI_0923_GG 9.27764e+01 2.54146e-02 3.53705 1.47240e-02 4.14707969251758129e+02 11
SI_0923_PG 49.9272 0.00391528 0.562715 0.00320415 244.999 36
SI_0924_GG 79.058 0.278839 6.21946 0.082282 202 20
SI_0924_PG 56.2301 0.00734287 0.742687 0.0104525 196.598 19
