Run 8841  09-MAY-01 18:23:14 
Total    9938 ev.  Physical       0 ev.
-------------------------------------------------------------
 c  m  t   n_phys ave_phys sig_phys  n_gene ave_gene sig_gene
-------------------------------------------------------------
 1  1  4        0    0.000    0.000    9938   54.192    1.148
 1  1  5        0    0.000    0.000    9938   69.235    0.479
 1  2  4        0    0.000    0.000    9938   54.844    1.062
 1  2  5        0    0.000    0.000    9938   72.617    0.581
 1  3  4        0    0.000    0.000    9938   93.250    1.061
 1  3  5        0    0.000    0.000    9938   81.845    0.512
 1  4  4        0    0.000    0.000    9938   61.008    1.068
 1  4  5        0    0.000    0.000    9938   73.709    0.530
 1  5  4        0    0.000    0.000    9938   50.349    1.079
 1  5  5        0    0.000    0.000    9938   69.190    0.607
 1  6  4        0    0.000    0.000    9938   52.073    1.068
 1  6  5        0    0.000    0.000    9938   69.112    0.589
 1  7  4        0    0.000    0.000    9938   62.697    1.066
 1  7  5        0    0.000    0.000    9938   69.226    0.612
 1  8  4        0    0.000    0.000    9938   54.838    0.612
 1  8  5        0    0.000    0.000    9938   69.840    0.513
 1  9  4        0    0.000    0.000    9938   61.474    1.079
 1  9  5        0    0.000    0.000    9938   70.806    0.478
 1 10  4        0    0.000    0.000    9938   71.440    1.098
 1 10  5        0    0.000    0.000    9938   68.741    0.514
 1 11  4        0    0.000    0.000    9938   56.177    1.100
 1 11  5        0    0.000    0.000    9938   69.279    0.614
 1 12  4        0    0.000    0.000    9938   54.893    1.176
 1 12  5        0    0.000    0.000    9938   70.595    0.548
 2  1  1        0    0.000    0.000    9938   30.732   18.844
 2  1  2        0    0.000    0.000    9938   69.468    1.724
 2  1  4        0    0.000    0.000    9938   67.895    1.530
 2  1  5        0    0.000    0.000    9938   70.786    0.503
 2  3  1        0    0.000    0.000    9938   61.776  158.527
 2  3  2        0    0.000    0.000    9938   70.080   12.533
 2  3  4        0    0.000    0.000    9938   56.963   83.718
 2  3  5        0    0.000    0.000    9938   74.474    5.932
 2  5  1        0    0.000    0.000    9938   27.039   15.383
 2  5  2        0    0.000    0.000    9938   69.432    1.427
 2  5  4        0    0.000    0.000    9938   56.188    1.435
 2  5  5        0    0.000    0.000    9938   73.024    0.634
 2  7  1        0    0.000    0.000    9938   35.507    6.532
 2  7  2        0    0.000    0.000    9938   68.003    0.647
 2  7  4        0    0.000    0.000    9938   54.496    1.375
 2  7  5        0    0.000    0.000    9938   72.849    0.541
 2  9  1        0    0.000    0.000    9938   26.204    5.971
 2  9  2        0    0.000    0.000    9938   68.818    0.623
 2  9  4        0    0.000    0.000    9938   56.554    1.438
 2  9  5        0    0.000    0.000    9938   69.114    0.582
 2 11  1        0    0.000    0.000    9938   25.314    6.685
 2 11  2        0    0.000    0.000    9938   69.694    0.653
 2 11  4        0    0.000    0.000    9938   61.386    1.508
 2 11  5        0    0.000    0.000    9938   70.500    0.588
 2 13  1        0    0.000    0.000    9938   35.246    6.322
 2 13  2        0    0.000    0.000    9938   69.070    0.631
 2 13  4        0    0.000    0.000    9938   58.153    1.299
 2 13  5        0    0.000    0.000    9938   69.644    0.538
 2 15  1        0    0.000    0.000    9938   22.625    6.575
 2 15  2        0    0.000    0.000    9938   70.089    0.651
 2 15  4        0    0.000    0.000    9938   46.434    4.905
 2 15  5        0    0.000    0.000    9938   69.733    0.600
 2 17  1        0    0.000    0.000    9938   51.782    6.366
 2 17  2        0    0.000    0.000    9938   68.486    0.626
 2 17  4        0    0.000    0.000    9938   65.851    1.406
 2 17  5        0    0.000    0.000    9938   69.688    0.514
 2 19  1        0    0.000    0.000    9938   49.936    8.410
 2 19  2        0    0.000    0.000    9938   69.512    0.762
 2 19  4        0    0.000    0.000    9938   61.611    1.417
 2 19  5        0    0.000    0.000    9938   71.110    0.632
 2 21  1        0    0.000    0.000    9938   47.196    6.739
 2 21  2        0    0.000    0.000    9938   68.989    0.670
 2 21  4        0    0.000    0.000    9938   64.238   11.461
 2 21  5        0    0.000    0.000    9938   68.871    0.950
 2 23  1        0    0.000    0.000    9938   52.927    6.453
 2 23  2        0    0.000    0.000    9938   67.154    0.646
 2 23  4        0    0.000    0.000    9938   57.588    1.182
 2 23  5        0    0.000    0.000    9938   68.171    0.608
 3  1  4        0    0.000    0.000    9938   62.446    1.796
 3  1  5        0    0.000    0.000    9938   70.552    0.561
 3  2  4        0    0.000    0.000    9938   61.769    1.819
 3  2  5        0    0.000    0.000    9938   71.004    0.559
 3  3  4        0    0.000    0.000    9938   79.869  116.839
 3  3  5        0    0.000    0.000    9938   69.477    8.244
 3  4  4        0    0.000    0.000    9938   77.040  115.007
 3  4  5        0    0.000    0.000    9938   70.930    8.226
 3  5  4        0    0.000    0.000    9938   56.601    1.022
 3  5  5        0    0.000    0.000    9938   69.587    0.558
 3  6  4        0    0.000    0.000    9938   65.606    1.707
 3  6  5        0    0.000    0.000    9938   70.377    0.581
 3  7  4        0    0.000    0.000    9938   66.930    1.609
 3  7  5        0    0.000    0.000    9938   68.477    0.599
 3  8  4        0    0.000    0.000    9938   70.356    1.633
 3  8  5        0    0.000    0.000    9938   70.058    0.649
 3  9  4        0    0.000    0.000    9938   95.960    1.614
 3  9  5        0    0.000    0.000    9938   83.805    0.463
 3 10  4        0    0.000    0.000    9938  103.231    1.635
 3 10  5        0    0.000    0.000    9938   85.364    0.584
 3 11  4        0    0.000    0.000    9938   99.563    1.573
 3 11  5        0    0.000    0.000    9938   87.781    0.656
 3 12  4        0    0.000    0.000    9938  108.219    1.507
 3 12  5        0    0.000    0.000    9938   88.924    0.678
 3 13  4        0    0.000    0.000    9938   96.574    6.666
 3 13  5        0    0.000    0.000    9938   87.637    0.763
 3 14  4        0    0.000    0.000    9938  100.798    1.531
 3 14  5        0    0.000    0.000    9938   87.421    0.606
 3 15  4        0    0.000    0.000    9938  101.231    1.487
 3 15  5        0    0.000    0.000    9938   87.942    0.635
 3 16  4        0    0.000    0.000    9938   93.685    1.565
 3 16  5        0    0.000    0.000    9938   85.451    0.608
 3 17  4        0    0.000    0.000    9938  103.787    1.733
 3 17  5        0    0.000    0.000    9938   82.487    0.595
 3 18  4        0    0.000    0.000    9938  107.410    1.701
 3 18  5        0    0.000    0.000    9938   83.278    0.629
 3 19  4        0    0.000    0.000    9938  106.054    1.677
 3 19  5        0    0.000    0.000    9938   84.529    0.591
 3 20  4        0    0.000    0.000    9938  105.809    1.757
 3 20  5        0    0.000    0.000    9938   83.458    0.598
 3 21  4        0    0.000    0.000    9938  102.241   13.611
 3 21  5        0    0.000    0.000    9938   82.159    1.109
 3 22  4        0    0.000    0.000    9938   96.382   13.903
 3 22  5        0    0.000    0.000    9938   80.329    1.112
 3 23  4        0    0.000    0.000    9938  109.192    1.809
 3 23  5        0    0.000    0.000    9938   81.901    0.620
 3 24  4        0    0.000    0.000    9938  106.031    1.637
 3 24  5        0    0.000    0.000    9938   80.534    0.587
 4  1  1        0    0.000    0.000    9938   46.487    7.319
 4  1  2        0    0.000    0.000    9938   69.215    0.698
 4  1  4        0    0.000    0.000    9938  123.987    1.260
 4  1  5        0    0.000    0.000    9938   84.016    0.652
 4  2  4        0    0.000    0.000    9938  126.482    1.252
 4  2  5        0    0.000    0.000    9938   83.872    0.641
 4  3  1        0    0.000    0.000    9938   43.112    7.100
 4  3  2        0    0.000    0.000    9938   66.617    0.674
 4  3  4        0    0.000    0.000    9938  124.767    1.337
 4  3  5        0    0.000    0.000    9938   82.370    0.608
 4  4  4        0    0.000    0.000    9938  126.181    1.381
 4  4  5        0    0.000    0.000    9938   83.183    0.640
 4  5  1        0    0.000    0.000    9938   44.090    6.353
 4  5  2        0    0.000    0.000    9938   66.588    0.641
 4  5  4        0    0.000    0.000    9938  128.941    1.540
 4  5  5        0    0.000    0.000    9938   82.832    0.644
 4  6  4        0    0.000    0.000    9938  118.481    1.535
 4  6  5        0    0.000    0.000    9938   81.612    0.606
 4  7  1        0    0.000    0.000    9938   39.802    6.282
 4  7  2        0    0.000    0.000    9938   67.543    0.638
 4  7  4        0    0.000    0.000    9938  116.350    1.317
 4  7  5        0    0.000    0.000    9938   83.463    0.593
 4  8  4        0    0.000    0.000    9938  125.656    1.487
 4  8  5        0    0.000    0.000    9938   83.134    0.670
 4  9  1        0    0.000    0.000    9938   62.868    6.478
 4  9  2        0    0.000    0.000    9938   70.113    0.639
 4  9  4        0    0.000    0.000    9938  119.355   10.409
 4  9  5        0    0.000    0.000    9938   81.830    0.930
 4 10  4        0    0.000    0.000    9938  130.982   12.607
 4 10  5        0    0.000    0.000    9938   82.877    1.041
 4 11  1        0    0.000    0.000    9938   61.727    6.267
 4 11  2        0    0.000    0.000    9938   68.896    0.636
 4 11  4        0    0.000    0.000    9938  130.764    1.029
 4 11  5        0    0.000    0.000    9938   81.881    0.622
 4 12  4        0    0.000    0.000    9938  129.286    1.334
 4 12  5        0    0.000    0.000    9938   83.939    0.632
 4 13  1        0    0.000    0.000    9938   60.309    6.603
 4 13  2        0    0.000    0.000    9938   68.584    0.661
 4 13  4        0    0.000    0.000    9938  125.880    2.014
 4 13  5        0    0.000    0.000    9938   82.596    0.619
 4 14  4        0    0.000    0.000    9938  120.785    1.373
 4 14  5        0    0.000    0.000    9938   81.555    0.607
 4 15  1        0    0.000    0.000    9938   59.905    7.469
 4 15  2        0    0.000    0.000    9938   70.374    0.690
 4 15  4        0    0.000    0.000    9938  120.906    1.380
 4 15  5        0    0.000    0.000    9938   82.191    0.637
 4 16  4        0    0.000    0.000    9938  122.197    1.354
 4 16  5        0    0.000    0.000    9938   82.144    0.673
 4 17  1        0    0.000    0.000    9938   61.176    7.290
 4 17  2        0    0.000    0.000    9938   68.424    0.693
 4 17  4        0    0.000    0.000    9938  105.472    1.346
 4 17  5        0    0.000    0.000    9938   70.500    0.566
 4 18  4        0    0.000    0.000    9938   76.753    1.349
 4 18  5        0    0.000    0.000    9938   72.375    0.597
 4 19  1        0    0.000    0.000    9938   59.536    6.672
 4 19  2        0    0.000    0.000    9938   66.588    0.654
 4 19  4        0    0.000    0.000    9938   84.917    1.375
 4 19  5        0    0.000    0.000    9938   72.612    0.631
 4 20  4        0    0.000    0.000    9938   81.221    1.408
 4 20  5        0    0.000    0.000    9938   73.353    0.635
 4 21  1        0    0.000    0.000    9938   58.531    5.973
 4 21  2        0    0.000    0.000    9938   66.592    0.634
 4 21  4        0    0.000    0.000    9938   79.194    1.339
 4 21  5        0    0.000    0.000    9938   73.789    0.623
 4 22  4        0    0.000    0.000    9938   75.528    1.289
 4 22  5        0    0.000    0.000    9938   74.538    0.605
 4 23  1        0    0.000    0.000    9938   50.310    6.119
 4 23  2        0    0.000    0.000    9938   66.749    0.641
 4 23  4        0    0.000    0.000    9938   86.130    1.371
 4 23  5        0    0.000    0.000    9938   74.819    0.601
 4 24  4        0    0.000    0.000    9938   74.439    1.275
 4 24  5        0    0.000    0.000    9938   69.329    0.608
 5  1  4        0    0.000    0.000    9938   96.036    1.940
 5  1  5        0    0.000    0.000    9938   69.279    0.612
 5  2  4        0    0.000    0.000    9938   92.021    2.261
 5  2  5        0    0.000    0.000    9938   69.280    0.618
 5  3  4        0    0.000    0.000    9938   93.360    2.049
 5  3  5        0    0.000    0.000    9938   69.536    0.626
 5  4  4        0    0.000    0.000    9938   95.382    1.952
 5  4  5        0    0.000    0.000    9938   70.812    0.636
 5  5  4        0    0.000    0.000    9938   87.868    2.164
 5  5  5        0    0.000    0.000    9938   72.061    0.635
 5  6  4        0    0.000    0.000    9938   91.434    2.193
 5  6  5        0    0.000    0.000    9938   71.342    0.637
 5  7  4        0    0.000    0.000    9938   78.046    2.092
 5  7  5        0    0.000    0.000    9938   71.766    0.631
 5  8  4        0    0.000    0.000    9938   80.537    2.063
 5  8  5        0    0.000    0.000    9938   68.927    0.621
 5  9  4        0    0.000    0.000    9938  100.712   13.797
 5  9  5        0    0.000    0.000    9938   72.959    1.078
 5 10  4        0    0.000    0.000    9938  102.204   21.247
 5 10  5        0    0.000    0.000    9938   74.415    1.551
 5 11  4        0    0.000    0.000    9938  103.158    2.024
 5 11  5        0    0.000    0.000    9938   76.029    0.605
 5 12  4        0    0.000    0.000    9938  101.231    2.152
 5 12  5        0    0.000    0.000    9938   74.194    0.609
 5 13  4        0    0.000    0.000    9938  105.763    2.158
 5 13  5        0    0.000    0.000    9938   71.384    0.615
 5 14  4        0    0.000    0.000    9938  107.390    2.260
 5 14  5        0    0.000    0.000    9938   73.811    0.613
 5 15  4        0    0.000    0.000    9938   94.729    2.022
 5 15  5        0    0.000    0.000    9938   73.119    0.588
 5 16  4        0    0.000    0.000    9938   99.215    2.153
 5 16  5        0    0.000    0.000    9938   71.881    0.624
 5 17  4        0    0.000    0.000    9938   89.210    1.961
 5 17  5        0    0.000    0.000    9938   73.493    0.616
 5 18  4        0    0.000    0.000    9938   93.926    2.302
 5 18  5        0    0.000    0.000    9938   73.360    0.622
 5 19  4        0    0.000    0.000    9938   95.809    2.081
 5 19  5        0    0.000    0.000    9938   71.169    0.605
 5 20  4        0    0.000    0.000    9938  111.756    2.060
 5 20  5        0    0.000    0.000    9938   73.268    0.607
 5 21  4        0    0.000    0.000    9938  101.421    1.987
 5 21  5        0    0.000    0.000    9938   72.010    0.568
 5 22  4        0    0.000    0.000    9938   84.818    1.953
 5 22  5        0    0.000    0.000    9938   73.990    0.595
 5 23  4        0    0.000    0.000    9938   86.105    1.886
 5 23  5        0    0.000    0.000    9938   76.473    0.603
 5 24  4        0    0.000    0.000    9938   93.026    1.986
 5 24  5        0    0.000    0.000    9938   72.741    0.611
 6  1  1        0    0.000    0.000    9938   56.138    6.821
 6  1  2        0    0.000    0.000    9938   67.029    0.656
 6  1  4        0    0.000    0.000    9938    2.483    3.231
 6  1  5        0    0.000    0.000    9938   17.475    0.556
 6  2  4        0    0.000    0.000    9938   25.527    4.536
 6  2  5        0    0.000    0.000    9938   14.738    0.539
 6  3  1        0    0.000    0.000    9938   72.595    7.406
 6  3  2        0    0.000    0.000    9938   67.583    0.685
 6  3  4        0    0.000    0.000    9938   28.516   12.985
 6  3  5        0    0.000    0.000    9938   13.243    1.029
 6  4  4        0    0.000    0.000    9938   38.350   13.862
 6  4  5        0    0.000    0.000    9938   13.614    1.085
 6  5  1        0    0.000    0.000    9938   66.799    7.452
 6  5  2        0    0.000    0.000    9938   66.786    0.697
 6  5  4        0    0.000    0.000    9938   44.447    4.223
 6  5  5        0    0.000    0.000    9938   13.810    0.579
 6  6  4        0    0.000    0.000    9938   46.379    4.132
 6  6  5        0    0.000    0.000    9938   13.727    0.582
 6  7  1        0    0.000    0.000    9938   72.119    7.363
 6  7  2        0    0.000    0.000    9938   67.183    0.686
 6  7  4        0    0.000    0.000    9938   48.941    4.093
 6  7  5        0    0.000    0.000    9938   14.238    0.585
 6  8  4        0    0.000    0.000    9938   41.512    4.200
 6  8  5        0    0.000    0.000    9938   12.739    0.578
 6  9  1        0    0.000    0.000    9938   67.627    7.259
 6  9  2        0    0.000    0.000    9938   69.191    0.689
 6  9  4        0    0.000    0.000    9938    1.108    2.262
 6  9  5        0    0.000    0.000    9938    4.850    0.567
 6 10  4        0    0.000    0.000    9938   53.641    4.272
 6 10  5        0    0.000    0.000    9938   14.047    0.504
 6 11  1        0    0.000    0.000    9938   72.976    6.475
 6 11  2        0    0.000    0.000    9938   69.425    0.653
 6 11  4        0    0.000    0.000    9938   52.592    4.040
 6 11  5        0    0.000    0.000    9938   15.419    0.556
 6 12  4        0    0.000    0.000    9938   56.757    4.048
 6 12  5        0    0.000    0.000    9938   13.143    0.575
 6 13  1        0    0.000    0.000    9938   61.020    6.925
 6 13  2        0    0.000    0.000    9938   66.801    0.694
 6 13  4        0    0.000    0.000    9938   51.870   13.285
 6 13  5        0    0.000    0.000    9938   13.284    1.040
 6 14  4        0    0.000    0.000    9938   41.778   11.408
 6 14  5        0    0.000    0.000    9938   14.334    0.914
 6 15  1        0    0.000    0.000    9938   60.540    6.778
 6 15  2        0    0.000    0.000    9938   65.880    0.686
 6 15  4        0    0.000    0.000    9938   45.563    4.403
 6 15  5        0    0.000    0.000    9938   13.040    0.571
 6 16  4        0    0.000    0.000    9938   50.721    4.439
 6 16  5        0    0.000    0.000    9938   12.232    0.587
 6 17  1        0    0.000    0.000    9938   93.824    6.738
 6 17  2        0    0.000    0.000    9938   85.975    0.626
 6 17  4        0    0.000    0.000    9938    0.201    0.947
 6 17  5        0    0.000    0.000    9938    0.092    0.293
 6 18  4        0    0.000    0.000    9938   61.788    4.521
 6 18  5        0    0.000    0.000    9938   11.908    0.512
 6 19  1        0    0.000    0.000    9938   94.825    7.257
 6 19  2        0    0.000    0.000    9938   85.172    0.739
 6 19  4        0    0.000    0.000    9938   51.804    3.948
 6 19  5        0    0.000    0.000    9938   12.891    0.510
 6 20  4        0    0.000    0.000    9938   43.949    4.332
 6 20  5        0    0.000    0.000    9938   13.972    0.566
 6 21  1        0    0.000    0.000    9938   89.558    7.115
 6 21  2        0    0.000    0.000    9938   85.899    0.729
 6 21  4        0    0.000    0.000    9938   42.130    4.272
 6 21  5        0    0.000    0.000    9938   13.848    0.577
 6 22  4        0    0.000    0.000    9938   49.238    4.570
 6 22  5        0    0.000    0.000    9938   12.550    0.594
 6 23  1        0    0.000    0.000    9938   95.608    7.799
 6 23  2        0    0.000    0.000    9938   87.925    0.754
 6 23  4        0    0.000    0.000    9938   47.644    4.679
 6 23  5        0    0.000    0.000    9938   10.661    0.598
 6 24  4        0    0.000    0.000    9938   46.374    4.388
 6 24  5        0    0.000    0.000    9938   11.941    0.580
 7  1  4        0    0.000    0.000    9938   64.851    6.712
 7  1  5        0    0.000    0.000    9938   12.678    0.676
 7  2  4        0    0.000    0.000    9938   58.587    6.729
 7  2  5        0    0.000    0.000    9938   14.709    0.666
 7  3  4        0    0.000    0.000    9938   62.687   17.574
 7  3  5        0    0.000    0.000    9938   14.688    1.286
 7  4  4        0    0.000    0.000    9938   55.435   17.750
 7  4  5        0    0.000    0.000    9938   12.939    1.305
 7  5  4        0    0.000    0.000    9938   56.321    5.934
 7  5  5        0    0.000    0.000    9938   12.181    0.622
 7  6  4        0    0.000    0.000    9938   57.091    6.490
 7  6  5        0    0.000    0.000    9938   14.141    0.644
 7  7  4        0    0.000    0.000    9938   48.716   10.571
 7  7  5        0    0.000    0.000    9938   14.260    0.868
 7  8  4        0    0.000    0.000    9938   58.461    6.527
 7  8  5        0    0.000    0.000    9938   14.330    0.679
 7  9  4        0    0.000    0.000    9938   63.602    5.659
 7  9  5        0    0.000    0.000    9938   71.114    0.539
 7 10  4        0    0.000    0.000    9938   69.640    6.006
 7 10  5        0    0.000    0.000    9938   70.239    0.584
 7 11  4        0    0.000    0.000    9938   65.901    5.857
 7 11  5        0    0.000    0.000    9938   69.266    0.593
 7 12  4        0    0.000    0.000    9938   62.028    5.823
 7 12  5        0    0.000    0.000    9938   70.068    0.568
 7 13  4        0    0.000    0.000    9938   65.880   16.127
 7 13  5        0    0.000    0.000    9938   69.740    1.166
 7 14  4        0    0.000    0.000    9938   71.897   23.759
 7 14  5        0    0.000    0.000    9938   71.069    1.645
 7 15  4        0    0.000    0.000    9938   72.641    5.851
 7 15  5        0    0.000    0.000    9938   69.023    0.553
 7 16  4        0    0.000    0.000    9938   83.253    6.413
 7 16  5        0    0.000    0.000    9938   69.341    0.620
 7 17  4        0    0.000    0.000    9938   83.927    5.698
 7 17  5        0    0.000    0.000    9938   70.363    0.595
 7 18  4        0    0.000    0.000    9938   95.418    6.480
 7 18  5        0    0.000    0.000    9938   72.294    0.622
 7 19  4        0    0.000    0.000    9938   87.688    5.752
 7 19  5        0    0.000    0.000    9938   69.322    0.584
 7 20  4        0    0.000    0.000    9938   61.862    5.750
 7 20  5        0    0.000    0.000    9938   65.160    0.570
 7 21  4        0    0.000    0.000    9938   73.275    6.282
 7 21  5        0    0.000    0.000    9938   69.422    0.607
 7 22  4        0    0.000    0.000    9938   70.713    5.966
 7 22  5        0    0.000    0.000    9938   70.474    0.602
 7 23  4        0    0.000    0.000    9938   79.319    5.874
 7 23  5        0    0.000    0.000    9938   70.436    0.594
 7 24  4        0    0.000    0.000    9938   76.434    6.069
 7 24  5        0    0.000    0.000    9938   68.914    0.558
 8  1  1        0    0.000    0.000    9938   94.316   34.423
 8  1  2        0    0.000    0.000    9938   87.809    2.344
 8  1  4        0    0.000    0.000    9938   84.545    4.691
 8  1  5        0    0.000    0.000    9938   71.146    0.514
 8  2  4        0    0.000    0.000    9938   87.690    4.314
 8  2  5        0    0.000    0.000    9938   70.157    0.496
 8  3  1        0    0.000    0.000    9938   97.235   35.995
 8  3  2        0    0.000    0.000    9938   87.179    2.487
 8  3  4        0    0.000    0.000    9938   88.661    4.144
 8  3  5        0    0.000    0.000    9938   70.383    0.530
 8  4  4        0    0.000    0.000    9938   87.036    4.800
 8  4  5        0    0.000    0.000    9938   69.499    0.557
 8  5  1        0    0.000    0.000    9938  107.222   34.750
 8  5  2        0    0.000    0.000    9938   87.438    2.376
 8  5  4        0    0.000    0.000    9938   85.975    4.426
 8  5  5        0    0.000    0.000    9938   69.611    0.535
 8  6  4        0    0.000    0.000    9938   89.845    4.332
 8  6  5        0    0.000    0.000    9938   70.886    0.486
 8  7  1        0    0.000    0.000    9938   99.108   38.384
 8  7  2        0    0.000    0.000    9938   85.660    2.610
 8  7  4        0    0.000    0.000    9938   85.588    9.358
 8  7  5        0    0.000    0.000    9938   69.381    0.762
 8  8  4        0    0.000    0.000    9938   68.429    8.941
 8  8  5        0    0.000    0.000    9938   64.011    0.743
 8  9  1        0    0.000    0.000    9938  105.666   46.213
 8  9  2        0    0.000    0.000    9938   86.237    3.149
 8  9  4        0    0.000    0.000    9938   92.744    4.921
 8  9  5        0    0.000    0.000    9938   70.000    0.492
 8 10  4        0    0.000    0.000    9938   90.585    4.680
 8 10  5        0    0.000    0.000    9938   70.359    0.547
 8 11  1        0    0.000    0.000    9938  102.825   47.721
 8 11  2        0    0.000    0.000    9938   85.698    3.250
 8 11  4        0    0.000    0.000    9938   91.663    4.803
 8 11  5        0    0.000    0.000    9938   69.942    0.498
 8 12  4        0    0.000    0.000    9938   96.144    4.362
 8 12  5        0    0.000    0.000    9938   69.912    0.481
 8 13  1        0    0.000    0.000    9938  107.311   37.983
 8 13  2        0    0.000    0.000    9938   84.818    2.583
 8 13  4        0    0.000    0.000    9938   91.337    4.667
 8 13  5        0    0.000    0.000    9938   71.000    0.484
 8 14  4        0    0.000    0.000    9938   92.813    4.287
 8 14  5        0    0.000    0.000    9938   70.982    0.477
 8 15  1        0    0.000    0.000    9938   93.188   35.737
 8 15  2        0    0.000    0.000    9938   87.014    2.458
 8 15  4        0    0.000    0.000    9938   91.242    4.699
 8 15  5        0    0.000    0.000    9938   71.087    0.507
 8 16  4        0    0.000    0.000    9938  101.239    4.519
 8 16  5        0    0.000    0.000    9938   70.594    0.544
 8 17  1        0    0.000    0.000    9938  103.406   65.902
 8 17  2        0    0.000    0.000    9938   85.422    4.359
 8 17  4        0    0.000    0.000    9938   61.361    9.108
 8 17  5        0    0.000    0.000    9938   75.555    0.775
 8 18  4        0    0.000    0.000    9938   57.966    9.165
 8 18  5        0    0.000    0.000    9938   75.421    0.809
 8 19  1        0    0.000    0.000    9938   98.154   66.501
 8 19  2        0    0.000    0.000    9938   84.760    4.522
 8 19  4        0    0.000    0.000    9938   57.492    4.739
 8 19  5        0    0.000    0.000    9938   77.857    0.609
 8 20  4        0    0.000    0.000    9938   56.663    4.403
 8 20  5        0    0.000    0.000    9938   76.502    0.608
 8 21  1        0    0.000    0.000    9938   95.999   34.173
 8 21  2        0    0.000    0.000    9938   84.478    2.329
 8 21  4        0    0.000    0.000    9938   46.145    4.535
 8 21  5        0    0.000    0.000    9938   77.278    0.612
 8 22  4        0    0.000    0.000    9938   60.566    4.616
 8 22  5        0    0.000    0.000    9938   78.280    0.609
 8 23  1        0    0.000    0.000    9938   95.272   32.243
 8 23  2        0    0.000    0.000    9938   84.450    2.280
 8 23  4        0    0.000    0.000    9938   64.256    9.548
 8 23  5        0    0.000    0.000    9938   76.356    0.832
 8 24  4        0    0.000    0.000    9938   92.568   17.199
 8 24  5        0    0.000    0.000    9938   75.771    1.262
 9  1  4        0    0.000    0.000    9938   69.786    6.170
 9  1  5        0    0.000    0.000    9938   76.765    0.681
 9  2  4        0    0.000    0.000    9938   62.190    6.681
 9  2  5        0    0.000    0.000    9938   78.595    0.698
 9  3  4        0    0.000    0.000    9938   56.129    6.385
 9  3  5        0    0.000    0.000    9938   76.351    0.682
 9  4  4        0    0.000    0.000    9938   67.414    6.249
 9  4  5        0    0.000    0.000    9938   76.643    0.668
 9  5  4        0    0.000    0.000    9938   62.870    6.416
 9  5  5        0    0.000    0.000    9938   77.300    0.680
 9  6  4        0    0.000    0.000    9938   70.619    6.617
 9  6  5        0    0.000    0.000    9938   77.272    0.680
 9  7  4        0    0.000    0.000    9938   56.622   12.248
 9  7  5        0    0.000    0.000    9938   74.071    0.976
 9  8  4        0    0.000    0.000    9938   60.384   12.339
 9  8  5        0    0.000    0.000    9938   77.257    0.977
 9  9  4        0    0.000    0.000    9938   68.270    6.478
 9  9  5        0    0.000    0.000    9938   77.473    0.675
 9 10  4        0    0.000    0.000    9938   72.095    6.696
 9 10  5        0    0.000    0.000    9938   77.082    0.686
 9 11  4        0    0.000    0.000    9938   69.436    6.718
 9 11  5        0    0.000    0.000    9938   77.172    0.685
 9 12  4        0    0.000    0.000    9938   73.307    7.134
 9 12  5        0    0.000    0.000    9938   76.508    0.714
 9 13  4        0    0.000    0.000    9938   67.921    7.111
 9 13  5        0    0.000    0.000    9938   74.627    0.706
 9 14  4        0    0.000    0.000    9938   74.021    5.586
 9 14  5        0    0.000    0.000    9938   74.628    0.637
 9 15  4        0    0.000    0.000    9938   62.643    8.051
 9 15  5        0    0.000    0.000    9938   73.029    0.736
 9 16  4        0    0.000    0.000    9938   68.411    6.987
 9 16  5        0    0.000    0.000    9938   74.037    0.680
 9 17  4        0    0.000    0.000    9938  102.965   12.340
 9 17  5        0    0.000    0.000    9938   73.398    0.981
 9 18  4        0    0.000    0.000    9938   99.345   13.200
 9 18  5        0    0.000    0.000    9938   77.062    1.041
 9 19  4        0    0.000    0.000    9938  109.720    6.137
 9 19  5        0    0.000    0.000    9938   71.368    0.673
 9 20  4        0    0.000    0.000    9938  111.461    6.097
 9 20  5        0    0.000    0.000    9938   75.709    0.682
 9 21  4        0    0.000    0.000    9938  108.272    6.517
 9 21  5        0    0.000    0.000    9938   77.384    0.703
 9 22  4        0    0.000    0.000    9938   77.326    6.645
 9 22  5        0    0.000    0.000    9938   76.652    0.722
 9 23  4        0    0.000    0.000    9938  115.514   13.873
 9 23  5        0    0.000    0.000    9938   72.816    1.065
 9 24  4        0    0.000    0.000    9938  105.307   14.220
 9 24  5        0    0.000    0.000    9938   78.944    1.105
10  1  1        0    0.000    0.000    9938  107.894   34.119
10  1  2        0    0.000    0.000    9938   86.299    2.327
10  2 10        0    0.000    0.000    9938   45.836    6.807
10  2 11        0    0.000    0.000    9938   52.009    0.698
10  2 13        0    0.000    0.000    9938   42.879    2.836
10  2 14        0    0.000    0.000    9938   52.772    0.551
10  3  1        0    0.000    0.000    9938  113.588   29.793
10  3  2        0    0.000    0.000    9938   85.483    2.031
10  5  1        0    0.000    0.000    9938  121.542   32.833
10  5  2        0    0.000    0.000    9938   87.081    2.236
10  7  1        0    0.000    0.000    9938  112.163   32.807
10  7  2        0    0.000    0.000    9938   84.801    2.272
10  9  1        0    0.000    0.000    9938  116.581   39.006
10  9  2        0    0.000    0.000    9938   85.182    2.645
10 11  1        0    0.000    0.000    9938  114.932   40.026
10 11  2        0    0.000    0.000    9938   83.623    2.754
10 13  1        0    0.000    0.000    9938  111.968   32.381
10 13  2        0    0.000    0.000    9938   85.386    2.220
10 15  1        0    0.000    0.000    9938  116.042   30.955
10 15  2        0    0.000    0.000    9938   84.072    2.154
10 17  1        0    0.000    0.000    9938  133.561   31.131
10 17  2        0    0.000    0.000    9938   88.479    2.156
10 19  1        0    0.000    0.000    9938  108.531   31.640
10 19  2        0    0.000    0.000    9938   86.475    2.179
10 21  1        0    0.000    0.000    9938  115.121   31.725
10 21  2        0    0.000    0.000    9938   84.095    2.185
10 23  1        0    0.000    0.000    9938  115.349   31.037
10 23  2        0    0.000    0.000    9938   87.014    2.138
11  2 10        0    0.000    0.000    9938   39.047    6.642
11  2 11        0    0.000    0.000    9938   53.494    0.707
11  2 13        0    0.000    0.000    9938   39.540    3.987
11  2 14        0    0.000    0.000    9938   52.167    0.596
12  1  1        0    0.000    0.000    9938  119.591   20.430
12  1  2        0    0.000    0.000    9938   88.057    1.471
12  2 10        0    0.000    0.000    9938   36.643    6.466
12  2 11        0    0.000    0.000    9938   51.782    0.707
12  2 13        0    0.000    0.000    9938   35.336    3.062
12  2 14        0    0.000    0.000    9938   50.823    0.558
12  3  1        0    0.000    0.000    9938  119.328   31.746
12  3  2        0    0.000    0.000    9938   84.953    2.152
12  5  1        0    0.000    0.000    9938  112.000   22.326
12  5  2        0    0.000    0.000    9938   84.580    1.596
12  7  1        0    0.000    0.000    9938  120.347   32.147
12  7  2        0    0.000    0.000    9938   84.231    2.227
12  9  1        0    0.000    0.000    9938   74.540   29.633
12  9  2        0    0.000    0.000    9938   30.719    2.045
12 11  1        0    0.000    0.000    9938   74.682   54.420
12 11  2        0    0.000    0.000    9938   30.429    3.967
12 13  1        0    0.000    0.000    9938   79.358   34.407
12 13  2        0    0.000    0.000    9938   29.992    2.405
12 15  1        0    0.000    0.000    9938   68.434   28.059
12 15  2        0    0.000    0.000    9938   32.325    1.990
12 17  1        0    0.000    0.000    9938   73.176   33.173
12 17  2        0    0.000    0.000    9938   29.724    2.332
12 19  1        0    0.000    0.000    9938   80.064   33.902
12 19  2        0    0.000    0.000    9938   30.755    2.394
12 21  1        0    0.000    0.000    9938   77.544   30.872
12 21  2        0    0.000    0.000    9938   29.107    2.148
12 23  1        0    0.000    0.000    9938   67.505   32.095
12 23  2        0    0.000    0.000    9938   30.752    2.253
13  1  1        0    0.000    0.000    9938   74.934   53.736
13  1  2        0    0.000    0.000    9938   30.698    3.714
13  4  1        0    0.000    0.000    9938   80.937   84.324
13  4  2        0    0.000    0.000    9938   30.206    6.532
13  4 10        0    0.000    0.000    9938   21.632    7.162
13  4 11        0    0.000    0.000    9938   51.078    0.728
13  4 13        0    0.000    0.000    9938   30.018    2.917
13  4 14        0    0.000    0.000    9938   49.780    0.551
13  7  1        0    0.000    0.000    9938   84.825   86.243
13  7  2        0    0.000    0.000    9938   28.703    6.607
13 10  1        0    0.000    0.000    9938   86.682   87.061
13 10  2        0    0.000    0.000    9938   28.345    6.685
13 13  1        0    0.000    0.000    9938   90.549   86.909
13 13  2        0    0.000    0.000    9938   30.284    6.521
13 16  1        0    0.000    0.000    9938   82.850   42.636
13 16  2        0    0.000    0.000    9938   31.027    3.016
13 19  1        0    0.000    0.000    9938   18.063   22.896
13 19  2        0    0.000    0.000    9938   28.498    2.336
13 22  1        0    0.000    0.000    9938   70.019   32.201
13 22  2        0    0.000    0.000    9938   30.708    2.265
14  1  1        0    0.000    0.000    9938   97.756   92.887
14  1  2        0    0.000    0.000    9938   29.396    6.545
14  3  1        0    0.000    0.000    9938   79.588   83.453
14  3  2        0    0.000    0.000    9938   30.196    5.678
14  3 10        0    0.000    0.000    9938   24.107    6.598
14  3 11        0    0.000    0.000    9938   50.264    0.692
14  3 13        0    0.000    0.000    9938   30.059    3.121
14  3 14        0    0.000    0.000    9938   49.244    0.562
14  5  1        0    0.000    0.000    9938   89.816   90.609
14  5  2        0    0.000    0.000    9938   28.709    6.360
14  7  1        0    0.000    0.000    9938   84.709   93.997
14  7  2        0    0.000    0.000    9938   28.664    6.501
14  9  1        0    0.000    0.000    9938   90.091  100.139
14  9  2        0    0.000    0.000    9938   26.757    7.402
14 11  1        0    0.000    0.000    9938  124.262   47.885
14 11  2        0    0.000    0.000    9938   30.938    3.312
14 13  1        0    0.000    0.000    9938   90.728   47.132
14 13  2        0    0.000    0.000    9938   26.821    3.266
14 15  1        0    0.000    0.000    9938   88.222   36.416
14 15  2        0    0.000    0.000    9938   23.949    2.526
15  3 10        0    0.000    0.000    9938   22.565    7.928
15  3 11        0    0.000    0.000    9938   50.150    0.753
15  3 13        0    0.000    0.000    9938   37.074    3.567
15  3 14        0    0.000    0.000    9938   47.632    0.578
16  1  1        0    0.000    0.000    9938  102.695   84.365
16  1  2        0    0.000    0.000    9938   30.594    5.810
16  2  1        0    0.000    0.000    9938   98.769   81.086
16  2  2        0    0.000    0.000    9938   26.936    5.525
16  2 10        0    0.000    0.000    9938   26.284    9.262
16  2 11        0    0.000    0.000    9938   49.174    0.820
16  2 13        0    0.000    0.000    9938   31.789    3.028
16  2 14        0    0.000    0.000    9938   49.325    0.578
16  3  1        0    0.000    0.000    9938   90.868   71.872
16  3  2        0    0.000    0.000    9938   27.602    4.938
16  4  1        0    0.000    0.000    9938   99.725   69.647
16  4  2        0    0.000    0.000    9938   27.710    4.770
16  5  1        0    0.000    0.000    9938   87.385   56.189
16  5  2        0    0.000    0.000    9938   28.506    3.882
16  6  1        0    0.000    0.000    9938   93.207   46.702
16  6  2        0    0.000    0.000    9938   27.670    3.219
16  7  1        0    0.000    0.000    9938   92.958   58.495
16  7  2        0    0.000    0.000    9938   25.317    3.975
16  8  1        0    0.000    0.000    9938   97.952   43.758
16  8  2        0    0.000    0.000    9938   22.546    3.005
17  2 10        0    0.000    0.000    9938   25.161    6.188
17  2 11        0    0.000    0.000    9938   49.572    0.685
17  2 13        0    0.000    0.000    9938   49.115    3.270
17  2 14        0    0.000    0.000    9938   49.962    0.570
18  3  4        0    0.000    0.000    9938   51.781    1.354
18  3  5        0    0.000    0.000    9938   49.661    0.528
18  4  4        0    0.000    0.000    9938   62.291    0.880
18  4  5        0    0.000    0.000    9938   50.122    0.566
18  5  4        0    0.000    0.000    9938   29.807    0.895
18  5  5        0    0.000    0.000    9938   50.981    0.585
18  6  4        0    0.000    0.000    9938   18.930    0.942
18  6  5        0    0.000    0.000    9938   51.614    0.558
18  7  4        0    0.000    0.000    9938   26.074    1.248
18  7  5        0    0.000    0.000    9938   50.238    0.554
18  8  4        0    0.000    0.000    9938   32.718    2.479
18  8  5        0    0.000    0.000    9938   48.995    0.559
18  9  4        0    0.000    0.000    9938   16.263    4.780
18  9  5        0    0.000    0.000    9938   52.193    0.634
18 10  4        0    0.000    0.000    9938   21.790    4.562
18 10  5        0    0.000    0.000    9938   50.622    0.611
