Run 8842  09-MAY-01 18:28:58 
Total   25930 ev.  Physical       0 ev.
-------------------------------------------------------------
 c  m  t   n_phys ave_phys sig_phys  n_gene ave_gene sig_gene
-------------------------------------------------------------
 1  1  7        0    0.000    0.000   25930   13.000    0.205
 1  1  8        0    0.000    0.000   25930   31.006    0.749
 1  2  7        0    0.000    0.000   25930   21.872    0.335
 1  2  8        0    0.000    0.000   25930   36.754    0.790
 1  3  7        0    0.000    0.000   25930   19.762    0.428
 1  3  8        0    0.000    0.000   25930   38.046    0.767
 1  4  7        0    0.000    0.000   25930   21.065    0.267
 1  4  8        0    0.000    0.000   25930   35.093    0.776
 1  5  7        0    0.000    0.000   25930   19.723    0.453
 1  5  8        0    0.000    0.000   25930   35.330    0.790
 1  6  7        0    0.000    0.000   25930   20.569    0.497
 1  6  8        0    0.000    0.000   25930   33.660    0.806
 1  7  7        0    0.000    0.000   25930   15.352    0.480
 1  7  8        0    0.000    0.000   25930   32.096    0.795
 1  8  7        0    0.000    0.000   25930   14.380    0.491
 1  8  8        0    0.000    0.000   25930   31.173    0.829
 1  9  7        0    0.000    0.000   25930   15.355    0.482
 1  9  8        0    0.000    0.000   25930   30.692    0.803
 1 10  7        0    0.000    0.000   25930   14.525    0.525
 1 10  8        0    0.000    0.000   25930   28.839    0.816
 1 11  7        0    0.000    0.000   25930   12.316    0.488
 1 11  8        0    0.000    0.000   25930   31.512    0.849
 1 12  7        0    0.000    0.000   25930    9.415    0.557
 1 12  8        0    0.000    0.000   25930   23.455    0.838
 2  1  7        0    0.000    0.000   25930   21.002    0.105
 2  1  8        0    0.000    0.000   25930   42.417    0.497
 2  3  7        0    0.000    0.000   25930   21.782    0.413
 2  3  8        0    0.000    0.000   25930   43.107    0.472
 2  5  7        0    0.000    0.000   25930   22.268    0.443
 2  5  8        0    0.000    0.000   25930   42.517    0.517
 2  7  7        0    0.000    0.000   25930   23.140    0.348
 2  7  8        0    0.000    0.000   25930   45.419    0.506
 2  9  7        0    0.000    0.000   25930   21.046    0.236
 2  9  8        0    0.000    0.000   25930   39.538    0.521
 2 11  7        0    0.000    0.000   25930   21.676    0.473
 2 11  8        0    0.000    0.000   25930   44.205    0.545
 2 13  7        0    0.000    0.000   25930   16.928    0.376
 2 13  8        0    0.000    0.000   25930   38.926    0.608
 2 15  7        0    0.000    0.000   25930   17.172    0.380
 2 15  8        0    0.000    0.000   25930   36.345    0.497
 2 17  7        0    0.000    0.000   25930   16.587    0.515
 2 17  8        0    0.000    0.000   25930   36.615    0.561
 2 19  7        0    0.000    0.000   25930   15.249    0.434
 2 19  8        0    0.000    0.000   25930   37.288    0.510
 2 21  7        0    0.000    0.000   25930   10.249    0.435
 2 21  8        0    0.000    0.000   25930   30.263    0.495
 2 23  7        0    0.000    0.000   25930    9.908    0.577
 2 23  8        0    0.000    0.000   25930    0.000    0.006
 3  1  7        0    0.000    0.000   25930   16.861    0.347
 3  1  8        0    0.000    0.000   25930   35.576    0.502
 3  2  7        0    0.000    0.000   25930   21.195    0.396
 3  2  8        0    0.000    0.000   25930   39.746    0.518
 3  3  7        0    0.000    0.000   25930   23.099    0.299
 3  3  8        0    0.000    0.000   25930   41.034    0.411
 3  4  7        0    0.000    0.000   25930   23.248    0.432
 3  4  8        0    0.000    0.000   25930   41.733    0.498
 3  5  7        0    0.000    0.000   25930   21.004    0.171
 3  5  8        0    0.000    0.000   25930   38.564    0.533
 3  6  7        0    0.000    0.000   25930   22.009    0.200
 3  6  8        0    0.000    0.000   25930   39.801    0.520
 3  7  7        0    0.000    0.000   25930   23.988    0.233
 3  7  8        0    0.000    0.000   25930   40.989    0.522
 3  8  7        0    0.000    0.000   25930   23.848    0.379
 3  8  8        0    0.000    0.000   25930   43.218    0.538
 3  9  7        0    0.000    0.000   25930   20.238    0.426
 3  9  8        0    0.000    0.000   25930   41.492    0.511
 3 10  7        0    0.000    0.000   25930   22.105    0.309
 3 10  8        0    0.000    0.000   25930   42.792    0.494
 3 11  7        0    0.000    0.000   25930   21.915    0.330
 3 11  8        0    0.000    0.000   25930   43.226    0.466
 3 12  7        0    0.000    0.000   25930   20.264    0.441
 3 12  8        0    0.000    0.000   25930   40.468    0.522
 3 13  7        0    0.000    0.000   25930   16.113    0.343
 3 13  8        0    0.000    0.000   25930   36.361    0.521
 3 14  7        0    0.000    0.000   25930   17.218    0.414
 3 14  8        0    0.000    0.000   25930   39.677    0.574
 3 15  7        0    0.000    0.000   25930   16.616    0.518
 3 15  8        0    0.000    0.000   25930   38.315    0.467
 3 16  7        0    0.000    0.000   25930   15.091    0.356
 3 16  8        0    0.000    0.000   25930   34.680    0.555
 3 17  7        0    0.000    0.000   25930   17.157    0.368
 3 17  8        0    0.000    0.000   25930   34.335    0.540
 3 18  7        0    0.000    0.000   25930   16.879    0.449
 3 18  8        0    0.000    0.000   25930   34.745    0.574
 3 19  7        0    0.000    0.000   25930   16.717    0.524
 3 19  8        0    0.000    0.000   25930   33.628    0.576
 3 20  7        0    0.000    0.000   25930   17.191    0.395
 3 20  8        0    0.000    0.000   25930   34.768    0.576
 3 21  7        0    0.000    0.000   25930   11.670    0.656
 3 21  8        0    0.000    0.000   25930   27.694    0.636
 3 22  7        0    0.000    0.000   25930   10.221    0.435
 3 22  8        0    0.000    0.000   25930   28.357    0.544
 3 23  7        0    0.000    0.000   25930   11.759    0.677
 3 23  8        0    0.000    0.000   25930   32.197    0.585
 3 24  7        0    0.000    0.000   25930   11.614    0.662
 3 24  8        0    0.000    0.000   25930   29.065    0.589
 4  1  7        0    0.000    0.000   25930   25.056    0.233
 4  1  8        0    0.000    0.000   25930   37.238    0.440
 4  2  7        0    0.000    0.000   25930   27.375    0.484
 4  2  8        0    0.000    0.000   25930   40.384    0.504
 4  3  7        0    0.000    0.000   25930   27.021    0.148
 4  3  8        0    0.000    0.000   25930   37.960    0.384
 4  4  7        0    0.000    0.000   25930   29.643    0.479
 4  4  8        0    0.000    0.000   25930   40.949    0.532
 4  5  7        0    0.000    0.000   25930   26.634    0.482
 4  5  8        0    0.000    0.000   25930   37.163    0.438
 4  6  7        0    0.000    0.000   25930   30.040    0.244
 4  6  8        0    0.000    0.000   25930   38.834    0.512
 4  7  7        0    0.000    0.000   25930   30.197    0.398
 4  7  8        0    0.000    0.000   25930   41.324    0.474
 4  8  7        0    0.000    0.000   25930   28.238    0.426
 4  8  8        0    0.000    0.000   25930   40.337    0.480
 4  9  7        0    0.000    0.000   25930   29.046    0.241
 4  9  8        0    0.000    0.000   25930   39.574    0.517
 4 10  7        0    0.000    0.000   25930   29.504    0.502
 4 10  8        0    0.000    0.000   25930   38.792    0.504
 4 11  7        0    0.000    0.000   25930   29.214    0.410
 4 11  8        0    0.000    0.000   25930   38.383    0.520
 4 12  7        0    0.000    0.000   25930   30.152    0.359
 4 12  8        0    0.000    0.000   25930   39.186    0.508
 4 13  7        0    0.000    0.000   25930   26.147    0.362
 4 13  8        0    0.000    0.000   25930   34.736    0.552
 4 14  7        0    0.000    0.000   25930   25.246    0.434
 4 14  8        0    0.000    0.000   25930   35.856    0.555
 4 15  7        0    0.000    0.000   25930   24.315    0.473
 4 15  8        0    0.000    0.000   25930   33.840    0.567
 4 16  7        0    0.000    0.000   25930   26.826    0.492
 4 16  8        0    0.000    0.000   25930   35.758    0.559
 4 17  7        0    0.000    0.000   25930   23.691    0.545
 4 17  8        0    0.000    0.000   25930   33.503    0.546
 4 18  7        0    0.000    0.000   25930   23.215    0.411
 4 18  8        0    0.000    0.000   25930   34.388    0.524
 4 19  7        0    0.000    0.000   25930   24.098    0.435
 4 19  8        0    0.000    0.000   25930   35.311    0.519
 4 20  7        0    0.000    0.000   25930   21.114    0.372
 4 20  8        0    0.000    0.000   25930   30.524    0.558
 4 21  7        0    0.000    0.000   25930   16.774    0.648
 4 21  8        0    0.000    0.000   25930   25.849    0.626
 4 22  7        0    0.000    0.000   25930   19.342    0.528
 4 22  8        0    0.000    0.000   25930   29.777    0.640
 4 23  7        0    0.000    0.000   25930   17.099    0.545
 4 23  8        0    0.000    0.000   25930   27.302    0.543
 4 24  7        0    0.000    0.000   25930   18.280    0.459
 4 24  8        0    0.000    0.000   25930   27.522    0.600
 5  1  7        0    0.000    0.000   25930   22.547    0.498
 5  1  8        0    0.000    0.000   25930   46.885    0.444
 5  2  7        0    0.000    0.000   25930   26.427    0.495
 5  2  8        0    0.000    0.000   25930   46.546    0.513
 5  3  7        0    0.000    0.000   25930   28.970    0.178
 5  3  8        0    0.000    0.000   25930   53.438    0.501
 5  4  7        0    0.000    0.000   25930   27.970    0.198
 5  4  8        0    0.000    0.000   25930   52.800    0.531
 5  5  7        0    0.000    0.000   25930   27.060    0.244
 5  5  8        0    0.000    0.000   25930   51.501    0.514
 5  6  7        0    0.000    0.000   25930   30.331    0.471
 5  6  8        0    0.000    0.000   25930   55.689    0.517
 5  7  7        0    0.000    0.000   25930   29.044    0.223
 5  7  8        0    0.000    0.000   25930   53.983    0.435
 5  8  7        0    0.000    0.000   25930   28.455    0.498
 5  8  8        0    0.000    0.000   25930   51.418    0.501
 5  9  7        0    0.000    0.000   25930   26.180    0.385
 5  9  8        0    0.000    0.000   25930   48.920    0.502
 5 10  7        0    0.000    0.000   25930   26.987    0.226
 5 10  8        0    0.000    0.000   25930   49.448    0.505
 5 11  7        0    0.000    0.000   25930   28.529    0.500
 5 11  8        0    0.000    0.000   25930   51.586    0.534
 5 12  7        0    0.000    0.000   25930   23.081    0.278
 5 12  8        0    0.000    0.000   25930   46.114    0.416
 5 13  7        0    0.000    0.000   25930   22.451    0.502
 5 13  8        0    0.000    0.000   25930   46.076    0.479
 5 14  7        0    0.000    0.000   25930   21.991    0.378
 5 14  8        0    0.000    0.000   25930   45.578    0.563
 5 15  7        0    0.000    0.000   25930   24.261    0.441
 5 15  8        0    0.000    0.000   25930   45.850    0.573
 5 16  7        0    0.000    0.000   25930   22.423    0.502
 5 16  8        0    0.000    0.000   25930   45.850    0.547
 5 17  7        0    0.000    0.000   25930   22.534    0.516
 5 17  8        0    0.000    0.000   25930   45.464    0.531
 5 18  7        0    0.000    0.000   25930   20.562    0.519
 5 18  8        0    0.000    0.000   25930   43.564    0.567
 5 19  7        0    0.000    0.000   25930   21.175    0.384
 5 19  8        0    0.000    0.000   25930   43.976    0.537
 5 20  7        0    0.000    0.000   25930   20.182    0.393
 5 20  8        0    0.000    0.000   25930   43.732    0.595
 5 21  7        0    0.000    0.000   25930   17.905    0.601
 5 21  8        0    0.000    0.000   25930   39.854    0.642
 5 22  7        0    0.000    0.000   25930   15.627    0.636
 5 22  8        0    0.000    0.000   25930   38.388    0.591
 5 23  7        0    0.000    0.000   25930   15.295    0.472
 5 23  8        0    0.000    0.000   25930   37.999    0.605
 5 24  7        0    0.000    0.000   25930   17.136    0.505
 5 24  8        0    0.000    0.000   25930   40.523    0.611
 6  1  7        0    0.000    0.000   25930   27.091    0.292
 6  1  8        0    0.000    0.000   25930   40.211    0.502
 6  2  7        0    0.000    0.000   25930   28.180    0.384
 6  2  8        0    0.000    0.000   25930   39.636    0.518
 6  3  7        0    0.000    0.000   25930   34.000    0.146
 6  3  8        0    0.000    0.000   25930   46.382    0.494
 6  4  7        0    0.000    0.000   25930   33.106    0.308
 6  4  8        0    0.000    0.000   25930   45.736    0.473
 6  5  7        0    0.000    0.000   25930   28.380    0.486
 6  5  8        0    0.000    0.000   25930   40.821    0.463
 6  6  7        0    0.000    0.000   25930   31.818    0.408
 6  6  8        0    0.000    0.000   25930   44.199    0.504
 6  7  7        0    0.000    0.000   25930   32.025    0.285
 6  7  8        0    0.000    0.000   25930   43.616    0.528
 6  8  7        0    0.000    0.000   25930   30.327    0.470
 6  8  8        0    0.000    0.000   25930   43.788    0.562
 6  9  7        0    0.000    0.000   25930   27.414    0.494
 6  9  8        0    0.000    0.000   25930  111.857    5.885
 6 10  7        0    0.000    0.000   25930   29.346    0.476
 6 10  8        0    0.000    0.000   25930   39.300    0.485
 6 11  7        0    0.000    0.000   25930   29.781    0.448
 6 11  8        0    0.000    0.000   25930   39.643    0.558
 6 12  7        0    0.000    0.000   25930   30.194    0.396
 6 12  8        0    0.000    0.000   25930   42.440    0.515
 6 13  7        0    0.000    0.000   25930   25.388    0.510
 6 13  8        0    0.000    0.000   25930   35.762    0.585
 6 14  7        0    0.000    0.000   25930   26.740    0.519
 6 14  8        0    0.000    0.000   25930   39.008    0.544
 6 15  7        0    0.000    0.000   25930   25.349    0.492
 6 15  8        0    0.000    0.000   25930   36.545    0.553
 6 16  7        0    0.000    0.000   25930   23.101    0.393
 6 16  8        0    0.000    0.000   25930   33.834    0.559
 6 17  7        0    0.000    0.000   25930   25.840    0.544
 6 17  8        0    0.000    0.000   25930   39.431    0.539
 6 18  7        0    0.000    0.000   25930   25.111    0.377
 6 18  8        0    0.000    0.000   25930   37.255    0.473
 6 19  7        0    0.000    0.000   25930   24.027    0.449
 6 19  8        0    0.000    0.000   25930   37.485    0.556
 6 20  7        0    0.000    0.000   25930   23.910    0.536
 6 20  8        0    0.000    0.000   25930   37.265    0.557
 6 21  7        0    0.000    0.000   25930   20.325    0.515
 6 21  8        0    0.000    0.000   25930   30.235    0.632
 6 22  7        0    0.000    0.000   25930   19.417    0.597
 6 22  8        0    0.000    0.000   25930   30.538    0.622
 6 23  7        0    0.000    0.000   25930   19.655    0.689
 6 23  8        0    0.000    0.000   25930   31.842    0.659
 6 24  7        0    0.000    0.000   25930   19.178    0.498
 6 24  8        0    0.000    0.000   25930   31.969    0.675
 7  1  7        0    0.000    0.000   25930   23.403    0.491
 7  1  8        0    0.000    0.000   25930   40.141    0.411
 7  2  7        0    0.000    0.000   25930   30.295    0.456
 7  2  8        0    0.000    0.000   25930   46.564    0.511
 7  3  7        0    0.000    0.000   25930   30.994    0.137
 7  3  8        0    0.000    0.000   25930   46.367    0.504
 7  4  7        0    0.000    0.000   25930   32.092    0.290
 7  4  8        0    0.000    0.000   25930   47.754    0.500
 7  5  7        0    0.000    0.000   25930   30.845    0.376
 7  5  8        0    0.000    0.000   25930   46.818    0.507
 7  6  7        0    0.000    0.000   25930   30.373    0.484
 7  6  8        0    0.000    0.000   25930   45.666    0.549
 7  7  7        0    0.000    0.000   25930   30.113    0.331
 7  7  8        0    0.000    0.000   25930   45.456    0.539
 7  8  7        0    0.000    0.000   25930   28.300    0.459
 7  8  8        0    0.000    0.000   25930   44.580    0.533
 7  9  7        0    0.000    0.000   25930   29.104    0.315
 7  9  8        0    0.000    0.000   25930   45.078    0.407
 7 10  7        0    0.000    0.000   25930   30.092    0.314
 7 10  8        0    0.000    0.000   25930   45.970    0.478
 7 11  7        0    0.000    0.000   25930   26.473    0.505
 7 11  8        0    0.000    0.000   25930   40.267    0.531
 7 12  7        0    0.000    0.000   25930   28.109    0.334
 7 12  8        0    0.000    0.000   25930   43.532    0.539
 7 13  7        0    0.000    0.000   25930   23.956    0.438
 7 13  8        0    0.000    0.000   25930   39.810    0.560
 7 14  7        0    0.000    0.000   25930   26.483    0.530
 7 14  8        0    0.000    0.000   25930   41.477    0.547
 7 15  7        0    0.000    0.000   25930   24.187    0.402
 7 15  8        0    0.000    0.000   25930   39.791    0.582
 7 16  7        0    0.000    0.000   25930   23.433    0.527
 7 16  8        0    0.000    0.000   25930   38.822    0.561
 7 17  7        0    0.000    0.000   25930   26.672    0.558
 7 17  8        0    0.000    0.000   25930   42.447    0.561
 7 18  7        0    0.000    0.000   25930   24.931    0.476
 7 18  8        0    0.000    0.000   25930   41.378    0.526
 7 19  7        0    0.000    0.000   25930   22.271    0.452
 7 19  8        0    0.000    0.000   25930   37.241    0.517
 7 20  7        0    0.000    0.000   25930   21.212    0.411
 7 20  8        0    0.000    0.000   25930   37.309    0.511
 7 21  7        0    0.000    0.000   25930   23.721    0.694
 7 21  8        0    0.000    0.000   25930   38.409    0.600
 7 22  7        0    0.000    0.000   25930   19.757    0.657
 7 22  8        0    0.000    0.000   25930   35.048    0.604
 7 23  7        0    0.000    0.000   25930   19.069    0.566
 7 23  8        0    0.000    0.000   25930   32.839    0.657
 7 24  7        0    0.000    0.000   25930   19.333    0.525
 7 24  8        0    0.000    0.000   25930   33.751    0.666
 8  1  7        0    0.000    0.000   25930   25.582    0.494
 8  1  8        0    0.000    0.000   25930   35.168    0.428
 8  2  7        0    0.000    0.000   25930   27.874    0.334
 8  2  8        0    0.000    0.000   25930   37.690    0.491
 8  3  7        0    0.000    0.000   25930   31.034    0.192
 8  3  8        0    0.000    0.000   25930   42.262    0.531
 8  4  7        0    0.000    0.000   25930   32.248    0.432
 8  4  8        0    0.000    0.000   25930   41.953    0.515
 8  5  7        0    0.000    0.000   25930   30.185    0.389
 8  5  8        0    0.000    0.000   25930   40.558    0.515
 8  6  7        0    0.000    0.000   25930   29.039    0.256
 8  6  8        0    0.000    0.000   25930   39.117    0.464
 8  7  7        0    0.000    0.000   25930   29.361    0.481
 8  7  8        0    0.000    0.000   25930   40.874    0.523
 8  8  7        0    0.000    0.000   25930   32.186    0.390
 8  8  8        0    0.000    0.000   25930   41.908    0.533
 8  9  7        0    0.000    0.000   25930   28.183    0.387
 8  9  8        0    0.000    0.000   25930   38.504    0.519
 8 10  7        0    0.000    0.000   25930   29.414    0.494
 8 10  8        0    0.000    0.000   25930   38.540    0.526
 8 11  7        0    0.000    0.000   25930   29.113    0.326
 8 11  8        0    0.000    0.000   25930   38.267    0.474
 8 12  7        0    0.000    0.000   25930   29.366    0.483
 8 12  8        0    0.000    0.000   25930   39.016    0.472
 8 13  7        0    0.000    0.000   25930   26.104    0.369
 8 13  8        0    0.000    0.000   25930   34.265    0.486
 8 14  7        0    0.000    0.000   25930   26.350    0.497
 8 14  8        0    0.000    0.000   25930   36.315    0.503
 8 15  7        0    0.000    0.000   25930   23.843    0.547
 8 15  8        0    0.000    0.000   25930   34.014    0.580
 8 16  7        0    0.000    0.000   25930   25.439    0.540
 8 16  8        0    0.000    0.000   25930   37.469    0.564
 8 17  7        0    0.000    0.000   25930   23.816    0.534
 8 17  8        0    0.000    0.000   25930   35.303    0.529
 8 18  7        0    0.000    0.000   25930   25.285    0.466
 8 18  8        0    0.000    0.000   25930   35.370    0.536
 8 19  7        0    0.000    0.000   25930   22.669    0.584
 8 19  8        0    0.000    0.000   25930   32.160    0.528
 8 20  7        0    0.000    0.000   25930   23.282    0.464
 8 20  8        0    0.000    0.000   25930   33.670    0.589
 8 21  7        0    0.000    0.000   25930   19.409    0.602
 8 21  8        0    0.000    0.000   25930   30.699    0.648
 8 22  7        0    0.000    0.000   25930   17.030    0.589
 8 22  8        0    0.000    0.000   25930   26.658    0.640
 8 23  7        0    0.000    0.000   25930   19.397    0.601
 8 23  8        0    0.000    0.000   25930   30.123    0.593
 8 24  7        0    0.000    0.000   25930   19.895    0.666
 8 24  8        0    0.000    0.000   25930   27.972    0.672
 9  1  7        0    0.000    0.000   25930   26.275    0.447
 9  1  8        0    0.000    0.000   25930   32.743    0.469
 9  2  7        0    0.000    0.000   25930   28.095    0.293
 9  2  8        0    0.000    0.000   25930   36.345    0.520
 9  3  7        0    0.000    0.000   25930   30.800    0.400
 9  3  8        0    0.000    0.000   25930   38.326    0.478
 9  4  7        0    0.000    0.000   25930   31.273    0.446
 9  4  8        0    0.000    0.000   25930   38.053    0.475
 9  5  7        0    0.000    0.000   25930   30.232    0.422
 9  5  8        0    0.000    0.000   25930   37.465    0.505
 9  6  7        0    0.000    0.000   25930   30.539    0.500
 9  6  8        0    0.000    0.000   25930   36.441    0.513
 9  7  7        0    0.000    0.000   25930   31.025    0.245
 9  7  8        0    0.000    0.000   25930   38.918    0.533
 9  8  7        0    0.000    0.000   25930   30.998    0.255
 9  8  8        0    0.000    0.000   25930   39.233    0.451
 9  9  7        0    0.000    0.000   25930   31.055    0.248
 9  9  8        0    0.000    0.000   25930   38.076    0.535
 9 10  7        0    0.000    0.000   25930   33.269    0.443
 9 10  8        0    0.000    0.000   25930   41.156    0.494
 9 11  7        0    0.000    0.000   25930   29.729    0.462
 9 11  8        0    0.000    0.000   25930   36.743    0.495
 9 12  7        0    0.000    0.000   25930   28.079    0.289
 9 12  8        0    0.000    0.000   25930   34.145    0.498
 9 13  7        0    0.000    0.000   25930   26.735    0.491
 9 13  8        0    0.000    0.000   25930   32.483    0.526
 9 14  7        0    0.000    0.000   25930   27.148    0.369
 9 14  8        0    0.000    0.000   25930   36.063    0.507
 9 15  7        0    0.000    0.000   25930   27.180    0.388
 9 15  8        0    0.000    0.000   25930   34.687    0.561
 9 16  7        0    0.000    0.000   25930   25.054    0.379
 9 16  8        0    0.000    0.000   25930   31.118    0.497
 9 17  7        0    0.000    0.000   25930   25.177    0.384
 9 17  8        0    0.000    0.000   25930   32.477    0.535
 9 18  7        0    0.000    0.000   25930   23.806    0.555
 9 18  8        0    0.000    0.000   25930   30.180    0.485
 9 19  7        0    0.000    0.000   25930   23.967    0.483
 9 19  8        0    0.000    0.000   25930   29.681    0.578
 9 20  7        0    0.000    0.000   25930   23.332    0.490
 9 20  8        0    0.000    0.000   25930   30.639    0.578
 9 21  7        0    0.000    0.000   25930   22.275    0.473
 9 21  8        0    0.000    0.000   25930   28.801    0.676
 9 22  7        0    0.000    0.000   25930   21.317    0.506
 9 22  8        0    0.000    0.000   25930   26.147    0.589
 9 23  7        0    0.000    0.000   25930   18.275    0.461
 9 23  8        0    0.000    0.000   25930   24.416    0.564
 9 24  7        0    0.000    0.000   25930   19.327    0.513
 9 24  8        0    0.000    0.000   25930   25.941    0.616
10  1  7        0    0.000    0.000   25930   23.530    0.499
10  1  8        0    0.000    0.000   25930   35.794    0.493
10  2  7        0    0.000    0.000   25930   32.194    0.396
10  2  8        0    0.000    0.000   25930   44.288    0.483
10  3  7        0    0.000    0.000   25930   30.773    0.419
10  3  8        0    0.000    0.000   25930   41.514    0.509
10  4  7        0    0.000    0.000   25930   31.349    0.477
10  4  8        0    0.000    0.000   25930   41.142    0.506
10  5  7        0    0.000    0.000   25930   31.094    0.294
10  5  8        0    0.000    0.000   25930   40.074    0.493
10  6  7        0    0.000    0.000   25930   32.799    0.407
10  6  8        0    0.000    0.000   25930   44.263    0.516
10  7  7        0    0.000    0.000   25930   31.346    0.476
10  7  8        0    0.000    0.000   25930   39.895    0.529
10  8  7        0    0.000    0.000   25930   30.217    0.413
10  8  8        0    0.000    0.000   25930   41.146    0.468
10  9  7        0    0.000    0.000   25930   28.676    0.471
10  9  8        0    0.000    0.000   25930   40.599    0.522
10 10  7        0    0.000    0.000   25930   29.997    0.273
10 10  8        0    0.000    0.000   25930   40.637    0.541
10 11  7        0    0.000    0.000   25930   31.061    0.268
10 11  8        0    0.000    0.000   25930   41.762    0.558
10 12  7        0    0.000    0.000   25930   29.428    0.496
10 12  8        0    0.000    0.000   25930   40.352    0.497
10 13  7        0    0.000    0.000   25930   26.078    0.374
10 13  8        0    0.000    0.000   25930   38.910    0.528
10 14  7        0    0.000    0.000   25930   24.300    0.463
10 14  8        0    0.000    0.000   25930   35.216    0.726
10 15  7        0    0.000    0.000   25930   27.295    0.462
10 15  8        0    0.000    0.000   25930   38.547    0.542
10 16  7        0    0.000    0.000   25930   22.691    0.531
10 16  8        0    0.000    0.000   25930   35.993    0.585
10 17  7        0    0.000    0.000   25930   27.534    0.556
10 17  8        0    0.000    0.000   25930   37.650    0.574
10 18  7        0    0.000    0.000   25930   25.159    0.375
10 18  8        0    0.000    0.000   25930   34.785    0.568
10 19  7        0    0.000    0.000   25930   26.120    0.381
10 19  8        0    0.000    0.000   25930   37.480    0.553
10 20  7        0    0.000    0.000   25930   23.439    0.540
10 20  8        0    0.000    0.000   25930   32.214    0.488
10 21  7        0    0.000    0.000   25930   18.272    0.460
10 21  8        0    0.000    0.000   25930   30.774    0.636
10 22  7        0    0.000    0.000   25930   19.347    0.550
10 22  8        0    0.000    0.000   25930   32.304    0.512
10 23  7        0    0.000    0.000   25930   18.215    0.468
10 23  8        0    0.000    0.000   25930   29.026    0.641
10 24  7        0    0.000    0.000   25930   20.315    0.508
10 24  8        0    0.000    0.000   25930   31.489    0.614
11  1  7        0    0.000    0.000   25930   18.734    0.443
11  1  8        0    0.000    0.000   25930   34.069    0.464
11  2  7        0    0.000    0.000   25930   24.004    0.133
11  2  8        0    0.000    0.000   25930   40.556    0.505
11  3  7        0    0.000    0.000   25930   27.013    0.127
11  3  8        0    0.000    0.000   25930   43.610    0.512
11  4  7        0    0.000    0.000   25930   27.034    0.184
11  4  8        0    0.000    0.000   25930   43.497    0.503
11  5  7        0    0.000    0.000   25930   21.396    0.539
11  5  8        0    0.000    0.000   25930   37.054    0.604
11  6  7        0    0.000    0.000   25930   25.140    0.584
11  6  8        0    0.000    0.000   25930   39.566    0.679
11  7  7        0    0.000    0.000   25930   24.977    0.250
11  7  8        0    0.000    0.000   25930   40.504    0.514
11  8  7        0    0.000    0.000   25930   25.265    0.442
11  8  8        0    0.000    0.000   25930   40.901    0.535
11  9  7        0    0.000    0.000   25930   21.785    0.442
11  9  8        0    0.000    0.000   25930   36.343    0.503
11 10  7        0    0.000    0.000   25930   24.891    0.350
11 10  8        0    0.000    0.000   25930   39.493    0.523
11 11  7        0    0.000    0.000   25930   21.160    0.368
11 11  8        0    0.000    0.000   25930   36.237    0.490
11 12  7        0    0.000    0.000   25930   24.052    0.287
11 12  8        0    0.000    0.000   25930   38.609    0.565
11 13  7        0    0.000    0.000   25930   18.984    0.440
11 13  8        0    0.000    0.000   25930   32.814    0.579
11 14  7        0    0.000    0.000   25930   19.130    0.357
11 14  8        0    0.000    0.000   25930   33.312    0.472
11 15  7        0    0.000    0.000   25930   18.174    0.386
11 15  8        0    0.000    0.000   25930   33.986    0.520
11 16  7        0    0.000    0.000   25930   16.205    0.407
11 16  8        0    0.000    0.000   25930   31.636    0.591
11 17  7        0    0.000    0.000   25930   16.268    0.447
11 17  8        0    0.000    0.000   25930   33.380    0.549
11 18  7        0    0.000    0.000   25930   18.245    0.434
11 18  8        0    0.000    0.000   25930   35.078    0.512
11 19  7        0    0.000    0.000   25930   17.539    0.565
11 19  8        0    0.000    0.000   25930   35.427    0.644
11 20  7        0    0.000    0.000   25930   14.297    0.465
11 20  8        0    0.000    0.000   25930   31.708    0.584
11 21  7        0    0.000    0.000   25930   14.262    0.469
11 21  8        0    0.000    0.000   25930   32.030    0.667
11 22  7        0    0.000    0.000   25930   12.035    0.574
11 22  8        0    0.000    0.000   25930   29.600    0.630
11 23  7        0    0.000    0.000   25930   11.060    0.558
11 23  8        0    0.000    0.000   25930   26.961    0.637
11 24  7        0    0.000    0.000   25930   11.232    0.455
11 24  8        0    0.000    0.000   25930   28.442    0.609
12  1  7        0    0.000    0.000   25930   26.922    0.294
12  1  8        0    0.000    0.000   25930   42.648    0.516
12  2  7        0    0.000    0.000   25930   32.491    0.525
12  2  8        0    0.000    0.000   25930   51.432    0.521
12  3  7        0    0.000    0.000   25930   32.918    0.284
12  3  8        0    0.000    0.000   25930   47.044    0.524
12  4  7        0    0.000    0.000   25930   34.404    0.491
12  4  8        0    0.000    0.000   25930   50.064    0.470
12  5  7        0    0.000    0.000   25930   28.422    0.501
12  5  8        0    0.000    0.000   25930   42.792    0.591
12  6  7        0    0.000    0.000   25930   36.231    0.422
12  6  8        0    0.000    0.000   25930   52.809    0.517
12  7  7        0    0.000    0.000   25930   32.139    0.347
12  7  8        0    0.000    0.000   25930   46.447    0.510
12  8  7        0    0.000    0.000   25930   30.830    0.404
12  8  8        0    0.000    0.000   25930   45.717    0.555
12  9  7        0    0.000    0.000   25930   29.145    0.352
12  9  8        0    0.000    0.000   25930   42.218    0.460
12 10  7        0    0.000    0.000   25930   33.170    0.376
12 10  8        0    0.000    0.000   25930   48.399    0.510
12 11  7        0    0.000    0.000   25930   33.207    0.408
12 11  8        0    0.000    0.000   25930   49.866    0.612
12 12  7        0    0.000    0.000   25930   31.256    0.437
12 12  8        0    0.000    0.000   25930   46.678    0.549
12 13  7        0    0.000    0.000   25930   24.998    0.430
12 13  8        0    0.000    0.000   25930   38.692    0.572
12 14  7        0    0.000    0.000   25930   24.548    0.523
12 14  8        0    0.000    0.000   25930   39.175    0.503
12 15  7        0    0.000    0.000   25930   28.656    0.537
12 15  8        0    0.000    0.000   25930   43.543    0.566
12 16  7        0    0.000    0.000   25930   26.491    0.539
12 16  8        0    0.000    0.000   25930   40.986    0.555
12 17  7        0    0.000    0.000   25930   27.073    0.424
12 17  8        0    0.000    0.000   25930   41.543    0.590
12 18  7        0    0.000    0.000   25930   28.955    0.437
12 18  8        0    0.000    0.000   25930   40.025    0.525
12 19  7        0    0.000    0.000   25930   25.215    0.413
12 19  8        0    0.000    0.000   25930   38.827    0.615
12 20  7        0    0.000    0.000   25930   27.320    0.493
12 20  8        0    0.000    0.000   25930   43.848    0.591
12 21  7        0    0.000    0.000   25930   22.533    0.692
12 21  8        0    0.000    0.000   25930   36.577    0.668
12 22  7        0    0.000    0.000   25930   21.318    0.519
12 22  8        0    0.000    0.000   25930   35.201    0.530
12 23  7        0    0.000    0.000   25930   21.254    0.459
12 23  8        0    0.000    0.000   25930   35.691    0.685
12 24  7        0    0.000    0.000   25930   17.264    0.471
12 24  8        0    0.000    0.000   25930   30.677    0.657
13  1  7        0    0.000    0.000   25930   22.448    0.504
13  1  8        0    0.000    0.000   25930   39.044    0.390
13  2  7        0    0.000    0.000   25930   25.884    5.909
13  2  8        0    0.000    0.000   25930   41.566    5.342
13  3  7        0    0.000    0.000   25930   21.249    0.828
13  3  8        0    0.000    0.000   25930   36.255    0.820
13  4  7        0    0.000    0.000   25930   29.116    0.331
13  4  8        0    0.000    0.000   25930   45.114    0.405
13  5  7        0    0.000    0.000   25930   28.147    0.354
13  5  8        0    0.000    0.000   25930   42.847    0.564
13  6  7        0    0.000    0.000   25930   22.754    0.631
13  6  8        0    0.000    0.000   25930   37.580    0.625
13  7  7        0    0.000    0.000   25930   27.870    0.344
13  7  8        0    0.000    0.000   25930   43.235    0.578
13  8  7        0    0.000    0.000   25930   26.143    0.350
13  8  8        0    0.000    0.000   25930   40.999    0.482
13  9  7        0    0.000    0.000   25930   22.345    0.549
13  9  8        0    0.000    0.000   25930   39.216    0.563
13 10  7        0    0.000    0.000   25930   27.762    0.463
13 10  8        0    0.000    0.000   25930   42.592    0.557
13 11  7        0    0.000    0.000   25930   26.998    0.345
13 11  8        0    0.000    0.000   25930   42.625    0.558
13 12  7        0    0.000    0.000   25930   22.946    0.586
13 12  8        0    0.000    0.000   25930   38.630    0.662
13 13  7        0    0.000    0.000   25930   18.181    0.385
13 13  8        0    0.000    0.000   25930    2.406    0.493
13 14  7        0    0.000    0.000   25930   24.637    0.606
13 14  8        0    0.000    0.000   25930   40.451    0.628
13 15  7        0    0.000    0.000   25930   16.285    0.488
13 15  8        0    0.000    0.000   25930   33.066    0.819
13 16  7        0    0.000    0.000   25930   28.073    0.630
13 16  8        0    0.000    0.000   25930   43.496    1.804
13 17  7        0    0.000    0.000   25930   23.204    0.404
13 17  8        0    0.000    0.000   25930   39.615    0.679
13 18  7        0    0.000    0.000   25930   16.697    0.790
13 18  8        0    0.000    0.000   25930   32.340    0.813
13 19  7        0    0.000    0.000   25930   28.006    0.306
13 19  8        0    0.000    0.000   25930   44.480    0.554
13 20  7        0    0.000    0.000   25930   24.158    0.380
13 20  8        0    0.000    0.000   25930   38.990    0.720
13 21  7        0    0.000    0.000   25930   17.442    0.720
13 21  8        0    0.000    0.000   25930   32.943    0.886
13 22  7        0    0.000    0.000   25930   26.390    0.496
13 22  8        0    0.000    0.000   25930   41.656    0.941
13 23  7        0    0.000    0.000   25930   22.273    0.463
13 23  8        0    0.000    0.000   25930   37.262    0.556
13 24  7        0    0.000    0.000   25930   17.334    0.596
13 24  8        0    0.000    0.000   25930   32.326    0.738
14  1  7        0    0.000    0.000   25930   14.156    0.364
14  1  8        0    0.000    0.000   25930   38.081    0.517
14  2  7        0    0.000    0.000   25930   19.495    4.510
14  2  8        0    0.000    0.000   25930   55.373   21.606
14  3  7        0    0.000    0.000   25930   17.235    0.425
14  3  8        0    0.000    0.000   25930   40.704    0.533
14  4  7        0    0.000    0.000   25930   19.107    0.333
14  4  8        0    0.000    0.000   25930   41.403    0.532
14  5  7        0    0.000    0.000   25930   17.797    0.403
14  5  8        0    0.000    0.000   25930   41.817    0.670
14  6  7        0    0.000    0.000   25930   18.245    0.431
14  6  8        0    0.000    0.000   25930   40.403    0.543
14  7  7        0    0.000    0.000   25930   20.125    0.347
14  7  8        0    0.000    0.000   25930   44.850    0.542
14  8  7        0    0.000    0.000   25930   19.218    0.414
14  8  8        0    0.000    0.000   25930   42.193    0.564
14  9  7        0    0.000    0.000   25930   17.453    0.533
14  9  8        0    0.000    0.000   25930   43.947    3.361
14 10  7        0    0.000    0.000   25930   14.269    0.455
14 10  8        0    0.000    0.000   25930   37.082    0.603
14 11  7        0    0.000    0.000   25930   16.263    0.440
14 11  8        0    0.000    0.000   25930   39.916    0.578
14 12  7        0    0.000    0.000   25930   15.290    0.490
14 12  8        0    0.000    0.000   25930   37.630    0.635
14 13  7        0    0.000    0.000   25930   16.512    0.512
14 13  8        0    0.000    0.000   25930   39.281    0.596
14 14  7        0    0.000    0.000   25930   15.247    0.445
14 14  8        0    0.000    0.000   25930   38.282    0.642
14 15  7        0    0.000    0.000   25930   15.586    0.530
14 15  8        0    0.000    0.000   25930   37.700    0.698
14 16  7        0    0.000    0.000   25930   13.359    0.577
14 16  8        0    0.000    0.000   25930   34.988    0.625
15  1  7        0    0.000    0.000   25930   16.715    0.696
15  1  8        0    0.000    0.000   25930   39.564    0.652
15  2  7        0    0.000    0.000   25930   27.087    0.295
15  2  8        0    0.000    0.000   25930   42.569    0.542
15  3  7        0    0.000    0.000   25930   15.336    0.571
15  3  8        0    0.000    0.000   25930   37.468    0.656
15  4  7        0    0.000    0.000   25930   31.007    0.133
15  4  8        0    0.000    0.000   25930   47.351    0.498
15  5  7        0    0.000    0.000   25930   15.104    0.501
15  5  8        0    0.000    0.000   25930   36.924    0.657
15  6  7        0    0.000    0.000   25930   33.680    0.469
15  6  8        0    0.000    0.000   25930   49.852    0.598
15  7  7        0    0.000    0.000   25930   14.883    0.647
15  7  8        0    0.000    0.000   25930   37.056    0.755
15  8  7        0    0.000    0.000   25930   31.404    0.491
15  8  8        0    0.000    0.000   25930   47.756    0.559
15  9  7        0    0.000    0.000   25930   11.394    0.633
15  9  8        0    0.000    0.000   25930   33.495    0.713
15 10  7        0    0.000    0.000   25930   30.672    0.471
15 10  8        0    0.000    0.000   25930   46.519    0.517
15 11  7        0    0.000    0.000   25930   11.382    0.623
15 11  8        0    0.000    0.000   25930   35.400    0.675
15 12  7        0    0.000    0.000   25930   31.135    0.359
15 12  8        0    0.000    0.000   25930   44.992    0.472
15 13  7        0    0.000    0.000   25930   10.381    0.610
15 13  8        0    0.000    0.000   25930   31.763    0.763
15 14  7        0    0.000    0.000   25930   33.119    0.342
15 14  8        0    0.000    0.000   25930   49.033    0.547
15 15  7        0    0.000    0.000   25930    9.508    0.768
15 15  8        0    0.000    0.000   25930   30.637    0.747
15 16  7        0    0.000    0.000   25930   33.233    0.425
15 16  8        0    0.000    0.000   25930   50.610    0.569
16  1  7        0    0.000    0.000   25930   31.117    0.326
16  1  8        0    0.000    0.000   25930   47.603    0.575
16  2  7        0    0.000    0.000   25930   34.117    0.328
16  2  8        0    0.000    0.000   25930   50.071    0.452
16  3  7        0    0.000    0.000   25930   33.228    0.422
16  3  8        0    0.000    0.000   25930   49.537    0.558
16  4  7        0    0.000    0.000   25930   33.146    0.353
16  4  8        0    0.000    0.000   25930   47.359    0.625
16  5  7        0    0.000    0.000   25930   29.201    0.414
16  5  8        0    0.000    0.000   25930   46.434    0.578
16  6  7        0    0.000    0.000   25930   30.337    0.510
16  6  8        0    0.000    0.000   25930   47.920    1.000
16  7  7        0    0.000    0.000   25930   29.449    0.603
16  7  8        0    0.000    0.000   25930   45.858    0.669
16  8  7        0    0.000    0.000   25930   27.376    0.585
16  8  8        0    0.000    0.000   25930   44.484    0.662
17  1  7        0    0.000    0.000   25930   26.530    0.648
17  1  8        0    0.000    0.000   25930   43.908    0.776
17  2  7        0    0.000    0.000   25930   30.060    0.520
17  2  8        0    0.000    0.000   25930   46.435    0.827
17  3  7        0    0.000    0.000   25930   27.159    0.420
17  3  8        0    0.000    0.000   25930   44.795    0.657
17  4  7        0    0.000    0.000   25930   26.378    0.600
17  4  8        0    0.000    0.000   25930   42.333    0.581
17  5  7        0    0.000    0.000   25930   20.595    0.781
17  5  8        0    0.000    0.000   25930   37.861    0.747
17  6  7        0    0.000    0.000   25930   22.349    0.598
17  6  8        0    0.000    0.000   25930   40.279    0.682
17  7  7        0    0.000    0.000   25930   22.270    0.509
17  7  8        0    0.000    0.000   25930   39.750    0.775
17  8  7        0    0.000    0.000   25930   19.245    0.515
17  8  8        0    0.000    0.000   25930   35.197    0.690
