Signal:                                  PG
CalibType:                               Channel-Volt PG
CalibClass:                              FunctionCal
CalibOptions:                            func=pol3,min=0,max=1,inverse=true
SI_0601:                                 61.5946,3826.59,143.812,-104.405
SI_0602:                                 57.7842,3910.68,140.222,-100.895
SI_0603:                                 55.2489,3861.63,107.665,-78.5533
SI_0604:                                 57.0173,3849.21,137.629,-99.5006
SI_0605:                                 57.5659,3828.38,143.515,-108.736
SI_0606:                                 56.3485,3859.78,125.565,-91.6206
SI_0607:                                 57.8626,3848.44,123.44,-87.9639
SI_0608:                                 55.8809,3860.36,160.486,-109.024
SI_0609:                                 48.1958,3856.17,148.586,-99.8097
SI_0610:                                 58.7936,3861.01,136.668,-99.4904
SI_0611:                                 58.6954,3807.43,132.583,-97.738
SI_0612:                                 56.9404,3837.98,130.462,-96.6257
SI_0613:                                 57.3047,3960.1,137.462,-100.37
SI_0614:                                 58.22,3957.05,135.13,-102.543
SI_0615:                                 57.116,3917.08,139.04,-100.825
SI_0616:                                 57.3585,3951.2,150.359,-109.832
SI_0617:                                 44.6439,3848.88,63.6546,-49.538
SI_0618:                                 56.3909,3946.32,29.8979,-25.8018
SI_0619:                                 58.3411,3959.14,61.0767,-47.1379
SI_0620:                                 58.6033,3957.11,57.9887,-43.3415
SI_0621:                                 59.6814,3905.66,44.001,-34.3626
SI_0622:                                 57.5972,3870.89,47.7854,-35.5149
SI_0623:                                 56.6031,3844.06,38.8753,-30.7418
SI_0624:                                 58.3484,3937.69,56.3789,-42.7205
SI_0701:                                 56.263,3869.72,115.509,-88.8728
SI_0702:                                 63.3892,3866.01,201.005,-146.072
SI_0703:                                 60.7106,3854.66,145.592,-106.967
SI_0704:                                 59.6866,3852.33,202.219,-146.356
SI_0705:                                 56.0526,3885.48,62.7963,-48.8559
SI_0706:                                 60.0875,3793.42,149.501,-105.313
SI_0707:                                 59.6544,3799,137.917,-96.7425
SI_0708:                                 59.5856,3894.28,180.183,-130.218
SI_0709:                                 71.2076,3783.51,132.048,-96.3757
SI_0710:                                 69.2918,3824.56,146.816,-102.619
SI_0711:                                 68.8406,3735.61,129.096,-95.411
SI_0712:                                 69.7078,3854.04,134.217,-98.7216
SI_0713:                                 69.4085,3875,126.001,-95.9784
SI_0714:                                 70.7402,3926.52,110.343,-80.9381
SI_0715:                                 68.2797,3799.86,115.07,-76.7773
SI_0716:                                 69.5417,3897.17,135.641,-95.5476
SI_0717:                                 69.784,3889.58,57.4283,-42.7644
SI_0718:                                 72.6844,3924.99,52.5348,-42.257
SI_0719:                                 69.8477,3861.1,63.1592,-53.9599
SI_0720:                                 65.5436,3882.14,55.3223,-44.4772
SI_0721:                                 70.4173,3812.27,48.9183,-39.37
SI_0722:                                 71.1934,3792.71,47.769,-40.1134
SI_0723:                                 71.2931,3737.14,41.2524,-35.9992
SI_0724:                                 69.5096,3859.67,70.2044,-54.459
SI_0801:                                 71.9228,3979.44,32.1727,-27.9312
SI_0802:                                 70.9138,3978.88,31.5155,-27.9611
SI_0803:                                 71.7485,3940.32,25.0456,-21.1089
SI_0804:                                 70.8316,4033.61,42.9709,-34.9177
SI_0805:                                 70.9955,4005.66,48.8888,-36.442
SI_0806:                                 71.8125,3997.32,24.1108,-21.7471
SI_0807:                                 70.9351,3998.53,43.5328,-31.624
SI_0808:                                 64.2376,4043.46,24.3355,-22.564
SI_0809:                                 74.5845,3994.21,105.332,-78.5632
SI_0810:                                 74.02,4032.95,75.6104,-57.0695
SI_0811:                                 74.2181,4040.87,94.3523,-67.9957
SI_0812:                                 73.9411,4001.85,88.2506,-66.1813
SI_0813:                                 75.7931,3987.44,132.181,-94.1277
SI_0814:                                 75.8716,4044.79,123.328,-91.5288
SI_0815:                                 75.7984,4075.28,104.286,-77.0297
SI_0816:                                 75.9048,4112.78,74.0385,-60.8717
SI_0817:                                 83.3373,4020.69,97.0093,-70.4825
SI_0818:                                 84.3887,4120.5,129.016,-90.1722
SI_0819:                                 86.6284,4071.66,96.2473,-69.7064
SI_0820:                                 85.3216,4077.33,115.032,-84.0811
SI_0821:                                 86.288,3986.98,107.295,-78.3049
SI_0822:                                 87.6495,4081.33,126.936,-88.9696
SI_0823:                                 85.7659,4053.55,109.44,-74.1068
SI_0824:                                 83.9969,4023.88,106.807,-74.0651
SI_0901:                                 81.9542,4026.03,30.5006,-26.2163
SI_0902:                                 84.5284,4068.87,43.6922,-34.2979
SI_0903:                                 81.7458,4065.76,79.7708,-57.8819
SI_0904:                                 82.451,3986.4,34.5817,-26.7863
SI_0905:                                 82.8959,4042.06,24.359,-20.6627
SI_0906:                                 84.1171,4000.95,54.3682,-39.8921
SI_0907:                                 81.3995,4029.18,77.779,-59.109
SI_0908:                                 82.9084,4060,23.2338,-19.8951
SI_0909:                                 88.3654,4051.77,142.822,-100.841
SI_0910:                                 86.3035,4067.18,136.388,-99.8509
SI_0911:                                 87.6753,4077.46,133.257,-97.0113
SI_0912:                                 87.6131,4119,123.312,-87.1691
SI_0913:                                 84.8468,4074.76,116.561,-88.055
SI_0914:                                 84.5416,4153.92,103.135,-75.1455
SI_0915:                                 83.1275,4024.95,156.117,-111.02
SI_0916:                                 84.4075,4162.97,129.048,-89.8758
SI_0917:                                 83.3507,4091.35,108.081,-78.2467
SI_0918:                                 88.1319,4027.81,162.73,-114.623
SI_0919:                                 81.2106,3908.27,132.98,-85.5921
SI_0920:                                 85.0051,4070.38,87.7894,-62.4327
SI_0921:                                 87.0155,4010.92,95.7237,-69.4803
SI_0922:                                 86.4923,4052.1,77.0467,-55.7155
SI_0923:                                 79.4065,4014.57,59.4455,-47.8722
SI_0924:                                 89.4088,4021.84,101.352,-70.9517
