Indra Q currents decreased 10%                                                  
 -0.00513478257
  292.061013
  0.
 -737.107377
  0.
 -154.38041
  0.
  43.1474003
  0.
 -21.7235828
  0.
  0.
  808.71931
  0.
  0.
 -162.358703
  0.
  3076.43168
  0.
  0.
  0.
  0.
 -10151.0041
  0.
  0.
  0.
  0.
  0.
  0.
  0.
  0.
  8656.12211
  0.
  0.
  0.
 -1274.27093
  0.
 -10493.266
  0.
  0.
  0.
  0.
  115751.114
  0.
  0.
  0.
  0.
  0.
  0.
  0.
  0.
 -308271.659
  0.
  0.
  0.
  0.
  0.
  0.
  0.
  0.
  0.
  0.
  0.
  0.
  0.
  259953.386
  0.
  0.
  0.
  0.
  188951.567
  0.
 -2324099.12
  0.
  0.
  0.
  0.
  11535729.2
  0.
  0.
  0.
  0.
  0.
  0.
  0.
  0.
 -28839709.4
  0.
  0.
  0.
  0.
  0.
  0.
  0.
  0.
  0.
  0.
  0.
  0.
  0.
  36247105.2
  0.
  0.
  0.
  0.
  0.
  0.
  0.
  0.
  0.
  0.
  0.
  0.
  0.
  0.
  0.
  0.
  0.
  0.
  0.
 -18294741.8
  0.
  0.
  0.
  0.
  0.
  39211.1278
  0.
  233551.588
  0.
  0.
  0.
  0.
 -7601104.59
  0.
  0.
  0.
  0.
  0.
  0.
  0.
  0.
  48262390.7
  0.
  0.
  0.
  0.
  0.
  0.
  0.
  0.
  0.
  0.
  0.
  0.
  0.
 -136882546.
  0.
  0.
  0.
  0.
  0.
  0.
  0.
  0.
  0.
  0.
  0.
  0.
  0.
  0.
  0.
  0.
  0.
  0.
  0.
  185827321.
  0.
  0.
  0.
  0.
  0.
  0.
  0.
  0.
  0.
  0.
  0.
  0.
  0.
  0.
  0.
  0.
  0.
  0.
  0.
  0.
  0.
  0.
  0.
  0.
  0.
  0.
 -98560215.6
  0.
  0.
  0.
  0.
  0.
  0.
 -9804187.12
  0.
  172566027.
  0.
  0.
  0.
  0.
 -1.30115202E+09
  0.
  0.
  0.
  0.
  0.
  0.
  0.
  0.
  5.45675436E+09
  0.
  0.
  0.
  0.
  0.
  0.
  0.
  0.
  0.
  0.
  0.
  0.
  0.
 -1.37579227E+10
  0.
  0.
  0.
  0.
  0.
  0.
  0.
  0.
  0.
  0.
  0.
  0.
  0.
  0.
  0.
  0.
  0.
  0.
  0.
  2.0860125E+10
  0.
  0.
  0.
  0.
  0.
  0.
  0.
  0.
  0.
  0.
  0.
  0.
  0.
  0.
  0.
  0.
  0.
  0.
  0.
  0.
  0.
  0.
  0.
  0.
  0.
  0.
 -1.76119689E+10
  0.
  0.
  0.
  0.
  0.
  0.
  0.
  0.
  0.
  0.
  0.
  0.
  0.
  0.
  0.
  0.
  0.
  0.
  0.
  0.
  0.
  0.
  0.
  0.
  0.
  0.
  0.
  0.
  0.
  0.
  0.
  0.
  0.
  0.
  6.38687127E+09
  0.
  0.
  0.
  0.
  0.
  0.
  0.
  0.
  0.
  0.
  0.
  0.
  0.
  0.
  0.
  0.
  0.
  0.
  0.
  0.
  0.
  0.
  0.
  0.
  0.
  0.
  0.
