+----------------------------------+
|Si#  | TRef	|	T SI_HF propre	
+----------------------------------+
0       114.66  90.15
1       114.66  96.44
2       114.66  89.29
3       114.66  89.68
4       114.66  93.27
5       114.66  95.52
6       114.66  89.96
7       114.66  94.32
8       114.66  00.00
9       114.66  00.00
10      114.66  88.77
11      114.66  89.95
12      114.66  90.45
13      114.66  91.17
14      114.66  91.05
15      114.66  90.52
16      114.66  101.50
17      114.66  102.29
