###################################################################
#$Id: ChVolt5.dat,v 1.2 2008/01/29 16:25:11 franklan Exp $
#
#Coefficients for canaux-Volts electronic calibration of Silicon and ChIo detectors.
#
#29/1/2008: For SI_0101, we take the same calibration as for SI_0102.
#There is no calibration canal-volt for 0101 because the pulser did not
#fire the electronics of this detector. However, in a previous canal-energy
#calibration, 0101 & 0102 had very similar coeffs, so we assume the
#same calib canal-volt as for 0102.  -------------------------------    JDF. AC.
#
###################################################################
Run Range : 6001 8842
    2   1   1 -0.109760E-01  0.142787E-03  0.000000E+00  11.  0.396119E+00
    2   3   1 -0.134949E-01  0.138847E-03  0.000000E+00  11.  0.258395E+00
    2   5   1 -0.998938E-02  0.144491E-03  0.000000E+00  11.  0.385800E+00
    2   7   1 -0.508196E-02  0.144476E-03 -0.631199E-09  10.  0.365808E+00
    2   9   1 -0.214360E-02  0.145824E-03  0.000000E+00  11.  0.214282E+00
    2  11   1 -0.289959E-02  0.137038E-03  0.000000E+00  11.  0.247840E+00
    2  13   1 -0.503312E-02  0.158454E-03  0.992875E-09   6.  0.159400E+00
    2  15   1 -0.187986E-02  0.130552E-03  0.508951E-09   6.  0.137318E+00
    2  17   1 -0.846621E-02  0.153792E-03  0.000000E+00  11.  0.136875E+00
    2  19   1 -0.688254E-02  0.146847E-03  0.000000E+00  11.  0.138559E+00
    2  21   1 -0.766556E-02  0.149672E-03  0.000000E+00  11.  0.188622E+00
    2  23   1 -0.158669E-01  0.138053E-03  0.000000E+00  11.  0.243791E+00
    4   1   1 -0.594571E-02  0.136881E-03  0.000000E+00  11.  0.117963E+00
    4   3   1 -0.543581E-02  0.129998E-03  0.000000E+00  10.  0.120726E+00
    4   5   1 -0.625106E-02  0.142110E-03  0.000000E+00  11.  0.112414E+00
    4   7   1 -0.586748E-02  0.142521E-03  0.000000E+00  11.  0.130434E+00
    4   9   1 -0.908138E-02  0.146176E-03  0.000000E+00  11.  0.479492E-01
    4  11   1 -0.921737E-02  0.145253E-03  0.000000E+00  11.  0.956718E-01
    4  13   1 -0.801333E-02  0.127434E-03  0.000000E+00  10.  0.592024E-01
    4  15   1 -0.823060E-02  0.141766E-03  0.000000E+00  11.  0.453170E-01
    4  17   1 -0.858124E-02  0.133533E-03  0.000000E+00  10.  0.774505E-01
    4  19   1 -0.783092E-02  0.129110E-03  0.000000E+00  10.  0.541667E-01
    4  21   1 -0.728873E-02  0.133244E-03  0.000000E+00  10.  0.693216E-01
    4  23   1 -0.710256E-02  0.147198E-03  0.361225E-09  10.  0.586460E-01
    6   1   1 -0.726763E-02  0.143401E-03  0.000000E+00  11.  0.130722E+00
    6   3   1 -0.917411E-02  0.129595E-03  0.000000E+00  10.  0.129744E+00
    6   5   1 -0.838693E-02  0.138446E-03  0.000000E+00  10.  0.144207E+00
    6   7   1 -0.939580E-02  0.129461E-03  0.000000E+00   8.  0.184792E+00
    6   9   1 -0.853305E-02  0.129431E-03  0.000000E+00   9.  0.169653E+00
    6  11   1 -0.966906E-02  0.142262E-03  0.000000E+00  10.  0.137316E+00
    6  13   1 -0.757931E-02  0.135845E-03  0.000000E+00  10.  0.139050E+00
    6  15   1 -0.758811E-02  0.135304E-03  0.000000E+00  11.  0.173772E+00
    6  17   1 -0.110758E-01  0.137580E-03  0.467523E-09  10.  0.196005E+00
    6  19   1 -0.110527E-01  0.133209E-03  0.000000E+00  10.  0.189542E+00
    6  21   1 -0.103600E-01  0.132354E-03  0.000000E+00   9.  0.192689E+00
    6  23   1 -0.107657E-01  0.127132E-03  0.000000E+00   9.  0.238745E+00
    2   1   2 -0.156613E+00  0.211810E-02  0.000000E+00  19.  0.243213E+00
    2   3   2 -0.157906E+00  0.207298E-02 -0.167233E-08  18.  0.375896E+00
    2   5   2 -0.158037E+00  0.214049E-02 -0.219566E-08  18.  0.241803E+00
    2   7   2 -0.142439E+00  0.210947E-02 -0.311670E-08  18.  0.179718E+01
    2   9   2 -0.152848E+00  0.219354E-02 -0.230546E-08  18.  0.265245E+00
    2  11   2 -0.146473E+00  0.204918E-02 -0.107441E-08  18.  0.277138E+00
    2  13   2 -0.161817E+00  0.228001E-02  0.414119E-06   5.  0.373794E+00
    2  15   2 -0.135499E+00  0.189894E-02  0.247124E-06   5.  0.127178E+00
    2  17   2 -0.157352E+00  0.229444E-02 -0.874098E-08  18.  0.831936E+01
    2  19   2 -0.155872E+00  0.217546E-02  0.179435E-07  12.  0.206227E+00
    2  21   2 -0.160257E+00  0.222168E-02 -0.160476E-08  18.  0.231136E+00
    2  23   2 -0.153575E+00  0.207723E-02  0.000000E+00  20.  0.446847E+00
    4   1   2 -0.146765E+00  0.204886E-02 -0.752513E-08  14.  0.279399E+00
    4   3   2 -0.134882E+00  0.194234E-02 -0.618345E-08  19.  0.369140E+00
    4   5   2 -0.144710E+00  0.210152E-02 -0.382195E-08  19.  0.107942E+01
    4   7   2 -0.147981E+00  0.212408E-02 -0.355929E-08  19.  0.175169E+01
    4   9   2 -0.157211E+00  0.216448E-02 -0.252855E-08  18.  0.571383E+00
    4  11   2 -0.152493E+00  0.216090E-02 -0.656770E-08  19.  0.502142E+01
    4  13   2 -0.135653E+00  0.188688E-02 -0.140647E-08  19.  0.250550E+00
    4  15   2 -0.157991E+00  0.215933E-02 -0.303503E-08  19.  0.938378E+00
    4  17   2 -0.139023E+00  0.196934E-02 -0.478925E-08  19.  0.408140E+01
    4  19   2 -0.136262E+00  0.194481E-02 -0.197333E-08  19.  0.383134E+00
    4  21   2 -0.141325E+00  0.200020E-02  0.000000E+00  20.  0.382649E+00
    4  23   2 -0.157270E+00  0.221444E-02 -0.961627E-08  19.  0.607082E+00
    6   1   2 -0.151639E+00  0.213645E-02  0.000000E+00  19.  0.392852E+00
    6   3   2 -0.138932E+00  0.193975E-02 -0.827510E-09  18.  0.254777E+00
    6   5   2 -0.147799E+00  0.209212E-02 -0.119180E-08  18.  0.193907E+00
    6   7   2 -0.141851E+00  0.196771E-02  0.000000E+00  18.  0.671014E+00
    6   9   2 -0.144878E+00  0.196519E-02 -0.108692E-08  18.  0.466346E+00
    6  11   2 -0.154367E+00  0.212306E-02 -0.360638E-08  18.  0.302209E+00
    6  13   2 -0.143422E+00  0.202283E-02 -0.134260E-08  18.  0.391573E+00
    6  15   2 -0.141624E+00  0.202774E-02 -0.115413E-08  18.  0.334714E+00
    6  17   2 -0.195816E+00  0.214592E-02  0.437472E-08  19.  0.838966E+01
    6  19   2 -0.177828E+00  0.202364E-02 -0.119662E-08  18.  0.446324E+00
    6  21   2 -0.182650E+00  0.205038E-02  0.000000E+00  19.  0.895952E+00
    6  23   2 -0.178669E+00  0.194178E-02  0.000000E+00  19.  0.166794E+01
    1   1   4 -0.105464E-01  0.186565E-03 -0.713745E-09  13.  0.110104E+00
    1   2   4 -0.105464E-01  0.186565E-03 -0.713745E-09  13.  0.110104E+00
    1   3   4 -0.170939E-01  0.182530E-03 -0.661964E-09  13.  0.170683E+00
    1   4   4 -0.112275E-01  0.184866E-03 -0.640776E-09  13.  0.193180E+00
    1   5   4 -0.921960E-02  0.182610E-03 -0.612349E-09  13.  0.215721E+00
    1   6   4 -0.955963E-02  0.182904E-03 -0.542204E-09  13.  0.195504E+00
    1   7   4 -0.119163E-01  0.185322E-03 -0.680648E-09  13.  0.200418E+00
    1   8   4  0.726595E-02  0.185001E-03  0.000000E+00  13.  0.987305E+00
    1   9   4 -0.117423E-01  0.184654E-03 -0.599616E-09  13.  0.167332E+00
    1  10   4 -0.141185E-01  0.187580E-03 -0.602731E-09  13.  0.153534E+00
    1  11   4 -0.107724E-01  0.185475E-03 -0.797254E-09  13.  0.214500E+00
    1  12   4 -0.106597E-01  0.185668E-03 -0.564563E-09  13.  0.158749E+00
    2   1   4 -0.129379E-01  0.189390E-03 -0.504263E-09  13.  0.125849E+00
    2   3   4 -0.936599E-02  0.188253E-03 -0.462642E-09  13.  0.135423E+00
    2   5   4 -0.104191E-01  0.188698E-03 -0.721767E-09  13.  0.170200E+00
    2   7   4 -0.102191E-01  0.189916E-03 -0.645136E-09  13.  0.160854E+00
    2   9   4 -0.104132E-01  0.188742E-03 -0.859681E-09  13.  0.234169E+00
    2  11   4 -0.116349E-01  0.189961E-03 -0.617601E-09  13.  0.180600E+00
    2  13   4 -0.121829E-01  0.208353E-03 -0.449576E-09  14.  0.206599E+00
    2  15   4 -0.958452E-02  0.206586E-03 -0.512664E-09  14.  0.243803E+00
    2  17   4 -0.123805E-01  0.186758E-03 -0.657734E-09  13.  0.195579E+00
    2  19   4 -0.116648E-01  0.186371E-03 -0.578395E-09  13.  0.193327E+00
    2  21   4 -0.120945E-02  0.170119E-04 -0.235783E-10   2.  0.356829E-03
    2  23   4 -0.114349E-01  0.191118E-03 -0.100012E-08  13.  0.129099E+00
    3   1   4 -0.121782E-01  0.190907E-03 -0.656160E-09  13.  0.156802E+00
    3   2   4 -0.120614E-01  0.192558E-03 -0.689297E-09  13.  0.166990E+00
    3   3   4 -0.135848E-01  0.190002E-03 -0.635829E-09  13.  0.140940E+00
    3   4   4 -0.130561E-01  0.193503E-03 -0.672828E-09  13.  0.165077E+00
    3   5   4 -0.108696E-01  0.189829E-03 -0.765648E-09  13.  0.195765E+00
    3   6   4 -0.126644E-01  0.191067E-03 -0.759812E-09  13.  0.197126E+00
    3   7   4 -0.127679E-01  0.190175E-03 -0.762228E-09  13.  0.209649E+00
    3   8   4 -0.133221E-01  0.188237E-03 -0.752745E-09  13.  0.202533E+00
    3   9   4 -0.174540E-01  0.192087E-03 -0.667124E-09  13.  0.177006E+00
    3  10   4 -0.189540E-01  0.193325E-03 -0.644750E-09  13.  0.175305E+00
    3  11   4 -0.180589E-01  0.192943E-03 -0.828875E-09  13.  0.237710E+00
    3  12   4 -0.198915E-01  0.193017E-03 -0.620066E-09  13.  0.179868E+00
    3  13   4 -0.191970E-01  0.212492E-03 -0.381404E-09  13.  0.136227E+00
    3  14   4 -0.200542E-01  0.210922E-03 -0.349764E-09  13.  0.138304E+00
    3  15   4 -0.203635E-01  0.211171E-03 -0.446266E-09  14.  0.191355E+00
    3  16   4 -0.184695E-01  0.209744E-03 -0.343170E-09  13.  0.124381E+00
    3  17   4 -0.189000E-01  0.191539E-03 -0.730106E-09  13.  0.237368E+00
    3  18   4 -0.195391E-01  0.191714E-03 -0.706162E-09  13.  0.240329E+00
    3  19   4 -0.194887E-01  0.192340E-03 -0.707784E-09  13.  0.229396E+00
    3  20   4 -0.197146E-01  0.194341E-03 -0.744793E-09  13.  0.239778E+00
    3  21   4 -0.175823E-02  0.167778E-04 -0.138840E-10   2.  0.375665E-03
    3  22   4 -0.165390E-02  0.170112E-04 -0.140419E-10   2.  0.367009E-03
    3  23   4 -0.202400E-01  0.192141E-03 -0.727317E-09  13.  0.227146E+00
    3  24   4 -0.200071E-01  0.197625E-03 -0.832779E-09  13.  0.261311E+00
    4   1   4 -0.228720E-01  0.190486E-03 -0.611401E-09  13.  0.218607E+00
    4   2   4 -0.239086E-01  0.195154E-03 -0.715411E-09  13.  0.228737E+00
    4   3   4 -0.231769E-01  0.191814E-03 -0.730988E-09  13.  0.224364E+00
    4   4   4 -0.236723E-01  0.192043E-03 -0.654118E-09  13.  0.190016E+00
    4   5   4 -0.237148E-01  0.185541E-03 -0.714995E-09  13.  0.233102E+00
    4   6   4 -0.220531E-01  0.191496E-03 -0.746281E-09  13.  0.213403E+00
    4   7   4 -0.219072E-01  0.193198E-03 -0.689113E-09  13.  0.200852E+00
    4   8   4 -0.233950E-01  0.194061E-03 -0.712240E-09  12.  0.206980E+00
    4   9   4 -0.198236E-02  0.170257E-04  0.000000E+00   3.  0.400591E-03
    4  10   4 -0.215676E-02  0.168935E-04  0.000000E+00   3.  0.432602E-03
    4  11   4 -0.240267E-01  0.188901E-03 -0.618113E-09  13.  0.150910E+00
    4  12   4 -0.239731E-01  0.190622E-03 -0.631734E-09  13.  0.143048E+00
    4  13   4 -0.228698E-01  0.188039E-03 -0.601841E-09  13.  0.154349E+00
    4  14   4 -0.219844E-01  0.188606E-03 -0.662186E-09  13.  0.166960E+00
    4  15   4 -0.219109E-01  0.189107E-03 -0.632708E-09  13.  0.175015E+00
    4  16   4 -0.228562E-01  0.194535E-03 -0.803180E-09  13.  0.180288E+00
    4  17   4 -0.194022E-01  0.189554E-03 -0.745043E-09  13.  0.195528E+00
    4  18   4 -0.139816E-01  0.189659E-03 -0.713097E-09  13.  0.194756E+00
    4  19   4 -0.155212E-01  0.189315E-03 -0.713863E-09  13.  0.180807E+00
    4  20   4 -0.150730E-01  0.191811E-03 -0.789361E-09  13.  0.195250E+00
    4  21   4 -0.146722E-01  0.190978E-03 -0.713982E-09  13.  0.167656E+00
    4  22   4 -0.140748E-01  0.188184E-03 -0.411137E-09  13.  0.902588E-01
    4  23   4 -0.159449E-01  0.190417E-03 -0.739745E-09  13.  0.171313E+00
    4  24   4 -0.138184E-01  0.192849E-03 -0.791201E-09  13.  0.199532E+00
    5   1   4 -0.183497E-01  0.195128E-03 -0.882154E-09  13.  0.230757E+00
    5   2   4 -0.174375E-01  0.191258E-03 -0.704422E-09  13.  0.180650E+00
    5   3   4 -0.176229E-01  0.192938E-03 -0.869032E-09  13.  0.216306E+00
    5   4   4 -0.180322E-01  0.192459E-03 -0.856242E-09  13.  0.218070E+00
    5   5   4 -0.167940E-01  0.194608E-03 -0.894575E-09  13.  0.209230E+00
    5   6   4 -0.173911E-01  0.191088E-03 -0.933531E-09  13.  0.210337E+00
    5   7   4 -0.148200E-01  0.193192E-03 -0.915572E-09  13.  0.209978E+00
    5   8   4 -0.150038E-01  0.191631E-03 -0.877952E-09  13.  0.233419E+00
    5   9   4 -0.164182E-02  0.164220E-04  0.000000E+00   3.  0.447507E-03
    5  10   4 -0.170813E-02  0.169990E-04  0.000000E+00   3.  0.534928E-03
    5  11   4 -0.205241E-01  0.192071E-03  0.000000E+00  14.  0.126509E+00
    5  12   4 -0.191290E-01  0.190645E-03 -0.585910E-09  13.  0.118112E+00
    5  13   4 -0.198626E-01  0.190054E-03 -0.726353E-09  13.  0.151121E+00
    5  14   4 -0.197474E-01  0.184806E-03 -0.636147E-09  13.  0.161101E+00
    5  15   4 -0.176920E-01  0.189791E-03 -0.699270E-09  13.  0.161934E+00
    5  16   4 -0.184592E-01  0.188004E-03 -0.709470E-09  13.  0.145343E+00
    5  17   4 -0.168819E-01  0.193230E-03 -0.871243E-09  13.  0.188291E+00
    5  18   4 -0.177704E-01  0.191506E-03 -0.681672E-09  13.  0.137381E+00
    5  19   4 -0.181942E-01  0.191900E-03 -0.783695E-09  13.  0.144836E+00
    5  20   4 -0.216293E-01  0.188457E-03 -0.734876E-09  13.  0.147877E+00
    5  21   4 -0.188260E-01  0.188144E-03 -0.794138E-09  13.  0.159399E+00
    5  22   4 -0.162082E-01  0.191170E-03 -0.734603E-09  13.  0.102444E+00
    5  23   4 -0.165100E-01  0.193312E-03 -0.780099E-09  13.  0.160123E+00
    5  24   4 -0.175893E-01  0.190799E-03 -0.755748E-09  13.  0.151400E+00
    1   1   5  0.000000E+00  0.100000E+01  0.000000E+00   0.  0.000000E+00
    1   2   5 -0.207148E+00  0.280320E-02 -0.576737E-08  12.  0.338680E+00
    1   3   5 -0.227799E+00  0.274267E-02 -0.302590E-08  12.  0.170214E+00
    1   4   5 -0.210933E+00  0.279748E-02 -0.297891E-08  12.  0.865893E-01
    1   5   5 -0.194529E+00  0.275827E-02  0.000000E+00  13.  0.150461E+00
    1   6   5 -0.195460E+00  0.275048E-02  0.000000E+00  13.  0.857850E-01
    1   7   5 -0.196015E+00  0.275750E-02  0.000000E+00  13.  0.162336E+00
    1   8   5 -0.183681E+00  0.279299E-02 -0.417029E-08  12.  0.236625E+00
    1   9   5 -0.201573E+00  0.275600E-02 -0.238446E-08  12.  0.145945E+00
    1  10   5 -0.199146E+00  0.280061E-02  0.000000E+00  13.  0.163774E+00
    1  11   5 -0.198982E+00  0.277747E-02  0.000000E+00  13.  0.179689E+00
    1  12   5 -0.201443E+00  0.274464E-02  0.000000E+00  13.  0.199710E+01
    2   1   5 -0.207646E+00  0.287666E-02  0.000000E+00  13.  0.162540E+00
    2   3   5 -0.216777E+00  0.285476E-02  0.000000E+00  13.  0.898973E-01
    2   5   5 -0.213101E+00  0.285646E-02 -0.196591E-08  12.  0.115879E+00
    2   7   5 -0.213108E+00  0.285823E-02 -0.368709E-08  12.  0.121208E+00
    2   9   5 -0.200409E+00  0.283720E-02 -0.259936E-08  12.  0.160849E+00
    2  11   5 -0.207500E+00  0.285878E-02  0.000000E+00  13.  0.947477E-01
    2  13   5 -0.224699E+00  0.312590E-02  0.000000E+00  13.  0.112074E+00
    2  15   5 -0.225243E+00  0.312897E-02  0.000000E+00  13.  0.135090E+00
    2  17   5 -0.202849E+00  0.280892E-02 -0.368393E-08  12.  0.173896E+00
    2  19   5 -0.204929E+00  0.277875E-02  0.000000E+00  13.  0.211094E+00
    2  21   5 -0.181771E-01  0.253962E-03  0.000000E+00  15.  0.126533E+00
    2  23   5 -0.203657E+00  0.286802E-02 -0.805186E-08  12.  0.117158E+01
    3   1   5 -0.207933E+00  0.283596E-02  0.000000E+00  13.  0.266664E+00
    3   2   5 -0.211830E+00  0.286493E-02  0.000000E+00  13.  0.263854E+00
    3   3   5 -0.207652E+00  0.287602E-02  0.000000E+00  13.  0.253675E+00
    3   4   5 -0.214162E+00  0.289205E-02 -0.269534E-08  12.  0.181250E+00
    3   5   5 -0.205159E+00  0.283627E-02  0.000000E+00  13.  0.180440E+00
    3   6   5 -0.206791E+00  0.282659E-02 -0.289832E-08  12.  0.130729E+00
    3   7   5 -0.201699E+00  0.283584E-02  0.000000E+00  13.  0.197805E+00
    3   8   5 -0.203871E+00  0.280050E-02 -0.224378E-08  12.  0.176442E+00
    3   9   5 -0.239289E+00  0.282528E-02 -0.218717E-08  12.  0.162145E+00
    3  10   5 -0.243489E+00  0.283225E-02 -0.394409E-08  12.  0.314520E+00
    3  11   5 -0.247879E+00  0.280804E-02  0.000000E+00  13.  0.222832E+00
    3  12   5 -0.253398E+00  0.281652E-02  0.000000E+00  13.  0.248552E+00
    3  13   5 -0.275906E+00  0.310793E-02  0.000000E+00  13.  0.185377E+00
    3  14   5 -0.271806E+00  0.306641E-02 -0.705478E-08  12.  0.808275E-01
    3  15   5 -0.277397E+00  0.310788E-02 -0.531889E-08  12.  0.108203E+00
    3  16   5 -0.269580E+00  0.311215E-02  0.000000E+00  13.  0.134043E+00
    3  17   5 -0.235845E+00  0.282112E-02 -0.326863E-08  12.  0.230815E+00
    3  18   5 -0.236274E+00  0.280448E-02  0.000000E+00  13.  0.298326E+00
    3  19   5 -0.241905E+00  0.282068E-02  0.000000E+00  13.  0.277510E+00
    3  20   5 -0.234937E+00  0.277353E-02  0.000000E+00  13.  0.288951E+00
    3  21   5 -0.204941E-01  0.244478E-03  0.000000E+00  15.  0.119657E+00
    3  22   5 -0.206594E-01  0.251939E-03  0.000000E+00  15.  0.111221E+00
    3  23   5 -0.238440E+00  0.282197E-02 -0.411512E-08  12.  0.423062E+00
    3  24   5 -0.238084E+00  0.288809E-02  0.000000E+00  13.  0.290176E+00
    4   1   5 -0.241831E+00  0.280685E-02 -0.197350E-08  12.  0.120704E+00
    4   2   5 -0.244685E+00  0.284011E-02 -0.280718E-08  12.  0.955586E-01
    4   3   5 -0.239344E+00  0.282568E-02 -0.360739E-08  12.  0.128154E+00
    4   4   5 -0.242028E+00  0.282266E-02 -0.263673E-08  12.  0.114812E+00
    4   5   5 -0.236664E+00  0.278471E-02 -0.309394E-08  12.  0.109083E+00
    4   6   5 -0.240259E+00  0.285233E-02 -0.264026E-08  12.  0.118549E+00
    4   7   5 -0.240678E+00  0.279674E-02 -0.187004E-08  12.  0.136199E+00
    4   8   5 -0.242948E+00  0.284595E-02 -0.338894E-08  12.  0.161006E+00
    4   9   5 -0.211046E-01  0.249189E-03  0.000000E+00  15.  0.530710E-01
    4  10   5 -0.210200E-01  0.247408E-03  0.000000E+00  15.  0.482574E-01
    4  11   5 -0.233963E+00  0.275255E-02  0.000000E+00  13.  0.381692E+00
    4  12   5 -0.244759E+00  0.281729E-02 -0.338878E-08  12.  0.245645E+00
    4  13   5 -0.232655E+00  0.272732E-02 -0.193939E-08  12.  0.139400E+00
    4  14   5 -0.231847E+00  0.275476E-02 -0.303807E-08  12.  0.100480E+00
    4  15   5 -0.235722E+00  0.278801E-02 -0.235653E-08  12.  0.119199E+00
    4  16   5 -0.240147E+00  0.284631E-02  0.000000E+00  13.  0.107719E+00
    4  17   5 -0.205131E+00  0.281947E-02 -0.426260E-08  12.  0.242777E+00
    4  18   5 -0.209226E+00  0.280710E-02 -0.433197E-08  12.  0.253405E+00
    4  19   5 -0.212757E+00  0.284130E-02 -0.402244E-08  12.  0.280420E+00
    4  20   5 -0.216601E+00  0.286714E-02 -0.287820E-08  12.  0.228923E+00
    4  21   5 -0.214324E+00  0.281708E-02 -0.252548E-08  12.  0.211344E+00
    4  22   5 -0.216372E+00  0.279812E-02  0.000000E+00  13.  0.144455E+00
    4  23   5 -0.216479E+00  0.280910E-02  0.000000E+00  13.  0.264962E+00
    4  24   5 -0.204382E+00  0.284942E-02 -0.345682E-08  12.  0.185530E+00
    5   1   5 -0.209073E+00  0.291420E-02 -0.710436E-08  12.  0.229924E+00
    5   2   5 -0.204869E+00  0.284322E-02 -0.547262E-08  12.  0.140034E+00
    5   3   5 -0.205178E+00  0.285033E-02 -0.561693E-08  12.  0.182609E+00
    5   4   5 -0.208692E+00  0.284807E-02 -0.579087E-08  12.  0.217719E+00
    5   5   5 -0.212742E+00  0.285528E-02 -0.588178E-08  12.  0.310221E+00
    5   6   5 -0.207716E+00  0.281899E-02 -0.677750E-08  12.  0.428746E+00
    5   7   5 -0.210949E+00  0.283724E-02 -0.553272E-08  12.  0.340476E+00
    5   8   5 -0.203591E+00  0.285588E-02 -0.501376E-08  12.  0.333710E+00
    5   9   5 -0.187100E-01  0.248528E-03  0.000000E+00  15.  0.459221E-01
    5  10   5 -0.193210E-01  0.251089E-03  0.000000E+00  15.  0.432362E-01
    5  11   5 -0.252665E+00  0.284057E-02  0.000000E+00  13.  0.875547E+02
    5  12   5 -0.219876E+00  0.283442E-02  0.000000E+00  13.  0.280141E+01
    5  13   5 -0.212001E+00  0.284001E-02 -0.709890E-08  12.  0.119955E+01
    5  14   5 -0.214261E+00  0.278972E-02 -0.574573E-08  12.  0.439495E+00
    5  15   5 -0.213921E+00  0.282922E-02  0.000000E+00  13.  0.190115E+01
    5  16   5 -0.209845E+00  0.279750E-02 -0.640680E-08  12.  0.160618E+01
    5  17   5 -0.219656E+00  0.286172E-02 -0.553317E-08  12.  0.114473E+00
    5  18   5 -0.217243E+00  0.283041E-02 -0.600690E-08  12.  0.185126E+00
    5  19   5 -0.211792E+00  0.283979E-02 -0.555804E-08  12.  0.186701E+00
    5  20   5 -0.212967E+00  0.278753E-02 -0.493097E-08  12.  0.181493E+00
    5  21   5 -0.212725E+00  0.282137E-02 -0.492958E-08  12.  0.186590E+00
    5  22   5 -0.220184E+00  0.283660E-02 -0.530966E-08  12.  0.156514E+00
    5  23   5 -0.229546E+00  0.286690E-02 -0.622222E-08  12.  0.208774E+00
    5  24   5 -0.219384E+00  0.287354E-02 -0.646005E-08  12.  0.180120E+00
    6   1   4  0.788505E-03  0.676209E-04  0.000000E+00  13.  0.210316E+00
    6   2   4 -0.848107E-03  0.663667E-04  0.000000E+00  13.  0.198641E+00
    6   3   4 -0.794364E-03  0.169715E-04 -0.727492E-10   2.  0.272660E-03
    6   4   4 -0.952432E-03  0.170151E-04 -0.718782E-10   2.  0.451489E-03
    6   5   4 -0.220791E-02  0.671131E-04  0.000000E+00  13.  0.208723E+00
    6   6   4 -0.227913E-02  0.670392E-04  0.000000E+00  13.  0.213268E+00
    6   7   4 -0.285126E-02  0.670034E-04  0.000000E+00  13.  0.159721E+00
    6   8   4 -0.204918E-02  0.665033E-04  0.000000E+00  13.  0.194550E+00
    6   9   4  0.831284E-03  0.670544E-04  0.000000E+00  13.  0.197556E+00
    6  10   4 -0.285765E-02  0.660583E-04  0.000000E+00  13.  0.181955E+00
    6  11   4 -0.283773E-02  0.669454E-04  0.000000E+00  13.  0.193502E+00
    6  12   4 -0.312026E-02  0.669206E-04  0.000000E+00  13.  0.188690E+00
    6  13   4 -0.120219E-02  0.164688E-04 -0.674176E-10   2.  0.337789E-03
    6  14   4 -0.103059E-02  0.168233E-04 -0.730256E-10   2.  0.335782E-03
    6  15   4 -0.221208E-02  0.644716E-04  0.000000E+00  13.  0.205284E+00
    6  16   4 -0.257851E-02  0.654661E-04  0.000000E+00  13.  0.207158E+00
    6  17   4  0.849037E-03  0.664638E-04  0.000000E+00  13.  0.275159E-01
    6  18   4 -0.389265E-02  0.659960E-04 -0.780672E-10  12.  0.149654E-01
    6  19   4 -0.328059E-02  0.645313E-04 -0.691072E-10  12.  0.141342E-01
    6  20   4 -0.265096E-02  0.652697E-04 -0.102608E-09  12.  0.192062E-01
    6  21   4 -0.266067E-02  0.650056E-04 -0.819943E-10  12.  0.139782E-01
    6  22   4 -0.314519E-02  0.657655E-04 -0.814524E-10  12.  0.142512E-01
    6  23   4 -0.292492E-02  0.644484E-04 -0.800995E-10  12.  0.171886E-01
    6  24   4 -0.301242E-02  0.667646E-04 -0.963285E-10  12.  0.160707E-01
    7   1   4 -0.380576E-02  0.670638E-04  0.000000E+00  13.  0.184006E+00
    7   2   4 -0.334265E-02  0.674405E-04  0.000000E+00  13.  0.194493E+00
    7   3   4 -0.144582E-02  0.172178E-04 -0.736199E-10   2.  0.279689E-03
    7   4   4 -0.130727E-02  0.172826E-04 -0.740532E-10   2.  0.367017E-03
    7   5   4 -0.323013E-02  0.664977E-04  0.000000E+00  13.  0.187330E+00
    7   6   4 -0.310332E-02  0.662685E-04  0.000000E+00  13.  0.206992E+00
    7   7   4 -0.273150E-02  0.678547E-04  0.000000E+00  13.  0.191579E+00
    7   8   4 -0.318633E-02  0.656378E-04  0.000000E+00  13.  0.206390E+00
    7   9   4 -0.343012E-02  0.672714E-04  0.000000E+00  13.  0.220882E+00
    7  10   4 -0.378742E-02  0.647707E-04  0.000000E+00  13.  0.211553E+00
    7  11   4 -0.368891E-02  0.672925E-04  0.000000E+00  13.  0.199740E+00
    7  12   4 -0.321535E-02  0.658400E-04  0.000000E+00  13.  0.225281E+00
    7  13   4 -0.147555E-02  0.172201E-04 -0.758815E-10   2.  0.342449E-03
    7  14   4 -0.150078E-02  0.167353E-04 -0.728783E-10   2.  0.411608E-03
    7  15   4 -0.382015E-02  0.659402E-04  0.000000E+00  13.  0.261745E+00
    7  16   4 -0.470448E-02  0.646850E-04  0.000000E+00  13.  0.210388E+00
    7  17   4 -0.537373E-02  0.671136E-04 -0.148590E-09  12.  0.208545E-01
    7  18   4 -0.606587E-02  0.665036E-04 -0.136072E-09  12.  0.238137E-01
    7  19   4 -0.562296E-02  0.658578E-04 -0.108670E-09  12.  0.161013E-01
    7  20   4 -0.389373E-02  0.657186E-04 -0.120206E-09  12.  0.167782E-01
    7  21   4 -0.472025E-02  0.667794E-04 -0.109297E-09  12.  0.172883E-01
    7  22   4 -0.456599E-02  0.676618E-04 -0.132919E-09  12.  0.195341E-01
    7  23   4 -0.517771E-02  0.682071E-04 -0.160051E-09  12.  0.234326E-01
    7  24   4 -0.493890E-02  0.663615E-04 -0.155647E-09  12.  0.215657E-01
    6   1   5 -0.173382E-01  0.100451E-02  0.000000E+00  27.  0.195950E+00
    6   2   5 -0.135072E-01  0.982679E-03  0.000000E+00  27.  0.235959E+00
    6   3   5 -0.303190E-02  0.243865E-03  0.000000E+00  15.  0.105381E+00
    6   4   5 -0.316685E-02  0.243707E-03  0.000000E+00  15.  0.929111E-01
    6   5   5 -0.137105E-01  0.988614E-03  0.792951E-09  26.  0.181106E+00
    6   6   5 -0.131175E-01  0.985230E-03  0.931743E-09  26.  0.194678E+00
    6   7   5 -0.140131E-01  0.989671E-03  0.863954E-09  26.  0.170520E+00
    6   8   5 -0.120350E-01  0.976435E-03  0.574244E-09  26.  0.447196E+00
    6   9   5 -0.401678E-02  0.985869E-03  0.000000E+00  27.  0.885942E+00
    6  10   5 -0.137583E-01  0.969020E-03 -0.663171E-09  26.  0.356913E+00
    6  11   5 -0.157915E-01  0.992276E-03 -0.707612E-09  26.  0.429473E+00
    6  12   5 -0.135665E-01  0.994712E-03  0.000000E+00  27.  0.304037E+00
    6  13   5 -0.319472E-02  0.233840E-03  0.000000E+00  15.  0.910621E-01
    6  14   5 -0.349660E-02  0.240246E-03  0.000000E+00  15.  0.921084E-01
    6  15   5 -0.132026E-01  0.953976E-03  0.704593E-09  26.  0.225258E+00
    6  16   5 -0.124492E-01  0.964055E-03  0.607587E-09  26.  0.267372E+00
    6  17   5 -0.107308E-02  0.996956E-03  0.108583E-08  26.  0.149281E+00
    6  18   5 -0.126646E-01  0.971136E-03  0.643569E-09  26.  0.340208E+00
    6  19   5 -0.137534E-01  0.955489E-03  0.527084E-09  26.  0.298782E+00
    6  20   5 -0.152008E-01  0.964122E-03  0.000000E+00  27.  0.360317E+00
    6  21   5 -0.155740E-01  0.972469E-03  0.000000E+00  27.  0.213679E+00
    6  22   5 -0.145029E-01  0.978405E-03  0.000000E+00  27.  0.190058E+00
    6  23   5 -0.121594E-01  0.946928E-03  0.230262E-09  26.  0.120854E+00
    6  24   5 -0.139495E-01  0.973985E-03  0.000000E+00  27.  0.145411E+00
    7   1   5 -0.135148E-01  0.986222E-03  0.000000E+00  27.  0.434196E+00
    7   2   5 -0.164003E-01  0.997085E-03  0.417508E-09  26.  0.296458E+00
    7   3   5 -0.398931E-02  0.246644E-03  0.000000E+00  15.  0.902802E-01
    7   4   5 -0.356137E-02  0.245671E-03  0.000000E+00  15.  0.908297E-01
    7   5   5 -0.139590E-01  0.981455E-03  0.392946E-09  26.  0.167851E+00
    7   6   5 -0.158726E-01  0.989191E-03  0.000000E+00  27.  0.206181E+00
    7   7   5 -0.161293E-01  0.100857E-02  0.000000E+00  27.  0.175194E+00
    7   8   5 -0.156220E-01  0.972829E-03  0.292854E-09  26.  0.175559E+00
    7   9   5 -0.728517E-01  0.101427E-02  0.000000E+00  27.  0.247488E+00
    7  10   5 -0.692329E-01  0.980705E-03  0.000000E+00  27.  0.197940E+00
    7  11   5 -0.709767E-01  0.101256E-02  0.000000E+00  27.  0.203586E+00
    7  12   5 -0.697601E-01  0.987707E-03  0.000000E+00  27.  0.259807E+00
    7  13   5 -0.174939E-01  0.248805E-03  0.000000E+00  15.  0.104400E+00
    7  14   5 -0.174860E-01  0.244257E-03  0.000000E+00  15.  0.107946E+00
    7  15   5 -0.687267E-01  0.987930E-03  0.000000E+00  27.  0.292368E+00
    7  16   5 -0.692803E-01  0.983297E-03  0.000000E+00  27.  0.302088E+00
    7  17   5 -0.710484E-01  0.993063E-03  0.392711E-09  26.  0.712671E-01
    7  18   5 -0.730904E-01  0.991054E-03  0.738346E-09  26.  0.484653E-01
    7  19   5 -0.697867E-01  0.984089E-03  0.593985E-09  26.  0.628787E-01
    7  20   5 -0.659778E-01  0.985307E-03  0.494546E-09  26.  0.546760E-01
    7  21   5 -0.715297E-01  0.100102E-02  0.485119E-09  26.  0.362335E-01
    7  22   5 -0.732248E-01  0.100960E-02  0.507756E-09  26.  0.524362E-01
    7  23   5 -0.743095E-01  0.102681E-02  0.371914E-09  26.  0.577791E-01
    7  24   5 -0.703511E-01  0.991859E-03  0.297800E-09  26.  0.780739E-01
    8   1   4 -0.385461E-02  0.473829E-04  0.000000E+00  17.  0.178529E-01
    8   2   4 -0.397485E-02  0.466659E-04  0.000000E+00  17.  0.179863E-01
    8   3   4 -0.408952E-02  0.472096E-04  0.000000E+00  17.  0.181340E-01
    8   4   4 -0.388634E-02  0.465319E-04  0.000000E+00  17.  0.178121E-01
    8   5   4 -0.386497E-02  0.463896E-04  0.000000E+00  17.  0.180234E-01
    8   6   4 -0.411317E-02  0.469570E-04  0.000000E+00  17.  0.178239E-01
    8   7   4 -0.128002E-02  0.165451E-04  0.000000E+00   6.  0.710236E-02
    8   8   4 -0.993523E-03  0.167383E-04  0.000000E+00   6.  0.704756E-02
    8   9   4 -0.510016E-02  0.474090E-04 -0.179302E-09  16.  0.113675E-01
    8  10   4 -0.490485E-02  0.461824E-04 -0.174979E-09  16.  0.117421E-01
    8  11   4 -0.496012E-02  0.465458E-04 -0.171516E-09  16.  0.111798E-01
    8  12   4 -0.521562E-02  0.473796E-04 -0.183309E-09  16.  0.113547E-01
    8  13   4 -0.493654E-02  0.465020E-04 -0.183050E-09  16.  0.120117E-01
    8  14   4 -0.497562E-02  0.465813E-04 -0.177027E-09  16.  0.119179E-01
    8  15   4 -0.493422E-02  0.465133E-04 -0.189099E-09  16.  0.119060E-01
    8  16   4 -0.534658E-02  0.461550E-04 -0.173902E-09  16.  0.117326E-01
    8  17   4 -0.165704E-02  0.165475E-04  0.000000E+00   6.  0.731977E-02
    8  18   4 -0.159624E-02  0.164843E-04  0.000000E+00   6.  0.746839E-02
    8  19   4 -0.332548E-02  0.471640E-04 -0.186369E-09  16.  0.116595E-01
    8  20   4 -0.322639E-02  0.467133E-04 -0.184447E-09  16.  0.121142E-01
    8  21   4 -0.285459E-02  0.477144E-04 -0.193323E-09  16.  0.115851E-01
    8  22   4 -0.351581E-02  0.472247E-04 -0.187542E-09  16.  0.115768E-01
    8  23   4 -0.172087E-02  0.165105E-04  0.000000E+00   6.  0.773861E-02
    8  24   4 -0.222480E-02  0.163774E-04  0.000000E+00   6.  0.759264E-02
    9   1   4 -0.311093E-02  0.469364E-04  0.000000E+00  17.  0.191954E-01
    9   2   4 -0.278845E-02  0.460668E-04  0.000000E+00  17.  0.194100E-01
    9   3   4 -0.248867E-02  0.469661E-04  0.000000E+00  17.  0.190732E-01
    9   4   4 -0.303850E-02  0.472074E-04  0.000000E+00  17.  0.192143E-01
    9   5   4 -0.282715E-02  0.472550E-04  0.000000E+00  17.  0.194776E-01
    9   6   4 -0.315357E-02  0.466679E-04  0.000000E+00  17.  0.194211E-01
    9   7   4 -0.769983E-03  0.164895E-04  0.000000E+00   6.  0.706388E-02
    9   8   4 -0.808046E-03  0.163497E-04  0.000000E+00   6.  0.757416E-02
    9   9   4 -0.394196E-02  0.472713E-04 -0.183894E-09  16.  0.110991E-01
    9  10   4 -0.409876E-02  0.462954E-04 -0.176190E-09  16.  0.115274E-01
    9  11   4 -0.398946E-02  0.469245E-04 -0.182322E-09  16.  0.113074E-01
    9  12   4 -0.415538E-02  0.466411E-04 -0.181453E-09  16.  0.110556E-01
    9  13   4 -0.392330E-02  0.463537E-04 -0.169626E-09  16.  0.112015E-01
    9  14   4 -0.420531E-02  0.460130E-04 -0.178257E-09  16.  0.114746E-01
    9  15   4 -0.367791E-02  0.471617E-04 -0.185502E-09  16.  0.116771E-01
    9  16   4 -0.389800E-02  0.456472E-04 -0.178591E-09  16.  0.116901E-01
    9  17   4 -0.240785E-02  0.164952E-04  0.000000E+00   6.  0.757627E-02
    9  18   4 -0.235506E-02  0.164453E-04  0.000000E+00   6.  0.708105E-02
    9  19   4 -0.599848E-02  0.479614E-04 -0.220641E-09  16.  0.118265E-01
    9  20   4 -0.594211E-02  0.465787E-04 -0.175623E-09  16.  0.111971E-01
    9  21   4 -0.600669E-02  0.480966E-04 -0.192082E-09  16.  0.114816E-01
    9  22   4 -0.443729E-02  0.473887E-04 -0.187446E-09  16.  0.111569E-01
    9  23   4 -0.269846E-02  0.168179E-04  0.000000E+00   6.  0.712678E-02
    9  24   4 -0.245963E-02  0.164851E-04  0.000000E+00   6.  0.714213E-02
    8   1   5 -0.525879E-01  0.708787E-03  0.302801E-09  36.  0.332808E-01
    8   2   5 -0.520555E-01  0.710261E-03  0.292357E-09  36.  0.333690E-01
    8   3   5 -0.527542E-01  0.716447E-03  0.298368E-09  36.  0.414526E-01
    8   4   5 -0.508110E-01  0.698972E-03  0.336453E-09  36.  0.355858E-01
    8   5   5 -0.511980E-01  0.701270E-03  0.419011E-09  36.  0.321913E-01
    8   6   5 -0.527016E-01  0.706665E-03  0.334947E-09  36.  0.528522E-01
    8   7   5 -0.181504E-01  0.248810E-03  0.202409E-09  24.  0.244325E-01
    8   8   5 -0.168702E-01  0.249383E-03  0.190811E-09  24.  0.234058E-01
    8   9   5 -0.525788E-01  0.704981E-03  0.584863E-09  36.  0.576583E-01
    8  10   5 -0.519880E-01  0.694353E-03  0.474667E-09  36.  0.508657E-01
    8  11   5 -0.516322E-01  0.693550E-03  0.459683E-09  36.  0.484078E-01
    8  12   5 -0.522104E-01  0.701073E-03  0.474279E-09  36.  0.538908E-01
    8  13   5 -0.528734E-01  0.700315E-03  0.339102E-09  36.  0.517062E-01
    8  14   5 -0.522232E-01  0.692170E-03  0.347209E-09  36.  0.520052E-01
    8  15   5 -0.519984E-01  0.688316E-03  0.371868E-09  36.  0.551525E-01
    8  16   5 -0.513759E-01  0.685518E-03  0.416292E-09  36.  0.548193E-01
    8  17   5 -0.195487E-01  0.246766E-03  0.000000E+00  25.  0.592898E-01
    8  18   5 -0.191176E-01  0.242249E-03  0.000000E+00  25.  0.522265E-01
    8  19   5 -0.547814E-01  0.688854E-03  0.627753E-09  36.  0.447588E-01
    8  20   5 -0.535421E-01  0.685708E-03  0.740688E-09  36.  0.534098E-01
    8  21   5 -0.557484E-01  0.703173E-03  0.781282E-09  36.  0.484389E-01
    8  22   5 -0.550949E-01  0.685444E-03  0.562215E-09  36.  0.868660E-01
    8  23   5 -0.196873E-01  0.244747E-03  0.000000E+00  25.  0.628636E-01
    8  24   5 -0.195162E-01  0.244074E-03  0.000000E+00  25.  0.578100E-01
    9   1   5 -0.552767E-01  0.702574E-03  0.373856E-09  36.  0.178468E+00
    9   2   5 -0.552140E-01  0.686998E-03  0.721516E-09  36.  0.332898E-01
    9   3   5 -0.538382E-01  0.689572E-03  0.726040E-09  36.  0.390437E-01
    9   4   5 -0.554170E-01  0.704974E-03  0.670273E-09  36.  0.458745E-01
    9   5   5 -0.553511E-01  0.697618E-03  0.571521E-09  36.  0.389464E-01
    9   6   5 -0.559960E-01  0.704065E-03  0.473150E-09  36.  0.324897E-01
    9   7   5 -0.188428E-01  0.246111E-03  0.176311E-09  24.  0.246260E-01
    9   8   5 -0.195490E-01  0.245743E-03  0.134692E-09  24.  0.246704E-01
    9   9   5 -0.558941E-01  0.688768E-03  0.390526E-09  36.  0.602098E-01
    9  10   5 -0.549242E-01  0.681479E-03  0.477755E-09  36.  0.520683E-01
    9  11   5 -0.554654E-01  0.686194E-03  0.637081E-09  36.  0.442515E-01
    9  12   5 -0.545136E-01  0.679557E-03  0.451208E-09  36.  0.505821E-01
    9  13   5 -0.540664E-01  0.687103E-03  0.460034E-09  36.  0.580056E-01
    9  14   5 -0.529077E-01  0.673297E-03  0.328736E-09  35.  0.503890E-01
    9  15   5 -0.533133E-01  0.691349E-03  0.403974E-09  36.  0.500016E-01
    9  16   5 -0.524800E-01  0.671530E-03  0.349375E-09  35.  0.483486E-01
    9  17   5 -0.193933E-01  0.244564E-03  0.000000E+00  25.  0.549511E-01
    9  18   5 -0.201610E-01  0.242646E-03  0.000000E+00  25.  0.558675E-01
    9  19   5 -0.524117E-01  0.696963E-03  0.000000E+00  37.  0.197616E+00
    9  20   5 -0.549717E-01  0.689431E-03  0.447017E-09  36.  0.444153E-01
    9  21   5 -0.568078E-01  0.697808E-03  0.560415E-09  36.  0.470948E-01
    9  22   5 -0.559356E-01  0.692438E-03  0.442769E-09  36.  0.484977E-01
    9  23   5 -0.194770E-01  0.250075E-03  0.194686E-09  24.  0.455454E-01
    9  24   5 -0.205178E-01  0.243660E-03  0.163743E-09  24.  0.427216E-01
    8   1   2 -0.103055E+00  0.109911E-02  0.180952E-08  14.  0.531028E+01
    8   3   2 -0.104571E+00  0.115025E-02  0.308103E-08  14.  0.372224E+01
    8   5   2 -0.102343E+00  0.110159E-02  0.326212E-08  14.  0.708416E+01
    8   7   2 -0.992830E-01  0.109714E-02  0.350863E-08  14.  0.536748E+01
    8   9   2 -0.109564E+00  0.115023E-02  0.696630E-08  14.  0.213383E+02
    8  11   2 -0.105471E+00  0.114000E-02  0.638695E-08  14.  0.128410E+02
    8  13   2 -0.981861E-01  0.107672E-02  0.737422E-08  14.  0.156840E+02
    8  15   2 -0.105070E+00  0.110686E-02  0.363377E-08  14.  0.825302E+01
    8  17   2 -0.117040E+00  0.118907E-02  0.589789E-08  13.  0.302971E+02
    8  19   2 -0.128434E+00  0.121414E-02  0.000000E+00  15.  0.438670E+02
    8  21   2 -0.920038E-01  0.100856E-02  0.208748E-08  14.  0.432672E+01
    8  23   2 -0.952651E-01  0.104546E-02  0.432480E-08  14.  0.621382E+01
   10   1   2 -0.100399E+00  0.111105E-02  0.296781E-08  14.  0.375050E+01
   10   3   2 -0.103121E+00  0.113917E-02  0.434082E-08  14.  0.311091E+01
   10   5   2 -0.102931E+00  0.110680E-02  0.316095E-08  14.  0.590110E+01
   10   7   2 -0.970273E-01  0.106453E-02  0.251196E-08  14.  0.364402E+01
   10   9   2 -0.977432E-01  0.106566E-02  0.317562E-08  14.  0.665580E+01
   10  11   2 -0.983568E-01  0.106563E-02  0.590867E-08  14.  0.116575E+02
   10  13   2 -0.103520E+00  0.113226E-02  0.417265E-08  14.  0.603866E+01
   10  15   2 -0.962619E-01  0.105986E-02  0.337417E-08  14.  0.421765E+01
   10  17   2 -0.959476E-01  0.101322E-02  0.209973E-08  14.  0.404950E+01
   10  19   2 -0.954404E-01  0.102779E-02  0.175891E-08  14.  0.312352E+01
   10  21   2 -0.921707E-01  0.102648E-02  0.148974E-08  14.  0.293439E+01
   10  23   2 -0.950940E-01  0.101049E-02  0.221956E-08  14.  0.415843E+01
   12   1   2 -0.148085E+00  0.157601E-02  0.567231E-08  14.  0.354377E+01
   12   3   2 -0.101711E+00  0.110342E-02  0.220385E-08  14.  0.381410E+01
   12   5   2 -0.142517E+00  0.157581E-02  0.500714E-08  14.  0.417971E+01
   12   7   2 -0.963385E-01  0.104265E-02  0.364898E-08  14.  0.651835E+01
   12   9   2 -0.320539E-01  0.101640E-02  0.129195E-08  14.  0.283455E+01
   12  11   2 -0.312104E-01  0.110275E-02  0.470836E-08  14.  0.611307E+01
   12  13   2 -0.314632E-01  0.995744E-03  0.329768E-08  14.  0.726305E+01
   12  15   2 -0.328173E-01  0.100748E-02  0.204326E-08  14.  0.298523E+01
   12  17   2 -0.288170E-01  0.975015E-03  0.241134E-08  14.  0.314255E+01
   12  19   2 -0.288527E-01  0.946467E-03  0.108477E-08  14.  0.166142E+01
   12  21   2 -0.294880E-01  0.101315E-02  0.102820E-08  14.  0.219432E+01
   12  23   2 -0.318536E-01  0.997232E-03  0.000000E+00  15.  0.229358E+01
   13   1   2 -0.421498E-01  0.108359E-02  0.000000E+00   8.  0.386412E+01
   13   4   2 -0.876770E-01  0.134542E-02  0.000000E+00   8.  0.437329E+02
   13   7   2 -0.774509E-01  0.140622E-02  0.000000E+00   8.  0.384718E+02
   13  10   2 -0.468526E-01  0.129975E-02  0.000000E+00   8.  0.170466E+02
   13  13   2 -0.785248E-01  0.131369E-02  0.000000E+00   8.  0.970340E+01
   13  16   2 -0.347089E-01  0.109516E-02  0.000000E+00   8.  0.174526E+01
   13  19   2 -0.298266E-01  0.111400E-02  0.000000E+00   8.  0.176606E+01
   13  22   2 -0.306870E-01  0.107645E-02  0.000000E+00   8.  0.182421E+01
   14   1   2 -0.953981E-01  0.145378E-02  0.000000E+00   8.  0.275717E+02
   14   3   2 -0.128281E+00  0.175426E-02  0.325893E-07   7.  0.119912E+03
   14   5   2 -0.104061E+00  0.137096E-02  0.000000E+00   8.  0.476032E+02
   14   7   2 -0.102965E+00  0.170911E-02  0.381571E-07   7.  0.816332E+02
   14   9   2 -0.970560E-01  0.159799E-02 -0.816170E-08   7.  0.119795E+02
   14  11   2 -0.507113E-01  0.114897E-02  0.445453E-08   7.  0.502268E+01
   14  13   2  0.268988E-03  0.108467E-02 -0.206061E-08   7.  0.139323E+01
   14  15   2 -0.429870E-01  0.113876E-02  0.000000E+00   8.  0.494937E+00
   16   1   2 -0.951965E-01  0.158551E-02  0.000000E+00   8.  0.222415E+02
   16   2   2 -0.950074E-01  0.143993E-02  0.000000E+00   8.  0.388953E+02
   16   3   2 -0.118665E+00  0.157058E-02  0.258572E-07   7.  0.794206E+02
   16   4   2 -0.730950E-01  0.134798E-02  0.959534E-08   7.  0.228366E+02
   16   5   2 -0.707369E-01  0.120920E-02  0.000000E+00   8.  0.237897E+01
   16   6   2 -0.475568E-01  0.111232E-02  0.191920E-08   7.  0.276395E+01
   16   7   2 -0.468816E-01  0.115014E-02  0.616065E-08   7.  0.541571E+01
   16   8   2 -0.413745E-01  0.108838E-02  0.173473E-08   7.  0.183363E+01
   
