Run 8450  01-MAY-01 11:27:56 
Total   46116 ev.  Physical       0 ev.
-------------------------------------------------------------
 c  m  t   n_phys ave_phys sig_phys  n_gene ave_gene sig_gene
-------------------------------------------------------------
 1  1  7        0    0.000    0.000   46116   14.059    0.254
 1  1  8        0    0.000    0.000   46116   32.099    0.750
 1  2  7        0    0.000    0.000   46116   22.976    0.173
 1  2  8        0    0.000    0.000   46116   37.793    0.792
 1  3  7        0    0.000    0.000   46116   20.937    0.259
 1  3  8        0    0.000    0.000   46116   39.137    0.764
 1  4  7        0    0.000    0.000   46116   22.357    0.479
 1  4  8        0    0.000    0.000   46116   36.314    0.779
 1  5  7        0    0.000    0.000   46116   20.966    0.254
 1  5  8        0    0.000    0.000   46116   36.500    0.793
 1  6  7        0    0.000    0.000   46116   21.917    0.310
 1  6  8        0    0.000    0.000   46116   34.832    0.810
 1  7  7        0    0.000    0.000   46116   16.645    0.482
 1  7  8        0    0.000    0.000   46116   33.192    0.786
 1  8  7        0    0.000    0.000   46116   15.658    0.482
 1  8  8        0    0.000    0.000   46116   32.320    0.828
 1  9  7        0    0.000    0.000   46116   16.625    0.488
 1  9  8        0    0.000    0.000   46116   31.781    0.819
 1 10  7        0    0.000    0.000   46116   15.768    0.461
 1 10  8        0    0.000    0.000   46116   29.940    0.816
 1 11  7        0    0.000    0.000   46116   13.367    0.486
 1 11  8        0    0.000    0.000   46116   32.466    0.829
 1 12  7        0    0.000    0.000   46116   10.492    0.513
 1 12  8        0    0.000    0.000   46116   24.400    0.813
 2  1  7        0    0.000    0.000   46116   22.048    0.216
 2  1  8        0    0.000    0.000   46116   43.505    0.503
 2  3  7        0    0.000    0.000   46116   22.965    0.190
 2  3  8        0    0.000    0.000   46116   44.333    0.502
 2  5  7        0    0.000    0.000   46116   23.732    0.443
 2  5  8        0    0.000    0.000   46116   43.755    0.546
 2  7  7        0    0.000    0.000   46116   24.599    0.490
 2  7  8        0    0.000    0.000   46116   46.714    0.503
 2  9  7        0    0.000    0.000   46116   22.326    0.469
 2  9  8        0    0.000    0.000   46116   40.823    0.506
 2 11  7        0    0.000    0.000   46116   22.987    0.246
 2 11  8        0    0.000    0.000   46116   45.494    0.531
 2 13  7        0    0.000    0.000   46116   18.082    0.346
 2 13  8        0    0.000    0.000   46116   40.203    0.620
 2 15  7        0    0.000    0.000   46116   18.385    0.487
 2 15  8        0    0.000    0.000   46116   37.505    0.517
 2 17  7        0    0.000    0.000   46116   17.873    0.399
 2 17  8        0    0.000    0.000   46116   37.807    0.579
 2 19  7        0    0.000    0.000   46116   16.501    0.501
 2 19  8        0    0.000    0.000   46116   38.481    0.533
 2 21  7        0    0.000    0.000   46116   11.302    0.461
 2 21  8        0    0.000    0.000   46116   31.306    0.503
 2 23  7        0    0.000    0.000   46116   10.885    0.495
 2 23  8        0    0.000    0.000   46116    1.210    0.435
 3  1  7        0    0.000    0.000   46116   17.968    0.190
 3  1  8        0    0.000    0.000   46116   36.749    0.465
 3  2  7        0    0.000    0.000   46116   22.467    0.499
 3  2  8        0    0.000    0.000   46116   40.865    0.529
 3  3  7        0    0.000    0.000   46116   24.308    0.462
 3  3  8        0    0.000    0.000   46116   42.188    0.455
 3  4  7        0    0.000    0.000   46116   24.577    0.494
 3  4  8        0    0.000    0.000   46116   42.930    0.487
 3  5  7        0    0.000    0.000   46116   22.191    0.394
 3  5  8        0    0.000    0.000   46116   40.933    0.592
 3  6  7        0    0.000    0.000   46116   23.089    0.288
 3  6  8        0    0.000    0.000   46116   41.054    0.520
 3  7  7        0    0.000    0.000   46116   25.112    0.320
 3  7  8        0    0.000    0.000   46116   42.277    0.527
 3  8  7        0    0.000    0.000   46116   25.012    0.228
 3  8  8        0    0.000    0.000   46116   44.444    0.531
 3  9  7        0    0.000    0.000   46116   21.630    0.483
 3  9  8        0    0.000    0.000   46116   42.759    0.480
 3 10  7        0    0.000    0.000   46116   23.456    0.498
 3 10  8        0    0.000    0.000   46116   44.082    0.485
 3 11  7        0    0.000    0.000   46116   23.083    0.298
 3 11  8        0    0.000    0.000   46116   44.600    0.510
 3 12  7        0    0.000    0.000   46116   21.652    0.476
 3 12  8        0    0.000    0.000   46116   41.681    0.542
 3 13  7        0    0.000    0.000   46116   17.277    0.449
 3 13  8        0    0.000    0.000   46116   37.535    0.541
 3 14  7        0    0.000    0.000   46116   18.517    0.500
 3 14  8        0    0.000    0.000   46116   40.883    0.567
 3 15  7        0    0.000    0.000   46116   17.834    0.425
 3 15  8        0    0.000    0.000   46116   39.565    0.500
 3 16  7        0    0.000    0.000   46116   16.177    0.414
 3 16  8        0    0.000    0.000   46116   35.787    0.525
 3 17  7        0    0.000    0.000   46116   18.318    0.468
 3 17  8        0    0.000    0.000   46116   35.483    0.545
 3 18  7        0    0.000    0.000   46116   18.000    0.403
 3 18  8        0    0.000    0.000   46116   35.911    0.589
 3 19  7        0    0.000    0.000   46116   17.862    0.455
 3 19  8        0    0.000    0.000   46116   34.790    0.567
 3 20  7        0    0.000    0.000   46116   18.342    0.476
 3 20  8        0    0.000    0.000   46116   35.883    0.565
 3 21  7        0    0.000    0.000   46116   12.679    0.547
 3 21  8        0    0.000    0.000   46116   28.678    0.581
 3 22  7        0    0.000    0.000   46116   11.184    0.441
 3 22  8        0    0.000    0.000   46116   29.334    0.529
 3 23  7        0    0.000    0.000   46116   12.767    0.560
 3 23  8        0    0.000    0.000   46116   33.186    0.557
 3 24  7        0    0.000    0.000   46116   12.637    0.545
 3 24  8        0    0.000    0.000   46116   29.988    0.569
 4  1  7        0    0.000    0.000   46116   26.324    0.468
 4  1  8        0    0.000    0.000   46116   38.458    0.499
 4  2  7        0    0.000    0.000   46116   28.741    0.438
 4  2  8        0    0.000    0.000   46116   41.467    0.507
 4  3  7        0    0.000    0.000   46116   28.134    0.341
 4  3  8        0    0.000    0.000   46116   39.119    0.408
 4  4  7        0    0.000    0.000   46116   30.924    0.266
 4  4  8        0    0.000    0.000   46116   42.163    0.538
 4  5  7        0    0.000    0.000   46116   27.893    0.312
 4  5  8        0    0.000    0.000   46116   38.342    0.490
 4  6  7        0    0.000    0.000   46116   31.214    0.411
 4  6  8        0    0.000    0.000   46116   40.096    0.528
 4  7  7        0    0.000    0.000   46116   31.627    0.484
 4  7  8        0    0.000    0.000   46116   42.645    0.494
 4  8  7        0    0.000    0.000   46116   29.648    0.478
 4  8  8        0    0.000    0.000   46116   41.545    0.503
 4  9  7        0    0.000    0.000   46116   30.312    0.466
 4  9  8        0    0.000    0.000   46116   40.839    0.506
 4 10  7        0    0.000    0.000   46116   30.917    0.306
 4 10  8        0    0.000    0.000   46116   40.088    0.512
 4 11  7        0    0.000    0.000   46116   30.668    0.472
 4 11  8        0    0.000    0.000   46116   39.579    0.546
 4 12  7        0    0.000    0.000   46116   31.512    0.500
 4 12  8        0    0.000    0.000   46116   40.416    0.526
 4 13  7        0    0.000    0.000   46116   27.386    0.487
 4 13  8        0    0.000    0.000   46116   35.968    0.543
 4 14  7        0    0.000    0.000   46116   26.578    0.497
 4 14  8        0    0.000    0.000   46116   37.059    0.545
 4 15  7        0    0.000    0.000   46116   25.626    0.498
 4 15  8        0    0.000    0.000   46116   35.019    0.641
 4 16  7        0    0.000    0.000   46116   28.023    0.418
 4 16  8        0    0.000    0.000   46116   36.930    0.658
 4 17  7        0    0.000    0.000   46116   24.941    0.421
 4 17  8        0    0.000    0.000   46116   34.693    0.589
 4 18  7        0    0.000    0.000   46116   24.433    0.496
 4 18  8        0    0.000    0.000   46116   35.523    0.536
 4 19  7        0    0.000    0.000   46116   25.209    0.443
 4 19  8        0    0.000    0.000   46116   36.426    0.574
 4 20  7        0    0.000    0.000   46116   22.216    0.432
 4 20  8        0    0.000    0.000   46116   31.634    0.649
 4 21  7        0    0.000    0.000   46116   17.829    0.565
 4 21  8        0    0.000    0.000   46116   26.870    0.678
 4 22  7        0    0.000    0.000   46116   20.398    0.497
 4 22  8        0    0.000    0.000   46116   30.754    0.575
 4 23  7        0    0.000    0.000   46116   18.044    0.526
 4 23  8        0    0.000    0.000   46116   28.272    0.684
 4 24  7        0    0.000    0.000   46116   19.311    0.465
 4 24  8        0    0.000    0.000   46116   28.512    0.580
 5  1  7        0    0.000    0.000   46116   23.831    0.376
 5  1  8        0    0.000    0.000   46116   48.151    0.475
 5  2  7        0    0.000    0.000   46116   27.612    0.487
 5  2  8        0    0.000    0.000   46116   47.643    0.552
 5  3  7        0    0.000    0.000   46116   30.002    0.138
 5  3  8        0    0.000    0.000   46116   54.582    0.506
 5  4  7        0    0.000    0.000   46116   29.026    0.186
 5  4  8        0    0.000    0.000   46116   54.076    0.562
 5  5  7        0    0.000    0.000   46116   28.273    0.446
 5  5  8        0    0.000    0.000   46116   52.750    0.506
 5  6  7        0    0.000    0.000   46116   31.723    0.448
 5  6  8        0    0.000    0.000   46116   57.023    0.501
 5  7  7        0    0.000    0.000   46116   30.291    0.455
 5  7  8        0    0.000    0.000   46116   55.302    0.560
 5  8  7        0    0.000    0.000   46116   29.808    0.397
 5  8  8        0    0.000    0.000   46116   52.767    0.601
 5  9  7        0    0.000    0.000   46116   27.583    0.493
 5  9  8        0    0.000    0.000   46116   50.263    0.778
 5 10  7        0    0.000    0.000   46116   28.160    0.373
 5 10  8        0    0.000    0.000   46116   50.793    0.590
 5 11  7        0    0.000    0.000   46116   29.881    0.346
 5 11  8        0    0.000    0.000   46116   52.929    0.526
 5 12  7        0    0.000    0.000   46116   24.323    0.468
 5 12  8        0    0.000    0.000   46116   47.335    0.537
 5 13  7        0    0.000    0.000   46116   23.724    0.457
 5 13  8        0    0.000    0.000   46116   47.339    0.518
 5 14  7        0    0.000    0.000   46116   23.107    0.387
 5 14  8        0    0.000    0.000   46116   46.800    1.927
 5 15  7        0    0.000    0.000   46116   25.555    0.499
 5 15  8        0    0.000    0.000   46116   47.154    3.659
 5 16  7        0    0.000    0.000   46116   23.663    0.483
 5 16  8        0    0.000    0.000   46116   47.080    1.046
 5 17  7        0    0.000    0.000   46116   23.758    0.459
 5 17  8        0    0.000    0.000   46116   46.704    1.404
 5 18  7        0    0.000    0.000   46116   21.761    0.463
 5 18  8        0    0.000    0.000   46116   44.788    1.366
 5 19  7        0    0.000    0.000   46116   22.364    0.483
 5 19  8        0    0.000    0.000   46116   45.199    1.353
 5 20  7        0    0.000    0.000   46116   21.308    0.466
 5 20  8        0    0.000    0.000   46116   44.932    0.617
 5 21  7        0    0.000    0.000   46116   18.883    0.537
 5 21  8        0    0.000    0.000   46116   40.948    0.620
 5 22  7        0    0.000    0.000   46116   16.635    0.539
 5 22  8        0    0.000    0.000   46116   39.408    0.889
 5 23  7        0    0.000    0.000   46116   16.308    0.468
 5 23  8        0    0.000    0.000   46116   39.022    0.552
 5 24  7        0    0.000    0.000   46116   18.058    0.509
 5 24  8        0    0.000    0.000   46116   41.558    0.569
 6  1  7        0    0.000    0.000   46116   28.324    0.469
 6  1  8        0    0.000    0.000   46116   41.357    0.507
 6  2  7        0    0.000    0.000   46116   29.346    0.476
 6  2  8        0    0.000    0.000   46116   40.715    0.526
 6  3  7        0    0.000    0.000   46116   35.059    0.241
 6  3  8        0    0.000    0.000   46116   47.474    0.537
 6  4  7        0    0.000    0.000   46116   34.411    0.492
 6  4  8        0    0.000    0.000   46116   46.921    0.436
 6  5  7        0    0.000    0.000   46116   29.667    0.472
 6  5  8        0    0.000    0.000   46116   41.973    0.463
 6  6  7        0    0.000    0.000   46116   33.014    0.273
 6  6  8        0    0.000    0.000   46116   45.424    0.536
 6  7  7        0    0.000    0.000   46116   33.221    0.419
 6  7  8        0    0.000    0.000   46116   44.892    1.152
 6  8  7        0    0.000    0.000   46116   31.693    0.465
 6  8  8        0    0.000    0.000   46116   45.056    0.564
 6  9  7        0    0.000    0.000   46116   28.787    0.417
 6  9  8        0    0.000    0.000   46116  113.858    5.952
 6 10  7        0    0.000    0.000   46116   30.800    0.408
 6 10  8        0    0.000    0.000   46116   40.562    0.514
 6 11  7        0    0.000    0.000   46116   31.036    0.312
 6 11  8        0    0.000    0.000   46116   40.923    0.565
 6 12  7        0    0.000    0.000   46116   31.478    0.500
 6 12  8        0    0.000    0.000   46116   43.550    0.520
 6 13  7        0    0.000    0.000   46116   26.702    0.487
 6 13  8        0    0.000    0.000   46116   36.938    0.568
 6 14  7        0    0.000    0.000   46116   27.966    0.450
 6 14  8        0    0.000    0.000   46116   40.222    0.575
 6 15  7        0    0.000    0.000   46116   26.666    0.490
 6 15  8        0    0.000    0.000   46116   37.689    0.549
 6 16  7        0    0.000    0.000   46116   24.221    0.455
 6 16  8        0    0.000    0.000   46116   34.951    0.552
 6 17  7        0    0.000    0.000   46116   27.011    0.465
 6 17  8        0    0.000    0.000   46116   40.558    0.542
 6 18  7        0    0.000    0.000   46116   26.263    0.465
 6 18  8        0    0.000    0.000   46116   38.416    0.526
 6 19  7        0    0.000    0.000   46116   25.162    0.449
 6 19  8        0    0.000    0.000   46116   38.627    0.557
 6 20  7        0    0.000    0.000   46116   25.043    0.473
 6 20  8        0    0.000    0.000   46116   38.379    0.577
 6 21  7        0    0.000    0.000   46116   21.353    0.488
 6 21  8        0    0.000    0.000   46116   31.205    0.605
 6 22  7        0    0.000    0.000   46116   20.514    0.537
 6 22  8        0    0.000    0.000   46116   31.536    0.597
 6 23  7        0    0.000    0.000   46116   20.713    0.588
 6 23  8        0    0.000    0.000   46116   32.844    0.625
 6 24  7        0    0.000    0.000   46116   20.120    0.516
 6 24  8        0    0.000    0.000   46116   32.958    0.621
 7  1  7        0    0.000    0.000   46116   24.749    0.435
 7  1  8        0    0.000    0.000   46116   41.356    0.505
 7  2  7        0    0.000    0.000   46116   31.475    0.500
 7  2  8        0    0.000    0.000   46116   47.655    0.541
 7  3  7        0    0.000    0.000   46116   32.037    0.257
 7  3  8        0    0.000    0.000   46116   47.465    0.527
 7  4  7        0    0.000    0.000   46116   33.338    0.473
 7  4  8        0    0.000    0.000   46116   49.048    0.491
 7  5  7        0    0.000    0.000   46116   31.982    0.269
 7  5  8        0    0.000    0.000   46116   48.084    0.538
 7  6  7        0    0.000    0.000   46116   31.754    0.436
 7  6  8        0    0.000    0.000   46116   46.982    1.205
 7  7  7        0    0.000    0.000   46116   31.379    0.485
 7  7  8        0    0.000    0.000   46116   46.746    0.565
 7  8  7        0    0.000    0.000   46116   29.680    0.468
 7  8  8        0    0.000    0.000   46116   45.864    0.535
 7  9  7        0    0.000    0.000   46116   30.416    0.493
 7  9  8        0    0.000    0.000   46116   46.376    0.501
 7 10  7        0    0.000    0.000   46116   31.376    0.484
 7 10  8        0    0.000    0.000   46116   47.271    0.503
 7 11  7        0    0.000    0.000   46116   27.840    0.641
 7 11  8        0    0.000    0.000   46116   41.504    0.902
 7 12  7        0    0.000    0.000   46116   29.361    0.485
 7 12  8        0    0.000    0.000   46116   44.820    0.557
 7 13  7        0    0.000    0.000   46116   25.101    0.404
 7 13  8        0    0.000    0.000   46116   41.038    0.559
 7 14  7        0    0.000    0.000   46116   27.796    0.483
 7 14  8        0    0.000    0.000   46116   42.724    0.548
 7 15  7        0    0.000    0.000   46116   25.339    0.476
 7 15  8        0    0.000    0.000   46116   40.988    0.564
 7 16  7        0    0.000    0.000   46116   24.701    0.488
 7 16  8        0    0.000    0.000   46116   40.008    0.561
 7 17  7        0    0.000    0.000   46116   27.891    0.499
 7 17  8        0    0.000    0.000   46116   43.635    0.580
 7 18  7        0    0.000    0.000   46116   26.050    0.540
 7 18  8        0    0.000    0.000   46116   42.553    0.675
 7 19  7        0    0.000    0.000   46116   23.452    0.502
 7 19  8        0    0.000    0.000   46116   38.381    0.564
 7 20  7        0    0.000    0.000   46116   22.373    0.485
 7 20  8        0    0.000    0.000   46116   38.460    0.541
 7 21  7        0    0.000    0.000   46116   24.825    0.591
 7 21  8        0    0.000    0.000   46116   39.468    0.589
 7 22  7        0    0.000    0.000   46116   20.805    0.566
 7 22  8        0    0.000    0.000   46116   36.097    0.589
 7 23  7        0    0.000    0.000   46116   19.975    0.570
 7 23  8        0    0.000    0.000   46116   33.818    0.617
 7 24  7        0    0.000    0.000   46116   20.368    0.491
 7 24  8        0    0.000    0.000   46116   34.788    0.612
 8  1  7        0    0.000    0.000   46116   26.927    0.273
 8  1  8        0    0.000    0.000   46116   36.401    0.506
 8  2  7        0    0.000    0.000   46116   28.980    0.162
 8  2  8        0    0.000    0.000   46116   38.877    0.462
 8  3  7        0    0.000    0.000   46116   32.167    0.373
 8  3  8        0    0.000    0.000   46116   43.392    0.516
 8  4  7        0    0.000    0.000   46116   33.633    0.482
 8  4  8        0    0.000    0.000   46116   43.217    0.513
 8  5  7        0    0.000    0.000   46116   31.514    0.500
 8  5  8        0    0.000    0.000   46116   41.761    1.907
 8  6  7        0    0.000    0.000   46116   30.212    0.411
 8  6  8        0    0.000    0.000   46116   40.357    0.510
 8  7  7        0    0.000    0.000   46116   30.793    0.410
 8  7  8        0    0.000    0.000   46116   42.160    0.539
 8  8  7        0    0.000    0.000   46116   33.558    0.497
 8  8  8        0    0.000    0.000   46116   43.203    0.526
 8  9  7        0    0.000    0.000   46116   29.567    0.496
 8  9  8        0    0.000    0.000   46116   39.770    0.523
 8 10  7        0    0.000    0.000   46116   30.858    0.369
 8 10  8        0    0.000    0.000   46116   39.815    0.528
 8 11  7        0    0.000    0.000   46116   30.392    0.505
 8 11  8        0    0.000    0.000   46116   39.561    0.592
 8 12  7        0    0.000    0.000   46116   34.725    0.448
 8 12  8        0    0.000    0.000   46116   58.827    0.625
 8 13  7        0    0.000    0.000   46116   27.263    0.446
 8 13  8        0    0.000    0.000   46116   35.459    0.522
 8 14  7        0    0.000    0.000   46116   27.670    0.508
 8 14  8        0    0.000    0.000   46116   37.538    0.594
 8 15  7        0    0.000    0.000   46116   25.019    0.477
 8 15  8        0    0.000    0.000   46116   35.195    0.615
 8 16  7        0    0.000    0.000   46116   26.764    0.527
 8 16  8        0    0.000    0.000   46116   38.668    0.634
 8 17  7        0    0.000    0.000   46116   25.013    0.446
 8 17  8        0    0.000    0.000   46116   36.497    0.556
 8 18  7        0    0.000    0.000   46116   26.565    0.505
 8 18  8        0    0.000    0.000   46116   36.557    0.556
 8 19  7        0    0.000    0.000   46116   23.828    0.519
 8 19  8        0    0.000    0.000   46116   33.276    0.544
 8 20  7        0    0.000    0.000   46116   24.528    0.504
 8 20  8        0    0.000    0.000   46116   34.795    0.576
 8 21  7        0    0.000    0.000   46116   20.481    0.528
 8 21  8        0    0.000    0.000   46116   31.697    0.604
 8 22  7        0    0.000    0.000   46116   17.973    0.593
 8 22  8        0    0.000    0.000   46116   27.639    0.657
 8 23  7        0    0.000    0.000   46116   20.415    0.515
 8 23  8        0    0.000    0.000   46116   31.058    0.557
 8 24  7        0    0.000    0.000   46116   20.933    0.578
 8 24  8        0    0.000    0.000   46116   29.026    0.611
 9  1  7        0    0.000    0.000   46116   27.705    0.456
 9  1  8        0    0.000    0.000   46116   33.963    0.461
 9  2  7        0    0.000    0.000   46116   29.320    0.467
 9  2  8        0    0.000    0.000   46116   37.480    0.530
 9  3  7        0    0.000    0.000   46116   31.943    0.235
 9  3  8        0    0.000    0.000   46116   39.399    0.494
 9  4  7        0    0.000    0.000   46116   32.686    0.465
 9  4  8        0    0.000    0.000   46116   39.239    3.585
 9  5  7        0    0.000    0.000   46116   31.590    0.492
 9  5  8        0    0.000    0.000   46116   38.600    0.798
 9  6  7        0    0.000    0.000   46116   31.887    0.334
 9  6  8        0    0.000    0.000   46116   37.603    0.531
 9  7  7        0    0.000    0.000   46116   32.242    0.429
 9  7  8        0    0.000    0.000   46116   40.223    0.548
 9  8  7        0    0.000    0.000   46116   32.209    0.409
 9  8  8        0    0.000    0.000   46116   40.518    0.510
 9  9  7        0    0.000    0.000   46116   32.362    0.481
 9  9  8        0    0.000    0.000   46116   39.343    0.524
 9 10  7        0    0.000    0.000   46116   34.780    0.419
 9 10  8        0    0.000    0.000   46116   42.486    0.519
 9 11  7        0    0.000    0.000   46116   31.032    0.311
 9 11  8        0    0.000    0.000   46116   38.026    0.510
 9 12  7        0    0.000    0.000   46116   29.356    0.479
 9 12  8        0    0.000    0.000   46116   35.400    0.514
 9 13  7        0    0.000    0.000   46116   28.010    0.400
 9 13  8        0    0.000    0.000   46116   33.725    0.538
 9 14  7        0    0.000    0.000   46116   28.346    0.479
 9 14  8        0    0.000    0.000   46116   37.286    0.552
 9 15  7        0    0.000    0.000   46116   28.421    0.494
 9 15  8        0    0.000    0.000   46116   35.879    0.554
 9 16  7        0    0.000    0.000   46116   26.211    0.440
 9 16  8        0    0.000    0.000   46116   32.299    0.540
 9 17  7        0    0.000    0.000   46116   26.409    0.509
 9 17  8        0    0.000    0.000   46116   33.628    0.596
 9 18  7        0    0.000    0.000   46116   25.006    0.459
 9 18  8        0    0.000    0.000   46116   31.312    0.522
 9 19  7        0    0.000    0.000   46116   25.110    0.434
 9 19  8        0    0.000    0.000   46116   30.827    0.552
 9 20  7        0    0.000    0.000   46116   24.634    0.497
 9 20  8        0    0.000    0.000   46116   31.772    0.593
 9 21  7        0    0.000    0.000   46116   23.346    0.487
 9 21  8        0    0.000    0.000   46116   29.814    0.697
 9 22  7        0    0.000    0.000   46116   22.350    0.506
 9 22  8        0    0.000    0.000   46116   27.114    0.608
 9 23  7        0    0.000    0.000   46116   19.278    0.460
 9 23  8        0    0.000    0.000   46116   25.374    0.584
 9 24  7        0    0.000    0.000   46116   20.395    0.495
 9 24  8        0    0.000    0.000   46116   26.903    0.568
10  1  7        0    0.000    0.000   46116   24.863    0.345
10  1  8        0    0.000    0.000   46116   37.015    0.471
10  2  7        0    0.000    0.000   46116   33.487    0.500
10  2  8        0    0.000    0.000   46116   45.413    0.497
10  3  7        0    0.000    0.000   46116   31.927    0.262
10  3  8        0    0.000    0.000   46116   42.626    0.523
10  4  7        0    0.000    0.000   46116   32.767    0.424
10  4  8        0    0.000    0.000   46116   42.374    1.668
10  5  7        0    0.000    0.000   46116   32.341    0.474
10  5  8        0    0.000    0.000   46116   41.274    0.505
10  6  7        0    0.000    0.000   46116   34.006    0.239
10  6  8        0    0.000    0.000   46116   45.469    0.516
10  7  7        0    0.000    0.000   46116   32.832    0.375
10  7  8        0    0.000    0.000   46116   41.242    0.529
10  8  7        0    0.000    0.000   46116   31.642    0.480
10  8  8        0    0.000    0.000   46116   42.411    0.509
10  9  7        0    0.000    0.000   46116   29.958    0.278
10  9  8        0    0.000    0.000   46116   41.795    0.528
10 10  7        0    0.000    0.000   46116   31.222    0.417
10 10  8        0    0.000    0.000   46116   41.944    0.581
10 11  7        0    0.000    0.000   46116   32.386    0.488
10 11  8        0    0.000    0.000   46116   43.135    0.567
10 12  7        0    0.000    0.000   46116   30.885    0.342
10 12  8        0    0.000    0.000   46116   41.620    0.524
10 13  7        0    0.000    0.000   46116   27.270    0.455
10 13  8        0    0.000    0.000   46116   40.161    0.589
10 14  7        0    0.000    0.000   46116   25.634    0.498
10 14  8        0    0.000    0.000   46116   36.432    0.733
10 15  7        0    0.000    0.000   46116   28.718    0.478
10 15  8        0    0.000    0.000   46116   39.791    0.622
10 16  7        0    0.000    0.000   46116   23.897    0.460
10 16  8        0    0.000    0.000   46116   37.175    0.661
10 17  7        0    0.000    0.000   46116   28.910    0.457
10 17  8        0    0.000    0.000   46116   38.898    0.571
10 18  7        0    0.000    0.000   46116   26.392    0.492
10 18  8        0    0.000    0.000   46116   36.002    0.587
10 19  7        0    0.000    0.000   46116   27.307    0.467
10 19  8        0    0.000    0.000   46116   38.684    0.568
10 20  7        0    0.000    0.000   46116   24.731    0.494
10 20  8        0    0.000    0.000   46116   33.356    0.535
10 21  7        0    0.000    0.000   46116   21.766    0.603
10 21  8        0    0.000    0.000   46116   34.272    0.545
10 22  7        0    0.000    0.000   46116   20.461    0.546
10 22  8        0    0.000    0.000   46116   33.331    0.611
10 23  7        0    0.000    0.000   46116   19.207    0.464
10 23  8        0    0.000    0.000   46116   30.024    0.612
10 24  7        0    0.000    0.000   46116   21.349    0.487
10 24  8        0    0.000    0.000   46116   32.449    0.577
11  1  7        0    0.000    0.000   46116   19.922    0.283
11  1  8        0    0.000    0.000   46116   35.249    0.573
11  2  7        0    0.000    0.000   46116   25.039    0.197
11  2  8        0    0.000    0.000   46116   41.665    0.525
11  3  7        0    0.000    0.000   46116   28.122    0.328
11  3  8        0    0.000    0.000   46116   44.751    0.560
11  4  7        0    0.000    0.000   46116   28.212    0.410
11  4  8        0    0.000    0.000   46116   44.654    0.511
11  5  7        0    0.000    0.000   46116   22.695    0.461
11  5  8        0    0.000    0.000   46116   38.238    0.567
11  6  7        0    0.000    0.000   46116   26.502    0.501
11  6  8        0    0.000    0.000   46116   40.821    0.579
11  7  7        0    0.000    0.000   46116   26.123    0.339
11  7  8        0    0.000    0.000   46116   41.750    3.703
11  8  7        0    0.000    0.000   46116   26.704    0.457
11  8  8        0    0.000    0.000   46116   42.216    4.026
11  9  7        0    0.000    0.000   46116   22.997    0.288
11  9  8        0    0.000    0.000   46116   37.564    0.765
11 10  7        0    0.000    0.000   46116   26.087    0.318
11 10  8        0    0.000    0.000   46116   40.787    0.585
11 11  7        0    0.000    0.000   46116   22.509    0.505
11 11  8        0    0.000    0.000   46116   37.469    0.541
11 12  7        0    0.000    0.000   46116   25.248    0.432
11 12  8        0    0.000    0.000   46116   39.867    0.762
11 13  7        0    0.000    0.000   46116   20.094    0.461
11 13  8        0    0.000    0.000   46116   34.000    0.719
11 14  7        0    0.000    0.000   46116   20.294    0.461
11 14  8        0    0.000    0.000   46116   34.567    0.502
11 15  7        0    0.000    0.000   46116   19.328    0.477
11 15  8        0    0.000    0.000   46116   35.105    0.549
11 16  7        0    0.000    0.000   46116   17.379    0.488
11 16  8        0    0.000    0.000   46116   32.807    0.601
11 17  7        0    0.000    0.000   46116   17.473    0.517
11 17  8        0    0.000    0.000   46116   34.511    0.672
11 18  7        0    0.000    0.000   46116   19.470    0.532
11 18  8        0    0.000    0.000   46116   36.246    0.716
11 19  7        0    0.000    0.000   46116   18.743    0.482
11 19  8        0    0.000    0.000   46116   36.523    0.585
11 20  7        0    0.000    0.000   46116   15.493    0.503
11 20  8        0    0.000    0.000   46116   32.805    0.550
11 21  7        0    0.000    0.000   46116   15.193    0.519
11 21  8        0    0.000    0.000   46116   32.978    0.845
11 22  7        0    0.000    0.000   46116   12.957    0.547
11 22  8        0    0.000    0.000   46116   30.586    0.606
11 23  7        0    0.000    0.000   46116   11.924    0.604
11 23  8        0    0.000    0.000   46116   27.902    0.764
11 24  7        0    0.000    0.000   46116   12.143    0.549
11 24  8        0    0.000    0.000   46116   29.381    1.025
12  1  7        0    0.000    0.000   46116   28.027    0.234
12  1  8        0    0.000    0.000   46116   43.878    0.495
12  2  7        0    0.000    0.000   46116   33.731    0.449
12  2  8        0    0.000    0.000   46116   52.526    0.572
12  3  7        0    0.000    0.000   46116   33.976    0.181
12  3  8        0    0.000    0.000   46116   48.212    4.251
12  4  7        0    0.000    0.000   46116   35.754    0.431
12  4  8        0    0.000    0.000   46116   51.302    1.862
12  5  7        0    0.000    0.000   46116   29.720    0.459
12  5  8        0    0.000    0.000   46116   43.987    0.636
12  6  7        0    0.000    0.000   46116   37.691    0.473
12  6  8        0    0.000    0.000   46116   54.162    0.664
12  7  7        0    0.000    0.000   46116   33.518    0.502
12  7  8        0    0.000    0.000   46116   47.659    0.535
12  8  7        0    0.000    0.000   46116   32.038    0.297
12  8  8        0    0.000    0.000   46116   47.031    0.574
12  9  7        0    0.000    0.000   46116   30.490    0.500
12  9  8        0    0.000    0.000   46116   43.469    0.516
12 10  7        0    0.000    0.000   46116   34.663    0.474
12 10  8        0    0.000    0.000   46116   49.700    0.547
12 11  7        0    0.000    0.000   46116   34.687    0.473
12 11  8        0    0.000    0.000   46116   51.216    0.643
12 12  7        0    0.000    0.000   46116   32.722    0.451
12 12  8        0    0.000    0.000   46116   47.991    0.581
12 13  7        0    0.000    0.000   46116   26.161    0.443
12 13  8        0    0.000    0.000   46116   39.891    0.579
12 14  7        0    0.000    0.000   46116   25.843    0.436
12 14  8        0    0.000    0.000   46116   40.362    0.555
12 15  7        0    0.000    0.000   46116   29.988    0.446
12 15  8        0    0.000    0.000   46116   44.805    0.591
12 16  7        0    0.000    0.000   46116   27.801    0.493
12 16  8        0    0.000    0.000   46116   42.218    0.599
12 17  7        0    0.000    0.000   46116   28.241    0.472
12 17  8        0    0.000    0.000   46116   42.762    0.638
12 18  7        0    0.000    0.000   46116   30.177    0.451
12 18  8        0    0.000    0.000   46116   41.298    0.566
12 19  7        0    0.000    0.000   46116   26.474    0.502
12 19  8        0    0.000    0.000   46116   40.036    0.583
12 20  7        0    0.000    0.000   46116   28.631    0.511
12 20  8        0    0.000    0.000   46116   45.063    0.648
12 21  7        0    0.000    0.000   46116   23.622    0.612
12 21  8        0    0.000    0.000   46116   37.579    0.640
12 22  7        0    0.000    0.000   46116   22.419    0.506
12 22  8        0    0.000    0.000   46116   36.235    0.550
12 23  7        0    0.000    0.000   46116   22.278    0.475
12 23  8        0    0.000    0.000   46116   36.726    0.632
12 24  7        0    0.000    0.000   46116   18.235    0.496
12 24  8        0    0.000    0.000   46116   31.647    0.781
13  1  7        0    0.000    0.000   46116   23.709    0.469
13  1  8        0    0.000    0.000   46116   40.181    0.605
13  2  7        0    0.000    0.000   46116   26.961    0.267
13  2  8        0    0.000    0.000   46116   42.715    0.653
13  3  7        0    0.000    0.000   46116   22.352    0.518
13  3  8        0    0.000    0.000   46116   37.326    0.768
13  4  7        0    0.000    0.000   46116   30.388    0.511
13  4  8        0    0.000    0.000   46116   46.297    0.975
13  5  7        0    0.000    0.000   46116   29.362    0.491
13  5  8        0    0.000    0.000   46116   44.130    2.488
13  6  7        0    0.000    0.000   46116   23.819    0.602
13  6  8        0    0.000    0.000   46116   38.727    2.365
13  7  7        0    0.000    0.000   46116   28.970    0.187
13  7  8        0    0.000    0.000   46116   44.383    1.778
13  8  7        0    0.000    0.000   46116   27.327    0.480
13  8  8        0    0.000    0.000   46116   42.206    1.136
13  9  7        0    0.000    0.000   46116   23.510    0.527
13  9  8        0    0.000    0.000   46116   40.301    0.635
13 10  7        0    0.000    0.000   46116   28.927    0.354
13 10  8        0    0.000    0.000   46116   43.709    0.912
13 11  7        0    0.000    0.000   46116   28.052    0.521
13 11  8        0    0.000    0.000   46116   43.817    1.011
13 12  7        0    0.000    0.000   46116   23.920    0.606
13 12  8        0    0.000    0.000   46116   39.719    0.702
13 13  7        0    0.000    0.000   46116   19.397    0.510
13 13  8        0    0.000    0.000   46116    3.725    0.794
13 14  7        0    0.000    0.000   46116   25.781    0.533
13 14  8        0    0.000    0.000   46116   41.572    0.741
13 15  7        0    0.000    0.000   46116   17.097    0.574
13 15  8        0    0.000    0.000   46116   33.959    0.681
13 16  7        0    0.000    0.000   46116   29.120    0.354
13 16  8        0    0.000    0.000   46116   44.662    0.796
13 17  7        0    0.000    0.000   46116   24.342    0.485
13 17  8        0    0.000    0.000   46116   40.789    0.761
13 18  7        0    0.000    0.000   46116   17.640    0.681
13 18  8        0    0.000    0.000   46116   33.203    0.695
13 19  7        0    0.000    0.000   46116   29.046    0.227
13 19  8        0    0.000    0.000   46116   45.621    0.705
13 20  7        0    0.000    0.000   46116   25.211    0.477
13 20  8        0    0.000    0.000   46116   40.124    0.911
13 21  7        0    0.000    0.000   46116   18.320    0.536
13 21  8        0    0.000    0.000   46116   33.822    1.112
13 22  7        0    0.000    0.000   46116   27.684    0.508
13 22  8        0    0.000    0.000   46116   42.863    0.864
13 23  7        0    0.000    0.000   46116   23.414    0.505
13 23  8        0    0.000    0.000   46116   38.348    0.685
13 24  7        0    0.000    0.000   46116   18.135    0.572
13 24  8        0    0.000    0.000   46116   33.187    0.735
14  1  7        0    0.000    0.000   46116   15.247    0.439
14  1  8        0    0.000    0.000   46116   39.220    0.546
14  2  7        0    0.000    0.000   46116   26.539    0.506
14  2  8        0    0.000    0.000   46116   84.104    0.658
14  3  7        0    0.000    0.000   46116   18.524    0.501
14  3  8        0    0.000    0.000   46116   41.786    0.542
14  4  7        0    0.000    0.000   46116   20.187    0.413
14  4  8        0    0.000    0.000   46116   42.563    0.577
14  5  7        0    0.000    0.000   46116   18.905    0.312
14  5  8        0    0.000    0.000   46116   42.991    0.665
14  6  7        0    0.000    0.000   46116   19.470    0.501
14  6  8        0    0.000    0.000   46116   41.494    0.580
14  7  7        0    0.000    0.000   46116   21.264    1.173
14  7  8        0    0.000    0.000   46116   46.048    3.344
14  8  7        0    0.000    0.000   46116   20.463    0.732
14  8  8        0    0.000    0.000   46116   43.337    1.032
14  9  7        0    0.000    0.000   46116   19.471    0.499
14  9  8        0    0.000    0.000   46116   49.415    0.507
14 10  7        0    0.000    0.000   46116   15.390    0.490
14 10  8        0    0.000    0.000   46116   38.136    0.619
14 11  7        0    0.000    0.000   46116   17.488    0.511
14 11  8        0    0.000    0.000   46116   41.054    0.589
14 12  7        0    0.000    0.000   46116   16.414    0.494
14 12  8        0    0.000    0.000   46116   38.684    0.641
14 13  7        0    0.000    0.000   46116   17.681    0.470
14 13  8        0    0.000    0.000   46116   40.354    0.562
14 14  7        0    0.000    0.000   46116   16.316    0.472
14 14  8        0    0.000    0.000   46116   39.309    0.702
14 15  7        0    0.000    0.000   46116   16.755    0.440
14 15  8        0    0.000    0.000   46116   38.814    0.580
14 16  7        0    0.000    0.000   46116   14.465    0.504
14 16  8        0    0.000    0.000   46116   36.011    0.661
15  1  7        0    0.000    0.000   46116   17.819    0.650
15  1  8        0    0.000    0.000   46116   40.703    0.694
15  2  7        0    0.000    0.000   46116   28.187    0.433
15  2  8        0    0.000    0.000   46116   43.660    0.627
15  3  7        0    0.000    0.000   46116   16.426    0.502
15  3  8        0    0.000    0.000   46116   38.507    0.700
15  4  7        0    0.000    0.000   46116   32.029    0.178
15  4  8        0    0.000    0.000   46116   48.470    0.708
15  5  7        0    0.000    0.000   46116   16.001    0.621
15  5  8        0    0.000    0.000   46116   38.024    7.672
15  6  7        0    0.000    0.000   46116   34.917    0.438
15  6  8        0    0.000    0.000   46116   51.043    0.705
15  7  7        0    0.000    0.000   46116   15.832    0.650
15  7  8        0    0.000    0.000   46116   38.067    0.660
15  8  7        0    0.000    0.000   46116   32.750    0.440
15  8  8        0    0.000    0.000   46116   48.939    0.712
15  9  7        0    0.000    0.000   46116   12.225    0.514
15  9  8        0    0.000    0.000   46116   34.364    0.682
15 10  7        0    0.000    0.000   46116   31.827    0.405
15 10  8        0    0.000    0.000   46116   47.593    0.738
15 11  7        0    0.000    0.000   46116   12.196    0.541
15 11  8        0    0.000    0.000   46116   36.237    0.694
15 12  7        0    0.000    0.000   46116   32.357    0.480
15 12  8        0    0.000    0.000   46116   46.138    0.516
15 13  7        0    0.000    0.000   46116   11.153    0.564
15 13  8        0    0.000    0.000   46116   32.598    1.713
15 14  7        0    0.000    0.000   46116   34.328    0.483
15 14  8        0    0.000    0.000   46116   50.305    4.130
15 15  7        0    0.000    0.000   46116   10.356    0.530
15 15  8        0    0.000    0.000   46116   31.442    0.684
15 16  7        0    0.000    0.000   46116   34.567    0.498
15 16  8        0    0.000    0.000   46116   51.768    0.608
16  1  7        0    0.000    0.000   46116   32.284    0.456
16  1  8        0    0.000    0.000   46116   48.833    5.939
16  2  7        0    0.000    0.000   46116   35.344    2.265
16  2  8        0    0.000    0.000   46116   51.347    3.339
16  3  7        0    0.000    0.000   46116   34.622    3.906
16  3  8        0    0.000    0.000   46116   50.794    5.526
16  4  7        0    0.000    0.000   46116   34.347    0.778
16  4  8        0    0.000    0.000   46116   48.552    1.139
16  5  7        0    0.000    0.000   46116   30.336    0.586
16  5  8        0    0.000    0.000   46116   47.533    1.060
16  6  7        0    0.000    0.000   46116   31.639    0.515
16  6  8        0    0.000    0.000   46116   49.105    0.685
16  7  7        0    0.000    0.000   46116   30.726    0.530
16  7  8        0    0.000    0.000   46116   47.021    2.743
16  8  7        0    0.000    0.000   46116   28.616    0.531
16  8  8        0    0.000    0.000   46116   45.621    8.114
17  1  7        0    0.000    0.000   46116   27.727    0.589
17  1  8        0    0.000    0.000   46116   45.058    3.781
17  2  7        0    0.000    0.000   46116   31.182    0.573
17  2  8        0    0.000    0.000   46116   47.578    0.958
17  3  7        0    0.000    0.000   46116   28.207    0.496
17  3  8        0    0.000    0.000   46116   45.922    0.784
17  4  7        0    0.000    0.000   46116   27.543    0.541
17  4  8        0    0.000    0.000   46116   43.430    0.616
17  5  7        0    0.000    0.000   46116   21.610    0.664
17  5  8        0    0.000    0.000   46116   38.772    0.775
17  6  7        0    0.000    0.000   46116   23.291    0.475
17  6  8        0    0.000    0.000   46116   41.175    0.651
17  7  7        0    0.000    0.000   46116   23.060    0.609
17  7  8        0    0.000    0.000   46116   40.628    0.683
17  8  7        0    0.000    0.000   46116   19.963    0.656
17  8  8        0    0.000    0.000   46116   36.024    0.635
