Run 8190  26-APR-01 14:54:40 
Total   10943 ev.  Physical       0 ev.
-------------------------------------------------------------
 c  m  t   n_phys ave_phys sig_phys  n_gene ave_gene sig_gene
-------------------------------------------------------------
 1  1  4        0    0.000    0.000   10943   56.084    0.937
 1  1  5        0    0.000    0.000   10943   69.884    0.456
 1  2  4        0    0.000    0.000   10943   56.571    0.937
 1  2  5        0    0.000    0.000   10943   73.116    0.668
 1  3  4        0    0.000    0.000   10943   94.953    0.885
 1  3  5        0    0.000    0.000   10943   82.455    0.590
 1  4  4        0    0.000    0.000   10943   62.621    1.008
 1  4  5        0    0.000    0.000   10943   74.252    0.646
 1  5  4        0    0.000    0.000   10943   51.961    0.993
 1  5  5        0    0.000    0.000   10943   69.743    0.520
 1  6  4        0    0.000    0.000   10943   54.065    0.923
 1  6  5        0    0.000    0.000   10943   69.695    0.527
 1  7  4        0    0.000    0.000   10943   64.496    0.892
 1  7  5        0    0.000    0.000   10943   69.774    0.519
 1  8  4        0    0.000    0.000   10943   56.583    0.631
 1  8  5        0    0.000    0.000   10943   70.449    0.607
 1  9  4        0    0.000    0.000   10943   63.350    0.897
 1  9  5        0    0.000    0.000   10943   71.389    0.600
 1 10  4        0    0.000    0.000   10943   73.632    0.930
 1 10  5        0    0.000    0.000   10943   69.292    0.642
 1 11  4        0    0.000    0.000   10943   57.959    0.923
 1 11  5        0    0.000    0.000   10943   69.788    0.516
 1 12  4        0    0.000    0.000   10943   56.790    0.984
 1 12  5        0    0.000    0.000   10943   71.073    0.608
 2  1  1        0    0.000    0.000   10943   25.377   30.713
 2  1  2        0    0.000    0.000   10943   69.937    2.565
 2  1  4        0    0.000    0.000   10943   69.867    1.050
 2  1  5        0    0.000    0.000   10943   71.325    0.600
 2  3  1        0    0.000    0.000   10943  101.474  337.652
 2  3  2        0    0.000    0.000   10943   70.747   25.110
 2  3  4        0    0.000    0.000   10943   60.725  151.184
 2  3  5        0    0.000    0.000   10943   74.948   10.295
 2  5  1        0    0.000    0.000   10943   21.641   24.799
 2  5  2        0    0.000    0.000   10943   69.950    2.135
 2  5  4        0    0.000    0.000   10943   57.996    1.058
 2  5  5        0    0.000    0.000   10943   73.599    0.571
 2  7  1        0    0.000    0.000   10943   27.901    7.132
 2  7  2        0    0.000    0.000   10943   68.457    0.657
 2  7  4        0    0.000    0.000   10943   56.123    1.045
 2  7  5        0    0.000    0.000   10943   73.478    0.616
 2  9  1        0    0.000    0.000   10943   18.718    6.506
 2  9  2        0    0.000    0.000   10943   69.249    0.646
 2  9  4        0    0.000    0.000   10943   58.317    1.035
 2  9  5        0    0.000    0.000   10943   69.683    0.536
 2 11  1        0    0.000    0.000   10943   17.667    7.180
 2 11  2        0    0.000    0.000   10943   70.129    0.675
 2 11  4        0    0.000    0.000   10943   63.255    0.993
 2 11  5        0    0.000    0.000   10943   70.950    0.563
 2 13  1        0    0.000    0.000   10943   27.737    6.898
 2 13  2        0    0.000    0.000   10943   69.518    0.647
 2 13  4        0    0.000    0.000   10943   60.031    4.358
 2 13  5        0    0.000    0.000   10943   70.137    0.675
 2 15  1        0    0.000    0.000   10943   16.543   11.968
 2 15  2        0    0.000    0.000   10943   70.523    1.022
 2 15  4        0    0.000    0.000   10943   48.305    6.095
 2 15  5        0    0.000    0.000   10943   70.264    0.710
 2 17  1        0    0.000    0.000   10943   44.285    7.028
 2 17  2        0    0.000    0.000   10943   68.956    0.643
 2 17  4        0    0.000    0.000   10943   67.604    0.995
 2 17  5        0    0.000    0.000   10943   70.213    0.599
 2 19  1        0    0.000    0.000   10943   42.641    9.736
 2 19  2        0    0.000    0.000   10943   69.930    0.827
 2 19  4        0    0.000    0.000   10943   63.485    1.022
 2 19  5        0    0.000    0.000   10943   71.683    0.542
 2 21  1        0    0.000    0.000   10943   39.280    6.288
 2 21  2        0    0.000    0.000   10943   69.405    0.644
 2 21  4        0    0.000    0.000   10943   66.006    6.986
 2 21  5        0    0.000    0.000   10943   69.396    0.728
 2 23  1        0    0.000    0.000   10943   45.231    9.617
 2 23  2        0    0.000    0.000   10943   67.596    0.804
 2 23  4        0    0.000    0.000   10943   59.479    0.905
 2 23  5        0    0.000    0.000   10943   68.729    0.516
 3  1  4        0    0.000    0.000   10943   64.440    1.314
 3  1  5        0    0.000    0.000   10943   71.048    0.575
 3  2  4        0    0.000    0.000   10943   63.433    0.921
 3  2  5        0    0.000    0.000   10943   71.611    0.536
 3  3  4        0    0.000    0.000   10943   85.498  212.824
 3  3  5        0    0.000    0.000   10943   69.874   14.446
 3  4  4        0    0.000    0.000   10943   82.917  208.589
 3  4  5        0    0.000    0.000   10943   71.484   14.375
 3  5  4        0    0.000    0.000   10943   58.485    1.058
 3  5  5        0    0.000    0.000   10943   70.137    0.591
 3  6  4        0    0.000    0.000   10943   67.452    0.890
 3  6  5        0    0.000    0.000   10943   70.916    0.519
 3  7  4        0    0.000    0.000   10943   68.895    0.904
 3  7  5        0    0.000    0.000   10943   68.907    0.591
 3  8  4        0    0.000    0.000   10943   72.061    0.928
 3  8  5        0    0.000    0.000   10943   70.631    0.590
 3  9  4        0    0.000    0.000   10943   97.099    0.864
 3  9  5        0    0.000    0.000   10943   84.722    0.482
 3 10  4        0    0.000    0.000   10943  104.355    0.872
 3 10  5        0    0.000    0.000   10943   86.277    0.603
 3 11  4        0    0.000    0.000   10943  101.035   12.923
 3 11  5        0    0.000    0.000   10943   88.744    1.094
 3 12  4        0    0.000    0.000   10943  109.611    0.908
 3 12  5        0    0.000    0.000   10943   89.865    0.656
 3 13  4        0    0.000    0.000   10943   97.738    9.655
 3 13  5        0    0.000    0.000   10943   88.545    0.914
 3 14  4        0    0.000    0.000   10943  102.265    0.872
 3 14  5        0    0.000    0.000   10943   88.344    0.622
 3 15  4        0    0.000    0.000   10943  102.220    7.908
 3 15  5        0    0.000    0.000   10943   88.880    0.817
 3 16  4        0    0.000    0.000   10943   94.687    8.111
 3 16  5        0    0.000    0.000   10943   86.334    0.822
 3 17  4        0    0.000    0.000   10943  104.921    0.907
 3 17  5        0    0.000    0.000   10943   83.424    0.602
 3 18  4        0    0.000    0.000   10943  108.670    0.876
 3 18  5        0    0.000    0.000   10943   84.182    0.639
 3 19  4        0    0.000    0.000   10943  107.468    0.889
 3 19  5        0    0.000    0.000   10943   85.476    0.593
 3 20  4        0    0.000    0.000   10943  107.443    0.891
 3 20  5        0    0.000    0.000   10943   84.322    0.622
 3 21  4        0    0.000    0.000   10943  103.629    5.940
 3 21  5        0    0.000    0.000   10943   83.096    0.742
 3 22  4        0    0.000    0.000   10943   97.413    5.891
 3 22  5        0    0.000    0.000   10943   81.188    0.725
 3 23  4        0    0.000    0.000   10943  110.546    0.907
 3 23  5        0    0.000    0.000   10943   82.786    0.603
 3 24  4        0    0.000    0.000   10943  107.399    0.864
 3 24  5        0    0.000    0.000   10943   81.453    0.599
 4  1  1        0    0.000    0.000   10943   39.039    7.532
 4  1  2        0    0.000    0.000   10943   69.649    0.708
 4  1  4        0    0.000    0.000   10943  125.127    0.862
 4  1  5        0    0.000    0.000   10943   84.934    0.641
 4  2  4        0    0.000    0.000   10943  127.654    0.867
 4  2  5        0    0.000    0.000   10943   84.776    0.632
 4  3  1        0    0.000    0.000   10943   35.611    7.015
 4  3  2        0    0.000    0.000   10943   67.035    0.671
 4  3  4        0    0.000    0.000   10943  125.900    0.856
 4  3  5        0    0.000    0.000   10943   83.315    0.612
 4  4  4        0    0.000    0.000   10943  127.306    0.872
 4  4  5        0    0.000    0.000   10943   84.097    0.651
 4  5  1        0    0.000    0.000   10943   36.678    6.398
 4  5  2        0    0.000    0.000   10943   67.017    0.636
 4  5  4        0    0.000    0.000   10943  130.589    0.893
 4  5  5        0    0.000    0.000   10943   83.689    0.614
 4  6  4        0    0.000    0.000   10943  119.592    0.864
 4  6  5        0    0.000    0.000   10943   82.532    0.592
 4  7  1        0    0.000    0.000   10943   32.384    6.345
 4  7  2        0    0.000    0.000   10943   67.944    0.632
 4  7  4        0    0.000    0.000   10943  118.161    0.895
 4  7  5        0    0.000    0.000   10943   84.404    0.597
 4  8  4        0    0.000    0.000   10943  127.176    0.873
 4  8  5        0    0.000    0.000   10943   84.029    0.679
 4  9  1        0    0.000    0.000   10943   55.558    6.483
 4  9  2        0    0.000    0.000   10943   70.565    0.636
 4  9  4        0    0.000    0.000   10943  120.416    5.363
 4  9  5        0    0.000    0.000   10943   82.699    0.710
 4 10  4        0    0.000    0.000   10943  132.148    5.507
 4 10  5        0    0.000    0.000   10943   83.827    0.712
 4 11  1        0    0.000    0.000   10943   54.273    6.347
 4 11  2        0    0.000    0.000   10943   69.319    0.644
 4 11  4        0    0.000    0.000   10943  131.525    1.776
 4 11  5        0    0.000    0.000   10943   82.798    0.631
 4 12  4        0    0.000    0.000   10943  130.371    0.844
 4 12  5        0    0.000    0.000   10943   84.895    0.634
 4 13  1        0    0.000    0.000   10943   52.942    6.491
 4 13  2        0    0.000    0.000   10943   68.983    0.642
 4 13  4        0    0.000    0.000   10943  126.926    1.778
 4 13  5        0    0.000    0.000   10943   83.508    0.610
 4 14  4        0    0.000    0.000   10943  121.922    0.857
 4 14  5        0    0.000    0.000   10943   82.508    0.596
 4 15  1        0    0.000    0.000   10943   52.257    7.406
 4 15  2        0    0.000    0.000   10943   70.829    0.684
 4 15  4        0    0.000    0.000   10943  122.062    0.873
 4 15  5        0    0.000    0.000   10943   83.114    0.656
 4 16  4        0    0.000    0.000   10943  123.317    0.860
 4 16  5        0    0.000    0.000   10943   83.067    0.684
 4 17  1        0    0.000    0.000   10943   53.636    8.116
 4 17  2        0    0.000    0.000   10943   68.840    0.730
 4 17  4        0    0.000    0.000   10943  106.118    0.880
 4 17  5        0    0.000    0.000   10943   71.169    0.552
 4 18  4        0    0.000    0.000   10943   77.510    0.912
 4 18  5        0    0.000    0.000   10943   73.034    0.610
 4 19  1        0    0.000    0.000   10943   51.961    6.644
 4 19  2        0    0.000    0.000   10943   67.013    0.654
 4 19  4        0    0.000    0.000   10943   85.621    0.905
 4 19  5        0    0.000    0.000   10943   73.295    0.650
 4 20  4        0    0.000    0.000   10943   82.447    0.915
 4 20  5        0    0.000    0.000   10943   74.018    0.658
 4 21  1        0    0.000    0.000   10943   51.101    6.132
 4 21  2        0    0.000    0.000   10943   67.028    0.632
 4 21  4        0    0.000    0.000   10943   79.973    0.897
 4 21  5        0    0.000    0.000   10943   74.384    0.637
 4 22  4        0    0.000    0.000   10943   76.170    0.883
 4 22  5        0    0.000    0.000   10943   75.190    0.635
 4 23  1        0    0.000    0.000   10943   42.816    6.327
 4 23  2        0    0.000    0.000   10943   67.191    0.650
 4 23  4        0    0.000    0.000   10943   86.739    0.885
 4 23  5        0    0.000    0.000   10943   75.518    0.606
 4 24  4        0    0.000    0.000   10943   75.081    0.879
 4 24  5        0    0.000    0.000   10943   69.993    0.609
 5  1  4        0    0.000    0.000   10943   96.801    0.887
 5  1  5        0    0.000    0.000   10943   69.955    0.610
 5  2  4        0    0.000    0.000   10943   92.574    2.426
 5  2  5        0    0.000    0.000   10943   69.944    0.636
 5  3  4        0    0.000    0.000   10943   94.110    0.965
 5  3  5        0    0.000    0.000   10943   70.204    0.635
 5  4  4        0    0.000    0.000   10943   96.202    0.896
 5  4  5        0    0.000    0.000   10943   71.490    0.635
 5  5  4        0    0.000    0.000   10943   88.516    0.881
 5  5  5        0    0.000    0.000   10943   72.705    0.634
 5  6  4        0    0.000    0.000   10943   92.535    1.088
 5  6  5        0    0.000    0.000   10943   72.011    0.638
 5  7  4        0    0.000    0.000   10943   78.812    0.885
 5  7  5        0    0.000    0.000   10943   72.455    0.628
 5  8  4        0    0.000    0.000   10943   81.404    0.877
 5  8  5        0    0.000    0.000   10943   69.475    0.599
 5  9  4        0    0.000    0.000   10943  101.602    5.441
 5  9  5        0    0.000    0.000   10943   73.717    0.698
 5 10  4        0    0.000    0.000   10943  102.905    6.450
 5 10  5        0    0.000    0.000   10943   75.087    0.734
 5 11  4        0    0.000    0.000   10943  112.234    0.956
 5 11  5        0    0.000    0.000   10943   83.649    0.607
 5 12  4        0    0.000    0.000   10943  101.922    0.885
 5 12  5        0    0.000    0.000   10943   74.885    0.597
 5 13  4        0    0.000    0.000   10943  106.579    0.904
 5 13  5        0    0.000    0.000   10943   72.019    0.619
 5 14  4        0    0.000    0.000   10943  108.201    0.895
 5 14  5        0    0.000    0.000   10943   74.463    0.599
 5 15  4        0    0.000    0.000   10943   95.559    0.874
 5 15  5        0    0.000    0.000   10943   73.785    0.590
 5 16  4        0    0.000    0.000   10943  100.126    0.861
 5 16  5        0    0.000    0.000   10943   72.577    0.625
 5 17  4        0    0.000    0.000   10943   89.850    0.869
 5 17  5        0    0.000    0.000   10943   74.194    0.603
 5 18  4        0    0.000    0.000   10943   94.537    1.864
 5 18  5        0    0.000    0.000   10943   74.045    0.616
 5 19  4        0    0.000    0.000   10943   96.495    0.895
 5 19  5        0    0.000    0.000   10943   71.852    0.610
 5 20  4        0    0.000    0.000   10943  113.190    0.903
 5 20  5        0    0.000    0.000   10943   73.886    0.600
 5 21  4        0    0.000    0.000   10943  102.264    0.879
 5 21  5        0    0.000    0.000   10943   72.681    0.563
 5 22  4        0    0.000    0.000   10943   87.512    0.961
 5 22  5        0    0.000    0.000   10943   74.472    0.589
 5 23  4        0    0.000    0.000   10943   86.797    0.851
 5 23  5        0    0.000    0.000   10943   77.167    0.587
 5 24  4        0    0.000    0.000   10943   93.793    0.898
 5 24  5        0    0.000    0.000   10943   73.400    0.578
 6  1  1        0    0.000    0.000   10943   48.304    7.019
 6  1  2        0    0.000    0.000   10943   67.477    0.665
 6  1  4        0    0.000    0.000   10943    2.658    1.577
 6  1  5        0    0.000    0.000   10943   17.540    0.506
 6  2  4        0    0.000    0.000   10943   26.801    1.617
 6  2  5        0    0.000    0.000   10943   14.801    0.440
 6  3  1        0    0.000    0.000   10943   65.123    7.420
 6  3  2        0    0.000    0.000   10943   68.028    0.674
 6  3  4        0    0.000    0.000   10943   30.007    6.267
 6  3  5        0    0.000    0.000   10943   13.324    0.655
 6  4  4        0    0.000    0.000   10943   39.544    5.652
 6  4  5        0    0.000    0.000   10943   13.647    0.643
 6  5  1        0    0.000    0.000   10943   59.368    7.486
 6  5  2        0    0.000    0.000   10943   67.261    0.689
 6  5  4        0    0.000    0.000   10943   45.573    1.562
 6  5  5        0    0.000    0.000   10943   13.843    0.518
 6  6  4        0    0.000    0.000   10943   47.332    1.561
 6  6  5        0    0.000    0.000   10943   13.769    0.506
 6  7  1        0    0.000    0.000   10943   64.995    7.366
 6  7  2        0    0.000    0.000   10943   67.597    0.674
 6  7  4        0    0.000    0.000   10943   50.366    1.561
 6  7  5        0    0.000    0.000   10943   14.277    0.546
 6  8  4        0    0.000    0.000   10943   42.632    1.557
 6  8  5        0    0.000    0.000   10943   12.801    0.504
 6  9  1        0    0.000    0.000   10943   60.095    7.349
 6  9  2        0    0.000    0.000   10943   69.650    0.684
 6  9  4        0    0.000    0.000   10943    0.671    0.973
 6  9  5        0    0.000    0.000   10943    4.819    0.497
 6 10  4        0    0.000    0.000   10943   54.910    1.567
 6 10  5        0    0.000    0.000   10943   14.055    0.389
 6 11  1        0    0.000    0.000   10943   65.680    6.641
 6 11  2        0    0.000    0.000   10943   69.806    0.661
 6 11  4        0    0.000    0.000   10943   54.580    1.538
 6 11  5        0    0.000    0.000   10943   15.415    0.517
 6 12  4        0    0.000    0.000   10943   57.876    1.556
 6 12  5        0    0.000    0.000   10943   13.192    0.537
 6 13  1        0    0.000    0.000   10943   53.665    7.109
 6 13  2        0    0.000    0.000   10943   67.242    0.696
 6 13  4        0    0.000    0.000   10943   53.005    5.524
 6 13  5        0    0.000    0.000   10943   13.383    0.646
 6 14  4        0    0.000    0.000   10943   43.054    5.288
 6 14  5        0    0.000    0.000   10943   14.393    0.622
 6 15  1        0    0.000    0.000   10943   53.022    7.306
 6 15  2        0    0.000    0.000   10943   66.304    0.701
 6 15  4        0    0.000    0.000   10943   46.656    1.576
 6 15  5        0    0.000    0.000   10943   13.074    0.504
 6 16  4        0    0.000    0.000   10943   51.833    1.584
 6 16  5        0    0.000    0.000   10943   12.292    0.528
 6 17  1        0    0.000    0.000   10943   94.668    6.838
 6 17  2        0    0.000    0.000   10943   86.124    0.637
 6 17  4        0    0.000    0.000   10943    0.000    0.010
 6 17  5        0    0.000    0.000   10943    0.059    0.235
 6 18  4        0    0.000    0.000   10943   62.975    1.594
 6 18  5        0    0.000    0.000   10943   11.942    0.386
 6 19  1        0    0.000    0.000   10943   96.052    7.454
 6 19  2        0    0.000    0.000   10943   85.280    0.769
 6 19  4        0    0.000    0.000   10943   53.307    1.672
 6 19  5        0    0.000    0.000   10943   12.960    0.425
 6 20  4        0    0.000    0.000   10943   45.180    1.714
 6 20  5        0    0.000    0.000   10943   14.002    0.491
 6 21  1        0    0.000    0.000   10943   90.434    7.308
 6 21  2        0    0.000    0.000   10943   85.954    0.758
 6 21  4        0    0.000    0.000   10943   43.187    1.774
 6 21  5        0    0.000    0.000   10943   13.904    0.504
 6 22  4        0    0.000    0.000   10943   50.443    2.589
 6 22  5        0    0.000    0.000   10943   12.599    0.540
 6 23  1        0    0.000    0.000   10943   96.692    7.802
 6 23  2        0    0.000    0.000   10943   88.037    0.778
 6 23  4        0    0.000    0.000   10943   48.847    2.079
 6 23  5        0    0.000    0.000   10943   10.687    0.520
 6 24  4        0    0.000    0.000   10943   47.754    1.734
 6 24  5        0    0.000    0.000   10943   11.980    0.511
 7  1  4        0    0.000    0.000   10943   66.200    1.646
 7  1  5        0    0.000    0.000   10943   12.700    0.505
 7  2  4        0    0.000    0.000   10943   59.848    1.657
 7  2  5        0    0.000    0.000   10943   14.727    0.498
 7  3  4        0    0.000    0.000   10943   63.766    5.843
 7  3  5        0    0.000    0.000   10943   14.736    0.624
 7  4  4        0    0.000    0.000   10943   56.215    5.794
 7  4  5        0    0.000    0.000   10943   12.971    0.627
 7  5  4        0    0.000    0.000   10943   57.428    1.727
 7  5  5        0    0.000    0.000   10943   12.184    0.512
 7  6  4        0    0.000    0.000   10943   58.058    1.649
 7  6  5        0    0.000    0.000   10943   14.175    0.509
 7  7  4        0    0.000    0.000   10943   49.849    1.947
 7  7  5        0    0.000    0.000   10943   14.327    0.544
 7  8  4        0    0.000    0.000   10943   59.332    1.706
 7  8  5        0    0.000    0.000   10943   14.373    0.546
 7  9  4        0    0.000    0.000   10943   64.638    1.614
 7  9  5        0    0.000    0.000   10943   71.650    0.481
 7 10  4        0    0.000    0.000   10943   70.835    1.675
 7 10  5        0    0.000    0.000   10943   70.737    0.460
 7 11  4        0    0.000    0.000   10943   66.813    1.633
 7 11  5        0    0.000    0.000   10943   69.755    0.467
 7 12  4        0    0.000    0.000   10943   62.865    1.938
 7 12  5        0    0.000    0.000   10943   70.531    0.519
 7 13  4        0    0.000    0.000   10943   66.906    5.774
 7 13  5        0    0.000    0.000   10943   70.232    0.603
 7 14  4        0    0.000    0.000   10943   72.647    7.060
 7 14  5        0    0.000    0.000   10943   71.529    0.651
 7 15  4        0    0.000    0.000   10943   73.586    1.614
 7 15  5        0    0.000    0.000   10943   69.472    0.513
 7 16  4        0    0.000    0.000   10943   84.225    1.709
 7 16  5        0    0.000    0.000   10943   69.821    0.446
 7 17  4        0    0.000    0.000   10943   84.758    1.616
 7 17  5        0    0.000    0.000   10943   70.858    0.436
 7 18  4        0    0.000    0.000   10943   96.381    1.676
 7 18  5        0    0.000    0.000   10943   72.791    0.452
 7 19  4        0    0.000    0.000   10943   88.451    1.653
 7 19  5        0    0.000    0.000   10943   69.798    0.450
 7 20  4        0    0.000    0.000   10943   62.824    1.664
 7 20  5        0    0.000    0.000   10943   65.642    0.491
 7 21  4        0    0.000    0.000   10943   74.383    1.629
 7 21  5        0    0.000    0.000   10943   69.893    0.402
 7 22  4        0    0.000    0.000   10943   72.516    1.613
 7 22  5        0    0.000    0.000   10943   70.951    0.402
 7 23  4        0    0.000    0.000   10943   80.445    1.622
 7 23  5        0    0.000    0.000   10943   70.894    0.409
 7 24  4        0    0.000    0.000   10943   77.601    1.651
 7 24  5        0    0.000    0.000   10943   69.317    0.492
 8  1  1        0    0.000    0.000   10943   95.544   34.408
 8  1  2        0    0.000    0.000   10943   87.963    2.350
 8  1  4        0    0.000    0.000   10943   85.339    1.964
 8  1  5        0    0.000    0.000   10943   71.653    0.489
 8  2  4        0    0.000    0.000   10943   88.782    1.951
 8  2  5        0    0.000    0.000   10943   70.663    0.486
 8  3  1        0    0.000    0.000   10943   98.352   45.405
 8  3  2        0    0.000    0.000   10943   87.269    3.125
 8  3  4        0    0.000    0.000   10943   89.638    2.036
 8  3  5        0    0.000    0.000   10943   70.859    0.436
 8  4  4        0    0.000    0.000   10943   88.064    2.037
 8  4  5        0    0.000    0.000   10943   69.966    0.416
 8  5  1        0    0.000    0.000   10943  108.416   35.102
 8  5  2        0    0.000    0.000   10943   87.537    2.394
 8  5  4        0    0.000    0.000   10943   87.085    2.012
 8  5  5        0    0.000    0.000   10943   70.022    0.416
 8  6  4        0    0.000    0.000   10943   91.013    1.957
 8  6  5        0    0.000    0.000   10943   71.381    0.504
 8  7  1        0    0.000    0.000   10943   99.982   48.007
 8  7  2        0    0.000    0.000   10943   85.764    3.252
 8  7  4        0    0.000    0.000   10943   86.542    5.323
 8  7  5        0    0.000    0.000   10943   69.835    0.567
 8  8  4        0    0.000    0.000   10943   69.247    5.216
 8  8  5        0    0.000    0.000   10943   64.500    0.572
 8  9  1        0    0.000    0.000   10943  106.943   46.825
 8  9  2        0    0.000    0.000   10943   86.358    3.194
 8  9  4        0    0.000    0.000   10943   93.492    1.999
 8  9  5        0    0.000    0.000   10943   70.474    0.508
 8 10  4        0    0.000    0.000   10943   91.442    1.986
 8 10  5        0    0.000    0.000   10943   70.871    0.405
 8 11  1        0    0.000    0.000   10943  103.580   54.188
 8 11  2        0    0.000    0.000   10943   85.818    3.656
 8 11  4        0    0.000    0.000   10943   92.495    2.506
 8 11  5        0    0.000    0.000   10943   70.372    0.507
 8 12  4        0    0.000    0.000   10943   97.158    1.961
 8 12  5        0    0.000    0.000   10943   70.360    0.497
 8 13  1        0    0.000    0.000   10943  108.918   47.298
 8 13  2        0    0.000    0.000   10943   84.918    3.168
 8 13  4        0    0.000    0.000   10943   92.109    2.010
 8 13  5        0    0.000    0.000   10943   71.477    0.508
 8 14  4        0    0.000    0.000   10943   93.841    1.994
 8 14  5        0    0.000    0.000   10943   71.409    0.504
 8 15  1        0    0.000    0.000   10943   94.509   35.927
 8 15  2        0    0.000    0.000   10943   87.158    2.459
 8 15  4        0    0.000    0.000   10943   92.502    1.966
 8 15  5        0    0.000    0.000   10943   71.603    0.498
 8 16  4        0    0.000    0.000   10943  102.282    2.091
 8 16  5        0    0.000    0.000   10943   71.024    0.415
 8 17  1        0    0.000    0.000   10943  102.951   68.279
 8 17  2        0    0.000    0.000   10943   85.466    4.498
 8 17  4        0    0.000    0.000   10943   63.882    5.296
 8 17  5        0    0.000    0.000   10943   76.398    0.623
 8 18  4        0    0.000    0.000   10943   60.680    5.300
 8 18  5        0    0.000    0.000   10943   76.266    0.660
 8 19  1        0    0.000    0.000   10943   99.661   66.319
 8 19  2        0    0.000    0.000   10943   84.943    4.507
 8 19  4        0    0.000    0.000   10943   60.069    2.034
 8 19  5        0    0.000    0.000   10943   78.700    0.571
 8 20  4        0    0.000    0.000   10943   59.251    2.085
 8 20  5        0    0.000    0.000   10943   77.348    0.591
 8 21  1        0    0.000    0.000   10943   97.279   43.376
 8 21  2        0    0.000    0.000   10943   84.629    2.915
 8 21  4        0    0.000    0.000   10943   48.642    2.014
 8 21  5        0    0.000    0.000   10943   78.170    0.583
 8 22  4        0    0.000    0.000   10943   62.998    2.037
 8 22  5        0    0.000    0.000   10943   79.134    0.576
 8 23  1        0    0.000    0.000   10943   96.013   32.343
 8 23  2        0    0.000    0.000   10943   84.510    2.279
 8 23  4        0    0.000    0.000   10943   66.793    5.287
 8 23  5        0    0.000    0.000   10943   77.180    0.652
 8 24  4        0    0.000    0.000   10943   95.274   35.003
 8 24  5        0    0.000    0.000   10943   76.629    2.416
 9  1  4        0    0.000    0.000   10943   72.160    2.011
 9  1  5        0    0.000    0.000   10943   77.660    0.581
 9  2  4        0    0.000    0.000   10943   64.876    2.129
 9  2  5        0    0.000    0.000   10943   79.499    0.590
 9  3  4        0    0.000    0.000   10943   58.849    2.301
 9  3  5        0    0.000    0.000   10943   77.181    0.585
 9  4  4        0    0.000    0.000   10943   70.041    2.074
 9  4  5        0    0.000    0.000   10943   77.500    0.570
 9  5  4        0    0.000    0.000   10943   65.665    2.005
 9  5  5        0    0.000    0.000   10943   78.155    0.577
 9  6  4        0    0.000    0.000   10943   73.199    2.192
 9  6  5        0    0.000    0.000   10943   78.141    0.578
 9  7  4        0    0.000    0.000   10943   59.054    4.117
 9  7  5        0    0.000    0.000   10943   74.919    0.617
 9  8  4        0    0.000    0.000   10943   63.470    5.730
 9  8  5        0    0.000    0.000   10943   78.092    0.670
 9  9  4        0    0.000    0.000   10943   71.004    2.051
 9  9  5        0    0.000    0.000   10943   78.353    0.571
 9 10  4        0    0.000    0.000   10943   74.742    2.053
 9 10  5        0    0.000    0.000   10943   77.950    0.549
 9 11  4        0    0.000    0.000   10943   72.286    2.074
 9 11  5        0    0.000    0.000   10943   78.064    0.558
 9 12  4        0    0.000    0.000   10943   75.821    2.174
 9 12  5        0    0.000    0.000   10943   77.359    0.567
 9 13  4        0    0.000    0.000   10943   70.460    2.107
 9 13  5        0    0.000    0.000   10943   75.488    0.561
 9 14  4        0    0.000    0.000   10943   76.967    2.064
 9 14  5        0    0.000    0.000   10943   75.466    0.565
 9 15  4        0    0.000    0.000   10943   65.176    2.219
 9 15  5        0    0.000    0.000   10943   73.878    0.548
 9 16  4        0    0.000    0.000   10943   70.817    2.103
 9 16  5        0    0.000    0.000   10943   74.901    0.553
 9 17  4        0    0.000    0.000   10943  105.294    5.479
 9 17  5        0    0.000    0.000   10943   74.247    0.645
 9 18  4        0    0.000    0.000   10943  102.127    5.676
 9 18  5        0    0.000    0.000   10943   77.946    0.682
 9 19  4        0    0.000    0.000   10943  112.256    2.058
 9 19  5        0    0.000    0.000   10943   72.231    0.578
 9 20  4        0    0.000    0.000   10943  114.528    2.090
 9 20  5        0    0.000    0.000   10943   76.521    0.592
 9 21  4        0    0.000    0.000   10943  111.932    2.089
 9 21  5        0    0.000    0.000   10943   78.124    0.596
 9 22  4        0    0.000    0.000   10943   79.995    2.077
 9 22  5        0    0.000    0.000   10943   77.475    0.598
 9 23  4        0    0.000    0.000   10943  118.629    5.646
 9 23  5        0    0.000    0.000   10943   73.633    0.659
 9 24  4        0    0.000    0.000   10943  107.730    5.729
 9 24  5        0    0.000    0.000   10943   79.799    0.717
10  1  1        0    0.000    0.000   10943  108.386   34.672
10  1  2        0    0.000    0.000   10943   86.373    2.361
10  2 10        0    0.000    0.000   10943   45.983    6.879
10  2 11        0    0.000    0.000   10943   52.142    0.715
10  2 13        0    0.000    0.000   10943   42.789    2.795
10  2 14        0    0.000    0.000   10943   52.916    0.560
10  3  1        0    0.000    0.000   10943  114.016   31.503
10  3  2        0    0.000    0.000   10943   85.581    2.134
10  5  1        0    0.000    0.000   10943  123.088   33.439
10  5  2        0    0.000    0.000   10943   87.195    2.269
10  7  1        0    0.000    0.000   10943  113.843   34.671
10  7  2        0    0.000    0.000   10943   84.967    2.392
10  9  1        0    0.000    0.000   10943  117.665   39.121
10  9  2        0    0.000    0.000   10943   85.259    2.640
10 11  1        0    0.000    0.000   10943  116.648   42.360
10 11  2        0    0.000    0.000   10943   83.764    2.907
10 13  1        0    0.000    0.000   10943  113.008   35.178
10 13  2        0    0.000    0.000   10943   85.523    2.386
10 15  1        0    0.000    0.000   10943  118.038   30.961
10 15  2        0    0.000    0.000   10943   84.239    2.148
10 17  1        0    0.000    0.000   10943  134.457   32.472
10 17  2        0    0.000    0.000   10943   88.602    2.258
10 19  1        0    0.000    0.000   10943  110.701   31.897
10 19  2        0    0.000    0.000   10943   86.674    2.203
10 21  1        0    0.000    0.000   10943  115.825   33.349
10 21  2        0    0.000    0.000   10943   84.169    2.292
10 23  1        0    0.000    0.000   10943  116.245   31.421
10 23  2        0    0.000    0.000   10943   87.174    2.174
11  2 10        0    0.000    0.000   10943   39.011    6.717
11  2 11        0    0.000    0.000   10943   53.614    0.719
11  2 13        0    0.000    0.000   10943   39.497    3.361
11  2 14        0    0.000    0.000   10943   52.294    0.597
12  1  1        0    0.000    0.000   10943  120.238   21.034
12  1  2        0    0.000    0.000   10943   88.175    1.511
12  2 10        0    0.000    0.000   10943   36.602    6.817
12  2 11        0    0.000    0.000   10943   51.892    0.726
12  2 13        0    0.000    0.000   10943   35.466    2.992
12  2 14        0    0.000    0.000   10943   50.959    0.581
12  3  1        0    0.000    0.000   10943  120.511   32.575
12  3  2        0    0.000    0.000   10943   85.099    2.200
12  5  1        0    0.000    0.000   10943  112.008   22.975
12  5  2        0    0.000    0.000   10943   84.694    1.637
12  7  1        0    0.000    0.000   10943  121.973   32.962
12  7  2        0    0.000    0.000   10943   84.382    2.273
12  9  1        0    0.000    0.000   10878   75.337   29.879
12  9  2        0    0.000    0.000   10878   27.746    2.071
12 11  1        0    0.000    0.000   10943   74.614   58.248
12 11  2        0    0.000    0.000   10943   27.451    4.270
12 13  1        0    0.000    0.000   10943   80.786   35.112
12 13  2        0    0.000    0.000   10943   27.167    2.454
12 15  1        0    0.000    0.000   10943   69.722   28.825
12 15  2        0    0.000    0.000   10943   29.509    2.051
12 17  1        0    0.000    0.000   10943   73.706   33.961
12 17  2        0    0.000    0.000   10943   26.852    2.396
12 19  1        0    0.000    0.000   10943   80.963   34.669
12 19  2        0    0.000    0.000   10943   27.897    2.450
12 21  1        0    0.000    0.000   10943   78.345   32.142
12 21  2        0    0.000    0.000   10943   26.277    2.236
12 23  1        0    0.000    0.000   10943   67.257   32.972
12 23  2        0    0.000    0.000   10943   27.828    2.307
13  1  1        0    0.000    0.000   10943   76.125   55.183
13  1  2        0    0.000    0.000   10943   27.867    3.815
13  4  1        0    0.000    0.000   10943   82.085   85.285
13  4  2        0    0.000    0.000   10943   27.049    6.605
13  4 10        0    0.000    0.000   10943   21.395    7.113
13  4 11        0    0.000    0.000   10943   51.177    0.739
13  4 13        0    0.000    0.000   10943   29.992    2.854
13  4 14        0    0.000    0.000   10943   49.906    0.571
13  7  1        0    0.000    0.000   10943   86.011   86.599
13  7  2        0    0.000    0.000   10943   25.821    6.592
13 10  1        0    0.000    0.000   10943   88.740   87.446
13 10  2        0    0.000    0.000   10943   25.638    6.689
13 13  1        0    0.000    0.000   10943   92.213   89.096
13 13  2        0    0.000    0.000   10943   27.494    6.646
13 16  1        0    0.000    0.000   10943   83.440   43.560
13 16  2        0    0.000    0.000   10943   28.176    3.080
13 19  1        0    0.000    0.000   10943   18.959   23.558
13 19  2        0    0.000    0.000   10943   25.670    2.375
13 22  1        0    0.000    0.000   10943   72.290   32.800
13 22  2        0    0.000    0.000   10943   27.932    2.305
14  1  1        0    0.000    0.000   10943   99.211   94.285
14  1  2        0    0.000    0.000   10943   26.601    6.635
14  3  1        0    0.000    0.000   10943   79.234   82.593
14  3  2        0    0.000    0.000   10943   27.201    5.620
14  3 10        0    0.000    0.000   10943   24.102    6.677
14  3 11        0    0.000    0.000   10943   50.376    0.705
14  3 13        0    0.000    0.000   10943   30.001    3.122
14  3 14        0    0.000    0.000   10943   49.358    0.595
14  5  1        0    0.000    0.000   10943   92.563   92.301
14  5  2        0    0.000    0.000   10943   25.996    6.467
14  7  1        0    0.000    0.000   10943   84.230   92.246
14  7  2        0    0.000    0.000   10943   25.727    6.386
14  9  1        0    0.000    0.000   10943   88.795   97.550
14  9  2        0    0.000    0.000   10943   23.795    7.211
14 11  1        0    0.000    0.000   10943  125.765   48.349
14 11  2        0    0.000    0.000   10943   28.151    3.347
14 13  1        0    0.000    0.000   10943   91.946   47.530
14 13  2        0    0.000    0.000   10943   24.024    3.297
14 15  1        0    0.000    0.000   10943   89.561   36.836
14 15  2        0    0.000    0.000   10943   21.118    2.561
15  3 10        0    0.000    0.000   10943   22.660    8.112
15  3 11        0    0.000    0.000   10943   50.247    0.767
15  3 13        0    0.000    0.000   10943   37.156    3.498
15  3 14        0    0.000    0.000   10943   47.717    0.584
16  1  1        0    0.000    0.000   10943  103.406   85.230
16  1  2        0    0.000    0.000   10943   27.753    5.876
16  2  1        0    0.000    0.000   10943   99.768   80.779
16  2  2        0    0.000    0.000   10943   24.082    5.509
16  2 10        0    0.000    0.000   10943   26.087    9.496
16  2 11        0    0.000    0.000   10943   49.251    0.842
16  2 13        0    0.000    0.000   10943   31.993    3.017
16  2 14        0    0.000    0.000   10943   49.468    0.583
16  3  1        0    0.000    0.000   10943   90.726   73.351
16  3  2        0    0.000    0.000   10943   24.673    5.032
16  4  1        0    0.000    0.000   10943   99.860   70.921
16  4  2        0    0.000    0.000   10943   24.822    4.859
16  5  1        0    0.000    0.000   10943   88.392   56.453
16  5  2        0    0.000    0.000   10943   25.665    3.917
16  6  1        0    0.000    0.000   10943   93.739   51.590
16  6  2        0    0.000    0.000   10943   24.779    3.541
16  7  1        0    0.000    0.000   10943   94.322   58.110
16  7  2        0    0.000    0.000   10943   22.490    3.950
16  8  1        0    0.000    0.000   10943   98.966   43.715
16  8  2        0    0.000    0.000   10943   19.714    2.996
17  2 10        0    0.000    0.000   10943   25.277    6.122
17  2 11        0    0.000    0.000   10943   49.654    0.683
17  2 13        0    0.000    0.000   10943   49.146    3.088
17  2 14        0    0.000    0.000   10943   50.101    0.583
18  3  4        0    0.000    0.000   10943   51.715    1.466
18  3  5        0    0.000    0.000   10943   49.759    0.532
18  4  4        0    0.000    0.000   10943   62.194    0.897
18  4  5        0    0.000    0.000   10943   50.256    0.580
18  5  4        0    0.000    0.000   10943   29.704    0.923
18  5  5        0    0.000    0.000   10943   51.085    0.616
18  6  4        0    0.000    0.000   10943   18.735    0.966
18  6  5        0    0.000    0.000   10943   51.691    0.565
18  7  4        0    0.000    0.000   10943   25.917    1.246
18  7  5        0    0.000    0.000   10943   50.351    0.569
18  8  4        0    0.000    0.000   10943   32.844    2.416
18  8  5        0    0.000    0.000   10943   49.080    0.574
18  9  4        0    0.000    0.000   10943   16.049    4.843
18  9  5        0    0.000    0.000   10943   52.307    0.644
18 10  4        0    0.000    0.000   10943   21.613    4.504
18 10  5        0    0.000    0.000   10943   50.725    0.614
