# Calibration of CsI Rings 1-10 for Z=1 for Ta+Zn 39AMeV (simplified Parlog functional)
#    - this is the 5th campaign calibration with gain parameter a1
#      adjusted to fit data from E613.
#    - RING 1:
#      Uses fragments with Z=6,8,10,12 identified in Si-CsI maps.
#      E_CsI calculated from dE_Si for dE_Si>5 MeV
#      CsI with no calibrated Silicon detector are excluded,
#      as are detectors 0106, 0108
#      for which data did not permit a good fit with the simplified Parlog functional.
#    - RINGS 2-10:
#      the gain adjustment is obtained from the global scaling factor S_XY
#      used to adapt the 5th campaign grids to E613 R-L maps
#    - ALL RINGS:
#      this is the 5th campaign calibration, we apply the same ratio
#      to gain parameter a1 as for the Z>1 calibration.
#    i.e. A1_0 = 5th campaign Z>1 gain parameter
#    i.e. a1_0 = 5th campaign Z=1 gain parameter
#    i.e. A1_1 = new Z>1 gain parameter (see CsICalibZ2.dat)
#    i.e. a1_1 = new Z=1 gain parameter (in this file)
#      a1_1 = a1_0*(A1_1/A1_0)
   1   2   3.69983   0.407792   6   0.385
   1   3   4.67519   0.443497   6   0.385
   1   4   4.36235   0.391901   6   0.385
   1   7   3.97862   0.406455   6   0.385
   1   9   3.75543   0.34448   6   0.385
   1   10   3.69257   0.355178   6   0.385
   1   11   3.98745   0.66469   6   0.385
   2   1   6.02042   0.017465   6.0085   0.385
   2   3   6.53528   0.241635   6.00995   0.385
   2   5   6.05115   0.824671   6   0.385
   2   7   9.06694   0.369925   6.00483   0.385
   2   9   17.4786   0.1946   6.00958   0.385
   2   11   9.80536   0.358431   6   0.385
   2   13   6.58786   0.302943   6   0.385
   2   15   10.5153   0.143944   6.00999   0.385
   2   17   12.8092   0.134357   6.00713   0.385
   2   19   15.7721   0.142206   6.00998   0.385
   2   21   11.6095   0.107396   6   0.385
   2   23   7.70317   0.044149   6.00999   0.385
   3   1   17.4935   0.0001   6.00062   0.385
   3   2   7.2709   0.026434   6.00535   0.385
   3   3   9.40494   0.104576   6.00703   0.385
   3   4   4.86705   0.248824   6.00014   0.385
   3   6   13.0959   0.251869   6.00116   0.385
   3   7   12.3646   0.301645   6   0.385
   3   8   9.62701   0.300974   6.00001   0.385
   3   10   5.72112   0.183188   6.01   0.385
   3   11   14.2535   0.167974   6.00002   0.385
   3   12   12.3729   0.274935   6   0.385
   3   13   15.7721   0.123246   6.01   0.385
   3   14   10.8459   0.244963   6.0069   0.385
   3   15   10.3501   0.122805   6.00556   0.385
   3   17   8.45626   0.098782   6.00957   0.385
   3   19   14.0991   0.017175   6.01   0.385
   3   20   10.2888   0.103761   6.00277   0.385
   3   21   11.47   0.019928   6.0032   0.385
   3   22   11.7078   0.082526   6.00929   0.385
   3   23   15.1464   0.039611   6.00832   0.385
   3   24   11.2451   0.3026   6   0.385
   4   1   10.0722   0.0001   6.00044   0.385
   4   2   10.989   0.0001   6.00536   0.385
   4   4   7.56867   0.207322   6.00325   0.385
   4   5   5.01745   0.538671   6.00883   0.385
   4   6   6.43351   0.370181   6.00999   0.385
   4   7   7.57229   0.349643   6.00928   0.385
   4   8   8.52631   0.451808   6.01   0.385
   4   9   8.35922   0.268631   6.00736   0.385
   4   10   9.54503   0.300283   6   0.385
   4   11   10.5323   0.538886   6.0016   0.385
   4   12   7.63523   0.103106   6.00954   0.385
   4   13   10.5466   0.157798   6.00675   0.385
   4   14   9.26901   0.135166   6.00985   0.385
   4   15   7.71156   0.171998   6.00565   0.385
   4   17   9.23417   0.054665   6.01   0.385
   4   18   9.41282   0.148956   6   0.385
   4   19   8.54225   0.094101   6.00986   0.385
   4   20   5.79319   0.146392   6.00677   0.385
   4   21   9.58901   0.098025   6.00894   0.385
   4   22   9.70861   0.176004   6.00735   0.385
   4   23   13.0484   0.084994   6.00227   0.385
   4   24   9.66679   0.070382   6.00074   0.385
   5   1   16.977   0.0001   6.00978   0.385
   5   3   11.051   0.149495   6.00531   0.385
   5   4   15.9285   0.560997   6.00965   0.385
   5   5   7.9337   0.515136   6.00979   0.385
   5   6   10.9497   0.671746   6.00996   0.385
   5   7   10.4741   0.542515   6.0015   0.385
   5   8   12.2687   0.060546   6.00064   0.385
   5   9   11.5959   0.296904   6   0.385
   5   10   13.6049   0.225797   6.00024   0.385
   5   11   13.5357   0.328671   6   0.385
   5   12   12.1153   0.222211   6.00781   0.385
   5   13   7.75509   0.143446   6.01   0.385
   5   14   10.3791   0.26876   6.0067   0.385
   5   15   9.58841   0.123359   6.00736   0.385
   5   16   8.58976   0.069052   6.0009   0.385
   5   17   10.4485   0.301565   6.00833   0.385
   5   18   11.248   0.085497   6.00767   0.385
   5   19   10.7857   0.074622   6.00696   0.385
   5   20   10.1844   0.073162   6.00866   0.385
   5   21   12.4582   0.00788   6.00511   0.385
   5   22   11.0988   0.042407   6.00592   0.385
   5   23   13.4195   0.054908   6.00009   0.385
   5   24   10.174   0.047476   6.00096   0.385
   6   1   22.436   0.0001   6.01   0.385
   6   2   20.2961   0.000163   6.01   0.385
   6   3   28.2146   0.04256   6   0.385
   6   4   20.3144   0.084849   6.00993   0.385
   6   5   17.7739   0.246688   6.00424   0.385
   6   6   19.2301   0.170336   6.01   0.385
   6   7   17.6304   0.188971   6.00995   0.385
   6   8   17.4197   0.189409   6.01   0.385
   6   9   19.6993   2.37613   6.00999   0.385
   6   10   20.6208   0.078755   6.01   0.385
   6   11   11.1476   0.165982   6.01   0.385
   6   12   18.8328   0.206238   6.00999   0.385
   6   13   15.5812   0.137322   6.00967   0.385
   6   14   13.9355   0.126698   6.01   0.385
   6   15   16.5171   0.144395   6.01   0.385
   6   16   23.4928   0.010096   6.01   0.385
   6   17   19.2937   0.047092   6.01   0.385
   6   18   20.0803   0.070128   6.01   0.385
   6   19   24.0259   0.0001   6.01   0.385
   6   20   20.2496   0.111589   6.01   0.385
   6   21   20.1477   0.086877   6.01   0.385
   6   22   20.1144   0.04139   6.01   0.385
   6   23   16.8092   0.092631   6.00999   0.385
   6   24   21.2752   0.03329   6.00999   0.385
   7   1   27.8887   0.009317   6   0.385
   7   2   19.8311   0.040295   6.00996   0.385
   7   3   23.1782   0.059044   6.01   0.385
   7   4   18.4822   0.329959   6.00356   0.385
   7   5   24.3674   0.206112   6.00913   0.385
   7   6   22.5597   0.296316   6.01   0.385
   7   7   18.6676   0.256642   6.00977   0.385
   7   8   16.218   0.109672   6.00994   0.385
   7   9   17.3801   0.151337   6.00811   0.385
   7   10   17.0923   0.182862   6.01   0.385
   7   11   19.5389   0.085737   6.0074   0.385
   7   12   17.8901   0.228112   6.00854   0.385
   7   13   18.6964   0.076244   6.00885   0.385
   7   14   25.2799   0.165103   6.00994   0.385
   7   15   21.837   0.045147   6.01   0.385
   7   16   16.6977   0.077213   6.00943   0.385
   7   17   20.3841   0.108221   6.00986   0.385
   7   18   20.3087   0.144639   6.0094   0.385
   7   19   19.9324   0.031357   6.01   0.385
   7   20   17.945   0.079279   6.01   0.385
   7   21   21.3956   0.091788   6.01   0.385
   7   22   19.792   0.181613   6.00999   0.385
   7   23   24.12   0.056134   6   0.385
   7   24   25.6086   0.045764   6.00895   0.385
   8   1   21.9549   0.0001   6.00997   0.385
   8   2   22.2104   0.0001   6.01   0.385
   8   3   25.2698   0.023144   6.00994   0.385
   8   4   22.1277   0.054161   6.01   0.385
   8   5   29.2041   0.023881   6.00984   0.385
   8   6   24.269   0.038628   6.00526   0.385
   8   7   24.0686   0.133981   6.01   0.385
   8   8   22.9408   0.152325   6.01   0.385
   8   9   23.8441   0.119638   6.01   0.385
   8   10   21.5138   0.047482   6.01   0.385
   8   11   24.9491   0.050484   6.00994   0.385
   8   12   21.8788   0.018215   6.00892   0.385
   8   13   22.2971   0.0883   6.00999   0.385
   8   14   22.3057   0.027559   6.00999   0.385
   8   15   24.0471   0.100058   6.00998   0.385
   8   16   20.2364   0.036937   6.00996   0.385
   8   17   22.0902   0.035199   6.01   0.385
   8   18   26.7112   0.070739   6.01   0.385
   8   19   23.4967   0.026453   6.01   0.385
   8   20   20.8397   0.034603   6.00998   0.385
   8   21   27.2908   0.040069   6.01   0.385
   8   22   32.3068   0.0001   6.01   0.385
   8   23   21.9007   0.0001   6.01   0.385
   8   24   33.4093   0.0001   6.00995   0.385
   9   1   45.1035   0.0001   6   0.385
   9   2   28.9045   0.000771   6.00999   0.385
   9   3   31.0877   0.051542   6.00392   0.385
   9   4   39.3271   0.043361   6   0.385
   9   5   32.5918   0.062898   6.00999   0.385
   9   6   38.3322   0.091842   6.01   0.385
   9   7   31.3466   0.079095   6.01   0.385
   9   9   33.7037   0.034324   6.00105   0.385
   9   10   37.3578   0.08053   6.00994   0.385
   9   11   29.1746   0.009706   6.00981   0.385
   9   12   34.2214   0.000234   6.00998   0.385
   9   13   32.4788   0.033382   6.00999   0.385
   9   14   33.4249   0.015946   6.00995   0.385
   9   15   34.6555   0.016854   6.00971   0.385
   9   17   29.714   0.044924   6.00969   0.385
   9   18   35.8759   0.076022   6.00999   0.385
   9   19   29.3154   0.03156   6.01   0.385
   9   20   31.8615   0.011886   6.00999   0.385
   9   21   38.2866   0.060816   6.00999   0.385
   9   22   27.0688   0.015023   6.01   0.385
   9   23   28.0473   0.009592   6.00999   0.385
   9   24   22.4645   0.004969   6.01   0.385
   10   1   31.9551   0.126678   6.01   0.385
   10   2   43.5999   0.10494   6   0.385
   10   3   36.0745   0.281316   6.01   0.385
   10   4   29.3517   0.276294   6.01   0.385
   10   6   44.0327   0.453286   6.00998   0.385
   10   7   42.2034   0.400652   6.01   0.385
   10   8   37.109   0.297073   6.01   0.385
   10   9   37.3968   0.247341   6.01   0.385
   10   10   79.7   0.169345   6.00999   0.385
   10   11   48.7063   0.195444   6.01   0.385
   10   12   26.9072   0.14664   6.01   0.385
   10   13   49.467   0.301051   6.01   0.385
   10   14   42.3071   0.16909   6   0.385
   10   15   74.1613   0.264118   6   0.385
   10   16   45.7385   0.156956   6   0.385
   10   17   46.2028   0.201663   6.01   0.385
   10   18   42.4874   0.151709   6   0.385
   10   19   42.0532   0.249711   6.01   0.385
   10   20   46.965   0.125729   6.00967   0.385
   10   21   42.7003   0.209417   6   0.385
   10   22   26.1304   0.250632   6   0.385
   10   23   31.7653   0.229474   6   0.385
   10   24   45.4716   0.179553   6   0.385
