# Not working Acquisition parameters
# 
# 
#  [nom_du_ACQpar]: [plage de run associee]
#  si plusieurs parametres, separes leur nom par une virgule
#  [nom1,nom2,...,nomN]: [plage de run associee]
#  Lecture via un TEnv
# 
RunList:                                 166-194 209 211-408 411-515 517-529 533-558 567-822 824-892 899-912 914-920 922-948 953-957 960-976 979-1096 1098-1103 1106-1127 1129-1213
CI_0209_T:                               166 177 179 184 188 191 209 211-213 215-217 221 229 231 237 240 243 246 249 252 254 256 259 262 265 268 271 277 279 282 284 291 295 300 307 309 312 314 317 319 322 324 327 329-330 332 335 339 341 344 346 349 352 360 363 366 368 371 373 375 378 381 383 390 393 400 422 438 450 458 471 475 481 492 497 505 508-509 512 518 523 527 534 575 589 593 598 608 620 626 653 663 684 689 693 699 706 711 732 747 767 771 781 794-795 853 860 879 892 930 953-954 962 1016-1017 1019 1038-1040 1064 1068 1070 1078 1082 1086 1092 1129-1132 1140 1142 1166 1183 1195
CI_0401_T:                               166-194 209 211-248 250-408 411-515 517-529 533-558 567-822 824-892 899-912 914-920 922-948 953-957 960-976 979-1096 1098-1103 1106-1127 1129-1213
CI_1211_T:                               166 174 177 179 184 188 191 209 211-218 221 229 231 233 237 240 243 246 249 252 254 256-257 259 262 265 268 271 277 282 284 287 291 295 300 307 309 312 314 317 319 322 324 327 329-330 332 335 339 341 344 346 349 352 356 360 363 366 368 371 373 375 378 381 383 390 393 400 422 438 450 458 471 475 481 492 497 505 508-509 512 518 523 527 533-558 869-892 899-912 914-920 922-948 953-957 960-976 979-1096 1098-1103 1106-1127 1129-1132 1140 1142 1146 1150-1213
CI_1215_T:                               166-194 209 211-408 411-515 517-529 533-558 567-822 824-892 899-912 914-920 922-948 953-957 960-976 979-1096 1098-1103 1106-1127 1129-1213
CI_1310_T:                               166 177 179 184 188 191 209 211-213 215-217 221 229 231 233 237 240 243 246 249 252 254 256-257 259 262 265 268 271 274 277 282 284 291 295 300 307 309 312 314 317 319 322 324 327 329-330 332 335 339 341 344 346 349 352 356 360 363 366 368 371 373 375 378 381 383 390 393 400 422 438 450 458 471 475 481 492 497 505 508-509 512 527 575 588-589 593 620 626 653 663 684 689 693 699 706 711 757 767 771 781 794-795 853 860 892 953-954 962 980 1016-1017 1019 1129-1130 1132
CI_1411_T:                               166 174 177 179 184 188 191 209 211-218 221 229 231 233 237 240 243 246 249 252 254 256-257 259 262 265 268 271 274 277 279 282 284 287 291 295 300 307 309 312 314 317 319 322 324 327 329-330 332 335 339 341 344 346 349 356 360 363 366 368 373 375 378 390 393 400 422 438 450 458 471 475 481 492 497 505 508-509 512 527 533-535 575 589 593 608 620 626 653 663 684 693 699 706 711 732 747 767 771 781 794-795 853 860 879 892 930 953-954 962 980 1016-1017 1019 1036 1039-1040 1063-1064 1068 1070 1078 1082 1086 1098-1099 1129-1132 1140 1142 1146 1166 1183 1195
CI_1413_T:                               166-194 209 211-408 411-515 517-529 533-558 567-822 824-892 899-912 914-920 922-948 953-957 960-976 979-1096 1098-1103 1106-1127 1129-1213
CI_1603_GG:                              166-194 209 211-408 411-515 517-529 533-558 567-822 824-892 899-912 914-920 922-948 953-957 960-976 979-1096 1098-1103 1106-1127 1129-1213
CI_1603_PG:                              166-194 209 211-408 411-515 517-529 533-558 567-822 824-892 899-912 914-920 922-948 953-957 960-976 979-1096 1098-1103 1106-1127 1129-1213
CI_1604_T:                               166 174 177 179 184 188 191 209 211-213 215-218 221 229 231 237 240 243 246 252 254 256-257 259 262 265 268 271 274 277 282 284 291 295 300 307 309 312 314 317 319 322 324 327 329-330 332 335 339 341 344 346 349 352 356 360 363 366 368 371 373 375 378 381 383 390 393 400 422 438 450 458 471 475 481 492 497 505 508-509 512 523 527 533-535 575 588-589 593 598 608 620 626 653 663 684 689 693 699 706 711 732 747 767 771 781 794-795 853 860 879 892 930 953-954 962 980 1016-1017 1019 1036 1064 1068 1082 1092 1098-1099 1129-1132 1140 1142 1166 1195
CI_1605_T:                               166 177 179 184 188 191 209 211-213 215-218 221 229 231 237 240 243 246 249 252 254 256-257 259 262 265 268 271 277 282 284 291 295 300 307 309 312 314 317 319 322 327 329-330 332 335 339 341 344 346 349 352 356 360 363 366 368 371 373 375 381 383 390 393 400 422 438 450 458 471 475 481 492 497 505 508-509 512 518 523 527 533-535 589 593 608 620 626 653 663 684 689 693 699 706 711 732 747 767 771 781 794-795 853 860 879 892 930 953-954 962 1016-1017 1019 1068 1098-1099 1129-1132 1140 1142 1195
CI_1607_T:                               166-194 209 211-408 411-515 517-529 533-558 567-822 824-892 899-912 914-920 922-948 953-957 960-976 979-1096 1098-1103 1106-1127 1129-1213
SI75_15_T:                               166 170 174 177 179 184 188 191 209 211-218 221 229 231 233 237 240 243 246 249 252 254 256-257 259 262 265 268 271 274 277 279 282 284 287 291 295 300 307 309 312 314 317 319 322 324 327 329-330 332 335 339 341 344 346 349 352 356 360 363 366 368 371 373 375 378 381 383 390 393 400 422 438 450 458 471 475 481 492 497 505 508-509 512 518 523 527 533-535 575 588-589 593 598 608 620 626 630 653 663 684 689 693 699 706 711 732 747 757 767 771 781 794-795 853 860 879 892 930 953-954 962 980 1016-1017 1019 1036 1038-1040 1063-1064 1068 1070 1078 1082 1086 1092 1098-1099 1129-1132 1140 1142 1146 1166 1183 1195
SILI_17_T:                               166-194 209 211-408 411-515 517-529 533-558 567-822 824-892 930 953-954 962 980 990-1037 1063-1064 1068 1070 1078 1082 1086 1092 1098-1099 1129-1213
SI_0101_TOF:                             166-194 209 211-408 411-515 517-529 533-558 567-822 824-892 899-912 914-920 922-948 953-957 960-976 979-1096 1098-1103 1106-1127 1129-1213
SI_0102_TOF:                             166-194 209 211-238
SI_0103_TOF:                             166-194 209 211-238
SI_0104_TOF:                             166-194 209 211-238
SI_0105_TOF:                             166-194 209 211-238
SI_0106_TOF:                             166-194 209 211-238
SI_0107_TOF:                             166-194 209 211-238
SI_0108_TOF:                             166-194 209 211-238
SI_0109_TOF:                             166-194 209 211-238
SI_0110_TOF:                             166-194 209 211-238
SI_0111_TOF:                             166-194 209 211-238
SI_0112_TOF:                             166-194 209 211-238 1195
SI_0201_TOF:                             166-194 209 211-238
SI_0203_TOF:                             166-194 209 211-238
SI_0205_TOF:                             166-194 209 211-238
SI_0207_TOF:                             166-194 209 211-238
SI_0209_TOF:                             166-194 209 211-238
SI_0211_TOF:                             166-194 209 211-247 250 252-287 289-308 310 312-314 316-319 321 324-326 328-330 332-340 342-356 358-372 374-378 382-386 388-396 398-408 411-416 418-421 423-432 435-451 453-457 459-466 468-489 491 493-495 497-504 506-508 510-515 517-518 520 522-529 533-558 567-576 578-585 587-594 596-611 613-638 640-647 649-665 667-670 672-679 681-707 709 711-721 723-731 733-753 755-770 773-779 781-787 789-792 794-810 812-814 816-822 824 827-830 832-835 837-849 851-862 864-869 871-883 886-889 891-892 899-904 906-912 914-920 922-923 925-926 928-932 934 937-941 943 945-948 953-957 960-970 972-973 975-976 979-980 982-989 991 993-998 1000-1002 1004-1008 1012-1014 1016-1028 1030-1031 1033-1038 1068 1086 1092-1093 1095 1098 1122-1124 1132 1161 1166 1195
SI_0213_TOF:                             166-194 209 211-238
SI_0215_TOF:                             166-194 209 211-238
SI_0217_TOF:                             166-194 209 211-238
SI_0219_TOF:                             166-194 209 211-238
SI_0221_TOF:                             166-194 209 211-238
SI_0223_TOF:                             166-194 209 211-238
SI_0301_TOF:                             166-194 209 211-238
SI_0302_TOF:                             166-194 209 211-238
SI_0303_TOF:                             166-194 209 211-238
SI_0304_TOF:                             166-194 209 211-238
SI_0305_TOF:                             166-194 209 211-238
SI_0306_TOF:                             166-194 209 211-238
SI_0307_TOF:                             166-194 209 211-238
SI_0308_TOF:                             166-194 209 211-238
SI_0309_TOF:                             166-194 209 211-238
SI_0310_TOF:                             166-194 209 211-238
SI_0311_TOF:                             166-194 209 211-238
SI_0312_TOF:                             166-194 209 211-238
SI_0313_TOF:                             166-194 209 211-238
SI_0314_TOF:                             166-194 209 211-238
SI_0315_TOF:                             166-194 209 211-238
SI_0316_TOF:                             166-194 209 211-238
SI_0317_TOF:                             166-194 209 211-238
SI_0318_TOF:                             166-194 209 211-238
CSI_0318_R:                              166-194 209 211-408 411-515 517-529 533-558 567-822 824-892 899-912 914-920 922-948 953-957 960-976 979-1096 1098-1103 1106-1127 1129-1213
CSI_0318_L:                              166-194 209 211-408 411-515 517-529 533-558 567-822 824-892 899-912 914-920 922-948 953-957 960-976 979-1096 1098-1103 1106-1127 1129-1213
CSI_0318_T:                              166-194 209 211-408 411-515 517-529 533-558 567-822 824-892 899-912 914-920 922-948 953-957 960-976 979-1096 1098-1103 1106-1127 1129-1213
SI_0319_TOF:                             166-194 209 211-238
SI_0320_TOF:                             166-194 209 211-238
SI_0321_TOF:                             166-194 209 211-238
SI_0322_TOF:                             166-194 209 211-238
SI_0323_TOF:                             166-194 209 211-238
SI_0324_TOF:                             166-194 209 211-238
CI_1316_T:                               167-194 209 211-408 411-515 517-529 533-555 557-558 567-609 611-822 824-892 899-912 914-920 922-948 953-957 960-976 979-1096 1098-1103 1106-1127 1129-1213
CI_1319_T:                               167-194 209 211-408 411-515 517-529 533-555 557-558 567-609 611-822 824-892 899-912 914-920 922-948 953-957 960-976 979-1096 1098-1103 1106-1127 1129-1213
CSI_0309_R:                              167-171 176 178 182 186 190 193 209 211-213 215-217 220 223 227 231 235 238 240-241 245 248 251 253 255 258 261 264 267 269 273 278 281 283 285 289 293 298 304 308 311 313 315 318 321 326 328 330 332 334 337 340 342 345 348 350 354 358 362 365 367-368 370 372 374 376 379 382 385 391 396 401 428 439 446 455 460 471 478 481 494 499 502 507-508 510 521 527 533-535 537-552 710-711 794 796 1064 1075-1076 1195
CSI_0309_L:                              167-171 176 178 182 186 190 193 209 211-213 215-217 220 223 227 231 235 238 240-241 245 248 251 253 255 258 261 264 267 269 273 278 281 283 285 289 293 298 304 308 311 313 315 318 321 326 328 330 332 334 337 340 342 345 348 350 354 358 362 365 367-368 370 372 374 376 379 382 385 391 396 401 428 439 446 455 460 471 478 481 494 499 502 507-508 510 521 527 533-535 537-552 710-711 794 796 1064 1075-1076 1195
CSI_0309_T:                              167-171 176 178 182 186 190 193 209 211-213 215-217 220 223 227 231 235 238 240-241 245 248 251 253 255 258 261 264 267 269 273 278 281 283 285 289 293 298 304 308 311 313 315 318 321 326 328 330 332 334 337 340 342 345 348 350 354 358 362 365 367-368 370 372 374 376 379 382 385 391 396 401 428 439 446 455 460 471 478 481 494 499 502 507-508 510 521 527 533-535 537-552 710-711 794 796 1064 1075-1076 1195
CSI_0316_R:                              167-171 176 178 186 190 193 209 211-213 215-217 220 223 227 231 235 238 240-241 245 248 251 253 255 261 267 269 273 278 281 283 285 289 293 298 304 308 311 313 315 318 321 326 328 330 332 334 337 340 342 345 348 350 354 358 362 365 367 370 372 374 376 379 382 385 391 396 401 428 439 446 455 471 478 481 494 502 507-508 510 521 527 534-535 537-552 589 624 634 663-664 680 687 690 698 700 710 725 742 748 769 775 780 786 794-796 811 843 853 860 953-954 962 1016-1017 1038-1039 1064 1068 1071 1076 1079 1086 1092 1096 1121 1129-1132 1141-1142 1166 1183
CSI_0316_L:                              167-171 176 178 186 190 193 209 211-213 215-217 220 223 227 231 235 238 240-241 245 248 251 253 255 261 267 269 273 278 281 283 285 289 293 298 304 308 311 313 315 318 321 326 328 330 332 334 337 340 342 345 348 350 354 358 362 365 367 370 372 374 376 379 382 385 391 396 401 428 439 446 455 471 478 481 494 502 507-508 510 521 527 534-535 537-552 589 624 634 663-664 680 687 690 698 700 710 725 742 748 769 775 780 786 794-796 811 843 853 860 953-954 962 1016-1017 1038-1039 1064 1068 1071 1076 1079 1086 1092 1096 1121 1129-1132 1141-1142 1166 1183
CSI_0316_T:                              167-171 176 178 186 190 193 209 211-213 215-217 220 223 227 231 235 238 240-241 245 248 251 253 255 261 267 269 273 278 281 283 285 289 293 298 304 308 311 313 315 318 321 326 328 330 332 334 337 340 342 345 348 350 354 358 362 365 367 370 372 374 376 379 382 385 391 396 401 428 439 446 455 471 478 481 494 502 507-508 510 521 527 534-535 537-552 589 624 634 663-664 680 687 690 698 700 710 725 742 748 769 775 780 786 794-796 811 843 853 860 953-954 962 1016-1017 1038-1039 1064 1068 1071 1076 1079 1086 1092 1096 1121 1129-1132 1141-1142 1166 1183
CI_1301_T:                               174 177 188 209 211 213-217 221 229 231 233 237 240 246 249 256-257 259 262 271 274 284 287 295 300 309 312 314 317 319 322 324 327 330 332 335 339 346 349 352 363 366 368 371 373 375 378 393 400 438 450 458 475 481 492 497 508-509 527 534-535 589 593 608 620 626 630 653 663 684 689 693 699 706 711 732 747 767 771 781 794-795 853 860 879 892 930 953-954 962 980 1016-1017 1019 1036 1063-1064 1068 1070 1082 1086 1092 1098-1099 1129-1132 1140 1142 1146 1166 1195
CI_1307_T:                               174 177 179 184 188 211 214 217-218 221 229 233 237 249 252 254 256-257 262 265 271 274 277 287 291 300 312 314 317 319 324 327 329-330 332 335 339 344 346 349 352 356 360 368 371 373 375 378 381 383 390 393 400 438 450 458 471 475 481 492 497 505 509 512 527 533-535 589 593 608 620 626 630 653 663 693 699 706 711 732 757 767 781 794-795 853 860 879 892 930 954 962 980 1016-1017 1019 1036 1064 1068 1082 1092 1098-1099 1129-1132 1140 1142 1166 1195
CI_1401_T:                               174 177 179 184 188 191 209 211-213 215-217 221 229 231 233 237 240 243 246 249 252 254 256-257 259 262 265 268 271 274 277 279 282 284 287 291 295 300 307 309 312 314 317 319 322 324 327 329-330 332 335 339 341 344 346 349 352 356 360 363 366 368 371 373 375 378 381 383 390 393 400 422 438 450 458 471 475 481 492 497 505 508-509 512 523 527 534-535 575 589 593 608 620 626 653 663 684 689 693 699 706 711 732 747 767 771 781 794-795 853 860 879 892 953-954 962 980 1016-1017 1019 1036 1129-1132 1140 1142 1146 1166 1183 1195
CI_1403_T:                               174 177 179 184 188 191 209 211-218 221 229 231 233 237 240 243 246 249 252 254 256-257 259 262 265 268 274 277 279 282 284 287 291 295 300 307 309 314 317 319 322 324 327 329-330 332 335 339 341 344 346 352 356 360 363 366 368 371 373 375 378 383 390 393 400 422 438 450 458 471 475 481 492 497 505 508-509 512 527 533-535 575 588-589 593 598 608 620 626 630 653 663 684 689 693 699 706 711 732 747 757 767 771 781 794-795 853 860 879 892 930 954 962 980 1016-1017 1019 1063-1064 1068 1086 1092 1098-1099 1129-1132 1140 1142 1146 1166 1183 1195
CI_1405_T:                               174 177 179 184 188 191 209 211-213 215-218 221 229 231 237 240 243 246 249 252 254 256-257 259 262 265 268 271 274 277 279 282 284 287 291 295 300 307 312 314 317 319 322 324 327 330 332 335 339 341 344 346 349 352 356 360 363 366 368 371 373 378 381 383 390 393 400 422 438 450 458 471 475 481 492 496-498 505 508-509 512 527 534 575 589 593 608 620 626 630 653 663 684 689 693 699 706 711 732 747 767 771 781 794-795 853 860 879 892 930 953-954 962 980 1016-1017 1019 1036 1038 1040 1063-1064 1068 1082 1086 1092 1098 1129-1132 1140 1142 1166 1183 1195
CI_1407_T:                               174 177 179 184 188 191 209 212-218 221 229 231 233 237 240 243 246 249 252 254 256-257 259 262 265 268 271 277 279 282 284 291 295 300 307 309 312 314 317 319 322 324 327 329-330 332 335 339 341 344 346 349 352 356 360 363 366 368 371 373 375 378 381 383 390 400 422 438 450 458 471 475 481 492 497 505 508-509 512 535 575 588-589 593 598 608 620 626 630 653 663 684 689 693 699 706 711 732 747 757 767 771 781 794-795 853 860 879 892 930 962 980 1016-1017 1019 1036 1086 1098-1099 1130-1132 1140 1142 1146 1166 1195
CI_1409_T:                               174 177 179 184 188 191 209 211-218 229 231 233 237 240 243 246 249 252 256 259 262 265 268 271 274 277 282 284 287 291 295 300 307 309 312 314 317 319 322 324 327 329-330 332 335 339 341 344 346 349 352 356 360 363 366 368 371 383 390 393 400 422 450 458 471 475 481 492 505 508-509 512 527 533-535 575 588-589 593 598 608 620 626 653 663 684 689 693 699 706 711 732 747 757 767 771 781 794-795 853 860 879 892 930 954 962 980 1016-1017 1019 1036 1064 1068 1086 1098-1099 1129-1132 1140 1142 1166 1183 1195
CSI_0102_R:                              175 324 340 471 527 537-552 589 710-711 794 796 807 828 975 980 1019 1036 1064 1075-1076 1155 1195
CSI_0102_L:                              175 324 340 471 527 537-552 589 710-711 794 796 807 828 975 980 1019 1036 1064 1075-1076 1155 1195
CSI_0102_T:                              175 324 340 471 527 537-552 589 710-711 794 796 807 828 975 980 1019 1036 1064 1075-1076 1155 1195
CSI_0103_R:                              175 219 324 340 471 527 537-552 589 709-711 794 796 807 828 975 980 1019 1036 1064 1075-1076 1155 1195
CSI_0103_L:                              175 219 324 340 471 527 537-552 589 709-711 794 796 807 828 975 980 1019 1036 1064 1075-1076 1155 1195
CSI_0103_T:                              175 219 324 340 471 527 537-552 589 709-711 794 796 807 828 975 980 1019 1036 1064 1075-1076 1155 1195
CI_1415_T:                               177 179 184 188 209 211-213 215-217 221 229 231 237 240 243 246 249 252 254 256-257 259 262 265 268 271 277 279 282 284 291 295 300 307 309 312 314 317 319 322 324 327 329-330 332 335 339 341 344 346 349 352 356 360 363 366 368 371 373 375 378 381 383 390 393 400 422 438 450 458 471 475 481 492 497 505 508-509 512 523 527 533-535 575 589 593 598 608 620 626 630 653 663 684 689 693 699 706 711 732 747 767 771 781 794-795 853 860 879 892 930 953-954 962 980 1016-1017 1019 1036 1038-1040 1063-1064 1068 1078 1082 1086 1098-1099 1129-1132 1140 1142 1146 1166 1183 1195
CI_1601_T:                               177 179 184 188 191 213 215 217 221 229 231 237 240 243 246 249 252 254 256-257 259 262 265 268 271 274 277 279 282 284 287 291 295 300 307 309 312 314 317 319 322 324 327 329-330 332 335 339 341 344 346 349 352 356 360 363 366 368 371 373 375 378 381 383 390 393 400 422 438 450 458 471 475 481 492 497 505 508 512 527 534-535 589 593 620 626 663 689 693 699 711 732 771 794-795 853 860 879 892 930 953-954 962 980 1016-1017 1019 1036 1038 1063-1064 1068 1070 1078 1082 1086 1092 1098-1099 1129-1132 1140 1142 1166 1183 1195
CI_1606_T:                               177 179 184 188 191 211-213 215-217 221 229 231 237 240 243 246 252 254 256-257 259 262 265 268 271 274 277 282 284 287 291 295 300 307 309 312 314 317 319 322 324 327 329-330 332 335 339 341 344 346 349 352 356 360 363 366 368 371 373 375 378 381 383 390 393 400 422 438 450 458 471 475 481 492 497 505 508-509 512 527 534 589 593 608 620 626 653 663 684 689 693 699 711 732 747 767 771 781 794-795 853 860 879 892 930 953-954 962 1016-1017 1019 1068 1086 1098 1129 1131-1132 1140 1142 1166 1195
CI_1608_T:                               177 179 184 188 209 212-213 215-216 221 231 240 243 246 249 252 259 265 268 277 282 284 291 307 312 314 317 324 327 330 332 335 339 344 349 356 360 366 375 438 475 481 492 497 505 508 512 527 575 589 593 608 620 653 663 693 699 711 732 747 767 781 794-795 853 860 879 892 930 962 1016-1017 1036 1064 1195
SI75_16_T:                               179 213 215-217 243 322 324 335 341 344 346 360 363 366 368 375 378 381 383 390 393 422 471 481 575 588-589 593 598 620 626 630 663 684 693 699 711 732 757 771 794-795 853 860 879 892 930 953-954 962 980 1016-1017 1019 1036 1063-1064 1068 1086 1092 1098 1129-1132 1140 1142 1146 1166 1183 1195
CI_1322_T:                               188 209 211 213-217 221 229 231 237 240 243 246 249 252 254 256 262 265 268 271 277 279 282 284 291 295 300 307 309 312 314 317 319 322 324 327 329-330 332 335 339 341 344 346 349 352 356 360 363 366 368 371 373 375 378 381 383 390 393 400 450 471 475 481 497 505 508-509 512 523 527 533-535 575 589 620 626 630 684 689 693 699 711 732 757 767 771 781 794-795 853 860 879 892 930 953-954 962 980 1016-1017 1019 1036 1039-1040 1063-1064 1070 1082 1086 1092 1098-1099 1129-1132 1140 1142 1166 1195
CI_1602_T:                               188 209 211-218 221 229 231 233 237 240 243 246 249 252 254 256-257 259 262 265 268 271 274 277 279 282 284 287 291 295 300 307 309 312 314 317 319 322 324 327 329-330 332 335 339 341 344 346 349 352 356 360 363 366 368 371 373 375 378 381 383 390 393 400 422 438 450 458 471 475 481 492 497 505 508-509 512 535 589 593 608 620 626 653 663 684 689 693 699 706 711 732 747 767 771 781 794-795 853 860 879 892 930 953-954 962 980 1016-1017 1019 1036 1038 1063-1064 1068 1082 1086 1092 1098-1099 1129-1132 1140 1142 1146 1166 1195
CI_0405_T:                               211-213 215-217 221-222 225-228 230-232 236-238 241-242 244-245 247 249-250 252-253 255 257 259 263 265-266 271 276 278-282 289-295 297-299 301-302 305-308 310-313 315 317 319 322 325-326 328 330-331 333-338 340 343 345-348 350 357 361 363 365-368 370-375 379 382-383 385 387-389 391-401 404-408 411-413 415-417 419-420 422-423 425 428 430 432 436-439 441 443-444 446 448 450-451 453-456 459-461 463-472 477 480-482 485-487 489-491 493 495 497-500 502 504-505 507-515 517-523 525 527 529 899 904-908 911 914-915 917-918 926 948 953 980 998 1016-1017 1019 1023 1030 1036 1038-1060 1062-1064 1066-1096 1098-1103 1106-1127 1129-1155 1157-1213
CSI_0106_R:                              219 324 471 527 537-552 710-711 794 796 807 828 975 980 1019 1064 1075-1076 1155 1195
CSI_0106_L:                              219 324 471 527 537-552 710-711 794 796 807 828 975 980 1019 1064 1075-1076 1155 1195
CSI_0106_T:                              219 324 340 471 527 537-552 710-711 794 796 807 828 975 980 1019 1064 1075-1076 1195
CSI_0107_R:                              219 324 340 471 527 537-552 710-711 794 796 807 828 975 980 1019 1036 1064 1075-1076 1155 1195
CSI_0107_L:                              219 324 471 527 537-552 710-711 794 796 807 828 975 980 1019 1036 1064 1075-1076 1155 1195
CSI_0107_T:                              219 324 340 471 527 537-552 710-711 794 796 807 828 975 980 1019 1036 1064 1075-1076 1155 1195
CSI_0108_R:                              219 324 340 471 527 537-552 710-711 794 796 807 828 975 980 1019 1036 1064 1075-1076 1155 1195
CSI_0108_L:                              219 324 340 471 527 537-552 710-711 794 796 807 828 975 980 1019 1036 1064 1075-1076 1155 1195
CSI_0108_T:                              219 324 340 471 527 537-552 710-711 794 796 807 828 975 980 1019 1036 1064 1075-1076 1155 1195
CSI_0109_R:                              219 324 471 527 537-552 710-711 794 796 807 828 975 980 1019 1064 1075-1076 1195
CSI_0109_L:                              219 324 471 527 537-552 710-711 794 796 807 828 975 980 1019 1064 1075-1076 1195
CSI_0109_T:                              219 324 340 471 527 537-552 710-711 794 796 807 828 975 980 1019 1064 1075-1076 1195
CSI_0110_R:                              219 340 471 527 537-552 710-711 794 796 807 1036 1064 1076 1155 1195
CSI_0110_L:                              219 340 471 527 537-552 710-711 794 796 807 1036 1064 1076 1155 1195
CSI_0110_T:                              219 340 471 527 537-552 710-711 794 796 807 1036 1064 1076 1155 1195
CSI_0111_R:                              219 324 340 471 527 537-552 710-711 794 796 807 828 975 980 1019 1064 1075-1076 1155 1195
CSI_0111_L:                              219 324 340 471 527 537-552 710-711 794 796 807 828 975 980 1019 1064 1075-1076 1155 1195
CSI_0111_T:                              219 324 340 471 527 537-552 710-711 794 796 807 828 975 1019 1064 1075-1076 1195
CSI_0203_R:                              219 324 340 471 527 537-552 710-711 794 796 807 828 975 1019 1064 1075-1076 1195
CSI_0203_L:                              219 324 340 471 527 537-552 710-711 794 796 807 828 975 1019 1064 1075-1076 1195
CSI_0203_T:                              219 324 340 471 527 537-552 710-711 794 796 807 828 975 1019 1064 1075-1076 1195
CSI_0211_R:                              219 324 471 527 537-552 710-711 794 796 828 975 1019 1064 1075-1076 1195
CSI_0211_L:                              219 324 471 527 537-552 710-711 794 796 828 975 1019 1064 1075-1076 1195
CSI_0211_T:                              219 324 340 471 527 537-552 710-711 794 796 828 975 1019 1064 1075-1076 1195
CSI_0219_R:                              219 340 471 527 537-552 710 794 796 1064 1075-1076
CSI_0219_L:                              219 340 471 527 537-552 710 794 796 1064 1075-1076
CSI_0219_T:                              219 340 471 527 537-552 710 794 796 1064 1075-1076
CSI_0303_R:                              219 324 340 471 527 537-552 710-711 794 796 807 828 975 1019 1064 1075-1076 1195
CSI_0303_L:                              219 324 340 471 527 537-552 710-711 794 796 807 828 975 1019 1064 1075-1076 1195
CSI_0303_T:                              219 324 340 471 527 537-552 710-711 794 796 807 828 975 1019 1064 1075-1076 1195
CSI_0304_R:                              219 324 340 471 527 537-552 710-711 794 796 807 828 975 1019 1064 1075-1076 1195
CSI_0304_L:                              219 324 340 471 527 537-552 710-711 794 796 807 828 975 1019 1064 1075-1076 1195
CSI_0304_T:                              219 324 340 471 527 537-552 710-711 794 796 807 828 975 1019 1075-1076 1195
CSI_0305_R:                              219 324 340 471 527 537-552 710-711 794 796 807 828 975 1019 1064 1075-1076 1195
CSI_0305_L:                              219 324 340 471 527 537-552 710-711 794 796 807 828 975 1019 1064 1075-1076 1195
CSI_0305_T:                              219 324 340 471 527 537-552 710-711 794 796 807 828 975 1019 1075-1076 1195
CSI_0310_R:                              219 324 340 471 527 537-552 710-711 794 796 807 828 975 1019 1064 1075-1076 1195
CSI_0310_L:                              219 324 340 471 527 537-552 710-711 794 796 807 828 975 1019 1064 1075-1076 1195
CSI_0310_T:                              219 324 340 471 527 537-552 710-711 794 796 807 828 975 1019 1064 1075-1076 1195
CSI_0311_R:                              219 324 340 471 527 537-552 710-711 794 796 807 828 975 1019 1064 1075-1076 1195
CSI_0311_L:                              219 324 340 471 527 537-552 710-711 794 796 807 828 975 1019 1064 1075-1076 1195
CSI_0311_T:                              219 324 340 471 527 537-552 710-711 794 796 807 828 975 1019 1064 1075-1076 1195
CSI_0312_R:                              219 324 340 471 527 537-552 710-711 794 796 807 828 975 1019 1064 1075-1076 1195
CSI_0312_L:                              219 324 340 471 527 537-552 710-711 794 796 807 828 975 1019 1064 1075-1076 1195
CSI_0312_T:                              219 324 340 471 527 537-552 710-711 794 796 807 828 975 1019 1064 1075-1076 1195
CSI_0313_R:                              219 324 340 471 527 537-552 710-711 794 796 807 828 975 1019 1064 1075-1076 1195
CSI_0313_L:                              219 324 340 471 527 537-552 710-711 794 796 807 828 975 1019 1064 1075-1076 1195
CSI_0313_T:                              219 324 340 471 527 537-552 710-711 794 796 807 828 975 1019 1064 1075-1076 1195
CSI_0314_R:                              219 324 340 471 527 537-552 710-711 794 796 807 828 975 1019 1064 1075-1076 1195
CSI_0314_L:                              219 324 340 471 527 537-552 710-711 794 796 807 828 975 1019 1064 1075-1076 1195
CSI_0314_T:                              219 324 340 471 527 537-552 710-711 794 796 807 828 975 1019 1064 1075-1076 1195
CSI_0315_R:                              219 324 340 471 527 537-552 710-711 794 796 807 828 975 1019 1064 1075-1076 1195
CSI_0315_L:                              219 324 340 471 527 537-552 710-711 794 796 807 828 975 1019 1064 1075-1076 1195
CSI_0315_T:                              219 324 340 471 527 537-552 710-711 794 796 807 828 975 1019 1064 1075-1076 1195
CSI_0319_R:                              219 324 340 471 527 537-552 710-711 794 796 807 828 975 1019 1064 1075-1076 1195
CSI_0319_L:                              219 324 340 471 527 537-552 710-711 794 796 807 828 975 1019 1064 1075-1076 1195
CSI_0319_T:                              219 324 340 471 527 537-552 710-711 794 796 807 828 975 1019 1064 1075-1076 1195
CSI_0320_R:                              219 324 340 471 527 537-552 710-711 794 796 807 828 975 1019 1064 1075-1076 1195
CSI_0320_L:                              219 324 340 471 527 537-552 710-711 794 796 807 828 975 1019 1064 1075-1076 1195
CSI_0320_T:                              219 324 340 471 527 537-552 710-711 794 796 807 828 975 1019 1064 1075-1076 1195
CSI_0321_R:                              219 324 340 471 527 537-552 710-711 794 796 807 828 975 1019 1064 1075-1076 1195
CSI_0321_L:                              219 324 340 471 527 537-552 710-711 794 796 807 828 975 1019 1064 1075-1076 1195
CSI_0321_T:                              219 324 340 471 527 537-552 710-711 794 796 807 828 975 1019 1064 1075-1076 1195
CSI_0322_R:                              219 324 340 471 527 537-552 710-711 794 796 807 828 975 1019 1064 1075-1076 1195
CSI_0322_L:                              219 324 340 471 527 537-552 710-711 794 796 807 828 975 1019 1064 1075-1076 1195
CSI_0322_T:                              219 324 340 471 527 537-552 710-711 794 796 807 828 975 1019 1064 1075-1076 1195
CSI_0617_R:                              219 324 340 471 527 537-552 709-711 762 794 796 807 828 975 980 1019 1036 1064 1075-1076 1155 1195
CSI_0617_L:                              219 324 340 471 527 537-552 709-711 762 794 796 807 828 975 980 1019 1036 1064 1075-1076 1155 1195
CSI_0617_T:                              219 324 340 471 527 537-552 709-711 762 794 796 807 828 975 980 1019 1036 1064 1075-1076 1155 1195
CSI_0707_R:                              219 324 340 471 527 537-552 709-711 762 794 796 807 828 975 980 1019 1036 1064 1075-1076 1155 1195
CSI_0707_L:                              219 324 340 471 527 537-552 709-711 762 794 796 807 828 975 980 1019 1036 1064 1075-1076 1155 1195
CSI_0707_T:                              219 324 340 471 527 537-552 709-711 762 794 796 807 828 975 980 1019 1036 1064 1075-1076 1155 1195
CSI_0721_R:                              219 324 340 471 527 537-552 709-711 762 794 796 807 828 975 980 1019 1036 1064 1075-1076 1195
CSI_0721_L:                              219 324 340 471 527 537-552 709-711 762 794 796 807 828 975 980 1019 1036 1064 1075-1076 1195
CSI_0721_T:                              219 324 340 471 527 537-552 709-711 762 794 796 807 828 975 980 1019 1036 1064 1075-1076 1195
CSI_0723_R:                              219 324 340 471 527 537-552 709-711 762 794 796 807 828 980 1019 1064 1075-1076 1195
CSI_0723_L:                              219 324 340 471 527 537-552 709-711 762 794 796 807 828 980 1019 1064 1075-1076 1195
CSI_0723_T:                              219 324 340 471 527 537-552 709-711 762 794 796 807 828 980 1019 1064 1075-1076 1195
SI_0915_T:                               254 256-257 307 314 322 324 327 330 332 339 349 360 373 381 383 390 393 422 438 450 458 471 475 481 492 497 505 508-509 512 518 523 527 533-535
CI_1304_T:                               324 329-330 332 335 339 341 344 349 356 360 363 366 368 371 373 375 378 381 383 390 400 422 438 450 458 471 475 481 497 505 508-509 512 853 1195
CSI_0317_R:                              324 340 471 527 537-552 710 794 796 807 1019 1064 1075-1076 1195
CSI_0317_L:                              324 340 471 527 537-552 710 794 796 807 1019 1064 1075-1076 1195
CSI_0317_T:                              324 340 471 527 537-552 710 794 796 807 1019 1064 1075-1076 1195
SI_0101_GG:                              340 471 527 537-552 589 710 794 796 1036 1064 1076 1155
SI_0101_PG:                              340 471 527 537-552 589 710 794 796 1036 1064 1076 1155
CSI_0101_R:                              340 471 527 537-552 589 710 794 796 1036 1064 1076 1155
CSI_0101_L:                              340 471 527 537-552 589 710 794 796 1036 1064 1076 1155
CSI_0101_T:                              340 471 527 537-552 589 710 794 796 1036 1064 1076 1155
CSI_0104_R:                              340 471 527 537-552 589 710-711 794 796 807 975 1036 1064 1076 1155 1195
CSI_0104_L:                              340 471 527 537-552 589 710-711 794 796 807 975 1036 1064 1076 1155 1195
CSI_0104_T:                              340 471 527 537-552 589 710-711 794 796 807 975 1036 1064 1076 1155 1195
CSI_0105_R:                              340 471 527 537-552 589 710 794 796 1036 1064 1076 1155
CSI_0105_L:                              340 471 527 537-552 589 710 794 796 1036 1064 1076 1155
CSI_0105_T:                              340 471 527 537-552 589 710 794 796 1064 1076
CSI_0112_R:                              340 471 527 537-552 710 794 796 1064 1076
CSI_0112_L:                              340 471 527 537-552 710 794 796 1064 1076
CSI_0112_T:                              340 471 527 537-552 710 794 796 1064 1076
CSI_0201_R:                              340 471 527 537-552 710 794 796 1064 1076
CSI_0201_L:                              340 471 527 537-552 710 794 796 1064 1076
CSI_0201_T:                              340 471 527 537-552 710 794 796 1064 1076
CSI_0205_R:                              340 471 527 537-552 710 794 796 1064 1076
CSI_0205_L:                              340 471 527 537-552 710 794 796 1064 1076
CSI_0205_T:                              340 471 527 537-552 710 794 796 1064 1076
CSI_0207_R:                              340 471 527 537-552 710 794 796 1064 1076
CSI_0207_L:                              340 471 527 537-552 710 794 796 1064 1076
CSI_0207_T:                              340 471 527 537-552 710 794 796 1064 1076
CSI_0209_T:                              340 471 527 537-552 710 794 796 1064 1076
CSI_0213_T:                              340 471 527 537-552 710 794 796 1064 1076
CSI_0215_R:                              340 471 527 537-552 710 794 796 807 1064 1076 1195
CSI_0215_L:                              340 471 527 537-552 710 794 796 807 1064 1076 1195
CSI_0215_T:                              340 471 527 537-552 710 794 796 807 1064 1076 1195
CSI_0217_L:                              340 471 527 537-552 710 794 796 1064 1076
CSI_0217_T:                              340 471 527 537-552 710 794 796 1064 1076
CSI_0221_R:                              340 471 527 537-552 710 794 796 1064 1076
CSI_0221_L:                              340 471 527 537-552 710 794 796 1064 1076
CSI_0221_T:                              340 471 527 537-552 710 794 796 1064 1076
CSI_0223_R:                              340 471 527 537-552 710 794 796 1064 1076 1195
CSI_0223_L:                              340 471 527 537-552 710 794 796 1064 1076 1195
CSI_0223_T:                              340 471 527 537-552 710 794 796 1064 1076 1195
CSI_0301_R:                              340 471 527 537-552 710 794 796 1064 1076 1195
CSI_0301_L:                              340 471 527 537-552 710 794 796 1064 1076 1195
CSI_0301_T:                              340 471 527 537-552 710 794 796 1064 1076 1195
CSI_0302_R:                              340 471 527 537-552 710 794 796 1064 1076
CSI_0302_L:                              340 471 527 537-552 710 794 796 1064 1076
CSI_0302_T:                              340 471 527 537-552 710 794 796 1064 1076
CSI_0306_R:                              340 471 527 537-552 710 794 796 1064 1076
CSI_0306_L:                              340 471 527 537-552 710 794 796 1064 1076
CSI_0306_T:                              340 471 527 537-552 710 794 796 1076
CSI_0307_R:                              340 471 527 537-552 710 794 796 1064 1076
CSI_0307_L:                              340 471 527 537-552 710 794 796 1064 1076
CSI_0307_T:                              340 471 527 537-552 710 794 796 1076
CSI_0308_R:                              340 471 527 537-552 710 794 796 1064 1076
CSI_0308_L:                              340 471 527 537-552 710 794 796 1064 1076
CSI_0308_T:                              340 471 527 537-552 710 794 796 1076
CSI_0323_R:                              340 471 527 537-552 710 794 796 1064 1076
CSI_0323_L:                              340 471 527 537-552 710 794 796 1064 1076
CSI_0323_T:                              340 471 527 537-552 710 794 796 1064 1076
CSI_0324_R:                              340 471 527 537-552 710 794 796 828 1064 1075-1076
CSI_0324_L:                              340 471 527 537-552 710 794 796 828 1064 1075-1076
CSI_0324_T:                              340 471 527 537-552 710 794 796 828 1064 1075-1076
CSI_0706_R:                              340 471 527 537-552 710 794 796 1036 1064 1076 1155 1195
CSI_0706_L:                              340 471 527 537-552 710 794 796 1036 1064 1076 1155 1195
CSI_0706_T:                              340 471 527 537-552 710 794 796 1036 1064 1076 1155 1195
CSI_0708_R:                              340 471 527 537-552 710 794 796 1064
CSI_0708_L:                              340 471 527 537-552 710 794 796 1064
CSI_0708_T:                              340 471 527 537-552 710 794 796 1064
CSI_0724_R:                              340 471 527 537-552 710 794 796 1064 1076
CSI_0724_L:                              340 471 527 537-552 710 794 796 1064 1076
CSI_0724_T:                              340 471 527 537-552 710 794 796 1064 1076
CSI_0209_R:                              471 527 537-552 710 794 796 1064 1076
CSI_0209_L:                              471 527 537-552 710 794 796 1064 1076
CSI_0213_R:                              471 527 537-552 710 794 796 1064 1076
CSI_0213_L:                              471 527 537-552 710 794 796 1064 1076
CSI_0217_R:                              471 527 537-552 710 794 796 1064 1076
CI_1313_T:                               481 589 860 1016-1017 1099 1129-1130 1132 1140 1142 1195
CI_1603_T:                               481 527 589 860 1016 1098
CI_0801_T:                               518 523 527 533-558 767 771 781 794-795 853 860 868-892 899-912 914-920 922-948 953-957 960-976 979-1096 1098-1103 1106-1127 1129-1132 1140 1142 1146 1150-1213
CI_0803_T:                               518 523 527 533-558 794-795 853 860 869-892 899-912 914-920 922-948 953-957 960-976 979-1096 1098-1103 1106-1127 1129-1132 1140 1142 1146 1150-1213
CI_0805_T:                               518 523 527 533-558 794-795 853 860 869-892 899-912 914-920 922-948 953-957 960-976 979-1096 1098-1103 1106-1127 1129-1132 1140 1142 1146 1150-1213
CI_0809_T:                               518 523 527 533-558 794-795 853 860 869-892 899-912 914-920 922-948 953-957 960-976 979-1096 1098-1103 1106-1127 1129-1132 1140 1142 1146 1150-1213
CI_0819_T:                               518 523 527 533-558 794-795 853 860 869-892 899-912 914-920 922-948 953-957 960-976 979-1096 1098-1103 1106-1127 1129-1132 1140 1142 1146 1150-1213
CI_0823_T:                               518 523 527 533-558 771 781 794-795 853 860 869-892 899-912 914-920 922-948 953-957 960-976 979-1096 1098-1103 1106-1127 1129-1132 1140 1142 1146 1150-1213
CI_1001_T:                               518 523 527 533-558 767 771 781 794-795 853 860 868-892 899-912 914-920 922-948 953-957 960-976 979-1096 1098-1103 1106-1127 1129-1132 1140 1142 1146 1150-1213
CI_1003_T:                               518 523 527 533-558 767 771 781 794-795 853 860 869-892 899-912 914-920 922-948 953-957 960-976 979-1096 1098-1103 1106-1127 1129-1132 1140 1142 1146 1150-1213
CI_1007_T:                               518 523 527 533-558 794-795 853 860 869-892 899-912 914-920 922-948 953-957 960-976 979-1096 1098-1103 1106-1127 1129-1132 1140 1142 1146 1150-1213
CI_1009_T:                               518 523 527 533-558 794-795 853 860 869-892 899-912 914-920 922-948 953-957 960-976 979-1049 1051-1096 1098-1103 1106-1127 1129-1132 1140 1142 1146 1150-1213
CI_1015_T:                               518 523 527 533-558 794-795 853 860 869-892 899-912 914-920 922-948 953-957 960-976 979-1096 1098-1103 1106-1127 1129-1132 1140 1142 1146 1150-1213
CI_1017_T:                               518 523 527 533-558 767 771 794-795 860 869-892 899-912 914-920 922-948 953-957 960-976 979-1096 1098-1103 1106-1127 1129-1132 1140 1142 1146 1150-1213
CI_1203_T:                               518 523 527 533-558 767 771 781 794-795 853 860 868-892 899 901-912 914-920 922-948 953-957 960-976 979-1093 1095-1096 1098-1103 1106-1127 1129-1132 1140 1142 1146 1150-1213
CI_1213_T:                               518 523 527 533-558 794-795 853 860 869-892 899-912 914-920 922-948 953-957 960-976 979-1096 1098-1103 1106-1127 1129-1132 1140 1142 1146 1150-1213
CI_0807_T:                               523 527 533-558 794-795 853 869-892 899-912 914-920 922-948 953-957 960-976 979-1096 1098-1103 1106-1127 1129-1132 1140 1142 1146 1150-1213
CI_0813_T:                               523 527 533-558 869-892 899-912 914-920 922-948 953-957 960-976 979-1096 1098-1103 1106-1127 1129-1132 1140 1142 1146 1150-1213
CI_0815_T:                               523 527 533-558 794-795 860 869-892 899-912 914-920 922-948 953-957 960-976 979-1096 1098-1103 1106-1127 1129-1132 1140 1142 1146 1150-1213
CI_0821_T:                               523 527 533-558 767 771 781 794-795 853 860 868-892 899-912 914-920 922-948 953-957 960-976 979-1096 1098-1103 1106-1127 1129-1132 1140 1142 1146 1150-1213
CI_1005_T:                               523 527 533-558 794-795 853 860 869-892 899-912 914-920 922-948 953-957 960-976 979-1096 1098-1103 1106-1127 1129-1132 1140 1142 1146 1150-1213
CI_1021_T:                               523 527 533-558 767 771 794-795 853 860 868-892 899-912 914-920 922-948 953-957 960-976 979-1096 1098-1103 1106-1127 1129-1132 1140 1142 1146 1150-1213
CI_1023_T:                               523 527 533-558 767 771 781 794-795 853 860 868-892 899-912 914-920 922-948 953-957 960-976 979-1096 1098-1103 1106-1127 1129-1132 1140 1142 1146 1150-1213
CI_1201_T:                               523 527 533-558 860 868-892 899-912 914-920 922-948 953-957 960-976 979-1096 1098-1103 1106-1127 1129-1132 1140 1142 1146 1150-1213
CI_1217_T:                               523 527 533-558 771 781 794-795 853 860 869-892 899-912 914-920 922-948 953-957 960-976 979-1096 1098-1103 1106-1127 1129-1132 1140 1142 1146 1150-1213
CI_1219_T:                               523 527 533-558 767 771 794-795 853 860 869-892 899-912 914-920 922-948 953-957 960-976 979-1096 1098-1103 1106-1127 1129-1132 1140 1142 1146 1150-1213
CI_0811_T:                               527 533-558 869-892 899-912 914-920 922-948 953-957 960-976 979-1096 1098-1103 1106-1127 1129-1132 1140 1142 1146 1150-1213
CI_0817_T:                               527 533-558 794-795 853 869-892 899-912 914-920 922-948 953-957 960-976 979-1096 1098-1103 1106-1127 1129-1132 1140 1142 1146 1150-1213
CI_1011_T:                               527 533-558 853 860 869-892 899-912 914-920 922-948 953-957 960-976 979-1096 1098-1103 1106-1127 1129-1132 1140 1142 1146 1150-1213
CI_1013_T:                               527 533-558 794 860 869-892 899-912 914-920 922-948 953-957 960-976 979-1096 1098-1103 1106-1127 1129-1132 1140 1142 1146 1150-1213
CI_1019_T:                               527 533-558 794-795 853 860 869-892 899-912 914-920 922-948 953-957 960-976 979-1096 1098-1103 1106-1127 1129-1132 1140 1142 1146 1150-1213
CI_1205_T:                               527 533-558 794-795 853 860 869-892 899-912 914-920 922-948 953-957 960-976 979-1096 1098-1103 1106-1127 1129-1132 1140 1142 1146 1150-1213
CI_1207_T:                               527 533-558 794-795 853 860 869-892 899-912 914-920 922-948 953-957 960-976 979-1096 1098-1103 1106-1127 1129-1132 1140 1142 1146 1150-1213
CI_1209_T:                               527 533-558 767 771 781 794-795 853 860 868-892 899-912 914-920 922-948 953-957 960-976 979-1096 1098-1103 1106-1127 1129-1132 1140 1142 1146 1150-1213
CI_1221_T:                               527 533-558 794-795 860 869-892 899-912 914-920 922-948 953-957 960-976 979-1096 1098-1103 1106-1127 1129-1132 1140 1142 1146 1150-1213
CI_1223_T:                               527 533-558 757 767 771 781 795 853 860 868-892 899-912 914-920 922-948 953-957 960-976 979-1096 1098-1103 1106-1127 1129-1132 1140 1142 1146 1150-1213
SILI_12_T:                               527
SI75_13_T:                               527 550
SILI_13_T:                               527 1086 1092 1140 1142 1195
SILI_15_T:                               527 535 1016 1068 1086 1092 1098 1132 1140 1142 1166 1195
SI75_17_T:                               527 544-545 549-558 1068 1086 1166 1195
CSI_0401_R:                              537-552 742
CSI_0401_L:                              537-552 742
CSI_0401_T:                              537-552 742
CSI_0402_R:                              537-552 742
CSI_0402_L:                              537-552 742
CSI_0402_T:                              537-552 742
CSI_0403_R:                              537-552 742
CSI_0403_L:                              537-552 742
CSI_0403_T:                              537-552 742
CSI_0404_R:                              537-552 742
CSI_0404_L:                              537-552 742
CSI_0404_T:                              537-552 742
CSI_0405_R:                              537-552 742
CSI_0405_L:                              537-552 742
CSI_0405_T:                              537-552 742
CSI_0406_R:                              537-552 742
CSI_0406_L:                              537-552 742
CSI_0406_T:                              537-552 742
CSI_0407_R:                              537-552 742
CSI_0407_L:                              537-552 742
CSI_0407_T:                              537-552 742
CSI_0408_R:                              537-552 742
CSI_0408_L:                              537-552 742
CSI_0408_T:                              537-552 742
CSI_0409_R:                              537-552 742
CSI_0409_L:                              537-552 742
CSI_0409_T:                              537-552 742
CSI_0410_R:                              537-552 742
CSI_0410_L:                              537-552 742
CSI_0410_T:                              537-552 742
CSI_0411_R:                              537-552 742
CSI_0411_L:                              537-552 742
CSI_0411_T:                              537-552 742
CSI_0412_R:                              537-552 742
CSI_0412_L:                              537-552 742
CSI_0412_T:                              537-552 742
CSI_0413_R:                              537-552 742
CSI_0413_L:                              537-552 742
CSI_0413_T:                              537-552 742
CSI_0414_R:                              537-552 742
CSI_0414_L:                              537-552 742
CSI_0414_T:                              537-552 742
CSI_0415_R:                              537-552 742
CSI_0415_L:                              537-552 742
CSI_0415_T:                              537-552 742
CSI_0416_R:                              537-552 742
CSI_0416_L:                              537-552 742
CSI_0416_T:                              537-552 742
CSI_0417_R:                              537-552 742
CSI_0417_L:                              537-552 742
CSI_0417_T:                              537-552 742
CSI_0418_R:                              537-552 742
CSI_0418_L:                              537-552 742
CSI_0418_T:                              537-552 742
CSI_0419_R:                              537-552 742
CSI_0419_L:                              537-552 742
CSI_0419_T:                              537-552 742
CSI_0420_R:                              537-552 742
CSI_0420_L:                              537-552 742
CSI_0420_T:                              537-552 742
CSI_0421_R:                              537-552 742
CSI_0421_L:                              537-552 742
CSI_0421_T:                              537-552 742
CSI_0422_R:                              537-552 742
CSI_0422_L:                              537-552 742
CSI_0422_T:                              537-552 742
CSI_0423_R:                              537-552 742
CSI_0423_L:                              537-552 742
CSI_0423_T:                              537-552 742
CSI_0424_R:                              537-552 742
CSI_0424_L:                              537-552 742
CSI_0424_T:                              537-552 742
CSI_0501_R:                              537-552 742
CSI_0501_L:                              537-552 742
CSI_0501_T:                              537-552 742
CSI_0502_R:                              537-552 742
CSI_0502_L:                              537-552 742
CSI_0502_T:                              537-552 742
CSI_0503_R:                              537-552 742
CSI_0503_L:                              537-552 742
CSI_0503_T:                              537-552 742
CSI_0504_R:                              537-552 742
CSI_0504_L:                              537-552 742
CSI_0504_T:                              537-552 742
CSI_0505_R:                              537-552 742
CSI_0505_L:                              537-552 742
CSI_0505_T:                              537-552 742
CSI_0506_R:                              537-552 742
CSI_0506_L:                              537-552 742
CSI_0506_T:                              537-552 742
CSI_0507_R:                              537-552 742
CSI_0507_L:                              537-552 742
CSI_0507_T:                              537-552 742
CSI_0508_R:                              537-552 742
CSI_0508_L:                              537-552 742
CSI_0508_T:                              537-552 742
CSI_0509_R:                              537-552 742
CSI_0509_L:                              537-552 742
CSI_0509_T:                              537-552 742
CSI_0510_R:                              537-552 742
CSI_0510_L:                              537-552 742
CSI_0510_T:                              537-552 742
CSI_0511_R:                              537-552 742
CSI_0511_L:                              537-552 742
CSI_0511_T:                              537-552 742
CSI_0512_R:                              537-552 742
CSI_0512_L:                              537-552 742
CSI_0512_T:                              537-552 742
CSI_0513_R:                              537-552 742
CSI_0513_L:                              537-552 742
CSI_0513_T:                              537-552 742
CSI_0514_R:                              537-552 742
CSI_0514_L:                              537-552 742
CSI_0514_T:                              537-552 742
CSI_0515_R:                              537-552 742
CSI_0515_L:                              537-552 742
CSI_0515_T:                              537-552 742
CSI_0516_R:                              537-552 742
CSI_0516_L:                              537-552 742
CSI_0516_T:                              537-552 742
CSI_0517_R:                              537-552 742
CSI_0517_L:                              537-552 742
CSI_0517_T:                              537-552 742
CSI_0518_R:                              537-552 742
CSI_0518_L:                              537-552 742
CSI_0518_T:                              537-552 742
CSI_0519_R:                              537-552 742
CSI_0519_L:                              537-552 742
CSI_0519_T:                              537-552 742
CSI_0520_R:                              537-552 742
CSI_0520_L:                              537-552 742
CSI_0520_T:                              537-552 742
CSI_0521_R:                              537-552 742
CSI_0521_L:                              537-552 742
CSI_0521_T:                              537-552 742
CSI_0522_R:                              537-552 742
CSI_0522_L:                              537-552 742
CSI_0522_T:                              537-552 742
CSI_0523_R:                              537-552 742
CSI_0523_L:                              537-552 742
CSI_0523_T:                              537-552 742
CSI_0524_R:                              537-552 742
CSI_0524_L:                              537-552 742
CSI_0524_T:                              537-552 742
CSI_0601_R:                              537-552 742
CSI_0601_L:                              537-552 742
CSI_0601_T:                              537-552 742
CSI_0602_R:                              537-552 742
CSI_0602_L:                              537-552 742
CSI_0602_T:                              537-552 742
CSI_0603_R:                              537-552 742
CSI_0603_L:                              537-552 742
CSI_0603_T:                              537-552 742
CSI_0604_R:                              537-552 742
CSI_0604_L:                              537-552 742
CSI_0604_T:                              537-552 742
CSI_0605_R:                              537-552 742
CSI_0605_L:                              537-552 742
CSI_0605_T:                              537-552 742
CSI_0606_R:                              537-552 742
CSI_0606_L:                              537-552 742
CSI_0606_T:                              537-552 742
CSI_0607_R:                              537-552 742
CSI_0607_L:                              537-552 742
CSI_0607_T:                              537-552 742
CSI_0608_R:                              537-552 742
CSI_0608_L:                              537-552 742
CSI_0608_T:                              537-552 742
CSI_0609_R:                              537-552 742
CSI_0609_L:                              537-552 742
CSI_0609_T:                              537-552 742
CSI_0610_R:                              537-552 742
CSI_0610_L:                              537-552 742
CSI_0610_T:                              537-552 742
CSI_0611_R:                              537-552 742
CSI_0611_L:                              537-552 742
CSI_0611_T:                              537-552 742
CSI_0612_R:                              537-552 742
CSI_0612_L:                              537-552 742
CSI_0612_T:                              537-552 742
CSI_0613_R:                              537-552 742
CSI_0613_L:                              537-552 742
CSI_0613_T:                              537-552 742
CSI_0614_R:                              537-552 742
CSI_0614_L:                              537-552 742
CSI_0614_T:                              537-552 742
CSI_0615_R:                              537-552 742
CSI_0615_L:                              537-552 742
CSI_0615_T:                              537-552 742
CSI_0616_R:                              537-552 742
CSI_0616_L:                              537-552 742
CSI_0616_T:                              537-552 742
CSI_0618_R:                              537-552
CSI_0618_L:                              537-552
CSI_0618_T:                              537-552
CSI_0619_R:                              537-552
CSI_0619_L:                              537-552
CSI_0619_T:                              537-552
CSI_0620_R:                              537-552
CSI_0620_L:                              537-552
CSI_0620_T:                              537-552
CSI_0621_R:                              537-552
CSI_0621_L:                              537-552
CSI_0621_T:                              537-552
CSI_0622_R:                              537-552
CSI_0622_L:                              537-552
CSI_0622_T:                              537-552
CSI_0623_R:                              537-552
CSI_0623_L:                              537-552
CSI_0623_T:                              537-552
CSI_0624_R:                              537-552
CSI_0624_L:                              537-552
CSI_0624_T:                              537-552
CSI_0701_R:                              537-552
CSI_0701_L:                              537-552
CSI_0701_T:                              537-552
CSI_0702_R:                              537-552
CSI_0702_L:                              537-552
CSI_0702_T:                              537-552
CSI_0703_R:                              537-552
CSI_0703_L:                              537-552
CSI_0703_T:                              537-552
CSI_0704_R:                              537-552
CSI_0704_L:                              537-552
CSI_0704_T:                              537-552
CSI_0705_R:                              537-552
CSI_0705_L:                              537-552
CSI_0705_T:                              537-552
CSI_0709_R:                              537-552
CSI_0709_L:                              537-552
CSI_0709_T:                              537-552
CSI_0710_R:                              537-552
CSI_0710_L:                              537-552
CSI_0710_T:                              537-552
CSI_0711_R:                              537-552
CSI_0711_L:                              537-552
CSI_0711_T:                              537-552
CSI_0712_R:                              537-552
CSI_0712_L:                              537-552
CSI_0712_T:                              537-552
CSI_0713_R:                              537-552
CSI_0713_L:                              537-552
CSI_0713_T:                              537-552
CSI_0714_R:                              537-552
CSI_0714_L:                              537-552
CSI_0714_T:                              537-552
CSI_0715_R:                              537-552
CSI_0715_L:                              537-552
CSI_0715_T:                              537-552
CSI_0716_R:                              537-552
CSI_0716_L:                              537-552
CSI_0716_T:                              537-552
CSI_0717_R:                              537-552
CSI_0717_L:                              537-552
CSI_0717_T:                              537-552
CSI_0718_R:                              537-552
CSI_0718_L:                              537-552
CSI_0718_T:                              537-552
CSI_0719_R:                              537-552
CSI_0719_L:                              537-552
CSI_0719_T:                              537-552
CSI_0720_R:                              537-552
CSI_0720_L:                              537-552
CSI_0720_T:                              537-552
CSI_0722_R:                              537-552
CSI_0722_L:                              537-552
CSI_0722_T:                              537-552
CSI_0801_R:                              537-552
CSI_0801_L:                              537-552
CSI_0801_T:                              537-552
CSI_0802_R:                              537-552
CSI_0802_L:                              537-552
CSI_0802_T:                              537-552
CSI_0803_R:                              537-552 1090 1166 1178 1184-1188 1192-1195 1202-1210
CSI_0803_L:                              537-552 1090 1166 1178 1184-1188 1192-1195 1202-1210
CSI_0803_T:                              537-552
CSI_0804_R:                              537-552
CSI_0804_L:                              537-552
CSI_0804_T:                              537-552
CSI_0805_R:                              537-552
CSI_0805_L:                              537-552
CSI_0805_T:                              537-552
CSI_0806_R:                              537-552
CSI_0806_L:                              537-552
CSI_0806_T:                              537-552
CSI_0807_R:                              537-552
CSI_0807_L:                              537-552
CSI_0807_T:                              537-552
CSI_0808_R:                              537-552
CSI_0808_L:                              537-552
CSI_0808_T:                              537-552
CSI_0809_R:                              537-552
CSI_0809_L:                              537-552
CSI_0809_T:                              537-552
CSI_0810_R:                              537-552
CSI_0810_L:                              537-552
CSI_0810_T:                              537-552
CSI_0811_R:                              537-552
CSI_0811_L:                              537-552
CSI_0811_T:                              537-552
CSI_0812_R:                              537-552
CSI_0812_L:                              537-552
CSI_0812_T:                              537-552
CSI_0813_R:                              537-552
CSI_0813_L:                              537-552
CSI_0813_T:                              537-552
CSI_0814_R:                              537-552
CSI_0814_L:                              537-552
CSI_0814_T:                              537-552
CSI_0815_R:                              537-552
CSI_0815_L:                              537-552
CSI_0815_T:                              537-552
CSI_0816_R:                              537-552
CSI_0816_L:                              537-552
CSI_0816_T:                              537-552
CSI_0817_R:                              537-552
CSI_0817_L:                              537-552
CSI_0817_T:                              537-552
CSI_0818_R:                              537-552
CSI_0818_L:                              537-552
CSI_0818_T:                              537-552
CSI_0819_R:                              537-552
CSI_0819_L:                              537-552
CSI_0819_T:                              537-552
CSI_0820_R:                              537-552
CSI_0820_L:                              537-552
CSI_0820_T:                              537-552
CSI_0821_R:                              537-552
CSI_0821_L:                              537-552
CSI_0821_T:                              537-552
CSI_0822_R:                              537-552
CSI_0822_L:                              537-552
CSI_0822_T:                              537-552
CSI_0823_R:                              537-552
CSI_0823_L:                              537-552
CSI_0823_T:                              537-552
CSI_0824_R:                              537-552
CSI_0824_L:                              537-552
CSI_0824_T:                              537-552
CSI_0901_R:                              537-552
CSI_0901_L:                              537-552
CSI_0901_T:                              537-552
CSI_0902_R:                              537-552
CSI_0902_L:                              537-552
CSI_0902_T:                              537-552
CSI_0903_R:                              537-552
CSI_0903_L:                              537-552
CSI_0903_T:                              537-552
CSI_0904_R:                              537-552
CSI_0904_L:                              537-552
CSI_0904_T:                              537-552
CSI_0905_R:                              537-552
CSI_0905_L:                              537-552
CSI_0905_T:                              537-552
CSI_0906_R:                              537-552
CSI_0906_L:                              537-552
CSI_0906_T:                              537-552
CSI_0907_R:                              537-552
CSI_0907_L:                              537-552
CSI_0907_T:                              537-552
CSI_0908_R:                              537-552
CSI_0908_L:                              537-552
CSI_0908_T:                              537-552
CSI_0909_R:                              537-552
CSI_0909_L:                              537-552
CSI_0909_T:                              537-552
CSI_0910_R:                              537-552
CSI_0910_L:                              537-552
CSI_0910_T:                              537-552
CSI_0911_R:                              537-552
CSI_0911_L:                              537-552
CSI_0911_T:                              537-552
CSI_0912_R:                              537-552
CSI_0912_L:                              537-552
CSI_0912_T:                              537-552
CSI_0913_R:                              537-552
CSI_0913_L:                              537-552
CSI_0913_T:                              537-552
CSI_0914_R:                              537-552
CSI_0914_L:                              537-552
CSI_0914_T:                              537-552
CSI_0915_R:                              537-552
CSI_0915_L:                              537-552
CSI_0915_T:                              537-552
CSI_0916_R:                              537-552
CSI_0916_L:                              537-552
CSI_0916_T:                              537-552
CSI_0917_R:                              537-552
CSI_0917_L:                              537-552
CSI_0917_T:                              537-552
CSI_0918_R:                              537-552
CSI_0918_L:                              537-552
CSI_0918_T:                              537-552
CSI_0919_R:                              537-552
CSI_0919_L:                              537-552
CSI_0919_T:                              537-552
CSI_0920_R:                              537-552
CSI_0920_L:                              537-552
CSI_0920_T:                              537-552
CSI_0921_R:                              537-552
CSI_0921_L:                              537-552
CSI_0921_T:                              537-552
CSI_0922_R:                              537-552
CSI_0922_L:                              537-552
CSI_0922_T:                              537-552
CSI_0923_R:                              537-552
CSI_0923_L:                              537-552
CSI_0923_T:                              537-552
CSI_0924_R:                              537-552
CSI_0924_L:                              537-552
CSI_0924_T:                              537-552
SI75_14_T:                               550 1166 1195
CI_0201_T:                               1038-1045 1047-1050 1053-1059 1062 1064 1066-1073 1076-1089 1091-1096 1098 1100-1103 1106-1107 1109-1124 1127 1129-1136 1138-1143 1145 1147-1150 1152-1153 1157-1174 1177-1178 1180-1181 1183-1192 1195 1197-1209 1211-1213
SI_0812_T:                               1068 1142 1195
CSI_1701_R:                              1087 1098-1103 1106-1127 1129-1132 1134-1149
CSI_1701_L:                              1087 1098-1103 1106-1127 1129-1132 1134-1149
CSI_1701_T:                              1087 1098-1103 1106-1127 1129-1132 1134-1149
CSI_1702_T:                              1087 1098-1103 1106-1127 1129-1132 1134-1149
CSI_1703_R:                              1087 1098-1103 1106-1127 1129-1132 1134-1149
CSI_1703_L:                              1087 1098-1103 1106-1127 1129-1132 1134-1149
CSI_1703_T:                              1087 1098-1103 1106-1127 1129-1132 1134-1149
CSI_1704_R:                              1087 1098-1103 1106-1127 1129-1132 1134-1149
CSI_1704_L:                              1087 1098-1103 1106-1127 1129-1132 1134-1149
CSI_1704_T:                              1087 1098-1103 1106-1127 1129-1132 1134-1149
CSI_1705_R:                              1087 1098-1103 1106-1127 1129-1132 1134-1149
CSI_1705_L:                              1087 1098-1103 1106-1127 1129-1132 1134-1149
CSI_1705_T:                              1087 1098-1103 1106-1127 1129-1132 1134-1149
CSI_1706_R:                              1087 1098-1103 1106-1127 1129-1132 1134-1149
CSI_1706_L:                              1087 1098-1103 1106-1127 1129-1132 1134-1149
CSI_1706_T:                              1087 1098-1103 1106-1127 1129-1132 1134-1149
CSI_1707_R:                              1087 1098-1103 1106-1127 1129-1132 1134-1149
CSI_1707_L:                              1087 1098-1103 1106-1127 1129-1132 1134-1149
CSI_1707_T:                              1087 1098-1103 1106-1127 1129-1132 1134-1149
CSI_1708_R:                              1087 1098-1103 1106-1127 1129-1132 1134-1149
CSI_1708_L:                              1087 1098-1103 1106-1127 1129-1132 1134-1149
CSI_1708_T:                              1087 1098-1103 1106-1127 1129-1132 1134-1149
CI_1301_GG:                              1098-1099 1129-1132 1140 1142 1146
CI_1301_PG:                              1098-1099 1129-1132 1140 1142 1146
CI_1307_GG:                              1098-1099 1129-1132 1140 1142
CI_1307_PG:                              1098-1099 1129-1132 1140 1142
CI_1316_GG:                              1098-1103 1106-1127 1129-1149
CI_1316_PG:                              1098-1103 1106-1127 1129-1149
CI_1319_GG:                              1098-1103 1106-1127 1129-1149
CI_1319_PG:                              1098-1103 1106-1127 1129-1149
CI_1322_GG:                              1098-1099 1129-1132 1140 1142
CI_1322_PG:                              1098-1099 1129-1132 1140 1142
CI_1401_GG:                              1098 1129-1132 1140 1142 1146
CI_1401_PG:                              1098 1129-1132 1140 1142 1146
CI_1405_GG:                              1098 1129-1132 1140 1142
CI_1405_PG:                              1098 1129-1132 1140 1142
CI_1407_GG:                              1098-1099 1129-1132 1140 1142 1146
CI_1407_PG:                              1098-1099 1129-1132 1140 1142 1146
CI_1409_GG:                              1098-1099 1129-1132 1140 1142
CI_1409_PG:                              1098-1099 1129-1132 1140 1142
CI_1411_GG:                              1098-1099 1129-1132 1140 1142 1146
CI_1411_PG:                              1098-1099 1129-1132 1140 1142 1146
CI_1413_GG:                              1098-1103 1106-1127 1129-1149
CI_1413_PG:                              1098-1103 1106-1127 1129-1149
CI_1415_GG:                              1098-1099 1129-1132 1140 1142 1146
CI_1415_PG:                              1098-1099 1129-1132 1140 1142 1146
CI_1601_GG:                              1098-1103 1106-1127 1129-1132 1135-1136 1139-1142 1145
CI_1601_PG:                              1098-1103 1106-1127 1129-1132 1135-1136 1139-1142 1145
CI_1604_GG:                              1098-1103 1106-1127 1129-1132 1140-1142
CI_1604_PG:                              1098-1103 1106-1127 1129-1132 1140-1142
CI_1605_GG:                              1098-1099 1102-1103 1107-1111 1113-1116 1118-1127 1129-1132 1140-1142
CI_1605_PG:                              1098-1099 1102-1103 1107-1111 1113-1116 1118-1127 1129-1132 1140-1142
CI_1606_GG:                              1098 1100-1103 1106-1107 1109-1112 1114-1123 1127 1129 1131-1132 1140-1142
CI_1606_PG:                              1098 1100-1103 1106-1107 1109-1112 1114-1123 1127 1129 1131-1132 1140-1142
CI_1607_GG:                              1098-1103 1106-1127 1129-1132 1134-1149
CI_1607_PG:                              1098-1103 1106-1127 1129-1132 1134-1149
SI75_15_GG:                              1098 1140 1142
SI75_15_PG:                              1098 1140 1142
SILI_15_GG:                              1098 1132 1140 1142
SILI_15_PG:                              1098 1132 1140 1142
CSI_1301_R:                              1098-1103 1106-1127 1129-1149
CSI_1301_L:                              1098-1103 1106-1127 1129-1149
CSI_1301_T:                              1098-1103 1106-1127 1129-1149
CSI_1302_R:                              1098-1103 1106-1127 1129-1149
CSI_1302_L:                              1098-1103 1106-1127 1129-1149
CSI_1302_T:                              1098-1103 1106-1127 1129-1149
CSI_1303_R:                              1098-1103 1106-1127 1129-1149
CSI_1303_L:                              1098-1103 1106-1127 1129-1149
CSI_1303_T:                              1098-1103 1106-1127 1129-1149
CSI_1304_R:                              1098-1103 1106-1127 1129-1149
CSI_1304_L:                              1098-1103 1106-1127 1129-1149
CSI_1304_T:                              1098-1103 1106-1127 1129-1149
CSI_1305_R:                              1098-1103 1106-1127 1129-1149
CSI_1305_L:                              1098-1103 1106-1127 1129-1149
CSI_1305_T:                              1098-1103 1106-1127 1129-1149
CSI_1306_R:                              1098-1103 1106-1127 1129-1149
CSI_1306_L:                              1098-1103 1106-1127 1129-1149
CSI_1306_T:                              1098-1103 1106-1127 1129-1149
CSI_1307_R:                              1098-1103 1106-1127 1129-1149
CSI_1307_L:                              1098-1103 1106-1127 1129-1149
CSI_1307_T:                              1098-1103 1106-1127 1129-1149
CSI_1308_R:                              1098-1103 1106-1127 1129-1149
CSI_1308_L:                              1098-1103 1106-1127 1129-1149
CSI_1308_T:                              1098-1103 1106-1127 1129-1149
CSI_1309_R:                              1098-1103 1106-1127 1129-1149
CSI_1309_L:                              1098-1103 1106-1127 1129-1149
CSI_1309_T:                              1098-1103 1106-1127 1129-1149
CSI_1310_R:                              1098-1103 1106-1127 1129-1149
CSI_1310_L:                              1098-1103 1106-1127 1129-1149
CSI_1310_T:                              1098-1103 1106-1127 1129-1149
CSI_1311_R:                              1098-1103 1106-1127 1129-1149
CSI_1311_L:                              1098-1103 1106-1127 1129-1149
CSI_1311_T:                              1098-1103 1106-1127 1129-1149
CSI_1312_R:                              1098-1103 1106-1127 1129-1149
CSI_1312_L:                              1098-1103 1106-1127 1129-1149
CSI_1312_T:                              1098-1103 1106-1127 1129-1149
CSI_1313_R:                              1098-1103 1106-1127 1129-1149
CSI_1313_L:                              1098-1103 1106-1127 1129-1149
CSI_1313_T:                              1098-1103 1106-1127 1129-1149
CSI_1314_R:                              1098-1103 1106-1127 1129-1149
CSI_1314_L:                              1098-1103 1106-1127 1129-1149
CSI_1314_T:                              1098-1103 1106-1127 1129-1149
CSI_1315_R:                              1098-1103 1106-1127 1129-1149
CSI_1315_L:                              1098-1103 1106-1127 1129-1149
CSI_1315_T:                              1098-1103 1106-1127 1129-1149
CSI_1316_R:                              1098-1103 1106-1127 1129-1149
CSI_1316_L:                              1098-1103 1106-1127 1129-1149
CSI_1316_T:                              1098-1103 1106-1127 1129-1149
CSI_1317_R:                              1098-1103 1106-1127 1129-1149
CSI_1317_L:                              1098-1103 1106-1127 1129-1149
CSI_1317_T:                              1098-1103 1106-1127 1129-1149
CSI_1318_R:                              1098-1103 1106-1127 1129-1149
CSI_1318_L:                              1098-1103 1106-1127 1129-1149
CSI_1318_T:                              1098-1103 1106-1127 1129-1149
CSI_1319_R:                              1098-1103 1106-1127 1129-1149
CSI_1319_L:                              1098-1103 1106-1127 1129-1149
CSI_1319_T:                              1098-1103 1106-1127 1129-1149
CSI_1320_R:                              1098-1103 1106-1127 1129-1149
CSI_1320_L:                              1098-1103 1106-1127 1129-1149
CSI_1320_T:                              1098-1103 1106-1127 1129-1149
CSI_1321_R:                              1098-1103 1106-1127 1129-1149
CSI_1321_L:                              1098-1103 1106-1127 1129-1149
CSI_1321_T:                              1098-1103 1106-1127 1129-1149
CSI_1322_R:                              1098-1103 1106-1127 1129-1149
CSI_1322_L:                              1098-1103 1106-1127 1129-1149
CSI_1322_T:                              1098-1103 1106-1127 1129-1149
CSI_1323_R:                              1098-1103 1106-1127 1129-1149
CSI_1323_L:                              1098-1103 1106-1127 1129-1149
CSI_1323_T:                              1098-1103 1106-1127 1129-1149
CSI_1324_R:                              1098-1103 1106-1127 1129-1149
CSI_1324_L:                              1098-1103 1106-1127 1129-1149
CSI_1324_T:                              1098-1103 1106-1127 1129-1149
CSI_1401_R:                              1098-1103 1106-1127 1129-1149
CSI_1401_L:                              1098-1103 1106-1127 1129-1149
CSI_1401_T:                              1098-1103 1106-1127 1129-1149
CSI_1402_R:                              1098-1103 1106-1127 1129-1149
CSI_1402_L:                              1098-1103 1106-1127 1129-1149
CSI_1402_T:                              1098-1103 1106-1127 1129-1149
CSI_1403_R:                              1098-1103 1106-1127 1129-1149
CSI_1403_L:                              1098-1103 1106-1127 1129-1149
CSI_1403_T:                              1098-1103 1106-1127 1129-1149
CSI_1404_R:                              1098-1103 1106-1127 1129-1149
CSI_1404_L:                              1098-1103 1106-1127 1129-1149
CSI_1404_T:                              1098-1103 1106-1127 1129-1149
CSI_1405_R:                              1098-1103 1106-1127 1129-1149
CSI_1405_L:                              1098-1103 1106-1127 1129-1149
CSI_1405_T:                              1098-1103 1106-1127 1129-1149
CSI_1406_R:                              1098-1103 1106-1127 1129-1149
CSI_1406_L:                              1098-1103 1106-1127 1129-1149
CSI_1406_T:                              1098-1103 1106-1127 1129-1149
CSI_1407_R:                              1098-1103 1106-1127 1129-1149
CSI_1407_L:                              1098-1103 1106-1127 1129-1149
CSI_1407_T:                              1098-1103 1106-1127 1129-1149
CSI_1408_R:                              1098-1103 1106-1127 1129-1149
CSI_1408_L:                              1098-1103 1106-1127 1129-1149
CSI_1408_T:                              1098-1103 1106-1127 1129-1149
CSI_1409_R:                              1098-1103 1106-1127 1129-1149
CSI_1409_L:                              1098-1103 1106-1127 1129-1149
CSI_1409_T:                              1098-1103 1106-1127 1129-1149
CSI_1410_R:                              1098-1103 1106-1127 1129-1149
CSI_1410_L:                              1098-1103 1106-1127 1129-1149
CSI_1410_T:                              1098-1103 1106-1127 1129-1149
CSI_1411_R:                              1098-1103 1106-1127 1129-1149
CSI_1411_L:                              1098-1103 1106-1127 1129-1149
CSI_1411_T:                              1098-1103 1106-1127 1129-1149
CSI_1412_R:                              1098-1103 1106-1127 1129-1149
CSI_1412_L:                              1098-1103 1106-1127 1129-1149
CSI_1412_T:                              1098-1103 1106-1127 1129-1149
CSI_1413_R:                              1098-1103 1106-1127 1129-1149
CSI_1413_L:                              1098-1103 1106-1127 1129-1149
CSI_1413_T:                              1098-1103 1106-1127 1129-1149
CSI_1414_R:                              1098-1103 1106-1127 1129-1149
CSI_1414_L:                              1098-1103 1106-1127 1129-1149
CSI_1414_T:                              1098-1103 1106-1127 1129-1149
CSI_1415_R:                              1098-1103 1106-1127 1129-1149
CSI_1415_L:                              1098-1103 1106-1127 1129-1149
CSI_1415_T:                              1098-1103 1106-1127 1129-1149
CSI_1416_R:                              1098-1103 1106-1127 1129-1149
CSI_1416_L:                              1098-1103 1106-1127 1129-1149
CSI_1416_T:                              1098-1103 1106-1127 1129-1149
CSI_1501_R:                              1098-1103 1106-1127 1129-1149
CSI_1501_L:                              1098-1103 1106-1127 1129-1149
CSI_1501_T:                              1098-1103 1106-1127 1129-1149
CSI_1502_R:                              1098-1103 1106-1127 1129-1149
CSI_1502_L:                              1098-1103 1106-1127 1129-1149
CSI_1502_T:                              1098-1103 1106-1127 1129-1149
CSI_1503_R:                              1098-1103 1106-1127 1129-1149
CSI_1503_L:                              1098-1103 1106-1127 1129-1149
CSI_1503_T:                              1098-1103 1106-1127 1129-1149
CSI_1504_R:                              1098-1103 1106-1127 1129-1149
CSI_1504_L:                              1098-1103 1106-1127 1129-1149
CSI_1504_T:                              1098-1103 1106-1127 1129-1149
CSI_1505_R:                              1098-1103 1106-1127 1129-1149
CSI_1505_L:                              1098-1103 1106-1127 1129-1149
CSI_1505_T:                              1098-1103 1106-1127 1129-1149
CSI_1506_R:                              1098-1103 1106-1127 1129-1149
CSI_1506_L:                              1098-1103 1106-1127 1129-1149
CSI_1506_T:                              1098-1103 1106-1127 1129-1149
CSI_1507_R:                              1098-1103 1106-1127 1129-1149
CSI_1507_L:                              1098-1103 1106-1127 1129-1149
CSI_1507_T:                              1098-1103 1106-1127 1129-1149
CSI_1508_R:                              1098-1103 1106-1127 1129-1149
CSI_1508_L:                              1098-1103 1106-1127 1129-1149
CSI_1508_T:                              1098-1103 1106-1127 1129-1149
CSI_1509_R:                              1098-1103 1106-1127 1129-1149
CSI_1509_L:                              1098-1103 1106-1127 1129-1149
CSI_1509_T:                              1098-1103 1106-1127 1129-1149
CSI_1510_R:                              1098-1103 1106-1127 1129-1149
CSI_1510_L:                              1098-1103 1106-1127 1129-1149
CSI_1510_T:                              1098-1103 1106-1127 1129-1149
CSI_1511_R:                              1098-1103 1106-1127 1129-1149
CSI_1511_L:                              1098-1103 1106-1127 1129-1149
CSI_1511_T:                              1098-1103 1106-1127 1129-1149
CSI_1512_R:                              1098-1103 1106-1127 1129-1149
CSI_1512_L:                              1098-1103 1106-1127 1129-1149
CSI_1512_T:                              1098-1103 1106-1127 1129-1149
CSI_1513_R:                              1098-1103 1106-1127 1129-1149
CSI_1513_L:                              1098-1103 1106-1127 1129-1149
CSI_1513_T:                              1098-1103 1106-1127 1129-1149
CSI_1514_R:                              1098-1103 1106-1127 1129-1149
CSI_1514_L:                              1098-1103 1106-1127 1129-1149
CSI_1514_T:                              1098-1103 1106-1127 1129-1149
CSI_1515_R:                              1098-1103 1106-1127 1129-1149
CSI_1515_L:                              1098-1103 1106-1127 1129-1149
CSI_1515_T:                              1098-1103 1106-1127 1129-1149
CSI_1516_R:                              1098-1103 1106-1127 1129-1149
CSI_1516_L:                              1098-1103 1106-1127 1129-1149
CSI_1516_T:                              1098-1103 1106-1127 1129-1149
CSI_1601_R:                              1098-1103 1106-1127 1129-1132 1134-1149
CSI_1601_L:                              1098-1103 1106-1127 1129-1132 1134-1149
CSI_1601_T:                              1098-1103 1106-1127 1129-1132 1134-1149
CSI_1602_R:                              1098-1103 1106-1127 1129-1132 1134-1149
CSI_1602_L:                              1098-1103 1106-1127 1129-1132 1134-1149
CSI_1602_T:                              1098-1103 1106-1127 1129-1132 1134-1149
CSI_1603_R:                              1098-1103 1106-1127 1129-1132 1134-1149
CSI_1603_L:                              1098-1103 1106-1127 1129-1132 1134-1149
CSI_1603_T:                              1098-1103 1106-1127 1129-1132 1134-1149
CSI_1604_R:                              1098-1103 1106-1127 1129-1132 1134-1149
CSI_1604_L:                              1098-1103 1106-1127 1129-1132 1134-1149
CSI_1604_T:                              1098-1103 1106-1127 1129-1132 1134-1149
CSI_1605_R:                              1098-1103 1106-1127 1129-1132 1134-1149
CSI_1605_L:                              1098-1103 1106-1127 1129-1132 1134-1149
CSI_1605_T:                              1098-1103 1106-1127 1129-1132 1134-1149
CSI_1606_R:                              1098-1103 1106-1127 1129-1132 1134-1149
CSI_1606_L:                              1098-1103 1106-1127 1129-1132 1134-1149
CSI_1606_T:                              1098-1103 1106-1127 1129-1132 1134-1149
CSI_1607_R:                              1098-1103 1106-1127 1129-1132 1134-1149
CSI_1607_L:                              1098-1103 1106-1127 1129-1132 1134-1149
CSI_1607_T:                              1098-1103 1106-1127 1129-1132 1134-1149
CSI_1608_R:                              1098-1103 1106-1127 1129-1132 1134-1149
CSI_1608_L:                              1098-1103 1106-1127 1129-1132 1134-1149
CSI_1608_T:                              1098-1103 1106-1127 1129-1132 1134-1149
CSI_1702_R:                              1098-1103 1106-1127 1129-1132 1134-1149
CSI_1702_L:                              1098-1103 1106-1127 1129-1132 1134-1149
CI_1313_GG:                              1099 1129-1130 1132 1140 1142
CI_1313_PG:                              1099 1129-1130 1132 1140 1142
CI_1608_GG:                              1099 1110-1111 1114 1120-1121 1125 1127 1130-1131 1140 1142
CI_1608_PG:                              1099 1110-1111 1114 1120-1121 1125 1127 1130-1131 1140 1142
CI_1310_GG:                              1129-1130 1132
CI_1310_PG:                              1129-1130 1132
CI_0403_T:                               1140 1142
CI_0411_T:                               1140 1142
CI_0413_T:                               1140 1142
SILI_10_T:                               1140 1142
SI75_16_GG:                              1140 1142
SI75_16_PG:                              1140 1142
SILI_16_GG:                              1140 1142
SILI_16_PG:                              1140 1142
SILI_16_T:                               1140 1142 1195
CI_0407_T:                               1142
CI_0409_T:                               1142
CI_0415_T:                               1142
CI_0417_T:                               1142
CI_0419_T:                               1142
CI_0421_T:                               1142
CI_0423_T:                               1142
CI_0607_T:                               1142
CI_0609_T:                               1142
CI_0611_T:                               1142
CI_0613_T:                               1142
CI_0615_T:                               1142
CI_0617_T:                               1142
CI_0621_T:                               1142
SILI_11_T:                               1142
SI_0706_T:                               1142
SI_0710_T:                               1142
SI_0802_T:                               1142
SI_0804_T:                               1142
SI_0806_T:                               1142
SI_0816_T:                               1142 1195
SI_0820_T:                               1142
SI_0823_T:                               1142
SI_0901_T:                               1142 1195
SI_0906_T:                               1142
SI_0909_T:                               1142
SI_0910_T:                               1142
SI_0913_T:                               1142
SI_0914_T:                               1142 1195
SI_0921_T:                               1142 1195
SI_0923_T:                               1142 1195
SI_0722_T:                               1195
SI_0801_T:                               1195
SI_0815_T:                               1195
SI_0821_T:                               1195
SI_0822_T:                               1195
SI_0903_T:                               1195
SI_0904_T:                               1195
SI_0919_T:                               1195
