# Updated by A. Chbihi Jul/03/2009 : correction of CsI calibration of ring 17
# all other parameters are unchanged.
# CsI Light-energy calibration for INDRA 5th campaign data
# Parameters for Z=1 particles, rings 1-17.
#+-------------------------------------------------------------+
#|  Couronne |   Module  |   a1  |  a2   |   a3  |  Chi2  | Nb |
#+-------------------------------------------------------------+
  1   1   4.435231   0.000100   6.009705  25.622323  15
  1   2   5.351164   0.771295   6.002982  1.118506  17
  1   3   5.241268   0.621292   6.009973  6.110108  10
  1   4   5.178571   1.332940   6.000010  2.122253  17
  1   5   5.345136   1.594001   6.009986  1.774936  16
  1   6   5.175770   1.733612   6.009919  1.384662  16
  1   7   4.959050   1.453393   6.001720  0.882220  16
  1   8   5.740268   0.673953   6.010000  1.058809  19
  1   9   5.063982   0.672178   6.009999  0.679080  22
  1   10   5.153685   0.654733   6.007271  0.693533  22
  1   11   5.139865   0.441859   6.009796  0.615833  20
  1   12   5.608887   1.209155   6.010000  0.845360  19
  2   1   9.871292   0.017465   6.008496  0.976706  27
  2   3   8.520309   0.241635   6.009953  1.287820  22
  2   5   9.558117   0.824671   6.000001  1.826794  25
  2   7   13.453106   0.369925   6.004832  1.446071  28
  2   9   14.750844   0.194600   6.009577  1.401859  29
  2   11   9.725551   0.358431   6.000000  0.790699  28
  2   13   8.914426   0.302943   6.000004  0.505839  27
  2   15   10.555286   0.143944   6.009993  0.528650  33
  2   17   8.930771   0.134357   6.007135  0.581952  31
  2   19   7.091625   0.142206   6.009980  0.653048  31
  2   21   9.110087   0.107396   6.000003  0.465316  31
  2   23   6.744751   0.044149   6.009995  0.724271  18
  3   1   10.113808   0.000100   6.000617  0.482437  27
  3   2   13.000775   0.026434   6.005353  0.403686  27
  3   3   12.149884   0.104576   6.007030  0.987143  28
  3   4   11.468064   0.248824   6.000139  1.156969  25
  3   5   16.892812   0.254497   6.010000  0.635115  25
  3   6   13.922973   0.251869   6.001159  1.107009  30
  3   7   11.864253   0.301645   6.000001  1.015256  29
  3   8   16.311011   0.300974   6.000009  0.931368  29
  3   9   14.954692   0.152880   6.009994  1.253249  29
  3   10   14.206419   0.183188   6.009999  0.996449  31
  3   11   13.087637   0.167974   6.000017  0.882630  29
  3   12   12.023951   0.274935   6.000005  0.568731  31
  3   13   15.489072   0.123246   6.010000  0.674011  31
  3   14   9.992594   0.244963   6.006899  0.885960  31
  3   15   12.807092   0.122805   6.005557  1.362802  32
  3   16   13.808219   0.057415   6.009382  0.563620  31
  3   17   11.032709   0.098782   6.009572  0.452320  32
  3   18   13.661083   0.024473   6.009589  0.547424  30
  3   19   17.756749   0.017175   6.010000  0.529857  33
  3   20   10.894599   0.103761   6.002772  0.654559  33
  3   21   12.418923   0.019928   6.003197  0.347300  32
  3   22   12.977916   0.082526   6.009287  0.371326  31
  3   23   14.725582   0.039611   6.008319  0.428075  33
  3   24   11.958647   0.302600   6.000004  1.991545  30
  4   1   12.066745   0.000100   6.000438  0.271992  27
  4   2   8.464629   0.000100   6.005361  0.367762  23
  4   3   5.635808   0.001868   6.009993  0.250053  16
  4   4   8.750361   0.207322   6.003248  0.388698  27
  4   5   6.132734   0.538671   6.008828  0.911382  22
  4   6   9.222967   0.370181   6.009988  0.640824  26
  4   7   7.715871   0.349643   6.009278  1.561512  20
  4   8   5.495379   0.451808   6.010000  1.163554  15
  4   9   14.712394   0.268631   6.007360  0.738614  24
  4   10   10.788975   0.300283   6.000000  0.693208  23
  4   11   6.238154   0.538886   6.001597  0.675758  19
  4   12   9.034634   0.103106   6.009537  0.697062  26
  4   13   10.146493   0.157798   6.006750  0.494273  25
  4   14   11.222808   0.135166   6.009848  0.989728  29
  4   15   10.592094   0.171998   6.005649  0.486892  30
  4   16   8.341944   0.109481   6.009952  0.567845  28
  4   17   12.868665   0.054665   6.009999  0.530264  31
  4   18   9.061536   0.148956   6.000001  0.343386  28
  4   19   13.561353   0.094101   6.009863  0.876510  29
  4   20   12.698649   0.146392   6.006774  0.939702  28
  4   21   13.053900   0.098025   6.008941  0.462011  29
  4   22   10.366127   0.176004   6.007353  0.604099  28
  4   23   14.456679   0.084994   6.002270  0.702151  28
  4   24   12.907241   0.070382   6.000738  0.479390  28
  5   1   15.010017   0.000100   6.009777  0.471780  26
  5   2   17.233916   0.000100   6.010000  0.271534  22
  5   3   11.104488   0.149495   6.005313  0.578264  26
  5   4   8.449818   0.560997   6.009652  0.624847  21
  5   5   10.933560   0.515136   6.009789  0.750022  22
  5   6   12.502277   0.671746   6.009957  1.097587  21
  5   7   9.435154   0.542515   6.001498  0.663733  21
  5   8   10.442997   0.060546   6.000636  0.451462  14
  5   9   12.035460   0.296904   6.000000  0.354670  21
  5   10   10.819939   0.225797   6.000237  0.469609  21
  5   11   12.948091   0.328671   6.000000  0.561669  20
  5   12   9.999872   0.222211   6.007811  0.370225  20
  5   13   11.461099   0.143446   6.009998  0.416383  22
  5   14   12.220650   0.268760   6.006702  0.365848  24
  5   15   11.659426   0.123359   6.007360  0.209081  25
  5   16   13.362160   0.069052   6.000902  0.297393  25
  5   17   10.856809   0.301565   6.008326  0.392403  21
  5   18   11.768796   0.085497   6.007666  0.264557  24
  5   19   9.799749   0.074622   6.006956  0.282913  24
  5   20   13.166247   0.073162   6.008664  0.287569  25
  5   21   13.051869   0.007880   6.005112  0.173373  22
  5   22   11.299267   0.042407   6.005915  0.422848  23
  5   23   12.367940   0.054908   6.000092  0.154146  24
  5   24   10.622496   0.047476   6.000958  0.308744  23
  6   1   17.680357   0.000100   6.010000  0.269414  19
  6   2   23.829336   0.000163   6.009997  0.250282  19
  6   3   36.831494   0.042560   6.000000  0.311624  18
  6   4   25.349666   0.084849   6.009935  0.371704  18
  6   5   15.398057   0.246688   6.004238  0.201566  17
  6   6   16.500307   0.170336   6.010000  0.378129  19
  6   7   29.820316   0.188971   6.009948  0.431025  19
  6   8   17.403341   0.189409   6.010000  0.286770  20
  6   9   24.006453   2.376129   6.009995  9.030974  10
  6   10   25.005120   0.078755   6.010000  0.381117  19
  6   11   16.255185   0.165982   6.010000  0.348761  20
  6   12   11.983882   0.206238   6.009987  0.254408  17
  6   13   16.725102   0.137322   6.009666  0.173098  19
  6   14   22.089980   0.126698   6.010000  0.245421  19
  6   15   14.673732   0.144395   6.010000  0.543830  20
  6   16   26.694284   0.010096   6.009999  0.851978  22
  6   17   15.916115   0.047092   6.010000  0.385343  22
  6   18   17.791891   0.070128   6.010000  0.514925  22
  6   19   16.529078   0.000100   6.009999  31.189091  19
  6   20   18.713197   0.111589   6.009997  0.696485  21
  6   21   26.498359   0.086877   6.010000  0.607724  23
  6   22   24.663311   0.041390   6.010000  0.277449  20
  6   23   19.654282   0.092631   6.009991  0.217278  21
  6   24   23.169981   0.033290   6.009989  0.244853  19
  7   1   36.977762   0.009317   6.000000  0.345666  18
  7   2   23.691325   0.040295   6.009958  0.165351  18
  7   3   25.516320   0.059044   6.009999  0.220148  18
  7   4   11.327966   0.329959   6.003559  0.222152  18
  7   5   28.131159   0.206112   6.009128  0.234440  18
  7   6   19.596535   0.296316   6.010000  0.343571  18
  7   7   14.106817   0.256642   6.009773  0.100203  17
  7   8   20.689134   0.109672   6.009945  0.168378  18
  7   9   16.078244   0.151337   6.008115  0.136345  17
  7   10   13.316058   0.182862   6.009996  0.213342  18
  7   11   26.505858   0.085737   6.007403  0.261978  18
  7   12   16.033659   0.228112   6.008541  0.168121  18
  7   13   17.085086   0.076244   6.008849  0.080792  18
  7   14   17.710460   0.165103   6.009942  0.170590  10
  7   15   18.797424   0.045147   6.010000  0.346849  18
  7   16   19.956787   0.077213   6.009429  0.079998  18
  7   17   20.268405   0.108221   6.009862  0.127832  17
  7   18   15.719142   0.144639   6.009401  0.173756  18
  7   19   24.199027   0.031357   6.009998  0.136733  18
  7   20   16.450327   0.079279   6.010000  0.130180  18
  7   21   15.798748   0.091788   6.010000  0.166606  18
  7   22   13.157230   0.181613   6.009994  0.089995  17
  7   23   37.717597   0.056134   6.000000  0.261742  18
  7   24   21.033771   0.045764   6.008947  0.280896  18
  8   1   31.737807   0.000100   6.009969  0.374607  13
  8   2   22.243133   0.000100   6.010000  0.477198  15
  8   3   26.042803   0.023144   6.009939  0.230958  13
  8   4   18.608798   0.054161   6.010000  0.353981  13
  8   5   30.125805   0.023881   6.009836  0.340321  13
  8   6   22.985260   0.038628   6.005260  0.199037  12
  8   7   22.156694   0.133981   6.010000  0.262993  13
  8   8   17.142693   0.152325   6.010000  0.254117  13
  8   9   18.356414   0.119638   6.010000  0.136243  13
  8   10   21.853175   0.047482   6.010000  0.197808  13
  8   11   23.847532   0.050484   6.009939  0.181748  15
  8   12   19.397406   0.018215   6.008922  0.735625  14
  8   13   19.248379   0.088300   6.009986  0.128151  13
  8   14   34.583703   0.027559   6.009993  0.137523  13
  8   15   20.809803   0.100058   6.009985  0.134101  13
  8   16   21.693392   0.036937   6.009957  0.167459  13
  8   17   26.851503   0.035199   6.010000  0.248798  14
  8   18   25.800407   0.070739   6.009999  0.170060  14
  8   19   16.687825   0.026453   6.010000  0.129722  13
  8   20   19.869984   0.034603   6.009983  0.213616  14
  8   21   26.346905   0.040069   6.009999  0.171016  13
  8   22   22.871312   0.000100   6.010000  0.152858  13
  8   23   23.869350   0.000100   6.010000  0.143884  15
  8   24   28.357686   0.000100   6.009955  0.242031  14
  9   1   43.231187   0.000100   6.000000  0.686808  12
  9   2   31.801270   0.000771   6.009987  0.135170  12
  9   3   27.133050   0.051542   6.003918  0.136922  13
  9   4   40.073091   0.043361   6.000000  0.241182  12
  9   5   36.073232   0.062898   6.009992  0.273246  13
  9   6   26.974687   0.091842   6.009999  0.254933  13
  9   7   23.806138   0.079095   6.009999  0.153162  12
  9   8   32.121504   0.006912   6.009973  0.184554  13
  9   9   27.426711   0.034324   6.001051  0.102175  12
  9   10   31.006468   0.080530   6.009940  0.205824  13
  9   11   30.561372   0.009706   6.009808  0.147759  13
  9   12   32.540916   0.000234   6.009984  0.204607  12
  9   13   33.549299   0.033382   6.009991  0.278048  13
  9   14   29.808208   0.015946   6.009953  0.172723  12
  9   15   26.171367   0.016854   6.009711  0.121340  13
  9   16   19.384309   0.105437   6.009977  0.127627  13
  9   17   29.715308   0.044924   6.009685  0.188288  13
  9   18   30.362905   0.076022   6.009994  0.110535  12
  9   19   27.820707   0.031560   6.009999  0.209539  13
  9   20   33.752635   0.011886   6.009993  0.189870  12
  9   21   35.688436   0.060816   6.009995  0.082811  12
  9   22   26.072739   0.015023   6.010000  0.106606  12
  9   23   33.155325   0.009592   6.009986  0.107877  13
  9   24   26.027727   0.004969   6.009998  0.116395  12
  10   1   32.339418   0.126678   6.009999  5.795360  29
  10   2   41.743750   0.104940   6.000000  3.407265  13
  10   3   36.196615   0.281316   6.010000  8.997883  26
  10   4   33.609861   0.276294   6.009999  2.310398  26
  10   5   49.148147   0.540935   6.009893  0.000000  2
  10   6   44.753678   0.453286   6.009985  9.375013  26
  10   7   35.189257   0.400652   6.010000  2.561539  26
  10   8   33.658704   0.297073   6.010000  2.997335  24
  10   9   36.302092   0.247341   6.009999  1.181025  25
  10   10   32.158953   0.169345   6.009992  5.611369  28
  10   11   37.159270   0.195444   6.009999  0.364234  27
  10   12   34.690922   0.146640   6.009997  7.433687  27
  10   13   34.961676   0.301051   6.010000  1.118065  28
  10   14   38.833041   0.169090   6.000000  8.142805  27
  10   15   42.335867   0.264118   6.000000  1.376489  30
  10   16   54.245182   0.156956   6.000000  39.272994  28
  10   17   37.618424   0.201663   6.010000  2.339830  30
  10   18   46.893821   0.151709   6.000000  0.527985  25
  10   19   35.009646   0.249711   6.009999  1.094690  29
  10   20   29.131980   0.125729   6.009672  0.539807  31
  10   21   42.601322   0.209417   6.000000  1.630847  30
  10   22   45.762820   0.250632   6.000000  1.230382  29
  10   23   40.321998   0.229474   6.000000  1.101706  26
  10   24   48.900147   0.179553   6.000000  0.401640  23
  11   1   88.246299   0.135331   6.000000  0.945492  20
  11   2   79.885187   0.149503   6.000000  0.680225  11
  11   3   52.883582   0.263795   6.000000  6.790711  23
  11   4   56.026361   0.264939   6.000000  3.653049  19
  11   5   47.092758   0.225641   6.000000  5.484471  21
  11   6   37.637207   0.263240   6.010000  1.719119  20
  11   7   54.673551   0.308952   6.000000  3.952626  19
  11   8   42.046672   0.266931   6.000000  7.024315  21
  11   9   52.187597   0.245337   6.000000  2.109083  22
  11   10   66.190480   0.277057   6.000000  0.524242  22
  11   11   65.624985   0.236614   6.000000  2.562233  22
  11   12   62.611321   0.247649   6.000000  0.771816  24
  11   13   39.355617   0.310099   6.010000  0.908542  24
  11   14   68.509053   1.036993   6.009301  0.000000  2
  11   15   50.852679   0.205545   6.000000  1.203885  26
  11   16   57.018728   0.282786   6.000000  0.317121  24
  11   17   51.389652   0.277868   6.000000  6.473394  24
  11   18   52.040575   0.232929   6.000000  0.244387  24
  11   19   44.539880   0.175495   6.000000  0.278537  25
  11   20   56.417731   0.159342   6.000000  0.375362  25
  11   21   45.497384   0.312852   6.000000  0.299553  23
  11   22   42.652432   0.232640   6.000000  1.510397  25
  11   23   59.761676   0.220236   6.000000  1.166120  24
  11   24   59.983180   0.167834   6.000000  0.327981  21
  12   1   76.604521   0.223595   6.000000  1.355297  10
  12   2   114.853425   0.278126   6.000000  1.305349  7
  12   3   117.654306   0.288789   6.000000  1.125744  9
  12   4   101.382625   0.355959   6.000000  1.343955  11
  12   5   85.206385   0.256547   6.000000  2.546579  13
  12   6   88.317119   0.357760   6.000000  1.395293  12
  12   7   69.506688   0.274444   6.000000  2.595618  14
  12   8   64.671391   0.271776   6.000000  1.407627  13
  12   9   65.619301   0.257353   6.000000  0.930946  10
  12   10   64.728183   0.248057   6.000000  1.570630  12
  12   11   88.450559   0.338883   6.000000  3.098994  11
  12   12   79.082799   0.294224   6.000000  1.872115  15
  12   13   86.109618   0.288434   6.000000  0.885865  13
  12   14   64.920107   0.347313   6.000000  0.581419  13
  12   15   98.276593   0.235917   6.000000  0.885872  11
  12   16   64.654084   0.250760   6.000000  0.484789  15
  12   17   107.286453   0.398394   6.000000  0.439734  12
  12   18   56.464667   0.191469   6.000000  1.323830  18
  12   19   85.101082   0.284212   6.000000  0.647889  13
  12   20   84.336337   0.310091   6.000000  0.378103  12
  12   21   93.383008   0.352004   6.000000  0.263041  11
  12   22   44.679399   0.198291   6.000000  1.103788  17
  12   23   98.411430   0.275809   6.000000  1.158699  11
  12   24   122.190896   0.264935   6.000000  3.835502  9
  13   1   127.756892   0.233420   6.000000  1.250717  7
  13   2   124.775358   0.355555   6.000000  2.080100  9
  13   3   112.335619   0.306730   6.000000  1.808041  9
  13   4   119.808360   0.251934   6.000000  5.383073  4
  13   5   142.274152   0.344149   6.000000  2.843938  8
  13   6   113.935990   0.238995   6.000000  10.467402  7
  13   7   116.662046   0.307274   6.000000  1.135745  8
  13   8   98.629474   0.355848   6.000000  0.605437  9
  13   9   121.960829   0.290660   6.000000  1.685280  7
  13   10   163.070972   0.223879   6.000000  1.493037  8
  13   11   175.276471   0.331443   6.000004  1.519909  5
  13   12   122.425428   0.308650   6.000000  2.695385  4
  13   13   200.499991   0.440319   6.000000  0.000000  3
  13   14   131.507621   0.357142   6.000000  2.414568  9
  13   15   112.430570   0.342277   6.000000  0.815711  7
  13   16   127.890190   0.305736   6.000000  0.910474  7
  13   17   147.926212   0.231032   6.000000  1.349956  7
  13   18   108.814829   0.258418   6.000000  0.647669  7
  13   19   118.840001   0.264135   6.007660  0.291156  6
  13   20   128.209132   0.381122   6.000000  1.022725  7
  13   21   163.195738   0.357787   6.000000  4.046894  5
  13   22   129.591701   0.329512   6.000000  1.024771  4
  13   23   140.137942   0.389798   6.000000  0.562648  5
  13   24   122.668937   0.261691   6.000000  1.091758  6
  14   1   115.801663   0.228152   6.000000  0.403136  7
  14   2   106.301836   0.224824   6.000000  0.258350  7
  14   3   108.947307   0.186736   6.000000  0.000000  3
  14   4   118.473938   0.259942   6.000000  0.023516  5
  14   5   94.234906   0.236316   6.000000  0.501517  7
  14   6   97.707451   0.221173   6.000000  0.398079  9
  14   7   98.849947   0.291856   6.000000  0.230855  9
  14   8   81.443815   0.164569   6.000000  0.042640  7
  14   9   106.097420   0.366528   6.000000  0.000000  2
  14   10   103.298613   0.201889   6.000000  1.161489  5
  14   11   131.872406   0.233610   6.000000  0.192781  4
  14   12   91.815902   0.230786   6.000000  0.351129  5
  14   13   82.047511   0.189503   6.000000  0.452200  5
  14   14   131.997356   0.240679   6.000000  1.321549  5
  14   15   134.643920   0.251769   6.000000  0.873071  6
  14   16   112.558771   0.205885   6.000000  0.499946  7
  15   1   125.895179   0.183334   6.000000  0.013867  5
  15   2   171.593117   0.284416   6.000000  0.013461  4
  15   3   140.202341   0.182923   6.000000  0.000000  2
  15   4   124.436693   0.149285   6.000000  0.012530  4
  15   5   130.500897   0.199098   6.000000  0.808475  5
  15   6   200.499999   0.154428   6.000000  4.635550  6
  15   7   122.503812   0.237531   6.000000  0.051404  5
  15   8   200.500000   0.096425   6.000012  38.619889  4
  15   9   105.585172   0.181937   6.000000  0.094402  5
  15   10   137.546432   0.203050   6.000000  0.683748  6
  15   11   120.239101   0.193527   6.000000  0.085766  6
  15   12   86.989825   0.176165   6.000000  0.006669  5
  15   13   123.324164   0.213044   6.000000  0.207540  5
  15   14   157.395441   0.270114   6.000000  0.042176  4
  15   15   119.974425   0.308181   6.000000  0.048531  6
  15   16   133.448810   0.177452   6.000000  0.099501  4
  16   1   164.334228   0.208200   6.000000  0.000000  3
  16   2   149.076468   0.263634   6.003157  0.000000  2
  16   3   195.677194   0.259570   6.003644  0.095812  4
  16   4   157.258503   0.241124   6.000000  0.000000  3
  16   5   105.922495   0.193087   6.000000  0.032435  4
  16   6   167.146006   0.222400   6.000000  0.006887  4
  16   7   147.681000   0.260111   6.000000  0.031778  4
  16   8   146.544101   0.178791   6.000000  0.059359  4
  17   1   190.053849   0.159277   6.000000  0.000000  2
  17   2   200.499989   0.004060   6.000000  0.000000  2
  17   3   200.499894   0.093307   6.007576  0.000000  2
  17   4   197.983376   0.276380   6.000000  0.000000  2
  17   5   119.168083   0.216312   6.000000  0.000000  2
  17   6   200.499995   0.111138   6.000000  0.000000  2
  17   7   125.593256   0.167344   6.000000  0.000000  2
  17   8   115.278295   0.110717   6.000000  0.000000  2
