Run 8449  01-MAY-01 10:48:21 
Total   47581 ev.  Physical       0 ev.
-------------------------------------------------------------
 c  m  t   n_phys ave_phys sig_phys  n_gene ave_gene sig_gene
-------------------------------------------------------------
 1  1  4        0    0.000    0.000   47581   53.593    0.939
 1  1  5        0    0.000    0.000   47581   68.591    0.512
 1  2  4        0    0.000    0.000   47581   54.281    0.913
 1  2  5        0    0.000    0.000   47581   71.858    0.579
 1  3  4        0    0.000    0.000   47581   92.899    0.893
 1  3  5        0    0.000    0.000   47581   81.094    0.590
 1  4  4        0    0.000    0.000   47581   60.279    1.028
 1  4  5        0    0.000    0.000   47581   72.968    0.584
 1  5  4        0    0.000    0.000   47581   49.986    1.027
 1  5  5        0    0.000    0.000   47581   68.486    0.583
 1  6  4        0    0.000    0.000   47581   51.500    0.914
 1  6  5        0    0.000    0.000   47581   68.445    0.584
 1  7  4        0    0.000    0.000   47581   62.213    0.880
 1  7  5        0    0.000    0.000   47581   68.552    0.561
 1  8  4        0    0.000    0.000   47581   54.319    0.653
 1  8  5        0    0.000    0.000   47581   69.146    0.599
 1  9  4        0    0.000    0.000   47581   60.791    0.906
 1  9  5        0    0.000    0.000   47581   70.039    0.543
 1 10  4        0    0.000    0.000   47581   70.941    0.926
 1 10  5        0    0.000    0.000   47581   67.975    0.573
 1 11  4        0    0.000    0.000   47581   55.508    0.930
 1 11  5        0    0.000    0.000   47581   68.559    0.560
 1 12  4        0    0.000    0.000   47581   54.179    0.966
 1 12  5        0    0.000    0.000   47581   69.815    0.543
 2  1  1        0    0.000    0.000   47581   24.318    7.837
 2  1  2        0    0.000    0.000   47581   69.395    0.680
 2  1  4        0    0.000    0.000   47581   67.405    1.029
 2  1  5        0    0.000    0.000   47581   70.069    0.557
 2  3  1        0    0.000    0.000   47581   34.143   41.053
 2  3  2        0    0.000    0.000   47581   70.052    3.473
 2  3  4        0    0.000    0.000   47581   49.975   21.400
 2  3  5        0    0.000    0.000   47581   73.707    1.527
 2  5  1        0    0.000    0.000   47581   20.910    7.177
 2  5  2        0    0.000    0.000   47581   69.355    0.651
 2  5  4        0    0.000    0.000   47581   55.648    1.023
 2  5  5        0    0.000    0.000   47581   72.322    0.628
 2  7  1        0    0.000    0.000   47581   31.264    6.601
 2  7  2        0    0.000    0.000   47581   67.933    0.633
 2  7  4        0    0.000    0.000   47581   54.279    1.031
 2  7  5        0    0.000    0.000   47581   72.116    0.608
 2  9  1        0    0.000    0.000   47581   21.917    5.979
 2  9  2        0    0.000    0.000   47581   68.739    0.615
 2  9  4        0    0.000    0.000   47581   56.081    1.000
 2  9  5        0    0.000    0.000   47581   68.451    0.581
 2 11  1        0    0.000    0.000   47581   20.670    6.525
 2 11  2        0    0.000    0.000   47581   69.624    0.634
 2 11  4        0    0.000    0.000   47581   60.924    0.987
 2 11  5        0    0.000    0.000   47581   69.763    0.528
 2 13  1        0    0.000    0.000   47581   30.848    6.318
 2 13  2        0    0.000    0.000   47581   68.989    0.620
 2 13  4        0    0.000    0.000   47581   57.519    3.750
 2 13  5        0    0.000    0.000   47581   68.875    0.612
 2 15  1        0    0.000    0.000   47581   18.206    6.496
 2 15  2        0    0.000    0.000   47581   70.000    0.644
 2 15  4        0    0.000    0.000   47581   45.768    6.663
 2 15  5        0    0.000    0.000   47581   69.013    0.705
 2 17  1        0    0.000    0.000   47581   47.371    6.349
 2 17  2        0    0.000    0.000   47581   68.429    0.621
 2 17  4        0    0.000    0.000   47581   65.194    0.981
 2 17  5        0    0.000    0.000   47581   68.878    0.517
 2 19  1        0    0.000    0.000   47581   45.509    9.137
 2 19  2        0    0.000    0.000   47581   69.450    0.787
 2 19  4        0    0.000    0.000   47581   60.970    1.007
 2 19  5        0    0.000    0.000   47581   70.425    0.603
 2 21  1        0    0.000    0.000   47581   42.924    6.455
 2 21  2        0    0.000    0.000   47581   68.801    0.650
 2 21  4        0    0.000    0.000   47581   63.204    6.745
 2 21  5        0    0.000    0.000   47581   68.115    0.717
 2 23  1        0    0.000    0.000   47581   48.426    5.951
 2 23  2        0    0.000    0.000   47581   67.078    0.618
 2 23  4        0    0.000    0.000   47581   56.766    0.886
 2 23  5        0    0.000    0.000   47581   67.471    0.591
 3  1  4        0    0.000    0.000   47581   61.402    1.499
 3  1  5        0    0.000    0.000   47581   69.758    0.521
 3  2  4        0    0.000    0.000   47581   60.990    0.918
 3  2  5        0    0.000    0.000   47581   70.268    0.584
 3  3  4        0    0.000    0.000   47581   67.642   30.068
 3  3  5        0    0.000    0.000   47581   68.751    2.048
 3  4  4        0    0.000    0.000   47581   65.553   29.819
 3  4  5        0    0.000    0.000   47581   70.160    2.031
 3  5  4        0    0.000    0.000   47581   55.766    1.095
 3  5  5        0    0.000    0.000   47581   68.755    0.558
 3  6  4        0    0.000    0.000   47581   64.779    0.888
 3  6  5        0    0.000    0.000   47581   69.582    0.552
 3  7  4        0    0.000    0.000   47581   65.870    0.911
 3  7  5        0    0.000    0.000   47581   67.692    0.543
 3  8  4        0    0.000    0.000   47581   69.484    0.916
 3  8  5        0    0.000    0.000   47581   69.333    0.656
 3  9  4        0    0.000    0.000   47581   94.964    0.917
 3  9  5        0    0.000    0.000   47581   84.035    0.447
 3 10  4        0    0.000    0.000   47581  102.222    0.915
 3 10  5        0    0.000    0.000   47581   85.607    0.540
 3 11  4        0    0.000    0.000   47581   98.597   12.443
 3 11  5        0    0.000    0.000   47581   88.105    1.047
 3 12  4        0    0.000    0.000   47581  106.905    0.966
 3 12  5        0    0.000    0.000   47581   89.256    0.633
 3 13  4        0    0.000    0.000   47581   95.344    7.267
 3 13  5        0    0.000    0.000   47581   87.932    0.775
 3 14  4        0    0.000    0.000   47581   99.566    0.929
 3 14  5        0    0.000    0.000   47581   87.703    0.570
 3 15  4        0    0.000    0.000   47581  100.069    0.911
 3 15  5        0    0.000    0.000   47581   88.235    0.605
 3 16  4        0    0.000    0.000   47581   92.506    0.894
 3 16  5        0    0.000    0.000   47581   85.692    0.577
 3 17  4        0    0.000    0.000   47581  102.823    0.978
 3 17  5        0    0.000    0.000   47581   82.766    0.571
 3 18  4        0    0.000    0.000   47581  106.168    0.964
 3 18  5        0    0.000    0.000   47581   83.545    0.565
 3 19  4        0    0.000    0.000   47581  104.737    0.978
 3 19  5        0    0.000    0.000   47581   84.787    0.584
 3 20  4        0    0.000    0.000   47581  103.873    1.049
 3 20  5        0    0.000    0.000   47581   83.780    0.579
 3 21  4        0    0.000    0.000   47581  100.953    5.878
 3 21  5        0    0.000    0.000   47581   82.468    0.705
 3 22  4        0    0.000    0.000   47581   95.303    5.866
 3 22  5        0    0.000    0.000   47581   80.581    0.701
 3 23  4        0    0.000    0.000   47581  108.102    0.972
 3 23  5        0    0.000    0.000   47581   82.203    0.596
 3 24  4        0    0.000    0.000   47581  104.602    0.942
 3 24  5        0    0.000    0.000   47581   80.805    0.582
 4  1  1        0    0.000    0.000   47581   41.827    7.473
 4  1  2        0    0.000    0.000   47581   69.128    0.695
 4  1  4        0    0.000    0.000   47581  122.825    1.021
 4  1  5        0    0.000    0.000   47581   84.293    0.603
 4  2  4        0    0.000    0.000   47581  125.119    1.045
 4  2  5        0    0.000    0.000   47581   84.149    0.615
 4  3  1        0    0.000    0.000   47581   38.451    7.340
 4  3  2        0    0.000    0.000   47581   66.546    0.686
 4  3  4        0    0.000    0.000   47581  123.462    1.043
 4  3  5        0    0.000    0.000   47581   82.581    0.603
 4  4  4        0    0.000    0.000   47581  124.786    1.032
 4  4  5        0    0.000    0.000   47581   83.411    0.595
 4  5  1        0    0.000    0.000   47581   39.576    6.415
 4  5  2        0    0.000    0.000   47581   66.513    0.637
 4  5  4        0    0.000    0.000   47581  127.913    1.059
 4  5  5        0    0.000    0.000   47581   83.091    0.622
 4  6  4        0    0.000    0.000   47581  117.252    1.002
 4  6  5        0    0.000    0.000   47581   81.904    0.624
 4  7  1        0    0.000    0.000   47581   35.462    6.366
 4  7  2        0    0.000    0.000   47581   67.461    0.634
 4  7  4        0    0.000    0.000   47581  114.654    1.104
 4  7  5        0    0.000    0.000   47581   83.724    0.617
 4  8  4        0    0.000    0.000   47581  124.511    1.021
 4  8  5        0    0.000    0.000   47581   83.352    0.618
 4  9  1        0    0.000    0.000   47581   58.243    6.565
 4  9  2        0    0.000    0.000   47581   70.005    0.642
 4  9  4        0    0.000    0.000   47581  118.256    5.358
 4  9  5        0    0.000    0.000   47581   82.114    0.706
 4 10  4        0    0.000    0.000   47581  129.495    5.604
 4 10  5        0    0.000    0.000   47581   83.097    0.714
 4 11  1        0    0.000    0.000   47581   57.126    6.405
 4 11  2        0    0.000    0.000   47581   68.825    0.640
 4 11  4        0    0.000    0.000   47581  129.300    2.657
 4 11  5        0    0.000    0.000   47581   82.135    0.627
 4 12  4        0    0.000    0.000   47581  127.678    1.086
 4 12  5        0    0.000    0.000   47581   84.165    0.605
 4 13  1        0    0.000    0.000   47581   55.734    6.618
 4 13  2        0    0.000    0.000   47581   68.477    0.654
 4 13  4        0    0.000    0.000   47581  124.418    1.949
 4 13  5        0    0.000    0.000   47581   82.873    0.638
 4 14  4        0    0.000    0.000   47581  119.247    1.090
 4 14  5        0    0.000    0.000   47581   81.792    0.640
 4 15  1        0    0.000    0.000   47581   55.274    7.417
 4 15  2        0    0.000    0.000   47581   70.266    0.680
 4 15  4        0    0.000    0.000   47581  119.372    1.081
 4 15  5        0    0.000    0.000   47581   82.384    0.626
 4 16  4        0    0.000    0.000   47581  120.706    1.063
 4 16  5        0    0.000    0.000   47581   82.329    0.648
 4 17  1        0    0.000    0.000   47581   56.194    7.324
 4 17  2        0    0.000    0.000   47581   68.300    0.688
 4 17  4        0    0.000    0.000   47581  104.283    0.914
 4 17  5        0    0.000    0.000   47581   70.496    0.614
 4 18  4        0    0.000    0.000   47581   75.581    0.930
 4 18  5        0    0.000    0.000   47581   72.404    0.644
 4 19  1        0    0.000    0.000   47581   54.912    6.705
 4 19  2        0    0.000    0.000   47581   66.494    0.657
 4 19  4        0    0.000    0.000   47581   83.609    0.949
 4 19  5        0    0.000    0.000   47581   72.662    0.676
 4 20  4        0    0.000    0.000   47581   79.756    0.982
 4 20  5        0    0.000    0.000   47581   73.359    0.674
 4 21  1        0    0.000    0.000   47581   53.760    6.185
 4 21  2        0    0.000    0.000   47581   66.479    0.639
 4 21  4        0    0.000    0.000   47581   77.918    0.959
 4 21  5        0    0.000    0.000   47581   73.780    0.666
 4 22  4        0    0.000    0.000   47581   74.331    0.913
 4 22  5        0    0.000    0.000   47581   74.571    0.659
 4 23  1        0    0.000    0.000   47581   45.738    6.212
 4 23  2        0    0.000    0.000   47581   66.648    0.645
 4 23  4        0    0.000    0.000   47581   84.926    0.942
 4 23  5        0    0.000    0.000   47581   74.837    0.645
 4 24  4        0    0.000    0.000   47581   73.383    0.901
 4 24  5        0    0.000    0.000   47581   69.327    0.645
 5  1  4        0    0.000    0.000   47581   94.766    0.969
 5  1  5        0    0.000    0.000   47581   69.280    0.650
 5  2  4        0    0.000    0.000   47581   90.887    2.481
 5  2  5        0    0.000    0.000   47581   69.301    0.670
 5  3  4        0    0.000    0.000   47581   92.001    1.055
 5  3  5        0    0.000    0.000   47581   69.571    0.669
 5  4  4        0    0.000    0.000   47581   94.026    0.981
 5  4  5        0    0.000    0.000   47581   70.819    0.679
 5  5  4        0    0.000    0.000   47581   86.522    0.978
 5  5  5        0    0.000    0.000   47581   72.093    0.675
 5  6  4        0    0.000    0.000   47581   90.193    1.168
 5  6  5        0    0.000    0.000   47581   71.327    0.676
 5  7  4        0    0.000    0.000   47581   76.785    0.939
 5  7  5        0    0.000    0.000   47581   71.783    0.661
 5  8  4        0    0.000    0.000   47581   78.982    0.919
 5  8  5        0    0.000    0.000   47581   68.944    0.645
 5  9  4        0    0.000    0.000   47581   99.449    5.488
 5  9  5        0    0.000    0.000   47581   72.936    0.741
 5 10  4        0    0.000    0.000   47581  100.830    6.500
 5 10  5        0    0.000    0.000   47581   74.429    0.777
 5 11  4        0    0.000    0.000   47581  111.750    1.215
 5 11  5        0    0.000    0.000   47581   84.847    0.660
 5 12  4        0    0.000    0.000   47581   99.606    1.099
 5 12  5        0    0.000    0.000   47581   74.184    0.649
 5 13  4        0    0.000    0.000   47581  104.288    1.084
 5 13  5        0    0.000    0.000   47581   71.367    0.676
 5 14  4        0    0.000    0.000   47581  105.811    1.082
 5 14  5        0    0.000    0.000   47581   73.746    0.665
 5 15  4        0    0.000    0.000   47581   93.125    1.063
 5 15  5        0    0.000    0.000   47581   73.126    0.642
 5 16  4        0    0.000    0.000   47581   97.563    1.056
 5 16  5        0    0.000    0.000   47581   71.854    0.665
 5 17  4        0    0.000    0.000   47581   87.600    1.095
 5 17  5        0    0.000    0.000   47581   73.476    0.671
 5 18  4        0    0.000    0.000   47581   92.277    1.966
 5 18  5        0    0.000    0.000   47581   73.327    0.680
 5 19  4        0    0.000    0.000   47581   93.995    1.181
 5 19  5        0    0.000    0.000   47581   71.128    0.667
 5 20  4        0    0.000    0.000   47581  110.266    1.203
 5 20  5        0    0.000    0.000   47581   73.192    0.669
 5 21  4        0    0.000    0.000   47581   99.535    1.171
 5 21  5        0    0.000    0.000   47581   71.965    0.631
 5 22  4        0    0.000    0.000   47581   82.923    1.126
 5 22  5        0    0.000    0.000   47581   73.973    0.656
 5 23  4        0    0.000    0.000   47581   84.551    1.078
 5 23  5        0    0.000    0.000   47581   76.437    0.663
 5 24  4        0    0.000    0.000   47581   91.123    1.148
 5 24  5        0    0.000    0.000   47581   72.688    0.641
 6  1  1        0    0.000    0.000   47581   51.402    6.787
 6  1  2        0    0.000    0.000   47581   66.918    0.652
 6  1  4        0    0.000    0.000   47581    0.532    0.919
 6  1  5        0    0.000    0.000   47581   17.319    0.502
 6  2  4        0    0.000    0.000   47581   24.080    1.677
 6  2  5        0    0.000    0.000   47581   14.617    0.509
 6  3  1        0    0.000    0.000   47581   67.786    7.331
 6  3  2        0    0.000    0.000   47581   67.455    0.679
 6  3  4        0    0.000    0.000   47581   27.467    6.662
 6  3  5        0    0.000    0.000   47581   13.121    0.687
 6  4  4        0    0.000    0.000   47581   36.976    5.683
 6  4  5        0    0.000    0.000   47581   13.472    0.678
 6  5  1        0    0.000    0.000   47581   61.890    7.375
 6  5  2        0    0.000    0.000   47581   66.596    0.689
 6  5  4        0    0.000    0.000   47581   42.806    1.644
 6  5  5        0    0.000    0.000   47581   13.648    0.559
 6  6  4        0    0.000    0.000   47581   44.813    1.642
 6  6  5        0    0.000    0.000   47581   13.585    0.554
 6  7  1        0    0.000    0.000   47581   67.275    7.315
 6  7  2        0    0.000    0.000   47581   67.043    0.679
 6  7  4        0    0.000    0.000   47581   47.476    1.642
 6  7  5        0    0.000    0.000   47581   14.060    0.543
 6  8  4        0    0.000    0.000   47581   39.903    1.630
 6  8  5        0    0.000    0.000   47581   12.625    0.539
 6  9  1        0    0.000    0.000   47581   62.697    7.296
 6  9  2        0    0.000    0.000   47581   69.042    0.687
 6  9  4        0    0.000    0.000   47581    0.052    0.277
 6  9  5        0    0.000    0.000   47581    4.675    0.536
 6 10  4        0    0.000    0.000   47581   52.038    1.645
 6 10  5        0    0.000    0.000   47581   13.951    0.432
 6 11  1        0    0.000    0.000   47581   67.848    6.513
 6 11  2        0    0.000    0.000   47581   69.360    0.658
 6 11  4        0    0.000    0.000   47581   50.371    1.684
 6 11  5        0    0.000    0.000   47581   15.336    0.515
 6 12  4        0    0.000    0.000   47581   55.167    1.643
 6 12  5        0    0.000    0.000   47581   13.013    0.521
 6 13  1        0    0.000    0.000   47581   56.182    6.948
 6 13  2        0    0.000    0.000   47581   66.695    0.694
 6 13  4        0    0.000    0.000   47581   50.538    5.579
 6 13  5        0    0.000    0.000   47581   13.133    0.653
 6 14  4        0    0.000    0.000   47581   40.119    5.296
 6 14  5        0    0.000    0.000   47581   14.194    0.629
 6 15  1        0    0.000    0.000   47581   55.356    6.704
 6 15  2        0    0.000    0.000   47581   65.725    0.679
 6 15  4        0    0.000    0.000   47581   43.893    1.672
 6 15  5        0    0.000    0.000   47581   12.896    0.518
 6 16  4        0    0.000    0.000   47581   49.027    1.656
 6 16  5        0    0.000    0.000   47581   12.083    0.524
 6 17  1        0    0.000    0.000   47581   92.118    6.582
 6 17  2        0    0.000    0.000   47581   85.283    0.657
 6 17  4        0    0.000    0.000   47581    0.000    0.000
 6 17  5        0    0.000    0.000   47581    0.031    0.174
 6 18  4        0    0.000    0.000   47581   59.986    1.766
 6 18  5        0    0.000    0.000   47581   11.748    0.486
 6 19  1        0    0.000    0.000   47581   92.871    7.167
 6 19  2        0    0.000    0.000   47581   84.625    0.750
 6 19  4        0    0.000    0.000   47581   50.200    1.822
 6 19  5        0    0.000    0.000   47581   12.719    0.509
 6 20  4        0    0.000    0.000   47581   42.033    1.899
 6 20  5        0    0.000    0.000   47581   13.844    0.518
 6 21  1        0    0.000    0.000   47581   87.867    7.016
 6 21  2        0    0.000    0.000   47581   85.338    0.741
 6 21  4        0    0.000    0.000   47581   40.410    1.855
 6 21  5        0    0.000    0.000   47581   13.684    0.551
 6 22  4        0    0.000    0.000   47581   47.293    2.584
 6 22  5        0    0.000    0.000   47581   12.378    0.575
 6 23  1        0    0.000    0.000   47581   93.730    7.630
 6 23  2        0    0.000    0.000   47581   87.369    0.768
 6 23  4        0    0.000    0.000   47581   45.654    2.196
 6 23  5        0    0.000    0.000   47581   10.502    0.557
 6 24  4        0    0.000    0.000   47581   44.488    1.922
 6 24  5        0    0.000    0.000   47581   11.779    0.541
 7  1  4        0    0.000    0.000   47581   62.945    1.863
 7  1  5        0    0.000    0.000   47581   12.538    0.548
 7  2  4        0    0.000    0.000   47581   56.478    1.894
 7  2  5        0    0.000    0.000   47581   14.549    0.538
 7  3  4        0    0.000    0.000   47581   60.690    5.928
 7  3  5        0    0.000    0.000   47581   14.491    0.649
 7  4  4        0    0.000    0.000   47581   53.135    5.966
 7  4  5        0    0.000    0.000   47581   12.754    0.649
 7  5  4        0    0.000    0.000   47581   54.429    1.908
 7  5  5        0    0.000    0.000   47581   11.987    0.514
 7  6  4        0    0.000    0.000   47581   54.838    1.899
 7  6  5        0    0.000    0.000   47581   13.925    0.515
 7  7  4        0    0.000    0.000   47581   46.498    2.137
 7  7  5        0    0.000    0.000   47581   14.037    0.544
 7  8  4        0    0.000    0.000   47581   56.587    1.863
 7  8  5        0    0.000    0.000   47581   14.114    0.547
 7  9  4        0    0.000    0.000   47581   63.690    1.648
 7  9  5        0    0.000    0.000   47581   71.552    0.512
 7 10  4        0    0.000    0.000   47581   69.996    1.684
 7 10  5        0    0.000    0.000   47581   70.645    0.501
 7 11  4        0    0.000    0.000   47581   66.106    1.620
 7 11  5        0    0.000    0.000   47581   69.702    0.499
 7 12  4        0    0.000    0.000   47581   62.105    2.070
 7 12  5        0    0.000    0.000   47581   70.484    0.527
 7 13  4        0    0.000    0.000   47581   66.108    5.823
 7 13  5        0    0.000    0.000   47581   70.137    0.620
 7 14  4        0    0.000    0.000   47581   71.652    7.082
 7 14  5        0    0.000    0.000   47581   71.472    0.670
 7 15  4        0    0.000    0.000   47581   72.516    1.620
 7 15  5        0    0.000    0.000   47581   69.430    0.517
 7 16  4        0    0.000    0.000   47581   83.531    1.696
 7 16  5        0    0.000    0.000   47581   69.730    0.492
 7 17  4        0    0.000    0.000   47581   84.303    1.619
 7 17  5        0    0.000    0.000   47581   70.759    0.490
 7 18  4        0    0.000    0.000   47581   95.573    1.706
 7 18  5        0    0.000    0.000   47581   72.722    0.497
 7 19  4        0    0.000    0.000   47581   88.118    1.657
 7 19  5        0    0.000    0.000   47581   69.735    0.489
 7 20  4        0    0.000    0.000   47581   61.921    1.676
 7 20  5        0    0.000    0.000   47581   65.597    0.509
 7 21  4        0    0.000    0.000   47581   73.149    1.650
 7 21  5        0    0.000    0.000   47581   69.845    0.465
 7 22  4        0    0.000    0.000   47581   70.880    1.628
 7 22  5        0    0.000    0.000   47581   70.866    0.471
 7 23  4        0    0.000    0.000   47581   79.237    1.666
 7 23  5        0    0.000    0.000   47581   70.857    0.466
 7 24  4        0    0.000    0.000   47581   75.838    1.692
 7 24  5        0    0.000    0.000   47581   69.338    0.507
 8  1  1        0    0.000    0.000   47581   92.953   34.199
 8  1  2        0    0.000    0.000   47581   87.279    2.344
 8  1  4        0    0.000    0.000   47581   84.593    2.016
 8  1  5        0    0.000    0.000   47581   71.550    0.522
 8  2  4        0    0.000    0.000   47581   87.839    1.991
 8  2  5        0    0.000    0.000   47581   70.565    0.521
 8  3  1        0    0.000    0.000   47581   95.275   35.131
 8  3  2        0    0.000    0.000   47581   86.654    2.439
 8  3  4        0    0.000    0.000   47581   88.590    2.080
 8  3  5        0    0.000    0.000   47581   70.785    0.497
 8  4  4        0    0.000    0.000   47581   87.025    2.077
 8  4  5        0    0.000    0.000   47581   69.894    0.485
 8  5  1        0    0.000    0.000   47581  105.474   34.673
 8  5  2        0    0.000    0.000   47581   86.875    2.378
 8  5  4        0    0.000    0.000   47581   85.528    2.048
 8  5  5        0    0.000    0.000   47581   69.995    0.479
 8  6  4        0    0.000    0.000   47581   89.713    2.052
 8  6  5        0    0.000    0.000   47581   71.223    0.516
 8  7  1        0    0.000    0.000   47581   97.260   37.253
 8  7  2        0    0.000    0.000   47581   85.099    2.549
 8  7  4        0    0.000    0.000   47581   85.283    5.286
 8  7  5        0    0.000    0.000   47581   69.768    0.601
 8  8  4        0    0.000    0.000   47581   68.085    5.223
 8  8  5        0    0.000    0.000   47581   64.386    0.604
 8  9  1        0    0.000    0.000   47581  104.669   46.206
 8  9  2        0    0.000    0.000   47581   85.704    3.154
 8  9  4        0    0.000    0.000   47581   92.504    2.071
 8  9  5        0    0.000    0.000   47581   70.370    0.524
 8 10  4        0    0.000    0.000   47581   90.539    2.070
 8 10  5        0    0.000    0.000   47581   70.735    0.500
 8 11  1        0    0.000    0.000   47581  100.508   46.842
 8 11  2        0    0.000    0.000   47581   85.134    3.197
 8 11  4        0    0.000    0.000   47581   91.347    2.639
 8 11  5        0    0.000    0.000   47581   70.343    0.530
 8 12  4        0    0.000    0.000   47581   95.608    2.052
 8 12  5        0    0.000    0.000   47581   70.298    0.521
 8 13  1        0    0.000    0.000   47581  105.212   37.031
 8 13  2        0    0.000    0.000   47581   84.261    2.539
 8 13  4        0    0.000    0.000   47581   91.345    2.062
 8 13  5        0    0.000    0.000   47581   71.345    0.525
 8 14  4        0    0.000    0.000   47581   92.233    2.106
 8 14  5        0    0.000    0.000   47581   71.356    0.524
 8 15  1        0    0.000    0.000   47581   91.902   35.583
 8 15  2        0    0.000    0.000   47581   86.481    2.449
 8 15  4        0    0.000    0.000   47581   90.677    2.085
 8 15  5        0    0.000    0.000   47581   71.457    0.532
 8 16  4        0    0.000    0.000   47581  100.625    2.184
 8 16  5        0    0.000    0.000   47581   70.923    0.501
 8 17  1        0    0.000    0.000   47581  100.827   65.216
 8 17  2        0    0.000    0.000   47581   84.819    4.314
 8 17  4        0    0.000    0.000   47581   60.668    5.347
 8 17  5        0    0.000    0.000   47581   74.672    0.647
 8 18  4        0    0.000    0.000   47581   57.348    5.329
 8 18  5        0    0.000    0.000   47581   74.552    0.661
 8 19  1        0    0.000    0.000   47581   96.112   65.924
 8 19  2        0    0.000    0.000   47581   84.198    4.486
 8 19  4        0    0.000    0.000   47581   56.639    2.080
 8 19  5        0    0.000    0.000   47581   76.962    0.584
 8 20  4        0    0.000    0.000   47581   55.898    2.092
 8 20  5        0    0.000    0.000   47581   75.602    0.584
 8 21  1        0    0.000    0.000   47581   94.398   33.605
 8 21  2        0    0.000    0.000   47581   83.941    2.304
 8 21  4        0    0.000    0.000   47581   46.101    2.037
 8 21  5        0    0.000    0.000   47581   76.361    0.588
 8 22  4        0    0.000    0.000   47581   59.906    2.053
 8 22  5        0    0.000    0.000   47581   77.388    0.582
 8 23  1        0    0.000    0.000   47581   93.280   31.696
 8 23  2        0    0.000    0.000   47581   83.881    2.252
 8 23  4        0    0.000    0.000   47581   63.332    5.296
 8 23  5        0    0.000    0.000   47581   75.445    0.659
 8 24  4        0    0.000    0.000   47581   91.938   20.323
 8 24  5        0    0.000    0.000   47581   74.895    1.501
 9  1  4        0    0.000    0.000   47581   69.058    2.066
 9  1  5        0    0.000    0.000   47581   75.851    0.596
 9  2  4        0    0.000    0.000   47581   61.678    2.151
 9  2  5        0    0.000    0.000   47581   77.689    0.593
 9  3  4        0    0.000    0.000   47581   55.402    2.341
 9  3  5        0    0.000    0.000   47581   75.484    0.586
 9  4  4        0    0.000    0.000   47581   66.664    2.117
 9  4  5        0    0.000    0.000   47581   75.734    0.575
 9  5  4        0    0.000    0.000   47581   61.991    2.075
 9  5  5        0    0.000    0.000   47581   76.403    0.584
 9  6  4        0    0.000    0.000   47581   69.883    2.193
 9  6  5        0    0.000    0.000   47581   76.366    0.583
 9  7  4        0    0.000    0.000   47581   55.718    4.088
 9  7  5        0    0.000    0.000   47581   73.175    0.625
 9  8  4        0    0.000    0.000   47581   59.847    5.734
 9  8  5        0    0.000    0.000   47581   76.384    0.680
 9  9  4        0    0.000    0.000   47581   67.406    2.153
 9  9  5        0    0.000    0.000   47581   76.556    0.581
 9 10  4        0    0.000    0.000   47581   71.275    2.138
 9 10  5        0    0.000    0.000   47581   76.136    0.581
 9 11  4        0    0.000    0.000   47581   68.513    2.161
 9 11  5        0    0.000    0.000   47581   76.239    0.585
 9 12  4        0    0.000    0.000   47581   72.287    2.235
 9 12  5        0    0.000    0.000   47581   75.552    0.589
 9 13  4        0    0.000    0.000   47581   66.981    2.171
 9 13  5        0    0.000    0.000   47581   73.684    0.583
 9 14  4        0    0.000    0.000   47581   73.183    2.158
 9 14  5        0    0.000    0.000   47581   73.691    0.583
 9 15  4        0    0.000    0.000   47581   61.777    2.261
 9 15  5        0    0.000    0.000   47581   72.106    0.585
 9 16  4        0    0.000    0.000   47581   67.652    2.139
 9 16  5        0    0.000    0.000   47581   73.076    0.586
 9 17  4        0    0.000    0.000   47581  102.025    5.547
 9 17  5        0    0.000    0.000   47581   72.455    0.675
 9 18  4        0    0.000    0.000   47581   98.125    5.747
 9 18  5        0    0.000    0.000   47581   76.121    0.704
 9 19  4        0    0.000    0.000   47581  108.727    2.132
 9 19  5        0    0.000    0.000   47581   70.426    0.610
 9 20  4        0    0.000    0.000   47581  109.507    2.192
 9 20  5        0    0.000    0.000   47581   74.821    0.620
 9 21  4        0    0.000    0.000   47581  106.844    2.169
 9 21  5        0    0.000    0.000   47581   76.417    0.622
 9 22  4        0    0.000    0.000   47581   76.022    2.163
 9 22  5        0    0.000    0.000   47581   75.704    0.630
 9 23  4        0    0.000    0.000   47581  114.843    5.702
 9 23  5        0    0.000    0.000   47581   71.824    0.691
 9 24  4        0    0.000    0.000   47581  104.073    5.773
 9 24  5        0    0.000    0.000   47581   77.949    0.742
10  1  1        0    0.000    0.000   47581  105.335   34.119
10  1  2        0    0.000    0.000   47581   85.699    2.324
10  2 10        0    0.000    0.000   47581   43.810    6.838
10  2 11        0    0.000    0.000   47581   49.976    0.752
10  2 13        0    0.000    0.000   47581   40.645    2.844
10  2 14        0    0.000    0.000   47581   50.708    0.622
10  3  1        0    0.000    0.000   47581  111.354   29.755
10  3  2        0    0.000    0.000   47581   84.905    2.032
10  5  1        0    0.000    0.000   47581  119.346   32.628
10  5  2        0    0.000    0.000   47581   86.502    2.229
10  7  1        0    0.000    0.000   47581  110.642   32.823
10  7  2        0    0.000    0.000   47581   84.275    2.282
10  9  1        0    0.000    0.000   47581  114.493   38.614
10  9  2        0    0.000    0.000   47581   84.577    2.621
10 11  1        0    0.000    0.000   47581  113.066   40.262
10 11  2        0    0.000    0.000   47581   82.946    2.770
10 13  1        0    0.000    0.000   47581  110.254   32.254
10 13  2        0    0.000    0.000   47581   84.831    2.227
10 15  1        0    0.000    0.000   47581  114.534   30.762
10 15  2        0    0.000    0.000   47581   83.520    2.141
10 17  1        0    0.000    0.000   47581  131.046   30.835
10 17  2        0    0.000    0.000   47581   87.898    2.151
10 19  1        0    0.000    0.000   47581  106.528   31.803
10 19  2        0    0.000    0.000   47581   85.928    2.202
10 21  1        0    0.000    0.000   47581  113.483   31.927
10 21  2        0    0.000    0.000   47581   83.539    2.202
10 23  1        0    0.000    0.000   47581  113.336   30.950
10 23  2        0    0.000    0.000   47581   86.427    2.147
11  2 10        0    0.000    0.000   47581   36.978    6.644
11  2 11        0    0.000    0.000   47581   51.428    0.757
11  2 13        0    0.000    0.000   47581   37.171    3.358
11  2 14        0    0.000    0.000   47581   50.110    0.639
12  1  1        0    0.000    0.000   47581  117.363   20.672
12  1  2        0    0.000    0.000   47581   87.452    1.496
12  2 10        0    0.000    0.000   47581   34.273    6.359
12  2 11        0    0.000    0.000   47581   49.758    0.746
12  2 13        0    0.000    0.000   47581   32.875    3.053
12  2 14        0    0.000    0.000   47581   48.781    0.636
12  3  1        0    0.000    0.000   47581  116.743   31.595
12  3  2        0    0.000    0.000   47581   84.363    2.143
12  5  1        0    0.000    0.000   47581  109.294   22.566
12  5  2        0    0.000    0.000   47581   83.966    1.616
12  7  1        0    0.000    0.000   47581  118.045   32.046
12  7  2        0    0.000    0.000   47581   83.610    2.224
12  9  1        0    0.000    0.000   47581   72.695   29.373
12  9  2        0    0.000    0.000   47581   28.994    2.052
12 11  1        0    0.000    0.000   47581   73.120   55.744
12 11  2        0    0.000    0.000   47581   28.731    4.096
12 13  1        0    0.000    0.000   47581   78.382   34.553
12 13  2        0    0.000    0.000   47581   28.370    2.427
12 15  1        0    0.000    0.000   47581   66.295   28.309
12 15  2        0    0.000    0.000   47581   30.636    2.027
12 17  1        0    0.000    0.000   47581   71.446   33.253
12 17  2        0    0.000    0.000   47581   28.072    2.364
12 19  1        0    0.000    0.000   47581   78.799   33.947
12 19  2        0    0.000    0.000   47581   29.149    2.404
12 21  1        0    0.000    0.000   47581   75.847   31.214
12 21  2        0    0.000    0.000   47581   27.482    2.184
12 23  1        0    0.000    0.000   47581   64.949   31.666
12 23  2        0    0.000    0.000   47581   29.087    2.227
13  1  1        0    0.000    0.000   47581   73.244   53.772
13  1  2        0    0.000    0.000   47581   29.090    3.725
13  4  1        0    0.000    0.000   47581   80.481   84.329
13  4  2        0    0.000    0.000   47581   28.711    6.569
13  4 10        0    0.000    0.000   47581   19.424    7.089
13  4 11        0    0.000    0.000   47581   49.040    0.785
13  4 13        0    0.000    0.000   47581   27.804    2.896
13  4 14        0    0.000    0.000   47581   47.746    0.623
13  7  1        0    0.000    0.000   47581   82.952   85.770
13  7  2        0    0.000    0.000   47581   27.076    6.601
13 10  1        0    0.000    0.000   47581   86.345   86.293
13 10  2        0    0.000    0.000   47581   26.781    6.676
13 13  1        0    0.000    0.000   47581   89.349   87.214
13 13  2        0    0.000    0.000   47581   28.658    6.582
13 16  1        0    0.000    0.000   47581   81.016   43.009
13 16  2        0    0.000    0.000   47581   29.396    3.050
13 19  1        0    0.000    0.000   47581   17.329   22.495
13 19  2        0    0.000    0.000   47581   26.899    2.370
13 22  1        0    0.000    0.000   47581   69.059   31.881
13 22  2        0    0.000    0.000   47581   29.143    2.249
14  1  1        0    0.000    0.000   47581   97.052   92.815
14  1  2        0    0.000    0.000   47581   27.801    6.572
14  3  1        0    0.000    0.000   47581   77.948   82.695
14  3  2        0    0.000    0.000   47581   28.570    5.638
14  3 10        0    0.000    0.000   47581   21.970    6.656
14  3 11        0    0.000    0.000   47581   48.239    0.746
14  3 13        0    0.000    0.000   47581   27.691    3.141
14  3 14        0    0.000    0.000   47581   47.207    0.625
14  5  1        0    0.000    0.000   47581   89.781   90.655
14  5  2        0    0.000    0.000   47581   27.144    6.376
14  7  1        0    0.000    0.000   47581   81.972   91.981
14  7  2        0    0.000    0.000   47581   26.949    6.377
14  9  1        0    0.000    0.000   47581   88.284   98.302
14  9  2        0    0.000    0.000   47581   25.026    7.326
14 11  1        0    0.000    0.000   47581  122.933   47.612
14 11  2        0    0.000    0.000   47581   29.262    3.299
14 13  1        0    0.000    0.000   47581   89.095   46.043
14 13  2        0    0.000    0.000   47581   25.158    3.201
14 15  1        0    0.000    0.000   47581   86.542   35.573
14 15  2        0    0.000    0.000   47581   22.253    2.487
15  3 10        0    0.000    0.000   47581   20.387    7.998
15  3 11        0    0.000    0.000   47581   48.130    0.805
15  3 13        0    0.000    0.000   47581   34.755    3.504
15  3 14        0    0.000    0.000   47581   45.602    0.635
16  1  1        0    0.000    0.000   47581  100.299   82.347
16  1  2        0    0.000    0.000   47581   28.816    5.686
16  2  1        0    0.000    0.000   47581   96.110   80.227
16  2  2        0    0.000    0.000   47581   25.207    5.477
16  2 10        0    0.000    0.000   47581   23.905    9.406
16  2 11        0    0.000    0.000   47581   47.139    0.869
16  2 13        0    0.000    0.000   47581   29.272    3.037
16  2 14        0    0.000    0.000   47581   47.291    0.631
16  3  1        0    0.000    0.000   47581   87.985   70.399
16  3  2        0    0.000    0.000   47581   25.827    4.842
16  4  1        0    0.000    0.000   47581   98.464   69.393
16  4  2        0    0.000    0.000   47581   26.049    4.762
16  5  1        0    0.000    0.000   47581   85.757   55.677
16  5  2        0    0.000    0.000   47581   26.796    3.869
16  6  1        0    0.000    0.000   47581   90.729   46.057
16  6  2        0    0.000    0.000   47581   25.934    3.189
16  7  1        0    0.000    0.000   47581   90.612   57.846
16  7  2        0    0.000    0.000   47581   23.554    3.940
16  8  1        0    0.000    0.000   47581   96.778   43.665
16  8  2        0    0.000    0.000   47581   20.833    3.008
17  2 10        0    0.000    0.000   47581   22.416    6.108
17  2 11        0    0.000    0.000   47581   47.536    0.722
17  2 13        0    0.000    0.000   47581   46.582    3.223
17  2 14        0    0.000    0.000   47581   47.905    0.632
18  3  4        0    0.000    0.000   47581   49.489    1.412
18  3  5        0    0.000    0.000   47581   47.609    0.593
18  4  4        0    0.000    0.000   47581   60.011    0.909
18  4  5        0    0.000    0.000   47581   48.078    0.614
18  5  4        0    0.000    0.000   47581   27.436    0.924
18  5  5        0    0.000    0.000   47581   48.962    0.646
18  6  4        0    0.000    0.000   47581   16.704    0.985
18  6  5        0    0.000    0.000   47581   49.581    0.625
18  7  4        0    0.000    0.000   47581   23.728    1.280
18  7  5        0    0.000    0.000   47581   48.225    0.608
18  8  4        0    0.000    0.000   47581   30.582    2.468
18  8  5        0    0.000    0.000   47581   46.980    0.622
18  9  4        0    0.000    0.000   47581   13.961    4.773
18  9  5        0    0.000    0.000   47581   50.158    0.687
18 10  4        0    0.000    0.000   47581   19.382    4.597
18 10  5        0    0.000    0.000   47581   48.574    0.669
