Run 7645  18-APR-01 14:09:04 
Total    3981 ev.  Physical       0 ev.
-------------------------------------------------------------
 c  m  t   n_phys ave_phys sig_phys  n_gene ave_gene sig_gene
-------------------------------------------------------------
 1  1  4        0    0.000    0.000    3981   54.867    0.910
 1  1  5        0    0.000    0.000    3981   69.166    0.467
 1  2  4        0    0.000    0.000    3981   55.820    0.865
 1  2  5        0    0.000    0.000    3981   72.519    0.589
 1  3  4        0    0.000    0.000    3981   94.427    0.875
 1  3  5        0    0.000    0.000    3981   81.719    0.506
 1  4  4        0    0.000    0.000    3981   61.791    0.943
 1  4  5        0    0.000    0.000    3981   73.614    0.542
 1  5  4        0    0.000    0.000    3981   51.303    0.931
 1  5  5        0    0.000    0.000    3981   68.993    0.539
 1  6  4        0    0.000    0.000    3981   52.772    0.868
 1  6  5        0    0.000    0.000    3981   68.961    0.520
 1  7  4        0    0.000    0.000    3981   63.622    0.849
 1  7  5        0    0.000    0.000    3981   69.085    0.561
 1  8  4        0    0.000    0.000    3981   55.594    0.589
 1  8  5        0    0.000    0.000    3981   69.746    0.499
 1  9  4        0    0.000    0.000    3981   61.720    0.850
 1  9  5        0    0.000    0.000    3981   70.651    0.512
 1 10  4        0    0.000    0.000    3981   72.556    0.892
 1 10  5        0    0.000    0.000    3981   68.565    0.553
 1 11  4        0    0.000    0.000    3981   56.595    0.910
 1 11  5        0    0.000    0.000    3981   69.048    0.565
 1 12  4        0    0.000    0.000    3981   55.454    0.959
 1 12  5        0    0.000    0.000    3981   70.430    0.601
 2  1  1        0    0.000    0.000    3981   32.827    7.292
 2  1  2        0    0.000    0.000    3981   69.207    0.651
 2  1  4        0    0.000    0.000    3981   69.012    0.881
 2  1  5        0    0.000    0.000    3981   70.682    0.499
 2  3  1        0    0.000    0.000    3981   34.597   19.893
 2  3  2        0    0.000    0.000    3981   69.889    1.529
 2  3  4        0    0.000    0.000    3981   51.492    7.588
 2  3  5        0    0.000    0.000    3981   74.264    0.764
 2  5  1        0    0.000    0.000    3981   29.389    6.463
 2  5  2        0    0.000    0.000    3981   69.162    0.634
 2  5  4        0    0.000    0.000    3981   56.969    0.895
 2  5  5        0    0.000    0.000    3981   72.854    0.571
 2  7  1        0    0.000    0.000    3981   39.576    7.166
 2  7  2        0    0.000    0.000    3981   67.703    0.671
 2  7  4        0    0.000    0.000    3981   55.985    0.896
 2  7  5        0    0.000    0.000    3981   72.729    0.506
 2  9  1        0    0.000    0.000    3981   30.307    6.594
 2  9  2        0    0.000    0.000    3981   68.551    0.657
 2  9  4        0    0.000    0.000    3981   57.445    0.852
 2  9  5        0    0.000    0.000    3981   68.948    0.519
 2 11  1        0    0.000    0.000    3981   28.877    7.183
 2 11  2        0    0.000    0.000    3981   69.434    0.671
 2 11  4        0    0.000    0.000    3981   62.345    0.855
 2 11  5        0    0.000    0.000    3981   70.354    0.592
 2 13  1        0    0.000    0.000    3981   39.539    6.866
 2 13  2        0    0.000    0.000    3981   68.793    0.656
 2 13  4        0    0.000    0.000    3981   58.923   10.934
 2 13  5        0    0.000    0.000    3981   69.470    0.909
 2 15  1        0    0.000    0.000    3981   27.047    7.131
 2 15  2        0    0.000    0.000    3981   69.795    0.671
 2 15  4        0    0.000    0.000    3981   47.193    1.270
 2 15  5        0    0.000    0.000    3981   69.645    0.524
 2 17  1        0    0.000    0.000    3981   55.745    6.908
 2 17  2        0    0.000    0.000    3981   68.211    0.644
 2 17  4        0    0.000    0.000    3981   66.316    0.859
 2 17  5        0    0.000    0.000    3981   69.481    0.564
 2 19  1        0    0.000    0.000    3981   53.936    9.840
 2 19  2        0    0.000    0.000    3981   69.282    0.832
 2 19  4        0    0.000    0.000    3981   62.047    0.893
 2 19  5        0    0.000    0.000    3981   70.893    0.562
 2 21  1        0    0.000    0.000    3981   51.198    6.360
 2 21  2        0    0.000    0.000    3981   68.817    0.653
 2 21  4        0    0.000    0.000    3981   64.453    5.575
 2 21  5        0    0.000    0.000    3981   68.817    0.653
 2 23  1        0    0.000    0.000    3981   56.313    9.688
 2 23  2        0    0.000    0.000    3981   66.906    0.817
 2 23  4        0    0.000    0.000    3981   58.005    0.779
 2 23  5        0    0.000    0.000    3981   67.968    0.552
 3  1  4        0    0.000    0.000    3981   62.373    0.866
 3  1  5        0    0.000    0.000    3981   70.298    0.580
 3  2  4        0    0.000    0.000    3981   62.125    0.860
 3  2  5        0    0.000    0.000    3981   70.779    0.502
 3  3  4        0    0.000    0.000    3981   68.366   10.606
 3  3  5        0    0.000    0.000    3981   69.312    0.877
 3  4  4        0    0.000    0.000    3981   66.468   10.406
 3  4  5        0    0.000    0.000    3981   70.685    0.879
 3  5  4        0    0.000    0.000    3981   56.765    0.847
 3  5  5        0    0.000    0.000    3981   69.302    0.602
 3  6  4        0    0.000    0.000    3981   65.942    0.825
 3  6  5        0    0.000    0.000    3981   70.058    0.556
 3  7  4        0    0.000    0.000    3981   66.908    0.847
 3  7  5        0    0.000    0.000    3981   68.219    0.622
 3  8  4        0    0.000    0.000    3981   70.626    0.867
 3  8  5        0    0.000    0.000    3981   69.825    0.586
 3  9  4        0    0.000    0.000    3981   92.131    0.777
 3  9  5        0    0.000    0.000    3981   83.950    0.399
 3 10  4        0    0.000    0.000    3981   99.424    0.791
 3 10  5        0    0.000    0.000    3981   85.548    0.515
 3 11  4        0    0.000    0.000    3981   95.640    1.784
 3 11  5        0    0.000    0.000    3981   88.019    0.610
 3 12  4        0    0.000    0.000    3981  104.007    0.802
 3 12  5        0    0.000    0.000    3981   89.218    0.603
 3 13  4        0    0.000    0.000    3981   92.459    1.794
 3 13  5        0    0.000    0.000    3981   87.853    0.560
 3 14  4        0    0.000    0.000    3981   96.857    0.786
 3 14  5        0    0.000    0.000    3981   87.666    0.512
 3 15  4        0    0.000    0.000    3981   97.246    0.788
 3 15  5        0    0.000    0.000    3981   88.183    0.566
 3 16  4        0    0.000    0.000    3981   89.768    0.769
 3 16  5        0    0.000    0.000    3981   85.655    0.520
 3 17  4        0    0.000    0.000    3981   99.963    0.833
 3 17  5        0    0.000    0.000    3981   82.705    0.513
 3 18  4        0    0.000    0.000    3981  103.149    0.797
 3 18  5        0    0.000    0.000    3981   83.495    0.542
 3 19  4        0    0.000    0.000    3981  101.842    0.795
 3 19  5        0    0.000    0.000    3981   84.725    0.523
 3 20  4        0    0.000    0.000    3981  100.756    0.796
 3 20  5        0    0.000    0.000    3981   83.718    0.519
 3 21  4        0    0.000    0.000    3981   97.919    5.437
 3 21  5        0    0.000    0.000    3981   82.510    0.652
 3 22  4        0    0.000    0.000    3981   92.752    5.509
 3 22  5        0    0.000    0.000    3981   80.560    0.656
 3 23  4        0    0.000    0.000    3981  105.305    0.807
 3 23  5        0    0.000    0.000    3981   82.125    0.561
 3 24  4        0    0.000    0.000    3981  101.706    0.786
 3 24  5        0    0.000    0.000    3981   80.756    0.530
 4  1  1        0    0.000    0.000    3981   50.468    7.367
 4  1  2        0    0.000    0.000    3981   68.953    0.686
 4  1  4        0    0.000    0.000    3981  119.591    0.807
 4  1  5        0    0.000    0.000    3981   84.204    0.580
 4  2  4        0    0.000    0.000    3981  121.891    0.804
 4  2  5        0    0.000    0.000    3981   84.063    0.571
 4  3  1        0    0.000    0.000    3981   47.031    7.443
 4  3  2        0    0.000    0.000    3981   66.361    0.695
 4  3  4        0    0.000    0.000    3981  120.306    0.809
 4  3  5        0    0.000    0.000    3981   82.488    0.551
 4  4  4        0    0.000    0.000    3981  121.648    0.809
 4  4  5        0    0.000    0.000    3981   83.337    0.558
 4  5  1        0    0.000    0.000    3981   47.912    6.513
 4  5  2        0    0.000    0.000    3981   66.325    0.650
 4  5  4        0    0.000    0.000    3981  125.316    0.813
 4  5  5        0    0.000    0.000    3981   82.936    0.590
 4  6  4        0    0.000    0.000    3981  114.110    0.805
 4  6  5        0    0.000    0.000    3981   81.823    0.587
 4  7  1        0    0.000    0.000    3981   44.018    6.349
 4  7  2        0    0.000    0.000    3981   67.298    0.629
 4  7  4        0    0.000    0.000    3981  111.815    0.840
 4  7  5        0    0.000    0.000    3981   83.631    0.557
 4  8  4        0    0.000    0.000    3981  121.886    0.808
 4  8  5        0    0.000    0.000    3981   83.277    0.592
 4  9  1        0    0.000    0.000    3981   66.797    6.636
 4  9  2        0    0.000    0.000    3981   69.768    0.645
 4  9  4        0    0.000    0.000    3981  115.182    5.168
 4  9  5        0    0.000    0.000    3981   82.638    0.661
 4 10  4        0    0.000    0.000    3981  126.254    5.377
 4 10  5        0    0.000    0.000    3981   83.062    0.664
 4 11  1        0    0.000    0.000    3981   65.232    6.442
 4 11  2        0    0.000    0.000    3981   68.588    0.644
 4 11  4        0    0.000    0.000    3981  125.810    0.890
 4 11  5        0    0.000    0.000    3981   82.066    0.572
 4 12  4        0    0.000    0.000    3981  124.540    0.806
 4 12  5        0    0.000    0.000    3981   84.093    0.577
 4 13  1        0    0.000    0.000    3981   64.050    6.681
 4 13  2        0    0.000    0.000    3981   68.239    0.657
 4 13  4        0    0.000    0.000    3981  121.309    1.890
 4 13  5        0    0.000    0.000    3981   82.781    0.604
 4 14  4        0    0.000    0.000    3981  115.921    0.801
 4 14  5        0    0.000    0.000    3981   81.677    0.587
 4 15  1        0    0.000    0.000    3981   63.483    7.519
 4 15  2        0    0.000    0.000    3981   70.050    0.680
 4 15  4        0    0.000    0.000    3981  116.196    0.816
 4 15  5        0    0.000    0.000    3981   82.285    0.583
 4 16  4        0    0.000    0.000    3981  117.437    0.809
 4 16  5        0    0.000    0.000    3981   82.221    0.629
 4 17  1        0    0.000    0.000    3981   64.502    8.099
 4 17  2        0    0.000    0.000    3981   68.073    0.723
 4 17  4        0    0.000    0.000    3981  103.789    0.824
 4 17  5        0    0.000    0.000    3981   70.822    0.547
 4 18  4        0    0.000    0.000    3981   75.097    0.863
 4 18  5        0    0.000    0.000    3981   72.686    0.580
 4 19  1        0    0.000    0.000    3981   63.025    6.682
 4 19  2        0    0.000    0.000    3981   66.239    0.649
 4 19  4        0    0.000    0.000    3981   83.079    0.857
 4 19  5        0    0.000    0.000    3981   73.000    0.635
 4 20  4        0    0.000    0.000    3981   79.582    0.865
 4 20  5        0    0.000    0.000    3981   73.690    0.610
 4 21  1        0    0.000    0.000    3981   61.844    6.200
 4 21  2        0    0.000    0.000    3981   66.262    0.644
 4 21  4        0    0.000    0.000    3981   77.358    0.860
 4 21  5        0    0.000    0.000    3981   74.044    0.627
 4 22  4        0    0.000    0.000    3981   73.845    0.840
 4 22  5        0    0.000    0.000    3981   74.863    0.595
 4 23  1        0    0.000    0.000    3981   53.991    6.261
 4 23  2        0    0.000    0.000    3981   66.433    0.639
 4 23  4        0    0.000    0.000    3981   84.441    0.824
 4 23  5        0    0.000    0.000    3981   75.178    0.604
 4 24  4        0    0.000    0.000    3981   72.965    0.865
 4 24  5        0    0.000    0.000    3981   69.680    0.578
 5  1  4        0    0.000    0.000    3981   94.253    0.854
 5  1  5        0    0.000    0.000    3981   69.601    0.571
 5  2  4        0    0.000    0.000    3981   90.236    2.596
 5  2  5        0    0.000    0.000    3981   69.652    0.617
 5  3  4        0    0.000    0.000    3981   91.277    0.919
 5  3  5        0    0.000    0.000    3981   69.876    0.609
 5  4  4        0    0.000    0.000    3981   93.312    0.840
 5  4  5        0    0.000    0.000    3981   71.126    0.618
 5  5  4        0    0.000    0.000    3981   85.820    0.844
 5  5  5        0    0.000    0.000    3981   72.413    0.625
 5  6  4        0    0.000    0.000    3981   89.896    1.012
 5  6  5        0    0.000    0.000    3981   71.631    0.610
 5  7  4        0    0.000    0.000    3981   76.225    0.859
 5  7  5        0    0.000    0.000    3981   72.103    0.600
 5  8  4        0    0.000    0.000    3981   78.446    0.838
 5  8  5        0    0.000    0.000    3981   69.109    0.592
 5  9  4        0    0.000    0.000    3981   98.497    5.384
 5  9  5        0    0.000    0.000    3981   73.418    0.682
 5 10  4        0    0.000    0.000    3981   99.949    6.373
 5 10  5        0    0.000    0.000    3981   74.783    0.719
 5 11  4        0    0.000    0.000    3981  110.363    0.939
 5 11  5        0    0.000    0.000    3981   84.875    0.576
 5 12  4        0    0.000    0.000    3981   98.730    0.873
 5 12  5        0    0.000    0.000    3981   74.464    0.575
 5 13  4        0    0.000    0.000    3981  103.583    0.876
 5 13  5        0    0.000    0.000    3981   71.636    0.622
 5 14  4        0    0.000    0.000    3981  105.157    0.838
 5 14  5        0    0.000    0.000    3981   74.026    0.599
 5 15  4        0    0.000    0.000    3981   92.199    0.825
 5 15  5        0    0.000    0.000    3981   73.427    0.581
 5 16  4        0    0.000    0.000    3981   96.767    0.840
 5 16  5        0    0.000    0.000    3981   72.097    0.574
 5 17  4        0    0.000    0.000    3981   86.755    0.830
 5 17  5        0    0.000    0.000    3981   73.788    0.604
 5 18  4        0    0.000    0.000    3981   91.398    1.964
 5 18  5        0    0.000    0.000    3981   73.597    0.621
 5 19  4        0    0.000    0.000    3981   93.049    0.862
 5 19  5        0    0.000    0.000    3981   71.429    0.589
 5 20  4        0    0.000    0.000    3981  110.221    0.885
 5 20  5        0    0.000    0.000    3981   73.397    0.599
 5 21  4        0    0.000    0.000    3981   98.747    0.858
 5 21  5        0    0.000    0.000    3981   72.233    0.544
 5 22  4        0    0.000    0.000    3981   82.108    0.847
 5 22  5        0    0.000    0.000    3981   74.238    0.560
 5 23  4        0    0.000    0.000    3981   83.809    0.846
 5 23  5        0    0.000    0.000    3981   76.703    0.608
 5 24  4        0    0.000    0.000    3981   90.303    0.868
 5 24  5        0    0.000    0.000    3981   73.014    0.559
 6  1  1        0    0.000    0.000    3981   59.506    6.991
 6  1  2        0    0.000    0.000    3981   66.672    0.668
 6  1  4        0    0.000    0.000    3981    0.141    0.467
 6  1  5        0    0.000    0.000    3981   16.824    0.425
 6  2  4        0    0.000    0.000    3981   22.681    1.570
 6  2  5        0    0.000    0.000    3981   14.034    0.379
 6  3  1        0    0.000    0.000    3981   75.880    7.580
 6  3  2        0    0.000    0.000    3981   67.208    0.692
 6  3  4        0    0.000    0.000    3981   26.607    6.136
 6  3  5        0    0.000    0.000    3981   12.676    0.645
 6  4  4        0    0.000    0.000    3981   35.700    5.581
 6  4  5        0    0.000    0.000    3981   12.933    0.661
 6  5  1        0    0.000    0.000    3981   69.912    7.434
 6  5  2        0    0.000    0.000    3981   66.312    0.696
 6  5  4        0    0.000    0.000    3981   41.620    1.549
 6  5  5        0    0.000    0.000    3981   13.087    0.540
 6  6  4        0    0.000    0.000    3981   43.390    1.536
 6  6  5        0    0.000    0.000    3981   13.023    0.502
 6  7  1        0    0.000    0.000    3981   75.711    7.546
 6  7  2        0    0.000    0.000    3981   66.743    0.698
 6  7  4        0    0.000    0.000    3981   46.615    1.525
 6  7  5        0    0.000    0.000    3981   13.499    0.532
 6  8  4        0    0.000    0.000    3981   38.782    1.544
 6  8  5        0    0.000    0.000    3981   12.101    0.511
 6  9  1        0    0.000    0.000    3981   70.890    7.515
 6  9  2        0    0.000    0.000    3981   68.807    0.706
 6  9  4        0    0.000    0.000    3981    0.003    0.055
 6  9  5        0    0.000    0.000    3981    3.947    0.483
 6 10  4        0    0.000    0.000    3981   50.811    1.540
 6 10  5        0    0.000    0.000    3981   13.389    0.507
 6 11  1        0    0.000    0.000    3981   76.189    6.618
 6 11  2        0    0.000    0.000    3981   69.128    0.667
 6 11  4        0    0.000    0.000    3981   48.912    1.514
 6 11  5        0    0.000    0.000    3981   14.839    0.435
 6 12  4        0    0.000    0.000    3981   53.870    1.549
 6 12  5        0    0.000    0.000    3981   12.503    0.530
 6 13  1        0    0.000    0.000    3981   64.066    6.926
 6 13  2        0    0.000    0.000    3981   66.413    0.698
 6 13  4        0    0.000    0.000    3981   49.310    5.555
 6 13  5        0    0.000    0.000    3981   12.631    0.628
 6 14  4        0    0.000    0.000    3981   38.731    5.246
 6 14  5        0    0.000    0.000    3981   13.639    0.613
 6 15  1        0    0.000    0.000    3981   63.479    7.208
 6 15  2        0    0.000    0.000    3981   65.463    0.698
 6 15  4        0    0.000    0.000    3981   42.660    1.555
 6 15  5        0    0.000    0.000    3981   12.363    0.533
 6 16  4        0    0.000    0.000    3981   47.821    1.548
 6 16  5        0    0.000    0.000    3981   11.565    0.526
 6 17  1        0    0.000    0.000    3981   91.674    6.882
 6 17  2        0    0.000    0.000    3981   87.349    0.646
 6 17  4        0    0.000    0.000    3981    0.000    0.000
 6 17  5        0    0.000    0.000    3981    0.000    0.000
 6 18  4        0    0.000    0.000    3981   58.455    1.631
 6 18  5        0    0.000    0.000    3981   11.126    0.408
 6 19  1        0    0.000    0.000    3981   92.691    7.277
 6 19  2        0    0.000    0.000    3981   86.293    0.742
 6 19  4        0    0.000    0.000    3981   48.869    1.661
 6 19  5        0    0.000    0.000    3981   12.103    0.434
 6 20  4        0    0.000    0.000    3981   40.154    1.654
 6 20  5        0    0.000    0.000    3981   13.324    0.526
 6 21  1        0    0.000    0.000    3981   87.718    7.353
 6 21  2        0    0.000    0.000    3981   86.993    0.747
 6 21  4        0    0.000    0.000    3981   38.901    1.769
 6 21  5        0    0.000    0.000    3981   13.075    0.516
 6 22  4        0    0.000    0.000    3981   45.694    2.801
 6 22  5        0    0.000    0.000    3981   11.795    0.540
 6 23  1        0    0.000    0.000    3981   93.322    7.880
 6 23  2        0    0.000    0.000    3981   89.033    0.761
 6 23  4        0    0.000    0.000    3981   43.978    2.368
 6 23  5        0    0.000    0.000    3981    9.915    0.503
 6 24  4        0    0.000    0.000    3981   43.004    1.934
 6 24  5        0    0.000    0.000    3981   11.223    0.532
 7  1  4        0    0.000    0.000    3981   61.442    1.634
 7  1  5        0    0.000    0.000    3981   12.095    0.474
 7  2  4        0    0.000    0.000    3981   54.912    1.673
 7  2  5        0    0.000    0.000    3981   13.964    0.437
 7  3  4        0    0.000    0.000    3981   59.037    5.856
 7  3  5        0    0.000    0.000    3981   13.873    0.615
 7  4  4        0    0.000    0.000    3981   51.478    5.766
 7  4  5        0    0.000    0.000    3981   12.144    0.623
 7  5  4        0    0.000    0.000    3981   52.963    1.765
 7  5  5        0    0.000    0.000    3981   11.374    0.528
 7  6  4        0    0.000    0.000    3981   53.245    1.679
 7  6  5        0    0.000    0.000    3981   13.307    0.520
 7  7  4        0    0.000    0.000    3981   45.131    1.944
 7  7  5        0    0.000    0.000    3981   13.450    0.539
 7  8  4        0    0.000    0.000    3981   55.336    1.711
 7  8  5        0    0.000    0.000    3981   13.560    0.535
 7  9  4        0    0.000    0.000    3981   62.399    1.611
 7  9  5        0    0.000    0.000    3981   70.392    0.494
 7 10  4        0    0.000    0.000    3981   69.092    1.656
 7 10  5        0    0.000    0.000    3981   69.509    0.502
 7 11  4        0    0.000    0.000    3981   64.921    1.596
 7 11  5        0    0.000    0.000    3981   68.598    0.494
 7 12  4        0    0.000    0.000    3981   60.817    1.758
 7 12  5        0    0.000    0.000    3981   69.339    0.486
 7 13  4        0    0.000    0.000    3981   64.798    5.855
 7 13  5        0    0.000    0.000    3981   69.014    0.574
 7 14  4        0    0.000    0.000    3981   70.292    7.184
 7 14  5        0    0.000    0.000    3981   70.348    0.644
 7 15  4        0    0.000    0.000    3981   71.205    1.611
 7 15  5        0    0.000    0.000    3981   68.284    0.465
 7 16  4        0    0.000    0.000    3981   82.540    1.691
 7 16  5        0    0.000    0.000    3981   68.622    0.486
 7 17  4        0    0.000    0.000    3981   83.035    1.580
 7 17  5        0    0.000    0.000    3981   69.629    0.486
 7 18  4        0    0.000    0.000    3981   94.176    1.673
 7 18  5        0    0.000    0.000    3981   71.607    0.491
 7 19  4        0    0.000    0.000    3981   87.084    1.642
 7 19  5        0    0.000    0.000    3981   68.617    0.488
 7 20  4        0    0.000    0.000    3981   60.643    1.658
 7 20  5        0    0.000    0.000    3981   64.458    0.503
 7 21  4        0    0.000    0.000    3981   71.765    1.642
 7 21  5        0    0.000    0.000    3981   68.755    0.439
 7 22  4        0    0.000    0.000    3981   69.913    1.633
 7 22  5        0    0.000    0.000    3981   69.764    0.436
 7 23  4        0    0.000    0.000    3981   77.824    1.647
 7 23  5        0    0.000    0.000    3981   69.765    0.431
 7 24  4        0    0.000    0.000    3981   75.848    1.623
 7 24  5        0    0.000    0.000    3981   68.183    0.417
 8  1  1        0    0.000    0.000    3981   92.314   34.434
 8  1  2        0    0.000    0.000    3981   88.941    2.347
 8  1  4        0    0.000    0.000    3981   82.997    1.960
 8  1  5        0    0.000    0.000    3981   70.361    0.489
 8  2  4        0    0.000    0.000    3981   86.432    1.955
 8  2  5        0    0.000    0.000    3981   69.357    0.489
 8  3  1        0    0.000    0.000    3981   94.287   45.423
 8  3  2        0    0.000    0.000    3981   88.313    3.113
 8  3  4        0    0.000    0.000    3981   86.983    1.993
 8  3  5        0    0.000    0.000    3981   69.643    0.482
 8  4  4        0    0.000    0.000    3981   85.417    2.008
 8  4  5        0    0.000    0.000    3981   68.760    0.437
 8  5  1        0    0.000    0.000    3981  105.635   34.536
 8  5  2        0    0.000    0.000    3981   88.548    2.356
 8  5  4        0    0.000    0.000    3981   83.723    1.985
 8  5  5        0    0.000    0.000    3981   68.865    0.380
 8  6  4        0    0.000    0.000    3981   88.166    2.002
 8  6  5        0    0.000    0.000    3981   70.033    0.350
 8  7  1        0    0.000    0.000    3981   97.744   48.144
 8  7  2        0    0.000    0.000    3981   86.824    3.246
 8  7  4        0    0.000    0.000    3981   83.672    5.325
 8  7  5        0    0.000    0.000    3981   68.601    0.556
 8  8  4        0    0.000    0.000    3981   66.562    5.260
 8  8  5        0    0.000    0.000    3981   63.262    0.548
 8  9  1        0    0.000    0.000    3981  104.232   46.248
 8  9  2        0    0.000    0.000    3981   87.312    3.146
 8  9  4        0    0.000    0.000    3981   91.006    1.980
 8  9  5        0    0.000    0.000    3981   69.141    0.401
 8 10  4        0    0.000    0.000    3981   89.124    1.999
 8 10  5        0    0.000    0.000    3981   69.557    0.499
 8 11  1        0    0.000    0.000    3981  100.541   54.888
 8 11  2        0    0.000    0.000    3981   86.795    3.682
 8 11  4        0    0.000    0.000    3981   89.820    2.374
 8 11  5        0    0.000    0.000    3981   69.133    0.419
 8 12  4        0    0.000    0.000    3981   94.163    1.945
 8 12  5        0    0.000    0.000    3981   69.058    0.362
 8 13  1        0    0.000    0.000    3981  105.699   47.894
 8 13  2        0    0.000    0.000    3981   85.950    3.191
 8 13  4        0    0.000    0.000    3981   89.893    1.995
 8 13  5        0    0.000    0.000    3981   70.110    0.383
 8 14  4        0    0.000    0.000    3981   90.682    1.988
 8 14  5        0    0.000    0.000    3981   70.140    0.405
 8 15  1        0    0.000    0.000    3981   90.872   35.843
 8 15  2        0    0.000    0.000    3981   88.110    2.458
 8 15  4        0    0.000    0.000    3981   89.321    1.998
 8 15  5        0    0.000    0.000    3981   70.222    0.449
 8 16  4        0    0.000    0.000    3981   99.166    2.050
 8 16  5        0    0.000    0.000    3981   69.784    0.437
 8 17  1        0    0.000    0.000    3981   99.354   67.641
 8 17  2        0    0.000    0.000    3981   86.421    4.460
 8 17  4        0    0.000    0.000    3981   62.070    5.194
 8 17  5        0    0.000    0.000    3981   74.532    0.592
 8 18  4        0    0.000    0.000    3981   58.729    5.381
 8 18  5        0    0.000    0.000    3981   74.529    0.614
 8 19  1        0    0.000    0.000    3981   96.498   66.056
 8 19  2        0    0.000    0.000    3981   85.905    4.468
 8 19  4        0    0.000    0.000    3981   57.947    2.029
 8 19  5        0    0.000    0.000    3981   76.831    0.490
 8 20  4        0    0.000    0.000    3981   57.215    2.057
 8 20  5        0    0.000    0.000    3981   75.499    0.538
 8 21  1        0    0.000    0.000    3981   94.283   43.394
 8 21  2        0    0.000    0.000    3981   85.633    2.907
 8 21  4        0    0.000    0.000    3981   47.302    2.009
 8 21  5        0    0.000    0.000    3981   76.237    0.527
 8 22  4        0    0.000    0.000    3981   61.198    2.044
 8 22  5        0    0.000    0.000    3981   77.253    0.531
 8 23  1        0    0.000    0.000    3981   92.900   31.823
 8 23  2        0    0.000    0.000    3981   85.554    2.252
 8 23  4        0    0.000    0.000    3981   64.682    5.282
 8 23  5        0    0.000    0.000    3981   75.341    0.611
 8 24  4        0    0.000    0.000    3981   93.630    5.685
 8 24  5        0    0.000    0.000    3981   74.804    0.629
 9  1  4        0    0.000    0.000    3981   69.477    1.987
 9  1  5        0    0.000    0.000    3981   75.718    0.513
 9  2  4        0    0.000    0.000    3981   62.816    2.155
 9  2  5        0    0.000    0.000    3981   77.551    0.534
 9  3  4        0    0.000    0.000    3981   57.205    2.259
 9  3  5        0    0.000    0.000    3981   75.339    0.541
 9  4  4        0    0.000    0.000    3981   67.803    2.102
 9  4  5        0    0.000    0.000    3981   75.604    0.520
 9  5  4        0    0.000    0.000    3981   63.118    2.030
 9  5  5        0    0.000    0.000    3981   76.259    0.527
 9  6  4        0    0.000    0.000    3981   70.988    2.147
 9  6  5        0    0.000    0.000    3981   76.209    0.522
 9  7  4        0    0.000    0.000    3981   56.807    5.726
 9  7  5        0    0.000    0.000    3981   73.024    0.629
 9  8  4        0    0.000    0.000    3981   61.469    5.717
 9  8  5        0    0.000    0.000    3981   76.235    0.635
 9  9  4        0    0.000    0.000    3981   68.216    2.039
 9  9  5        0    0.000    0.000    3981   76.400    0.529
 9 10  4        0    0.000    0.000    3981   72.605    2.065
 9 10  5        0    0.000    0.000    3981   75.931    0.479
 9 11  4        0    0.000    0.000    3981   69.636    2.071
 9 11  5        0    0.000    0.000    3981   76.080    0.498
 9 12  4        0    0.000    0.000    3981   73.386    2.134
 9 12  5        0    0.000    0.000    3981   75.230    0.513
 9 13  4        0    0.000    0.000    3981   68.095    2.095
 9 13  5        0    0.000    0.000    3981   73.517    0.527
 9 14  4        0    0.000    0.000    3981   74.528    2.102
 9 14  5        0    0.000    0.000    3981   73.522    0.529
 9 15  4        0    0.000    0.000    3981   62.879    2.263
 9 15  5        0    0.000    0.000    3981   71.935    0.492
 9 16  4        0    0.000    0.000    3981   68.648    2.080
 9 16  5        0    0.000    0.000    3981   72.912    0.506
 9 17  4        0    0.000    0.000    3981  102.925    5.426
 9 17  5        0    0.000    0.000    3981   72.269    0.607
 9 18  4        0    0.000    0.000    3981   98.972    5.716
 9 18  5        0    0.000    0.000    3981   75.962    0.655
 9 19  4        0    0.000    0.000    3981  109.856    2.079
 9 19  5        0    0.000    0.000    3981   70.216    0.536
 9 20  4        0    0.000    0.000    3981  110.516    2.113
 9 20  5        0    0.000    0.000    3981   74.631    0.555
 9 21  4        0    0.000    0.000    3981  108.003    2.053
 9 21  5        0    0.000    0.000    3981   76.196    0.555
 9 22  4        0    0.000    0.000    3981   77.021    2.052
 9 22  5        0    0.000    0.000    3981   75.507    0.561
 9 23  4        0    0.000    0.000    3981  116.712    5.651
 9 23  5        0    0.000    0.000    3981   71.610    0.632
 9 24  4        0    0.000    0.000    3981  105.166    5.713
 9 24  5        0    0.000    0.000    3981   77.783    0.683
10  1  1        0    0.000    0.000    3981  104.985   35.624
10  1  2        0    0.000    0.000    3981   87.325    2.414
10  2 10        0    0.000    0.000    3981   45.415    6.806
10  2 11        0    0.000    0.000    3981   51.073    0.690
10  2 13        0    0.000    0.000    3981   41.850    2.770
10  2 14        0    0.000    0.000    3981   51.810    0.521
10  3  1        0    0.000    0.000    3981  111.467   31.148
10  3  2        0    0.000    0.000    3981   86.588    2.110
10  5  1        0    0.000    0.000    3981  119.688   33.080
10  5  2        0    0.000    0.000    3981   88.162    2.234
10  7  1        0    0.000    0.000    3981  109.922   34.288
10  7  2        0    0.000    0.000    3981   85.913    2.370
10  9  1        0    0.000    0.000    3981  114.544   39.355
10  9  2        0    0.000    0.000    3981   86.144    2.666
10 11  1        0    0.000    0.000    3981  113.118   41.550
10 11  2        0    0.000    0.000    3981   84.479    2.824
10 13  1        0    0.000    0.000    3981  108.914   35.064
10 13  2        0    0.000    0.000    3981   86.409    2.377
10 15  1        0    0.000    0.000    3981  113.961   31.208
10 15  2        0    0.000    0.000    3981   85.123    2.174
10 17  1        0    0.000    0.000    3981  130.623   32.568
10 17  2        0    0.000    0.000    3981   89.528    2.253
10 19  1        0    0.000    0.000    3981  105.586   31.870
10 19  2        0    0.000    0.000    3981   87.510    2.193
10 21  1        0    0.000    0.000    3981  112.346   32.537
10 21  2        0    0.000    0.000    3981   85.130    2.238
10 23  1        0    0.000    0.000    3981  112.698   31.181
10 23  2        0    0.000    0.000    3981   88.062    2.147
11  2 10        0    0.000    0.000    3981   38.624    6.823
11  2 11        0    0.000    0.000    3981   52.549    0.690
11  2 13        0    0.000    0.000    3981   38.175    3.241
11  2 14        0    0.000    0.000    3981   51.216    0.556
12  1  1        0    0.000    0.000    3981  117.108   20.771
12  1  2        0    0.000    0.000    3981   89.091    1.487
12  2 10        0    0.000    0.000    3981   35.741    6.330
12  2 11        0    0.000    0.000    3981   50.832    0.667
12  2 13        0    0.000    0.000    3981   34.339    2.954
12  2 14        0    0.000    0.000    3981   49.926    0.534
12  3  1        0    0.000    0.000    3981  115.374   31.871
12  3  2        0    0.000    0.000    3981   85.952    2.154
12  5  1        0    0.000    0.000    3981  108.549   22.779
12  5  2        0    0.000    0.000    3981   85.603    1.617
12  7  1        0    0.000    0.000    3981  117.424   32.907
12  7  2        0    0.000    0.000    3981   85.206    2.256
12  9  1        0    0.000    0.000    3981   72.593   30.009
12  9  2        0    0.000    0.000    3981   29.245    2.085
12 11  1        0    0.000    0.000    3981   72.742   57.903
12 11  2        0    0.000    0.000    3981   28.953    4.251
12 13  1        0    0.000    0.000    3981   77.843   35.404
12 13  2        0    0.000    0.000    3981   28.617    2.466
12 15  1        0    0.000    0.000    3981   66.714   28.705
12 15  2        0    0.000    0.000    3981   30.962    2.036
12 17  1        0    0.000    0.000    3981   71.832   34.138
12 17  2        0    0.000    0.000    3981   28.354    2.404
12 19  1        0    0.000    0.000    3981   79.245   34.375
12 19  2        0    0.000    0.000    3981   29.449    2.432
12 21  1        0    0.000    0.000    3981   75.593   32.029
12 21  2        0    0.000    0.000    3981   27.781    2.219
12 23  1        0    0.000    0.000    3981   64.443   32.433
12 23  2        0    0.000    0.000    3981   29.344    2.277
13  1  1        0    0.000    0.000    3981   72.283   54.359
13  1  2        0    0.000    0.000    3981   29.294    3.774
13  4  1        0    0.000    0.000    3981   81.536   85.577
13  4  2        0    0.000    0.000    3981   29.085    6.652
13  4 10        0    0.000    0.000    3981   20.960    6.776
13  4 11        0    0.000    0.000    3981   50.184    0.679
13  4 13        0    0.000    0.000    3981   29.222    2.907
13  4 14        0    0.000    0.000    3981   48.899    0.535
13  7  1        0    0.000    0.000    3981   82.650   86.070
13  7  2        0    0.000    0.000    3981   27.422    6.599
13 10  1        0    0.000    0.000    3981   87.055   85.918
13 10  2        0    0.000    0.000    3981   27.257    6.634
13 13  1        0    0.000    0.000    3981   90.272   87.120
13 13  2        0    0.000    0.000    3981   29.050    6.584
13 16  1        0    0.000    0.000    3981   80.802   42.700
13 16  2        0    0.000    0.000    3981   29.699    3.028
13 19  1        0    0.000    0.000    3981   17.192   22.835
13 19  2        0    0.000    0.000    3981   27.229    2.405
13 22  1        0    0.000    0.000    3981   68.956   32.462
13 22  2        0    0.000    0.000    3981   29.472    2.285
14  1  1        0    0.000    0.000    3981   95.759   94.696
14  1  2        0    0.000    0.000    3981   28.016    6.699
14  3  1        0    0.000    0.000    3981   79.017   82.755
14  3  2        0    0.000    0.000    3981   28.943    5.633
14  3 10        0    0.000    0.000    3981   23.601    6.707
14  3 11        0    0.000    0.000    3981   49.388    0.683
14  3 13        0    0.000    0.000    3981   29.304    3.160
14  3 14        0    0.000    0.000    3981   48.351    0.560
14  5  1        0    0.000    0.000    3981   89.179   90.546
14  5  2        0    0.000    0.000    3981   27.425    6.364
14  7  1        0    0.000    0.000    3981   82.232   91.286
14  7  2        0    0.000    0.000    3981   27.240    6.359
14  9  1        0    0.000    0.000    3981   88.380   98.624
14  9  2        0    0.000    0.000    3981   25.336    7.363
14 11  1        0    0.000    0.000    3981  121.899   47.522
14 11  2        0    0.000    0.000    3981   29.464    3.269
14 13  1        0    0.000    0.000    3981   88.387   46.768
14 13  2        0    0.000    0.000    3981   25.365    3.233
14 15  1        0    0.000    0.000    3981   85.479   37.179
14 15  2        0    0.000    0.000    3981   22.459    2.587
15  3 10        0    0.000    0.000    3981   21.848    8.024
15  3 11        0    0.000    0.000    3981   49.248    0.750
15  3 13        0    0.000    0.000    3981   36.407    3.428
15  3 14        0    0.000    0.000    3981   46.711    0.539
16  1  1        0    0.000    0.000    3981  101.633   83.587
16  1  2        0    0.000    0.000    3981   29.191    5.777
16  2  1        0    0.000    0.000    3981   93.103   78.430
16  2  2        0    0.000    0.000    3981   25.246    5.354
16  2 10        0    0.000    0.000    3981   70.589  136.578
16  2 11        0    0.000    0.000    3981   48.467   11.017
16  2 13        0    0.000    0.000    3981   30.406    3.017
16  2 14        0    0.000    0.000    3981   48.414    0.552
16  3  1        0    0.000    0.000    3981   87.428   71.981
16  3  2        0    0.000    0.000    3981   26.023    4.922
16  4  1        0    0.000    0.000    3981   97.364   71.752
16  4  2        0    0.000    0.000    3981   26.236    4.912
16  5  1        0    0.000    0.000    3981   85.893   54.740
16  5  2        0    0.000    0.000    3981   27.062    3.791
16  6  1        0    0.000    0.000    3981   90.665   51.799
16  6  2        0    0.000    0.000    3981   26.175    3.563
16  7  1        0    0.000    0.000    3981   89.779   58.294
16  7  2        0    0.000    0.000    3981   23.715    3.976
16  8  1        0    0.000    0.000    3981   97.025   43.868
16  8  2        0    0.000    0.000    3981   21.064    2.996
17  2 10        0    0.000    0.000    3981   24.324    6.235
17  2 11        0    0.000    0.000    3981   48.731    0.660
17  2 13        0    0.000    0.000    3981   47.637    3.055
17  2 14        0    0.000    0.000    3981   49.001    0.533
18  3  4        0    0.000    0.000    3981   50.912    1.396
18  3  5        0    0.000    0.000    3981   48.664    0.517
18  4  4        0    0.000    0.000    3981   61.578    0.867
18  4  5        0    0.000    0.000    3981   49.203    0.543
18  5  4        0    0.000    0.000    3981   28.959    0.866
18  5  5        0    0.000    0.000    3981   50.091    0.575
18  6  4        0    0.000    0.000    3981   18.356    0.926
18  6  5        0    0.000    0.000    3981   50.739    0.528
18  7  4        0    0.000    0.000    3981   25.337    1.244
18  7  5        0    0.000    0.000    3981   49.361    0.551
18  8  4        0    0.000    0.000    3981   32.512    2.415
18  8  5        0    0.000    0.000    3981   48.080    0.527
18  9  4        0    0.000    0.000    3981   15.565    4.739
18  9  5        0    0.000    0.000    3981   51.303    0.617
18 10  4        0    0.000    0.000    3981   22.070    4.543
18 10  5        0    0.000    0.000    3981   49.726    0.598
