###########################################################
#$Id: pied_csi_e416a.dat,v 1.1 2006/03/20 01:13:45 franklan Exp $
#Piédestaux pour CsI, manip E416a
#Extraits du run 1005
#Chaque spectre fitté avec une gaussienne
#Format du fichier:
# nom_du_parametre moyenne erreur_sur_moyenne largeur erreur_sur_moyenne chi_square NDF
###########################################################
CSI_0101_R 12.3587 0.0070058 0.0980493 0.0047908 44 0
CSI_0101_L 32.5364 0.00408085 0.564466 0.00275135 1 1
CSI_0102_R 22.3294 0.0143788 0.154776 0.0128691 1 -1
CSI_0102_L 39.6095 0.00429823 0.595222 0.00319577 1 1
CSI_0103_R 19.3425 0.0116995 0.134134 0.00982412 12 0
CSI_0103_L 40.4602 0.00377942 0.505919 0.00218144 1 1
CSI_0104_R 22.2774 0.0448568 0.450378 0.0363738 1 0
CSI_0104_L 38.2669 0.0036123 0.497023 0.002584 1 1
CSI_0105_R 19.7586 0.0423039 0.475373 0.0415758 1 0
CSI_0105_L 37.9816 0.00212338 0.366299 0.00714348 117.919 2
CSI_0106_R 21.3273 0.0132878 0.149653 0.0113569 1 -1
CSI_0106_L 36.7885 0.00405191 0.566909 0.0033585 1 1
CSI_0107_R 16.2627 0.0353672 0.355763 0.0239311 1 0
CSI_0107_L 34.8963 0.00317812 0.47675 0.00365897 1 1
CSI_0108_R 15.2725 0.00942782 0.280463 0.0047666 1 0
CSI_0108_L 34.0273 0.00247123 0.398659 0.00514795 41.1259 2
CSI_0109_R 16.2506 0.0419449 0.459845 0.0384272 1 0
CSI_0109_L 33.6897 0.00367121 0.499259 0.00242944 1 1
CSI_0110_R 15.2671 0.0353786 0.342337 0.0226656 1 0
CSI_0110_L 31.6658 0.00368495 0.496766 0.00233677 1 1
CSI_0111_R 12.3647 0.00569491 0.0863802 0.00355628 1 -1
CSI_0111_L 34.0208 0.00261222 0.323784 0.0170418 1 1
CSI_0112_R 9.41319 0.003894 0.0572423 0.00250682 1 -1
CSI_0112_L 25.854 0.00374613 0.381644 0.00428229 1 1
CSI_0201_R 20.3409 0.0123946 0.138665 0.0106492 1 -1
CSI_0201_L 42.2933 0.00416302 0.382275 0.00243095 1 1
CSI_0203_R 23.3032 0.0159297 0.201698 0.00610337 1 0
CSI_0203_L 44.8032 0.432845 0.586086 0.629638 1 0
CSI_0205_R 22.7319 0.352483 0.258931 0.168426 1 0
CSI_0205_L 43.0796 0.00474668 0.336036 0.00951776 1 1
CSI_0207_R 24.3342 0.0165045 0.163729 0.0161076 1 -1
CSI_0207_L 46.7813 0.476389 0.58236 0.620315 1 0
CSI_0209_R 21.3273 0.0132878 0.149653 0.0113569 1 -1
CSI_0209_L 40.62 0.00392271 0.399409 0.00186161 1 1
CSI_0211_R 22.3294 0.0143788 0.154776 0.0128691 1 -1
CSI_0211_L 45.4106 0.00370743 0.487009 0.0020957 1 1
CSI_0213_R 17.3483 0.00969004 0.119564 0.00750992 1 -1
CSI_0213_L 39.9511 0.00508221 0.317097 0.0159173 1 1
CSI_0215_R 17.3483 0.00969004 0.119564 0.00750992 1 -1
CSI_0215_L 37.2494 0.0490052 0.521902 0.0511865 1 0
CSI_0217_R 17.0427 0.0125307 0.562473 0.0773869 1 0
CSI_0217_L 37.3653 0.00372048 0.426633 0.00193404 1 1
CSI_0219_R 15.3517 0.00802488 0.107443 0.00570599 1 -1
CSI_0219_L 37.8196 0.421849 0.566626 0.645315 1 0
CSI_0221_R 10.3895 0.0047504 0.0713402 0.00300187 6 0
CSI_0221_L 30.694 0.0433275 0.353634 0.0250311 1 0
CSI_0223_R 9.41359 0.00391457 0.057269 0.00253349 2 0
CSI_0223_L 9.39221 0.00421614 0.0663318 0.0025386 8 0
CSI_0301_R 16.6548 0.0100107 0.123419 0.00812863 52 0
CSI_0301_L 36.0826 0.0257386 0.602591 0.0920949 1 0
CSI_0302_R 22.2785 0.036837 0.330664 0.0218654 1 0
CSI_0302_L 40.9015 0.288238 0.616107 0.862863 1 0
CSI_0303_R 24.3342 0.0165045 0.163729 0.0161076 1 -1
CSI_0303_L 42.7432 0.733335 0.541214 0.743895 1 0
CSI_0304_R 25.3302 0.017691 0.171633 0.0176773 1 -1
CSI_0304_L 44.0587 0.0214897 0.641821 0.113298 1 0
CSI_0305_R 21.3273 0.0132878 0.149653 0.0113569 1 -1
CSI_0305_L 39.6229 0.00392016 0.541385 0.00260407 1 1
CSI_0306_R 23.2414 0.0431534 0.482984 0.0430992 1 0
CSI_0306_L 41.2092 0.0482927 0.56219 0.0646991 1 0
CSI_0307_R 25.3015 0.0192185 0.220534 0.00733313 1 0
CSI_0307_L 42.716 0.0035874 0.439885 0.00231399 1 1
CSI_0308_R 25.3129 0.016623 0.199537 0.00638849 1 0
CSI_0308_L 44.8794 0.316312 0.624491 0.790777 1 0
CSI_0309_R 21.2909 0.0185692 0.224077 0.0073711 1 0
CSI_0309_L 42.673 0.0558964 0.492462 0.0420452 1 0
CSI_0310_R 23.3317 0.0154534 0.159491 0.0144603 1 -1
CSI_0310_L 44.1781 0.0469379 0.592613 0.0777634 1 0
CSI_0311_R 22.7119 0.0327237 0.295638 0.0168066 1 0
CSI_0311_L 44.6994 0.0556944 0.52052 0.0481669 1 0
CSI_0312_R 21.3273 0.0132878 0.149653 0.0113569 1 -1
CSI_0312_L 41.8705 0.333136 0.607636 0.755972 1 0
CSI_0313_R 16.723 0.0285916 0.285618 0.014758 1 0
CSI_0313_L 37.5054 0.00383715 0.40978 0.00165094 1 1
CSI_0314_R 18.2684 0.0346411 0.331292 0.0213727 1 0
CSI_0314_L 40.7904 0.441485 0.561666 0.579133 1 0
CSI_0315_R 17.3483 0.00969004 0.119564 0.00750992 1 -1
CSI_0315_L 39.3217 0.0415807 0.272248 0.0632233 1 -1
CSI_0316_R 15.3517 0.00802488 0.107443 0.00570599 1 -1
CSI_0316_L 35.7326 1.26343 0.506029 1.0749 1 0
CSI_0317_R 17.3483 0.00969004 0.119564 0.00750992 1 -1
CSI_0317_L 35.0821 0.00618588 0.321654 0.0118174 1 1
CSI_0318_R 45.3449 0.0603231 0.308394 0.119604 1 -1
CSI_0318_L 63.7689 0.00383465 0.396558 0.00286389 1 1
CSI_0319_R 17.2408 0.0415758 0.469647 0.0404798 1 0
CSI_0319_L 34.1355 0.00932536 0.309442 0.0105287 1 1
CSI_0320_R 17.3483 0.00969004 0.119564 0.00750992 1 -1
CSI_0320_L 35.7189 0.00558207 0.341559 0.00320045 1 1
CSI_0321_R 11.3837 0.00518805 0.0764735 0.00333685 1 -1
CSI_0321_L 28.1982 0.041502 0.523617 0.0546515 1 0
CSI_0322_R 10.3904 0.00459906 0.0698835 0.00286583 1 -1
CSI_0322_L 28.855 0.392282 0.554394 0.72341 1 0
CSI_0323_R 11.3837 0.00518805 0.0764735 0.00333685 1 -1
CSI_0323_L 32.2214 0.0103464 0.303257 0.00699102 1 1
CSI_0324_R 11.3797 0.00560169 0.08081 0.00368931 2 0
CSI_0324_L 29.4327 0.0056677 0.326161 0.00199926 1 1
CSI_0401_R 25.3302 0.017691 0.171633 0.0176773 1 -1
CSI_0401_L 37.8802 0.323466 0.595878 0.775737 1 0
CSI_0402_R 28.3215 0.0215151 0.194335 0.0232037 1 -1
CSI_0402_L 41.2108 0.0034328 0.471422 0.00278709 1 1
CSI_0403_R 20.2861 0.0288574 0.277784 0.0140353 1 0
CSI_0403_L 0.5 386.61 1 1.36241 9.19786e-17 -2
CSI_0404_R 31.3204 0.0258742 0.214203 0.0306034 1 -1
CSI_0404_L 42.9348 0.00443597 0.333642 0.0107149 1 1
CSI_0405_R 27.3228 0.0201971 0.187496 0.0211495 1 -1
CSI_0405_L 38.0893 0.0280092 0.607803 0.093802 1 0
CSI_0406_R 31.3254 0.501404 0.391436 0.298098 1 0
CSI_0406_L 40.0302 0.0119053 0.631952 0.11014 1 0
CSI_0407_R 31.3204 0.0258742 0.214203 0.0306034 1 -1
CSI_0407_L 42.7763 0.00850057 0.313586 0.00584222 1 1
CSI_0408_R 29.2474 0.0372023 0.309459 0.0105396 1 0
CSI_0408_L 41.7208 0.0531437 0.522277 0.0496264 1 0
CSI_0409_R 29.7054 0.034553 0.297637 0.0174689 1 0
CSI_0409_L 40.4237 0.00411619 0.382436 0.0017271 1 1
CSI_0410_R 30.2684 7611.38 0.268501 1.50168 1.03706 0
CSI_0410_L 39.8748 0.3286 0.601384 0.762708 1 0
CSI_0411_R 30.3204 0.0243534 0.207655 0.027916 1 -1
CSI_0411_L 39.2821 0.00355687 0.462934 0.00236768 1 1
CSI_0412_R 31.3108 0.0252561 0.240581 0.00992302 1 0
CSI_0412_L 40.1075 0.00347269 0.3777 0.00521715 1 1
CSI_0413_R 26.6896 0.0477346 0.426324 0.0327582 1 0
CSI_0413_L 35.6843 0.0520574 0.468898 0.0386202 1 0
CSI_0414_R 26.2915 0.0369102 0.314034 0.019887 1 0
CSI_0414_L 36.7621 0.605221 0.529003 0.652782 1 0
CSI_0415_R 25.2822 0.0385214 0.345489 0.0235731 1 0
CSI_0415_L 34.8403 0.0075287 0.321376 0.00742675 1 1
CSI_0416_R 27.3228 0.0201971 0.187496 0.0211495 1 -1
CSI_0416_L 36.8258 0.00752934 0.321751 0.00680761 1 1
CSI_0417_R 24.3342 0.0165045 0.163729 0.0161076 1 -1
CSI_0417_L 34.1448 0.0128905 0.295952 0.0130975 1 1
CSI_0418_R 23.7165 0.00737636 0.256169 0.00332669 1 0
CSI_0418_L 35.1413 0.03733 0.57569 0.0755407 1 0
CSI_0419_R 24.3342 0.0165045 0.163729 0.0161076 1 -1
CSI_0419_L 35.8432 0.384912 0.571577 0.681012 1 0
CSI_0420_R 21.3273 0.0132878 0.149653 0.0113569 1 -1
CSI_0420_L 31.183 0.0411441 0.541123 0.0605862 1 0
CSI_0421_R 16.9957 0.00466987 0.569718 0.0812417 1 0
CSI_0421_L 26.1329 0.0328847 0.551674 0.0677601 1 0
CSI_0422_R 19.3404 0.0114521 0.133414 0.00942887 1 -1
CSI_0422_L 29.8851 0.339713 0.570526 0.807057 1 0
CSI_0501_R 22.3321 0.0146988 0.155521 0.0134492 16 0
CSI_0501_L 47.3292 0.00579615 0.333969 0.00276265 1 1
CSI_0502_R 27.3228 0.0201971 0.187496 0.0211495 1 -1
CSI_0502_L 47.8952 0.00337567 0.38075 0.00515629 1 1
CSI_0503_R 30.3204 0.0243534 0.207655 0.027916 1 -1
CSI_0503_L 55.2102 0.0581306 0.628484 0.0865968 1 0
CSI_0504_R 30.2986 0.034856 0.294504 0.0172057 1 0
CSI_0504_L 55.1229 0.00318909 0.407454 0.00407611 1 1
CSI_0505_R 27.3228 0.0201971 0.187496 0.0211495 1 -1
CSI_0505_L 52.0683 0.00687645 0.312586 0.0154447 1 1
CSI_0506_R 31.3204 0.0258742 0.214203 0.0306034 1 -1
CSI_0506_L 57.0222 0.0121924 0.714698 0.159629 1 0
CSI_0507_R 30.3204 0.0243534 0.207655 0.027916 1 -1
CSI_0507_L 55.574 0.00571852 0.32553 0.00204565 1 1
CSI_0508_R 30.6961 0.0411484 0.322044 0.0218056 1 0
CSI_0508_L 54.9935 0.00748187 0.706638 0.154891 1 0
CSI_0509_R 26.7045 0.0300449 0.274347 0.0139867 1 0
CSI_0509_L 49.7202 0.836105 0.55785 0.800232 1 0
CSI_0510_R 27.7056 0.0476449 0.453917 0.0366923 1 0
CSI_0510_L 50.795 0.432831 0.609789 0.630151 1 0
CSI_0511_R 29.3205 0.0228845 0.201173 0.0254302 1 -1
CSI_0511_L 52.8513 0.363113 0.650445 0.771035 1 0
CSI_0512_R 24.2859 0.00746641 0.235917 0.00317643 1 0
CSI_0512_L 47.6142 0.00645716 0.317656 0.00249391 1 1
CSI_0513_R 23.3112 0.889106 0.392442 0.537405 1 0
CSI_0513_L 47.0028 0.00627446 0.667282 0.130492 1 0
CSI_0514_R 22.3294 0.0143788 0.154776 0.0128691 1 -1
CSI_0514_L 46.8265 0.00427896 0.368702 0.00415531 1 1
CSI_0515_R 25.2658 0.0452109 0.470094 0.0399211 1 0
CSI_0515_L 46.9495 0.345458 0.657281 3.09821 1 0
CSI_0516_R 23.313 0.0143937 0.184003 0.00686416 1 0
CSI_0516_L 47.025 0.0113859 0.663326 0.127576 1 0
CSI_0517_R 23.1421 0.0334716 0.539979 0.0631982 1 0
CSI_0517_L 46.3165 1.40619 0.513674 1.04277 1 0
CSI_0518_R 21.2828 0.0180331 0.226422 0.00739169 1 0
CSI_0518_L 44.6413 0.00393945 0.397759 0.00195345 1 1
CSI_0519_R 21.3273 0.0132878 0.149653 0.0113569 1 -1
CSI_0519_L 44.7133 0.0551104 0.530001 0.0508636 1 0
CSI_0520_R 20.3409 0.0123946 0.138665 0.0106492 1 -1
CSI_0520_L 44.536 0.00373477 0.430545 0.00172996 1 1
CSI_0521_R 17.7258 0.0257532 0.273142 0.0128538 1 0
CSI_0521_L 40.2192 0.0485401 0.552278 0.0609982 1 0
CSI_0522_R 15.3513 0.00807312 0.107935 0.00575231 3 0
CSI_0522_L 38.8829 0.0106938 0.301769 0.0136757 1 1
CSI_0603_R 35.322 0.0328538 0.240813 0.0441204 1 -1
CSI_0603_L 47.9007 0.286044 0.646686 0.892951 1 0
CSI_0604_R 35.318 0.486863 0.32719 0.247749 1 0
CSI_0604_L 47.7729 0.497751 0.582039 0.623482 1 0
CSI_0605_R 29.213 0.0431115 0.517819 0.0522757 1 0
CSI_0605_L 41.7002 0.0102582 0.296593 0.00496295 1 1
CSI_0606_R 32.6916 0.0319764 0.27022 0.014058 1 0
CSI_0606_L 45.3337 0.00384527 0.406082 0.00206283 1 1
CSI_0607_R 33.3207 0.0291665 0.227507 0.0367292 1 -1
CSI_0607_L 45.0809 0.0283408 0.639617 0.109844 1 0
CSI_0608_R 31.3204 0.0258742 0.214203 0.0306034 1 -1
CSI_0608_L 45.0956 0.00363484 0.365559 0.0061316 1 1
CSI_0609_R 28.2974 0.0386323 0.31604 0.0205316 1 0
CSI_0609_L 38.9102 0.00662588 0.319833 0.011548 1 1
CSI_0610_R 30.3204 0.0243534 0.207655 0.027916 1 -1
CSI_0610_L 40.7442 0.00499624 0.354493 0.00323167 1 1
CSI_0611_R 30.6844 0.0462086 0.384165 0.0281081 1 0
CSI_0611_L 40.9386 0.0214132 0.62817 0.106087 1 0
CSI_0612_R 31.3097 0.00179669 0.243468 0.00192752 1 0
CSI_0612_L 43.7069 0.00520323 0.348355 0.00288774 1 1
CSI_0613_R 26.2956 0.00868686 0.250687 0.00379078 1 0
CSI_0613_L 36.8951 0.0065056 0.324004 0.00980908 1 1
CSI_0614_R 27.3228 0.0201971 0.187496 0.0211495 1 -1
CSI_0614_L 40.1217 0.0359673 0.603158 0.0883315 1 0
CSI_0615_R 26.3282 0.0189 0.178503 0.0194293 1 -1
CSI_0615_L 37.7942 0.0109175 0.301416 0.00790795 1 1
CSI_0616_R 23.3317 0.0154534 0.159491 0.0144603 1 -1
CSI_0616_L 34.8339 0.405241 0.563343 0.667539 1 0
CSI_0619_R 24.3342 0.0165045 0.163729 0.0161076 1 -1
CSI_0619_L 38.2821 0.0512832 0.503993 0.0457476 1 0
CSI_0620_R 24.2936 0.00170957 0.281865 0.00169747 1 0
CSI_0620_L 37.969 0.219041 0.623864 2.90621 1 0
CSI_0621_R 20.3409 0.0123946 0.138665 0.0106492 1 -1
CSI_0621_L 30.4575 0.00389111 0.402491 0.00166384 1 1
CSI_0622_R 19.3404 0.0114521 0.133414 0.00942887 1 -1
CSI_0622_L 30.7834 0.00691212 0.326921 0.00506266 1 1
CSI_0623_R 19.7341 0.090405 0.197719 0.0336835 1 0
CSI_0623_L 32.1844 0.0416845 0.543541 0.0611967 1 0
CSI_0624_R 19.0912 0.0237623 0.552076 0.0708334 1 0
CSI_0624_L 32.156 0.0383033 0.558518 0.0682054 1 0
CSI_0703_R 25.3302 0.017691 0.171633 0.0176773 1 -1
CSI_0703_L 40.8851 0.310967 0.609781 0.795332 1 0
CSI_0704_R 26.3282 0.0189 0.178503 0.0194293 1 -1
CSI_0704_L 40.3572 0.0036448 0.452981 0.00203646 1 1
CSI_0705_R 22.2845 0.010295 0.240764 0.00432977 1 0
CSI_0705_L 36.854 0.00845294 0.314499 0.00897604 1 1
CSI_0706_R 27.1267 0.0321618 0.557068 0.0701154 1 0
CSI_0706_L 43.3633 0.00364814 0.454615 0.00202416 1 1
CSI_0707_R 25.3302 0.017691 0.171633 0.0176773 1 -1
CSI_0707_L 39.8415 0.377634 0.58589 0.678617 1 0
CSI_0708_R 25.2916 0.0286436 0.271399 0.0133668 1 0
CSI_0708_L 40.2718 0.0035814 0.435721 0.0023814 1 1
CSI_0709_R 23.313 0.0143937 0.184003 0.00686416 1 0
CSI_0709_L 40.2933 0.00391484 0.39759 0.00233297 1 1
CSI_0710_R 23.6994 0.0462061 0.426112 0.032723 1 0
CSI_0710_L 38.021 0.00901733 0.625977 0.107418 1 0
CSI_0711_R 24.3342 0.0165045 0.163729 0.0161076 1 -1
CSI_0711_L 40.1414 0.0395601 0.594482 0.0826245 1 0
CSI_0712_R 19.3392 0.0115337 0.134434 0.00950367 5 0
CSI_0712_L 35.0664 0.00411886 0.339373 0.00979891 1 1
CSI_0713_R 20.2765 0.0176126 0.228197 0.00741255 1 0
CSI_0713_L 36.8089 0.384063 0.55692 0.54881 1 0
CSI_0714_R 17.812 0.0376982 0.505618 0.0505223 1 0
CSI_0714_L 32.8763 0.340161 0.576417 0.762984 1 0
CSI_0715_R 20.3409 0.0123946 0.138665 0.0106492 1 -1
CSI_0715_L 36.0955 0.028818 0.59816 0.0889522 1 0
CSI_0716_R 18.7124 0.0333444 0.2995 0.0173759 1 0
CSI_0716_L 34.9087 0.00671996 0.319474 0.011509 1 1
CSI_0719_R 16.7192 0.0363339 0.324168 0.0209691 1 0
CSI_0719_L 30.8971 0.316336 0.578286 0.847095 1 0
CSI_0720_R 18.3248 0.0101403 0.13135 0.00747215 1 -1
CSI_0720_L 32.6169 0.007312 0.307626 0.00277586 1 1
CSI_0721_R 11.2413 0.0405341 0.459246 0.0385101 1 0
CSI_0721_L 24.7178 0.0459862 0.454874 0.0370187 1 0
CSI_0722_R 14.66 0.00961868 0.123024 0.00753497 100 0
CSI_0722_L 27.7026 0.0477783 0.450709 0.0361713 1 0
CSI_0723_R 12.3635 0.00588998 0.0882446 0.00373237 6 0
CSI_0723_L 27.1978 0.0411246 0.521014 0.0539827 1 0
CSI_0724_R 14.6499 0.00742954 0.104834 0.00530799 15 0
CSI_0724_L 28.2053 0.00595597 0.338129 0.00471203 1 1
CSI_0801_R 25.709 0.0467375 0.449364 0.0360445 1 0
CSI_0801_L 35.7844 0.487329 0.539055 0.594685 1 0
CSI_0802_R 28.3237 0.0165065 0.19136 0.00701211 1 0
CSI_0802_L 38.4964 0.00422264 0.373686 0.00162154 1 1
CSI_0803_R 31.6937 0.0299297 0.263446 0.0129325 1 0
CSI_0803_L 43.0875 0.0293577 0.62868 0.103704 1 0
CSI_0804_R 33.3207 0.0291665 0.227507 0.0367292 1 -1
CSI_0804_L 43.0813 0.0277058 0.630735 0.10539 1 0
CSI_0805_R 30.2371 0.0331939 0.298658 0.0110832 1 0
CSI_0805_L 41.2462 0.050898 0.539771 0.0556739 1 0
CSI_0806_R 29.3205 0.0228845 0.201173 0.0254302 1 -1
CSI_0806_L 40.033 0.0127376 0.631355 0.109692 1 0
CSI_0807_R 30.3162 0.977154 0.438943 0.647367 1 0
CSI_0807_L 41.7528 0.663727 0.542945 0.704618 1 0
CSI_0808_R 32.7925 0.560379 0.533529 0.695753 1 0
CSI_0808_L 42.7585 0.603878 0.550773 0.668824 1 0
CSI_0809_R 28.3215 0.0215198 0.194455 0.0232724 1.99933 0
CSI_0809_L 39.1976 0.0462042 0.560959 0.0653496 1 0
CSI_0810_R 30.3049 0.835083 0.350422 0.462743 1 0
CSI_0810_L 39.3506 0.00522409 0.343513 0.00237173 1 1
CSI_0811_R 29.3205 0.0228845 0.201173 0.0254302 1 -1
CSI_0811_L 39.1284 0.0368074 0.596356 0.0848026 1 0
CSI_0812_R 29.9057 0.307268 0.578381 0.893082 1 0
CSI_0812_L 39.8202 0.414536 0.574701 0.645784 1 0
CSI_0813_R 26.3282 0.0189 0.178503 0.0194293 1 -1
CSI_0813_L 35.0246 0.0096671 0.614216 0.101376 1 0
CSI_0814_R 26.9638 0.273533 0.586492 2.67851 1 0
CSI_0814_L 37.1337 0.0369035 0.586374 0.080304 1 0
CSI_0815_R 24.2978 0.0196677 0.225118 0.00766818 1 0
CSI_0815_L 34.7981 0.452694 0.543564 0.59477 1 0
CSI_0816_R 26.0596 0.0177431 0.578046 0.083087 1 0
CSI_0816_L 38.1606 0.0415128 0.577389 0.0742538 1 0
CSI_0817_R 24.3044 0.0182896 0.214073 0.00686562 1 0
CSI_0817_L 36.0116 0.00661942 0.620194 0.104699 1 0
CSI_0818_R 25.698 0.0320299 0.277008 0.0147266 1 0
CSI_0818_L 36.0946 0.0286144 0.598476 0.0891732 1 0
CSI_0819_R 22.9267 0.324025 0.566458 1.13151 1 0
CSI_0819_L 32.7126 0.0492981 0.480112 0.0411258 1 0
CSI_0820_R 23.3317 0.0154534 0.159491 0.0144603 1 -1
CSI_0820_L 34.1465 0.0377227 0.569802 0.0729359 1 0
CSI_0821_R 19.3401 0.0114721 0.13366 0.00944835 2 0
CSI_0821_L 31.0584 0.0183137 0.592899 0.0896299 1 0
CSI_0822_R 17.1739 0.0360617 0.511698 0.052855 1 0
CSI_0822_L 26.7876 0.651389 0.512293 0.750592 1 0
CSI_0823_R 19.3404 0.0114521 0.133414 0.00942887 1 -1
CSI_0823_L 30.1596 0.0380391 0.55043 0.0652553 1 0
CSI_0824_R 19.8248 0.586938 0.51662 0.818667 1 0
CSI_0824_L 28.1539 0.0365885 0.547372 0.0647177 1 0
CSI_0901_R 26.3282 0.0189 0.178503 0.0194293 1 -1
CSI_0901_L 32.9583 0.367944 0.603547 2.93107 1 0
CSI_0902_R 28.3215 0.0215151 0.194335 0.0232037 1 -1
CSI_0902_L 36.9047 0.289742 0.601675 0.872526 1 0
CSI_0903_R 31.3204 0.0258742 0.214203 0.0306034 1 -1
CSI_0903_L 39.1485 0.040236 0.587157 0.0790481 1 0
CSI_0904_R 32.3245 0.0273563 0.217984 0.0337179 1 -1
CSI_0904_L 39.1186 0.0053737 0.338578 0.00735733 1 1
CSI_0905_R 30.3204 0.0243534 0.207655 0.027916 1 -1
CSI_0905_L 37.855 0.357891 0.584684 0.700133 1 0
CSI_0906_R 30.7178 0.0482147 0.476704 0.0406712 1 0
CSI_0906_L 36.9492 0.017407 0.615408 0.100619 1 0
CSI_0907_R 31.3204 0.0258742 0.214203 0.0306034 1 -1
CSI_0907_L 39.8065 0.442369 0.567029 0.63207 1 0
CSI_0908_R 23.3317 0.0154534 0.159491 0.0144603 1 -1
CSI_0908_L 0.5 386.61 1 1.36241 9.19786e-17 -2
CSI_0909_R 31.3204 0.0258742 0.214203 0.0306034 1 -1
CSI_0909_L 38.7147 0.00357859 0.444078 0.0023111 1 1
CSI_0910_R 33.2874 0.0348366 0.309204 0.0108674 1 0
CSI_0910_L 41.543 0.00377286 0.420955 0.00170557 1 1
CSI_0911_R 30.312 0.0242533 0.23567 0.00934341 1 0
CSI_0911_L 37.3453 0.011143 0.28648 0.00449585 1 1
CSI_0912_R 29.7008 0.0413224 0.331928 0.0229216 1 0
CSI_0912_L 37.1758 0.00405361 0.376596 0.00389814 1 1
CSI_0913_R 27.2928 0.0411698 0.362385 0.0254627 1 0
CSI_0913_L 33.2136 0.0447412 0.53002 0.0553706 1 0
CSI_0914_R 27.3228 0.0201971 0.187496 0.0211495 1 -1
CSI_0914_L 36.6782 0.0528301 0.468116 0.0383876 1 0
CSI_0915_R 27.3228 0.0201971 0.187496 0.0211495 1 -1
CSI_0915_L 35.1984 0.0124567 0.296036 0.00921826 1 1
CSI_0916_R 17.2736 0.0250399 0.269883 0.0123786 1 0
CSI_0916_L 0.5 386.61 1 1.36241 9.19786e-17 -2
CSI_0917_R 25.3302 0.017691 0.171633 0.0176773 1 -1
CSI_0917_L 33.0697 0.0216551 0.596177 0.0903104 1 0
CSI_0918_R 23.9871 0.0801541 0.583194 2.80672 1 0
CSI_0918_L 30.8338 0.010862 0.302789 0.00980719 1 1
CSI_0919_R 24.306 0.81709 0.410953 0.529338 1 0
CSI_0919_L 30.2107 0.0433008 0.522207 0.053525 1 0
CSI_0920_R 23.7107 0.199168 0.239337 0.0821672 1 0
CSI_0920_L 31.1656 0.0391634 0.550399 0.0647655 1 0
CSI_0921_R 22.2848 0.0248771 0.259336 0.0113798 1 0
CSI_0921_L 28.9826 0.102083 0.596007 2.90006 1 0
CSI_0922_R 21.3273 0.0132878 0.149653 0.0113569 1 -1
CSI_0922_L 26.3088 0.958852 0.425701 0.630007 1 0
CSI_0923_R 18.3248 0.0101403 0.13135 0.00747215 1 -1
CSI_0923_L 24.7014 0.0433921 0.387765 0.0281581 1 0
CSI_0924_R 19.3404 0.0114521 0.133414 0.00942887 1 -1
CSI_0924_L 26.1696 0.037908 0.533832 0.0593849 1 0
CSI_1001_R 23.7248 0.0346741 0.321829 0.020277 1 0
CSI_1001_L 36.0561 0.0057797 0.315416 0.0158153 1 1
CSI_1002_R 32.6968 0.0400566 0.31649 0.0209145 1 0
CSI_1002_L 44.7592 0.576707 0.559998 0.652911 1 0
CSI_1003_R 31.3204 0.0258742 0.214203 0.0306034 1 -1
CSI_1003_L 42.1271 0.0031251 0.424639 0.00375357 1 1
CSI_1004_R 32.3245 0.0273563 0.217984 0.0337179 1 -1
CSI_1004_L 42.131 0.00339539 0.394315 0.00422129 1 1
CSI_1005_R 31.3204 0.0258742 0.214203 0.0306034 1 -1
CSI_1005_L 40.5933 0.00377987 0.4182 0.00179177 1 1
CSI_1006_R 33.361 0.0253752 0.205449 0.00894204 1 0
CSI_1006_L 44.9296 0.00695264 0.312115 0.0151361 1 1
CSI_1007_R 32.3019 0.0496987 0.464334 0.0381783 1 0
CSI_1007_L 40.6282 0.0036542 0.454808 0.00200053 1 1
CSI_1008_R 31.3114 0.0251184 0.239607 0.00981976 1 0
CSI_1008_L 41.9441 0.543927 0.633808 3.26713 1 0
CSI_1009_R 29.3189 0.702973 0.427889 0.460488 1 0
CSI_1009_L 41.0227 0.00984545 0.637536 0.113401 1 0
CSI_1010_R 30.3204 0.0243534 0.207655 0.027916 1 -1
CSI_1010_L 41.1725 0.0445711 0.582926 0.0749628 1 0
CSI_1011_R 31.2938 7538.08 0.269475 1.90391 3.59084 0
CSI_1011_L 42.4534 0.00378525 0.507865 0.00220219 1 1
CSI_1012_R 30.3201 0.0195893 0.210399 0.00712073 1 0
CSI_1012_L 41.0885 0.0288751 0.619942 0.0994434 1 0
CSI_1013_R 26.3282 0.0189 0.178503 0.0194293 1 -1
CSI_1013_L 39.5582 0.00485442 0.346576 0.0017888 1 1
CSI_1014_R 25.0956 0.0257979 0.564055 0.0750608 1 0
CSI_1014_L 35.89 0.00347636 0.510433 0.00360033 1 1
CSI_1015_R 28.1752 0.0391945 0.536412 0.0597644 1 0
CSI_1015_L 39.1061 0.0322798 0.605562 0.091079 1 0
CSI_1016_R 23.3317 0.0154534 0.159491 0.0144603 1 -1
CSI_1016_L 36.8193 0.00364652 0.397679 0.00341886 1 1
CSI_1017_R 28.304 0.00160302 0.27645 0.00177003 1 0
CSI_1017_L 38.2757 0.0509535 0.508388 0.046906 1 0
CSI_1018_R 25.3302 0.017691 0.171633 0.0176773 1 -1
CSI_1018_L 35.1125 0.00803358 0.314592 0.0110676 1 1
CSI_1019_R 26.3282 0.0189 0.178503 0.0194293 1 -1
CSI_1019_L 37.9643 0.264538 0.622815 2.85948 1 0
CSI_1020_R 23.7362 0.0447365 0.468317 0.0396516 1 0
CSI_1020_L 32.7016 0.0498628 0.471009 0.039313 1 0
CSI_1021_R 20.9764 0.165891 0.574303 2.68667 1 0
CSI_1021_L 33.5627 0.0112653 0.273223 0.00335343 1 1
CSI_1022_R 19.3404 0.0114521 0.133414 0.00942887 1 -1
CSI_1022_L 32.6917 0.0324069 0.272199 0.0143518 1 0
CSI_1023_R 18.3248 0.0101403 0.13135 0.00747215 1 -1
CSI_1023_L 29.2131 0.0431211 0.517746 0.0522505 1 0
CSI_1024_R 20.3409 0.0123946 0.138665 0.0106492 1 -1
CSI_1024_L 31.6796 0.046858 0.378606 0.0276782 1 0
CSI_1101_R 18.3248 0.0101403 0.13135 0.00747215 1 -1
CSI_1101_L 33.9949 0.00549841 0.614132 0.101739 1 0
CSI_1102_R 24.1635 0.0365842 0.531881 0.0592171 1 0
CSI_1102_L 40.7863 0.476368 0.559223 0.608673 1 0
CSI_1103_R 27.3061 0.716076 0.386871 0.440481 1 0
CSI_1103_L 43.9212 0.257551 0.635582 0.983246 1 0
CSI_1104_R 27.3228 0.0201971 0.187496 0.0211495 1 -1
CSI_1104_L 44.1508 0.0431804 0.606768 0.0863369 1 0
CSI_1105_R 21.3058 0.0129736 0.175404 0.00727201 1 0
CSI_1105_L 37.0442 0.00470631 0.318191 0.0162219 1 1
CSI_1106_R 25.0655 0.0190188 0.573788 0.0809574 1 0
CSI_1106_L 39.183 0.0447311 0.569249 0.0693037 1 0
CSI_1107_R 24.7213 0.0379863 0.348604 0.0237442 1 0
CSI_1107_L 40.7134 0.0529644 0.51304 0.0473477 1 0
CSI_1108_R 25.3302 0.017691 0.171633 0.0176773 1 -1
CSI_1108_L 41.0652 0.00659551 0.313293 0.0155189 1 1
CSI_1109_R 21.3273 0.0132878 0.149653 0.0113569 1 -1
CSI_1109_L 36.4381 0.00384568 0.408449 0.00170421 1 1
CSI_1110_R 24.3345 0.0165288 0.163754 0.016169 3 0
CSI_1110_L 39.8428 0.00527666 0.345469 0.00552666 1 1
CSI_1111_R 21.2761 0.00981931 0.261582 0.00448915 1 0
CSI_1111_L 36.1782 0.00473014 0.357794 0.00443721 1 1
CSI_1112_R 23.3317 0.0154534 0.159491 0.0144603 1 -1
CSI_1112_L 38.1991 0.00355086 0.411884 0.0030465 1 1
CSI_1113_R 18.325 0.0102411 0.131942 0.007596 4 0
CSI_1113_L 33.0286 0.010503 0.606533 0.0974944 1 0
CSI_1114_R 18.7327 0.0348375 0.335104 0.0218312 1 0
CSI_1114_L 33.3207 0.0291665 0.227507 0.0367292 1 -1
CSI_1115_R 17.9697 0.00960149 0.566952 0.0796465 1 0
CSI_1115_L 34.0256 0.00982485 0.610524 0.0995306 1 0
CSI_1116_R 16.2657 0.0343368 0.333592 0.0215465 1 0
CSI_1116_L 31.8159 0.460799 0.543562 0.659782 1 0
CSI_1117_R 16.2269 0.0404613 0.477778 0.0425061 1 0
CSI_1117_L 33.2117 0.0445931 0.531131 0.0557852 1 0
CSI_1118_R 18.1157 0.0281902 0.540977 0.0653168 1 0
CSI_1118_L 34.8724 0.3394 0.581576 0.746418 1 0
CSI_1119_R 17.3482 0.0097128 0.119748 0.00753675 2 0
CSI_1119_L 35.2183 0.0044739 0.367595 0.00345879 1 1
CSI_1120_R 14.2852 0.042156 0.403741 0.0298161 1 0
CSI_1120_L 31.6734 0.0507709 0.43378 0.03369 1 0
CSI_1121_R 13.3597 0.00649068 0.0939578 0.00425785 1 -1
CSI_1121_L 31.7973 0.64857 0.533066 0.811753 1 0
CSI_1122_R 11.3837 0.00518805 0.0764735 0.00333685 1 -1
CSI_1122_L 29.2995 0.0403849 0.323364 0.021804 1 0
CSI_1123_R 10.3904 0.00459906 0.0698835 0.00286583 1 -1
CSI_1123_L 26.7286 0.0461457 0.471448 0.0400233 1 0
CSI_1124_R 10.3904 0.00459906 0.0698835 0.00286583 1 -1
CSI_1124_L 28.1823 0.0399575 0.532578 0.058159 1 0
CSI_1201_R 26.8084 0.533715 0.524479 0.703499 1 0
CSI_1201_L 43.0129 0.00751168 0.647735 0.119226 1 0
CSI_1202_R 32.3012 0.0342122 0.265164 0.0149169 1 0
CSI_1202_L 51.9275 0.00712451 0.311622 0.0150496 1 1
CSI_1203_R 33.2965 0.0498247 0.473194 0.0397141 1 0
CSI_1203_L 47.6766 0.00367832 0.428995 0.00210732 1 1
CSI_1204_R 34.7488 0.88454 0.513177 0.851916 1 0
CSI_1204_L 50.8168 0.00430899 0.369208 0.00396805 1 1
CSI_1205_R 28.3215 0.0215198 0.194455 0.0232724 1.99933 0
CSI_1205_L 43.2054 0.0491215 0.572763 0.0682649 1 0
CSI_1206_R 36.3236 0.0347433 0.247003 0.0483686 1 -1
CSI_1206_L 53.2536 0.0592207 0.590855 0.068841 1 0
CSI_1207_R 32.3245 0.0273563 0.217984 0.0337179 1 -1
CSI_1207_L 46.9317 0.240176 0.652316 1.07511 1 0
CSI_1208_R 31.2309 0.0451979 0.51291 0.0501013 1 0
CSI_1208_L 46.1961 0.00343355 0.426644 0.00297188 1 1
CSI_1209_R 29.3205 0.0228845 0.201173 0.0254302 1 -1
CSI_1209_L 42.7522 0.0058169 0.339344 0.00379514 1 1
CSI_1210_R 33.3207 0.0291665 0.227507 0.0367292 1 -1
CSI_1210_L 48.9494 0.00522724 0.316687 0.0158224 1 1
CSI_1211_R 33.3207 0.0291665 0.227507 0.0367292 1 -1
CSI_1211_L 50.3943 0.00382444 0.52181 0.0023929 1 1
CSI_1212_R 31.3204 0.0258742 0.214203 0.0306034 1 -1
CSI_1212_L 47.1581 0.0460912 0.616761 0.0893864 1 0
CSI_1213_R 25.0876 0.0240945 0.56686 0.0767208 1 0
CSI_1213_L 39.1458 0.0398024 0.58847 0.0798372 1 0
CSI_1214_R 24.7124 0.00778032 0.239886 0.00336711 1 0
CSI_1214_L 39.7517 0.00458624 0.365317 0.0031037 1 1
CSI_1215_R 28.7114 0.0335091 0.299187 0.0173823 1 0
CSI_1215_L 43.8944 0.295711 0.626123 0.842476 1 0
CSI_1216_R 26.7088 0.230594 0.244229 0.0963788 1 0
CSI_1216_L 41.4468 0.00393658 0.397418 0.001674 1 1
CSI_1217_R 26.3282 0.0189 0.178503 0.0194293 1 -1
CSI_1217_L 41.2042 0.0036738 0.402459 0.00308251 1 1
CSI_1218_R 28.6793 0.048521 0.413058 0.0312265 1 0
CSI_1218_L 40.3337 0.00432619 0.373815 0.00219136 1 1
CSI_1219_R 25.3208 0.0154601 0.186284 0.00719114 1 0
CSI_1219_L 39.2031 0.0466989 0.557784 0.0639178 1 0
CSI_1220_R 27.3228 0.0201971 0.187496 0.0211495 1 -1
CSI_1220_L 44.1826 0.0474606 0.590115 0.0763715 1 0
CSI_1221_R 22.3294 0.0143788 0.154776 0.0128691 1 -1
CSI_1221_L 36.7721 0.557643 0.535175 0.636397 1 0
CSI_1222_R 21.2915 4333.08 0.219611 1.44244 23.3949 0
CSI_1222_L 35.3126 0.0366472 0.286696 0.0168332 1 0
CSI_1223_R 21.1139 0.0284585 0.547681 0.0677539 1 0
CSI_1223_L 35.7481 0.770085 0.516351 0.755269 1 0
CSI_1224_R 16.9692 0.00966861 0.565039 0.078832 1 0
CSI_1224_L 30.9203 0.00600557 0.322215 0.0118214 1 1
CSI_1301_R 56.9341 0.238686 0.703803 1.18973 1 0
CSI_1301_L 199.225 0.567405 0.848799 0.196477 1 0
CSI_1302_R 27.318 0.0165015 0.195389 0.00658583 1 0
CSI_1302_L 43.0476 0.0177834 0.640408 0.113498 1 0
CSI_1303_R 22.7088 0.0363519 0.311307 0.0194355 1 0
CSI_1303_L 37.4735 0.0056646 0.323715 0.00187061 1 1
CSI_1304_R 31.3204 0.0258742 0.214203 0.0306034 1 -1
CSI_1304_L 46.1619 0.00715085 0.324655 0.00700882 1 1
CSI_1305_R 30.3037 0.0412097 0.322715 0.0218955 1 0
CSI_1305_L 44.1686 0.00343459 0.410708 0.00339769 1 1
CSI_1306_R 24.3342 0.0165045 0.163729 0.0161076 1 -1
CSI_1306_L 38.8516 0.361846 0.586909 0.694819 1 0
CSI_1307_R 30.1468 0.0362775 0.556667 0.0683518 1 0
CSI_1307_L 44.8263 0.396215 0.599017 0.666092 1 0
CSI_1308_R 27.6964 0.166003 0.222537 0.0607886 1 0
CSI_1308_L 42.6424 0.0048438 0.353162 0.00219792 1 1
CSI_1309_R 24.3166 0.0154214 0.189256 0.00671128 1 0
CSI_1309_L 40.3918 0.00397729 0.394223 0.00182057 1 1
CSI_1310_R 30.268 0.0417887 0.313379 0.0109596 1 0
CSI_1310_L 44.8259 0.396814 0.598806 0.665394 1 0
CSI_1311_R 29.3304 0.0169238 0.189033 0.00760961 1 0
CSI_1311_L 44.1939 0.00625133 0.334345 0.00520473 1 1
CSI_1312_R 24.3342 0.0165045 0.163729 0.0161076 1 -1
CSI_1312_L 39.9749 0.179145 0.632905 2.93353 1 0
CSI_1313_R 20.3409 0.0123946 0.138665 0.0106492 1 -1
CSI_1313_L 4.44371 0.00142348 0.0278315 0.00068109 1 -1
CSI_1314_R 26.7091 0.00233612 0.314338 0.00160366 1 0
CSI_1314_L 41.9536 0.376668 0.636284 2.95324 1 0
CSI_1315_R 17.7211 0.243805 0.237922 0.103348 1 0
CSI_1315_L 34.322 0.0223236 0.261309 0.00897576 1 1
CSI_1316_R 30.3204 0.0243534 0.207655 0.027916 1 -1
CSI_1316_L 45.2678 0.0543483 0.543129 0.055013 1 0
CSI_1317_R 25.3024 0.00144469 0.281454 0.00181466 1 0
CSI_1317_L 41.0354 0.0136291 0.634883 0.111401 1 0
CSI_1318_R 18.3248 0.0101403 0.13135 0.00747215 1 -1
CSI_1318_L 33.691 0.0425721 0.324439 0.0223549 1 0
CSI_1319_R 29.2294 0.031531 0.295249 0.0115138 1 0
CSI_1319_L 45.8392 0.375499 0.610294 0.693579 1 0
CSI_1320_R 25.7168 0.22382 0.239066 0.0941473 1 0
CSI_1320_L 40.6332 0.00365881 0.447438 0.00198612 1 1
CSI_1321_R 19.2924 0.043109 0.400539 0.0295052 1 0
CSI_1321_L 34.2221 0.0458265 0.528194 0.0543475 1 0
CSI_1322_R 0.5 386.61 1 1.36241 9.19786e-17 -2
CSI_1322_L 0.5 386.61 1 1.36241 9.19786e-17 -2
CSI_1323_R 24.3342 0.0165045 0.163729 0.0161076 1 -1
CSI_1323_L 38.8939 0.00986017 0.304142 0.0140081 1 1
CSI_1324_R 18.6588 0.0108839 0.130268 0.0090861 18.9999 0
CSI_1324_L 33.5347 0.00787618 0.293235 0.00237408 1 1
CSI_1401_R 16.3566 0.0088713 0.11121 0.00676106 1 -1
CSI_1401_L 40.1911 0.0460965 0.568654 0.0683461 1 0
CSI_1402_R 19.3404 0.0114521 0.133414 0.00942887 1 -1
CSI_1402_L 39.8466 0.369767 0.588409 0.689014 1 0
CSI_1403_R 19.3404 0.0114521 0.133414 0.00942887 1 -1
CSI_1403_L 42.4402 0.00372608 0.432084 0.00176371 1 1
CSI_1404_R 21.3273 0.0132878 0.149653 0.0113569 1 -1
CSI_1404_L 43.652 0.0575045 0.48067 0.0396829 1 0
CSI_1405_R 20.2904 2208.31 0.216011 1.2196 52.6124 0
CSI_1405_L 44.0794 0.00353187 0.359891 0.00705025 1 1
CSI_1406_R 20.7185 0.115875 0.20753 0.0427326 1 0
CSI_1406_L 42.5612 0.00368492 0.455768 0.00186847 1 1
CSI_1407_R 23.3317 0.0154534 0.159491 0.0144603 1 -1
CSI_1407_L 48.2088 0.0526261 0.593429 0.074538 1 0
CSI_1408_R 21.7047 0.0433491 0.396646 0.02909 1 0
CSI_1408_L 44.8945 0.00417486 0.355121 0.00647544 1 1
CSI_1409_R 19.3404 0.0114521 0.133414 0.00942887 1 -1
CSI_1409_L 43.3134 0.00397644 0.393958 0.00221403 1 1
CSI_1410_R 16.734 0.00221872 0.326595 0.00153838 1 0
CSI_1410_L 39.5015 0.00400972 0.389798 0.00162016 1 1
CSI_1411_R 18.7182 0.0342664 0.31132 0.0189324 1 0
CSI_1411_L 42.1219 0.00367698 0.375767 0.0049591 1 1
CSI_1412_R 17.789 0.0396993 0.491848 0.0461452 1 0
CSI_1412_L 40.1172 0.0350636 0.605011 0.0896143 1 0
CSI_1413_R 18.738 0.0432157 0.456208 0.0375728 1 0
CSI_1413_L 41.5809 0.00370385 0.438005 0.00182143 1 1
CSI_1414_R 17.3483 0.00969004 0.119564 0.00750992 1 -1
CSI_1414_L 40.7642 0.59199 0.545872 0.665255 1 0
CSI_1415_R 18.8142 0.673449 0.508779 0.86413 1 0
CSI_1415_L 41.7837 0.504168 0.561785 0.638054 1 0
CSI_1416_R 15.6589 0.0108201 0.129955 0.00900246 117 0
CSI_1416_L 37.8621 0.012216 0.297379 0.0130917 1 1
CSI_1501_R 19.2679 0.0351414 0.33693 0.0220904 1 0
CSI_1501_L 42.0439 0.016431 0.637063 0.112008 1 0
CSI_1502_R 29.9198 0.285938 0.583165 0.973865 1 0
CSI_1502_L 45.7998 0.00358164 0.409154 0.00305961 1 1
CSI_1503_R 17.7267 0.0352316 0.327761 0.0211218 1 0
CSI_1503_L 39.7487 0.755166 0.532154 0.766519 1 0
CSI_1504_R 33.6923 0.0410914 0.316383 0.0211349 1 0
CSI_1504_L 50.1722 0.00330402 0.45836 0.00306986 1 1
CSI_1505_R 17.348 0.00975906 0.120119 0.00759046 4 0
CSI_1505_L 38.787 0.459284 0.55177 0.581965 1 0
CSI_1506_R 36.7569 0.621365 0.525677 0.651409 1 0
CSI_1506_L 53.3175 0.00363639 0.485736 0.0023229 1 1
CSI_1507_R 17.2253 0.0405586 0.480716 0.0431712 1 0
CSI_1507_L 39.2127 0.0474983 0.552159 0.0614868 1 0
CSI_1508_R 35.322 0.0328538 0.240813 0.0441204 1 -1
CSI_1508_L 52.0567 0.0233679 0.680221 0.134808 1 0
CSI_1509_R 13.3597 0.00649068 0.0939578 0.00425785 1 -1
CSI_1509_L 35.4158 0.00545628 0.332129 0.00202732 1 1
CSI_1510_R 33.2949 0.0335088 0.266346 0.0148548 1 0
CSI_1510_L 49.7688 0.501713 0.589372 0.625546 1 0
CSI_1511_R 13.3597 0.00649068 0.0939578 0.00425785 1 -1
CSI_1511_L 37.3588 0.0180773 0.263423 0.00651751 1 1
CSI_1512_R 33.693 0.0387668 0.3043 0.0192253 1 0
CSI_1512_L 48.3193 0.00442592 0.369995 0.00232834 1 1
CSI_1513_R 12.3647 0.00569491 0.0863802 0.00355628 1 -1
CSI_1513_L 33.8474 0.384269 0.566625 0.691461 1 0
CSI_1514_R 36.3243 0.0357119 0.269416 0.0148928 1 0
CSI_1514_L 53.207 0.0561889 0.619618 0.0838222 1 0
CSI_1515_R 11.3837 0.00518805 0.0764735 0.00333685 1 -1
CSI_1515_L 32.7701 0.719536 0.519918 0.776485 1 0
CSI_1516_R 36.6496 0.0528172 0.387132 0.0291669 1 0
CSI_1516_L 54.8375 0.00622748 0.333433 0.00618835 1 1
CSI_1601_R 34.322 0.444603 0.357393 0.244545 1 0
CSI_1601_L 51.0257 0.0123042 0.682459 0.138855 1 0
CSI_1602_R 37.3263 0.0367709 0.25245 0.0531507 1 -1
CSI_1602_L 53.5558 0.00458995 0.356238 0.00173407 1 1
CSI_1603_R 37.3673 0.0400221 0.240435 0.013372 1 0
CSI_1603_L 53.8218 0.0069231 0.326988 0.00618986 1 1
CSI_1604_R 36.6797 0.0392803 0.289664 0.0177935 1 0
CSI_1604_L 51.2276 0.0562993 0.597405 0.0736913 1 0
CSI_1605_R 32.3245 0.0273563 0.217984 0.0337179 1 -1
CSI_1605_L 50.2634 0.0572964 0.568563 0.0617245 1 0
CSI_1606_R 33.89 0.317058 0.585413 0.809328 1 0
CSI_1606_L 51.5652 0.00387729 0.404323 0.00170421 1 1
CSI_1607_R 33.3372 0.0241419 0.217868 0.00839681 1 0
CSI_1607_L 49.7078 0.00685031 0.322912 0.0036319 1 1
CSI_1608_R 31.3017 0.0422755 0.346219 0.0242553 1 0
CSI_1608_L 48.207 0.052441 0.594265 0.0750187 1 0
CSI_1701_R 29.6972 0.0430954 0.364956 0.0259651 1 0
CSI_1701_L 47.4261 0.00428345 0.371782 0.0017387 1 1
CSI_1702_R 33.3112 0.560993 0.334042 0.296434 1 0
CSI_1702_L 49.9176 0.00324865 0.489742 0.00384389 1 1
CSI_1703_R 30.3127 0.0240009 0.234183 0.00918537 1 0
CSI_1703_L 48.1222 0.00334659 0.392713 0.00441745 1 1
CSI_1704_R 29.8512 0.394403 0.555565 0.711212 1 0
CSI_1704_L 45.8213 0.403051 0.60078 0.66093 1 0
CSI_1705_R 23.3317 0.0154534 0.159491 0.0144603 1 -1
CSI_1705_L 41.3528 0.461057 0.461248 0.29901 1 0
CSI_1706_R 25.3302 0.017691 0.171633 0.0176773 1 -1
CSI_1706_L 43.4547 0.00947846 0.281324 0.00279294 1 1
CSI_1707_R 25.3345 0.959344 0.309345 0.421653 1 0
CSI_1707_L 42.9133 0.269785 0.628642 0.930638 1 0
CSI_1708_R 21.7222 0.0363573 0.328549 0.0215006 1 0
CSI_1708_L 38.3139 1.0111 0.480277 0.736886 1 0
